1818
17698 182 638 2522 -1
5100 297 -1 9 -1 245 -1 77 -1 9 245 -1
33375 14 1236 -1 1242 -1
15020 481 -1 101 -1 145 264 521 -1 9 -1 342 -1
311 21 2379 -1 182 -1
9263 156 -1 745 -1
27618 2903 -1
24119 9 -1 256 292 423 -1 1367 -1 7652 -1 57 -1 8771 -1
14869 2621 -1
4152 2292 -1 201 433 -1
34636 3 30 103 633 -1
29131 60 -1
11933 706 -1 254 -1 3103 -1
25752 333 706 -1 745 -1 2440 -1 246 -1 7 9 9 4097 -1 4328 -1 14 21 45 -1 9 -1 2367 -1 22 45 7489 -1 145 638 5193 -1 7 145 304 638 1248 -1 9 -1 632 -1
9449 1039 -1
484 21 112 235 -1
7069 638 -1 32 639 -1 58 4524 -1 112 2060 -1
22893 333 -1 0 383 -1 404 961 -1 470 -1 89 -1 1113 2054 -1
2614 9 9 45 1147 -1 1503 -1
13503 333 -1 706 7337 -1 0 3103 -1 62 120 383 -1 232 1028 -1 72 162 432 1190 -1 104 -1 71 -1 14 112 -1
30162 333 333 -1 1020 -1
6477 1028 -1
10478 30 -1 745 2397 -1 2475 -1 37 404 1351 -1 481 3942 -1 60 745 2475 4278 -1
25180 37 -1 235 404 711 -1
20304 1232 -1
1062 9 -1 836 -1 45 232 3037 -1 1190 -1 30 2576 -1
11159 1363 -1 839 -1 30 77 2619 2621 -1 9 -1 839 2620 -1 2576 -1
4195 333 2440 2495 -1 58 5214 -1
16555 115 3855 -1
92 15 -1
2495 333 333 -1 145 211 2246 3309 -1 9 45 351 2271 -1
9208 45 351 2976 -1 60 -1 320 788 -1
30494 120 12112 -1 30 267 765 -1 638 -1 14 589 -1 1493 -1
5208 706 -1 423 531 -1
34497 706 -1 2 23 211 543 831 -1 120 -1 3070 -1 7 9 14 30 257 361 -1 749 1557 -1 211 -1 2 7 9 -1 99 333 1278 -1
27416 120 -1 1131 -1
724 7 404 2367 -1 711 765 -1
23533 51 -1 45 120 -1
10199 30 5539 -1 671 983 -1 9 215 4931 -1 54 154 -1 30 1028 -1 9 54 -1 45 154 369 2903 -1
22110 30 -1 9 395 6239 -1 45 -1 9 30 113 885 -1
11415 7 -1 3651 -1 7 -1 62 -1
26171 30 229 7161 -1
4444 711 -1
32501 182 -1 120 -1 3920 -1
20713 433 -1
28301 19 -1 11443 -1 45 481 7959 -1
24199 23 254 -1
10967 145 688 -1 120 1247 -1 706 -1 394 -1 3631 -1 745 1424 -1 7705 -1
25118 9 852 -1
20096 13 -1 14 688 -1 145 -1 711 -1 2630 -1 115 3006 -1 156 -1 21 -1 745 -1 14 2482 -1 37 831 2625 -1
1303 21 45 -1 22 77 -1 154 177 -1
26423 120 -1 53 145 1131 -1
8274 61 556 -1
25500 21 385 -1 77 4096 -1 40 -1 434 716 -1 9 -1 30 45 2415 2417 -1 9 5343 -1 30 30 126 2903 4096 10764 -1
8306 9 333 706 -1
22725 333 -1 9 195 304 383 -1 60 1028 1615 2396 -1 127 -1 9 30 1305 3475 -1 60 256 -1 1310 -1
16706 120 999 1459 1780 -1 30 4755 9515 -1 45 110 1738 3551 -1
15794 333 -1 58 172 1148 7302 -1 22 -1
6325 748 846 -1
16822 333 -1 3107 -1
4233 1028 -1
14331 333 -1 254 4020 -1
8280 6876 -1 374 6877 -1 404 -1 21 254 2465 -1 558 3907 -1 9 145 671 -1 6872 -1 976 -1 101 -1 1713 -1
35046 948 -1
1070 9 173 -1 150 3373 -1 1188 1367 -1 30 -1
22961 11 21 57 -1 126 11234 -1 7 57 520 -1
14685 211 -1 30 218 -1 124 4493 -1 800 -1 426 -1 1950 -1
16458 639 2346 -1 566 -1 45 898 -1
15036 297 333 2351 -1 197 423 -1 2 -1 235 542 -1 9 -1 323 -1 2010 -1 7 638 -1 0 296 -1 30 45 351 1028 -1 9 -1 30 4097 -1 9 4328 -1 3 -1 58 -1 2902 -1 186 -1 127 -1 9 1028 -1 45 -1 9 135 2739 -1 450 -1
15986 112 9606 -1 9 885 -1
3629 40 800 -1
10681 9 30 7494 -1 30 -1 211 -1 9 -1 215 2602 -1
25556 182 1170 -1 30 60 60 256 3603 -1
29336 14 30 3810 -1 30 -1 719 765 -1 1331 -1 185 3116 -1
3147 9 1713 -1 9 182 387 2996 -1
17245 1039 1493 -1 9 211 244 631 9505 -1
6712 333 2440 2495 -1 3 37 58 748 -1 1092 -1 1323 3075 -1 30 60 256 -1
809 333 333 -1 9 215 688 706 -1 145 745 1429 2480 2843 -1 51 -1 1026 -1
5045 2702 -1 30 -1 1029 -1 145 -1 9 30 45 361 897 2435 -1 21 -1 77 182 361 -1 30 -1 257 -1
21648 112 235 -1 9 71 -1 9 9 30 45 71 2366 2404 -1 1113 -1 809 -1 71 -1 9 2366 -1 9 30 800 8191 -1 71 -1 3444 -1
26555 9 -1 1028 -1 1550 -1 40 60 -1
11735 2542 -1
5118 2419 -1
9121 3 58 225 7161 -1 145 -1
7048 71 -1 42 77 639 -1 61 162 531 639 -1 14 -1 42 711 -1
30786 289 706 -1 112 433 482 -1 9 -1 37 45 90 1036 1639 -1 30 42 60 379 2702 -1 256 384 -1
15402 685 4328 -1
21239 30 4803 -1 42 361 5934 -1 404 -1 4806 -1
770 333 -1 76 -1 639 -1 73 -1 21 61 254 361 -1 1628 -1 30 120 173 -1 120 -1 3096 -1 765 -1 30 112 361 -1 9 81 433 2437 -1 9 45 -1 7 30 57 383 3097 -1 1222 -1 9 21 383 558 -1 182 509 -1 21 3046 -1 22 254 -1 23 -1 521 -1
24486 333 -1 1805 -1 685 -1 45 124 185 -1 30 -1 1725 -1 124 -1 300 -1 9 -1 9 45 1147 -1 1738 -1 30 1713 -1 37 124 -1 9 -1 1738 -1 54 433 839 -1 60 1738 -1 258 267 300 -1 211 -1 9 1092 -1
31820 15 105 -1 101 -1 668 -1
11289 333 -1
21355 9 210 333 -1 433 2549 10935 -1
25623 149 254 638 1805 -1 9 300 5859 -1 30 4794 -1 30 50 60 235 1043 7773 -1 8133 -1 9 54 225 -1 4794 -1
33863 333 -1 76 105 1123 -1 9 1583 -1
3323 745 -1
31628 50 60 292 2010 -1 127 295 -1 296 -1 3 479 639 -1 5073 -1 13 -1
19679 852 -1
19272 639 10364 -1 800 -1 9 45 1109 -1
34319 4376 -1 7 30 -1 21 49 211 218 -1 639 -1
2531 215 910 -1
238 30 -1 7 -1 509 -1 367 -1 7 -1
21852 211 -1 172 -1
961 331 -1
31360 333 706 -1 90 426 1144 -1 145 -1 120 373 -1
5661 1418 -1
29175 7 7 112 361 1015 2574 -1
18426 333 -1 0 1331 -1 45 154 -1 1191 -1 126 -1 1191 3354 -1 30 -1
25765 9 626 3113 3475 -1
4137 9 19 21 45 3556 -1 547 1057 2871 -1 21 45 51 639 1040 1312 4421 -1 61 365 -1 1086 1493 -1 122 151 -1
31249 32 1493 -1 730 -1
5130 124 -1 42 -1 1452 -1
32149 124 145 -1
2539 1124 -1 21 -1 211 -1 9 -1 9 45 383 4439 -1 1144 -1
13142 333 706 -1 9 3253 -1 45 374 -1 4193 -1
3169 2481 -1
10806 63 285 2529 -1
8484 110 -1 45 -1 9 385 -1
11733 9 45 1986 -1 2440 7964 -1 745 -1 4856 -1
23483 333 -1 2495 -1 8919 -1 9973 -1 145 3322 -1 9 30 11318 -1
9619 333 -1 688 706 3760 -1 2721 -1 14 45 2246 -1
292 9 -1 254 961 2354 -1 2365 -1
32612 76 333 -1 7 9 11 13 30 652 913 1111 -1 7 7 182 395 547 671 -1 103 -1 156 197 199 376 400 -1 2 -1 333 1485 -1
30787 537 -1
27435 30 202 299 433 -1 62 124 -1 1387 -1
5426 30 122 4551 5634 -1
34461 626 -1 71 639 -1 3 305 2478 -1 21 37 245 547 4179 -1 112 -1 22 57 -1 2 58 272 433 2992 -1 9 -1
25168 333 333 -1 9 195 304 632 -1 7 2604 -1 3057 11280 -1 58 -1 9 -1 9 285 1106 2738 6914 -1
3316 745 2484 -1 37 1112 1167 -1 30 1493 2419 -1
6862 76 -1 2246 -1 73 -1 789 -1 3 101 -1 37 2545 -1 9 385 -1 45 1049 -1 30 789 -1 101 2010 -1 9 22 627 1039 -1 2246 2859 -1 15 -1 333 -1 706 -1 2246 -1 3 265 -1
12776 9 45 619 -1 1445 -1
4149 2545 -1 433 -1 2246 -1 58 -1
2157 1367 1986 2412 -1
32295 21 112 235 333 972 -1
15170 9 145 4990 -1
35796 58 -1 23 225 369 -1 60 361 481 9734 -1
6637 2010 2246 -1 258 -1 110 -1 45 -1 30 1049 -1 481 -1 112 -1 3515 -1 9 45 122 711 1986 5655 -1 3752 -1 45 5656 -1 45 -1
14336 112 115 300 333 706 2010 -1 1445 -1 30 -1 300 4375 -1 13 30 925 3559 -1 211 -1 9 -1 21 37 77 1112 1617 -1 9 30 619 1092 -1 120 -1 305 396 -1 30 -1 120 2552 -1 162 -1 21 50 77 418 -1 60 -1 1986 -1 53 350 361 8077 -1 9 3949 -1 45 120 -1
32624 63 5027 -1
14703 2930 -1
5944 246 -1 433 -1 9 14 45 -1 3047 -1 9 45 -1 45 173 -1
27243 211 -1
10373 29 369 -1 51 -1
19442 3 103 542 711 3597 -1
19307 782 -1
4098 126 197 992 3682 -1 201 -1 433 -1
20126 21 -1 9526 -1 37 60 998 -1
15976 30 112 433 1881 -1 711 -1
20749 434 -1 112 433 8899 -1 14 -1 71 6767 -1
16580 21 211 -1
28671 305 526 -1
13746 9 45 211 405 626 638 1092 1493 -1 7 14 -1 342 -1 351 1557 -1
9234 333 706 -1 9 2934 2948 3760 -1 127 2424 2660 -1 7 745 2788 3029 -1 21 40 -1 122 1049 1557 -1
14727 54 4702 7993 -1 145 -1 211 -1 9 6940 -1 22 120 2237 3936 -1 405 -1 225 264 -1 30 -1 2930 -1 124 333 706 -1 58 5351 -1 283 -1 9 71 120 383 626 3936 -1 264 405 -1 32 283 5351 -1
34985 333 -1 9 706 -1
28293 6199 -1
21781 333 -1 4331 -1 9 -1 2 21 -1
26481 333 -1 9 433 972 -1 385 -1 3255 -1 30 426 -1 63 -1 21 -1 2698 5238 -1 433 -1 10879 -1 9 9 42 45 129 2404 -1 9 30 42 45 2609 -1 295 579 -1 9 9 45 2691 -1 1503 -1 305 -1 433 -1 14 -1
177 0 -1 1004 -1 9 45 -1 127 1052 1751 -1 9 884 -1 37 72 781 -1
6518 120 6051 -1
27406 45 -1 3164 -1
9343 369 -1
16695 433 -1 58 -1
28709 7 1181 -1 9 218 5639 -1
19049 40 231 404 -1
31258 3 361 558 800 882 -1 836 -1
22427 481 -1 423 -1 639 -1 961 -1 58 364 1017 2246 -1 423 639 1029 -1 364 2246 -1 58 -1 591 -1 32 -1 364 -1 520 -1 626 -1 2009 2977 -1 30 -1 21 364 5585 -1 639 1630 -1 7263 -1
26290 333 333 1874 -1 632 -1 450 -1 7 -1 211 404 -1 1035 -1 639 -1 4254 -1 711 983 -1 30 404 748 3461 3463 -1 14 925 1306 -1 127 404 -1
17669 211 1279 4712 -1 121 745 1874 9926 -1
18608 7 450 -1 154 5187 -1
33716 7 58 -1
22962 61 639 972 2130 -1 124 -1 9 71 4286 -1 15 21 925 4893 -1 9 45 1439 -1
28833 12101 -1 7 14 12252 -1
22832 9 765 5029 -1 9 -1 30 10883 -1
20534 10676 -1
33645 9 38 40 42 45 76 105 369 380 7571 -1
30742 213 -1
6647 2440 -1 3 60 993 -1 204 305 -1 9 3032 4465 -1
9863 105 3510 -1
20932 1855 -1 13 30 42 1222 -1
10968 9 -1 9 30 54 1986 2169 7337 -1 45 -1 7336 -1
21089 3098 -1
1325 254 -1 30 264 -1 254 -1 2528 -1 30 115 -1 9 1557 2859 -1 30 2420 -1 120 1086 -1 151 -1
22844 1459 -1
2946 547 -1 197 211 2146 -1 1279 -1
26293 154 -1 9197 -1 9 30 2549 -1
29149 112 333 423 706 -1 9 112 264 925 1081 3036 -1 361 365 2435 -1 71 254 -1
8246 383 -1
22999 30 272 -1 71 126 -1
1453 172 -1 2564 -1
12681 110 1305 -1 45 2977 -1 1131 -1 21 -1 9 45 107 110 383 775 1131 1182 2977 -1
31467 361 1424 -1
6705 333 -1 706 -1 49 -1 9 -1 90 -1 434 -1 58 -1 7 -1 120 685 2531 -1 289 374 -1
20550 21 -1 22 -1 23 433 4578 -1
8227 9 45 -1
1289 3528 -1
12139 706 -1 688 7965 -1 145 -1 361 -1 3946 -1
19916 282 -1
12989 45 2773 7396 -1 9 7205 -1 7345 -1
30269 45 638 730 1493 -1
282 885 -1
15344 333 783 -1 15 631 -1 127 631 -1 9 -1 125 -1 145 631 -1 9 -1 1647 -1 631 -1 254 -1 686 -1 9 37 -1
33438 305 558 3023 3145 -1
11820 21 37 120 235 -1 2549 -1 2821 -1 42 -1 7974 -1
28098 9 333 388 423 1342 11618 -1 13 -1 30 112 3998 -1 22 264 369 5073 -1 272 568 -1 145 215 379 -1
2335 344 -1 124 -1 162 -1 112 364 -1
31324 633 3103 -1 30 -1 688 -1 145 -1 124 -1 639 -1 3 63 542 1109 -1 30 2246 -1
11329 294 -1
20705 422 -1
6476 22 404 4599 -1 9 -1
34116 897 -1
27258 21 10348 -1 37 -1 40 115 267 626 1763 -1
14923 0 333 -1 1900 -1 22 2246 -1 145 1081 -1 671 -1 4 23 -1
3378 9 54 4725 -1
6114 333 -1 2396 -1 3 639 -1 948 -1 547 -1 3396 -1 30 2166 -1 71 365 -1 9 -1 383 1493 -1 344 369 -1 21 638 -1 2246 -1 107 -1 57 -1 9 37 162 385 -1 3032 -1 1459 2246 -1 7 3237 -1
30704 998 -1 182 -1 1176 -1 481 745 -1 58 5977 -1 9 -1 245 -1
24918 4579 -1 124 -1
31355 333 -1 1805 -1 9 124 3103 12028 -1 3555 -1
28865 711 1485 -1 105 -1 930 -1
18395 333 2166 -1 318 -1 112 -1 1460 -1 1493 3396 -1 30 -1
18966 122 638 1066 -1
35719 45 175 361 -1
32957 9 37 -1 760 -1
17211 1398 -1
25863 333 706 -1 50 77 -1
9663 145 201 556 -1 638 -1 15 -1 9 -1 383 -1 21 745 -1 58 2897 -1 501 1581 -1 1493 -1 765 2367 -1
13958 78 358 423 -1 6918 -1 15 172 -1
4357 78 537 2402 3909 -1 37 211 537 -1
17509 7 -1
36187 2475 -1 2631 -1 22 632 1874 -1
34170 631 -1 3 45 639 672 -1 711 7640 -1
34268 1952 -1 283 -1 40 13137 -1
861 745 3179 -1
4282 3680 -1 58 197 254 433 685 -1
17714 333 -1 2260 -1 23 -1 641 -1 37 127 476 1493 2413 -1 9 -1 338 -1 21 -1 77 -1 122 -1
26328 30 30 999 1029 1493 2461 -1 21 145 361 598 626 638 688 1874 -1 1493 -1 3092 -1 9 15 -1 1493 2982 4245 -1
4875 30 232 1190 2576 -1 3271 -1 63 1430 -1 45 2571 5453 -1 3271 -1 9 765 3297 -1
31290 126 -1
14231 37 476 1092 -1
29619 7 30 113 -1 145 361 -1 63 -1 15 -1 63 -1
21822 246 -1 7 954 -1
798 112 333 706 961 -1 145 2843 -1 30 145 688 -1 126 361 2474 -1 9 -1 22 215 -1
28822 30 1532 2435 -1
30052 145 688 -1
20663 1057 2588 -1
26323 388 -1 9 359 -1 9 45 45 2212 9004 9061 -1 63 638 -1
6234 971 -1
13587 2914 -1
27264 9 37 -1 112 433 1726 -1 11875 -1 63 122 -1 9 37 1176 4783 -1 3118 -1
23033 333 2351 -1 0 -1 191 -1 45 -1 9 383 -1 145 305 2010 -1 296 333 638 2495 -1 2440 -1 58 -1 685 711 -1 60 348 374 2440 -1 3 396 745 -1 19 37 2579 -1
16608 9 325 -1 2039 -1 14 433 -1
7400 285 2545 -1 30 285 6331 -1 333 706 5649 -1 3751 -1 37 -1 2824 -1 30 37 5919 -1 6376 -1
12512 45 358 -1
27459 9 45 325 1986 11923 -1 2169 -1 30 -1 9 9 45 211 897 4770 -1 45 -1 9 -1 1028 -1 30 112 2010 -1 30 364 1109 -1 37 -1 9 9 45 1092 -1 383 -1 9 45 172 333 369 859 4439 -1 30 720 2673 -1 631 -1 45 -1 9 -1 1135 -1 9 37 45 131 449 838 -1 9 342 9124 -1
2374 333 -1 9 364 383 450 706 -1 7 -1 9 -1
22294 671 -1
23381 76 333 -1 9 304 383 1230 -1 391 -1 3 294 -1 60 292 -1 45 -1 45 4496 -1 30 1934 -1
6194 30 423 -1 115 745 5961 -1
275 45 154 2310 -1
7682 2397 -1 105 631 -1 9 639 2070 2346 -1 81 -1 45 -1 211 -1
5202 333 -1 1485 -1 2246 -1 30 558 2703 -1 57 -1
1972 145 -1
23928 4439 -1 2894 -1 103 380 -1 104 -1 37 3712 -1
4757 333 -1 1805 -1 9 -1 433 685 2169 -1 9 45 110 2516 5431 -1 9 3841 -1 30 433 1131 4878 -1 9 2516 -1 626 -1 9 383 -1 30 3218 -1 13 -1 9 182 2677 -1
3107 9 45 2124 4806 -1 4724 -1
19826 361 -1
34738 37 5752 -1
6914 3153 -1 45 -1
36241 1367 -1 54 333 501 1780 3222 13890 -1 9 1934 -1 45 1367 -1 296 12087 -1 5513 -1 21 21 256 1744 2549 11815 -1
11398 9 -1 2404 -1
19262 149 780 -1
34214 547 -1
31612 276 404 1615 -1 6101 -1 232 800 -1 4142 4143 -1
11338 45 120 -1
12730 333 859 2351 -1 166 -1 77 1331 8135 -1
14067 172 -1 30 3047 -1 2010 -1 7 -1 1445 -1
18724 2697 -1 1040 4683 -1 9 365 -1
1386 3548 -1 333 -1 3609 3610 -1 2880 -1
17842 1422 -1
18546 9 983 4735 -1 14 885 -1
8365 124 -1
24532 40 -1
7147 91 -1 246 671 -1 21 60 385 -1 42 5248 -1 190 -1
17936 42 283 1763 -1 45 -1 1430 -1
5427 5635 -1 120 -1 385 -1 127 5624 -1 145 -1 365 3625 -1 145 -1 9 -1
35882 759 1131 1493 -1
8638 1247 -1 37 -1 231 1342 -1
4234 21 30 2413 -1
24157 608 -1 45 -1 9 3818 -1 2435 7490 -1
6387 547 1057 -1
15229 30 639 1191 1493 -1
32040 40 913 -1 267 -1 182 547 -1
23689 9 30 1092 1728 -1 9 42 45 1028 -1 30 1738 4375 -1
12966 333 8301 -1 264 305 -1 1176 -1 374 -1 184 -1
18506 3855 -1
36138 30 3227 -1 60 71 254 1029 9240 -1
7321 45 -1 9 342 6340 -1 9 45 6342 -1 342 -1 45 -1 30 150 186 1742 6344 -1
4198 37 1222 5217 -1
26641 433 -1 60 -1 404 1057 3434 7077 -1 1028 -1 30 211 -1 404 -1
8454 1459 2438 -1 676 -1
22712 385 -1 304 -1 9 383 -1
29184 120 -1 639 3808 -1 433 -1 14 -1 387 -1
2610 333 -1 333 -1
21012 45 1049 -1
31225 30 5287 -1 349 849 -1 2691 -1
27161 54 254 -1 433 -1 2629 -1
19694 21 58 -1 22 254 -1 37 2435 -1
35906 362 -1
8256 361 -1 285 -1 9 37 432 -1 30 45 1869 2965 4465 6605 -1 6447 -1
24836 37 -1
24915 333 388 -1 639 -1 3659 -1 54 -1 1493 2143 -1 2496 -1 13 21 107 -1 14 58 -1 4610 -1
7207 45 351 4180 -1
11610 1986 -1 45 -1
32739 267 765 -1 21 40 361 800 969 -1
35448 30 5434 -1
9727 215 606 719 1642 3184 -1 45 -1 351 -1 42 361 -1 7 -1 358 424 -1 9 37 -1
22132 258 333 333 4927 -1 300 912 -1 150 2246 4472 5343 -1
4768 45 4716 -1
23082 2698 -1 333 -1 1805 -1 433 -1 50 -1 56 -1 300 -1
11310 333 333 -1 706 -1 40 105 -1 9 -1 164 -1 9 22 45 342 5764 -1 375 1510 -1 54 -1 7 -1 9 1092 1457 -1 45 -1 9 383 -1 30 120 373 -1 1092 -1
25999 361 -1
5739 2516 -1
31327 58 -1 450 -1 7 -1 9 -1 5468 -1 32 -1 3005 -1 2631 -1
18877 7 9 711 -1 45 3598 -1 2349 -1 30 61 -1 182 398 -1 9 -1
15322 7 -1
35636 10821 -1
11198 7468 -1
4326 333 859 -1
32567 333 333 -1 50 60 90 213 706 3064 -1
12294 9 7779 -1 30 -1 42 6298 -1
6763 7 2542 -1 232 4683 -1
4616 3891 -1
24971 11526 -1
18883 8772 -1
22986 45 60 421 -1 30 3490 -1
31518 333 -1
628 1367 -1
17715 21 254 1589 -1
16603 150 2373 4470 -1 30 211 -1 9 -1 45 396 -1
24511 613 -1 42 172 10420 -1 417 -1 22 -1 23 2858 -1 127 -1 638 -1 30 42 172 -1 22 2009 -1 60 765 1459 4973 -1
19162 3909 -1 211 -1 2402 -1
20283 333 -1 2885 -1 6110 -1 13 33 40 305 1022 -1 30 930 -1 1091 -1 840 -1 7 -1 1367 -1 3096 -1 30 -1 60 321 -1
29319 3 103 852 -1
35165 45 672 6265 13284 -1 145 -1 21 124 211 361 3425 -1 333 -1 45 369 13676 -1
23302 37 -1 9 -1 1092 -1 45 -1
5499 5655 -1 58 639 5671 5672 -1 3280 -1 7 145 398 711 711 -1
33559 37 606 12383 -1
21883 13 42 10197 -1
22723 537 1455 -1 2678 -1 126 -1 58 -1 117 537 4031 5271 -1
34345 13394 -1 37 2977 -1 148 373 1310 -1 104 -1 9 45 2645 5715 -1 45 862 -1 177 1493 -1
26561 639 1459 -1 61 124 182 1493 2786 4791 -1 61 124 509 639 -1 71 299 -1 9 2609 -1 9 45 -1 295 639 -1
26216 4241 -1
16069 433 3911 -1 9 45 5294 -1
194 9 45 230 743 -1
22721 2397 -1 639 -1 61 -1 105 182 365 509 520 1028 -1 9 -1 45 172 837 1535 -1 481 -1 112 -1
31279 333 2260 -1 21 -1 4421 -1
2836 19 42 998 -1 120 4623 -1 30 254 -1
2263 30 2478 -1 195 304 2873 -1 9 369 383 -1 45 -1 351 -1 1606 -1 1493 -1 1028 -1 1459 -1 21 60 112 533 558 -1 145 3121 -1
31064 131 -1
35424 1222 -1 204 -1 3145 -1 21 23 -1 3146 -1 103 3145 -1 30 3145 7047 -1
28074 333 -1
17440 476 -1
33627 30 -1 6374 -1
26333 688 -1 1493 1606 -1 102 3092 -1 54 -1 745 -1 638 2484 4105 -1
4879 45 476 849 2678 -1
24868 37 -1 21 23 120 254 542 1035 -1
32900 165 369 626 -1 2660 -1 105 631 -1
6392 2351 -1 333 -1 9 126 2292 -1 173 -1 9 45 -1
28393 9 5128 -1 90 -1
30049 145 267 711 -1
10835 7 -1 333 706 2010 4147 -1 7 -1 9 4148 -1 30 45 533 6585 -1 7 211 -1 9 -1 9 45 2903 4247 -1 30 45 -1 9 -1
27731 9 45 2970 -1 433 2651 2832 -1 145 11957 -1
21525 9 342 482 -1 37 -1 120 4800 -1
786 14 -1 3108 -1 30 639 -1 61 -1
20799 13 2298 -1
30884 150 3412 -1
31868 3159 -1
35416 1486 -1 58 -1 215 2886 -1
6293 7 9 22 124 254 300 385 509 1357 -1 4430 -1 124 -1 30 -1 254 481 3457 -1 124 -1
17114 338 -1
28684 404 -1 8883 -1
30095 32 -1 2454 -1 23 -1 3989 -1 42 1493 3070 -1 30 124 8202 10421 -1
12789 120 -1 30 58 405 989 1306 -1 7 9 759 1131 -1 19 -1 7 -1 9 -1 53 -1
1450 2698 3664 -1
13128 2581 8553 -1
31199 145 1081 -1 658 -1 9 30 145 250 254 654 1103 -1
15918 49 113 639 -1 639 2346 -1 788 -1 13 -1 305 433 4518 -1 638 5669 -1
33267 7 -1 21 124 -1 9 73 -1 21 231 789 -1
21100 9 76 333 -1 2354 -1 45 -1 433 10870 -1 14 4096 -1
10398 765 -1 9 -1
764 51 421 -1 352 420 -1
19055 45 5184 7961 -1
30894 280 -1
28338 706 -1 254 -1 364 -1
15688 21 -1 3457 -1
13584 30 30 3708 -1 4062 -1
31158 2692 -1
3653 2633 -1 9 126 993 1707 3104 -1 298 -1
27926 9 760 -1
1071 9 333 383 706 -1 688 -1 145 -1 1367 3374 -1 627 -1 37 126 404 -1 893 -1 30 -1 849 1312 -1 45 -1 1028 -1 14 433 -1 2902 -1
5254 9 -1
3273 124 225 264 -1 145 172 2319 -1 1057 4944 -1 172 -1 650 -1
9016 2678 -1
7660 9 9 45 154 369 383 2677 3391 -1
1113 639 -1 42 2346 -1 30 61 711 1610 -1 711 -1
10525 15 2669 7206 -1 6422 -1 54 -1 112 -1 1236 -1
31245 45 369 -1
12608 9 -1 760 -1
6549 745 831 -1
8315 9 145 6894 -1
25673 7 -1 13 -1
31949 668 1236 -1
21477 13 3160 -1
34508 333 706 -1 2010 -1
25653 1232 3125 -1
31074 32 295 -1 21 254 2010 -1 299 -1 127 -1 295 -1
23878 30 126 391 2246 2602 -1 4148 -1 215 -1
33794 162 713 -1 23 -1 9 632 -1 1037 -1
27606 1236 -1
18492 2413 -1 45 -1 9 -1 30 1487 2631 -1
19476 40 10138 -1
15812 579 -1 37 1571 -1 50 -1
6227 745 2440 -1 211 3911 -1
34756 99 -1
31988 333 -1 706 -1 765 2578 -1 1331 -1 185 -1 120 10812 -1 30 235 1188 -1
15133 2098 -1
24155 197 -1
1927 45 2519 -1
30428 333 1187 2351 -1 235 3608 -1 285 -1
21119 1503 -1
19840 898 -1 5446 -1
230 884 943 -1
22049 211 -1
33160 76 333 -1
10993 404 -1 57 2720 -1
3475 333 -1 706 -1 254 -1 9 54 225 2677 -1 9 45 60 145 543 839 3690 4789 4790 4792 4793 -1
27900 361 -1 9 115 300 -1 30 577 992 2549 -1 361 800 -1 60 12037 -1 9 45 382 -1 333 -1 706 -1 304 -1 145 361 -1 318 -1 745 -1
21307 9 54 7056 -1
15109 2351 -1
21353 254 -1 120 10945 -1
12614 333 3041 -1 112 -1 1029 -1 7 -1 9 45 342 -1 2433 -1 0 296 -1 627 -1 22 745 2484 -1 30 1835 -1 37 1146 -1 9 -1 2903 -1 45 -1 58 73 7896 -1 9 45 1312 -1 9 -1 369 -1 45 -1
28763 419 -1 733 -1 2246 -1 423 -1 2246 -1 2 197 211 433 482 -1
16923 215 -1 7 482 -1 49 50 -1
1515 30 -1
7097 9 9 45 1076 -1 1305 -1 57 -1
4379 839 -1
1811 42 1493 2492 3972 3973 -1
22252 45 112 638 1424 -1
7284 23 90 103 114 115 -1 51 -1 2563 -1
17408 333 2540 -1
21161 30 115 2665 -1
31710 254 -1 21 -1 23 -1 265 638 -1 23 -1 265 -1 9 -1 730 -1 30 -1 789 -1 9 289 671 745 4331 4955 -1 730 -1
16432 318 333 639 4563 -1
6724 42 232 2039 6151 -1 30 42 -1 256 6152 -1 30 42 -1 30 42 2369 -1 4256 -1
29749 30 42 124 12389 -1 9 -1 42 191 2369 3912 -1
34 9 58 76 304 634 -1 37 -1 635 636 -1
10649 45 342 -1 254 1022 6755 -1 54 285 395 3600 -1 254 -1 77 -1 60 -1
4119 333 -1 267 433 706 4273 -1 9 300 -1 4727 -1 45 -1 9 -1 30 2271 -1 433 -1 9 501 831 3682 3924 -1 22 254 -1 831 -1
1185 481 836 -1 45 -1 9 -1 2579 -1
11809 60 282 -1 2706 -1 156 -1 13 19 -1 49 -1 13 1362 -1 11 -1 7 711 -1 61 639 -1 246 -1 711 -1
12896 8079 -1 45 -1 9 -1
8157 9 45 145 333 688 706 3564 4180 6842 -1 318 -1 2246 -1 509 -1 638 -1 676 -1 7 185 -1 122 347 -1 9 -1 173 -1 45 3167 -1 30 -1 9 383 -1 1182 -1 124 -1 626 -1 433 638 -1 639 -1
21398 63 -1
24104 9 383 -1
17392 423 -1
25453 30 61 101 -1
27868 14 58 -1 481 3336 -1 112 -1 126 -1 58 -1
15209 333 -1
27461 45 -1 13 71 1438 -1
9520 76 333 -1 9 71 71 244 1986 -1 45 7022 -1 9 182 2692 -1 1154 -1 745 -1 14 58 117 2440 2704 -1 404 2212 -1
23110 745 3523 -1 211 -1 172 -1 122 1964 -1 7 638 2542 -1 638 -1
4511 537 -1
22689 3 7 46 -1 13 -1
10324 2527 -1 765 -1 1367 -1
22996 105 -1 1028 -1
13204 333 -1 859 -1 235 720 4446 -1 9 -1 8044 -1 2431 -1 9 2432 2867 -1 30 2869 3475 -1
11646 9 300 1092 -1 30 120 145 361 641 1247 -1
26572 73 101 711 -1
21049 333 -1 706 -1 9 129 3039 -1 9 45 10845 -1 37 172 433 3098 4096 -1 30 1728 -1 2006 -1 37 172 2418 -1 9060 -1
16422 539 2977 -1
10450 50 -1 127 191 267 -1
2457 1049 -1 54 -1 9 -1 21 112 267 558 4385 -1
34739 558 639 1485 -1
74 365 545 -1
7033 42 748 -1 2009 -1 32 -1 745 -1 2440 -1 58 -1 1459 1557 -1
620 9 2872 -1 2451 -1 21 77 2454 -1 780 2327 -1
13747 54 254 -1 23 606 1445 -1 7 -1 14 -1 9 30 3930 -1 9 45 -1 45 1092 -1 1445 -1 9 -1 1092 -1 45 1493 -1 405 -1 30 1057 -1 9 396 -1 45 1493 -1 405 -1
3120 13 -1 433 -1
27550 639 1805 3103 -1 30 -1 145 361 688 -1 126 197 541 849 -1 835 2054 -1 182 -1 9 759 1950 -1 45 -1 9 -1 30 1090 -1
1963 120 -1 1859 -1 30 -1 197 -1 2454 -1
267 30 54 2270 -1 44 2271 -1 45 99 -1 71 -1 9 305 800 -1 218 -1 1950 -1 101 -1 3 2272 -1 9 2273 -1 9 45 -1 37 172 2274 -1 2275 -1 2276 2277 -1 2278 2279 -1 2280 -1 30 -1 60 -1 45 272 1994 -1 434 656 -1 172 -1 1845 -1 40 1004 -1 21 45 2281 -1 7 554 -1 9 1183 2282 -1 21 112 729 754 -1 1211 -1
28661 333 -1
11179 238 -1 235 -1 45 1109 7800 -1
3810 344 -1 531 -1
28905 7927 -1
26432 45 342 351 -1
7127 5650 -1
26314 333 -1 972 -1 639 -1 30 53 77 1415 -1 1342 -1 105 -1 256 -1
20598 1057 4650 7800 -1 162 -1 40 46 1493 -1 9 1057 -1 2579 -1
29521 2009 -1
23848 45 -1 211 -1 9 627 -1
28362 30 -1 423 -1 9 2357 -1 77 254 267 -1 50 77 1415 -1
4251 49 333 706 -1 60 -1 90 433 -1 685 -1 120 2564 -1 120 -1 177 -1 1859 -1 19 -1 120 167 -1 1859 -1 30 -1 482 1367 2711 -1 30 -1 120 482 2454 2711 -1 13 40 -1 60 -1 30 421 2298 -1 112 -1 14 433 -1 1581 -1 501 -1 37 -1
26204 45 60 -1 2376 -1 9 264 2387 -1 305 -1 720 -1 30 2422 -1
35354 1934 -1
19672 7 126 2298 -1 37 1066 -1 54 4618 -1 1040 -1
33832 9 21 -1 40 7910 -1 51 -1 19 21 22 421 -1 7 37 40 2318 3598 5209 -1 40 -1
34601 333 706 -1 105 1642 2047 -1 21 73 639 639 -1 30 42 54 211 433 537 547 590 1823 -1 13458 -1 30 -1 45 912 -1 333 462 537 1485 -1 558 7717 -1 14 37 104 4963 -1 54 633 969 -1 638 -1 15 -1 1493 -1 7 1639 -1
24417 745 -1
25632 30 -1 9 11637 -1 7 197 450 839 3075 -1
26491 30 -1
9684 426 -1 90 120 329 -1
26200 4577 -1
24738 76 304 333 1230 -1 9 -1 632 2604 -1 28 104 423 933 -1 182 406 639 720 775 1493 2166 3280 -1 9 329 -1 30 -1 9 -1 30 2870 -1 9 -1 9 30 2387 10251 -1 4280 -1 7 -1 1581 -1
24566 333 -1 333 1805 -1 254 688 -1 45 90 114 115 145 638 748 1036 2009 -1 556 -1
24335 23 -1 9 839 3558 6239 -1
20888 9 30 520 -1 9 11 5585 -1
16219 933 -1
8362 4330 -1
29760 433 12393 -1 1364 -1 711 -1 60 -1 30 1986 -1
13922 9 333 388 -1 383 -1 7 688 -1 358 1493 -1 405 -1 3919 -1 71 -1 13 37 77 -1 417 748 -1 7 232 1457 -1 1092 -1 54 -1 470 1493 -1
30673 1555 12526 -1 639 -1 267 -1
12441 7 1028 -1 8077 -1 32 -1 2621 -1 30 2588 4181 4182 -1 30 2588 3184 5499 -1 54 -1 9 342 -1 45 264 343 -1 2653 -1
8217 45 3520 -1
13061 333 -1 9 45 172 706 1418 -1 45 1092 -1 172 -1 177 -1
16457 1914 -1
28109 831 -1
35184 45 222 -1
11648 885 -1
29832 60 -1
4010 2271 -1
28117 225 387 711 -1
29017 633 706 -1 688 -1 145 -1 124 2630 -1
13538 30 54 2616 -1
17309 14 -1 30 149 367 1306 -1 7 21 1493 4916 5202 -1
17276 2537 -1
21931 305 -1 45 124 211 8190 -1
19855 11 434 -1
19903 4135 -1 32 -1 120 3067 -1 40 -1 9 71 182 1023 -1
3108 21 -1 9 14 4725 -1
36366 369 -1
10830 14 -1 232 3404 -1 9 21 30 -1 45 1493 2009 3092 -1 9 342 -1 13 482 558 -1
24630 639 1342 -1 543 -1 9 45 369 -1 9 15 351 -1 45 2420 -1 11448 -1 30 639 -1 565 -1
7015 688 3520 6254 -1 30 37 110 404 2070 -1 3518 -1
1710 40 58 -1
15356 13 71 -1 40 -1
34755 288 -1
26083 30 37 711 -1 103 2140 7223 -1 711 -1 1881 -1 638 -1 9 45 4032 -1 1493 -1 3170 -1
17213 14 -1 745 1493 -1 4148 4546 -1 54 232 -1 1092 -1
34918 45 191 -1 30 369 -1 2126 -1
18111 61 639 -1 4472 -1
9431 28 77 470 1086 -1 15 -1
16711 14 589 1213 -1
5524 745 -1 482 2440 -1 32 -1 9 340 4169 -1 45 -1 124 -1
24215 30 1493 -1 417 -1 40 3384 -1
2278 3303 -1
13110 9 -1 110 570 3296 4914 -1 45 -1 9 3296 4914 -1 45 -1 15 3936 -1 320 -1
35671 3 -1 294 -1 45 361 -1 30 3907 -1 145 -1 21 547 -1 40 369 -1 30 142 -1 37 40 361 -1
36352 124 -1 22 -1 9 2437 -1 45 5566 -1 105 -1 778 -1
5884 9 385 -1
27839 913 -1
26929 30 3324 -1 120 9060 -1
24614 60 -1 1602 -1 1131 -1
26330 37 50 53 638 2411 -1
34895 76 333 -1 40 50 -1 63 -1
25980 333 660 -1 3103 -1 30 185 -1 688 1606 -1 9 -1 120 342 1881 -1 9 1069 -1 30 3170 -1
14627 333 706 -1 9 383 -1 2494 -1 7 30 8135 -1 9 3185 -1
31523 124 -1 30 112 433 836 6265 -1 418 -1 348 3917 -1 433 -1
19899 120 -1 373 -1 2413 -1
9686 3488 -1 9 15 -1
27012 333 -1 2482 2495 -1 3 58 -1 9 45 300 2641 3113 -1 9 37 1028 1493 -1 631 -1 45 -1 172 6250 -1 579 745 -1 3 58 2482 -1 2613 -1 800 -1 172 -1 3038 -1 9 37 45 172 631 -1 3 117 6250 -1 2713 -1 2341 -1 800 -1 172 1617 -1 37 -1 9 631 -1 45 -1 172 -1 333 522 6250 -1 2482 -1 745 -1
713 37 433 2555 -1
14210 30 54 -1 9 21 1028 -1
17288 124 -1
13005 8391 -1 30 8135 -1 30 8392 -1 719 -1
12065 42 331 711 -1
33426 32 13132 -1 711 2431 -1
3057 9 2677 -1 3690 -1
22317 267 -1
4853 45 -1 9 173 -1 45 3936 -1
32841 45 211 5715 -1
2580 9 639 2346 -1 383 -1
3151 396 -1 42 361 -1
27199 1412 -1
8025 9 2945 -1
34213 264 971 -1 103 -1
10922 254 688 4582 -1
32231 2246 -1 556 -1 2555 -1
7448 351 -1
12535 2525 -1
19983 999 -1 30 -1 120 120 121 4624 -1
19218 112 -1 126 -1
32522 21 30 351 2246 -1 1934 -1
20333 57 -1
8582 9 3164 -1
16553 318 333 -1 112 -1 30 1119 3425 -1 361 -1 112 433 -1 6241 -1
21339 9 45 885 -1 54 -1 172 -1
14271 1086 -1 283 -1 7 -1 9 30 383 424 4961 -1 60 3186 -1
26448 2465 -1
19837 14 58 -1 10457 -1
728 13 30 -1 9 14 45 60 433 2699 -1 2628 3051 -1 638 -1
6047 145 -1 124 -1
29243 1113 2366 -1
2840 14 4628 -1
5073 4254 -1 711 -1
9994 296 -1 305 -1 401 404 -1 6330 -1 42 -1 638 -1 30 2397 -1 1493 -1 14 42 433 711 1131 -1 7 -1 509 -1 211 1232 -1 351 -1 145 -1 711 -1
33857 983 1367 2647 -1 305 -1 14 10707 -1
34705 361 -1 9 211 5238 -1 738 -1 45 -1 9 -1 823 12868 -1
25663 1131 4783 -1
6930 61 481 1331 1662 2246 -1 57 -1 520 -1 37 -1 9 2419 -1 9 45 383 -1 7 4694 -1 361 -1 7 1039 3463 -1 9 45 1109 -1
27632 45 361 -1 21 -1
36281 42 2567 -1 9 -1
20066 7 -1 120 782 -1
2891 333 2351 -1 2495 -1 58 60 414 1272 2440 3778 -1
20196 21 254 -1 120 433 1331 4572 4680 5942 -1
26461 333 706 -1 61 639 -1 182 4194 -1 1367 -1 9 -1 1331 -1 45 -1 1630 6677 -1 2454 -1 7 1819 4722 -1 124 -1 30 -1 2454 -1 3090 10428 -1 42 -1 1367 -1 30 3684 -1 1367 -1 30 874 -1 765 1144 1367 2454 -1 10072 -1 30 3884 -1 304 638 -1
10860 1154 -1
2470 1331 -1
15643 1805 -1 120 215 544 688 -1 30 120 374 9443 -1
11969 706 -1 423 -1 9 -1 396 -1 45 -1 7 9 22 235 760 -1 6275 -1 285 -1 112 361 1342 5650 -1 688 -1 0 -1 45 617 897 1150 7938 -1
9194 50 -1
25441 632 2604 -1
35188 124 -1 1942 -1 2975 -1 30 45 3046 -1 1518 -1 361 -1 21 -1 264 -1 9 -1 13114 -1
14427 30 -1 112 -1 361 527 -1 37 -1 9 2549 -1 45 358 -1 32 112 527 -1 361 -1 58 -1
14840 0 333 -1 45 173 -1
21934 14 58 433 2246 -1 117 1398 -1 8190 -1 38 -1 204 -1
27720 9 383 -1
24069 11395 -1
11797 706 -1 9 90 361 2934 -1
837 42 -1 1493 -1 405 -1
17170 7 -1
35726 348 361 -1 361 1021 -1
11040 342 -1
32762 197 5566 -1 112 -1 45 235 566 -1 30 3449 3855 -1 40 110 296 9793 -1 12901 -1 45 -1
30953 112 -1 264 -1 305 -1 60 265 -1 45 2982 -1
28047 30 -1 4911 -1
3315 57 105 305 421 -1 21 -1 745 2484 -1
30872 333 -1 706 -1 7 112 2574 -1 12120 -1 361 -1 296 391 -1 1112 -1 105 3130 -1 10661 -1 9 1310 -1 30 12554 -1 7 246 -1 4151 -1
26232 9 30 198 5699 -1 433 -1 4567 -1 110 -1
21590 7 391 638 1390 -1 37 -1
6542 9 300 1131 -1 45 -1 9 -1 45 1040 5864 -1
33846 54 -1 40 394 1493 -1 484 2167 -1 45 -1 1176 -1
30537 711 -1
9091 9 -1
27477 383 -1
19980 40 333 1187 -1 7 1528 -1 14 2464 -1 30 -1 846 -1
19062 0 333 -1 452 -1 58 433 -1
7014 30 -1
28136 40 -1 961 -1 12043 -1 30 -1 12044 -1 9 120 1986 2141 2250 -1 45 12045 -1 30 120 658 -1 30 333 1930 2141 12094 12095 -1
3280 3 9 1028 2292 4376 -1 60 256 2525 -1
30877 45 294 -1
2881 285 -1 211 -1 7 13 404 685 745 1182 2440 3316 3838 4605 -1 145 -1 361 -1
24934 50 112 305 -1 225 -1 172 -1 30 797 2680 -1 110 298 -1
27653 215 2602 -1 22 -1 299 2303 -1 172 -1
26108 333 -1 1020 -1 9 77 191 -1 9 37 619 -1 50 60 127 292 295 999 1130 -1 296 -1 7 342 1874 8253 -1 711 -1 13 40 521 -1
21439 3692 -1
30248 1189 -1
12174 197 215 -1 21 -1 112 -1 558 -1
16188 57 -1 9 -1 2298 -1 2505 -1 716 -1 126 233 579 2602 -1 37 379 -1
7481 4352 -1
26046 1874 -1
36093 295 -1
26259 9 9 14 433 914 2982 -1
3874 690 -1
24678 71 434 639 -1 3 162 433 542 -1
18019 9 45 885 -1
7477 9 45 45 4914 -1 9 -1 45 173 -1 1445 -1 450 -1 7 -1
17938 9 45 885 5932 -1 1874 -1 4472 -1 4491 -1 9 145 -1 632 -1
31321 21 384 1081 -1 9 84 361 -1 30 40 290 -1 103 5217 -1
1336 333 556 706 -1 234 -1 745 -1 3514 -1
11590 13 333 333 706 2010 -1 7 -1 1124 -1 423 -1 7 254 2574 -1 71 559 -1 174 -1 71 -1 254 -1 3064 -1 800 -1 120 3920 -1 21 -1 254 -1
16807 880 1493 -1
14774 2876 -1
492 285 -1
25832 1455 -1 2516 -1 7 9 383 -1 1571 -1 5038 -1 30 1571 -1 3548 -1 204 -1 4407 -1 4287 -1 9 -1 30 60 1331 1571 -1 3811 -1 45 -1
8056 45 120 -1 167 296 405 -1 333 -1 3309 -1 639 -1 1015 -1 37 547 -1 9 -1 3178 -1 45 211 -1 9 215 -1 45 3651 -1
21814 124 -1
28690 333 -1 388 -1 211 -1
30070 126 -1 7536 11551 -1 30 -1 37 126 2505 7218 -1
32890 127 3130 -1
2161 9 30 2471 2529 3020 -1
21698 1092 -1 117 -1 37 120 211 -1 21 1352 -1 124 3146 8135 -1
6470 1188 -1 404 4599 -1
36177 333 -1 58 433 2477 -1 632 711 1874 1934 -1 30 -1 10003 -1
21022 364 482 -1
5201 22 765 2009 2246 -1 200 -1 7 1459 -1
28984 9 361 -1
29715 394 2484 -1
16454 1279 -1
14610 9 21 369 383 537 -1 45 120 6018 -1 558 3855 -1 953 -1 925 -1
17 9 382 417 -1
23713 3594 -1 7 1119 -1 9 22 61 145 267 9480 -1 671 -1
5429 211 -1
29080 60 -1 90 -1 22 50 -1 264 -1 60 1131 3906 -1
4484 1493 2300 -1 19 49 537 3396 -1 1493 2413 5335 -1 21 61 162 2166 2246 -1 57 58 211 -1 1493 3395 -1 21 32 -1 1460 1493 2246 2628 -1
23668 404 -1
11440 117 347 -1 122 537 1418 -1 9 -1 45 173 351 -1
26810 333 -1 76 -1 61 172 639 4886 -1 1040 -1 21 -1 3 58 639 -1
29008 9 -1
781 2631 -1
16151 433 -1 2397 -1 30 58 234 1176 1493 -1 14 9668 -1
24608 127 1738 1869 -1 9 30 4735 -1 2130 -1 124 1557 -1
23041 333 2495 -1
7193 9 45 45 1092 -1 9 -1 383 -1
32362 45 369 -1
25685 9 45 -1 1092 -1
26952 30 50 986 -1 30 852 5503 -1 50 -1
6223 711 -1
13686 45 124 -1 105 351 800 -1 1950 2900 -1 37 2908 -1 9 211 -1 45 2083 -1
20614 60 2569 -1 9 182 6009 -1
9478 37 558 639 2476 3094 -1 9 -1
235 23 -1 1573 -1 9 71 71 142 1449 -1 13 -1 1402 -1 9 1490 -1 45 2079 -1 432 1571 -1
17145 30 -1 9 -1
6725 42 190 5248 -1
26851 49 9951 -1
692 33 40 58 566 2949 -1
25270 14 -1 103 104 -1 9 9 22 45 45 351 1092 2047 4297 -1 172 3007 -1 7 -1 1228 -1 112 423 433 -1 991 -1 765 -1 124 -1
34957 45 211 520 -1
19825 21 60 81 759 1402 -1 145 -1 60 -1 90 -1 9 32 -1 914 -1 839 -1 126 -1 9 -1 45 3118 -1 217 -1
8142 351 -1
14799 361 831 1049 -1 299 -1 285 775 -1 30 -1 67 -1
14104 58 124 5668 -1
12400 9 -1 1028 -1
33548 633 -1
9398 120 3322 -1 30 -1 120 358 -1
34258 890 -1
31607 9 127 910 -1
1460 254 -1 77 -1 104 -1
20324 5587 -1
2728 9 -1 40 383 -1 156 376 -1 211 -1 2462 -1
3126 9 -1 992 -1 993 -1
31367 333 -1 419 -1 423 -1 112 3865 -1 7155 -1 361 -1 254 2899 -1 115 -1 283 -1 30 -1 688 -1 124 145 -1 21 40 204 1057 2260 2525 -1 547 -1 983 -1
30240 60 -1 213 -1 90 -1 688 -1 145 361 632 -1 61 639 -1 1933 -1 711 -1
23367 9 -1 4280 -1 30 -1 61 -1 124 1182 -1 7 -1 14 1835 -1 7 -1 211 -1
1481 481 -1 50 -1
27909 30 3128 -1 45 -1
25538 45 1147 -1 124 -1 54 -1
17452 745 2516 -1 2883 -1 58 2283 2484 2977 3178 -1 745 -1
5138 9 45 -1
20677 40 -1 60 71 -1 45 2518 -1
23576 520 -1
20817 9 925 10783 -1
25861 4794 -1 50 60 77 4794 -1
17051 745 9995 -1 361 -1 9 42 -1 45 4167 -1
30905 7 7 9 113 -1
6814 9 54 1549 -1
18824 9 45 5328 -1
28808 1942 -1
3418 2869 -1 1950 2907 -1
5341 800 -1 9 2399 -1
19951 81 -1
25680 45 426 1950 -1 720 3994 -1 2619 3125 -1 1232 -1 9 1092 -1
29632 37 105 365 -1 930 -1 626 -1
35817 50 -1 267 -1 30 51 58 105 145 509 547 -1 187 693 -1 58 300 361 -1 537 -1
29884 42 -1 32 63 156 880 3407 -1
6693 9 14 54 433 1532 -1
21797 58 333 433 2260 4093 -1 14 117 -1 596 -1 1555 -1 254 -1 3 1086 1222 -1 37 -1 9 -1
2664 3 9 9 45 45 173 294 296 333 351 639 4520 -1
31212 58 -1
6638 300 -1
9816 9 54 3601 -1 2295 -1 62 -1 122 483 638 -1 30 -1 40 369 -1 127 2858 -1 638 -1 30 -1 638 7358 -1 103 104 -1 15 348 -1 760 -1
4127 383 -1
4300 9 45 992 -1 421 -1
23834 37 -1
16335 30 40 885 2562 4930 -1
11847 333 2351 -1 706 -1 112 -1 3865 -1 719 -1 204 1191 -1 483 1869 -1
35820 21 154 558 912 -1 14 -1
2807 30 547 -1 21 -1 120 558 1934 -1 14 -1 626 -1 537 2716 -1 21 -1
30744 30 254 -1
17844 37 1493 -1
407 30 120 254 961 1986 -1
23291 112 -1 14 58 433 7093 -1 348 1742 -1 117 -1 527 -1 112 -1 14 433 -1 4868 -1 182 -1
19828 90 7675 -1 9 30 120 300 361 4258 7162 10505 -1 21 81 -1
4146 9 365 -1
3455 45 -1
621 2873 -1
3595 45 120 254 433 509 2516 -1
10680 685 745 -1 404 -1 3114 -1 30 1069 3687 -1 765 -1 361 -1 254 976 1373 -1 361 5780 -1 2903 -1 30 315 671 -1
21240 45 775 -1 7 9 30 1092 -1 45 -1
30174 127 1454 -1 54 537 3070 -1
20542 333 -1 0 1279 -1 45 60 544 1602 -1
29410 333 706 -1 112 -1 688 -1 531 -1 7 3176 -1 30 45 60 2072 6126 6127 -1 7 831 -1
32489 7 1158 2343 12778 -1
24249 1360 -1
7044 22 385 639 -1 7 57 246 -1
20878 2674 -1 258 -1 7 556 1764 -1 8129 -1 30 404 745 10798 -1 1986 -1 285 -1 9 914 -1 45 -1 9 -1 8160 -1 9 45 4409 7387 -1 9 37 -1 6975 -1 45 -1 9 113 145 333 361 706 2404 8161 -1 2993 -1
30363 9713 -1 3036 -1 21 45 112 1028 1243 -1 6823 -1 63 -1 182 -1 1176 -1 254 -1 7 113 2574 -1
36061 172 -1
135 172 1461 1462 -1
3967 5146 -1 30 2397 -1 13 14 58 -1 37 -1 2419 -1 5138 -1 156 -1 9 -1
25945 4196 -1 4198 -1 4199 -1 2351 11665 -1 333 -1 9 138 859 -1 9 45 449 -1 559 -1
23687 211 2529 -1
26449 4544 -1
24235 3 112 115 1725 -1 172 182 1454 2422 -1
7995 30 5291 -1 4375 -1
32868 7 121 124 -1 112 -1 9 104 934 6691 -1
34261 6820 -1 218 -1 7 45 57 124 1836 1953 3491 -1 547 1635 -1
24810 30 37 404 2484 3305 9595 -1 211 748 5205 -1
26631 9 9 30 9894 -1 8104 -1 433 -1 267 -1 115 -1 172 800 -1 4970 -1 30 -1 112 113 433 -1 7 -1 9 2651 -1 671 11773 -1 30 -1 7 -1 9 -1
13123 235 -1 110 124 568 -1 9 45 -1 4914 -1
26182 9 333 1805 -1 342 -1 780 3138 -1 3117 -1 37 -1 9 30 2358 -1 1144 -1 37 -1 145 1724 -1
13666 264 396 -1 8845 -1 9 -1 54 234 345 -1 254 -1 77 -1
2803 501 3222 -1
27144 45 781 -1 9 7290 -1
27512 127 3033 -1
99 1018 -1
21445 21 112 -1 3687 -1
33528 211 -1 305 1097 1357 -1 7 63 2150 -1 1176 -1
5964 51 -1 204 245 267 -1 9 -1
35465 58 2246 -1 9 9 21 45 10564 -1 38 -1 40 2489 -1 42 -1 369 -1
7795 641 -1 124 -1 45 110 -1
13794 37 -1 901 -1
30917 834 -1
9564 42 112 2545 -1 361 -1 9 21 77 211 358 1022 -1
32467 37 125 -1 12715 -1
34882 30 -1 45 60 -1
11775 292 -1
2978 849 4736 -1
31579 668 -1
26158 333 344 1805 -1 30 11699 -1 112 -1 2504 -1 8365 -1 30 42 60 831 3848 -1 45 3925 -1 805 -1 120 1232 -1 30 225 3432 -1 60 1093 -1 21 361 2146 -1 107 254 -1 14 -1 9 138 -1 37 3930 -1 9 -1 2212 -1
28350 60 300 993 4239 10620 -1
8180 21 1188 -1
30900 112 264 -1
17066 369 -1 369 394 1493 -1
23911 333 2983 -1 30 -1 9 -1 30 3795 -1 9 -1 433 4389 -1 14 -1 182 -1 711 1874 -1 9748 -1 45 -1 304 3164 -1 9 383 -1
5716 333 -1 706 -1 172 -1 840 -1 14 45 433 2516 -1 1428 4861 -1 42 846 -1 719 2661 5166 -1 9 45 145 426 4859 -1 3062 5038 -1 7 849 2661 5166 -1 2108 -1 2996 -1 45 -1 9 849 -1 3548 -1 333 706 -1 60 1572 -1 2661 -1 1792 -1
13824 1629 -1 117 -1 9 836 -1 33 45 348 650 748 -1
8207 232 -1
8102 3169 -1
2884 9 45 3930 -1 404 -1
27132 520 -1 180 5024 -1 172 501 -1 2180 -1 127 -1 501 -1 124 -1
14454 711 -1 7 115 7971 -1
19380 333 -1 59 391 433 -1
2086 333 1187 -1 112 527 -1 3046 -1 30 3055 -1 120 -1 374 -1 50 112 -1 527 3058 -1 30 -1 3247 -1 120 -1 30 374 -1 50 -1 527 639 -1
16379 58 112 185 1029 1279 1493 -1 30 249 1493 6724 -1 182 -1
27958 348 -1 15 -1
4023 19 -1 849 -1 71 254 272 2569 5021 -1 7 40 1357 1373 -1 30 -1
1810 53 -1 1415 -1
8285 1571 -1 1331 -1 1022 -1 172 -1 3121 6878 -1
6968 3450 -1
33906 333 -1 9 318 433 1779 -1 113 639 2486 -1 2346 -1 58 -1 9 -1 1131 -1 45 58 639 2346 -1
5790 9 54 2169 4319 -1 9 45 232 2516 4879 -1 383 -1
14945 1028 -1 300 925 1744 -1
24962 1581 -1 501 -1 127 -1 711 -1
17895 54 912 -1
9973 329 -1 54 78 4172 -1
23881 9 30 -1 3494 -1 4260 -1 333 -1 2495 -1 21 1859 3631 -1 127 267 299 5642 5873 -1 30 384 404 -1 37 3435 -1 4544 -1 9 54 -1
30821 547 -1 361 983 -1 14 71 -1 9 21 30 40 254 2718 -1
1684 3867 -1 839 -1
6281 76 333 639 -1 77 -1
3249 60 -1
8188 351 -1
22 494 -1
8166 58 2343 -1 1525 -1
4904 124 -1
31925 30 -1 633 -1 9 37 -1 1147 -1
25212 3104 -1
22674 37 333 5084 -1 166 -1 9 304 383 1331 -1
20796 4004 -1 520 -1
25323 215 -1
8059 3169 -1 54 112 688 2260 -1
12488 1290 -1 765 -1
18953 3396 -1 3 4 9 37 45 1092 1493 1493 3571 4089 -1
11520 45 302 -1 7873 -1
10334 22 37 40 7538 -1 1550 3391 -1
29073 32 -1 230 -1 754 1432 -1
17226 127 638 -1
27301 404 -1 1028 -1 40 182 1041 -1 9 -1
25547 37 -1 9 -1 1662 -1 1191 -1 745 -1 2440 -1 267 300 -1 9 9 21 40 127 149 367 385 -1 329 -1 30 -1 40 110 1742 -1 45 72 -1 1028 -1 9 45 122 351 2651 -1 3 4 22 -1 564 -1 5343 -1
19905 10526 -1
7585 7 -1 9 4552 -1 1986 -1 45 1057 4954 -1
19704 7 -1
16990 58 127 2858 3127 -1
7578 333 706 -1 30 6601 6602 -1 30 6603 -1 30 6604 -1
12080 30 2592 -1 7 9 30 37 1092 2664 -1 30 -1 30 115 1144 3228 -1 283 -1
5734 30 120 2516 2516 3159 -1
5445 7 9 2949 -1
15668 76 333 -1 789 -1 206 639 -1 7 3645 -1
33005 198 12977 -1 12706 -1 45 154 574 639 -1
30419 2246 -1 21 -1 7 267 639 2346 -1
28315 333 333 2190 -1 1029 5676 -1 0 124 145 254 -1 2212 -1 45 -1 295 -1 40 -1 145 434 -1 22 1379 -1 60 2451 -1
20867 30 404 925 2525 7071 -1
25600 3094 -1 51 104 151 1493 -1
25721 2516 -1 30 -1 9 -1 2525 -1 2516 -1
29836 105 2146 2853 -1
15332 333 -1 333 -1 706 1447 -1 22 -1 9 40 -1 9 30 1739 9116 -1 2169 -1 9 -1 9 30 7491 -1
5502 211 285 379 -1
923 333 -1 706 -1 112 2010 -1 7 9 -1 993 -1 22 369 -1 45 264 361 2478 -1 30 -1 232 381 2677 3046 -1 50 -1 30 -1 2713 -1 9 30 37 222 2616 -1 1225 -1 120 3058 -1 30 1986 -1 2713 -1 361 800 -1 9 2677 -1 9 182 -1
19192 333 -1 61 639 -1 404 992 2431 3225 -1 382 -1 30 404 651 -1 54 470 -1 404 -1 30 9973 -1
14648 333 706 -1 7726 -1 9 -1
5557 3503 -1
11132 333 -1 706 -1 9 387 -1
23557 124 145 688 3287 -1 2246 -1 1432 -1
35472 7 677 -1
31942 39 688 -1
34542 333 -1 388 -1 13 19 30 211 983 4572 5044 8983 -1 58 -1 14 -1 227 -1
35080 91 333 639 7356 -1 3 6774 -1 21 42 638 -1 37 -1
9661 145 -1
6955 7 5431 -1 21 22 42 -1 40 58 369 -1 112 -1 3 491 638 -1 7 -1 3463 -1 42 172 -1
1384 54 639 1934 -1 61 254 361 976 -1 267 -1 30 30 638 2683 -1 9 9 42 173 1247 -1
21031 14 433 -1 71 10018 -1
33337 365 -1 9 285 -1
5269 433 433 5585 -1 5595 -1
7112 267 -1 127 299 1149 -1 30 112 433 -1 182 2186 -1 232 -1
10404 3041 -1 3 404 1069 1086 1493 2404 -1 800 -1
23903 5144 -1 11376 -1
8432 9 329 -1 30 1455 -1 9 -1 42 1738 2549 -1
6864 333 -1 0 -1 383 -1 32 58 61 361 3101 -1 289 -1
34308 104 2374 -1 9 46 169 547 639 -1 639 -1 14 -1 3335 -1
23882 40 542 -1
25763 9 9 45 369 383 -1 15 23 37 351 2641 -1 13 -1
10188 45 -1
25871 60 -1
3828 9 30 45 2529 3083 -1 9 -1 2516 2525 -1
2923 58 333 2440 2495 -1 2701 -1
17635 122 -1 404 -1 2141 -1
11163 333 333 -1 120 706 1092 -1 1707 -1 254 -1 2545 -1 264 1176 -1 1188 4794 -1 9 -1 22 6697 -1 9 45 77 -1
34423 54 639 -1 1364 -1 547 -1 21 444 -1 49 -1 13 -1 4 264 -1 757 -1 2246 -1
36141 333 706 -1 254 264 -1 7 379 -1 246 836 -1 9 145 -1
10716 30 54 120 -1 1092 4278 -1 481 -1
25039 333 972 -1 3 -1 110 298 639 2977 -1 6206 -1 182 -1 124 639 -1
58 45 -1 793 -1 14 49 58 101 588 -1 42 -1 124 -1
11938 295 -1 9 9 30 42 45 115 346 497 849 1455 4574 -1 172 4574 -1
15487 9 -1
28270 45 60 90 110 254 1565 -1 3332 -1 220 781 1027 1039 -1 1150 -1
28988 7 2063 -1
5223 172 745 2516 -1
17235 9 37 124 2440 3094 -1 45 127 404 2140 2472 -1 9 -1 45 5340 -1 90 -1
28251 333 -1 2260 -1 21 -1 30 40 40 42 58 122 638 638 -1 21 58 254 1152 -1 42 638 -1 1042 9845 -1
16972 333 -1 0 45 217 4245 -1 3124 -1 638 -1 30 -1 9 -1 4487 -1 45 215 7653 -1
22616 9 30 4097 -1 433 -1 9 14 30 386 433 760 5346 -1
35201 225 2169 -1
22624 45 60 328 333 2404 8079 -1 112 126 -1 122 -1 1232 1367 3125 -1 481 -1 4 23 2454 -1 870 -1 122 304 638 -1 9 -1 383 -1
7052 2440 -1
6643 748 -1 650 -1 289 -1
15431 9 54 5078 7851 -1
3531 112 -1 225 -1 45 2502 -1 3076 -1 45 3924 -1 1109 4841 -1 30 54 54 4273 -1 120 -1 396 -1 333 -1 45 60 706 4805 -1 3076 -1 3924 -1 30 -1 798 -1 4855 -1 45 3076 -1 3924 -1
29253 2859 -1 15 -1 124 -1
34992 1225 -1
14445 45 1445 -1 925 2960 3803 -1 30 -1
7143 2652 -1 9 -1 21 45 110 1028 2010 -1 1049 -1 21 -1 235 3675 -1 211 365 -1 9 215 -1 45 -1 483 -1 526 -1
5457 333 -1 369 706 2010 -1 145 -1 30 5655 -1 215 541 688 -1 126 -1
9598 23 641 -1 361 -1 300 -1 2977 -1
19583 333 -1 10076 -1 9 6221 -1 30 -1 30 1459 2505 -1 9 37 -1 81 -1
26343 60 333 706 -1 2602 -1 342 433 -1
27078 333 -1 388 -1 60 369 1055 4533 -1 9 423 2358 -1 9 1302 2528 -1 631 -1 13 30 -1 2934 -1 9 -1
13376 369 -1
14430 30 2600 -1 2580 -1
8531 2549 -1
16673 30 -1
33335 42 246 305 361 2439 -1 2 211 671 -1
33442 126 361 -1 211 -1
30825 333 -1 1485 -1 30 558 986 2246 -1 285 3159 -1
13266 42 60 -1
23595 145 638 -1
2000 30 -1 124 254 2004 -1 42 -1 54 172 211 852 2385 -1 21 54 449 -1
29818 54 -1 9 45 151 626 745 1459 2440 -1 9 632 -1 7 4476 -1 120 -1 3118 -1 333 495 -1 246 -1 1097 -1 45 -1 120 145 672 -1 1028 -1 9 15 12257 -1 45 172 333 5185 -1 9 3084 3145 7657 -1 45 154 -1 369 830 -1 9 -1 9856 -1 23 127 325 800 -1 333 495 671 3188 -1 142 246 -1 7 21 124 -1 37 2316 3435 -1 30 -1 9 37 -1
31724 333 -1 21 23 2260 -1 1493 3395 -1 30 124 254 4624 -1
14345 333 -1
34718 333 -1 2533 -1 969 -1 40 154 180 289 433 433 836 2362 -1 2246 -1 305 -1 42 2362 -1
25245 383 423 -1
18667 120 -1 1617 -1
31366 633 -1 4133 -1 299 -1 30 42 -1 120 -1 4356 -1 800 1529 -1 9 71 1154 -1 234 -1 254 -1 58 124 294 -1
9912 7379 -1
27566 13 254 300 706 1725 -1
33783 333 2477 -1 60 2430 -1 7351 -1 51 245 -1 285 -1 120 373 -1 466 -1
3839 9 22 54 77 1028 2678 -1
22841 9 6063 -1
3278 30 50 1130 -1 9 45 -1 21 1028 -1 215 631 719 1232 3184 -1
11595 22 6518 -1 7 9 -1
33624 145 -1 9938 -1
36099 9 333 706 -1 627 -1 30 40 235 267 404 3108 3855 -1 30 -1 9 45 245 -1 9 910 -1 14 21 107 112 484 -1 21 30 -1 9 145 246 404 745 760 915 1069 2482 -1 30 -1 7 -1 9 917 -1 30 124 -1 21 404 1934 -1 349 470 -1 30 -1 256 -1 30 2482 -1 22 124 2608 -1 9 2608 -1 885 -1
20114 2611 5979 -1
19625 3785 -1
5333 30 1171 1367 -1 1040 -1 42 -1
27106 14 60 433 6474 -1 1066 -1 7 9 -1 619 -1
21663 217 -1
27692 37 1763 -1
32934 60 438 -1
8487 329 -1
29945 542 -1 60 112 256 3036 5006 -1 45 -1 2691 -1
2141 2246 -1 542 -1 3 30 105 421 1242 -1
7312 333 -1 297 -1 201 2246 -1 30 126 2487 -1 50 -1 433 -1 45 202 -1 547 -1 14 127 6336 -1 148 3986 -1 30 6334 -1 30 45 2616 6335 -1 45 -1 880 -1 54 -1 9 -1 45 1092 -1 1493 -1
32346 90 -1
17631 21 -1 685 745 1493 2482 -1 37 404 2628 -1 999 -1
4641 9 -1
33023 3391 -1 28 2896 -1 96 -1 617 -1 62 711 6176 -1
14480 849 -1 30 1570 3184 -1
30255 113 -1 0 124 145 -1 2212 -1 45 -1 40 267 369 4102 -1
12605 30 124 -1 124 641 -1 9 300 1131 -1 45 6678 -1 254 2660 -1 264 -1 110 124 1725 -1 45 120 -1
349 13 45 348 433 -1 2246 2460 -1
19915 40 120 3181 -1
21527 1028 -1 60 -1 1028 -1 45 -1 60 -1
33155 60 8835 -1 22 45 9938 -1 2484 -1 9 -1 30 45 902 1097 -1
455 131 -1
3206 2533 -1 112 1459 -1 300 -1 9 45 4727 -1 9 112 2271 -1 433 -1 42 880 3069 -1 21 -1 112 -1 19 58 2443 -1 423 -1 112 -1
28836 13 120 749 800 -1 71 -1 254 -1
4504 14 22 433 2555 2698 -1 5346 -1
33466 76 4088 -1
8497 37 351 -1
24262 30 638 -1 149 -1 638 -1 32 300 2316 -1 58 300 -1
16784 37 -1 476 -1
10164 745 -1
32173 638 -1 12 2246 -1 9 3389 -1 54 385 -1
18954 37 383 1874 -1
1812 385 -1
22658 1728 -1
5263 898 -1 45 3710 -1
14068 30 -1
21526 9 21 40 385 780 -1 501 629 -1
996 331 -1
34338 14 -1
14635 775 -1
3576 9 30 45 2518 -1
1123 145 -1
28723 4096 -1
25480 124 484 639 5192 -1
15759 1331 -1 45 -1 9 -1 13 58 267 449 983 -1 9 300 1994 -1 9 45 -1
8051 333 706 -1 120 -1 21 77 3248 -1 37 -1 3651 -1 60 250 305 361 1986 2454 -1
3697 361 -1
873 3058 -1
31970 1707 -1
25427 254 3427 -1
1247 3 175 -1 361 719 -1
337 9 45 -1 30 124 149 2392 -1
2731 369 -1
9259 201 297 333 -1 639 711 1015 4695 -1 1493 -1 30 2525 -1 953 -1 185 -1 42 -1 638 -1 21 558 639 3225 -1
20609 9 42 3084 5213 -1 246 -1 60 -1 11 3441 -1
18101 9919 10141 -1
27521 14 1493 -1 1028 -1
11208 7813 -1 30 172 235 7814 -1 211 -1 4930 -1
11885 318 -1 9 37 211 285 476 745 1416 -1 15 23 58 383 521 638 -1
28991 333 -1 1805 -1
32042 1351 -1 115 -1 30 -1 60 1942 2702 -1
19684 361 -1
15217 2141 -1
6300 9 333 333 706 -1 173 -1 45 351 -1 2435 -1 45 127 172 3293 5989 -1 9 -1 173 -1
9524 13 -1 45 77 7270 -1 120 -1 405 -1
19783 9 9 32 45 81 -1 40 2631 -1 225 2131 -1
4817 77 -1 9 2516 -1 45 -1 5371 -1 9 45 1986 -1 5372 -1
14874 45 -1 9 9 45 45 173 173 8396 8678 -1 9095 -1
34078 45 836 -1
22564 45 -1 71 745 1049 2479 -1
4689 333 -1 706 -1 745 2440 -1 9 246 -1 3053 -1 9 1994 3458 5421 -1 45 124 -1 7 14 40 -1 4116 -1 7 30 145 4273 -1
9479 45 638 -1
23345 30 45 520 4280 -1
28883 7 -1 30 633 -1 688 1517 12264 -1 30 361 3440 -1
13911 4618 -1 15 -1 451 -1
26206 9 42 4387 -1
26772 58 -1 1387 2246 -1 129 -1
1622 30 800 831 -1
33461 135 -1 745 -1
32504 3355 -1
14189 45 351 -1
35306 361 -1 115 -1 365 -1 9 127 127 910 -1 2060 -1
8232 145 185 -1 30 671 -1 57 101 145 280 433 671 761 -1
5762 3341 -1
21902 833 2698 -1
11112 37 611 -1
22250 9 -1
13831 1190 -1 30 -1 2621 -1
4697 30 4742 4743 -1 7 995 4744 -1
8740 9 383 -1
31460 333 -1 113 660 -1 9 90 145 185 4272 -1
5113 45 -1 2900 -1
15635 7 -1
27122 483 -1
10241 9 333 333 419 -1 4189 -1 30 1144 -1 30 211 358 2010 3146 -1 21 -1 264 7337 -1
36254 54 -1
20211 2009 -1 3 433 -1 60 72 -1 2681 -1
32046 30 30 658 2250 -1 30 12044 12094 -1 30 1930 12088 12095 -1 2250 -1 9 -1 1986 -1 45 12097 -1 30 12042 12444 -1 9 30 12003 -1 2141 -1 45 -1
27143 1057 -1
11273 172 -1 7161 -1 30 172 1123 7832 -1
2022 254 -1 42 361 2435 -1 120 -1
9023 2894 -1 305 3760 -1 1057 -1 9 -1
35754 633 -1 40 267 969 -1 37 -1 9 -1 1171 -1 40 -1 45 -1
29282 254 333 706 -1 304 -1 124 145 -1 3555 -1 162 204 906 2246 -1 305 -1
20834 30 2327 -1 204 9748 -1
10214 30 3090 -1
12845 333 -1 706 -1 225 8245 -1 9 8162 -1 45 1986 7889 -1 342 -1 37 -1 9 -1 45 3300 7889 -1 120 -1 405 -1 30 -1 120 1306 -1
30185 54 840 -1 105 211 -1
14463 60 225 -1 37 122 361 7563 -1 775 -1
16801 361 4793 -1
34356 333 -1 706 -1 21 481 -1 45 1272 -1 1418 -1 3563 -1 149 -1 37 37 180 2010 -1 7 6826 -1 110 5536 -1 22 154 2167 -1 3 37 101 -1 633 969 -1 21 -1
31171 9 631 4531 -1
9050 61 -1 110 267 -1 7 711 -1
30938 9 45 300 540 2341 -1 215 -1 30 -1 14 12252 -1 9 30 138 -1
16528 30 266 433 541 639 -1 3 -1 49 -1 639 -1 14 -1 5122 -1 127 -1
30454 14 58 433 -1
18257 14 37 711 -1 348 2440 -1 745 3225 -1 51 -1
31572 4236 -1 7 9 37 283 1615 -1 3699 -1
367 9 -1 809 -1 9 45 -1 2404 -1 333 -1 9 859 2499 -1 45 151 404 -1 745 986 2440 -1 852 -1 1555 -1 745 -1 145 1416 -1 9 1154 -1 54 -1
6721 383 -1 404 -1 89 369 959 -1 1070 -1 7 77 3917 -1 1493 -1 405 -1 30 254 1144 -1 299 -1 300 -1
8191 6179 -1 30 745 -1 2475 -1 45 63 -1 124 -1 21 -1
17708 2977 8088 -1
25766 9 45 383 1092 -1
32494 110 -1
30260 9 285 1222 -1 156 -1 54 -1
6272 333 1606 -1 638 -1 1415 -1 21 639 -1 558 2608 -1
24504 122 124 333 5503 -1 113 706 -1 45 2292 2651 -1 351 591 -1 9 -1 191 -1 45 -1
13047 45 224 333 706 -1 124 -1 45 365 -1 9 45 396 -1 1190 2581 3501 -1
32952 162 -1
227 547 1424 -1 280 -1 112 -1 124 264 626 696 -1 13 77 -1 9 -1 941 1939 -1
23605 9 342 -1 21 -1 254 -1 9 58 91 1713 -1 3485 -1
8605 3698 -1
430 30 1191 -1 2550 -1 30 396 2579 -1
13258 638 -1
17387 333 -1 0 999 -1 9 45 -1 2631 -1 30 380 937 -1 120 121 -1 10065 -1 45 -1
13320 225 -1 60 3849 -1
13487 351 -1 42 112 225 476 -1
18198 172 -1 177 -1
25071 30 396 404 404 -1 30 404 2579 4387 -1
25002 3005 -1 9 37 711 993 -1 1707 -1
16846 745 -1
11974 30 112 -1 1735 -1 719 1331 -1
2827 49 333 706 -1 3 254 1367 4615 -1 145 -1 120 1986 -1 254 -1 433 -1 1792 -1 42 765 1367 -1
27737 1503 -1
8371 706 -1 254 -1 283 3066 -1 42 -1 30 120 211 1236 -1 9 -1 1092 1130 -1 9 182 -1 3114 -1 30 -1 182 -1 211 -1 9 -1 21 1028 -1 235 -1 2698 -1
8310 124 145 254 328 688 706 -1 112 364 -1
29042 14 -1 745 2633 -1
8658 9 21 -1 77 90 -1
11274 21 112 124 180 2960 3559 -1 3 558 4224 -1
11957 254 688 706 -1 328 -1 9 -1 383 -1 2692 -1 30 -1
289 333 706 -1 369 -1 9 225 -1 2359 -1 30 2147 -1 9 9 22 235 543 2354 -1 2359 -1
34518 58 285 2246 3384 -1 1493 7142 -1 54 -1 547 -1 22 40 -1 537 -1
28644 2340 -1 13 61 -1 6916 -1
31120 993 -1 215 1707 -1 1583 -1 7 -1 3225 -1
19431 30 -1 9 -1
36193 30 -1 9 77 839 880 -1 2665 -1 9 21 81 115 -1 45 -1 9 -1 619 -1 45 -1 9 -1 2432 -1 14 1236 -1
26236 638 -1
8901 831 -1 9 124 800 -1 256 -1 998 -1
8427 30 280 -1 40 -1 105 -1 21 -1 113 2246 -1
24732 1123 -1 10251 -1 7 129 -1 9 1039 1124 -1 30 112 385 -1 4173 -1 13 21 162 -1 13 -1 14 21 4096 -1
30079 3 -1 7714 -1 145 547 -1 30 2246 -1 3 58 -1 6979 -1 101 -1
15394 8643 9344 -1 333 -1 8537 -1
3357 145 509 745 2440 -1
21039 115 -1
24873 2443 -1
22744 2396 -1
3534 9 -1 2710 -1
29382 2321 -1 9 15 81 -1
26896 2865 -1 433 -1
12248 296 -1 639 3057 -1
33539 333 -1 23 39 124 692 1044 -1 30 -1 172 -1 12068 -1 112 126 -1
13564 3 639 1789 -1 1055 -1 54 -1 9 -1 9 45 1092 -1 383 -1 232 -1 45 805 1190 3184 5002 -1 30 -1 60 3184 3184 -1 30 45 45 1430 5002 -1 30 2562 -1
23213 759 -1
10346 631 -1 21 -1
36343 32 -1 9 45 3920 -1 369 -1 30 -1 45 -1 9 -1
34713 333 3041 -1 49 -1 14 2246 -1 910 -1 42 969 -1 127 -1 9 -1 876 -1 9 38 45 394 -1 71 -1 234 -1 2293 -1 9 37 -1
6540 1040 4683 -1 14 37 58 2697 -1 9 22 385 404 -1 369 383 404 -1 1091 -1 711 -1 54 -1 232 -1 921 -1 30 162 1040 -1
21152 4339 -1 60 1310 -1 110 10890 -1 30 -1 543 5888 -1 184 1779 -1 9 385 -1 4221 -1 3 -1 7 9 45 993 3677 -1 9 -1 470 -1
24519 1660 -1 9 914 -1 914 -1 40 -1 267 -1 9 182 720 -1 4730 -1 9 45 -1 385 -1
19960 81 333 1304 -1 45 -1 60 -1 90 -1 37 40 120 759 -1
31170 30 2592 -1
27455 40 547 -1 127 1023 2669 -1 30 -1 9 -1
9226 305 -1 688 -1 0 145 383 638 1081 3760 -1 7 -1
10545 305 -1
19548 433 -1 14 -1 759 -1
21453 4930 -1
27602 9 -1 2549 -1 433 -1
8148 250 333 374 706 6843 -1 361 -1 396 -1 30 120 396 2405 2500 -1 115 -1 30 112 -1 110 4398 -1 6842 -1 30 145 361 688 -1 2440 2495 -1 58 -1 2992 -1 37 -1 154 -1 177 -1
7583 201 -1 9 173 -1 45 -1 2965 -1 1144 -1 7 115 -1 122 347 -1 13 30 30 2435 6619 -1 2934 -1 13 -1 9 42 -1 3676 -1 45 -1 9 -1 329 -1 30 -1 5635 -1
13306 3289 -1
31905 4715 -1 333 706 4803 -1 276 688 12264 -1
11335 333 -1 706 -1 9 305 7840 -1 45 -1 21 149 7434 -1 127 805 -1 2819 -1 37 149 -1 127 -1
17463 14 -1 54 60 4096 -1 45 172 915 4944 -1 21 -1
7963 9 1154 -1
5031 351 -1 745 957 -1 3523 -1 7 -1 14 -1
24735 197 333 6867 -1 719 -1 13 37 71 215 235 -1 639 2505 -1 9 304 -1 112 632 2604 -1 348 433 1182 -1 117 396 2579 -1 32 -1 112 302 -1 433 -1 14 641 -1 186 -1
14859 333 -1 0 173 -1 45 6538 -1 30 -1 6537 -1 1570 -1 1190 -1 2600 -1 30 -1 63 -1
22212 61 639 -1 246 -1 124 -1 232 -1 21 433 470 882 -1
1612 7 -1
19359 9 45 383 470 -1
7445 50 -1 9 21 30 235 256 2903 -1 30 -1 5780 -1
25936 110 -1
28499 333 2993 -1 3566 -1 21 2246 -1 2300 -1 58 -1 63 -1 45 -1 197 427 971 -1 54 639 -1 113 145 -1 547 -1
14377 9 30 2677 -1 9 382 -1 9 15 342 3125 -1 1232 -1
15945 333 -1 197 706 -1
22012 433 -1 14 -1
3239 361 -1
4360 333 333 -1 706 -1 9 383 -1
22566 37 124 3310 -1
26075 2369 -1
13036 3360 -1
12072 182 395 1493 3605 -1
22586 246 -1 547 11162 -1 450 -1 7 2977 -1
19493 333 -1 105 1486 -1 556 1493 1986 -1
29398 7 14 849 1642 3070 -1 1725 -1 300 6238 -1 9 21 300 1738 -1 418 -1 433 -1 14 -1 5482 -1
17175 333 2486 -1 9 58 112 4024 -1 782 -1 9 9 45 117 383 10015 -1 45 -1 120 -1 254 433 2341 2608 -1 124 -1 30 58 -1 1457 -1
28407 30 -1 254 -1 3185 -1 124 -1
24975 9 45 323 -1 351 -1
30959 71 225 -1 234 -1 3 91 254 -1 1565 -1
316 9 -1
406 44 2367 -1 45 2511 -1 957 -1 2510 -1
14439 299 -1
7952 7 217 6765 -1 13 33 40 2358 -1
29015 40 369 -1
30040 30 -1
32024 2440 4255 -1 258 -1 30 404 2341 -1 1176 -1 433 4862 -1 711 -1
25768 333 -1 706 745 -1 7 113 2440 -1 9 -1 7 365 870 -1 9 45 351 1092 -1 195 -1 304 -1 9 -1 632 -1 1092 1874 2246 2604 -1 45 -1 13 351 547 983 1185 -1 45 -1 211 333 537 5205 -1
24353 182 671 -1
36312 836 2439 -1
25449 215 -1
13516 21 -1 9 -1 45 329 -1 748 -1 650 -1 711 8790 -1 19 -1
8947 688 -1 68 -1 14 61 -1 9 9 45 1312 -1
6402 172 910 5043 -1
4546 433 5330 -1 9 145 361 -1 1065 -1
15674 30 2569 -1 7755 -1
8672 688 -1 2475 2477 -1 745 1493 -1 1859 -1
46 9 37 198 653 716 -1 717 -1 301 -1
5686 1738 -1 145 -1
6211 333 -1 522 -1 2440 -1 745 -1 62 -1 42 124 3662 -1 404 745 1859 2440 -1 58 120 145 246 -1
34562 14 63 112 433 849 1171 -1
949 638 -1
9915 185 639 2242 -1 30 182 638 711 1015 -1
26684 3587 -1
21285 2631 -1
1293 9 211 2454 3427 -1 21 -1
10844 385 404 -1
19689 333 10468 -1 40 -1 9 37 -1 45 417 -1 124 -1 21 -1
22845 7 37 124 -1
25018 120 2564 -1 177 1859 -1
5379 9 9 45 45 880 3159 -1
29936 639 754 -1
19092 1587 -1
28108 3131 -1
19917 10451 -1 7 836 -1
12107 3808 -1
21669 333 706 -1 105 -1 14 433 -1 60 127 145 711 4266 -1 9 -1 9 21 383 383 -1 61 -1 57 105 -1 21 421 -1 254 -1 23 333 521 639 2396 -1 61 -1 185 509 -1 9 -1
6119 9 21 112 433 1331 -1 182 2505 -1
9415 7 -1
28112 40 365 556 1859 2540 -1
33123 639 -1 558 -1 14 3336 -1 150 -1
3936 361 -1
19322 1022 -1
11300 30 1119 1459 -1 218 2462 -1
29704 333 706 -1 423 -1 112 -1 264 -1 12252 -1 361 -1 112 120 2421 3682 7476 -1
34854 13542 -1
11459 9 60 68 84 254 257 296 631 706 4266 -1 9 40 -1 4266 -1 22 -1 9 383 -1 9 23 521 2396 -1 433 2677 -1 14 30 3807 -1 9 -1 3104 -1 21 -1 13 126 182 433 -1 14 -1 298 -1 110 -1
11373 77 -1 3108 -1 42 375 481 -1 120 -1 417 -1 77 -1 9 127 1306 -1
6376 383 -1
14109 30 30 426 1455 2357 2358 4031 -1 797 -1 4722 -1
13743 120 182 -1
28815 127 -1
3951 49 4645 -1 9 1171 4412 -1 30 185 953 -1 14 145 3532 3547 -1 254 267 433 -1 145 -1 9 2169 -1 9 333 433 482 706 2169 -1
23312 9 30 30 105 182 182 839 1076 2549 -1
7153 9 173 333 333 706 -1 45 -1 351 -1 4453 -1 37 -1 9 9 30 800 934 2933 4417 6005 -1 631 -1 45 -1 9 285 838 -1 37 365 -1
29127 162 -1 3645 -1
2962 30 -1 2587 -1
23764 9 9 211 211 1028 -1 1279 -1 9 45 -1 383 -1 172 -1 369 -1
24103 30 -1 9 627 -1 58 433 9701 -1 150 -1 51 104 145 361 -1
34138 37 -1
31575 145 -1 21 49 711 745 3514 -1 668 -1 745 -1 2482 -1 482 -1
20748 2630 -1
4986 1557 -1
15798 13 532 -1
18669 9 385 -1 45 -1 2597 -1
12767 120 1986 -1 859 -1 30 105 1092 -1 37 -1 3 22 639 775 -1 45 110 606 -1 45 61 211 351 4152 -1 639 -1 831 -1
8798 254 639 706 961 3103 -1 58 1066 1493 1986 -1 299 -1
29263 225 387 -1
27668 333 -1 10850 -1 833 7453 -1 54 -1 9 40 5163 -1 481 2522 -1 9 -1
7431 30 232 4152 -1 3296 4914 -1 800 -1 9 218 -1 1950 -1
26666 893 -1
19533 45 -1 1049 -1
13098 9 45 4234 -1 1986 -1
20783 30 -1 9 383 -1 1415 -1 433 -1 14 5694 -1 21 37 -1
10562 30 45 1430 -1 60 -1 4806 -1
18766 333 -1 9 210 254 577 1653 -1 30 127 325 800 3038 -1 60 361 434 1586 2518 2740 -1
6502 1416 2535 -1
2690 9 -1
21926 1510 -1 37 115 361 -1 30 1035 -1 639 -1
10799 15 1209 7679 -1 765 2406 -1
30849 379 -1 45 -1 2316 -1
5185 333 -1 1567 -1 9 -1 125 -1 45 246 433 537 2246 4432 -1 145 -1
29709 12112 -1
10446 30 2855 -1 13 30 120 479 638 -1 4477 -1
1514 2311 -1
5298 13 -1
19372 10355 -1 145 544 9846 -1
34221 45 -1 112 126 -1
35708 60 -1 9734 -1 9 21 21 32 40 254 633 12483 -1 969 -1
35176 9 30 57 917 -1
16918 404 -1
22149 54 154 -1 254 4696 -1 77 -1 54 5277 -1 154 5187 -1
36161 3 30 103 112 -1 117 180 631 930 1150 -1 3225 -1 9 2387 -1 30 120 -1 2389 -1 30 -1 571 -1 6954 -1 9 -1 2008 -1 45 -1 120 -1 470 -1
24558 30 2169 -1 1964 -1 9 127 7312 -1
15014 30 -1 639 -1
19524 124 -1 9 182 -1 4738 -1 45 -1
4463 333 -1 318 -1
21473 9 297 333 -1 1168 -1 126 -1 215 -1 30 58 -1 30 369 -1 172 -1 30 1170 1171 -1 58 -1 897 -1
12449 120 656 4698 -1
45 21 22 127 700 -1 40 -1 701 -1 54 -1
32457 333 -1 224 706 -1 45 -1 124 235 -1
27367 172 -1 77 7717 -1
34890 30 -1 30 54 78 78 384 -1
30533 639 -1 3 -1
8370 333 -1 706 -1 688 6870 -1 1606 -1 42 638 2443 -1
12671 333 -1 30 598 1805 8159 -1 37 42 60 292 3449 3854 -1 9 -1 968 -1 1030 -1 30 -1 1029 -1 296 2566 -1 9 9 45 191 -1 256 -1 342 -1 9 45 342 -1
5008 333 -1 706 -1
30608 21 30 254 -1 40 -1
32352 3 -1 294 -1 15 45 72 90 105 -1 23 28 254 520 789 -1
29150 706 -1 50 235 305 -1
31056 22 633 -1 264 -1 688 -1
24110 333 -1 328 -1 1744 -1 23 -1 9 1319 -1 2567 -1 45 351 -1
13808 254 1191 3751 -1 37 -1 775 -1
17126 9 45 -1 30 126 383 3145 -1 145 654 -1 71 120 272 2437 2628 -1 30 -1
33928 37 73 76 101 -1 340 -1 30 -1 37 101 5503 -1 340 -1
381 1130 -1
21866 2496 -1 30 61 -1 58 2703 -1
7528 351 -1 1571 -1 22 4152 -1 58 264 -1 33 -1 172 921 1942 -1
9364 589 -1 42 54 197 1459 -1
4030 9 -1 21 846 -1 37 40 -1 9 4097 -1 254 1131 -1 433 831 -1
7235 264 -1
13608 405 -1 30 264 -1 103 -1
3788 2525 -1
2986 2440 4728 -1 13 42 805 879 -1 30 -1 62 -1
21289 6914 -1
30719 107 -1 246 -1 45 361 -1 9 -1 837 -1 9 45 2706 -1
20359 7 568 -1 9 45 396 -1 7 14 37 215 2033 -1 13 -1
35127 58 537 -1 1356 -1
553 9 126 396 -1 45 -1 2597 -1 765 -1
28844 333 -1 333 -1 1805 -1 45 63 -1 9 -1 2582 -1 961 -1 1144 12003 12100 -1
11448 254 -1 1086 -1 9 9 30 37 63 218 254 831 2865 -1 37 2965 -1
34767 37 -1 1390 -1
22593 30 -1 639 -1
29485 13 145 -1
18406 2484 -1 211 225 -1 120 650 -1 7 -1
6660 711 -1
31026 745 -1 14 2440 -1 22 961 12578 -1 40 -1 15 89 3867 -1
6348 9 30 -1
3627 2677 -1 3125 -1
17705 45 -1 13 -1
27080 1575 -1
23259 61 -1 21 124 639 1509 -1 126 -1 925 3559 -1 2960 -1 45 -1 957 1445 -1 639 -1 3 -1 1081 -1 45 110 -1 105 993 -1 9 45 300 385 -1 9 -1 9480 -1
8897 333 706 -1 112 -1 45 6428 -1 172 235 7091 -1 1591 2685 -1 9 37 2970 -1
35364 3 22 42 58 58 1167 10568 -1 9811 -1 124 -1 3 21 -1 4 2698 5001 -1
9434 30 2478 6946 -1
19384 2642 -1
29585 9 632 -1 264 -1 166 1331 10247 -1 103 -1 14 107 1171 -1
5936 246 305 433 -1 9 9 54 145 2903 4328 5322 -1
19642 45 2353 -1 380 -1
12022 299 -1 9 -1 2903 -1 30 -1 426 800 -1 11 45 385 1725 2999 -1 90 120 426 -1 998 -1 30 2612 -1 13 -1 30 -1 9 112 211 1422 -1 3406 -1 45 -1 30 880 -1
8479 333 706 -1 37 115 1367 2528 3092 -1 9 30 2358 -1 2461 -1 9 -1 45 6284 -1 7 9 30 110 1092 1144 1459 -1 120 -1
32133 7 13 333 333 706 800 1124 2010 -1 9 -1 21 172 3162 4088 -1 30 4180 -1 30 1071 -1 333 -1 706 -1 12425 -1 9 -1 325 -1 2169 -1 30 30 12253 -1 658 -1 30 30 12382 -1 71 -1 72 -1 71 -1 9 45 235 2854 -1 9 45 -1 325 2169 -1 235 -1 150 1742 -1 285 775 -1
20473 30 6166 -1
17913 745 830 2883 -1 7015 -1
9534 283 -1 432 719 -1
17250 426 -1 21 40 63 2211 -1 1015 -1 37 60 145 245 423 711 -1 745 -1 14 2438 -1 1112 -1
32287 77 470 3760 -1
23056 45 60 2115 4826 -1
27362 45 7679 -1 404 -1
35749 633 -1 30 46 63 969 -1 1176 -1 71 -1 254 257 671 -1
8643 1859 -1 37 231 -1 14 254 2721 -1 45 -1 9 180 383 -1 23 53 58 120 501 -1 3181 -1 7 9 -1 2293 -1 30 -1
31229 112 235 2533 -1 2612 -1 254 -1 688 -1 120 145 -1 3591 10812 -1 9 115 -1 12144 -1 21 -1 260 -1 21 1438 -1 14 -1 4654 -1
11000 145 -1 0 21 191 638 -1
19630 124 -1
1804 3958 -1
11312 9 -1 45 2903 -1 21 750 -1 30 264 375 2903 -1 54 120 4181 -1 30 2903 -1 30 54 120 4182 -1 21 -1 7 22 375 1457 2464 -1 37 -1 30 775 -1 37 5881 -1 30 37 -1
18955 68 639 -1
6512 333 972 -1 433 -1 3 112 -1 103 921 -1 172 1057 -1
25705 9 3475 -1
23308 3 21 2246 -1
12983 333 333 -1 235 1138 -1 9 -1 45 396 -1 9 5518 -1 9 45 1986 4555 -1
11729 254 -1 639 688 -1
9904 2435 -1
22304 650 -1 7 -1 9 254 10845 -1 61 5970 6248 -1
24086 122 333 6272 -1 9 1367 -1 9 42 619 627 -1
19103 32 102 112 433 1398 -1 42 -1 9 650 -1 9 37 3113 -1
32344 57 -1
451 124 1039 -1
35560 13 1658 -1
27833 333 333 -1 639 2396 -1 61 -1 547 3280 7938 -1 9 -1 1169 -1 626 -1 9 1639 -1 45 -1 9 256 -1 30 -1 3477 -1 631 -1 9 45 -1
5671 333 -1 254 433 706 -1 2186 -1 626 4319 -1 9 180 2169 -1 433 -1 1424 -1 54 1964 -1 361 -1 765 -1 9 -1
7621 42 -1 1367 5322 -1 719 2903 -1
17769 638 -1
30860 361 -1
14264 30 -1
31722 32 104 482 638 2246 -1
22224 1033 -1
24079 9 40 45 497 -1
26935 2005 -1 9 30 837 -1 45 -1 1035 -1 300 11771 -1
14536 76 333 -1 8129 -1 2435 -1 60 925 -1 321 -1 110 -1 9 45 -1 1092 -1 45 -1 9 -1 30 383 -1 110 -1 9 45 -1 1092 -1 45 -1 9 -1 342 -1 30 45 -1 9 323 -1 30 -1 257 -1 13 145 -1
17952 2604 -1 45 4439 -1
27794 42 -1 7076 -1 110 -1
31399 333 660 -1 58 1083 -1 21 -1 254 1029 -1 7 124 -1 9 45 -1 730 -1
22611 30 300 671 983 1459 -1 9 2903 10935 -1
4833 30 -1 2576 -1
21892 30 -1 304 3606 -1 638 -1 54 745 -1
28220 57 -1
8515 333 -1 333 -1 211 1805 -1 9 -1 173 -1 45 -1 30 351 -1 9 211 1028 1144 -1 30 115 2010 -1 9 145 -1 45 369 1092 -1
20993 9 45 1934 -1 383 -1
30576 234 -1 9 63 127 2528 -1 910 -1
3791 2677 -1
27640 1874 11944 -1
20527 156 2537 -1
7649 9 333 2894 -1 3007 -1 45 -1 5685 -1 352 -1 971 -1 54 -1 127 671 -1 22 -1 101 126 -1 58 2660 5122 -1 105 -1 631 -1 50 1497 -1 77 -1
915 9 2616 -1 54 -1 9 1455 2516 -1 30 2528 -1 30 115 -1
26683 9 -1
1536 30 -1 3749 -1
29088 3036 -1 112 423 -1
26135 30 1097 -1 30 -1
20894 3086 -1
12109 3927 -1 30 598 -1
7557 172 -1
6306 145 -1 172 -1
19834 89 333 544 -1 433 2720 -1 3 2371 -1 21 60 1557 1986 5432 -1 30 4944 -1 3 433 -1 340 -1 9 45 -1 921 -1 9 1057 1418 -1
20577 11 12 19 -1 13 -1 14 -1 520 -1
25338 2383 -1
17660 246 -1
8343 706 -1 254 -1 4375 -1 124 -1
32910 117 897 -1
31045 423 -1 215 -1 3 289 331 5124 -1
29305 2945 -1
23791 30 -1 235 331 -1 30 -1 103 520 1342 -1
22243 45 77 120 4572 -1
27181 501 1581 -1 8057 -1
17784 30 124 983 1416 -1 124 -1 62 -1 60 -1 434 4607 -1
7553 775 6544 -1
30811 839 -1
11471 254 1144 -1
2685 9 -1 13 14 37 50 202 433 4531 -1
21255 9 885 -1
32273 373 -1
982 333 -1 9 706 2720 -1 3065 -1 7 1764 -1 1367 -1 30 -1 688 -1 1606 -1 638 639 -1 1015 -1 711 -1 3159 -1 60 -1 880 971 -1 45 -1 404 3286 -1
9616 30 358 -1 9 30 37 2616 3488 -1
5995 2545 -1 37 285 5880 -1 5649 -1
6743 58 -1 114 115 -1 51 -1
12906 346 -1 9 45 -1
34949 30 224 -1 112 215 -1
7165 9 30 -1 4097 -1 433 4490 -1
5310 126 748 -1
27464 45 110 162 423 1049 2010 2246 -1 897 1057 1493 2288 -1 547 -1
26875 7 2406 -1 182 -1 1176 -1 2549 -1
36100 120 -1
21410 254 304 589 639 -1 13 40 54 -1 1013 -1
32556 7 723 836 1037 6265 -1
6390 9 -1 7 421 748 1131 2487 -1
30406 126 -1
21744 745 -1 996 1874 -1 30 1874 7128 -1 351 2540 -1 81 -1 40 -1
6760 45 -1 19 120 405 -1 9 -1
1326 77 2953 -1
66 30 893 -1 42 894 -1 60 -1 895 -1 45 321 -1 9 896 897 898 899 -1 643 -1
20418 30 60 254 1986 10512 -1 30 50 -1
9159 30 -1 688 2630 -1 115 -1 7 30 671 -1 61 101 547 2855 -1
7726 333 333 -1 706 -1 9 -1 45 2453 -1 3522 -1 22 -1 9 -1 45 173 -1 149 351 -1 115 -1 110 -1 45 112 527 1049 -1 37 -1 3651 -1
33286 54 -1 280 -1 639 -1 21 91 -1 57 -1 639 -1 58 -1 32 -1 280 639 -1 3324 -1 21 -1 57 -1
12761 333 -1 21 254 364 706 -1
20747 9 -1 3831 -1
30964 254 2461 -1 7 671 -1
8050 333 -1 706 6758 -1
22550 3 122 6154 -1 638 -1
9191 9 30 -1 364 1028 -1 986 -1 42 124 -1 9 1040 -1
32546 54 639 -1 1109 -1 60 1109 -1 37 -1 60 537 1109 1331 -1 22 433 2246 -1 37 103 -1 544 -1
35626 37 537 1356 -1
25939 333 -1 9 285 706 -1
24076 333 1304 -1 90 -1 40 -1 10112 -1 15 -1 120 -1 1097 -1 426 6924 -1 40 8190 -1 9 15 -1
12456 9 182 7541 -1
20368 333 -1 333 639 706 3302 -1
31815 21 -1
735 45 619 627 1028 -1 14 45 433 -1
16512 333 -1 71 124 354 2260 -1 2298 -1 215 -1 9 37 -1 1421 -1 2419 -1 25 45 -1 333 2486 -1 112 1306 -1 367 -1 127 361 -1 30 -1
24120 126 426 1351 -1
41 672 -1
1201 333 706 -1 9 37 115 996 2528 3117 -1 2358 -1 30 -1 2435 -1 9 998 -1 21 254 264 -1 54 831 -1 120 -1 3467 -1 30 -1 13 1086 -1 54 115 -1 60 3153 -1 30 298 -1 846 -1 182 -1 9 -1
27929 32 54 1438 -1 7 -1 14 -1 1725 -1 110 -1 7 30 -1
26460 129 -1
5660 333 -1 49 706 -1
30955 21 211 -1 9 760 -1
28816 800 2513 -1 120 -1 9 32 759 1131 -1 800 3427 -1 9 -1
8126 30 2600 -1 849 1191 -1
30599 433 -1 58 482 -1 13 -1
27591 547 -1
23131 433 1459 -1
28591 571 -1 61 -1 14 345 -1 1057 -1 547 -1
11855 333 -1 706 -1 7486 -1 688 -1 2894 -1 50 58 -1
34517 15 2047 -1 9 -1 45 462 -1 361 -1
6 106 107 -1 14 -1 60 71 71 108 -1 109 -1 30 -1 45 110 -1 111 -1 21 71 90 91 103 112 113 -1 114 -1 9 115 -1 116 -1 103 117 -1 118 -1 119 120 -1 121 -1
19161 4298 -1 232 -1
2262 30 112 294 423 -1 9 21 -1 383 -1 264 3188 -1 9 -1 45 173 -1
30037 9 -1 2 -1 22 113 639 -1
3495 333 -1 706 -1 42 -1 361 -1 77 -1 45 1986 4919 -1 45 4920 -1
18138 40 180 -1 162 -1 256 -1 60 369 -1 71 154 369 -1
23378 639 -1 61 185 509 -1 9 -1 5641 -1
101 1204 1205 1206 -1 304 -1
13562 22 -1 9 -1
12909 333 706 -1 120 271 -1 77 -1 60 4888 -1 271 -1 568 -1 361 -1 45 -1 9 -1 60 342 -1 4287 -1 54 4517 -1
17238 127 626 -1 748 -1 2009 -1
22570 404 -1
14451 37 -1 9 151 -1
28316 58 124 145 -1
19618 39 333 -1 40 71 -1 7 60 6920 -1
18798 58 71 254 7263 -1
28530 120 831 925 -1
36042 21 58 107 112 124 171 568 -1 21 32 -1 107 112 -1 14 12081 -1 2581 3843 -1
20319 45 -1 380 -1
25045 112 -1
20696 45 3873 -1 9 -1 30 1585 -1 9 45 3441 -1 404 -1 5258 -1
27981 9 -1 14 21 112 265 558 1726 -1
18969 333 -1 39 -1 40 -1 11 -1 54 -1 21 638 639 -1
35643 292 1602 -1
32171 361 -1
5315 45 4727 -1 9 2271 -1
910 9 112 300 385 2656 -1
4784 1738 -1 22 -1 40 543 -1 9 3598 -1
9373 748 -1 30 127 711 749 -1 9 61 246 639 3000 -1
6105 2009 -1
35088 54 639 1390 -1 21 1039 -1 537 -1 639 10191 -1
26017 40 68 333 -1 9 -1 3170 -1 30 -1 61 101 -1 9 1881 -1 839 3867 -1
26318 45 1493 2341 -1
14099 9 -1 1859 -1 45 45 8522 -1
11896 9 45 300 1147 4632 -1
29761 285 5299 -1 120 4809 -1
14043 333 388 -1 254 -1 6231 -1 9 -1 9 22 215 233 257 1964 -1 30 361 1964 2435 -1 9 42 2569 -1
23233 37 49 112 264 598 1493 -1 1964 -1 30 -1
11779 45 -1 9 201 5688 -1 61 639 1182 -1 105 211 256 300 748 3036 -1 30 1131 -1 21 73 433 2246 -1 639 2346 -1
35622 2 -1 564 -1
23097 3288 -1 23 45 351 -1 542 -1 60 -1 780 -1 9959 -1
8758 58 -1 9 383 -1
17728 651 -1 120 -1 37 191 369 -1 639 -1 3 -1 831 1493 -1 1390 -1
4967 45 -1 9 9 30 54 4126 -1 9 45 2200 5396 -1
8642 1247 1367 3146 -1 37 42 231 264 957 2454 -1 3659 -1 30 -1
16552 21 112 127 1416 3007 -1
30313 333 -1 224 388 -1 45 -1
12118 2633 -1
32039 373 -1 379 -1
14 393 394 -1 57 -1 112 -1 13 37 395 -1
30941 58 -1
22921 3 333 660 -1 13 225 4096 -1 30 -1 148 -1 4096 -1 13 7607 -1 145 -1 9 638 -1 385 387 -1 40 225 481 4096 -1 103 -1
13300 30 42 346 3184 -1 124 -1 42 2984 -1 30 2576 6320 -1 30 -1 1571 3184 -1
22714 45 -1 1493 -1 1028 -1 1861 -1
10094 333 -1 13 77 333 706 -1 2478 -1 342 -1 296 358 -1 0 -1 23 383 1518 -1 9 -1 30 45 1092 7461 -1 21 211 -1 5168 -1
6950 7 7 58 369 -1 2462 -1 957 -1 58 112 565 -1
22939 30 -1 7 3225 -1 124 -1 433 -1 365 -1 14 71 -1 105 -1 4806 -1 11 22 40 54 1438 -1
4118 2945 -1
31374 21 -1 8084 -1 638 -1 37 58 433 2316 2912 -1 32 433 -1 3 9 -1 45 142 -1
13995 37 1367 -1 417 -1
5453 9 45 -1 385 -1
17879 10167 -1 58 -1 7 154 3070 -1 14 -1
32953 73 -1 21 -1 745 -1 4 2484 -1 45 -1 72 -1 1191 -1 60 105 145 1310 3005 -1 57 639 -1 9 -1 104 -1 54 1017 2476 12964 -1
21007 333 -1
32790 60 -1 244 -1 365 1022 -1 1555 -1 1460 -1 45 -1 631 -1 162 254 -1 2858 -1
7357 45 5650 -1
32893 21 -1
14059 7 235 347 7886 -1
8412 30 -1 60 2389 4593 -1 30 60 4930 -1
13786 21 37 40 -1 9 30 295 -1 9 37 -1 40 748 885 -1 748 -1 40 -1 9 30 383 745 1874 2212 2475 5694 -1 71 -1 749 -1 1149 -1 211 -1
8509 333 -1 706 -1 9 215 -1 45 -1 351 1144 -1 7 110 -1 338 -1 122 -1 9 30 215 3697 -1 45 351 831 -1 37 186 -1 6963 -1 7 -1 347 -1
16953 5567 -1
20981 13 333 706 -1 267 433 -1 7 1124 -1 21 21 37 120 400 433 631 -1 14 -1 925 1351 -1
14261 54 -1 2246 3005 -1 58 -1 54 -1 90 -1 9 32 54 383 -1 40 180 -1 42 547 -1
31448 30 30 201 3989 -1
19184 433 -1 9 101 4472 -1 4378 -1 37 60 4471 -1 963 -1
8155 423 2246 -1
9504 105 800 -1 45 124 685 711 1950 -1
23838 9 -1
3237 254 631 -1 2401 -1 30 -1 77 -1
13410 30 120 -1 7 1248 1418 -1 626 -1 9 -1 71 426 2606 2614 -1 1331 -1 1109 3956 -1
6970 30 1013 -1 115 1057 -1
21501 333 706 -1 9 45 1035 1109 -1 433 -1 14 -1 9 30 476 -1 45 773 1035 -1 30 6197 6804 -1
7561 9 45 45 173 3501 -1
21734 9 2002 -1
10571 9 2616 -1
35488 885 -1 30 -1
12130 32 -1 71 -1 9 383 2692 -1 61 639 2063 -1 30 45 361 685 765 2113 -1 361 -1
31136 837 1152 -1 145 -1 836 -1 6265 -1
33839 90 2835 -1 1605 -1
29668 5937 -1
8654 57 -1
6716 58 -1
26659 9 45 60 110 2666 -1 45 385 2433 -1
11819 9 711 -1
25432 333 -1 2486 -1 2246 -1 3 -1 42 4398 -1 30 42 1950 3197 -1 30 11622 -1 211 -1 9 -1 7920 -1 42 -1 537 -1 3232 -1 1555 -1 2246 -1 3 1041 -1 124 333 972 1042 -1 61 639 -1 350 1493 2518 -1 30 112 -1 433 -1 14 60 103 104 4132 -1 30 -1 61 639 -1 30 1869 2385 3005 -1 2385 -1
15651 333 333 1805 -1 9 -1 30 342 3103 9125 -1
16721 127 -1
8336 0 14 361 2295 -1 182 -1
13062 9 45 345 1092 4079 -1 45 -1 172 -1 177 -1
21217 21 211 -1 126 -1 1112 -1 22 37 126 150 711 1225 -1 3 -1
14165 110 -1 45 -1
3148 383 -1
6932 30 -1 61 102 639 -1 30 591 885 1874 -1 9 -1 45 1279 -1 999 1493 -1
11575 37 120 538 -1
35715 145 -1 547 -1 21 124 2146 -1
16613 885 -1
11966 30 -1 124 3807 -1 37 849 1763 -1
30006 71 520 -1 9 45 54 1036 -1 1602 2496 -1
30606 333 -1 13 14 37 433 713 1230 -1 9 631 -1 423 -1 9 -1 1036 -1
6624 60 318 333 333 -1 14 90 -1
26279 211 501 1039 -1 9 -1 745 1193 2484 3032 -1 124 481 977 -1 21 45 172 3580 -1
5029 13 40 352 481 -1 4556 -1
4829 9 -1 3427 -1 54 60 2525 -1
20286 7 -1 9 -1 10631 -1 30 -1
10631 54 217 -1 105 481 -1 254 -1 2487 -1 9 4378 4860 -1
35919 800 -1 60 71 711 4646 -1 30 -1 745 -1
631 2841 -1 77 780 -1 2886 -1 37 2385 -1 37 -1
22461 2454 -1 149 258 -1 626 1367 2203 -1 2010 -1 45 77 641 2454 -1
33087 60 -1 4278 13024 -1
23942 9 839 2882 -1
33979 542 13285 -1
18352 30 258 267 589 639 -1
1106 333 -1 9 45 706 2789 2890 -1 42 364 1955 -1 3408 -1
8957 254 -1 7110 -1
27582 124 1869 -1 479 -1
14602 9 211 -1 2271 -1 37 -1 7 775 -1
24102 61 -1 509 -1 258 -1
26352 373 385 -1
7108 173 -1 45 351 -1
20781 211 -1 9 45 2734 4146 -1 30 182 -1 211 -1
11982 2674 -1
32443 7 638 -1
28786 30 54 547 671 -1
7627 42 172 -1
13723 351 -1
7957 706 -1 254 1081 -1 275 3909 -1 211 3936 -1 180 -1 77 305 -1
863 1859 -1 45 -1 405 1493 -1 32 -1 58 -1 9 1859 -1 45 1247 1493 -1 30 2412 2454 -1
2211 105 246 1028 -1 9 37 3067 -1
33924 639 2118 -1
19665 14 37 433 2631 5430 -1
23153 113 -1 7 -1
22804 50 -1 103 -1 50 11218 -1
2258 361 3440 -1
9264 9 305 333 706 -1 7217 -1 45 61 351 -1 58 -1
11900 126 254 381 -1 112 -1
19346 333 2260 3908 -1 120 191 -1 120 145 996 3396 -1 30 -1 120 -1 2166 -1 145 -1 351 -1
5918 9 -1 344 383 -1 7 246 -1 145 -1 9 2580 -1
32879 21 -1 142 -1 148 -1 9 15 130 -1 1131 -1 45 124 -1 21 235 -1 42 638 -1 639 2010 -1
14557 5410 -1
27335 30 711 745 4663 -1 14 54 145 2440 11899 -1 124 -1
30302 30 589 3116 -1 246 711 -1
19712 9 -1
19153 4472 -1
1511 300 -1 9 -1 1305 -1 9 127 -1 45 120 151 -1 996 2141 -1
9796 9 2295 -1 1742 -1 186 -1 150 -1 30 2010 -1
32684 7 -1
22597 61 -1 1858 -1
2655 37 61 231 1493 2912 -1 19 -1
30758 9 872 -1
34101 333 -1 76 -1 7 105 305 364 639 914 -1 21 2072 -1 639 -1 9 73 1236 -1 45 816 -1
34509 63 888 -1 145 -1 9 -1
23313 9 45 54 60 383 654 -1 23 -1 1081 -1 145 638 -1 7 102 197 211 547 -1 37 537 1279 -1
16640 19 -1 180 -1 23 4838 -1 9 -1 3602 -1 9 45 3039 3220 -1
21422 126 -1
8329 706 -1 13 2010 -1 7 1124 -1
2114 120 177 1092 -1
1066 333 -1 333 -1 706 -1 197 -1 126 -1 9 2402 -1 45 3058 -1 3061 -1
13953 383 -1 264 2612 -1
7790 2930 6677 -1
25126 433 2246 5350 -1 54 537 925 -1 5187 -1 30 -1
4991 9 -1 1986 -1 45 -1 5376 -1
20229 15 -1 1279 -1
36195 258 -1 145 -1 9 -1
31580 254 -1 1230 -1 264 -1 254 521 -1 42 60 3449 3854 -1
3105 9 -1 4807 -1 9 45 4724 -1 13 626 -1
1681 30 1429 -1 3 305 -1 21 542 639 1438 -1 107 112 831 -1 9 300 638 -1 3876 -1
24610 9 45 383 -1 115 1144 -1 127 -1 9 4737 -1 30 -1 9 598 1557 -1
3203 305 -1 7 45 2562 -1 3069 -1
796 986 -1
12368 112 333 706 -1 149 -1 9 9 45 45 110 258 1092 2237 -1 5674 -1 30 -1 124 1819 -1
5326 333 -1 706 2246 -1 433 986 -1
12041 50 54 361 1086 -1 60 4106 -1 30 30 60 4738 -1 30 60 60 1090 8019 -1
33239 37 2525 -1
32157 32 -1 112 264 -1 211 -1 2 -1 10 -1
28471 145 -1 45 124 658 -1 9 1060 -1
1050 30 3345 -1
13391 3597 -1
1703 930 -1 30 639 -1 254 -1
3061 9 45 4727 -1
9925 404 -1 54 404 749 -1 23 999 -1 4640 -1 122 -1 3 296 639 711 2567 -1 9 -1 4378 -1 4860 -1
6992 120 626 -1
8066 30 369 -1 30 90 -1 1459 -1 7 14 -1
29303 145 -1 30 361 -1
14095 9 -1 778 -1 45 -1 9 30 45 1169 7887 -1
14707 3027 -1 42 60 1075 -1 30 897 -1
28481 30 -1
20272 21 22 619 5983 -1
31080 32 -1
33960 22 124 -1 668 -1
73 22 -1 101 -1 57 58 -1 932 -1
20284 60 -1
10661 30 30 361 1518 -1 254 -1
20184 2629 -1 13 -1 54 -1 361 -1 21 61 -1 9 5971 -1 1653 -1
35479 245 971 -1 30 -1
21819 30 -1
13669 3113 -1
31091 333 2260 -1
18654 103 104 -1
25303 61 -1 2130 -1 9 1168 -1 9 627 1057 -1 30 61 -1 124 10484 -1 1039 -1 9 1193 -1
22443 30 112 124 433 5873 -1 30 2403 5587 -1 986 -1
6417 1518 -1
11191 719 -1 2431 6419 -1 9 2432 -1
33901 9 15 84 -1 333 888 -1 495 -1 9 1176 -1 45 1611 5560 -1 7 1176 -1 1740 -1 7 -1 1176 13259 -1 45 -1
27772 45 348 383 4439 -1 61 639 3622 -1 232 -1 285 2516 -1
9059 333 -1 112 706 -1 688 -1 145 -1 9 -1 21 275 -1 2010 -1 195 -1 433 -1 113 2246 -1 145 -1 9 -1 215 -1 45 -1 6972 -1 495 3162 -1 15 21 -1 245 -1 9 -1 452 -1 14 4528 -1
19572 333 -1 639 1805 -1 15 63 71 77 361 -1
19241 62 -1 1724 -1 145 638 -1
35060 30 154 -1 633 969 1056 -1 333 -1 2477 -1 54 257 283 -1 671 -1 21 254 -1 1236 -1 671 4296 -1 127 211 -1 3007 -1 30 145 5607 -1 283 -1 60 -1 1850 -1 1028 -1
18545 1028 -1 5911 -1
9554 333 706 -1 120 124 134 254 626 3547 -1 30 283 7286 -1 37 172 6176 -1 30 800 2341 7287 -1 9 6284 -1 45 -1 9 30 983 3113 -1 120 -1
22018 30 -1 404 -1 1035 -1 71 -1
30379 30 45 4572 5966 -1
28494 1503 -1
32720 9 361 626 1222 -1
12085 30 50 -1 60 77 -1 3938 -1 9 30 37 385 -1
20310 656 -1 13 558 -1 14 688 -1
13687 9 333 5601 -1 77 5408 8856 -1 9 -1 345 -1 365 -1
8813 1805 7037 -1
22172 60 -1 1748 2451 -1 30 37 1603 -1 30 60 374 897 -1 45 -1 2682 -1 423 745 -1 2479 -1 304 3815 -1 369 404 -1
29293 9 45 563 -1
4100 30 54 54 283 4883 -1
32921 172 3481 -1 9 30 37 254 300 1144 2641 4618 -1
35517 15 -1 12147 -1 127 177 333 537 -1 388 -1 42 -1 9 -1 1040 2145 -1 45 -1 45 60 71 204 969 3227 4407 -1
7573 3512 -1 450 -1
31294 1144 -1
27984 71 12066 -1 9 57 5328 -1
7262 333 -1 706 -1 4552 -1 30 -1 211 -1
35623 120 -1
14049 333 -1 706 -1 9 342 -1 124 3103 3945 -1 9 30 45 342 1964 6231 7882 -1 9 -1 233 -1 215 -1 333 706 3103 -1 9 124 765 -1 2323 -1 45 -1 9 215 2569 -1 296 -1
24779 5562 -1
29155 9 706 -1 1439 -1 3089 -1 30 50 -1 77 -1
24844 30 611 8262 -1 7 -1
20695 333 -1 639 688 -1 639 -1 61 115 1459 -1 7 9 4510 -1 833 -1 61 639 -1 533 685 -1 9 45 5297 -1 839 -1
10911 30 4490 -1 42 2246 -1 9 4582 -1 30 113 -1 369 -1 350 -1 342 -1
20308 433 -1 14 542 -1
6680 37 -1 120 -1 373 3316 -1
29978 21 112 126 -1
20156 501 -1
9019 7 166 2010 2369 -1 1124 -1 21 -1 631 -1
15640 9071 -1 2010 -1 185 -1 7 9 -1
27022 11838 -1 297 333 2351 -1 9 -1 9 45 145 191 383 2010 -1 9 45 1986 8106 8107 -1 296 333 -1 2911 -1 7 1459 -1 21 256 2760 -1 30 122 2549 3098 -1
68 13 37 631 -1
13739 9 42 -1 619 -1 396 -1
1633 7 3823 -1 1493 1986 -1
31541 9 37 -1 84 -1
18104 433 -1 9 187 639 2271 -1 61 3005 9964 -1
7450 4386 -1
28942 759 1131 -1
25103 333 1074 2351 -1 9 37 -1 449 5292 -1 37 -1 9 838 2661 -1 37 -1 9 -1 2661 -1 45 631 -1 9 838 -1 9 -1 45 191 -1 9 383 -1 2010 -1 145 638 -1
34558 272 421 -1 32 -1 21 -1
29501 2 -1
32542 333 -1 254 388 957 -1 369 -1
3561 45 -1 9 2271 -1 1557 -1 9 122 -1 4738 -1 9 9 45 800 1950 -1 4727 -1 2907 -1
8334 333 1805 -1 9 -1 3114 -1 45 -1 9 -1 2295 -1
21070 120 -1 373 -1 1092 -1
22406 154 5187 -1
33478 1103 1272 -1 58 2440 2495 -1 4604 -1 14 30 49 50 -1 51 -1 218 -1 4026 -1 13 40 146 -1 11028 -1 37 105 -1 296 570 -1 46 404 2440 2495 -1
9236 211 -1 21 -1 11 77 -1 30 58 91 -1 314 2608 -1 124 -1
6087 342 -1 9 45 45 45 2601 2654 4770 5647 -1 60 77 120 2397 5924 -1 5924 -1 40 45 2563 -1 13 58 -1 37 -1 9 45 5925 -1 173 -1 45 -1
13427 7 -1 211 -1 105 162 364 2982 -1 7438 -1 102 145 358 -1
34334 333 -1 11935 -1 14 -1 7 -1 30 547 -1 476 -1 127 369 -1 9 -1 30 127 154 632 633 730 969 -1 333 -1 2477 -1 257 -1 283 -1 54 -1 154 -1 21 5185 -1 254 -1 1236 -1 1182 -1 671 -1 105 127 3608 -1 520 -1 38 -1 450 -1
3359 1279 -1
5124 45 -1
33797 54 -1 13 -1 54 235 282 -1 638 -1 7 156 2443 -1
26408 9 182 1193 -1
3882 9 37 37 2289 2354 -1 9 -1 2384 -1
13513 3 -1
34628 4104 -1 145 217 4102 -1
718 2841 -1
8064 145 -1 124 145 638 2246 4568 -1 45 215 -1
16313 127 2977 3172 4117 -1
7684 23 369 383 537 568 -1
33764 40 -1 13242 -1 49 -1 2454 -1 162 -1 590 -1 765 -1
34368 9 -1 32 231 -1 9 15 -1 45 462 633 -1 969 -1 365 -1
35779 369 -1 30 -1 40 120 254 2141 4680 -1 60 -1
23827 333 -1 37 2246 8768 -1 1049 -1
26052 2389 -1 3 22 115 639 1086 -1
35596 925 -1
32865 7 -1 9 102 145 1028 -1
5392 30 -1 831 -1 124 182 4319 -1 120 -1 1986 -1
32728 4269 -1 30 90 -1
31315 9 -1
13970 1493 -1 470 558 -1 14 -1 50 54 -1 78 -1
35254 104 165 -1 45 5185 -1
13486 30 351 626 -1 9 45 358 2529 -1 1294 1571 -1
32403 30 171 986 12043 -1
31854 470 -1
2564 404 423 1986 3618 -1 7 37 245 711 -1
29901 60 122 998 1779 -1
30042 12039 -1
14179 105 421 -1
1446 45 396 996 2010 -1
11031 9 37 -1
13883 13 1942 -1 30 -1 719 1998 -1 3184 -1 7803 -1
19948 1324 -1 3900 -1 9 285 2002 -1 9 32 -1 914 -1 839 -1 433 -1
23777 145 -1 218 2462 -1
16567 299 -1 450 2406 -1 7 9 839 9836 -1
26799 9 6040 -1
19434 1779 -1
5943 14 -1
28399 706 -1 120 10812 -1 2010 -1 30 3954 -1 361 -1
30458 14 433 -1
9296 299 3435 -1
34817 124 -1 71 -1 60 182 3847 -1
33051 639 1797 -1 7 547 -1
32807 23 254 -1 42 120 3356 -1 373 1040 -1
29592 2687 -1 40 1033 -1
734 333 -1 30 61 639 706 1367 1610 -1 246 -1 711 -1 60 -1 1986 -1
26496 172 -1
22426 30 433 2246 -1 211 2701 -1 7 299 -1
16421 2252 -1
23619 127 -1 775 -1
6610 14 404 2706 -1 3657 -1
16935 122 532 915 -1 9 -1
7574 45 -1 3512 -1
33489 426 -1 14 90 -1
25132 190 404 3159 -1
8981 333 -1 706 -1 112 3103 -1 124 -1 30 688 -1 2260 -1 40 -1 40 254 547 626 2397 -1
27471 14 -1 5042 -1
4273 112 348 433 749 5149 -1 9 501 -1 4990 -1 45 -1 172 -1 117 5144 -1 62 -1 51 -1 5229 -1 37 -1 172 1171 -1
16304 9 115 -1 37 2354 -1 120 4394 -1 5937 -1 30 -1 9 -1 2702 -1 40 58 -1
4937 37 -1 9 2945 -1
14781 30 54 186 -1 9 -1
12245 2451 -1
19636 333 -1 60 2533 -1 2298 -1 90 120 433 5066 9946 -1
9939 7 46 404 -1 638 -1 77 -1 6193 6953 -1 9 -1 46 -1 45 -1 2968 -1
16067 1113 -1
11344 7290 -1 45 -1
24202 258 1367 2341 -1 30 50 -1
33136 333 2477 -1 3547 -1 9 -1 45 654 -1 60 300 369 -1 30 30 1066 2238 2930 -1 9 -1
33471 40 54 254 -1
