2858
14530 1418 -1
33415 3899 -1
27248 71 1027 1127 4286 -1
31920 361 12186 -1
4119 50 -1
27558 13 -1
26312 120 -1 485 -1 30 120 3070 -1
9006 369 -1
33558 632 -1
5238 638 -1
5605 3354 -1
34707 9 45 1171 -1 9 15 -1
3830 298 -1 9 110 -1 285 1040 -1 9 -1 4481 -1 45 -1 9 2677 -1
27531 3316 -1
9976 63 115 127 426 1565 -1
14793 54 639 -1 2346 -1 406 6113 -1
34642 9 32 231 -1 21 -1 22 40 -1 9 1039 -1 45 462 969 -1 9 22 1035 -1 40 45 -1 15 369 462 -1
23200 58 3310 -1
24612 37 -1 9 30 598 3391 4466 -1
3037 9 -1 54 4727 -1 9 849 2908 4732 -1
27483 45 1986 8379 -1 9 -1 1986 -1 45 -1 7743 -1 9 -1 1169 -1 296 333 -1 0 23 383 -1 4 406 -1 42 3829 -1
11305 805 -1 7 450 -1 21 120 211 289 2283 -1 342 375 -1
35939 638 -1
35267 103 104 -1
32734 969 -1
22775 3 9 45 124 304 383 639 977 3032 4439 -1
6647 1042 -1
14378 225 361 -1
21034 433 839 -1 58 172 246 -1 142 -1
35190 21 254 -1
30705 9 -1 1092 -1 45 2126 -1
4588 3125 -1 1232 -1
30170 7 810 11321 -1
5098 40 -1 12 13 14 -1
33962 484 -1
16938 1493 -1
7278 9 45 215 -1 6306 -1
9224 45 3760 -1
1835 3941 -1 807 -1
11466 37 880 3159 -1
17029 13 -1
4934 37 120 1643 3866 -1
14700 45 364 775 -1 361 -1
36082 885 -1
21036 9 61 395 6179 10756 -1
10133 1028 -1 22 745 7473 -1 7 -1
15910 42 -1 361 -1
31948 290 -1
26484 404 1247 -1
12773 13 299 8216 -1
26398 9064 -1
14679 21 -1 112 -1 1236 -1
14221 124 -1
21696 30 77 7374 -1
6662 404 999 -1
29174 30 305 -1 2146 -1
14600 9 1028 1055 -1
9569 9 21 37 235 4097 7279 -1
30217 127 361 -1
17860 8210 -1
14980 182 -1
33719 32 -1 9 2465 -1
30511 2472 -1 9 45 3112 -1 45 -1
3097 232 -1
11146 9 45 340 1462 -1
32531 639 2346 -1
32382 526 -1
18142 58 126 -1
14108 9 4328 4618 -1
10544 7335 -1 9 -1
11 15 120 373 -1 374 -1
8914 302 -1
35258 745 -1
11729 9 383 -1 45 369 -1
26985 3255 -1
14578 211 -1
3219 30 992 -1
17674 30 78 -1
16440 1033 1459 -1 145 361 -1
24762 3076 -1 3924 -1 30 -1 639 711 2647 -1 42 10633 -1
28972 9 -1 4546 -1
28912 928 -1
8298 9 -1 30 5587 6890 -1
20985 6626 -1
34508 235 4102 -1
16975 2520 -1
24826 833 -1
29418 5242 -1 4603 -1
30387 2431 -1
17064 748 -1
35026 21 285 631 638 -1
20853 61 -1 7836 -1 124 145 -1
26314 638 -1
13523 748 1131 -1
6821 344 -1
12875 8262 -1 13 122 -1 1232 3125 -1
2108 145 -1
8079 30 124 -1 9 182 215 -1 22 45 361 3651 6818 -1 9 37 45 6819 -1
33636 40 633 969 -1
6322 9 45 295 2406 -1
10254 77 267 -1
29752 77 470 12393 -1
27236 45 233 -1
4707 9 45 2271 -1
29477 124 4943 -1
15194 547 -1
4098 37 880 1171 -1
34748 61 -1 45 -1
35159 254 -1 30 479 558 3218 3353 4031 -1 54 -1
6365 124 986 -1
6252 639 711 1628 -1
29760 470 658 -1
5454 3210 -1
20300 8141 -1
6826 2660 -1 14 745 -1
15411 45 3697 -1
33772 40 148 1450 3657 -1
31469 58 73 -1
34903 40 60 60 68 90 290 296 318 2283 -1 9 3899 -1 45 -1 60 254 774 6028 -1 60 -1 11 -1
24071 9 30 512 -1
25060 1367 4612 -1
21229 3289 -1 1432 -1
23668 30 112 126 925 1306 -1 367 -1
23362 547 -1
11023 30 1629 -1
29549 42 -1 211 -1 7 9 30 46 120 2537 -1 71 4258 -1 40 283 -1
21086 2458 -1
23245 211 304 -1 9 -1
10821 470 -1 719 1057 -1
29186 688 -1 1493 2477 3414 3808 -1
28054 9 45 4104 -1 10817 12050 12081 -1
33509 3458 -1 63 558 -1
34817 58 -1
3587 433 509 -1 13 60 -1
2577 1028 -1
14274 369 745 -1
30144 2549 -1 30 -1 9 37 -1
25032 839 1147 -1
30055 60 77 -1 3831 -1
30497 2600 3184 -1
6134 404 -1 369 -1 7 -1
23985 9 -1 385 -1 45 -1 9 9480 -1 30 -1 14 -1 71 -1 9 -1
5589 2496 -1
32311 9 187 558 -1 652 -1
29577 831 -1
12720 2649 -1
21266 9 -1 151 -1
25631 9 2869 -1
22573 745 11182 -1
1223 1493 2452 -1
23455 1092 -1 45 -1 1445 -1
15455 9 45 1986 8166 -1
11814 103 852 -1
26951 373 385 -1
4573 235 2910 -1 45 124 -1
15571 45 -1
18217 404 -1 470 -1
35120 254 -1
12662 37 775 -1
5903 2555 -1
33270 7 90 1176 -1
23287 9 -1
11418 4556 -1
20108 110 1779 -1
24521 2977 -1 58 433 578 3101 -1 3 61 348 639 711 -1 5971 -1
6276 369 -1 30 225 264 547 -1
32302 45 369 -1
6148 369 404 711 1091 -1
32178 2 197 294 -1
6704 21 910 -1 14 120 470 -1 58 831 -1
16996 1462 -1
35084 639 1131 -1
20977 45 1312 -1
19886 45 -1
3884 58 433 2246 -1 986 -1 45 172 -1
9641 4860 -1 9 45 -1
3499 45 4775 -1 9 232 1190 3333 4775 -1 9 45 1190 5002 -1 60 1496 -1
15926 30 678 2476 -1
12337 7 105 245 3162 -1
2594 7 631 -1
2570 263 -1 9 -1 1028 -1
11267 232 921 -1
22583 9 304 -1
20913 775 -1
11083 470 -1
5355 3402 -1 9 880 -1 45 433 5129 -1
4899 142 -1 9 122 1090 1557 -1
23513 125 -1
35221 172 -1
5302 711 -1
33530 2 37 166 -1 7 22 369 573 -1
26867 42 261 537 11810 -1
29084 304 -1 145 -1
25321 2055 -1
29584 14 348 433 -1
25923 9 45 351 4152 -1
35403 7 3855 -1
275 54 60 537 2312 2313 2314 -1
35185 45 1331 -1
15332 3256 -1
20083 4299 -1
11824 1081 -1 145 -1
35174 1819 -1
22143 1154 -1
19728 40 2633 9867 -1
10945 58 120 983 -1 299 749 1459 4523 -1 7 9 3699 -1 37 476 -1
34465 45 63 384 635 1176 6234 13159 -1
4287 225 383 -1
18195 3356 -1
25989 7 14 2239 2567 -1
7541 7 172 351 450 -1
2694 934 -1
4469 348 2389 -1 433 -1 1086 2246 -1
3994 12 13 14 250 4833 5161 -1 19 204 1188 -1
10137 626 711 -1
3177 145 -1
21405 30 110 2246 3098 3098 -1
14194 8964 -1 30 42 124 4328 5375 -1
3271 13 124 983 1460 -1
28006 7 9 30 63 2300 -1 9 -1 218 -1
11692 2616 -1
22468 384 -1
34469 1176 -1
10691 6975 -1
12865 45 382 -1 9 -1
34248 145 547 -1
6611 3220 -1
32764 12906 -1
30384 4001 -1
15960 9 1503 -1
23086 9 800 4466 -1
4547 145 -1
23140 63 -1
30474 42 711 -1
20973 369 2602 -1
26606 45 -1
25823 632 2604 -1
28356 7 9 3036 10812 -1
11262 361 -1 7 9 30 267 3207 3281 -1 37 626 748 2677 -1 105 -1
35246 156 197 -1
20401 369 626 -1
29233 28 -1 7 71 986 -1
36158 45 3159 -1 9 -1 9 45 1432 -1 3855 -1 45 -1
21447 4554 -1
11927 1081 -1
12863 120 -1
207 1960 -1
12500 351 -1
31998 12656 -1
10632 638 -1
25807 7 9 145 383 1033 1248 -1
13279 5219 -1 13 -1
36089 910 -1 4095 -1
1407 631 -1
23366 126 162 -1 520 -1
12412 7 417 -1 300 509 -1 9 1092 -1
15766 42 1430 -1
6155 37 4240 -1
26996 797 6215 -1 30 1432 -1
23007 127 172 3118 -1
12226 30 482 -1
34893 60 3644 -1 6902 -1 30 -1 3669 -1 836 -1 37 -1 211 13564 -1 30 13565 -1
34189 9 4563 -1
17110 8141 -1 117 -1 1392 -1 1444 -1
28606 45 358 -1
14384 5126 -1
12120 32 37 351 -1
8193 45 -1 9 -1 173 -1 45 3167 -1
3909 14 -1 5042 -1 145 -1
6705 254 -1 9 58 61 3393 -1 45 1493 1494 -1 5754 -1
7956 77 765 1742 -1 361 -1
31994 105 778 -1
16189 172 2009 -1
4489 104 -1 54 -1
11949 1181 -1 711 -1
18851 30 805 1430 -1
17455 2271 -1
26172 14 -1 9 300 1725 -1
21903 37 351 -1
32337 775 -1
22215 126 145 361 1742 -1
10064 45 765 775 -1
13114 2143 -1
4482 14 1028 1493 -1
7995 4490 -1 4744 -1
24538 45 120 -1
2091 45 -1 22 166 -1 126 4178 -1
35219 9 -1 1092 -1 45 -1
26307 30 -1 9 77 290 421 -1
20071 115 -1
15164 9 45 1462 -1
25053 112 264 -1 5799 -1 1222 -1
8952 7 120 246 3861 -1 30 -1 7 -1
5976 9 -1 45 173 351 -1
21991 117 -1 1738 -1 7 -1
12420 9 21 77 1112 3053 -1 37 -1 9 -1
25483 992 2143 2977 -1 2496 -1 3 22 2246 -1 1749 -1 1057 -1 9 1144 2246 3032 5328 -1
19972 14 -1
8323 631 -1
26770 42 120 151 -1 9 2431 -1 1503 2432 -1 30 -1 120 340 2431 5662 -1 9 4169 -1 30 120 433 1503 3678 -1 30 115 267 -1 120 -1 3887 -1 2680 -1 267 433 -1 115 -1 23 254 481 -1 542 -1 256 -1
15061 1986 -1 45 8394 -1
14434 30 1445 3697 -1
5204 45 215 2435 3500 -1
20135 164 -1
6298 4126 -1
26190 45 4481 -1 9 9951 -1
15697 13 -1 30 45 60 631 2205 9468 -1
28690 112 782 -1 57 -1
3931 60 2525 -1 2516 -1
10709 37 380 1367 -1
6257 124 151 299 404 433 509 626 -1
13001 8381 -1
4911 351 -1 21 112 558 -1
34916 30 -1 73 -1 9 654 -1
27751 2677 -1
21116 112 2442 3255 -1 126 -1 3088 -1
2282 1028 -1
22619 8007 -1
13470 7 -1 338 -1
3344 838 4444 -1
9609 37 -1 9 2945 -1 45 6436 -1
12361 9 8070 -1 45 -1
23994 1232 -1
29265 1112 -1
13495 9 -1
16329 9 37 930 -1
19278 901 -1
11310 30 6358 6383 -1
3036 543 1176 4773 -1
4000 45 120 631 -1
23091 7 9 21 520 639 1353 -1
6010 9 45 -1 2864 -1 9 45 2949 -1 71 -1 9 154 344 369 383 671 -1 30 101 -1 7 2010 5776 -1
8309 671 -1
2815 4612 -1 3692 -1
26004 9 9 145 342 3867 -1
7359 254 264 542 -1 7 5804 -1
14654 9 71 256 -1 7 9 349 -1
10006 1493 -1
34585 30 13456 -1
10157 45 -1 3164 -1 30 -1 45 -1 9 45 173 -1 3167 -1 30 -1 45 -1 9 9 30 30 45 45 45 2295 3718 4173 -1 45 45 342 1986 5542 7200 7478 -1
13530 9 45 4183 8791 -1
9335 853 -1 77 258 2070 -1
14929 9 30 968 -1 225 -1 124 -1 7 15 2689 -1 30 1646 -1
226 72 -1 2 72 976 1236 2049 -1
3526 344 383 -1 531 -1
10013 21 -1 745 2523 -1
24563 11453 -1
27089 351 -1
2761 61 101 -1
33708 969 -1
32430 361 -1
9008 7 -1 126 424 1112 -1
4011 9 383 -1
24090 126 483 -1 5973 -1
11768 42 60 256 1294 2969 -1
29903 3866 -1
3960 1331 1571 -1
657 619 -1 42 2581 -1
15329 9 -1
16200 4245 -1 37 120 3463 -1
32816 120 482 -1 103 104 151 -1
20914 30 613 -1
22335 142 -1
9932 42 846 -1
20842 9 -1 10341 -1 14 433 -1 5351 -1
5456 185 -1 71 -1
30389 3316 -1
1560 225 -1 7 1493 3786 -1
2074 594 4161 -1
1969 145 197 250 2454 -1
36154 4620 -1
30258 2549 -1
886 1081 1367 -1 925 -1
12131 331 -1
18148 23 -1
17027 9 -1
27041 836 1602 -1 30 -1
7703 986 2246 -1
21755 2010 -1
36061 12150 -1
892 711 -1 3021 -1
26920 9 638 -1 4607 -1 45 404 3571 -1 54 58 61 639 -1 9 45 591 10924 -1 404 10859 -1
21418 13 -1
32978 285 421 -1 211 -1
22492 58 60 145 383 638 639 688 2307 2346 2853 -1
25256 7 9 45 45 351 1092 7902 -1
22880 292 -1
23082 30 -1 800 -1 112 1170 -1 30 172 323 -1 9 -1 215 -1 45 -1 30 1445 -1
28848 10812 -1
4535 404 5047 -1
17326 9 4130 -1
4637 1190 -1
12725 2496 -1
5081 45 2945 3205 -1
20526 15 30 90 120 254 380 641 -1 9 33 2549 -1 90 103 1745 -1 21 84 1653 -1
12819 124 -1
23865 45 3098 -1 5974 -1
21745 2484 -1 745 -1 58 -1 21 294 -1 9 -1 882 -1 369 -1 9 -1 9 383 -1
4325 45 3123 -1 145 852 -1 9 -1 383 -1
3225 45 1452 -1 7 -1 1086 -1 30 37 124 -1 4917 -1 45 -1 4918 -1 7 37 211 1109 1312 -1 45 -1 4915 -1
2649 797 -1
28724 9 -1 632 -1
10664 2900 -1
31414 45 294 369 -1
13742 42 -1 9 211 -1 7209 -1 215 -1
7570 2010 -1 110 -1
3889 120 -1 106 -1 9 30 -1
17770 30 45 3007 8243 -1 350 -1 638 -1
1219 1001 -1 120 167 -1 2141 -1
27802 1222 -1
29857 361 1057 -1 30 172 8088 9689 -1
11011 21 182 2677 3218 -1
544 885 -1
17401 112 481 -1 37 361 1390 -1
30296 37 -1
22134 45 672 -1
19778 23 60 4888 -1
26177 14 3547 -1
11825 9 325 1028 1057 -1
8401 30 6447 -1
23699 145 1744 2960 -1
29898 302 -1 2440 -1 745 1119 -1
23587 1071 -1 3994 -1
5095 7 9 110 5536 -1
25627 9 125 3113 -1
6984 211 -1 351 -1
30156 45 51 333 -1 2241 12460 -1
3848 30 -1 2318 -1 963 1738 -1 9 22 254 344 383 626 -1
8245 1230 -1 765 -1 470 1493 -1 13 40 2140 2986 -1
4680 30 172 4979 -1
25737 172 -1 619 -1
9577 1092 -1
6175 124 145 638 -1
20498 369 -1
21760 925 -1
18155 9 2404 -1 45 5548 -1
22974 54 -1
25728 30 244 -1 2581 -1 1190 -1 7 4783 -1
23497 151 -1
11939 14 556 -1 2145 -1
29199 30 -1 344 -1 14 21 107 568 1010 -1
31331 40 -1
13104 2821 -1
22982 9 15 4280 -1
33596 380 -1
4959 58 2825 -1
6570 197 627 -1
28239 9 1726 -1
116 959 -1 1349 -1
21804 9 -1 839 2903 -1 114 115 172 292 -1 9 21 4352 -1 3358 -1
24321 9 1437 -1
3651 13 77 -1 501 1351 -1 9 127 4859 -1 45 -1
30800 7 246 361 3053 -1
13361 912 -1
11702 45 45 60 1106 6183 -1
14935 105 -1
11613 9 -1
15017 30 1190 2600 -1 8659 -1
9667 30 60 2513 -1
197 219 256 -1 42 54 124 -1 172 -1 1862 -1 30 1863 -1 101 -1 1864 -1 3 9 103 173 256 -1
22767 348 2010 -1 13 300 1493 -1
10600 30 7606 -1
8273 42 361 -1
28408 102 -1 9 -1 7 14 5274 -1 387 -1
10935 120 -1 2720 -1 42 -1
25178 9 21 22 45 77 711 2647 2733 2738 -1
3965 9 -1 433 2169 -1 361 5046 -1 5042 -1
26041 145 -1 9 5457 -1 9 45 2389 -1 21 8253 -1
35506 9 -1
23543 3637 -1
138 112 206 331 751 1473 1474 -1
14993 124 182 586 -1
27337 45 520 -1 333 2495 -1 1915 2484 -1 4944 -1 7 404 -1 1092 -1 15 72 500 501 -1 30 1028 2484 -1 4376 -1 122 404 2413 -1
18852 124 -1
32830 1158 12771 -1
2540 45 1049 -1
14729 342 -1
658 7 2654 2953 -1 9 2864 -1
14144 780 -1 28 4173 -1
31714 37 638 -1
23400 9 765 839 1312 -1
26077 37 10253 -1 1493 -1 7927 -1
29662 58 150 11807 -1
13276 9 9 9 30 479 2431 2431 2432 5688 -1 2867 -1
11891 45 -1
19312 5078 -1
80 37 77 701 884 941 -1
4933 9 120 285 1643 2437 3866 4417 -1
10645 9 2360 -1 385 -1
27462 30 1109 -1
20676 3 4160 -1 638 -1
25471 5472 -1
29487 627 -1 9 45 1092 -1
30215 28 361 1028 3599 4554 -1
21883 45 120 485 2537 -1
36034 235 -1
5659 120 145 1859 -1
19134 59 639 -1
29989 32 -1 54 -1 9 -1 1415 4097 -1
14583 2677 -1
17132 9 4791 -1
76 958 -1
9832 3122 3123 -1
13043 9 -1 1986 -1 9 45 8480 -1 45 1986 -1 8481 -1 9 1986 -1 45 7887 -1
26278 37 404 1029 -1 7 470 -1
7661 45 -1 3936 -1 13 1029 -1
21857 4239 -1
5066 2397 -1
16948 745 -1 612 652 748 -1 4441 -1 7 -1 482 5279 -1
4090 45 4107 -1 1367 5044 -1
35853 420 -1 22 615 2904 7653 -1 3 122 361 521 -1
30201 9 -1
20412 539 -1
11530 364 -1 45 110 5585 -1
21557 9 9719 -1
20787 4269 10762 -1
1949 120 396 -1
29092 361 1021 -1
2364 45 1049 -1
14668 8156 -1 342 -1 45 2433 9031 -1
13375 2866 -1 54 -1
34227 45 7852 -1 30 -1 58 71 -1
27627 3558 -1
17087 9 45 61 639 2271 -1 651 -1
4632 3512 -1
27749 5294 -1
28580 9527 -1 7 30 -1 12186 -1 361 -1
15307 30 -1 849 -1
15022 30 120 8985 -1 30 120 -1 3114 -1
34860 71 -1 13 40 42 547 -1
537 9 2627 -1
3865 30 -1 404 -1 396 -1 42 711 -1 15 60 4507 -1 54 -1 78 -1
8935 30 50 254 -1 232 381 -1 2677 -1 145 -1 9 383 -1
30501 9 -1
29435 42 58 369 -1
16346 421 2145 -1
20290 9 385 -1
27104 9 1859 -1
12711 7 9 2651 -1 4732 -1 45 5881 -1
33109 633 -1 479 -1
12089 843 -1
32250 2602 -1 37 1279 -1 30 -1 37 362 -1
10067 9 533 -1
11110 37 -1
36328 4829 -1
14034 37 211 375 775 1557 3751 -1 351 2587 -1 1191 -1
8548 2678 -1
23171 120 1028 -1
29828 124 -1
22095 30 991 -1
33388 433 -1
27547 333 -1 0 2341 -1
4050 432 -1
25366 2293 -1
3661 9 182 2677 -1
5470 9 22 191 -1 433 639 -1 113 -1 21 145 711 745 2440 -1
3897 9 9 30 5120 5121 -1
17233 3699 -1
9962 1779 -1 71 -1 60 3039 -1 7390 -1
8521 9 -1 173 -1 45 -1
34798 632 633 -1
27081 217 -1
24064 1305 -1
29806 13 2010 -1
24615 30 1176 -1
4104 9 2945 -1
26932 711 -1
35169 520 -1
6081 5469 -1
24332 9 2404 -1
5628 1190 -1
20520 9 452 543 -1
12059 30 2170 -1 9 -1 2527 -1
1137 2856 -1
20660 21 361 639 1881 2346 -1 4104 -1 45 46 -1
3981 5042 -1
2872 3519 -1
29742 1305 -1
14463 6342 -1
11375 404 2720 -1
34420 9 125 -1
18815 2358 -1
6281 547 -1 7 -1 547 2608 -1
10529 1021 -1
4728 7 450 -1 9 -1 4026 -1 45 -1 9 383 -1
14780 1057 -1 211 -1 9 -1 1028 -1
6776 246 711 -1
12808 45 1092 -1 9 383 -1
26228 9 -1 2212 -1
14431 9 45 2419 -1 9 32 383 -1
15549 13 58 2855 -1
15586 619 3113 -1
31736 185 267 -1
30325 30 -1 30 37 56 112 -1 2555 -1 50 -1
26361 112 433 -1 2340 -1
8769 9 45 -1 2271 -1
14195 9 1028 -1
34998 12823 -1
33813 9 84 188 3159 -1
8692 22 -1 9 45 351 364 849 1092 1457 -1
36270 37 -1
6944 130 -1 254 361 1232 -1 6224 -1 254 361 -1 9 45 71 361 934 6225 -1 120 578 -1
27332 40 115 -1
35124 1092 -1
7990 800 -1 638 -1 30 -1
25271 2604 -1
13453 3167 -1 30 127 -1 9 2295 -1
27458 9 42 304 383 547 -1
27681 1581 -1
15157 4868 -1
30431 21 112 235 2904 -1 211 215 1149 -1 21 37 2545 -1
24146 45 342 -1 30 1744 -1
25332 21 124 -1 14 -1
2490 385 -1 45 -1
7875 2285 -1
31692 46 63 -1
32288 187 1493 -1 897 -1
30736 696 -1
36052 2420 -1
16481 90 120 901 -1
20886 2246 -1 785 -1 1493 -1 369 -1 305 -1
6377 172 -1
13671 1092 -1 45 8848 -1
27565 9 37 45 1147 -1 9 4541 -1
28864 639 -1 14 418 1434 -1
6495 2443 -1
11673 215 -1
3536 211 -1
9670 45 5518 -1
34883 112 656 1664 -1
27667 558 -1
17697 638 -1
499 2354 -1 235 -1 2665 -1 115 -1 127 -1 501 -1
20484 40 50 -1 40 -1 379 -1
27607 19 21 110 1144 -1 37 45 481 2010 -1
19427 30 -1 1629 -1
7502 45 3522 -1 7 54 889 4193 -1
26275 1191 2571 -1
12321 358 -1
26229 1763 -1
29594 14 542 -1
27991 9 384 -1 54 78 -1
7538 4139 -1
35305 14 961 -1
7092 13 -1
4572 211 -1 21 -1 235 -1 7 258 1357 1459 -1 7 -1
11270 7 -1 711 -1 54 -1
15805 9521 -1
33184 124 211 -1
2959 9 2702 -1
8852 30 54 182 1367 1490 1501 2010 3066 3090 -1
28661 37 361 -1
29401 849 -1 2009 -1 7 -1 14 -1
23817 2608 -1 9 2549 -1 30 -1
32460 775 -1
22125 30 433 2246 -1
22308 54 78 -1
775 126 2698 -1
10901 7401 -1
8502 9 45 173 351 -1
326 720 2422 -1
23876 6327 -1
10734 9 122 2295 4551 -1
8014 9 30 42 2945 6794 -1
25106 2453 -1
6222 177 -1
32116 7 2912 -1
23303 1028 2435 -1 296 361 -1 2495 -1
32719 4734 -1
33206 50 -1 40 -1 103 -1 4966 -1
5744 476 -1 285 1367 -1
28761 720 9760 -1 45 63 127 914 -1 7 9 218 295 -1
553 37 -1
20427 13 -1
7505 9 45 1986 -1 15 172 3522 -1 2740 -1
25914 3184 -1 37 2620 -1
4560 14 -1
19439 57 -1
27572 45 2562 -1
14497 254 3751 -1
13987 3956 -1
24359 1131 -1
29262 120 2712 -1
704 37 77 1367 1551 2009 -1
25474 2604 -1
2294 58 77 470 639 1021 4295 -1 7 124 -1
2554 37 -1 105 -1
11227 7 889 -1 9 45 -1 382 -1
15751 42 361 -1 7 30 678 -1
32229 711 -1
35426 14 30 550 2246 2612 9782 -1 2246 -1 246 -1 58 124 166 -1 2 -1 22 126 -1 2096 -1 7 -1
3288 61 -1 13 246 639 -1
11550 45 619 1445 -1
1243 893 1367 -1
12264 254 -1
1792 626 -1 172 2009 -1
5572 30 2656 -1
36102 30 -1 9 3789 -1 30 182 543 1367 1367 3070 -1 45 60 749 1640 -1
9747 9 77 124 127 182 383 2522 -1
22951 124 -1
34218 45 215 2419 -1
31279 30 37 361 639 -1
3978 33 40 -1
32497 7 217 -1
11002 405 -1
32630 166 -1 4446 -1
6698 60 -1
20372 124 421 10652 -1
29792 54 912 -1
32825 112 185 676 2656 -1
35743 9 46 5238 -1 37 45 361 369 -1
32154 15 542 -1
26237 145 638 -1 9 285 -1 125 -1
21038 120 -1
23187 2697 -1
24507 2453 3125 -1 537 1232 -1 4970 -1
19125 191 -1
14293 9 6721 -1 54 383 -1 54 78 120 3145 8772 -1
12328 30 688 3159 -1 2674 -1 482 556 -1 30 105 2451 2487 -1 3259 -1 1367 -1
17728 206 280 1171 -1
31087 1232 -1
19208 639 6296 -1 115 295 300 -1
12431 299 2430 -1
32341 745 957 12748 -1
34260 1101 -1
32612 127 8983 -1
32636 30 12831 -1
14102 257 -1 9 2212 -1 7 54 351 358 1557 -1 7 78 365 -1 30 361 -1 7 -1 120 396 -1
933 14 -1
1156 364 986 -1
13159 8603 -1
13499 361 -1
17244 4620 -1
25617 1950 -1
35600 245 -1
1034 1367 -1
29571 433 -1 14 -1
24351 711 925 -1
34969 2161 -1
9984 7395 -1
14493 9 45 127 1092 -1 9 383 -1
26253 7 9 14 853 -1
19780 45 4391 -1 1707 -1 40 46 60 156 -1
1659 7 2720 -1
20813 154 373 6929 -1
18077 4086 -1
7793 9 2341 -1 45 -1 172 650 -1 3125 -1 21 58 112 162 243 1232 -1 51 4217 -1
26066 9 45 -1
23614 342 957 11267 -1 45 225 1744 -1 342 -1 37 -1 9 -1 45 385 1445 -1
15980 5200 -1
210 58 -1
27988 295 -1
5565 45 173 -1
27344 2555 -1 2698 -1
16192 30 172 173 6977 -1
5647 1033 5650 -1
203 49 -1 9 -1 497 -1 30 231 -1 264 1907 -1 4 -1 701 -1 50 -1 264 -1 4 -1 9 45 103 473 -1 162 1662 -1 101 -1 558 -1 21 49 113 -1 9 233 1005 -1 264 -1 4 285 -1 7 211 349 1908 1909 -1 30 264 469 554 -1 466 -1
997 145 638 -1 21 254 2010 -1
4070 2633 -1
18696 3127 -1
20220 544 -1 90 -1
25144 9 45 1028 -1
26268 379 -1
13076 105 145 -1
7194 7 5536 -1
17349 3128 -1 45 -1 404 -1
29884 45 184 4244 10792 -1 58 639 2346 -1 214 -1
14009 9 145 342 -1
30614 14 1742 4577 -1
24436 748 3178 -1
30204 235 531 -1 30 12114 -1
11878 361 1541 -1
32535 37 361 -1 33 2464 -1
3309 2419 -1
15250 711 2542 -1
9363 58 264 1440 -1 13 -1
9780 42 594 711 2549 -1
26466 104 -1 14 -1 1745 -1 15 -1
20997 45 -1 120 -1 9668 -1
16125 235 626 5973 -1
10112 930 -1 9 21 191 -1 9 45 383 -1 145 2010 -1 296 333 7438 -1 2674 -1 30 -1 1881 -1 358 1493 2720 -1 195 304 -1 9 383 3787 -1 745 -1 1457 -1 232 638 1092 -1 54 638 -1
31665 1493 -1 302 3070 -1 32 305 1493 2341 -1 30 -1 1493 -1
23314 7 2443 -1
18617 211 1557 -1
24217 1154 -1
27336 2698 -1
26619 3 -1 225 -1 798 -1
10798 369 -1
10182 120 538 -1
7496 2900 -1
3488 42 1430 4797 -1
21218 9 45 1493 1859 -1
32876 45 -1 21 361 -1 7 1029 -1
30960 671 -1
32834 9 632 -1 633 -1
31555 30 12013 12470 -1
18453 42 -1 60 5295 -1
3071 4781 -1 14 433 -1 45 -1 1430 -1
14387 619 -1 1092 -1 50 112 1367 2529 -1
3091 54 2714 -1 60 -1
17580 911 -1
31682 12042 -1
13289 191 -1 45 -1
4505 329 547 765 -1
8799 33 145 6207 -1 361 -1
3957 2633 -1
10196 173 -1 45 3167 -1
32837 63 -1 45 232 12701 12936 -1 233 12108 -1
2794 1109 -1
30748 117 126 568 -1 37 -1 4616 -1
12214 13 2471 -1
20601 46 -1
20294 9 3118 -1 45 1367 -1 3096 -1 30 -1 58 4421 -1 9 -1
35569 9 32 37 1171 10321 -1 9 15 -1 888 -1
36141 9 14 45 107 2387 2389 -1 3810 -1
5856 4510 -1 30 835 -1 50 112 2866 -1
25750 2432 -1
21879 51 58 -1
32445 986 -1
16467 115 -1
33222 361 1039 -1
13123 1367 5322 -1
6659 58 2440 -1
27856 638 -1 185 191 -1
30327 2484 10730 -1
35418 57 331 -1
28920 9 -1
14136 30 3044 3184 -1
2320 30 4319 -1 4320 -1
13507 145 358 -1
27756 45 -1 9 -1
7813 122 2644 6684 -1
32135 105 361 617 -1 90 1429 2186 -1 626 -1
34015 45 1097 -1 369 -1
1929 4025 -1
30946 21 112 168 -1 58 73 107 -1 361 -1
2598 1523 -1
27396 631 -1 9 71 1124 -1 1590 -1 626 -1 9 4129 -1 9 45 383 3463 -1 182 267 547 -1 9 626 -1 9 45 631 -1 267 3463 4378 -1
2401 9 -1 383 -1 433 4361 -1 1869 -1 9 -1 2385 -1
15729 711 -1
15363 30 45 3463 -1 256 -1 30 3181 -1 9318 -1 58 124 -1
12827 45 -1
13148 42 -1
16728 30 122 404 -1 849 -1 3412 -1
15218 537 2312 -1 1418 -1
20895 37 -1 9 385 -1
8614 37 184 2419 -1 59 433 639 -1
9426 21 254 -1 14 1236 -1
27619 4439 -1
12339 1081 -1
10347 910 -1
15715 369 2487 -1
24338 2460 -1 58 -1
31520 112 470 1364 -1 1103 -1 45 -1
1055 7 120 1028 1742 -1
15895 9 -1 7 9 45 267 433 993 2298 2821 3490 -1
30680 1557 -1 2581 2903 -1
2527 211 -1
1809 185 -1
10353 30 77 -1
21087 5316 -1
9981 3263 -1 45 120 405 -1 22 -1 37 77 3698 -1
22586 906 -1
23019 685 -1
3110 383 -1
21302 248 331 -1
2509 78 -1
11964 300 -1 295 -1
8659 5429 -1
31232 62 361 -1 60 342 -1
26511 9 -1
35456 13758 -1
15982 906 -1
15482 124 568 -1
18640 4132 -1 30 -1
5170 45 846 -1
3045 992 -1
2774 30 112 -1 598 -1 285 -1 9 -1 4585 -1 340 -1 9 45 -1 2824 -1
35493 30 45 3038 12173 12994 -1
30079 58 -1
6157 383 -1
10933 9 2677 -1
10113 21 149 245 639 -1 9 45 115 173 -1 45 110 351 365 1049 -1 7 105 -1 32 631 -1
14335 9 -1 897 -1 9 30 45 2295 -1 9 45 -1 21 235 8965 -1 1033 -1
8729 37 59 404 1167 -1
8016 361 3103 -1
23298 9 9 45 6018 9499 -1 30 45 481 -1 120 3463 4129 -1
31039 711 -1
16396 182 638 -1
30303 3647 -1
20629 5447 -1
9905 120 -1
34650 9 84 421 704 -1
34384 1518 -1
24008 30 58 745 2479 -1 10722 -1
4699 839 855 3458 -1 112 1248 -1
29636 2985 -1 145 7043 -1
4643 42 -1
27002 61 509 639 700 -1 9 299 304 711 -1
23976 1763 -1
12943 3766 -1
2482 9 45 2419 -1
21637 32 2462 -1 9 -1 45 585 1109 -1 2341 -1 2616 -1
7868 2346 6715 -1
31886 30 90 105 122 509 541 688 2246 9126 -1
21389 9 -1 9548 -1 45 120 -1
29274 361 2443 -1
36246 225 2454 -1 4096 -1
30036 9 45 120 417 937 999 -1
23616 9 54 145 154 369 383 671 -1
20564 9 765 1416 2406 -1
17011 58 124 -1
14331 7 30 45 775 1445 4602 7361 8983 -1
12506 775 -1
957 211 626 -1 21 -1
29220 3 91 3810 -1 361 -1 32 -1
33988 211 -1
8156 45 3167 -1 30 -1 14 154 -1 211 749 1557 -1
24781 81 -1
21325 154 211 -1 37 782 -1 671 -1
21360 9 -1
34962 142 -1 22 90 103 206 -1
9212 305 -1
22203 2341 -1
10815 37 77 289 -1 3698 -1
25691 1232 3125 -1
35566 10106 -1 30 1934 -1
8150 361 -1
13649 7 254 8640 -1
22854 6247 -1
23358 3468 -1
2171 124 -1
1375 45 3386 -1
10145 7 -1
2821 1367 -1 1531 -1
5559 1043 -1 9 383 -1 23 711 934 -1 127 367 1629 -1
34111 7 -1 1756 -1 18 -1
5508 2996 -1
33448 983 -1
5294 7 217 -1
18986 45 404 -1 999 -1
24687 45 137 211 -1 124 -1 21 2555 -1 2698 -1
20959 45 342 -1 9 30 384 2433 -1 45 120 325 -1
31076 3 6265 -1 836 -1
3882 986 -1
24618 9 13 112 112 749 2613 3327 -1 58 71 1306 -1
6024 9 383 3327 -1
23548 4258 -1
19497 2685 -1
14577 30 -1
13107 42 -1 30 1367 5322 6428 -1 42 -1 1367 5322 -1
24537 112 -1 33 235 -1 1542 -1
6825 117 2855 3067 -1 7 -1
22526 21 206 -1
1618 745 -1
22489 9 37 45 45 145 775 925 1445 2960 7135 -1
21357 613 -1 501 -1
4762 231 -1
22875 296 -1 292 1493 11211 -1 30 -1 57 -1
32721 120 749 -1
35057 782 -1
34074 15 969 -1
16723 58 -1
5590 173 -1 45 -1 127 351 -1 2600 -1 30 233 1191 2649 -1 172 3909 -1 177 -1 1092 -1 211 -1 21 -1
21003 9 -1 1503 -1
6398 30 849 5082 6025 -1 9 9 21 129 1057 2246 5083 -1
1720 40 45 63 2873 3170 -1
15013 2420 -1
34165 9 45 145 191 671 1038 3853 -1
13959 9 -1
32714 711 2570 -1
2903 986 -1
20846 482 558 -1 13 -1
14926 4026 -1 14 433 568 -1 127 -1
24691 351 -1
34272 61 384 -1 305 -1
15534 479 -1 7 -1
33737 58 -1 543 -1
2383 300 -1 404 1728 -1
8392 657 2674 -1
27476 50 11801 -1
22145 45 -1 4245 -1 30 -1 1235 -1
4239 433 2442 5244 -1
13658 235 1418 2582 -1
18629 58 953 -1 185 -1
35842 9 -1 1167 -1
23268 117 -1 7 537 591 954 6806 -1
5956 9 2542 -1
23533 996 -1
25007 30 699 1033 -1
14739 30 -1 112 -1 2656 -1
3184 124 -1
13979 5543 -1
6982 120 1028 -1
14233 120 800 -1
35855 9 37 107 180 245 1647 9674 -1 2912 -1
17849 124 -1
8096 1342 6821 -1 9 1028 -1 254 -1 7 688 -1 2396 6824 -1 50 267 -1
15125 7 57 -1
6579 40 -1 348 -1 9 30 117 339 433 501 4692 6086 -1 3432 6087 -1
26986 9 15 71 2627 4479 -1
1487 7 30 711 3058 -1 639 -1 61 -1 13 246 -1
21188 45 2433 -1
33770 957 -1
7327 930 -1
27309 1222 -1
8151 2515 -1 45 -1
34513 1101 -1
10717 124 145 1392 -1
6048 5902 -1
26889 120 470 -1
29797 120 -1 470 -1
9538 711 -1
16954 4429 -1
21265 2484 -1
19511 7 40 60 60 90 149 -1
12253 351 -1
25322 115 172 2831 4991 -1 9 1057 4394 -1 5297 -1 37 115 172 172 348 835 2186 2622 -1 211 -1 21 3159 -1
12450 839 -1
25841 204 -1 4407 -1 30 1570 3212 -1
10853 1252 -1
21613 77 296 361 8178 -1 58 -1
14648 9 -1 3 101 264 383 1252 -1
22687 57 112 -1 58 3005 -1
13271 1418 -1
15626 30 -1 112 -1
26476 4724 -1 30 204 -1 6925 -1
24707 13 4219 -1
1979 385 -1
4053 60 -1 2712 -1 30 45 60 -1 54 60 333 706 1092 -1 5133 -1 30 -1 54 -1 60 -1 5134 -1 30 54 60 5135 -1
6886 30 -1 120 -1
34635 45 520 -1 8243 -1 5966 -1 45 -1
33659 671 -1
21971 60 90 -1
11321 7 342 -1
26107 105 256 1744 -1 21 639 -1
21623 385 -1
6638 711 3335 -1
24680 9 -1
15153 122 -1 120 -1
9379 120 749 4653 -1
15385 542 3127 -1
4088 21 2454 -1 433 -1 14 2633 -1
2999 543 -1 849 -1 2055 -1 45 -1 9 84 450 -1
32944 180 12954 -1
23670 1744 -1
13871 4833 -1
20858 122 -1
32304 2968 -1
24819 30 61 639 -1
10290 30 2549 -1 13 685 -1
15298 719 3184 -1 1190 2580 -1 30 -1
11289 9 45 -1 383 -1
2608 9 -1 1147 -1 9 45 -1
21313 711 800 -1
15102 45 -1 22 351 -1 3 101 -1
14626 9 45 109 -1
23463 383 -1
15098 45 53 235 -1 9 -1 5641 -1
24065 7656 -1
24032 71 716 2968 -1
35550 10062 13370 -1
23541 1459 2173 11323 -1
13401 5299 -1
22123 299 -1
25234 45 -1
14388 30 361 1869 2628 -1 1869 -1 211 -1
2244 30 482 -1 12 14 33 112 1542 -1
34320 547 -1
5637 45 -1
19079 264 2354 -1 10135 -1 9 671 -1 1207 -1 264 -1 1565 -1 154 1557 2413 -1
23466 51 104 -1
30624 105 -1 12096 -1
1176 32 405 745 2480 -1 63 2856 -1
7713 547 765 -1 21 23 254 -1 542 -1
27079 2505 -1
6205 1131 -1
29704 685 -1
3946 37 1171 4412 -1 9 -1 39 40 333 5133 -1 232 233 -1 37 5137 -1 9 -1 2180 -1 45 -1 120 1171 -1 9 30 -1
33966 102 -1 7 7 30 283 369 -1
8012 765 -1 30 6792 -1 619 6793 -1 45 -1 3341 -1
6086 13 398 -1 5922 -1 9 333 2652 2903 -1 45 -1 9 2131 -1 30 -1 211 -1 30 211 3564 -1 5647 -1 145 -1
6563 1092 -1
20222 2298 -1
33000 58 4744 -1 7 9 12940 -1
17729 2413 -1
16576 9 45 885 -1
26792 629 1028 -1
27850 30 211 775 -1
1109 21 -1
7132 9 37 2432 -1 2787 -1 45 5650 -1
25309 5297 -1
2480 30 45 874 1430 -1
29750 7 125 780 -1 145 711 2072 -1 37 -1 222 -1 198 514 -1 12392 -1 333 745 1485 -1 5948 -1 9 73 -1 45 6645 -1 2 166 -1
7040 54 3459 -1
1549 9 45 120 470 -1 2549 -1 77 -1 30 120 3763 -1 470 2500 -1 77 -1 9 1859 3764 -1 9 45 3765 -1 1859 -1 45 3766 -1
22866 115 1493 4758 -1
2574 45 351 -1 296 369 -1 61 -1
35990 45 60 2114 2602 -1
22481 9 9 45 300 383 1092 -1
33057 13 30 1112 2600 -1
15536 426 1028 -1
32437 369 -1
3486 172 719 4775 -1
6044 37 42 124 338 348 5896 -1
5031 21 -1
15713 7 7 30 30 42 54 124 172 719 961 986 3159 3305 -1
18058 9 1039 3332 -1
24287 23 -1 4733 -1 13 -1 182 361 -1
36191 45 -1 22 369 -1 23 -1 379 -1 197 1557 2882 -1
6580 30 426 1216 -1 426 -1 14 1547 -1 2059 -1
4731 9 -1
22725 9 9 45 885 4732 -1
22709 150 -1
13943 45 173 215 -1
19289 45 -1 61 2588 9997 -1
11422 30 361 568 1915 -1 9 21 42 215 235 2569 -1
20298 37 -1 9 4599 -1
21448 558 -1 3 -1
12460 4227 -1 45 60 5009 -1 215 -1 30 112 -1
25575 433 -1 124 1713 -1
8168 1188 -1 9 45 2787 -1 3164 -1
3038 914 -1
20371 126 186 -1
21810 30 2608 -1 285 4172 -1
35660 782 -1 21 -1 126 2698 -1 14 115 433 1819 -1
7458 235 285 6422 -1
17435 2855 -1
6683 13 -1
27609 9 45 383 4439 -1
3465 84 -1
22093 142 -1 9 45 1028 -1
3442 9 45 849 4736 -1 3145 4734 -1 333 -1 4441 -1 4737 -1 800 -1 9 -1 105 800 914 1950 -1 30 -1 800 1176 4737 -1 9 -1
15775 2010 -1
1381 9 22 145 145 383 638 2884 3034 3058 -1 404 1305 -1 7 30 404 2854 -1 30 639 -1 61 -1 1792 -1 42 331 -1
4471 172 837 2536 -1
7972 733 -1 63 426 -1 21 -1 6772 -1 120 182 299 -1
3008 124 -1
25783 42 172 3682 -1
2525 9 37 45 173 351 -1 9 30 254 423 1049 1168 2934 -1 154 641 -1 1728 -1
16931 120 417 -1
7304 172 235 4605 -1 21 30 -1 112 -1
6765 325 711 800 1149 -1
28452 2413 -1
16228 1934 7223 -1
15616 7 -1 9 21 639 9442 -1 433 -1
26116 361 541 745 2523 -1
20517 782 -1
23210 11274 -1
14748 30 8905 -1
14711 45 351 -1
26183 7 254 2010 -1 9 -1
26012 77 -1
12704 369 2293 -1
13502 13 73 -1
28364 9 -1
23106 3855 -1
6080 45 342 5647 -1 30 -1 120 211 1028 -1
35514 1177 -1
13522 13 -1
22772 9 30 760 2453 -1 45 -1 9 -1 1076 -1 45 45 110 172 775 4463 -1
35966 126 -1 9 -1
2827 45 2579 -1
12936 120 538 -1
32118 101 126 656 910 1889 -1
8839 30 235 2567 4327 -1
17896 885 -1
30607 7 -1 13 685 925 -1
3556 383 -1
1734 40 -1
3763 9 30 2519 -1 21 22 45 -1
18840 7 14 40 470 6918 -1
11617 4954 -1
13556 1040 -1
35551 45 -1 30 60 897 5509 6902 -1 9 22 37 40 -1
13913 296 -1 76 -1 40 254 -1 11 -1 54 120 3145 8772 -1 54 -1 78 -1
7809 45 3282 -1
4977 30 4512 -1 9 2702 -1 2401 -1 9 37 -1 2945 -1 45 3205 -1
5837 1620 -1
27391 5470 -1 122 -1
10198 61 267 -1
34575 9 -1 520 631 -1
9255 711 7105 -1 127 148 -1
3992 19 5158 -1 37 -1 51 -1 45 421 -1 333 1805 2180 -1 9 -1 9 21 112 433 1628 2169 3069 -1
6301 9 -1 3899 4097 -1 37 -1 120 -1
24994 14 -1 1351 -1 9 42 1131 -1
4773 9 631 800 2399 5139 -1 433 -1
7618 42 1367 5322 -1 849 2903 -1
12265 60 -1 342 1557 -1
6072 53 -1 202 -1
2028 267 -1 145 3693 -1
25475 632 2604 -1
4157 58 5195 -1
6621 21 1452 2443 2454 -1
3276 90 120 426 -1 4258 -1
33926 7302 -1 58 -1 2284 6244 13049 -1 1604 -1 58 -1 373 1367 -1 40 58 -1 69 -1 491 7604 -1 103 520 -1 333 13274 -1 37 58 -1 32 3007 -1
31827 2484 -1
10640 45 369 -1
25094 42 124 -1
6218 1131 -1
24502 3605 -1 45 852 -1
11041 9 218 -1
10843 13 57 558 -1
24492 3 58 -1 30 542 -1 5874 -1 639 -1 58 61 -1 51 57 104 -1 9 45 434 481 -1 211 748 -1 5205 -1
492 225 -1
18366 383 1874 4256 -1
35624 68 -1 40 1493 6092 -1 37 1036 -1 639 957 -1
5216 42 711 -1
12051 9 2527 -1
15958 201 -1
24437 61 4681 -1
6320 21 42 385 5248 -1 30 190 -1 3978 -1
25589 45 5647 7212 -1
1675 9 257 300 1131 2874 3875 -1
4710 2 -1
7804 9 2785 -1 9 30 -1 5920 -1 9 30 -1 4247 -1 21 -1 37 2545 -1 2824 5881 -1 127 2824 -1 9 145 6683 -1 37 45 4978 -1
29127 60 245 -1
838 405 -1
14554 54 105 -1
12369 9 45 112 299 2389 4375 -1 5674 -1 30 -1
11586 254 -1
25280 329 -1
25815 172 4152 -1
42 49 -1 35 681 -1
30738 3215 -1
3688 9 2677 -1
33963 21 40 369 -1
4568 5365 -1
35021 30 42 211 693 4962 -1
11383 361 -1
31214 21 -1 1615 -1 127 -1 302 369 -1
14803 383 -1
7055 42 -1 711 6270 -1
7420 9 145 -1 45 2787 6343 -1 9 37 333 706 -1 2970 6405 -1 30 -1 30 5788 -1 3648 -1 30 -1 6406 -1 9 -1 1150 -1 45 -1 9 -1 2212 -1 45 -1 5633 -1 342 -1 30 45 2900 5636 -1 120 -1 2787 -1 145 365 -1 9 45 3676 -1 9 -1 1503 -1
1284 711 729 1493 1518 -1 1639 -1
1895 396 638 849 -1
9818 711 -1 30 -1 40 716 -1 341 748 -1
9455 107 -1 639 -1
33315 433 -1 2505 -1
11663 127 383 -1 1493 2682 -1
22284 112 186 995 -1 42 172 782 -1
2354 4334 -1
25436 2446 -1 37 -1 9 11623 -1
8530 329 -1
36110 333 706 -1 58 77 172 348 2644 -1
23333 21 58 61 1310 -1 9 342 1119 -1 45 1744 -1
34121 10647 -1
257 7 450 -1 154 -1 1494 -1
22830 1367 4185 4258 -1
7434 103 112 257 -1 340 -1 145 -1 9 -1 37 4328 -1 9 -1 350 385 -1 2903 -1 7 -1 37 42 2555 -1 172 -1 5322 -1
27325 37 -1 172 -1 30 2629 4791 -1 37 124 172 -1
32441 42 361 -1 333 -1 2495 4121 8766 -1 37 -1 7 -1 215 -1 30 3054 -1 986 2883 -1 42 -1
2457 9 21 211 -1
4724 21 -1
25584 166 -1 9 21 151 182 260 -1 45 -1
1188 167 2141 -1
10644 45 51 104 404 2116 -1
26651 7 1416 3815 -1
4942 1057 -1
504 42 120 361 396 2552 -1
27748 103 2406 -1
20370 54 426 1109 -1
14312 1459 -1
6775 45 -1
13939 124 -1 185 -1
11685 3449 4014 -1 30 42 172 186 765 1312 1581 -1 6292 -1 30 1555 7954 -1 9 -1 1040 -1 110 7955 -1 124 182 -1
27741 9 619 9727 -1
3728 9 383 -1
25588 1040 -1
28164 142 -1
27566 45 -1
2512 45 542 547 -1
19370 383 -1
32793 283 12917 -1
20374 185 -1
31600 120 3070 10421 -1 42 1367 -1 4716 -1
32662 215 -1
21503 3220 -1
12650 45 5002 -1 805 -1
19189 9 122 427 971 1452 -1
35845 9 232 1492 2338 12994 -1 45 -1
5419 42 172 4138 4731 -1
34065 9 632 -1 42 -1 9 99 -1 21 40 -1 37 172 -1
8060 30 635 3169 3515 -1 142 -1
4734 15 3657 -1 9 -1
27614 30 37 476 537 654 4599 -1
30693 361 4163 -1
12285 45 7933 -1
12129 149 -1
1671 103 975 -1
32607 30 215 345 1057 1326 12671 12821 -1 9 -1
564 45 63 249 -1
4729 1190 -1
6829 711 -1
12425 184 300 -1 1131 -1 112 -1
119 7 14 272 -1
29313 361 -1
24916 45 1049 -1
36036 127 295 -1
11842 9 45 110 173 626 -1
33655 45 215 -1
31825 711 -1
23013 2681 -1
30013 547 -1
14176 30 4182 -1
15184 998 1462 -1
6212 218 2462 -1
26841 58 296 760 10968 -1
25784 2422 -1
13753 54 78 547 765 -1
7123 9 45 598 2628 -1
2942 9 145 383 -1
5717 3159 -1 2516 -1
14259 9 145 -1
378 9 45 -1
27378 3207 -1 15 -1 333 706 8630 -1 21 124 -1 126 367 1306 -1 9 127 383 -1 30 -1 21 166 -1 3 9 58 1735 -1 383 -1 117 -1
2428 3 4376 -1 105 245 -1
10488 30 71 122 254 361 1144 2487 -1
4495 432 -1
21985 7 -1 13 501 831 -1
4464 254 -1 433 4405 -1 42 -1 361 -1 30 -1 120 145 433 450 1191 -1 254 -1 185 246 361 -1 9 -1 45 120 5314 5318 -1
19018 805 3076 -1
5986 120 177 -1
30642 42 369 -1
6999 14 1189 -1
27394 1738 -1 45 120 5431 -1
11166 2619 -1 30 -1 1452 -1
36094 3184 -1
24666 37 -1
23349 2563 -1
27666 120 470 -1 9 304 383 -1
35195 285 -1
7610 5322 -1
13601 9 127 -1
10724 481 -1 45 -1 9 -1 3281 4378 -1 21 77 -1 1869 -1 124 -1 1869 -1
15612 71 -1
33429 60 -1 11 2054 -1
16146 1493 4144 -1
12812 45 295 -1
21238 61 398 639 1493 2720 -1
23041 7 3159 -1
23205 3 30 124 977 -1 61 509 -1
32058 235 -1 6101 -1
251 7 -1
13015 9 45 1986 8418 -1
34763 7 30 547 789 1306 2246 -1 127 369 5209 -1 7 -1 1119 -1 9 2293 -1 30 290 -1 333 369 -1 7 706 -1 54 120 127 1036 4618 -1 295 -1 254 957 1510 -1 9 127 -1 910 -1
9914 2475 2477 -1
14278 745 2897 -1 30 591 2444 -1
28415 7 9 -1 3036 -1
21196 986 3159 10910 -1
9049 351 -1
4411 5241 -1
762 3 494 1493 -1
5987 45 -1 120 177 -1
15849 145 547 -1 49 639 1066 -1
1767 3943 -1 361 -1
15934 9 37 7040 -1 45 1493 2413 -1
25327 120 -1 2340 -1 423 -1 639 -1 361 1725 -1 7 42 299 6238 -1 124 -1 9 21 300 430 -1 3795 -1
6682 4599 -1
21 54 254 364 468 -1 120 469 -1 9 470 -1 471 -1
9868 3873 -1
14492 9 264 361 383 1556 -1
5835 2285 -1
29115 30 2010 2392 -1 13 115 3558 -1
1994 7 -1
29829 58 -1
31420 120 373 -1
32681 2 -1 235 -1
10477 182 211 711 2656 -1 9 -1 45 1040 -1 9 -1 1092 -1 37 45 184 538 3760 -1 30 745 2484 3751 -1 9 -1 383 -1
24996 40 325 -1
10471 342 1874 3092 -1
24283 639 -1
25222 735 -1
20361 38 -1 37 -1 172 -1
6761 231 -1
4692 30 -1 7 120 -1
24088 172 5538 -1
9623 110 -1
27440 5969 -1
12084 30 110 1144 1986 -1
29452 256 -1 427 1949 2121 -1 124 182 -1
26983 124 2542 -1
35923 21 254 -1 40 290 -1 254 -1 21 23 -1 9 21 30 45 90 103 254 358 981 2042 9604 -1 30 30 90 103 981 9604 -1 73 333 404 639 -1 782 -1
11204 3125 -1
14213 285 -1 9 -1 191 -1 9 45 -1 383 -1
9718 23 30 -1 934 -1 120 2720 -1 127 -1
9306 9 40 42 2513 -1
6053 60 -1
10800 2 -1 30 64 -1
11568 342 7909 -1 30 42 45 124 381 3594 3697 6625 -1
7521 49 -1 1550 2824 -1 14 -1
13353 1190 -1
20551 885 -1
23696 1387 -1
25666 3475 -1
3554 125 -1 45 631 -1 9 9 21 838 4727 -1 77 115 5014 -1
1550 3724 -1 3774 -1
6491 1222 -1
34534 654 -1
1598 1367 -1
30528 23 30 40 267 404 405 -1 3810 -1
6490 148 2116 -1 45 -1 1216 -1 404 1188 -1
36251 45 917 -1
20801 1557 -1 124 -1
2332 9 385 -1
15798 115 172 1617 9513 9514 -1
11669 2246 -1 3 1748 -1 9 9 45 383 3395 -1 30 745 2484 -1
17420 107 112 638 976 9022 -1
28353 9 245 -1 40 -1 556 -1 9 925 3036 3280 4179 -1 21 112 -1 558 1459 -1 9 30 300 4352 -1 3941 -1
28928 641 -1
29813 45 12016 -1
31812 104 -1
27465 385 -1 61 333 639 706 -1 30 211 627 6914 -1
26499 112 423 537 4602 11761 -1
20351 9 930 -1
22224 9 11110 -1
6285 13 13 349 365 780 2660 -1 71 77 349 -1 71 -1 1454 -1
25625 9 45 4767 -1 2625 -1 3113 -1 145 -1 9 4767 -1 45 -1 9 7785 -1
7294 706 -1 112 -1 145 688 -1 126 391 4552 -1 404 1069 -1
15506 7 450 -1 9 1030 -1
27992 547 -1
15579 120 -1
22091 45 10924 -1
10629 617 -1 73 -1 21 -1 639 -1 3 -1
11153 7 211 -1
1703 9 -1
4627 172 1190 3909 4329 -1
34900 7 -1 14 -1
3197 1057 -1 124 423 -1 124 745 4892 -1
34195 280 2283 10734 -1 280 579 -1 7635 -1 211 280 579 859 11248 -1 2 3 2246 12683 -1
6006 1082 -1 537 1418 1869 -1 30 -1
25676 9 4732 -1
25087 7 -1
15338 9 1028 4097 -1 30 -1 9 -1 145 4328 -1 1739 -1 9 -1 7 365 932 7491 -1
20923 104 10817 -1 3004 -1 9 15 1367 -1 45 81 -1 9 -1
6620 9 -1
9872 53 481 638 719 1331 7369 -1
31293 730 -1
719 788 -1
10852 127 -1
12192 182 -1
27484 45 4439 -1
20208 14 225 433 -1
23515 11 -1 21 57 124 145 639 -1
16672 9887 -1
27159 14 1367 3657 -1 30 983 -1
6780 7 124 1119 -1
7948 105 421 -1
23374 2486 -1 21 23 30 145 547 5500 7887 -1 639 -1 30 58 361 1081 -1 254 547 1319 -1
9777 374 -1
17135 5869 -1
9551 9 342 -1 45 -1
12160 3071 -1
224 545 -1
9445 120 1131 -1
14466 45 1445 -1 2435 -1 77 180 8115 -1 4066 -1 1191 -1
15388 154 -1 177 -1 7 -1 986 -1 9 -1 837 -1
33643 382 -1
10267 250 -1 145 358 -1 30 -1 13 -1
22118 13 185 3159 -1
23123 294 -1
20437 13 40 90 -1
22806 45 -1 215 10908 -1
19812 208 -1
3820 42 846 -1
7318 77 -1 376 -1 156 -1
21451 286 -1
27406 2787 -1
25352 124 299 365 -1 1367 -1 30 -1 9 45 2579 -1 9 -1
18783 122 204 638 -1 60 -1 1123 -1
23800 1392 -1 15 -1 256 304 470 1493 -1 9 383 -1
24730 90 -1
27003 112 264 1252 1555 -1
14479 346 -1
31501 30 -1
30012 102 -1 45 331 547 -1 54 -1 162 364 -1
30458 110 -1
8719 30 -1 50 103 433 -1 5445 -1 182 267 -1 120 749 -1
27333 15 10496 -1 1432 -1 40 254 -1 60 -1 90 9574 -1 348 -1 4624 -1 180 285 676 -1 6261 -1 71 120 2283 -1 30 40 6238 -1 71 -1
35008 180 -1 126 -1 1351 -1 2960 -1
28080 12085 -1 50 -1 3599 -1 361 -1 849 -1 5635 -1 42 1639 5189 -1 9 45 110 -1 12086 -1 2985 -1 4129 -1 21 103 162 -1 90 1236 -1 15 1124 -1 21 -1
9731 2866 -1
11865 9 -1 760 3907 -1 11 -1
32484 2982 -1
26602 13 73 -1
2138 30 -1 482 -1
8500 127 -1
25755 60 -1 2525 -1 30 2516 -1 112 -1 9 71 112 364 433 2677 4886 4886 -1 13 -1
22943 9 -1 1076 -1 45 -1 775 -1
13294 3184 -1
4818 9 45 359 -1
6783 30 3879 -1
33937 937 12127 -1
2241 145 4275 -1 9 1028 -1
10031 77 910 7207 -1 37 2914 -1 120 2341 -1
3241 4273 -1
23856 14 745 4216 6902 -1
6585 1247 -1 60 -1
7367 9 -1 342 839 -1 71 254 -1 264 -1
28974 3263 -1
34519 204 914 -1
33102 37 217 638 -1
8173 21 1305 -1
24891 2569 -1
17629 1789 -1
4794 892 -1 13 30 -1 9 211 4124 -1 479 839 -1 9 -1 30 2677 -1 211 -1 9 -1 855 -1 30 839 -1 264 4860 -1 124 -1 30 -1 124 333 892 -1 1485 -1 9 45 323 351 -1
8138 547 -1
18890 37 -1 9 383 -1 7 156 -1 831 -1
26127 9 30 9480 11073 -1
35048 11419 -1 387 -1
30438 114 115 3090 -1
28135 1312 -1
21562 124 -1
6337 1628 -1 105 547 631 -1
14975 9 345 -1 2169 -1
11674 13 37 1581 -1 30 1763 -1 13 395 800 -1 30 103 831 1738 2616 -1 543 -1
8879 7 9 9 45 57 2614 -1
18236 30 -1 9 13 385 2612 -1
21619 9 2098 -1 30 369 2293 -1 61 -1 9 8181 -1 1279 -1 22 -1 9 23 294 369 383 404 -1
11442 383 -1
12709 23 45 775 -1 2114 -1 1367 -1
18506 300 1150 1493 -1
9088 77 122 -1
34104 481 639 -1 1112 -1 58 -1 13315 -1
11688 299 -1
16079 42 172 -1 999 -1
10188 124 925 -1
21412 42 -1 30 172 999 -1 42 57 172 4299 -1 3 32 638 1629 -1 172 1835 -1 417 629 -1 127 -1 30 638 -1
7592 2555 -1 124 1057 -1
10925 225 342 375 -1
7139 1557 -1 21 172 417 -1 50 77 348 897 4529 -1 37 51 124 -1 104 -1 481 -1 9 45 45 173 -1
28601 42 60 1367 4143 -1
26168 22 58 1296 11715 -1
8810 124 -1 58 -1
23112 704 1493 -1
31466 9 -1
23881 4148 5538 -1
3072 9 30 2619 -1 2620 2621 -1 30 426 1707 -1
8463 77 -1
7124 4552 -1
12351 77 -1 2858 -1 700 -1 254 -1
2462 37 -1 9 19 835 -1 37 -1 9 9 45 1039 2404 4391 -1 211 -1
4158 2711 -1
27591 37 120 122 537 2141 -1
5280 109 -1
22651 45 172 369 -1
13346 9 9 32 45 369 2614 -1
2011 1242 -1 154 2693 -1
2878 19 2853 3831 4664 -1
23869 433 -1
2513 45 1049 -1
6838 14 2653 -1
22316 9 -1 433 1058 -1 267 -1
3141 9 2677 -1
23578 778 -1
3683 197 -1
25019 2604 -1
1728 40 421 -1 2704 -1
31033 351 -1
7975 1131 -1
10071 45 3849 -1 2354 -1
13851 1190 1570 -1
27907 30 361 2397 -1 3112 -1 30 2010 5397 -1 145 361 -1
12267 15 -1 930 -1 9 30 2934 -1 9 22 30 361 1232 3124 3711 -1
561 627 -1
32103 9 232 382 3312 12064 -1
29855 45 -1 9 3121 -1
1368 120 405 -1 3058 -1
8486 9 -1
23553 42 1738 -1
7106 61 -1
24562 1738 -1
31716 639 -1 57 433 -1 254 -1 30 57 305 -1 156 197 254 376 433 782 -1
4232 45 -1 120 145 2367 -1
25307 30 -1 112 -1 433 -1
7271 30 -1
5328 13 45 -1
15048 42 1176 -1
1581 171 361 -1
25164 7454 -1 14 103 433 -1 104 -1
8328 2914 -1
30770 124 433 12534 -1 122 1310 3116 -1 30 -1 2212 -1 122 -1 2212 -1
6438 127 2173 -1 711 -1
17305 21 124 -1 42 1955 -1
12580 501 -1 9 13 13 21 30 182 235 543 831 2876 4792 -1
15643 32 361 626 2340 2440 2442 -1
16406 37 77 -1 1789 -1
370 2503 -1
14168 45 -1 7909 -1
16265 120 -1
28687 37 531 3435 4734 12028 -1
27710 9 -1 21 260 2740 -1 426 -1 30 172 2552 4447 5241 -1 4447 -1
3457 110 -1
3426 9 -1 9 54 4727 -1
8746 15 361 -1 7050 -1
2508 45 1049 -1
2274 58 61 195 304 639 2873 -1
16253 50 -1 30 -1 2715 -1 32 -1 639 -1
34833 211 13176 -1 9 -1
36133 38 -1
27707 8920 -1
24561 638 -1
7909 9 -1 45 124 6355 -1 9 21 685 -1 4173 -1
26090 120 -1 14 321 -1
21094 501 -1
3845 145 211 383 2863 -1 9 1028 -1
28740 30 433 3116 -1 72 2046 -1
31477 30 45 61 120 254 361 369 3552 4519 12612 -1
10735 358 -1
17964 1367 2170 -1
6460 258 -1 45 110 1049 -1
10092 719 3843 7462 -1
4247 14 50 103 208 1057 -1
20950 1673 -1
10237 347 364 423 2246 2549 -1
18700 9 2945 -1
35971 9 182 4401 -1
5323 7 -1
25491 14 -1 537 -1
35118 568 638 -1
7699 547 1673 -1
15663 9071 -1
11277 921 -1 71 -1 745 -1 15 6865 -1 9 -1 1131 -1 45 -1 404 531 2720 -1 423 745 -1 4932 -1 154 -1 110 177 -1
8705 9 -1 45 1986 -1
36207 254 -1 3559 -1 37 638 925 -1 9 9 300 897 -1
21733 14 1213 -1
22596 9 172 383 -1
18354 37 -1 9 3699 -1
6857 57 -1
1988 2873 -1
16419 110 -1
26695 45 173 258 3627 -1
5450 127 1049 -1
27496 256 5431 -1
8993 1112 -1
15949 122 638 -1
6699 6139 -1
28610 45 -1
14251 7970 -1
7131 626 -1
24294 58 -1
32618 890 -1
8350 127 369 -1
35225 172 5185 -1
35949 30 4377 6971 -1
22075 4716 -1
26673 45 -1 9 5295 -1 3121 -1
24708 13 3911 -1
5972 126 -1
33556 632 -1
4085 1367 5129 -1
21628 641 -1
33049 77 289 1351 -1 925 -1
25586 45 11634 -1
5684 840 2516 -1 9 30 42 846 1428 -1 3159 -1 2516 -1
29190 23 -1 14 30 37 45 225 387 387 476 711 1459 -1
21137 9 -1 2237 -1
31616 4332 -1
23946 1367 -1
24768 264 639 -1
104 365 -1 37 545 -1
5202 145 992 -1 537 -1 369 -1
12239 9 45 -1 1571 2295 -1 1191 -1
12200 45 -1
15399 9 45 -1 383 -1
15020 32 120 379 -1 21 30 40 120 122 124 211 3855 -1
13469 30 120 180 1028 -1
34114 15 -1 671 734 -1 58 -1 42 -1 11329 -1 32 -1 9 42 -1 888 -1 9 45 369 2293 -1 37 58 -1 45 4710 -1 32 37 998 13318 -1 45 4710 -1 9 -1
4043 993 -1
17414 501 -1
16403 30 9777 -1
32143 633 -1
8887 501 -1
30852 42 361 -1
12676 21 558 2246 2505 3978 -1 30 58 2443 -1
10528 1144 -1 299 -1
650 639 -1 61 -1 246 -1 13 145 711 -1
12638 9 -1 344 383 -1 531 -1
4837 9 125 -1
21539 2969 -1
15732 7 -1 1881 -1 711 -1
35200 4102 -1
14661 22 235 -1
9401 21 127 631 -1 30 -1 1523 -1
13553 45 351 -1
22209 1028 -1
11108 2176 -1
4861 1428 4861 -1 42 846 -1 54 60 840 2516 -1
33284 188 -1
30626 10463 -1
32687 9 2549 -1 568 5055 -1 7 7216 -1
22976 7 54 60 3115 -1
32773 1583 2246 -1 7 14 6902 -1 30 -1 7 57 -1
23704 145 331 -1 711 -1
1507 45 -1 40 180 2311 3386 -1
21149 2055 -1
20316 45 897 -1
17475 470 3917 -1
23764 9 45 1986 8271 -1 11349 -1
28219 30 -1
36268 30 254 617 3005 -1 62 -1 483 -1
10467 1986 -1
12559 833 1113 -1
18426 925 -1
25455 351 -1
15653 77 -1 1387 -1 9 342 626 -1 30 -1
18577 30 434 3906 -1 162 2366 -1 21 -1
8279 6872 -1
27460 53 1057 -1 547 -1 21 -1 105 1342 -1 1092 -1 37 -1 125 384 1367 -1
7979 9 -1
12350 45 124 -1
21138 9 173 -1 45 351 -1
16498 1222 -1
13221 8339 -1 333 706 -1 8339 -1 2550 -1 30 8653 -1
13100 1986 -1 9 45 1986 8538 -1 45 -1 9 8100 -1 45 1986 8163 -1 333 -1 0 1986 -1 9 45 1986 8539 -1 9 45 1986 7696 -1 45 8540 -1 333 -1 0 1986 -1 45 -1 5401 -1 9 45 1986 -1 9 4307 -1 1986 -1
30383 1493 2954 -1
2777 3103 -1 361 -1 15 60 -1
6269 1331 -1
22472 434 -1 232 -1 809 -1
10828 77 383 -1 122 3503 -1 351 -1 30 -1 254 -1 1213 -1 358 -1 122 -1 124 -1
20693 10728 -1
7072 9 37 182 222 264 2713 3129 -1
23558 1432 -1
15401 37 -1 9 211 -1 45 2903 -1
2350 7 433 4340 -1 45 3159 -1 9 880 -1 9 45 2420 -1
23570 145 -1
3176 45 147 340 -1 232 -1 4887 -1
6074 54 671 -1
23779 885 -1
32225 9 -1 333 706 1086 1815 -1 115 -1 1272 -1 1889 -1 22 68 688 -1 90 -1 58 9960 -1 7 -1 102 -1 12722 -1 1279 -1 122 -1
3529 3924 -1
35981 30 254 -1 21 800 3064 -1 361 -1 60 264 -1 45 11805 -1
31260 688 -1
33843 21 2496 -1 13 30 3146 -1 54 -1 165 2496 -1
21397 414 -1
26910 3522 -1
3279 182 -1 60 547 2856 -1 105 -1 631 -1
28187 1176 -1
11630 971 -1 846 -1 37 60 -1 845 -1
7189 30 3220 -1 9 9 42 45 329 3676 -1
35281 5564 -1
20615 3428 -1
3476 4731 -1
32914 688 2301 -1
3569 112 145 1033 2010 -1 9 2677 -1 112 -1 71 3989 -1 9 -1
10479 105 118 910 -1
32729 2 45 -1
15786 60 839 954 971 1942 -1
8931 2295 -1
22694 37 63 112 120 426 433 993 1232 3484 -1
1613 30 37 3064 -1 232 1421 -1 993 -1
27346 9 -1 45 1147 -1 13 -1
22031 9 45 914 -1 9 -1
1486 2346 -1 369 -1
11584 45 619 -1
12392 9 342 350 369 -1
25025 45 -1
35014 85 -1
20919 103 -1 37 124 142 -1
15770 127 2173 -1
23389 1387 -1
7798 9 3005 -1
34932 631 -1
29859 30 124 124 7155 7844 -1
23751 1131 -1
22399 404 -1
4913 7 -1 9 54 62 232 4328 4883 -1
11843 1144 -1
18323 711 -1
33807 9 -1 13248 -1
3162 14 4882 -1
22814 1028 -1
12031 58 60 -1 1189 -1
9755 4860 -1
32526 1191 2660 -1 9 332 1169 -1
18746 9 -1 4776 -1 45 2563 -1 37 10108 -1
33777 976 -1 62 639 1493 -1
24192 30 -1 13 122 11407 -1 124 -1
3338 2775 -1
21767 61 711 2444 -1
5698 840 -1 45 -1 9 -1 3598 -1 15 225 1738 -1 45 60 145 797 2680 -1 9 -1 383 -1
26343 61 -1
34800 73 -1 58 369 -1
29413 14 63 1171 -1
2037 124 -1 110 -1 127 -1 120 1869 3504 -1 30 -1 254 -1 42 283 3066 -1
30426 3856 -1
31340 30 58 59 433 638 -1
35689 556 -1
6248 5978 -1 711 -1
15254 638 -1
8841 9 15 4734 7074 -1
11839 45 6493 -1
19588 14 33 1536 -1
5900 15 54 232 320 -1 921 1057 -1
33684 45 110 1211 1459 -1 9 -1 38 -1
25561 2651 -1
12281 58 3115 -1
27423 40 -1 21 40 50 90 103 202 -1
22057 21 -1
2528 50 77 -1
20687 9 1109 -1
15456 124 626 7491 -1
29472 9 15 2192 2527 -1 204 -1 37 -1
35061 1949 -1
6557 6075 -1
15760 267 2698 -1
9348 3 -1 639 -1 542 556 -1
34447 21 865 -1 547 -1
27133 61 -1
11445 7882 -1 45 342 -1
19333 15 172 2143 -1
28712 305 2633 -1
9266 369 -1
18192 172 2537 -1 9 37 -1 5294 -1 45 2597 -1
6888 7 13 1459 3237 -1
1322 7 7 54 1459 3058 -1 120 -1 9 37 385 405 -1
7752 1028 -1
15204 671 -1
20424 7 -1 839 986 -1 30 -1 7 -1 120 685 -1
5142 9 -1 22 385 -1 639 -1 145 3213 -1 172 -1
25560 433 6914 -1
2300 54 232 4298 -1
1564 1418 -1
14815 993 2821 -1
8579 6926 -1
22813 638 -1
29840 45 1158 -1 9 -1 626 3028 -1 254 -1 77 2509 -1
14244 9 30 45 342 342 351 7486 -1 45 -1
16404 509 2897 -1
21964 3115 -1
15083 9204 -1
34927 7 2896 5055 -1 21 124 -1 404 -1 13586 -1 558 -1
22081 115 124 -1
22632 103 142 264 -1
3655 4859 -1 9 54 2525 -1 30 361 509 -1 9 626 -1 45 4727 -1 9 -1
32442 9 37 77 2549 -1
29545 30 42 -1
6697 1869 -1 215 -1 30 -1
6635 45 -1 9 -1 383 -1
21925 344 -1
22995 2406 -1
30381 9737 -1
8205 6516 -1 30 1057 -1 9 -1
34573 45 -1
22718 54 -1
17078 71 -1 60 10001 -1 30 60 4135 9505 -1
6016 45 -1 30 662 2957 -1
18333 14 -1
30583 7 299 840 3435 -1
15714 124 -1 211 -1
19473 53 -1
36175 9 45 369 7454 -1
29959 45 172 -1 1801 -1
26832 2592 -1
32657 1242 -1
25241 711 2397 -1
31571 3 526 -1
23748 30 58 547 -1
35031 32 -1 572 -1
10606 289 -1 13 264 -1 711 1044 -1 331 -1
26949 23 122 296 351 3793 11803 -1 9 37 711 -1 9 45 45 1092 1147 -1 351 -1
33124 218 1058 -1
4722 9 3394 -1 45 -1
35165 45 13675 -1
12262 45 7932 -1
12372 417 -1
26783 9 -1 9 45 631 4968 -1
8181 638 1766 2523 -1 7 -1
20721 292 -1
29496 30 124 187 433 2246 -1
17314 2471 -1 4649 -1
12150 1130 -1
10943 4093 -1
23279 9 -1 627 -1
35944 37 -1
34368 14 21 101 1236 -1 9595 -1
30518 333 -1 103 104 214 706 2346 -1 7 -1 14 404 961 -1 1986 -1
16220 254 -1 14 21 40 544 558 -1 145 283 442 -1
36086 42 211 -1 71 71 1870 2882 -1
26201 77 -1
29254 60 -1
23002 21 22 37 45 54 254 342 364 1445 -1 775 -1
35782 45 175 369 -1
26048 60 1780 3010 5616 -1
35415 1493 6092 -1 1418 -1
35582 9 -1
2797 9 30 40 124 2401 -1
7728 22 77 361 568 1986 -1 37 2824 -1 1550 -1
21627 568 -1
4452 1049 -1
10445 9 -1
14159 2513 -1
26050 115 -1
9710 638 1764 -1
9500 14 61 1654 -1
29056 748 1092 -1
34894 654 -1
34784 45 1640 -1 7717 -1
35341 9 115 -1 22 181 2341 -1 299 -1 30 -1 9 -1 3545 -1 333 706 3504 -1 62 6297 9536 -1
31564 267 -1 9 300 -1
3259 9 4710 -1
17515 45 -1
3342 172 -1 30 62 404 2462 -1
32315 711 -1
12926 30 3351 -1
25108 184 843 -1 11567 -1 30 40 2698 -1 184 -1 40 11567 -1 58 -1 1565 -1 45 110 -1 13 13 509 -1 15 110 2999 -1 2999 -1
23214 9 383 -1
3238 45 -1 903 4710 -1 45 998 -1 734 -1 42 -1
3137 54 60 2700 4507 -1
8666 383 2692 -1
9763 626 -1 9 45 151 -1 9 383 -1
28555 295 -1
19271 4096 -1
14002 54 342 -1 9 -1
33576 30 -1
14477 3063 -1
6383 45 -1 9 22 81 -1 9 383 404 -1 369 -1 344 -1 711 -1 7 -1 2912 -1 37 -1
15178 3994 -1
26999 338 -1
28966 30 -1
10573 9 -1 619 2971 -1
29235 2903 -1
23437 3277 -1
15165 5672 9211 -1 9 218 6980 -1 9 127 2999 -1 2223 -1 9 45 -1 9 145 1462 -1 9 45 2527 -1 45 1092 8394 -1 9 -1 325 2169 -1
26102 61 -1
14749 778 -1
18704 30 369 4550 -1 9 37 4239 -1
35080 9 45 -1
29713 5292 11689 -1
31480 671 -1
34843 45 -1
5531 21 107 254 -1 4451 -1
14695 6183 -1
8455 361 -1
22818 105 -1
30510 264 4654 -1
35083 2476 -1
29536 103 2367 -1
17996 14 369 -1 3144 -1
741 61 62 361 -1 60 -1 256 1310 -1
31144 38 -1
12958 4555 -1
22353 627 -1
9140 1144 -1 7 110 -1 9 45 5611 7158 -1
9197 142 -1 30 -1 983 -1 671 -1
6307 9 2437 -1 9 45 383 3395 -1 22 30 120 639 3396 -1 711 1628 -1 105 -1 54 404 631 -1
29720 45 -1
4745 58 3657 -1
4819 840 -1 2516 -1
31906 361 -1
3094 60 -1 4818 -1 9 14 433 2620 -1 839 -1
6353 42 -1 547 -1
29267 112 -1 3069 -1 112 986 -1
3778 45 -1 9 -1 2271 -1
9792 57 206 -1
6514 21 124 3218 -1 60 3598 -1 12 13 -1 14 -1 4606 -1 19 -1 2513 -1 30 -1 9 112 145 246 433 2169 -1 9 -1
21459 45 172 1547 4632 -1
17988 13 -1
4259 2987 -1
32263 267 299 -1 7 -1
6199 885 -1
11915 7 2525 -1
16213 45 5974 -1
22989 30 631 930 -1 30 983 -1 124 -1
14401 54 -1 9 45 1103 4727 -1
27373 61 639 -1 5299 -1 37 -1 9 383 -1 61 639 -1 912 -1 37 -1 9 369 -1 45 672 1493 -1
32533 7 9 40 191 547 -1 45 -1
19399 45 1097 -1
20089 110 -1
13273 333 2399 8271 -1 9 4674 -1
13804 44 45 358 -1
32872 4628 -1
1118 3 11 30 32 1438 -1 711 1081 -1
11431 37 358 -1
19779 30 1789 -1
4648 558 -1
294 106 120 -1
35252 9 15 62 449 449 2606 -1
15601 638 -1 30 -1 117 348 986 -1 19 631 719 930 1331 3159 -1
31426 60 12034 -1
319 225 -1
27810 37 497 1191 -1
14305 7 30 254 559 -1 2600 3751 -1
27794 11 61 285 537 1131 -1
15969 72 -1
13309 172 -1 30 2903 -1
35691 21 23 481 2316 12628 -1 120 -1 2009 -1
29298 21 -1 40 2301 -1
4961 37 115 -1 9 289 2358 -1 112 2825 -1
21004 9 -1
6574 685 -1 13 -1 745 -1 9 58 835 839 2440 2608 -1
20604 117 -1
16441 836 -1
126 1425 -1
8453 211 930 3115 -1
35629 9 652 -1
3502 9 -1 45 4775 -1 9 -1 9 30 211 3113 4794 4798 -1
6897 30 -1 124 745 2440 3237 -1
7965 15 -1 9 -1 4554 -1 45 -1 37 2861 -1
19183 9 -1 3571 -1 45 7430 -1
29103 23 232 -1
8443 719 1331 -1
325 520 -1
2561 433 -1 14 -1 9 -1
34499 25 71 -1
13938 1035 -1
15486 145 846 -1
2631 124 -1
7506 396 -1 32 2579 -1
13277 9 -1 533 -1 145 -1
8594 930 -1 30 -1 107 305 1364 -1 333 396 -1 54 124 2246 3115 4514 -1
9648 4860 -1
22642 404 424 836 -1
1867 105 -1
26035 45 215 -1 1744 -1
29541 996 -1
14548 120 264 358 405 542 -1
25559 115 -1
4655 9 211 -1
12394 385 -1
4885 2516 -1
2747 711 -1
11075 9 30 396 7760 7761 -1 45 7762 -1
14673 45 1131 2977 -1
4047 3185 -1
24073 380 -1 23 30 3228 -1 9 15 110 120 295 906 -1
2773 9 -1 2985 3854 4582 -1
13393 211 782 1057 -1
16731 1493 2720 4048 -1
7955 9 37 2970 -1 45 6493 -1
3998 9 3989 -1 131 245 -1 14 30 433 2633 -1
34953 30 695 -1 2074 -1 9 45 654 -1
24506 5209 -1
18848 2354 -1
20820 86 -1 30 127 2406 -1
5182 423 -1 45 986 2246 -1 9 -1 852 -1
7316 124 2529 -1
15669 45 1493 -1 2854 -1
30813 267 -1
30507 22 -1 77 4654 -1
8035 2880 6355 -1
24709 30 2340 -1 14 37 433 2246 3139 -1
29552 45 358 -1
15597 1331 -1
11830 54 -1
4744 14 2454 3657 -1
35661 2686 -1
28001 305 -1
15179 4990 -1
33809 32 -1 101 -1 232 13250 -1
33089 25 77 105 305 423 542 -1 22 -1 264 -1 810 -1 37 -1 9 -1 9719 -1 30 2010 -1 235 -1 3185 -1
9844 30 3322 -1
10262 9 37 2552 -1
20963 9 19 999 -1
15240 547 -1
24760 2977 -1
9313 1445 -1 30 -1 1869 2866 7227 -1 30 37 6347 7228 -1
23556 2512 -1 9 45 2527 -1
13991 13 77 2066 -1
24028 1744 -1
5895 15 1033 2900 3164 -1 5650 -1
18329 6237 6238 -1
24665 58 591 -1
7962 14 50 983 1023 1154 -1
32306 30 658 -1
15853 54 -1
8970 7 1124 1615 2442 -1
14574 2677 -1
14073 173 3708 -1 30 -1
14891 775 -1
2556 4446 -1
13474 9 -1 77 338 -1 1086 -1 122 -1 361 -1 626 -1 30 -1 254 2241 -1 45 110 211 2599 -1 9 -1 45 351 3260 -1 30 -1
20472 110 -1
3069 42 4782 -1
6386 9 45 127 1049 -1
1545 120 -1 538 -1
26147 831 -1
16842 782 -1
16082 2008 -1
8106 30 122 124 -1 124 2934 -1
25681 9 45 1462 -1 9 -1
21043 13 -1
9565 1445 -1
12403 9 342 -1 9 127 -1 45 1092 -1 9 30 383 2010 -1 15 -1 9 45 81 -1 9 3113 -1
16349 39 40 -1 58 -1 37 638 -1
23134 9617 -1
30119 12173 -1
34617 13464 -1 9 191 258 -1 45 836 -1
10539 1247 7557 -1
5371 9 2271 2707 -1
6412 145 -1 232 -1 4562 -1
20317 6297 -1
12280 13 -1 800 -1 120 -1 30 749 -1
26175 42 283 -1 30 1086 -1 120 417 800 8365 -1 7 -1
23770 383 -1
15002 361 849 1190 -1 3675 -1
15183 22 126 1819 9274 -1
24177 1367 -1 54 -1 9 45 1367 3036 4696 -1
30465 1092 -1
15186 9 37 45 60 385 4132 -1 5641 -1
4952 903 -1
6863 417 2977 -1 7 -1 1180 -1 6204 -1 7 4544 -1
8161 21 745 -1
11589 30 3751 -1 37 120 -1 538 -1
22752 5482 -1
494 30 2454 2656 -1 145 300 361 -1 9 -1 54 2614 -1 9 2354 -1 235 -1 800 -1 9 9 45 151 -1 387 -1 885 -1
5926 5376 -1
26701 14 115 8118 -1
7207 172 182 2422 -1
11370 120 358 364 405 -1
27813 45 537 -1
17951 711 -1
6796 3185 -1
1898 21 61 254 2443 -1
26937 9 2945 -1
6666 3280 -1 1367 -1 110 -1 45 120 1092 -1
25039 3855 -1
34173 15 -1 9 -1 7177 -1 45 800 1035 -1 9 759 -1 30 1131 -1 800 -1 9 53 333 -1 2737 -1 30 1629 -1 15 520 9146 -1 3778 -1 30 -1 11 -1 3778 -1
33762 37 3552 4616 -1
35127 45 631 -1 9 37 2945 10260 -1
10926 619 -1
24102 23 254 4336 -1 115 -1
36108 7 120 3920 -1
30785 9 -1 7652 -1
33942 15 693 -1
3519 4152 -1
33927 12 50 2689 -1 14 -1 13 1097 -1 433 -1
23629 30 342 1081 -1
22416 156 745 -1
3530 531 -1
20168 120 651 -1
23194 9 9480 -1
2206 30 42 190 3978 -1
21341 254 -1 433 -1 9 2542 -1
4494 14 433 3118 -1
30652 3 638 800 3145 -1
16147 45 -1
1147 542 -1 450 -1 71 745 -1
10617 1092 -1
31826 836 -1 7 71 72 -1
22625 145 417 748 5644 -1
15131 1109 -1
983 30 257 361 1131 3159 -1
24052 115 -1 122 -1 638 -1
7614 42 720 1367 2903 5322 -1
32181 30 215 -1 2968 -1
10150 215 -1
35851 1934 -1
10502 30 61 358 639 765 3434 3687 -1
21060 7 711 1764 -1
13981 105 631 -1
33244 9 37 150 2390 -1 45 -1 101 120 217 -1 14 305 433 -1 9 37 45 120 2390 12206 -1
6162 4596 -1 145 3145 3322 -1 45 -1 21 46 124 638 -1 30 2437 -1 1493 -1
33283 540 -1
20641 3452 -1
32185 105 836 -1
30911 350 2896 -1
3207 30 172 433 2341 3069 -1 172 3070 -1 21 -1 112 2443 -1
32566 21 -1 1232 2526 3125 -1
3455 9 -1 218 1950 -1 839 -1
24602 110 11477 -1 45 -1 404 3461 -1
27077 120 3420 -1
18423 5185 -1 9 37 45 142 404 -1
29353 40 68 -1
35374 2505 -1 13155 -1
10304 13 285 986 1131 1367 -1
24827 361 -1
15580 7 -1
4814 63 2996 -1 45 63 3227 -1 9 -1 54 60 125 449 -1 1455 2516 -1
30648 235 521 -1
19382 172 4154 -1
26169 259 -1
29871 6297 -1
7118 351 -1
9785 7 7285 -1
16357 45 -1
3917 21 421 -1
29538 45 369 -1
36216 21 30 30 33 40 40 58 77 -1
36056 30 1420 1738 6321 -1 30 3151 3155 -1
5476 9 -1 2404 -1
879 77 3190 -1
9459 3760 -1 30 112 -1 305 5500 -1
6180 113 433 -1
17738 2 54 638 -1
4551 13 45 -1 1525 -1
25947 9 1528 -1 45 1092 -1
7593 5900 -1
20100 1430 -1
10115 9 2513 -1
8068 7 9 14 30 835 1459 1557 6810 -1
23544 711 -1
13126 45 4046 -1
2867 11 21 58 62 433 -1
28603 3220 -1
20318 37 638 775 -1
2366 383 -1
7405 2862 -1
2042 145 749 4112 -1
3696 9 340 1134 -1
3665 4407 -1
12348 126 688 2246 2477 -1
19227 1742 -1 54 150 -1
16178 4727 -1
19294 45 750 -1
32999 264 -1 639 1236 -1 3 2113 -1 7 2072 -1
14153 45 2549 2549 -1
34279 37 2549 13377 -1 9 37 -1 37 37 2945 13377 -1 9 -1 37 1503 13377 -1
15985 115 -1
20136 3178 -1
21150 9 885 -1
17366 14 58 -1
25522 6847 -1
14427 619 -1
24517 172 -1 3775 -1
27784 77 -1 626 1387 -1 470 1493 -1
16960 4611 -1
26913 40 -1
15395 800 -1 9 992 -1 631 -1
14963 40 285 775 -1
6478 745 2440 -1 58 -1 29 1770 -1 60 348 685 -1
20943 30 3836 4664 -1
5809 1069 -1
25558 122 124 -1
24107 1367 -1
22049 3552 -1
17548 3 225 -1 711 1587 -1
12223 9 300 -1 2549 -1
3761 45 -1
24426 3485 -1 21 -1
21280 1565 -1
16303 182 885 -1
25160 9 1154 -1
20420 40 -1
28952 350 2896 -1
22152 120 -1 999 -1
35330 37 -1 537 -1
12243 385 -1
5898 9 45 -1 30 385 2555 2698 -1
15491 4531 -1 631 -1
1523 3722 -1
15619 374 -1
32761 14 1551 -1 30 -1
22907 6202 -1
12953 333 706 -1 7022 -1 2550 -1 120 2773 5373 -1 30 -1 9 131 7094 -1 30 8304 -1
31659 30 283 4416 -1
23446 3097 -1 30 45 911 2864 -1
3074 54 -1
6685 9 54 177 -1
18265 711 -1
6884 54 1503 -1 671 -1
6931 2400 -1
10745 639 -1 1390 -1
25272 11280 -1
35891 9 145 -1 21 361 495 1836 -1 61 246 639 13812 -1 7 -1 986 -1 45 -1 9 -1 833 -1 45 -1 22 836 -1 40 -1 9 37 -1 1147 -1 9 45 834 -1
30646 800 -1
7062 42 -1
25566 404 -1 759 -1 1131 -1
34 650 -1
12363 9 8070 -1 45 -1
1715 9 2002 -1
28578 373 -1
15869 361 6285 -1
23198 30 120 254 2367 -1 30 126 -1
13378 11 30 45 60 60 1171 2999 -1 45 1432 7466 -1
5664 3 639 -1 9 145 173 568 -1
2153 558 -1
21175 45 383 -1 4439 -1
27834 9 885 2683 -1 42 -1
9193 1040 -1
27845 42 369 671 -1
29998 633 -1
31757 547 -1
26487 404 3464 -1 173 -1
27829 13 -1 433 -1 1181 -1 124 -1 348 -1
32242 1081 -1
15414 9 1986 -1 45 -1 9 1986 9351 -1
22324 264 -1 711 800 3145 -1
17693 650 -1
29581 7 -1 685 -1
26214 9 1064 -1
32515 632 -1
35973 9 -1 30 129 296 482 720 2630 -1
6480 404 -1 369 -1 711 1091 -1
5305 129 -1 14 433 -1 748 -1
18439 267 711 4102 -1
30423 13 -1
7277 329 -1
14396 254 1191 2587 3751 -1
22613 204 5343 -1 232 9748 -1
2431 9 40 4378 -1
12523 2853 -1 254 -1 115 8118 -1
9713 404 648 -1
24476 30 -1
31101 45 -1 369 1589 -1
17861 9 -1
29169 9 30 110 300 1144 2641 -1
12494 9 42 120 177 342 2447 -1
8418 2246 -1
23181 433 -1 51 58 1080 1416 -1
12993 1859 -1
3242 765 4609 4929 -1 13 60 225 254 264 -1
16829 225 -1
5072 3139 -1 423 -1
27151 4439 -1 23 -1 521 -1
1567 120 -1 1418 3405 -1 361 -1 32 -1
35435 302 462 -1
25149 1503 -1
32809 124 -1
18550 54 120 254 8883 -1
23418 54 -1 996 -1 30 4939 -1 9 1057 -1 345 -1 45 -1
30084 120 3070 -1 30 42 124 4860 -1 9 4900 -1
5285 2443 -1
794 1459 -1
27670 3677 -1
15787 7 -1 6914 -1
15187 711 -1
3822 45 -1
29655 9 30 2319 2569 4707 -1 215 -1 361 533 800 2713 -1
23612 9 22 45 778 -1 8248 -1 342 -1 45 -1 1445 -1 37 264 1819 -1 9 1738 -1
17173 45 -1 172 10014 -1
28467 267 -1
16452 61 305 2855 -1
35437 305 -1
24512 37 172 211 5205 -1
33512 1450 -1
35004 1430 -1 32 -1 305 -1 45 -1 30 45 885 2616 -1 30 -1
22740 78 -1
13061 30 -1
3685 62 232 433 4883 -1 54 -1 361 2146 -1 120 -1
3354 626 711 -1 30 2722 -1 404 3273 -1
30016 733 -1
18868 23 -1
22239 81 -1
5332 432 -1
20932 54 365 -1 78 -1
16444 45 -1
30926 9 45 968 2549 -1
14170 342 -1 21 45 343 2545 -1 285 296 2967 -1 40 333 1187 -1 60 -1 1869 6330 -1 638 -1 30 711 -1 71 -1
25987 2821 -1
32778 9 4126 -1
25909 2600 -1 37 3184 -1 30 45 1363 2588 3184 -1 37 2620 -1
34987 14 60 607 -1
20423 1091 -1 361 -1
2714 235 2341 -1 2660 4557 -1
19345 9701 -1
14214 4681 -1
22208 520 -1
17487 765 1493 2413 -1 711 -1 1874 -1
35016 11443 -1
33820 4429 -1
15836 40 2471 -1
11294 120 351 -1
2698 9 -1 7 1028 3159 -1
34224 30 -1
12623 117 -1 117 124 1119 -1 3598 -1
14856 719 -1
23874 300 -1
14258 2484 -1 1055 -1
35867 361 6750 -1
19659 13 4622 -1
7645 351 -1
738 398 2440 -1
9490 30 631 -1 2397 -1 49 -1 14 50 -1 11 2431 -1 30 289 358 639 3280 -1 58 -1 30 145 711 -1 13 2855 -1 0 30 57 162 333 383 711 -1 28 -1 104 -1
5905 839 -1
4285 45 -1
27020 433 3237 11837 -1 9 2903 -1 9 45 2869 -1
20305 267 -1 112 1080 -1 185 1416 -1
2688 45 -1 120 -1 800 993 -1 9 2399 -1 631 -1
33300 9 -1 888 -1
9179 650 2977 -1
12422 13 -1
26687 124 -1
24315 333 -1 0 4299 -1 21 45 166 -1 2528 -1 115 122 -1 30 638 -1 172 8901 -1 122 -1 638 -1 211 -1
3432 4781 -1
23165 9 45 -1
19380 4173 -1
12100 120 -1
7360 5469 -1
7649 127 -1
13327 351 -1
7685 145 547 -1
35229 109 -1
35911 9 246 379 1557 -1 627 -1
18774 30 3651 4526 -1 110 -1
25244 711 -1
32950 2435 -1 361 -1 925 -1 45 110 -1 154 -1 333 2341 12961 -1 120 -1 12609 -1 7 267 -1 145 -1 711 -1
3724 21 -1 40 4860 -1 37 120 -1 433 538 -1 13 3218 -1
28347 37 658 -1
21394 127 258 305 1615 -1 9 45 383 -1 4439 -1 22 -1 30 37 40 1964 6193 -1
24408 5468 -1
25324 9 -1 639 3699 -1
28411 3036 -1
2568 1869 4450 -1
21073 2383 -1 9 -1 151 -1 45 -1 9 38 -1 42 2903 -1
22728 1950 -1
24167 9 45 -1 21 619 -1 42 235 -1 361 -1 37 -1
9410 7 -1 374 -1
29740 30 1746 3814 -1
15091 30 3936 -1
24140 361 -1
3294 126 -1
20622 9 -1
25373 30 120 211 2873 -1
21868 30 -1 3 7 568 996 -1 9 -1 7 30 351 2681 -1 10183 -1
28078 2339 -1
1149 933 1986 -1
10825 30 1131 2529 -1 42 361 -1 120 373 -1
32462 2457 -1 9 145 632 -1
1960 30 235 2576 -1
26393 30 57 11747 -1
25103 631 -1
5102 235 -1
24724 5205 -1
34756 9 -1 632 633 969 -1
16024 5272 -1
12180 1517 -1
23093 60 122 547 4916 8901 -1
29848 9 1535 -1 45 72 -1 14 558 1356 6207 -1
3322 1124 -1
13222 30 3037 -1 30 -1
1481 2141 -1
34293 113 -1 9 654 -1
12606 342 -1
5003 711 -1
15879 9 -1 45 404 4477 -1
18034 9 1454 5653 -1
12371 45 3920 -1 351 -1
31790 9860 -1 547 -1
1928 267 -1
32194 124 626 -1 9 1815 -1
27610 211 -1
21262 9016 -1
16364 999 -1
28050 361 3327 -1
12423 383 -1
30416 361 -1
35018 1357 -1
35807 54 -1
8206 9 626 2900 6516 -1
23731 9 45 215 -1 254 957 -1 264 481 2567 -1 45 -1 8269 -1 13 77 -1 22 -1 7909 -1 9 -1 264 342 -1 54 225 1934 -1 45 342 7912 -1
4546 9 9 45 449 5311 -1
14972 30 4097 -1
4857 2516 -1
18213 1453 -1
5993 30 -1 5878 -1 30 -1
117 14 107 1361 -1 9 37 -1 1247 -1
14365 30 8222 -1 8987 -1
16758 246 433 -1 9 711 -1
4847 124 566 -1 45 3076 4861 -1 1428 -1 42 -1 54 846 -1
25640 7 -1 197 -1
30332 105 -1
12355 7938 -1
10001 650 -1
24489 1367 -1
31760 107 537 837 -1 260 -1
26836 4330 -1
25414 22 -1 77 -1
12330 45 7933 -1
13543 185 -1 9 300 -1
15559 9 -1 619 3113 -1
9646 1604 -1
29810 548 -1
22532 711 -1
30313 5189 -1
6665 37 224 1112 5044 -1
20479 23 -1
23189 6852 -1
21576 166 -1
11280 120 -1
28442 14 -1 1225 -1 37 -1 295 -1
14320 45 351 -1
16464 999 1493 -1
11468 2865 -1
5321 5363 -1
3503 531 -1
27000 9 5328 -1
35148 537 1356 -1
1296 107 -1 3543 -1
15594 1028 -1
11513 520 -1 1149 -1 211 -1 21 -1 235 626 -1
9729 361 -1 300 -1
15193 7 1109 -1
17716 58 -1 369 -1
23288 9 -1 383 -1 23 -1 60 -1 9 42 1216 -1 254 627 -1 61 -1 6764 -1 42 -1 211 -1 61 254 1171 -1 246 -1 124 -1 21 -1 126 -1
35158 1167 -1
14784 3218 -1 1455 -1
24411 711 -1
2669 844 -1
11539 3994 -1
3013 45 63 1176 -1
2192 369 -1
12168 30 254 -1 1342 -1
8015 7 -1
6299 50 -1 9 14 71 112 344 383 638 -1
490 838 -1
6224 30 30 385 404 404 404 1432 3444 -1 748 846 -1
12551 781 -1
13964 7 30 351 375 -1 120 -1 1028 -1
34339 6098 -1
28656 71 112 -1 30 479 1112 1404 -1
24946 2628 -1
12768 7 30 124 344 450 -1 211 -1 9 -1
10234 235 -1
513 639 -1 9 2694 -1 45 836 -1 90 -1
8585 120 -1 37 124 492 852 1028 -1
1215 21 -1
24619 264 -1
23951 9 1503 4392 -1
28594 632 -1 745 -1 1036 -1
33599 21 -1
36169 6040 -1
30944 1842 -1
8710 2579 6050 -1
14249 110 3449 -1
27176 60 71 1028 4135 -1 1057 -1 9 -1 129 -1 45 -1 9 60 71 1057 2569 4135 7290 -1
2279 71 4270 -1
13081 775 -1
33092 1331 -1
4578 365 -1 9 45 -1 4914 -1 45 -1
23155 122 347 547 -1 42 -1 232 -1 30 1131 6151 -1
1832 42 3983 -1 638 -1 285 -1 3984 -1
5149 4954 -1
7058 71 537 1150 1418 -1 23 30 254 547 568 -1 3 112 305 -1
33725 590 -1
24622 45 -1 11448 -1
25792 112 186 558 5128 -1
26170 9385 -1
1252 37 -1 896 -1 180 538 -1 23 127 3174 -1 711 -1 9 837 -1 45 -1
17990 1228 -1
22673 9 -1 329 -1
16010 14 9595 -1
28902 45 101 1889 -1
8348 638 -1
2660 361 -1
13997 120 5832 -1 15 -1 22 -1 254 1144 -1 115 -1 300 -1 9 9 45 50 383 1092 -1 77 -1 103 -1 104 897 -1
27427 1493 -1 3463 4129 -1
11313 631 -1
10771 299 -1
7255 45 -1
14640 426 6741 -1 90 450 -1 7 -1 120 -1 1635 -1 9 4097 -1 30 54 1455 4328 -1 30 2678 -1 54 -1 7 476 2678 -1 1248 -1 30 -1 7 -1 48 246 -1 7 9 30 37 651 4599 -1 9 45 45 2556 -1 9 383 -1
6916 58 3555 -1
15719 520 -1
21772 652 -1
28619 9 45 1028 -1 145 2010 -1 361 -1 71 -1
28631 7 8266 -1 30 300 1144 -1 60 -1
28327 106 -1
8293 1459 -1
26834 9 -1 81 -1 9 45 5509 -1
13611 45 172 177 -1
20270 258 -1 1040 -1
13058 45 385 2432 3564 -1
4584 30 -1 2621 -1
364 61 -1 30 711 831 1869 2489 -1
11599 37 -1 120 -1 22 254 2525 -1 7 364 -1 62 351 -1
4549 9 45 3297 -1
2093 405 2540 -1 225 -1 296 638 3207 3483 -1
496 77 232 501 2054 2670 2671 -1
15458 9 30 -1 45 2830 -1 9 145 365 2513 9244 -1 3113 -1
7946 9 21 2677 -1
23693 676 -1
24480 60 711 -1
24725 15 361 1017 2476 -1
24605 749 -1
11473 3220 -1
32963 105 547 -1 631 -1
34070 30 -1
21126 58 -1 2650 -1
26163 30 -1 9 -1 7 342 1353 -1 1086 -1 361 -1 1557 -1 9 -1
23787 7 45 50 385 1049 2871 -1 433 -1 19 260 315 -1 21 107 112 300 1416 -1 9 385 -1 45 1445 -1 7 9 -1 22 112 -1
29633 51 544 -1
14567 7 9 45 112 838 2010 6697 -1 9 -1 383 -1
34012 632 639 -1
23975 58 3804 -1
22458 54 1493 -1
18512 9 145 -1 30 383 384 2537 -1
6864 543 -1
32419 5042 -1
30731 40 -1 716 -1 9 -1
13785 9 7608 -1 9 30 -1
8720 21 383 -1
32055 7 -1
32591 42 542 -1 124 -1
12577 45 -1 9 -1 1455 -1 2516 -1 30 -1
19731 9 45 361 4299 -1
24931 21 -1 112 -1
162 37 -1 993 -1
5918 4914 -1
1330 45 -1
12801 1367 -1
9770 1182 -1
11822 9 -1
8571 14 -1 3952 -1
1011 45 1986 -1 1493 2854 -1 30 45 177 1493 -1 1092 -1
16374 45 110 -1 120 -1 4144 -1
6670 483 -1 348 -1 254 433 -1
800 57 58 1418 -1 162 -1
26615 1364 -1 103 -1 837 -1
7571 45 -1 172 235 285 2787 2900 -1
3958 9 30 1944 -1 1171 -1 21 -1 5142 -1 3 -1 60 3532 -1 19 2113 3532 5135 5136 5141 -1 9 333 1805 2169 -1 433 -1
9940 45 2903 -1
27262 37 126 -1
24258 2484 3810 -1
11548 120 -1 836 -1 350 -1 302 -1 9 37 898 -1 45 7513 -1 9 -1 3269 -1
28428 852 -1
13022 45 -1 8426 -1 54 -1 112 235 -1 8257 -1
32059 13 30 182 1738 2108 3064 -1
8438 45 369 -1 77 -1 37 4139 -1
22082 2316 -1
8996 45 351 -1
15213 45 154 1171 -1
33125 9 6222 -1
12260 1445 8002 -1 9 -1 1986 -1 45 -1 7486 -1 342 -1
24914 9 45 -1
16122 37 103 470 -1 9 -1
12792 30 998 4608 -1 7 -1 9 8089 -1
35989 14 -1 3810 -1
27803 638 -1
14201 45 1092 -1
31276 145 -1 547 936 986 2246 -1 9 -1 45 1171 -1 9 1036 -1 45 90 -1 30 -1 120 1040 2246 3159 -1 3 -1 103 -1 836 -1
16930 433 -1
10786 745 934 1028 2484 -1 638 -1 7 14 45 749 -1
26799 3874 -1
2081 9 4173 -1
18288 3710 -1
35121 2 37 6407 -1 7 7 369 -1 9 9 45 54 62 1038 5185 -1
2030 688 2477 -1
3128 3899 -1
25099 112 -1
18502 1131 -1
1393 3624 3625 -1
21488 9 9 30 45 2413 7052 -1
34202 9 -1
29603 186 1188 -1
3367 2824 -1
2703 30 1131 1459 -1
13534 9 145 2698 -1
563 9 765 885 2627 -1
33678 9 45 5974 -1 21 1171 -1 9 -1
36065 60 -1 4135 9841 -1
20694 45 1549 3873 -1
10345 910 -1
20080 124 182 -1
4408 433 1191 -1 14 145 -1
32188 3856 -1 112 -1 30 2478 2656 -1 333 -1
22098 11091 -1
3446 30 60 839 -1 2623 -1 30 60 -1
31198 40 290 638 -1
35333 254 6954 -1
30656 333 541 8766 -1 2897 -1 21 433 639 745 -1 57 -1 145 -1 711 -1
15185 1551 -1
5399 2903 -1
5842 13 22 37 77 -1
34433 45 1247 -1 671 -1 211 -1
15232 385 -1
22754 45 -1 9 45 385 -1 19 1049 1455 2146 2678 4031 -1
33763 9 37 302 632 -1
16166 115 124 185 433 9695 -1
2521 9 -1
8351 218 -1 90 -1
36098 2484 3751 -1
27926 547 626 -1
16000 4299 -1
1665 45 -1
4266 30 2609 2633 5042 -1
10077 2295 -1
28169 730 -1
2189 30 4242 -1
15583 568 -1 37 426 -1 77 9069 -1 145 1853 -1 21 211 1028 -1 112 -1 107 -1 14 -1 21 122 631 1070 -1
26737 40 -1 3906 -1
14835 115 127 -1
13511 201 254 351 2934 -1
11916 7 491 -1 9 3463 -1 383 -1 369 -1 45 -1 351 -1 7 450 -1
17797 1493 6143 -1
8084 21 101 3651 -1 107 1119 -1 361 -1
8003 30 2900 -1
5571 254 -1 305 -1 433 3917 -1
1692 9 2420 -1
9402 45 1147 -1 9 -1 1092 -1
35699 37 361 -1
992 3145 -1 30 120 654 -1
17862 885 -1 21 30 45 124 126 3222 -1 182 501 -1
23739 149 -1
36060 2616 -1
6882 501 -1
11474 543 -1 232 -1 3685 -1
30462 433 -1
34245 186 1756 -1
25930 60 -1
5176 7 63 172 450 1994 -1
3392 45 -1 124 -1 21 57 -1 51 -1 21 30 45 166 1109 -1 3381 4916 -1
17790 2582 2928 -1
36323 9755 -1
2530 638 1610 -1
24199 215 -1
214 101 -1
35345 13 42 254 1559 1735 8202 -1
23702 120 292 3238 -1 105 201 421 -1 40 182 267 547 -1
21652 839 -1
34449 1222 -1 254 571 -1
13921 9 383 -1 369 -1 45 351 -1
4845 45 -1 5386 -1
15700 631 -1
3390 51 1312 -1
24403 9 71 249 -1
28585 42 -1 9 2270 -1 21 639 -1 2346 -1
25323 21 1459 -1 7 9 299 -1
13775 30 1452 2145 -1 8891 -1 1452 -1 37 6183 -1
31031 333 4620 -1 145 304 361 3946 12579 -1 3523 -1 745 -1 638 -1
7641 42 -1
9030 641 -1 547 -1 110 -1 45 -1 9 9 45 1131 -1 1168 -1 30 110 -1 45 -1 9 45 1131 -1 211 -1 30 45 5932 -1
17513 30 1493 -1
17320 2977 -1
14363 2529 -1
30236 77 -1 71 -1 234 254 -1 7 91 1459 -1 775 -1
29229 60 -1 30 5452 -1 13 257 -1
15746 745 7976 -1 748 1673 9485 -1 3172 -1
22979 3007 -1
947 13 71 -1 40 254 1065 -1 13 246 433 -1 638 -1 54 -1
21438 671 -1
36088 40 961 13100 -1 30 2792 -1 1049 -1
25739 54 124 -1
5826 9 383 626 3047 -1
15089 30 9212 -1
30214 264 265 -1
11312 120 -1 1352 -1
4002 880 1557 5057 5058 5164 -1
5777 42 361 -1
33266 154 632 -1
30463 3912 -1
34938 1246 -1
12047 9 45 608 -1
391 267 -1 7 21 1124 -1
7807 172 257 2579 -1 7 -1
10364 885 -1
34839 7142 -1 21 2246 -1 3645 -1
218 108 -1
18604 2 21 162 404 -1 2682 -1 40 -1 8954 -1 9 434 -1
865 374 -1
30983 912 -1
17481 122 638 -1
26277 2166 -1
24806 745 -1
26859 839 -1
22736 7 4599 -1 9 383 3225 -1
21766 30 45 60 71 421 -1 3490 -1
13709 6951 -1
320 13 2405 -1
32537 145 -1
2411 30 182 3895 -1 211 -1
10900 688 2540 3092 -1 1874 -1
4874 2318 -1
33017 15 462 -1 21 -1 40 -1
28642 9 60 258 366 1310 3977 -1
35611 384 -1 30 241 -1
11022 434 -1
13605 9 383 -1
13684 7337 -1 9 1986 -1 45 7336 -1
35209 54 6172 -1
8577 60 -1 2870 -1 37 -1 9 -1
5179 2402 -1
11360 7863 -1
15306 45 -1 7993 -1
24677 124 -1
21993 202 -1
25927 37 -1 9 -1
13897 9 4703 -1 9 30 -1 4741 -1 30 -1
13428 30 -1 626 3064 -1 9 -1 383 -1 30 -1 639 688 2346 2477 -1 383 1874 -1 30 280 369 -1 40 1092 2977 -1 21 -1 745 -1 149 2484 -1 638 -1
26303 54 283 -1
20627 45 -1 775 -1
19510 9670 -1
23801 58 -1 11 54 -1
10776 60 -1 45 2701 -1 40 7668 -1
30661 30 1039 2641 2859 5650 -1
12429 45 342 343 -1
18615 104 -1
12877 385 -1
13295 9 45 -1
30820 112 -1 21 2121 -1 124 126 182 961 1949 -1 12547 -1
19847 10511 -1
21239 120 300 1131 -1
9983 483 1869 -1
36241 267 -1
30763 14 58 -1
34315 11809 13388 -1
13634 8836 -1
22516 103 -1
21830 404 470 745 -1 2475 -1
14829 9 54 -1 21 45 369 1092 -1
35641 173 -1
34282 2 9 -1 22 2117 -1 1801 2977 -1
34284 7 638 13381 -1
19160 45 2285 -1
5065 1092 2977 -1
2064 71 -1 60 -1
24583 172 -1 2431 2716 -1 9 -1 30 112 2432 -1 2238 -1 9 -1
7211 151 -1
6414 120 -1
10976 45 3232 -1 9 2677 -1
9474 14 -1 1603 -1
10531 45 -1 880 -1
18083 299 7476 -1 7 9 45 404 470 993 2821 -1
1225 3490 -1
24963 9 -1 7 9 2869 3475 -1
779 3102 -1
19537 1643 -1
32446 51 245 285 300 999 1493 2641 -1
4865 254 2581 3212 3427 -1
5239 9 -1 289 2246 3795 -1 433 -1
13468 7200 -1
31017 652 913 -1
22455 5205 -1
7150 21 -1 112 3488 -1 37 -1 172 -1
191 45 545 778 -1
22372 120 -1
10233 7516 -1 127 2246 -1 361 -1 21 -1
2339 344 -1
29927 1232 -1
4962 112 115 2825 -1
25738 3853 -1
9933 9 45 2602 2701 -1 1306 6946 -1 58 367 -1 9 30 45 329 3760 -1 58 2656 -1 1654 -1
34240 101 731 -1
5959 254 361 423 3617 -1
5291 9 45 2271 -1
36071 182 -1 9 -1 30 1503 -1 182 -1
8815 21 145 254 688 711 -1
11598 5743 7509 -1
13572 470 -1 45 -1 9 -1 383 -1
31537 2141 -1
25374 45 -1 172 -1 30 2310 -1
35927 9 21 182 885 2555 -1
3494 45 1986 -1 9 45 1986 4913 -1 45 4555 -1
9638 7 361 -1 71 -1 13 433 1362 -1 11 -1
27659 383 -1
20466 215 -1
814 849 -1 22 126 2579 -1 1429 -1 976 -1 745 -1 14 -1 3139 -1
27937 45 295 -1
25485 373 385 -1
29340 30 -1
13411 30 6586 8677 -1 7 14 8044 -1
14472 9 2295 -1
33613 90 -1 9 -1 2 -1 22 369 -1 23 1055 -1
4982 9 1986 -1 45 -1 5374 -1
20879 13 -1 365 -1
20795 71 112 2525 2792 3094 -1
8425 3603 -1
13132 30 2576 -1 30 -1 720 -1
13849 45 110 1581 2616 -1
35810 63 -1
21085 9 21 40 45 361 613 711 2934 4260 -1
18808 13 542 -1
5292 30 1188 -1
14571 383 -1
23590 267 -1
25443 61 -1
21927 117 -1 9 45 304 383 915 -1
32977 30 72 -1 402 -1 122 1645 1891 -1 22 58 112 243 -1 4518 -1
9497 361 3335 -1
