1118
29265 219 -1
2153 9 1436 -1
6490 4599 -1
14331 1525 -1
2457 23 53 4373 -1
14244 115 1144 1445 -1 7 7742 -1
29103 914 -1
27309 3314 -1
20687 45 -1 9 -1 2341 -1 45 60 -1
4000 5139 -1
20424 321 -1 7 30 -1 5299 -1
3958 13 182 991 -1
19780 10490 -1
275 45 2315 -1
21 71 -1 180 -1 91 -1 60 113 472 -1 21 359 -1
26127 9 10755 -1
17027 885 -1 30 -1 172 1279 -1
33599 126 -1
4285 120 369 -1
11110 9 9 45 5170 -1 1092 -1
24680 7 1462 -1 110 477 3803 -1
26201 7 13 568 -1
20526 90 -1
11022 145 711 -1
29084 9 -1
25414 4654 -1 32 42 -1 1646 -1 30 42 -1
24914 385 -1
8614 1167 -1
20858 124 -1 434 -1 9 9 45 1503 9505 -1
25560 9 30 285 1493 2472 2651 -1 14 299 433 4475 -1 9 30 -1 11632 -1 781 -1 30 426 433 1462 2340 -1 7 433 2340 -1
15571 3855 -1
33388 14 1242 -1
3917 182 2388 -1
4942 9 -1 45 173 351 -1
35971 30 3920 -1
22458 2143 -1 2496 -1 688 1606 -1 9 -1 383 -1 14 5073 -1
34833 1418 -1
32876 638 -1
23198 60 300 1725 -1
18423 2521 -1
7641 28 780 -1
27850 42 361 -1
15879 1035 -1 3294 -1
6826 2653 -1
16672 361 -1
6864 295 -1
1487 30 -1 7 61 404 711 765 2367 -1 9 246 385 639 -1
27834 60 2681 -1
30501 7056 -1 32 -1 215 -1 13 1725 -1 110 -1
19439 13 -1
4847 60 840 2516 -1
24426 246 639 711 -1
19208 745 2475 -1
17087 711 -1
12369 4375 -1 299 -1 9 -1 1092 -1 45 -1 5674 -1 30 225 -1 13 60 105 145 631 1092 8075 -1
4469 115 -1 45 51 2389 -1 998 -1 7 37 385 537 2701 -1
207 37 124 -1
28928 361 -1
12819 300 -1 9 -1
25561 9 304 632 -1
1728 15 -1
26783 267 383 -1
15534 256 -1
27856 21 -1 639 -1 558 -1 30 267 361 3225 -1
6386 45 1092 -1
32773 1438 -1 12908 -1
10488 30 1452 7579 -1 30 285 361 -1 1454 1725 -1
5993 1001 -1 30 -1 30 5508 -1 5879 -1
32662 1459 -1
9426 9 37 619 1986 -1
364 9 -1 2451 -1 30 -1 404 1869 2367 -1 13 30 1367 2367 -1 433 -1 404 2490 -1 749 -1 30 745 -1 2440 2490 -1 120 -1 116 -1
32135 387 547 -1
25164 294 -1
24403 45 232 853 4607 -1
11321 375 -1
2574 547 2442 4194 -1
7965 9 2970 -1
25060 30 1367 2711 4612 5562 -1
8746 126 3272 -1
29401 300 1725 6238 -1
11865 145 -1 9 42 342 -1 63 -1 999 -1
3177 9 -1
3655 2271 -1
23541 21 202 -1 107 283 1119 -1 45 -1 7 124 -1
31716 57 -1 481 639 -1 145 1459 -1
21218 1028 -1
3162 37 -1 124 -1
15022 30 211 -1
12047 853 -1
26147 299 -1
6006 3005 -1 5883 -1
16938 2045 -1
24283 1864 -1
12403 45 -1 7 9 9 3818 -1
12460 1725 -1 9 90 -1 300 -1 9 -1 3263 -1 45 -1 7965 -1
6016 13 110 -1
4560 4116 -1
8079 120 1418 -1
4489 537 5185 -1
26090 42 -1 9 129 -1 9 37 -1 2366 -1
14388 9 1028 -1 9 21 30 342 1869 -1
6783 404 -1
8887 385 537 -1
25640 3075 -1
13601 45 1114 -1
28594 45 -1
3294 60 4934 -1
35506 245 1647 -1
7979 2970 -1
4495 54 537 5185 -1
28347 9 3856 -1
18577 639 3464 -1 7 986 1493 -1
5182 45 -1
33962 45 211 -1
31827 1081 -1
24806 30 404 2579 -1
24167 1744 -1 333 706 -1
15329 1154 -1
11262 1092 -1
4572 21 333 483 5391 -1 235 2910 -1
34748 369 -1
32607 1418 -1
6579 50 -1 9 37 2970 -1
12351 800 3330 -1 8068 -1
27262 3848 -1
7150 9 37 112 781 1555 4465 -1 235 -1
23155 42 -1 60 2039 4148 -1 37 365 3463 -1
5470 57 -1
12059 30 110 182 361 1144 -1
4239 7 14 217 831 -1
17861 4564 -1 45 404 1092 -1 365 -1 45 -1 404 -1 382 992 -1
17487 369 -1
28408 9 -1 7 5256 -1 30 2912 -1 9 4272 -1
20914 14 14 30 1351 5975 -1
8161 2475 -1 122 267 -1 638 -1 7 347 -1
3446 9 3296 -1
3091 4253 -1
3651 9 -1
11939 37 -1 404 -1
27829 6202 -1 117 -1
35582 22 5354 -1 369 -1
22031 885 -1
16265 1331 -1
18851 9 45 1109 -1 585 2341 -1
4865 9 45 -1
34279 1057 -1 1272 1418 -1 30 333 859 10687 -1 13378 -1 37 1870 13336 -1 37 -1 30 37 4516 4544 -1 9472 -1
31537 12513 -1 77 4104 -1
3072 9 2622 -1 2581 2619 -1
24615 15 7811 -1
8521 660 688 3697 -1 126 -1
27159 154 578 991 -1 182 7430 -1
24618 112 1144 -1
33000 2713 11470 -1
10353 50 719 -1 1191 -1
9455 171 -1 711 -1
1296 112 423 2010 -1
30416 14 28 433 3956 -1
23629 110 361 2435 -1
34817 315 -1
5456 9 383 -1 433 -1 102 -1 145 -1
9983 9 45 1092 -1 9 30 45 1092 3760 -1
25575 42 1738 -1
13939 145 -1 9 385 -1 7 22 745 2483 -1 124 -1
12200 7896 -1
34617 21 -1 558 639 -1 37 5299 -1 9 631 -1 45 -1
12361 162 2010 5674 -1 21 50 -1 58 60 77 90 -1 53 -1 21 -1
30423 1615 -1
31665 749 -1
7570 7 -1 9 45 54 173 3518 3518 -1 7 450 -1 172 -1
35426 9 13 266 280 617 4707 -1
17349 4578 -1
19886 9 383 -1
35004 7 224 -1 7 30 224 1629 9146 -1
36089 7 14 37 831 4463 -1
32311 913 -1
14233 30 53 120 759 800 1131 -1
26172 45 9951 -1 4130 -1
3909 547 -1
36158 1367 8983 -1
23303 2440 2442 2443 -1
3457 9 45 1090 -1
2037 7 9 120 151 -1
4578 235 3697 -1
6053 3047 -1
12827 7896 -1
24476 745 2440 -1
31736 145 547 -1
16404 638 -1 7 -1
16930 14 1587 -1
23817 9 839 1076 -1
22224 9 30 45 2367 5243 -1 9 5233 -1
13959 21 4794 -1 77 -1 626 -1 9 -1 1092 -1
27333 217 -1 30 -1 14 589 1251 -1 32 145 1152 -1 361 -1 211 627 -1 30 145 211 361 1028 10079 -1
16452 1914 2977 -1
6665 1367 -1
23748 5024 -1 115 547 -1
33770 2 126 211 -1 30 101 -1 15 361 -1
3097 30 60 60 4706 4825 4826 -1
1665 9 -1
14194 30 8002 -1 4097 -1
22875 124 -1 450 -1 7 211 -1
35258 103 264 494 2484 -1
10198 30 2444 -1
25322 880 -1
36270 1040 -1
34227 45 4572 -1
6414 167 190 -1
31466 12119 -1
947 60 3047 -1 45 -1 60 -1 547 2473 3258 -1
6765 211 -1 45 627 -1 9 885 -1
29353 1493 6092 -1
14002 383 404 -1
14365 9 -1 1986 -1 45 4310 -1
5572 7 120 -1 993 -1
4547 9 -1
7194 110 -1
1118 37 476 925 -1
23466 54 78 -1
1734 37 60 90 -1 957 -1 9 888 -1 45 -1
12863 30 120 323 -1
13104 172 781 3909 -1 3370 -1 37 172 2310 -1 9 45 -1 396 -1 45 45 4273 -1 9 -1
26253 5888 -1 543 -1
8577 385 -1
3889 765 5109 -1 120 -1 106 -1 30 -1 9 -1
35252 13703 -1
12192 120 1171 -1
499 9 885 -1
15098 30 775 2146 -1
23288 7 9 9 304 329 383 2298 -1
10776 613 -1 15 -1 485 2977 -1
13346 4328 -1
32729 9 632 -1 2463 -1 9 45 302 2270 -1
22125 14 204 3053 4116 -1
27391 9 2903 5780 -1
24583 452 -1 2431 -1
15770 120 -1 1517 -1
9729 9 -1
8293 37 -1 7 -1 300 374 1493 -1
10006 3092 -1 9 -1
1949 30 120 211 2579 -1
23374 7 -1 1390 -1 37 60 -1
25332 9 15 2567 -1
17305 638 -1
12993 45 -1
23869 315 -1
23187 1040 4683 -1 30 -1 30 54 4248 -1
13530 9 2775 -1
35341 54 -1 537 976 3070 -1
4549 9 109 -1
35120 9 45 361 800 2367 2435 3046 -1
21412 172 638 1934 2431 -1 40 948 -1 9 15 10949 -1 45 -1 215 -1
2171 925 -1
6557 13 -1
20108 45 -1
14577 112 124 172 182 2341 2713 -1
11513 711 -1
7434 54 172 -1 30 2385 -1
5323 9 2169 4273 -1
34843 9 30 120 4564 -1
21389 1154 -1
10852 7 365 2965 -1 3199 -1 2571 -1 3184 -1
9088 537 -1 177 -1
13221 120 1986 8384 -1 120 120 1986 1986 8334 8654 -1
13684 264 6074 -1 30 51 264 421 571 6074 -1
32533 105 672 1081 -1
13076 631 -1
7521 352 -1
27002 383 -1
11166 45 2578 2619 -1
7316 58 -1
32721 37 -1
22943 42 6204 -1
36052 2434 -1
28920 632 -1 1643 -1
31790 211 300 654 -1
9844 120 358 2588 3322 -1
25987 40 58 -1
12264 7 361 4430 -1 246 -1
7661 124 1044 -1
34104 1493 -1
15193 2689 -1
18453 1106 -1
11422 42 115 3832 -1 361 -1 22 30 598 -1 626 -1 361 -1
32059 45 -1
25584 9 -1 885 -1 7 -1 13 4886 -1
21927 4439 -1
6611 150 -1
11916 211 -1 21 -1
27813 177 2246 -1 126 925 1565 -1 127 -1
10600 7607 -1 54 -1 7398 -1
26169 9 30 -1 1963 -1
3494 9 -1 45 4914 -1 225 1445 -1
3442 218 800 914 -1
34635 9 -1
10479 1493 2681 3092 -1 9 342 -1
5684 839 -1
32442 45 7041 8903 -1
2030 126 197 -1
18083 9 1154 -1
8594 112 235 1555 3832 -1
14170 50 77 -1 30 404 405 405 1493 1869 -1
27176 9 45 1000 -1
2189 531 531 688 -1
22489 9 838 1134 -1
24538 836 -1
4494 4096 -1
23091 57 124 145 -1
13453 30 127 3718 -1
26307 9 32 -1
23210 11275 -1
28135 45 8004 -1
14378 342 -1
26107 3 -1 381 -1 9 9 45 54 1092 -1 2212 -1 15 -1
10629 4376 -1
33596 45 369 -1
6698 213 1994 -1
21360 383 -1 9 37 992 2824 -1
29496 3 124 -1
5664 45 351 -1
26770 2 -1
10843 145 711 -1
34998 9 45 13069 -1
8015 30 145 1029 3633 -1
10145 1542 2437 -1
35855 172 765 -1 373 -1 7653 12305 -1
2714 9 45 299 2070 -1
6148 54 -1 78 -1
19399 369 -1
33963 37 45 547 -1 60 654 -1
34202 917 -1
2482 1028 -1
14305 30 2581 -1
34189 104 -1
25930 321 -1
29603 30 688 -1 1464 -1 77 105 -1 9 45 4900 5343 -1 225 -1
2821 30 254 -1 433 -1 15 110 1459 -1 283 -1
997 145 -1 9 -1 30 90 2397 -1 15 254 598 -1
2401 45 -1 351 -1 9 30 45 1049 2385 -1
13375 13 -1
34900 37 6691 -1
22335 145 711 -1
33429 833 -1
8500 351 -1
17513 369 -1
28364 1503 -1
30465 40 53 145 -1
29636 217 -1
11383 385 -1
9641 383 -1
14102 15 45 60 2628 2928 -1
25025 351 -1 40 -1
21036 45 -1 9 -1
21266 9 45 -1
4287 15 1738 -1
21804 617 -1
30201 2212 -1
13649 120 396 -1
15653 9 1985 -1
13428 4339 -1
6086 5923 -1 30 -1
32535 112 -1 12270 -1 21 254 -1 107 -1 14 -1
4911 9 9 45 383 1635 4418 -1
5292 9 30 3333 -1 2246 -1 433 1119 -1
21418 103 264 906 2260 -1
22767 417 -1
15958 21 -1 369 -1 45 9598 -1 156 169 711 748 -1 26 3007 -1
7502 9 -1
2138 124 -1 9 13 49 182 4214 -1
25108 983 -1 103 -1 320 -1 2340 -1 13 182 -1
14396 37 775 -1
14249 30 -1 9 -1 383 -1 4232 -1 361 -1 30 -1 369 -1 1213 -1 124 -1
22316 145 -1 711 -1
25007 2475 -1 145 267 365 404 -1 1191 -1
23165 9 304 383 2131 -1
24146 9 -1
33184 21 668 -1
35121 1028 -1
25324 1319 -1 60 3459 -1
27681 501 -1 30 -1 983 -1 9 -1 986 1150 -1 63 426 -1 9 1171 -1
7304 124 1057 2545 -1
23245 383 -1
14258 748 -1 417 -1
13785 1754 -1
21175 22 -1 254 -1 13 23 122 7270 -1
6821 711 -1
29199 1367 -1 7 -1 986 -1
3390 45 1109 3381 -1
31276 37 -1
35415 58 1427 -1
4247 547 -1
29298 2461 -1
25755 9 42 4859 -1
7793 172 626 2186 -1 650 -1
13295 1092 -1
23570 638 -1
34707 4279 -1
7318 9 30 211 6306 -1 215 839 -1 235 -1
19227 483 -1
16403 1493 1617 -1
35219 1445 -1
3502 45 -1 9 -1 4727 -1 30 -1 9 45 211 4798 -1
27332 58 -1 37 3785 -1
18868 42 3027 9963 -1 711 -1
13148 120 1092 -1
36071 9 -1 885 -1
8156 9 1076 -1
31260 9 22 639 852 2346 -1 299 2010 -1 127 -1
34953 12417 -1 21 40 6740 -1
12580 60 8133 -1 45 1452 -1
1322 45 2285 -1
7106 14 -1
7649 9 383 3912 -1
14926 638 -1
11729 4439 -1
8138 37 -1
22123 775 1874 -1
13100 45 -1
7420 45 -1
7807 172 -1 30 396 -1 2930 -1 172 -1 2462 -1
12412 45 -1 9 9 333 383 1606 -1 685 4097 -1 7 13 -1
33655 21 22 1149 -1 40 734 -1 21 -1 45 63 103 547 -1 14 13215 -1 115 -1
933 481 1518 -1
12280 113 195 -1 3 9 304 383 639 711 4860 -1 342 1557 -1
29254 30 897 -1 110 3449 -1
3499 54 60 5004 -1
12865 383 -1
1215 9 14 107 2385 -1 1742 -1 150 -1
15414 9 45 8749 -1 45 1986 9352 -1
12160 361 -1
29274 9 217 -1
33109 9 45 45 110 231 -1 531 -1 30 110 -1 9 45 760 -1 127 2358 -1
28078 45 462 971 1874 2246 -1
18774 9 45 2970 -1 3648 -1
11280 2720 -1
26275 9 37 -1
4699 13 145 -1
14312 7 2734 -1
8350 167 1493 -1
14213 7 631 -1
15969 62 433 6928 -1 145 711 -1
17770 127 215 4278 -1
6134 4694 -1 361 -1
11153 9 45 1729 -1
3207 58 -1
17314 283 -1
21004 424 1058 -1
28219 7 -1
33057 13009 -1
9718 520 -1
26163 387 8980 -1
35330 695 -1
19731 1097 -1
14729 37 120 -1 538 -1
31812 102 -1 145 547 -1 32 37 5637 -1 433 639 -1 2855 -1
11830 3053 -1
20208 2519 -1
24351 300 5641 -1
14784 9 182 2678 -1 7 9 9 45 383 450 2677 4026 -1 45 -1 342 -1 7889 -1
30731 749 -1 9 45 -1
34065 1092 -1
11702 2406 -1
29810 40 470 -1 658 -1
32263 124 1182 -1
29477 9 37 -1 81 -1
24768 182 831 -1 711 -1
20479 225 -1 90 -1 3 32 112 1735 3785 -1
23019 37 58 638 925 -1
12623 7 124 -1
13393 627 -1
31232 254 -1
6252 105 631 -1
16147 23 369 638 3414 -1
11613 45 1986 -1 21 7874 -1 7 254 374 2435 -1 7933 -1 9 1859 -1 45 342 7934 -1 45 -1
10445 2549 -1
3884 32 1171 2246 -1 3 37 172 433 3000 3997 -1
10544 1986 -1 45 -1 30 60 2141 7336 7557 -1 138 340 543 -1
29545 211 404 -1 30 42 211 704 -1
35891 45 369 -1
15213 154 1418 -1
3946 433 2169 -1 361 5046 -1
1486 3045 -1
4158 58 745 2440 5195 -1
3176 45 54 60 1432 -1
26996 211 -1
11599 7 2525 -1
12768 21 231 -1 1493 -1
21557 9 30 -1 11011 -1
21488 9 61 254 1123 3159 -1 9 45 -1
36102 2373 2582 -1
11586 3810 -1
3587 204 518 -1
8879 383 -1
4588 9 4727 -1
36088 154 305 1707 -1
3074 9 -1 142 -1 7 -1 1123 -1
12420 9 45 383 1092 -1
15338 9 -1
5637 172 177 -1 112 433 -1 2992 -1
24321 112 246 -1 7 172 2569 3189 -1 427 -1
29549 104 156 -1 211 -1 30 387 1455 2678 -1 4031 -1
23985 254 -1
34012 2443 -1 4287 -1
16303 1438 -1
14073 8938 -1 30 8939 -1
25374 54 361 1086 -1
11824 124 -1
8841 7075 -1
15626 235 -1 9 342 626 686 -1
35018 7 -1
28619 77 254 8952 -1
23418 9 627 -1
35551 45 45 256 369 2419 5314 -1
30511 63 369 1557 10463 -1
29577 7 217 -1
2554 838 -1
26499 4603 -1
27396 182 547 -1
21060 711 -1
17420 638 1557 5299 -1
15401 154 -1 8866 -1
23731 45 351 -1
10254 7 361 -1
14661 9 204 2549 -1
35842 45 154 369 -1 300 12335 -1 30 13623 -1 9 302 632 -1
34938 2 22 58 112 1583 -1
8463 30 45 305 1550 2824 -1 254 -1 37 3168 6495 -1
32793 7 1459 -1
15020 5944 -1 361 -1
15486 9 -1
35225 30 -1 172 -1 61 639 5187 -1 103 2703 -1
17064 373 2537 -1
8205 5954 -1
17320 373 3025 -1
20795 13 58 -1
7062 531 -1
18629 7 -1 9 995 -1 885 -1
11843 1860 -1
34195 2321 -1 7 -1 14 -1
23874 5641 -1
16758 9 30 54 748 921 5328 -1 625 -1 4100 -1 45 -1
3322 15 -1
35221 1356 -1
9667 3184 3427 -1
11584 351 -1
6377 2462 -1
3536 9 1109 -1
7541 6374 -1
20963 10832 -1
1560 3784 -1
8181 122 483 -1
33927 925 9535 -1
29487 2126 -1
3394 13 -1
19779 4653 -1
17862 9 1503 -1
23279 7 957 -1 7 639 711 3159 3280 -1
5072 45 110 120 167 254 1615 -1 893 -1
15715 37 -1
2777 292 -1
23787 3 60 2283 -1 7 -1 1416 -1 7 -1 2555 -1 50 -1
18604 4577 -1
30144 1305 -1
33448 154 671 800 4618 8684 -1
1671 13 45 -1
3271 501 -1
18890 37 2047 -1 90 -1
11842 351 -1
10113 3 37 2592 -1 60 2710 -1 30 37 -1
6307 11 -1
23764 9 30 211 9574 -1 215 296 -1 145 8247 -1 2495 -1
18058 885 -1
119 71 126 -1
16079 112 -1
7946 77 -1 381 -1
35944 30 295 -1 63 3064 -1
11294 1028 -1
13222 8656 -1 30 -1
14668 21 57 1390 2246 2246 -1 37 590 -1 9 6083 -1
2521 7 4429 -1 37 145 267 537 -1 7 547 1728 2683 -1
2527 9 45 2773 -1
27547 45 1743 -1 3 -1 2713 -1 9 1155 -1 45 -1 105 1092 -1 120 -1 2341 -1 305 433 -1
7139 351 -1
6478 1369 -1
32055 120 373 993 -1
24258 30 58 -1
18550 40 992 -1
29884 7 -1 12295 -1
20622 1411 -1
20071 185 -1
35629 913 -1
13001 2581 -1
8852 1367 -1
1618 13 3280 -1
29174 9 -1 2302 -1
32636 2444 -1 671 -1
27591 417 -1
12431 7 8095 -1
13849 28 71 71 473 745 2440 5881 -1
3848 58 124 -1
35807 78 -1
21772 45 351 4441 -1
33613 21 54 124 -1 46 -1 361 -1
23123 21 5500 8247 -1 2 197 -1
2093 639 2443 -1
5239 3 9 21 197 215 491 932 -1 383 -1
10267 77 780 4104 -1
3822 9 -1 2271 -1
14803 120 369 -1
203 4 1910 -1 45 1232 1911 -1 60 230 -1
2797 631 2399 -1
32225 105 -1
13309 21 112 558 2629 5322 -1 145 186 -1 671 -1
7972 3504 -1
16357 9 -1 2392 -1
35989 71 -1 112 235 -1
33725 71 365 639 -1
25739 78 -1
16228 711 -1 333 -1 21 745 2316 4645 -1 58 3902 -1 482 -1 30 6183 -1
12260 45 1445 -1 2574 -1 7 -1
27041 58 182 395 671 1040 4683 -1
957 9 37 285 1144 -1
12100 5137 -1
34969 21 37 -1
12792 1092 -1
5031 112 558 -1 42 50 711 2186 -1
5142 177 -1
16444 7023 -1
13271 45 -1
13543 839 7247 -1
14935 1462 -1
20361 21 162 417 -1 103 -1
391 63 426 -1 21 34 -1 638 -1 433 2542 -1
11530 9 45 211 4152 -1 351 -1 7 831 -1 120 470 -1 50 -1
13804 30 120 405 -1 3320 -1 30 211 351 361 3238 -1
3392 1109 -1
35159 5185 -1
5095 385 -1
4837 449 -1
36110 993 1112 -1 37 51 104 -1 295 -1
26312 434 -1 37 -1 7 597 1625 2562 -1 9 30 -1 292 -1 45 -1 120 1279 -1 9 45 292 434 -1 60 -1
35200 145 369 -1
29220 2454 -1 243 -1 58 -1
814 9 9 37 45 2549 3007 -1
14335 9 -1
12953 9 138 -1 9 333 5371 -1 147 8305 -1 9 1134 -1 333 -1 9 8306 -1
12265 186 -1
14679 9 685 -1
6620 3285 -1
26175 1182 -1 361 -1
126 9 45 1426 -1
6886 30 3396 -1 120 -1 21 2166 -1 745 -1 30 2382 2438 2505 -1
33643 126 2246 -1
2411 9 1168 -1
33762 282 -1
28585 12027 -1 42 -1
35810 1176 -1
35550 42 4760 -1 1934 -1
25947 120 -1 4330 -1
11445 1445 -1
9551 9 -1
10935 9 329 -1
35845 1738 6265 -1
8729 2419 -1
6563 71 120 417 976 3384 6077 -1
25455 296 -1 660 -1 126 -1 2713 -1 112 126 4096 -1 568 671 -1 7 -1
6301 538 -1
5565 5702 -1
3696 30 1525 -1 13 246 -1
31520 638 -1
30614 150 -1
14497 4066 -1
29571 604 -1
20604 46 1493 1555 6732 -1 254 -1
14363 58 361 -1
20420 60 406 520 -1 21 -1 37 211 -1 1908 -1 71 254 -1
29750 745 1630 2484 -1
2274 246 -1 547 -1
15388 839 -1 9 11 30 839 2397 -1
6659 7 5969 -1 13 4626 -1
25737 15 -1 172 3845 -1 9 15 117 3000 -1 45 172 -1 37 172 325 619 -1
26066 147 -1 9 40 434 1036 -1 45 -1
10477 23 -1 9 641 2212 -1
24819 145 1855 -1 711 -1
22526 103 533 880 -1
10031 235 -1
28656 11 -1
33777 2141 -1 7 1695 -1
10133 711 -1 127 -1 1049 -1 127 -1 9 -1 30 627 -1 172 -1 2462 -1
27133 58 591 -1 124 -1
18640 172 424 -1 127 840 -1
35031 9 13634 -1
24730 30 2387 -1
21830 2977 -1
29267 58 -1
3367 4512 -1
2773 9 21 162 211 -1 1028 -1 21 -1 77 -1
29190 404 -1 4397 -1
32537 9 1028 -1
9197 58 1181 -1
25099 433 -1 172 2542 -1 396 -1 30 172 -1 2579 -1 30 -1 42 115 172 1713 1728 1738 -1
24071 45 404 -1
36207 2945 -1
35981 5240 -1 37 120 -1
14980 361 -1
35990 1439 -1
1109 58 112 3410 -1
6269 30 2587 2635 -1 21 -1 9 383 -1 257 -1 638 -1 9 -1 45 849 4710 -1 365 998 -1
1176 405 1493 -1
1960 719 -1
19125 57 639 1864 -1
21265 4 62 797 3910 -1
19847 9 -1 2298 -1 21 30 254 9643 -1 9 -1 1609 -1 112 126 365 479 -1 7 9 383 3997 -1
4734 910 -1
15157 3113 -1
31692 1176 -1
30738 638 2246 -1
11305 257 2600 2903 7434 -1
33509 1176 13162 -1
1147 638 3433 -1
27151 13 -1
10786 9 5328 -1
26792 501 -1
2999 7 9 21 1570 2055 4753 -1 45 110 -1
9770 638 -1 45 110 -1
32761 389 1367 -1 14 107 957 2653 -1
29840 9 37 -1
20959 9981 -1
33813 3159 -1
29720 369 -1
2490 1049 -1
26012 4968 -1
7255 6306 -1
9335 7 -1
22057 639 -1 9 383 2346 -1
35195 9 2677 -1
20977 1049 -1
25927 839 1147 -1
36034 225 3450 -1
24602 182 -1 775 -1
34260 45 369 -1 2439 -1
17790 3184 -1
23800 21 470 1493 -1 433 -1 14 103 104 -1 37 1158 -1 9 999 -1 45 -1 51 -1 90 -1 37 45 1445 -1 211 -1 9 -1 45 385 -1 296 1049 -1 0 632 2604 -1
15751 361 -1
8486 37 383 -1
2761 57 -1
34575 30 542 1642 -1
5809 3 -1
4724 9 300 5427 -1 9 54 1635 -1
27423 9748 -1
33678 558 897 -1
9914 745 -1
10233 254 558 -1 14 -1
22583 383 -1
2462 9 45 385 -1 1049 -1
5571 54 -1
25443 62 198 711 4096 -1
14274 37 -1 295 -1
42 671 -1
16122 3119 -1
1223 30 -1 1171 1493 -1
31826 71 745 -1 568 2484 -1 361 -1
15506 45 1028 2108 -1
6218 45 342 2873 -1
11418 22 407 -1 254 -1
1567 9 120 296 405 1840 -1
4731 2271 -1 333 -1 166 713 -1 21 235 2910 -1
34962 5193 -1 145 -1 957 -1 103 -1 90 -1 23 -1 117 265 -1 206 482 -1
9646 404 2570 -1
22082 23 30 103 -1
7271 112 264 -1 103 379 -1
5590 126 1357 -1
32681 162 -1
22979 30 172 4194 -1
25352 5584 -1 9 145 627 -1 4585 -1 4100 -1 45 -1
27756 2945 -1
9868 45 -1
22989 58 2689 -1
14648 7 30 986 -1 3 53 -1 3443 -1
3761 19 51 90 5042 -1 2387 -1 19 -1 51 5042 5065 -1 30 421 986 -1 9 9 45 45 1171 -1 3598 -1 45 -1 476 -1 2678 -1 9 22 145 365 383 573 -1 21 -1
22134 154 369 -1
14929 379 -1
1994 172 2740 -1
1979 45 4017 -1
20641 1493 1874 4299 -1 6215 10708 -1
22095 9 182 -1
4773 254 -1 13 5149 -1
24480 30 5445 11467 -1 7 13 30 182 182 404 748 749 1123 1124 5144 -1
14748 7 9 9 45 1131 1449 -1
31101 361 800 -1
25676 9 45 -1 235 2527 2581 2619 -1 800 -1
25053 182 -1
34927 2362 -1 7 211 -1
17964 182 638 999 -1
3569 383 -1 344 531 -1
27667 4172 -1 404 6814 -1
21238 9 1986 8162 -1 45 -1
9872 639 -1
11927 145 361 -1 60 -1 45 608 -1 2621 -1 42 -1 120 -1 2621 -1
14431 42 58 60 417 788 -1
30785 333 9505 12541 -1 124 1356 6196 -1 54 -1 1934 -1 30 -1 54 -1
9940 1445 -1
1034 999 -1
11466 105 993 -1
22974 404 2143 -1 2496 -1
24916 30 -1 124 149 300 -1 9 2945 -1
10502 105 930 -1
13742 145 775 -1
15579 1131 -1 13 30 145 257 9430 -1
2042 749 -1
14201 172 177 -1
5900 537 2740 -1
2570 4451 -1 423 -1 112 -1 482 483 -1 30 -1 112 -1
25681 1092 -1
20294 852 -1
20371 129 -1
34534 42 -1
32188 0 8766 -1 696 3856 -1 1112 -1 42 101 2170 -1 211 -1 9 30 204 4652 5316 8079 -1 626 -1
24931 73 1236 -1 21 639 -1
16253 589 6199 -1
26183 254 3449 9951 -1
12425 641 -1
10262 2419 -1
5454 21 254 -1 957 -1 40 745 5657 -1 1518 -1 30 254 -1
36251 30 45 -1 211 -1
2332 45 -1
9638 145 -1 711 -1
29806 7 -1 21 1124 -1 9 800 -1 631 4674 -1 112 2010 -1
6276 60 3083 4930 -1
19134 60 110 993 -1
35008 15 285 361 -1 61 120 -1
19197 10350 -1
23544 745 1191 1570 -1
21627 300 -1 9 -1 9 45 45 342 1131 2433 -1
23181 104 -1
13556 182 -1 9 -1
30431 775 -1
27465 9 -1 2283 -1
21993 350 433 -1
4648 145 361 1248 -1
34763 22 127 365 633 641 671 -1 9 -1 3855 -1
15580 42 57 -1 13 71 124 -1
35966 45 917 10191 -1
26913 13 54 -1
8096 9 127 299 1028 2831 -1 9 45 -1 2651 -1
4794 9 45 45 1092 2422 -1 172 -1 177 -1 9 180 235 323 -1
27476 32 235 2600 -1
25728 9 30 60 62 109 1869 5129 -1 9 1564 -1
6884 30 -1 13 509 -1 21 145 671 -1 101 -1 13 30 558 591 -1
14108 172 182 2083 -1
29581 51 421 -1 110 -1 45 -1
22372 2537 -1
29472 60 849 993 1707 3118 -1
28631 629 1305 -1
5355 14 -1
10064 77 254 267 -1 127 2914 -1
16024 71 120 232 9545 -1 631 -1
3426 4732 -1
25491 369 -1
8151 245 -1 9 21 45 173 -1 3167 -1 225 483 -1
7990 57 733 -1
20466 22 -1
27378 6044 -1
1703 45 120 3170 3867 -1
20923 9 37 45 627 1502 1503 2900 6623 -1
24666 172 2419 -1
10828 7 -1
2064 30 71 232 233 4135 4135 -1 180 433 -1 361 4136 -1
28610 10747 -1
2561 4378 -1
35048 2 22 1728 8952 -1 112 -1 54 58 1583 9648 13646 -1
28966 72 145 2863 -1
23082 9 -1 1076 -1 45 775 -1
21810 227 -1
1613 22 -1 15 40 -1 9 81 -1 7 -1
15616 54 4476 -1 30 57 61 124 639 -1 7 3162 -1
7367 542 -1 7 7 30 305 1367 5804 -1
35084 61 5970 -1 13 -1
4722 172 400 -1
23134 638 -1
24891 4135 -1
11822 342 -1
6398 433 986 -1
28661 120 795 -1
22596 369 -1
6670 14 42 51 336 -1
27627 42 -1
14972 54 186 -1
12267 346 -1
218 9 54 1109 -1
29235 30 -1 12326 -1
34449 14 -1
25841 30 60 -1
3992 421 1630 -1
27566 9 182 3644 -1 999 -1 839 -1
4573 365 -1 45 -1 9 30 45 235 1445 3354 4914 -1
3556 344 531 -1
35624 331 2346 -1
6224 9 -1
1252 9 -1 893 -1
2608 1503 -1 9 182 1027 1154 -1
33017 37 -1 638 -1
24408 9 45 3125 7658 -1 1232 -1
30462 14 -1 1534 -1
33926 9 37 654 7047 -1
30156 30 361 -1 3414 -1 9 -1 45 2787 -1 120 2712 -1
21341 21 37 40 9240 -1 9 1503 -1
29340 30 115 120 638 685 1933 12112 -1
19289 145 639 4472 4491 -1
23205 124 -1 7 185 -1 172 5783 -1 30 112 433 -1 14 2381 -1 30 -1 539 -1
13495 7639 -1
251 63 -1
8952 120 1069 -1
2872 45 4659 -1
34465 63 1176 -1
10115 7 14 3930 -1 1493 1557 -1
35080 1101 -1
2528 50 58 60 77 1092 1707 -1 58 -1
28690 54 -1 7 14 45 265 -1
26214 235 -1 2461 -1
13534 383 -1
378 2519 -1
8720 7037 -1 7042 -1
13469 30 626 2010 2866 -1
6916 197 -1 267 6211 -1
1969 996 -1
1659 21 77 120 638 3503 3855 -1
3242 3083 4930 -1
27104 45 7430 -1
20879 9 45 1986 10799 -1
6704 110 -1 45 351 -1
22399 470 -1
226 124 315 -1
25307 73 -1 21 639 2346 -1
28353 186 -1 2955 -1
13289 9 383 -1
32837 42 957 -1 101 107 -1 3301 -1
22976 930 -1
35185 32 45 117 836 914 -1 225 434 -1 9 145 1036 -1 45 369 -1
18148 542 -1
26619 2237 -1
33737 2214 -1 37 -1
10724 30 358 6946 -1 9 45 1986 3760 -1
18142 1021 -1
6697 112 -1 145 267 -1 1222 -1
13273 8725 -1
26466 172 470 -1
6825 9 -1
738 120 470 3058 -1
6705 2141 -1
1330 3564 -1
3342 60 396 1459 -1 765 4973 -1 172 2462 -1
23013 638 -1
12709 749 -1 285 -1 711 -1
26986 45 1049 -1
4053 5136 -1
9976 120 3912 -1
22239 9 45 110 115 685 5216 -1
30332 2632 -1
15298 2576 -1
21991 13 626 3435 -1
10900 342 2484 -1 688 745 -1 7401 -1 433 -1
7804 5543 -1
22516 90 -1
2530 305 -1
26511 383 -1
15102 122 711 4376 -1
32944 9 122 3944 11735 -1 1891 -1
2568 748 2009 -1
5956 5866 -1
553 172 627 -1
19312 3866 -1
32242 110 -1 154 -1 177 -1 125 -1
21448 182 547 3145 -1
24052 60 -1 333 1439 5918 -1 706 -1 61 3280 -1
14259 45 369 383 -1
7713 547 -1 11 -1
13997 37 -1 1367 -1
117 121 709 -1
30528 9 3083 7751 -1 481 -1
32154 9 45 404 470 992 -1 633 2853 -1
35190 2692 -1
30763 299 4475 -1
35158 7 37 2444 -1
2108 361 -1
33576 1620 -1
13277 358 -1
2480 45 874 -1 805 -1
21745 45 10684 -1
13043 333 -1 1138 -1
3685 2525 -1
34224 537 -1 23 491 7635 -1 72 780 -1
1867 421 -1
20853 9 127 914 -1 45 -1 9 -1
19778 3121 -1
8060 22 1770 3327 -1 361 -1
5098 12 14 19 50 2519 3905 -1 2616 -1
4643 37 531 2824 -1
12577 211 -1 9 -1 9 45 1040 -1
24315 9 -1 631 -1
4655 9 21 981 2773 4448 -1 9 1057 -1
34368 9 15 -1 30 45 58 462 969 -1
370 30 124 2504 -1
34903 1109 -1
9623 3909 -1 9 211 -1 45 1445 3322 -1
22145 42 3420 -1
12711 30 61 -1 299 1581 -1 9 835 5163 5897 -1 9 30 839 -1
30296 885 -1
8392 9 385 -1
3865 71 -1
1149 13 21 40 745 2484 -1
7058 5635 -1
25373 3036 -1 9 304 -1 632 -1 2604 -1
21397 8262 -1 122 -1 711 -1
11277 45 632 1049 1874 2604 -1
214 37 1998 -1
21038 3463 4129 -1
11669 3327 6677 -1
13474 37 124 831 -1
36036 9 145 885 -1
10825 6320 -1
12363 5674 -1
762 148 233 305 3092 -1
29229 7 9 -1 3285 -1
32914 45 -1 11 -1
34070 30 13303 -1
31564 38 -1
36086 61 112 -1
22813 304 -1
31087 5131 -1
19972 294 -1
25559 37 151 1493 -1
27483 537 -1
9832 839 852 -1
18333 1398 -1
27610 197 -1
3071 30 172 4775 -1 45 -1
25234 1738 -1
17728 57 -1 145 -1
27607 9 3038 -1
800 3127 -1
15013 7 21 30 37 50 101 719 2556 3488 9181 9182 -1 1331 -1
15153 1092 -1
14739 7 -1 775 -1
9030 124 -1 21 547 6171 -1
31555 7 124 678 -1 172 2146 -1 2141 -1
15612 23 688 9419 -1
34573 9 -1 12034 -1
30387 369 -1
23739 185 -1
25323 3795 -1
17515 233 -1
14835 145 775 1744 -1
6585 566 -1 838 -1
14466 9 30 37 45 120 225 233 342 361 405 3300 -1
23106 124 127 -1
7055 745 -1
9905 749 -1
23200 37 120 -1
1381 711 -1
6162 3395 -1
9490 7 -1
11891 351 -1
28080 81 -1
14829 37 40 775 -1
14700 120 217 285 1629 -1
12150 13 -1
4098 30 -1
9255 342 -1
15048 172 5044 -1
6072 7 -1
6574 15 -1
4232 5199 -1
24709 9 839 1147 -1
3238 9 45 369 4356 -1
30012 172 177 -1 7 9 1272 -1
21637 30 998 -1
10112 7 37 2555 -1
25087 124 4172 -1
794 537 800 3118 -1
22718 537 1241 -1
12339 124 361 -1 7 6493 -1
15853 9 915 -1 45 120 -1 1109 -1
20220 42 60 6221 9882 -1 90 -1 12 254 -1 8033 -1
30079 1746 -1
27325 11895 -1
23287 1076 -1
4408 711 -1
26606 6495 -1
14578 351 -1
7040 531 -1 235 2400 -1
12394 30 42 4563 5291 6298 -1
21394 37 514 -1 1611 -1
13061 1571 4064 -1
4692 396 -1 7 450 -1 9 -1 191 -1 45 -1 9 9 71 383 383 -1
8705 232 7033 7034 -1
13897 9 -1
10943 688 711 -1 9 60 90 254 800 -1 45 3920 -1 351 -1
7610 30 42 6428 -1
4818 45 173 364 3218 3520 -1
197 7 1123 1865 -1
26278 154 -1 619 -1 154 -1
26041 9 -1 264 342 -1 1086 -1 30 112 115 -1 598 -1 626 -1 9 -1
3978 254 -1
3763 40 42 3585 -1 129 558 -1 14 -1
15125 285 775 -1
5605 30 3184 4066 -1 30 2581 -1 1190 -1
29169 2302 -1
6775 711 -1
31501 6068 -1
2867 22 77 -1 3585 -1
5371 30 -1 129 172 -1
34114 417 -1
10926 7542 -1
19511 45 2999 -1
28642 839 -1
32441 124 -1
25625 204 4794 -1 232 -1 1190 -1 2416 2619 -1
6514 3197 -1 9 30 -1
