400
24768 304 -1
30528 23 108 254 361 1942 -1 30 1106 -1
35158 45 245 -1 473 -1
12361 58 2010 -1
32535 2567 -1
13474 6963 -1 9 122 -1 1294 -1
14335 1297 -1
24914 45 1049 -1
26278 323 -1 30 -1 7 30 154 177 -1
10198 711 -1
8015 124 733 -1
4547 383 -1
8293 9 3994 -1
10262 45 105 452 -1
10900 559 765 -1 30 638 -1
6218 45 1049 -1
11586 361 -1
3992 9 40 4397 -1
24283 37 -1 361 -1
22082 142 -1
14497 37 1191 -1
29401 1738 -1
5142 348 -1 433 -1
19289 711 -1
15616 71 -1 9 342 -1 23 688 -1
7055 2791 -1
24146 1150 -1
5371 305 -1
2714 9 -1
13295 45 3760 -1
11916 120 405 -1 264 -1 542 -1
27391 9 30 122 325 -1
3426 2908 -1
6086 9 45 45 2212 2903 5649 -1
14258 7 -1
35842 30 154 369 -1
7058 9 -1 22 385 -1 9 -1 383 -1 537 -1
3763 37 51 200 218 1153 -1
29806 7 3049 -1 9 -1 2853 -1
20420 162 2010 -1 433 -1 254 1459 -1
21 264 -1
35624 1044 -1
14259 172 177 -1
4731 45 -1 124 235 2578 3184 -1
2999 9 1090 -1
6563 71 120 331 -1 417 -1
8720 999 1367 -1
4643 4512 -1
29750 4 -1 6224 -1
8156 45 -1
8486 6363 -1
25841 2996 -1
20479 72 110 10267 -1
34969 305 711 -1
24258 10290 -1
6783 750 -1
9983 358 -1
13100 4044 -1 9 -1 1986 -1 45 3502 -1
6224 9 30 45 404 539 1000 3612 -1 45 -1 9 22 37 254 385 404 2513 -1 7 145 177 246 404 3213 -1 711 -1
31232 60 185 283 300 1415 2858 2864 -1
23187 54 -1
6072 260 -1
29840 893 -1
10544 9 45 1131 -1
20853 885 -1
10852 215 -1
10031 9 30 211 3545 -1 235 411 4365 -1
2037 885 -1
7434 54 172 1617 -1
15213 173 -1 71 -1 172 173 -1
23198 22 58 73 112 385 -1
3889 5110 -1
31260 295 -1
6670 2083 -1
6134 7 3463 -1
15534 30 349 -1
9335 9 -1
25561 2604 -1
29545 404 2537 -1
3494 211 -1 21 -1 9 344 383 -1 531 -1
3502 9 1232 3125 4794 -1
197 45 -1 172 -1
25625 30 2906 -1
13043 1011 -1 15 172 -1 235 323 2143 -1 37 172 2740 -1
20424 37 120 -1 469 -1 40 105 -1 9 -1 1369 -1 45 369 -1
6697 9 21 124 558 2252 3005 -1 289 -1
34534 120 -1
957 45 120 2549 3113 -1
21745 9 4736 -1 9 45 885 -1 40 58 348 785 10231 -1
6006 426 1869 -1 30 90 -1 30 120 2141 -1
27332 361 -1
9872 1130 4104 -1
30511 21 2610 -1
14466 8100 -1
10233 1556 -1 30 -1 2443 -1
12425 9 3053 -1 7 -1 14 800 1574 -1
6574 6081 -1
3761 14 127 433 501 1581 2413 -1 120 -1 1028 -1
15414 9 1986 -1
25728 993 -1
4724 37 1109 -1 9 -1
30423 7 1124 -1
26996 9 433 2646 4497 -1
24730 13 127 -1
2274 3303 -1
11939 2419 -1
23287 9 45 885 -1
11613 9 30 6839 -1 30 1144 -1 2930 5674 -1 30 -1 2238 -1
5454 957 -1 745 5658 -1 40 2487 -1
7502 45 2773 -1
3587 4407 -1
23739 127 6325 -1
34707 45 969 -1
34104 2141 -1
33737 272 -1
26183 42 60 292 11718 -1
997 9 -1 2880 -1 9 285 -1 331 -1
6916 182 481 671 -1
4578 30 2576 -1 2581 -1
19511 852 -1
26107 9 45 1236 1493 -1 379 -1
2527 2385 -1
17728 638 -1
7972 7 3159 -1
15388 101 126 1069 -1
27465 45 -1 211 267 433 627 -1
26913 547 -1
16758 9 885 -1
15579 9 9 9 45 1986 9431 9432 -1 341 968 -1
4794 9 30 45 235 4152 -1 21 124 1557 -1 235 -1
12264 361 -1 60 4746 -1 7 30 120 142 -1 173 -1
3074 9 3011 -1 7 1713 -1
27813 2977 -1 3 30 58 934 4570 -1
15580 1402 -1
27681 45 1176 -1
29084 90 258 748 1131 4349 -1
34575 211 -1 7 2186 -1
14365 42 300 361 2628 -1
29581 120 1092 -1
207 301 -1
6825 2569 -1
28219 986 -1
12412 124 -1
12865 71 -1 9 383 -1
2528 63 910 -1
11418 30 61 101 182 408 671 831 -1
3176 3159 -1 2516 -1
21265 72 3571 4472 10924 -1
34833 42 232 992 3439 -1
2138 14 60 171 289 433 1986 2246 -1
8350 893 -1
35415 369 606 -1 9 -1 1653 -1 38 45 105 -1
33678 14 1242 -1
32059 124 -1
12280 351 -1
16404 217 -1
9551 385 -1
12403 619 1092 -1
28408 7 -1 482 -1
23764 820 7128 -1
35944 800 -1
12993 5528 -1
7318 2602 -1
3442 21 1950 -1
13469 5645 -1
28594 358 -1
26041 2389 -1 21 -1
7367 342 -1
24167 120 3547 3856 -1 3682 -1
4572 45 124 365 -1 9 45 4914 -1
29353 1036 -1
7271 7 -1 105 3033 -1 81 -1 19 21 81 -1
391 638 -1
34843 45 1109 -1
25676 9 -1 63 1950 -1 30 2581 2619 -1 9 800 -1 218 -1
13271 3697 -1
8181 638 -1
2064 115 -1
3072 45 -1 3076 4759 -1
35225 104 -1
30201 45 -1
20220 19 -1
21993 711 -1
21360 285 -1 775 -1
13649 30 -1 120 235 1418 2582 -1
10113 60 4727 -1
27856 305 -1
4692 344 -1 531 -1
4655 173 -1 45 351 -1
23155 30 37 -1
2773 9 37 4465 -1 3448 -1
3446 839 2622 -1
20687 2022 3381 -1
25053 1367 -1
25560 9 1154 -1
4573 30 1190 1570 3184 3589 -1
25374 172 7601 -1
13556 885 -1
23544 2440 -1 983 -1 361 -1
29472 3599 -1
3946 30 58 433 5042 -1 361 2170 -1 115 -1
214 9 30 45 105 154 551 1558 1999 -1
7610 1367 5322 -1 2580 2903 -1
6884 57 -1 13 -1
28619 30 280 688 2737 -1 2 197 745 1949 2523 -1
21557 433 3098 -1 7 -1 120 -1 9 3130 11012 -1 305 5095 -1
22239 9 45 81 1493 -1 1028 -1
9426 231 -1
12577 3598 -1
12953 9 358 1135 -1
9976 2141 -1
13601 1191 2600 -1 30 -1 2649 -1
21266 885 -1
9490 6946 -1
14668 37 -1
2570 1416 -1 7 1049 -1
6386 2214 -1
34953 13564 -1
4098 162 831 -1 124 -1
12863 3861 -1
32721 12881 -1
1613 3834 -1 54 -1 2454 -1 1342 -1
10006 21 112 342 558 -1 60 62 -1 6330 -1 21 30 42 711 -1 745 -1 559 1557 2438 -1
2574 30 433 2246 -1
10828 113 -1 30 351 1994 2674 -1 1445 -1
34635 13468 -1
12267 45 -1
14388 112 -1
16253 361 -1
8161 37 -1
20294 45 10634 -1
24615 1176 4737 -1
25025 7 638 -1
23200 1331 -1
16228 45 -1 995 2354 -1 711 -1
9868 7325 -1
28690 215 -1
25414 3 4125 -1
933 745 2484 -1 292 1493 3238 -1
22095 885 3690 -1
12768 531 2720 -1 344 -1 124 -1
6269 9 -1
3651 3598 -1
8138 9 -1
30731 4990 -1
4232 30 171 -1 361 -1
32188 9 -1
20108 3629 -1
13222 30 7947 8643 -1
35582 1091 -1
23374 1066 -1
5456 638 -1
23985 626 3427 -1
1734 40 369 -1
14679 2549 -1
18577 852 -1
31812 547 -1 951 -1
15486 8683 -1
32729 658 -1
30785 2 22 126 166 765 800 1639 6419 -1 9 -1 885 -1
7420 800 5844 -1 9 -1
24931 9 383 2346 -1
3978 2633 -1
23165 22 113 122 267 299 433 671 2477 -1
251 13 423 -1
13273 9 333 5292 8247 -1 9 -1 9 2661 5455 8726 -1
24052 145 1744 -1 11393 -1 21 30 433 1367 10976 -1 433 -1 385 1367 1654 -1
10477 300 -1
31276 547 -1
7570 2740 -1
4469 145 299 -1
29235 124 -1 30 -1
7106 42 711 -1
13684 13 77 543 -1
7641 3316 -1
21804 5873 -1
6514 849 -1 30 6047 -1 9 -1 6048 -1
25987 42 1171 -1
33000 122 361 -1
11305 9 37 45 385 6623 -1
32914 6130 -1 1891 -1
26307 77 244 245 1643 -1
13104 2740 -1 45 -1
25455 3911 -1
22979 5185 -1
30012 760 -1
15022 50 264 351 3608 -1
10115 1028 1557 -1 351 -1
9729 2945 -1
32793 12325 -1
23279 13 -1
13897 5424 -1 45 879 -1
15338 9 45 1279 -1
19134 9 54 232 383 -1 9 45 54 369 2602 4477 -1 996 -1
7150 387 -1
9770 211 -1 5943 -1
20604 422 -1
19208 50 -1
22813 9 383 -1
1296 7 3159 -1
21488 7 4093 6715 -1
7194 5650 -1
3294 1028 -1
27483 177 -1
30465 547 4096 -1
13939 7 30 -1
5571 78 -1
34279 1870 -1 37 -1 30 35 -1
1949 149 254 2367 -1 42 -1 300 361 -1
3071 2562 -1
15715 172 1356 -1
18640 369 -1
16079 3 -1
28920 638 -1
35252 4933 -1
21238 8163 -1
27378 54 -1 361 -1
25737 781 -1
23541 45 60 120 889 960 -1
378 839 -1
32761 211 1077 -1 9 30 -1
14249 7 127 2898 -1
20641 9 71 7195 -1
13959 9 45 383 -1
35981 1131 -1
36251 9 21 182 235 885 2567 -1
3177 383 -1
14305 37 775 1191 -1
35048 2496 -1
24819 232 882 2628 -1
35185 60 1589 -1
33655 54 63 122 1176 -1
35018 62 711 -1 145 544 672 -1 1039 -1 462 -1
1728 30 369 -1 7 13 61 369 509 1244 -1 1124 -1
34195 37 105 1209 -1
26275 45 775 9197 -1
33109 1555 2357 -1
1665 30 3862 -1
2153 54 711 2853 -1
31716 730 1493 -1
30332 30 124 1487 -1
25352 9 -1 21 42 124 299 885 1459 -1 9 300 3795 -1
17027 7 9 -1 9 45 914 -1 38 -1
21036 4968 -1
9197 45 60 90 124 -1
4408 2587 -1 30 1191 2580 -1
24071 4572 -1
36088 632 -1 77 12252 -1
5182 9 385 2246 -1 433 -1 115 232 3218 4879 -1 2516 -1 145 -1
26253 1779 -1
7521 54 711 5666 -1
3696 9 145 -1 2169 -1
2332 1049 -1
5590 7 -1 1459 -1 7 -1 37 351 483 -1
32225 992 -1 993 -1 30 -1
23800 2692 -1
3865 9 -1 383 -1
5355 2660 5042 -1
26090 45 -1
8521 299 1556 -1 626 671 -1
35989 14 107 3376 -1
3917 9 885 -1
24476 404 852 4476 4653 -1
27610 2 -1
34368 15 -1
12351 9 45 1986 -1
25332 329 -1
23019 404 4962 -1
33926 333 13275 -1
34070 1514 -1
24583 9 -1 2432 -1
26066 369 -1
34763 7 -1
27829 4752 -1
5098 2698 -1 19 58 -1
21060 285 404 1639 -1
5809 2385 -1
27176 2513 -1
35341 21 22 40 5256 -1 9 14 45 110 1306 -1 13 14 32 81 269 983 -1 3185 -1
27547 13 2624 -1 30 -1 745 -1 2440 -1 73 -1 21 -1
14002 369 -1
11153 13 -1
22516 2545 -1
25307 9 383 -1
27627 1738 -1
12711 3260 7453 -1 835 839 -1
119 49 -1 9 9 33 37 42 45 58 172 1376 1377 1378 1379 1380 -1
12819 3626 -1
22875 22 -1 639 -1 1628 -1
8151 122 351 -1
1149 13 162 1112 3074 -1 1493 1986 -1
20466 9 37 126 -1 2549 -1
34617 969 -1 21 -1
12260 559 -1
4865 125 449 -1
35971 145 -1 9 30 54 78 78 12574 -1
25575 1571 -1 1191 -1
26312 3036 -1
19780 30 4606 5869 -1
20361 90 -1 206 -1 59 110 -1 9 -1 21 369 1109 -1
