120
27813 124 -1
21557 433 -1
35185 2169 2606 -1
19780 4653 -1
9335 347 -1 30 4938 -1 9 54 -1 338 -1
35252 788 -1
29235 145 150 361 2010 -1
6269 9 45 2628 4710 -1
14668 775 -1
24768 9 632 2604 -1
14388 9 14 107 1028 4378 -1
32225 9 231 -1
12351 7422 -1 7 1639 1764 -1
11418 711 1119 -1
10900 182 254 433 1493 3435 -1
14497 775 -1
1665 122 -1
27547 9 45 383 -1 4439 -1 23 -1 1081 -1 638 -1 145 -1 547 -1
23541 2141 -1
4724 4727 -1 45 -1 9 -1 2271 -1
13897 805 -1
4232 58 -1
15388 13 37 -1
7610 45 110 166 849 -1 4152 -1
35018 22 -1 40 -1 37 -1 633 969 -1
34534 4258 -1
31812 9 45 730 -1
21265 21 745 2438 -1 14 1745 -1
197 1866 -1
11613 361 -1
26041 115 264 1086 8253 -1
23187 7 13 57 137 -1
10006 21 211 417 748 6028 -1
8138 45 245 537 5943 -1
6006 9 1532 -1 21 -1 40 -1
27391 8949 -1
13556 37 -1 1493 2419 -1
16404 7 30 -1
6916 154 -1
35842 632 633 969 -1
2574 3803 -1 115 925 1493 2453 -1
8156 3564 -1
33926 211 -1 2 -1 211 9650 -1 2 -1 13276 -1 2 211 8772 -1 2 211 -1
3651 45 476 2678 -1
14258 369 424 -1
6574 122 124 232 6063 -1
5142 51 -1 45 124 -1 21 -1 482 491 638 -1 13 -1
35944 9 3920 -1
32188 6284 -1
15414 45 -1 8383 -1
22875 547 -1
2138 361 -1
30201 369 -1
8521 9 71 125 285 -1
12425 1449 -1
34617 639 -1 3 37 58 2063 -1 24 348 635 -1 37 635 -1
12819 7566 -1
3992 30 254 433 2170 -1 13 -1
15022 2318 -1
4098 800 -1
12412 426 -1 90 -1 45 -1
25676 1950 -1
8161 385 1493 -1
33737 13236 -1
34195 898 -1
14249 361 -1
3889 120 765 -1
7058 369 -1 124 1091 -1
35415 37 2886 -1 30 462 -1 45 11378 -1 9 -1 22 23 254 2212 -1 4430 -1 7 124 -1 21 -1
25414 2246 -1 3275 -1
21 473 -1 45 60 -1 19 474 475 -1
26183 145 8365 -1
34843 42 379 462 -1
23985 9 1000 -1
29472 30 112 361 4163 -1
24146 9 45 3036 -1
13104 9 -1 5410 -1
4578 30 720 1190 3184 -1
4794 2318 2910 -1
15580 7 11 711 -1
16079 638 1556 -1 182 -1 9 112 7992 9667 -1 3 1742 -1 150 186 -1 122 -1
1949 1049 -1
16758 54 -1 404 3047 -1
29806 30 112 -1 961 -1 9 361 470 765 12231 -1 45 -1
3074 564 -1
15338 231 -1
10477 9 -1 1131 -1
26107 9 30 54 1629 -1 45 1493 1754 -1
6697 112 -1
20361 1586 -1 9 127 -1 7 2002 -1
33678 9 37 -1 9 45 631 632 633 -1
7420 218 -1
1613 21 -1 77 3823 -1 30 3832 -1 77 2454 -1 58 -1 568 -1
13684 9 -1 1131 -1 45 -1 30 45 120 1418 5303 -1
10544 9 7462 7564 -1
4572 45 -1 3511 -1 30 235 2587 -1
251 9 14 218 558 -1
34368 9 -1
5182 9 383 -1
25025 716 -1
12953 2399 -1
23155 3461 -1
34279 2711 -1
32761 38 9310 -1
3865 23 -1
2714 452 -1
12267 9 4181 -1
23544 127 711 1459 2173 -1
12865 264 -1
26090 9 885 -1
3072 30 3924 -1 45 172 2562 4775 -1
5355 365 -1
7502 3936 -1
13939 172 177 -1
20220 50 3093 -1 40 103 1150 -1
4469 13 -1
26278 9 45 211 1028 -1
34763 267 -1
6086 37 5647 5648 -1
4731 30 30 1190 2581 3044 -1
