28
23155 30 37 256 -1 3855 -1
35415 46 361 -1
1613 145 -1 361 -1
12412 120 8088 -1
1665 9 9 45 345 3863 -1
3865 344 -1
21557 30 50 1150 -1
16079 638 -1
26278 9 385 -1
12865 688 -1
3889 106 -1
7420 1950 2900 -1
16404 9 1092 -1
10477 45 404 1986 7398 -1
6697 9 433 2631 4684 -1
12351 361 -1
25025 1431 -1
7502 9 45 405 -1
25414 124 -1
2574 2247 -1
20361 9 914 -1
29806 120 405 -1
4572 30 1190 1570 2581 2621 3184 -1
10900 3920 -1
34368 9 45 231 782 -1
6006 42 361 -1
3992 115 -1
6916 40 58 369 671 1057 -1
