1818
3447 1640 -1
449 137 -1
2816 2351 -1 333 -1 9 126 197 297 2166 -1 22 -1 745 2440 -1
5585 45 232 -1 882 5013 -1 254 481 -1 77 5715 -1 54 -1 30 120 369 -1
28220 112 -1 688 -1 145 -1 361 2396 -1 404 10812 -1
16210 333 -1
26212 333 -1 89 -1 30 1207 5616 6321 -1 127 258 2010 -1 626 -1
23360 7 -1 7 105 1416 -1 993 -1
21404 2824 7430 -1
17141 333 10009 -1 638 -1 30 383 1874 -1 4518 -1 638 -1 1769 -1 1493 -1
19838 173 333 10508 -1 126 -1 9 1640 -1 45 233 -1 30 215 -1
8945 124 -1
24193 23 60 254 2786 -1 4791 -1 54 1493 -1 3070 -1 23 254 -1 638 1306 -1
7951 122 598 -1
11182 254 333 706 -1 115 1086 -1 9 37 238 -1
28809 9 201 333 1496 2993 -1 127 -1 361 -1 13 30 246 -1 22 145 361 -1
12461 9 30 423 -1 90 -1 77 299 983 -1 30 -1 3414 -1 9 2453 -1
4261 58 -1 110 -1
29213 124 3185 -1
28899 361 745 7340 -1 1438 -1
1133 333 -1 297 -1 201 -1 1493 -1 1493 1986 3425 -1 292 450 -1 7 21 22 -1
21439 333 3041 -1 9 304 652 1230 -1 45 351 4441 -1 2486 -1
26533 333 -1 280 333 433 639 1550 1874 -1
15057 9 45 333 706 1986 8386 -1 8689 -1 9 45 63 396 -1 30 45 688 2799 3103 -1 145 391 1739 -1 3 -1
15107 9236 -1 7 9 -1 2126 -1 45 -1 7 9 30 404 2126 2720 -1 45 -1 404 1069 -1 7 180 2283 -1 1934 -1 404 -1
26297 9 -1 90 957 11727 -1 639 -1 37 264 265 -1
26170 30 48 257 626 -1 120 -1
16438 638 -1 30 -1 21 -1
21615 333 706 2351 -1 13 -1 2010 -1 7 -1 342 423 1124 -1 13 294 8135 -1 21 254 3807 -1 30 120 3808 -1
9423 333 706 3760 -1 688 -1 195 433 -1 2246 -1 113 -1 7 -1 0 358 -1 342 -1 51 58 3519 6028 -1 32 -1 232 1190 -1 6293 -1
10970 383 -1 2692 -1 22 23 30 638 2704 -1 638 1086 -1 800 -1 9 3920 -1 45 -1 358 1493 -1 30 180 405 -1 23 -1 225 638 -1
1587 30 983 -1 58 154 1131 -1 14 182 361 -1 40 54 254 -1 154 -1
660 30 2858 2954 -1
33569 13200 -1 180 -1 105 1529 7136 12825 -1 547 -1 9 37 632 -1
641 333 706 -1 2843 2899 -1
29013 333 -1 706 -1 12047 -1 9 888 8055 -1 361 -1
26605 120 -1 3118 -1 9 30 37 5869 -1 1092 -1 45 -1
28339 536 -1 9 127 -1 30 910 -1 201 2602 -1 57 782 2855 -1 186 258 -1
26402 57 -1 37 -1 9 198 4148 -1 5538 -1 42 -1 60 -1
21608 1427 -1 9 45 51 2462 -1 45 -1
32390 333 -1 706 -1 13 2010 -1 7 -1 21 1124 -1 254 3317 -1 72 -1 37 1331 8903 -1
6812 433 3644 -1
4874 9 5455 -1 631 -1 5383 -1 9 -1 1986 -1
5513 333 -1 145 254 706 2656 -1 361 -1 30 -1 254 1043 -1 15 120 598 1455 -1 3598 -1 30 211 254 -1 9 323 -1
2376 333 333 706 -1 9 -1 383 -1 145 531 688 2307 -1 145 4273 4349 -1 110 -1 404 -1 30 4260 -1
18535 9 45 5328 -1
2092 9 30 -1 1168 3814 -1 54 361 -1 3354 -1 30 2588 -1 1331 -1
33697 7 1459 -1
8190 30 -1 2454 -1 77 120 -1 302 2853 3391 -1 1367 -1 254 264 348 -1
26472 30 112 113 433 1028 1493 2475 -1 2495 -1 2475 -1 369 1493 -1
8819 7 37 283 332 -1 4139 -1 9 15 191 -1 9 45 383 -1
13397 120 993 -1
173 1721 -1 21 1722 -1 765 -1 4 15 21 264 288 1455 -1 9 1723 -1 112 -1
7759 105 145 -1 631 -1
8801 706 -1 254 3138 -1 7 30 1144 -1 7037 -1 30 688 -1
11297 22 105 1092 -1
25701 9 63 2527 -1
26425 9 54 -1 1279 -1 126 2449 -1 115 -1 30 -1 9 245 1013 1555 -1 45 -1 9 -1
31386 37 71 254 872 948 -1
14852 2583 -1
3553 344 -1 361 -1 162 254 364 -1
24252 9 37 2002 -1 9 45 9288 -1 110 4267 -1 748 -1
5318 13 -1 433 -1 14 60 -1 54 4507 -1 78 3909 -1 537 2402 -1 21 -1 1057 -1 9 -1 173 -1 45 112 351 -1
6265 2246 -1
26087 45 2609 -1
32749 32 -1
6915 30 61 638 5944 -1 1460 1493 2628 -1 3 22 42 225 639 -1 124 -1
3878 333 706 -1 9 -1 254 481 5088 -1
22739 37 105 1040 -1 993 -1 348 2912 -1 218 765 2462 -1 7 537 -1
20571 1279 5271 -1
4936 2437 -1 9 4417 -1
10777 333 2484 2495 -1 305 568 -1
16924 333 -1 126 211 660 1565 -1
1624 333 -1
13361 333 -1 706 -1 358 -1 7 1029 -1 9 345 -1 9 45 4328 -1 7 3915 -1 7 172 1418 -1 14 -1
33635 388 -1 983 -1 90 426 -1
18313 154 385 -1
35513 957 -1 13 21 77 6207 -1 58 -1 145 -1 32 186 -1 112 145 671 -1 364 -1 9 1248 -1 2 22 126 -1 556 1313 -1 3 15 21 124 145 547 -1 10086 -1 9 -1 42 145 547 1101 -1 9 -1
25518 351 -1
28965 333 633 -1 423 -1 254 -1 264 -1
14947 1459 -1 124 3803 -1 300 -1 9 382 -1
884 961 -1
30484 0 -1 3 125 145 361 639 688 -1 3052 -1 60 -1 30 45 1154 2999 -1 639 -1 754 -1 1211 1459 -1
24401 9 63 2431 -1
10974 127 148 -1 2169 -1 145 -1 9 -1 21 254 383 -1 1236 -1 4699 -1 9 45 191 -1 9 -1 383 -1 22 -1
32043 295 300 -1
7044 2351 4196 4198 4199 6268 -1 333 -1 9 297 765 -1 45 217 -1 9 531 -1 9 45 2720 -1 13 383 2010 -1 7 -1 1124 -1 9 21 -1 145 383 1029 -1
33682 9 333 671 972 983 2437 3121 -1 42 58 -1 233 -1 348 1379 -1 42 -1 9 -1 1379 -1 45 13221 -1 30 208 -1 32 -1 9 42 -1
30648 30 -1
15267 9 32 -1 235 1028 -1 1189 -1 2698 -1 9 30 1728 -1 235 -1
23361 1535 -1 21 -1 639 -1 92 -1 2431 -1 547 -1 9 304 -1 383 -1 1535 -1 45 -1 30 476 -1 58 -1 45 520 -1 7 246 547 -1 232 -1
15572 9 361 -1 1028 -1
3121 21 -1 4273 -1 558 -1 9 1364 -1 9 45 3007 -1 2 9 22 992 -1 173 -1 45 351 -1 433 4852 -1 37 -1 211 -1 172 992 3353 -1 13 30 -1 14 433 -1 182 564 -1 120 -1 21 4851 -1 112 -1 558 -1 14 -1 626 2524 -1 9 383 -1
5249 173 -1 45 351 -1
17378 361 -1 14 433 -1 501 1581 -1
317 264 -1 225 -1
9630 30 358 3124 -1 120 -1
5589 333 -1 76 112 547 4663 -1 42 -1 172 -1 5723 -1 112 3458 -1 3 -1 2485 -1 547 -1 37 -1 9 -1
22705 21 246 2286 -1 112 -1
34021 30 126 305 4095 13288 -1 4095 13289 -1
4109 333 -1 333 -1 254 433 1805 -1 171 -1 9 -1 2995 -1 9 45 -1 21 2516 2525 -1 40 -1 54 -1 9 30 120 509 1028 1040 -1 1188 -1 9 3333 -1 30 -1 57 -1 21 42 42 71 254 364 1040 -1
26726 4416 -1 42 3813 -1 54 -1 9 2465 -1 45 -1 1367 -1 2682 -1
25984 201 1881 -1 638 -1 9 30 433 639 3170 -1 73 -1
24737 333 6867 -1 2594 8365 -1
9758 706 -1 358 688 -1 39 -1
21839 54 639 -1 3 -1 2352 -1
21811 30 30 2646 2651 -1 1027 -1 115 -1 30 172 211 639 4391 -1 61 -1 9 62 -1 4221 -1 10845 -1
34948 333 -1 103 3287 4217 -1 880 -1 32 60 200 971 -1 54 404 1432 -1 30 2496 13590 -1 748 1801 1870 -1
5489 30 254 -1 299 3066 -1 120 749 -1 30 1130 -1 120 800 5257 -1
4472 145 -1 9 -1 5127 -1
17081 30 9763 -1 149 745 2484 -1
21585 333 333 706 -1 8159 -1 124 145 556 688 2246 2307 -1 7 -1 195 8135 -1 9 304 -1 256 342 -1 9 -1 342 -1 45 -1 541 2047 2433 -1 40 -1 105 745 1630 8167 -1
23607 9 9 30 1279 3485 -1 22 -1 9 285 1529 9267 -1 999 -1 45 -1 296 333 8247 -1 2993 -1 185 711 1176 3485 -1 30 2072 -1 13 37 -1 211 -1
4397 60 254 2387 5188 -1 13 433 3177 -1
17975 62 -1 172 3691 -1 2606 -1
30891 333 -1 54 2477 -1 60 -1 213 9150 -1 37 225 -1 9 -1
35739 217 -1
22041 30 120 1028 -1
9655 333 -1 333 706 -1 13 -1 7 2010 -1 423 1124 -1 358 -1 225 264 -1 232 -1 914 -1 45 -1 1246 -1 145 197 1279 -1 21 688 3760 3760 -1 105 2894 -1
14741 54 -1 9044 -1
34917 333 -1 76 426 2375 -1 40 45 369 -1 11 30 1438 -1
30846 333 633 706 -1 30 3103 -1 688 1230 2246 6921 -1 629 -1
22749 280 -1 37 57 112 -1 9 -1 2903 -1 45 -1 1445 -1 30 37 -1 9 -1 45 1726 -1 775 -1
9855 7 13 333 358 423 706 1124 2010 2351 -1 30 -1 120 215 -1 235 267 -1 7 -1 6444 -1 9 800 -1 138 631 -1 21 -1 9 2948 -1 9 30 30 264 2869 6444 7308 -1 1556 -1
16052 22 90 -1 434 3007 4005 -1 880 -1
20039 37 417 -1
35554 184 -1 2246 2579 -1 126 -1 71 244 -1
20779 37 -1 21 631 -1
24221 333 -1
24124 3646 -1 37 -1 9 -1 1738 -1
21247 1124 1557 -1
24908 1986 -1
34930 2351 -1 333 -1 58 10179 -1 232 -1 30 32 60 71 361 405 2798 3265 -1 9 -1 215 2718 -1 0 71 333 1418 -1 2798 -1 9 71 167 2968 -1 2718 -1 71 3305 -1
14867 333 -1 0 -1 45 173 -1 9093 -1 719 3184 -1 30 -1 1570 -1
19522 2351 -1 333 -1 1986 2540 -1
13931 351 -1 33 -1 162 -1 21 404 -1 173 -1 685 -1 7 3566 -1 81 172 -1
36028 7 186 1055 1106 5291 -1
21751 120 -1 30 71 329 -1
15976 333 -1
35257 254 304 10084 -1 30 745 2516 3514 -1 32 58 -1
12036 333 -1 1805 -1 2454 -1 2010 -1 9 30 90 2478 -1 45 369 -1
14233 9 45 -1 383 639 1342 -1 9 120 182 383 3920 6101 -1
31441 333 706 2351 -1 71 633 -1
6946 9 333 383 419 1415 -1
14410 333 -1 112 264 423 706 2066 -1 13 -1 112 149 -1 9 -1 1150 -1 9 45 -1 3053 -1 626 -1 9 -1 342 -1 9 9 30 45 54 225 235 656 855 1092 7493 -1 365 383 855 -1 7 7 30 1248 -1 3218 4744 -1 30 4741 -1 30 30 45 805 855 -1 1430 -1
25803 68 433 -1 14 37 992 -1 9 211 3273 -1 839 -1 3125 -1
31109 30 91 254 -1 3 -1 568 -1 711 2293 -1 880 -1
21755 0 333 -1 2738 -1 13 1342 -1 9 30 3156 -1
11536 254 619 1092 -1 365 925 2435 -1
22762 117 172 369 1108 6954 -1
4682 383 -1 3909 -1 172 -1 211 2740 -1 9 127 3675 -1 60 -1 838 -1
7273 9 30 45 215 2529 6306 -1
5560 1404 -1 45 2977 -1 373 704 -1 32 280 -1 9 -1 304 383 -1 21 -1
29678 706 -1
25487 127 211 -1 537 -1 9017 -1 30 127 211 -1 537 -1 5209 -1
26776 1432 -1 30 -1
10874 404 -1 3025 -1 21 -1 1493 -1 9 342 558 3092 -1 1373 2686 -1
16413 60 225 -1
25966 30 37 211 264 906 4032 -1 3788 -1
7639 333 -1 297 333 -1 7 9 63 -1 3296 -1 45 -1 9 4914 -1 45 -1 3936 -1 531 -1 264 568 -1 3047 -1 37 5647 -1
32565 9 42 340 890 -1
32900 639 -1 3 -1
13033 21 30 1057 2545 8457 -1 8458 -1
19084 78 -1
3178 383 -1
24992 11533 -1
6867 333 713 -1
21852 76 -1
23387 61 342 414 639 957 -1 115 -1 124 145 -1
30691 115 3471 -1 7 -1 775 -1
12134 333 706 4071 -1
17243 40 2721 -1
1370 30 -1 112 364 986 -1 30 852 -1 211 3317 -1 37 930 -1 9 2824 -1
5479 30 1462 5278 -1 122 1779 5665 -1 9 -1 1462 -1
14497 333 2351 6807 -1 30 77 233 1191 2581 2600 -1 254 423 -1
13537 37 -1
10899 77 254 423 706 -1 267 -1 37 -1 9 342 626 -1 254 3066 -1 283 626 -1 9 342 -1 42 -1 120 -1 151 -1
17577 9 45 45 369 1028 -1
31224 333 -1 12094 -1 361 3103 3374 -1 45 1190 12327 -1 40 852 -1 58 701 -1 54 124 -1 21 426 -1 63 -1 45 124 558 685 -1 60 -1 971 -1
3760 333 388 -1 9 -1 21 2413 4421 -1 9 9 45 45 1171 -1 21 45 476 573 2678 3598 -1 9 145 -1 383 -1 1642 -1 120 182 361 365 5044 -1 21 2413 -1 14 433 -1 501 1581 -1 120 127 1028 -1
6516 78 -1
20554 21 -1 9 5995 -1 5937 -1 433 -1
1307 537 2930 -1
27842 21 54 -1
11161 225 254 333 333 1805 -1 54 60 6697 -1 9 3920 -1 254 1707 -1 1236 3005 -1 365 -1 9 -1 6697 -1 45 -1 1222 -1
12342 21 254 -1 110 1144 -1 30 598 -1 30 -1 7 9 211 688 -1 1028 2292 -1 14 2631 -1
6348 30 537 -1 30 537 5268 -1 5269 -1 2678 -1
13668 333 5601 -1 197 235 -1 9 -1 9 45 6374 -1 8044 -1 365 -1 9 215 345 1057 1642 -1 7 37 63 122 1176 1248 8682 -1 9 1092 -1
29134 591 2246 -1
11587 37 351 1557 -1 5743 -1 849 1191 -1
29339 45 -1
8641 711 -1
25342 22 58 745 1193 2484 -1 1021 -1
17953 54 1493 -1 1874 2496 -1 369 -1 45 -1 351 -1
31967 9 204 285 598 12013 -1
12357 30 120 211 1069 4097 -1
546 626 -1
26813 5332 -1 4124 -1 45 2563 -1
15396 449 -1 9 30 -1 9346 -1 45 -1
10801 40 211 1493 -1 30 211 672 -1 1493 1497 2283 -1 254 -1 62 -1 7 13 58 -1
5301 13 -1
3065 54 -1
30442 124 -1
23244 15 172 -1 30 6907 -1 15 -1 172 -1 33 11185 -1 639 1081 -1 124 -1 58 117 -1 124 344 -1
30810 639 -1 612 -1
6388 9 30 211 2549 -1 4173 -1 54 426 839 6017 -1
6231 9 162 433 -1 369 383 404 -1
5744 1367 2413 -1 30 1367 -1
8333 14 30 71 90 1176 -1
13958 45 4124 -1 7255 -1
14432 9 -1 120 342 405 -1
35182 9 45 5564 13682 -1 120 -1 1964 -1 13 7474 -1 15 -1
24914 289 -1 639 -1 688 -1 639 -1 61 110 4267 -1 1493 -1 3461 -1 124 182 -1 7 1493 5272 -1 122 3463 -1 37 124 -1
3235 2628 -1
12287 30 639 -1 61 -1 1581 -1 501 -1 127 -1 7932 -1 361 -1
2680 30 61 2246 4532 -1 21 -1 22 -1
11208 172 7810 -1 30 -1
26281 9 154 333 369 495 618 632 3604 -1 30 -1 11731 -1 234 -1 3 101 2932 -1 122 -1 361 -1 333 -1 522 -1 3 -1 101 -1 3238 -1 9 -1 45 292 -1 9 -1 154 369 383 -1 7 2912 -1 37 -1
32757 21 -1 5397 -1 145 361 1514 -1 30 12897 -1 32 254 283 -1
2371 302 -1
34876 426 -1 12825 -1
6773 333 -1 0 383 433 -1 9 1628 -1 182 2856 -1 711 -1 37 404 -1 3940 -1 30 37 -1 211 -1 21 745 6125 -1 748 -1 30 145 1131 -1 254 433 -1
23647 706 -1
28807 333 -1 548 -1 30 3092 3103 -1 688 -1 145 361 2495 -1 30 2298 -1 2720 6935 -1 21 745 5977 -1 639 -1 1707 5210 -1
31673 32 -1 21 -1 9 -1
7906 395 -1
32890 112 257 333 361 706 -1 3270 -1 105 145 191 -1 30 289 -1 115 172 2899 -1 6971 -1
34372 333 -1 76 -1 9 639 1039 -1 7 9 231 910 2346 -1 231 -1
10389 30 283 2178 -1 9 -1 342 -1
36256 60 292 333 706 -1
4546 90 4579 -1 145 -1 9 383 -1 22 22 23 60 254 2404 3052 -1 9 40 45 58 4353 -1 45 -1 120 333 3047 -1 1805 -1 9 -1 2169 -1
28565 300 -1 9 2706 -1 30 40 614 759 -1
20363 305 333 706 -1 21 -1 90 107 426 -1
22817 197 -1
2992 333 706 745 -1
24383 151 -1 45 -1 9 53 232 800 4606 -1 1950 -1 112 720 -1 305 -1 9 264 -1 45 151 -1 232 5090 -1
22665 9 333 706 -1 760 -1 433 716 -1
23072 60 148 11257 -1 7 711 1933 -1
8713 1746 2454 -1
21502 14 -1 6179 -1
33390 30 -1 112 433 789 -1 37 45 361 668 -1 112 957 -1 3 -1 58 -1
29795 45 120 -1 12403 -1
20115 39 40 -1 58 -1 11 -1 7 -1 28 986 -1
13923 45 110 254 258 404 3691 -1 9 433 1092 1457 -1 54 -1
22661 333 -1 333 2246 2674 -1 115 -1 182 -1
3638 333 333 -1 49 120 706 -1 14 60 2516 -1 2995 -1 289 -1 254 -1
26641 333 972 -1
34540 2496 -1 23 -1
24308 660 -1 3 1581 -1
2265 73 639 -1
2541 105 -1 40 -1 21 45 930 -1 7 9 14 383 1840 -1 45 -1 211 -1 9 -1 45 173 351 -1 37 172 2402 -1
2536 333 -1 706 -1 60 -1 115 1144 3036 4435 -1 305 -1 30 42 124 1000 -1 30 -1 365 2888 -1 28 780 -1 2385 -1
6747 105 231 -1 780 -1
2538 45 180 351 -1 37 1049 2545 -1
13300 333 706 -1 45 -1 60 3508 -1
2240 120 -1 30 61 999 -1 761 -1
32935 333 706 -1 423 -1 639 -1 91 -1 3 1021 -1 9 112 361 1123 2752 11690 -1 639 -1 149 -1 258 300 361 -1
2927 30 61 62 267 639 -1 211 650 748 -1
8075 333 -1 115 126 536 706 2246 -1 122 -1 177 1493 -1 105 1092 -1 631 -1 3 30 2567 -1 120 -1 396 3354 -1 30 1770 2588 -1 182 -1
4964 9 9 45 4026 -1 383 -1 112 2825 -1
34732 14 -1
5476 30 -1 9 -1
7167 1571 -1 45 3232 3548 5291 -1
23283 333 -1 972 -1 745 2440 -1 113 145 -1 124 195 304 -1
19482 404 -1 1191 -1
28533 150 983 -1 58 90 831 5027 -1
32388 333 -1 254 706 -1 120 257 1367 -1 30 1131 -1 1367 2899 -1 115 -1 30 423 -1
31533 32 -1 254 -1 2956 -1 110 -1 45 -1 172 -1 1131 -1 185 333 706 925 1144 -1 1502 -1 2900 -1 9 300 658 993 1707 -1 30 50 125 285 12027 -1
15069 45 -1 9 -1
31314 1057 12606 -1 9 1028 -1 2146 -1
26449 983 -1 201 831 925 1367 -1 110 1367 5562 -1 45 1367 -1 30 1367 2419 11235 -1 127 -1 1869 -1 1367 -1 183 -1 333 -1 639 3398 -1 5613 -1 30 1367 2319 -1 1086 1367 -1 37 71 -1 9 21 631 2454 -1
31550 910 -1
13460 1986 -1
1099 76 333 -1 254 -1
27615 1272 -1 3281 -1
7140 351 -1
14776 37 172 993 -1 30 -1 9 4328 -1
9748 9 -1 218 -1 1950 -1 30 598 -1 9 800 -1 45 232 2831 -1 4554 -1 60 256 501 3222 3489 -1 148 1869 -1 124 -1
15920 333 -1 68 -1
5115 333 388 -1 9 21 215 -1 115 1144 -1 42 361 -1 7 14 58 391 688 1357 -1 1459 -1 115 122 -1 9 1028 -1 54 112 -1 126 -1 3375 -1
19623 14 433 2298 10247 -1
33549 299 -1
17485 30 882 -1 7 882 -1
34782 547 -1 54 -1 60 496 -1 245 -1
1882 57 162 -1
18000 9277 -1
35680 30 58 -1 54 -1 1620 -1 302 -1 32 -1 305 -1 9 9 45 54 5185 -1 387 -1
13642 120 254 -1 396 -1 30 120 1418 -1 235 -1 2582 -1
14119 30 -1 71 -1 9 -1 215 -1 45 1445 -1 13 2010 4938 -1
21248 9 2354 -1 2367 -1 45 -1 9 6387 -1 2685 -1 9 45 -1
12850 333 -1 21 254 364 706 -1 22 77 -1 9 37 520 -1 9 45 2419 -1 383 -1 7 450 -1
32364 333 388 2643 3760 -1 9 -1 30 37 104 2537 -1 8190 -1 9 22 968 -1 285 2545 -1 2967 12751 -1 21 -1 105 -1
2791 9 30 138 -1 45 147 2632 -1
940 9 37 40 45 385 2914 -1
18465 333 -1 660 -1
22146 30 101 2471 -1 71 -1 13 235 -1 127 154 254 361 2716 -1 77 1551 -1
1022 1367 2341 -1
20845 333 -1 5638 -1 21 124 145 699 -1 3007 -1 42 -1 4979 -1 45 8141 -1 30 2525 -1 71 -1 13 -1 42 235 -1
2697 9 2945 -1 45 4511 -1 172 765 -1 2887 -1 7 9 450 -1 9 45 383 4026 -1 30 -1 2866 -1 37 -1 4542 -1
28321 433 -1 13 14 -1 37 -1 9 -1 914 -1 45 -1
21509 124 -1
22766 7 13 5604 -1
34723 58 333 3851 -1 63 -1 7 -1 3 21 1176 2246 2986 -1 831 -1 501 -1 9 -1 90 233 -1 42 -1 120 362 -1 333 -1 3 706 831 -1 9 800 -1 230 -1
13746 333 -1 1143 -1 9 -1 45 351 369 383 -1 2599 -1
9118 688 2675 -1 60 3006 -1 1455 -1
29777 333 -1 706 -1
31689 333 -1 318 -1 369 -1 14 -1 37 305 361 369 433 5073 -1 10003 -1 361 -1 37 283 -1 30 -1 433 7124 10003 -1 361 -1
12820 333 -1 706 -1 9 21 325 781 -1 235 -1 626 775 -1 22 -1 235 -1 9 759 800 1131 -1 9 45 2824 -1
16309 23 254 897 -1
21340 9 -1 305 433 885 -1 10942 -1 1367 -1 1040 -1 30 433 -1 103 -1 104 -1 995 -1
11636 364 1092 -1 72 986 -1 1331 -1
23917 54 404 -1 126 396 -1 1351 -1 30 3567 -1
460 807 -1
35450 9 84 258 285 993 -1 797 880 -1 30 3450 -1
1705 30 3899 -1
16644 3278 -1 7 1119 -1 15 19 404 590 711 -1
20764 184 -1 30 2670 10751 -1 60 71 -1 21 2415 -1
35085 638 -1 365 -1 373 748 4937 -1 1026 -1
1177 15 404 -1 329 -1 2440 -1 745 -1 30 2505 -1 2440 -1 404 1119 2141 -1 30 -1 13 -1 433 -1 7 267 -1 423 1124 -1 745 -1 3 2440 -1 9 -1 1352 -1 21 120 745 1460 2440 -1 127 407 -1 501 -1
12592 2462 -1 333 -1
21207 2953 -1
7097 706 -1 112 -1 688 -1 9 145 383 2000 4552 -1 23 -1 641 -1
1684 333 -1
34468 333 -1 49 76 -1 60 -1 90 92 -1 283 -1 7 -1 14 1010 -1 423 -1 254 -1 40 1438 -1
19603 37 -1 2685 -1
25717 2431 -1 9 -1 3475 -1 71 71 244 -1 112 -1 30 -1
18709 9 2389 4930 -1
10591 641 -1 115 -1 9 -1 215 -1 21 115 172 1131 2899 -1
28783 333 -1 285 706 -1 50 4400 -1 77 -1
11616 1331 -1 364 7935 -1 9 -1 7936 -1
11036 910 -1 40 -1 404 1986 -1
17581 9 -1 256 276 -1
1094 333 688 706 3169 -1 541 -1 40 -1 105 -1 745 -1
18336 0 9 45 383 3428 4599 7430 -1 104 156 -1
6583 58 -1 4683 -1 145 1040 -1 404 -1 45 1028 -1 3394 4110 -1
16929 120 -1
29095 22 -1 0 40 -1
33491 1091 -1
2588 124 -1 30 112 -1 235 406 -1 1387 -1
18592 68 333 433 -1 14 -1 734 -1 54 -1
5865 112 127 333 706 2858 -1
9532 706 -1
27552 254 333 706 -1
16922 126 660 -1 2611 -1 3 112 542 -1 5065 -1 40 50 202 782 -1 21 -1 3552 -1
28560 9 -1 12182 -1 423 -1 9 -1 1036 -1 45 -1 9 37 90 433 3435 3920 -1 45 -1 120 384 -1
27867 9 -1 2310 -1
2978 333 -1 706 -1 62 745 2440 -1 45 849 4735 -1 45 62 604 745 805 1109 2440 -1 37 124 -1 9 -1
6406 211 1567 -1
4685 333 -1 706 -1 531 -1 71 2910 -1
29230 333 -1 706 -1 423 -1 120 -1 13 45 294 10812 -1 112 -1
19390 30 -1 9 -1
7362 112 2435 -1 13 800 -1 21 631 -1 30 -1
262 282 432 -1 30 -1 162 182 -1 349 -1
22687 9 58 -1 9 1123 -1 45 1123 -1
7460 30 -1 9 1144 2787 -1 7 9 115 2831 -1 9 45 -1 2864 -1 21 -1
12367 9 1092 -1 45 5674 -1
19159 120 211 -1 1069 -1
28915 333 333 -1 1805 -1 22 12003 -1 264 361 423 12101 -1 254 -1
10244 333 -1 1805 -1 358 -1 145 688 -1 9 -1 195 4189 -1 2440 -1 113 745 -1
9568 383 -1 54 -1 30 361 -1 30 257 257 361 2955 -1 9 329 361 -1 45 7230 -1
28161 333 -1
15113 1805 -1 77 639 -1
30781 333 -1 76 -1 14 197 -1 9 45 1331 2338 -1 21 -1 2 211 -1 22 -1 126 558 734 -1
28709 30 -1
1812 333 2351 -1 706 -1 9 -1 37 77 406 2870 -1 9 -1
5810 112 688 3041 -1 49 -1 3 101 -1 37 404 1112 1167 2419 -1 105 983 -1 385 -1 14 568 -1 145 -1 54 60 404 1069 -1
11177 218 7796 -1
33019 333 388 3146 -1 125 -1 145 -1 45 124 2967 -1 30 285 -1 775 -1 9 30 45 211 2310 3909 -1 7 9 30 289 1058 12016 -1 21 112 -1 30 107 953 4451 -1 7 -1 369 -1 30 57 782 1764 -1
22097 32 672 1493 -1
8979 45 77 90 369 -1
18113 9 495 9911 -1 345 -1 19 89 800 9916 9919 9920 -1
24879 45 1092 -1 351 -1 0 81 -1 45 -1 9 -1 632 -1
30908 9 -1 53 -1
9163 30 -1 112 -1 626 1130 -1 6946 -1 30 120 6834 -1 765 2529 -1 361 -1
2061 333 333 1445 -1
28535 304 333 2260 -1 145 -1 124 -1 481 531 -1 45 -1 9 -1 45 9861 -1 537 1356 -1 547 3176 -1 7 -1 831 925 -1 537 -1 2552 -1
13226 7 120 333 688 1805 3760 6834 -1 4243 -1 404 -1
36276 333 706 -1 254 -1
10987 9 37 1092 -1 2945 -1
14717 333 -1 60 105 254 297 381 765 1462 -1 204 -1 9 -1 2549 -1 45 -1 358 -1 9 45 800 1950 2867 -1 9 37 2427 2970 -1 365 -1 7 9 4978 -1 37 285 -1 9 2391 3113 -1 30 -1
2088 4176 -1
20896 333 -1 706 -1 13 433 -1 267 -1 7 1124 -1 21 37 -1 21 631 -1 426 993 -1 14 433 -1 50 1707 -1 235 -1 60 -1 3184 -1 5609 -1 60 285 -1 3184 -1 10804 -1
13861 9 1092 -1 9 30 839 2600 2600 2619 2619 2620 -1
22576 639 688 765 -1 264 2454 -1 211 542 -1 197 -1 2 -1 745 4935 -1 145 -1 638 -1
22947 9 -1 30 2651 3008 -1 54 991 1022 2246 -1 142 -1
19649 162 -1 254 -1 21 -1 520 5338 5338 -1 7 13 -1 120 -1
34172 103 333 13332 -1 37 51 7329 -1
35122 333 -1 21 37 76 254 283 -1 23 -1 3176 -1 40 148 254 4550 -1 1357 -1 7 124 7479 -1 21 -1 126 -1
12884 333 -1 9 37 333 706 -1 1134 -1 838 -1 9 800 -1 2399 -1 631 -1 9 45 -1 22 838 -1 9 40 8263 -1 449 -1 45 342 -1 342 8253 -1 45 -1 9 45 608 1744 2010 3818 8264 -1 60 -1 45 2720 -1 9 -1 342 -1 45 -1
20371 417 2146 -1 9 -1
733 333 333 706 -1 369 -1
22993 154 -1 177 -1
15479 45 -1 9112 -1
27383 9 84 333 859 -1 631 -1 21 61 166 211 305 639 800 3551 5339 -1 9 6958 -1 22 -1 2383 -1 172 1531 -1 42 137 1728 -1 30 -1
15861 9 40 328 333 2702 3139 -1 30 -1 925 9550 -1
4271 54 103 264 2465 -1
35683 45 369 1534 -1
23662 9 333 706 7988 -1 342 -1 145 688 -1 45 639 1387 2346 8247 -1
28688 30 2193 -1 57 -1
32829 333 706 -1 9 84 -1
17494 40 -1 299 1725 -1
22346 433 2246 -1 9 986 -1
5022 333 -1 333 -1 1805 -1 294 531 -1 9 -1 1028 -1 3256 -1 172 3909 -1 90 426 2740 -1 9 37 45 120 2527 2710 -1
21497 1585 2381 -1
5937 333 -1 706 -1 9 -1 2903 -1 433 -1
2908 2 -1 21 -1 3 639 -1
10894 23 254 333 706 -1 2567 -1 30 2519 2876 -1 30 2385 -1 30 37 2513 6183 -1 23 961 -1
33572 14 42 211 547 -1
19693 104 514 -1
6587 54 211 285 3053 -1
21187 1387 -1
20875 333 2351 -1 13 706 -1 2010 -1 7 1124 -1 37 -1 9 1331 -1
6219 201 333 3002 -1 21 -1 9 383 -1 254 369 404 -1 40 -1 9 369 -1 5510 -1 369 -1 22 -1 30 2628 4624 -1 42 3145 -1
14624 9 201 264 4328 -1 9 -1 9 45 3394 -1
24360 154 -1 481 2693 -1 45 -1
25129 37 -1 21 -1 631 -1 433 -1 145 267 711 -1 7 711 1123 -1
18305 2484 -1 2647 -1 172 211 2525 -1
33196 54 -1 1035 -1
15600 245 -1 71 -1
35771 369 369 -1
33209 1191 -1
31155 296 -1 1986 3452 -1 2692 -1
34527 333 -1 9566 -1 101 -1 37 211 267 -1 9 -1 10343 -1 9 45 -1 462 -1 30 45 -1
21483 1222 -1
18955 333 -1
31552 12618 -1 305 671 1606 -1 1459 -1
31304 201 -1 145 688 -1 361 2309 -1 2247 -1 30 1459 -1 300 12016 -1
2049 333 706 -1 145 351 688 -1
4177 13 182 -1 30 -1
16162 433 2341 -1 172 3177 -1
7368 333 -1
17205 333 -1 266 541 -1 40 50 -1 37 -1
18117 172 -1
22857 37 -1
9771 333 1805 3760 -1 688 -1 7 358 -1 14 745 1493 2721 -1
28717 4002 -1
12402 9 706 2169 -1
560 745 -1 2791 -1 145 2823 -1
25985 0 333 333 -1 9480 -1 3103 -1 626 -1 9 -1 30 342 -1 688 -1 40 1187 -1
28956 61 -1 3 361 -1
16802 358 -1
31231 166 333 1805 -1 215 -1 9 112 264 265 423 4332 -1 21 68 364 633 688 -1 40 45 60 -1 21 654 -1
6927 6213 -1 30 404 -1 6214 -1 3432 -1
25699 30 254 -1 145 638 688 -1
715 765 -1 21 361 -1 638 1800 -1
11106 9 -1 2620 -1
2808 145 -1 9 77 369 1707 2316 4394 -1
6073 333 -1 9 18 30 54 60 101 145 2385 2435 3671 4132 -1 9 4173 -1
6488 9 45 211 1028 2341 -1
11469 30 -1 2478 -1 361 -1 211 -1 9 -1 782 -1 21 -1 9 -1 90 -1 45 -1
25305 32 -1 61 485 639 1460 2874 -1
2409 333 706 -1 13 433 -1 716 -1 349 -1 37 211 1454 -1 9 -1 385 -1 45 -1 30 1049 -1 14 60 433 4367 -1 42 258 3627 -1 4368 -1 182 -1
1509 706 -1 7 250 2311 2553 3706 -1
32277 333 -1 154 305 1278 -1 21 177 2010 -1 37 149 765 -1 42 -1 300 633 -1 9 9 45 957 1058 3047 -1 369 -1 4467 -1 110 626 -1 9 -1 151 -1 45 154 -1 177 -1
15675 7 172 836 2608 -1 7 2542 -1 30 -1 7 -1 7 1123 -1 3917 -1
23143 333 -1 45 383 388 1874 -1
1008 9 -1 2579 -1
13095 30 -1 112 289 -1 172 800 4159 -1
22276 23 -1 13 521 -1
9420 37 -1
22285 37 40 172 -1
24981 417 -1
4781 9 706 -1 433 2169 -1 124 509 626 -1 9 -1 30 383 433 3218 -1 120 -1 2525 -1 2516 -1 30 120 1455 -1 2516 -1
34652 650 -1 45 -1
26544 208 -1
6323 333 -1 89 -1 385 -1 22 -1 9 369 383 404 -1
12621 1312 -1 45 -1 9 627 -1 112 957 -1 127 700 925 3559 -1
10351 780 -1 406 -1
32758 333 -1 706 -1
5736 333 -1 388 -1 2246 -1 433 -1 60 1455 3218 -1 60 2516 -1 3598 -1
2991 4740 -1 839 -1 30 839 4741 -1 30 -1 4742 -1 30 839 4743 -1 7 839 995 4744 -1
13265 37 3795 -1 60 8698 -1 631 -1
29785 333 -1 706 2397 -1 404 -1
29586 9 10247 -1
27185 30 -1 983 -1 9 -1 2646 -1 292 404 591 -1
18208 9 333 388 2599 -1
25230 90 115 685 -1 60 -1 9 182 4185 -1 342 -1 45 -1 30 11280 -1 113 -1 145 -1 361 -1 195 304 -1 9 -1 632 2604 -1
30999 626 638 -1
24966 112 423 -1
20452 14 -1
19284 7 -1 8141 -1
27822 2592 -1
33953 1610 2440 -1 9 42 -1 897 -1 789 -1 433 -1 21 254 -1 9 13283 -1 3300 -1 45 -1 9 -1 1006 -1 113 -1 285 2350 -1 404 492 -1 45 48 -1 254 2986 8886 -1 58 280 -1 745 -1 4955 -1
26287 9 23 972 -1 383 10149 -1 9 182 520 -1 30 -1 149 -1 13 182 671 -1
15055 45 481 -1 105 -1
17518 60 145 481 745 3067 3525 -1 124 -1
28683 333 333 1020 -1
25095 333 -1 37 112 210 1144 -1 145 -1 71 112 1367 -1 37 1459 -1 21 60 145 2451 11564 -1 9 -1
20389 54 172 -1
18307 1874 -1 45 154 369 672 -1 30 1123 -1 748 -1 3463 -1
32162 333 -1 706 -1 180 12137 -1 9 15 77 890 1326 -1 22 12700 -1 40 -1 148 -1 0 1674 -1 1986 -1 45 -1 60 11250 -1 4274 -1 9 30 45 45 1305 -1 333 12340 12701 -1 385 -1 3389 -1 13 -1 30 -1 149 -1 9 -1 3053 -1 30 -1
29321 2581 3184 -1 789 -1 72 -1 566 3877 -1
21244 333 -1
13064 351 -1
25698 839 -1
22977 333 -1 1464 -1 2482 -1
24275 333 -1 23 2260 -1 2612 -1
23894 1557 -1 9 -1 112 365 1503 2832 -1 7 9 -1 1503 -1 45 -1
8463 333 333 706 -1 2397 -1 50 2010 -1 90 232 233 -1 120 127 -1 45 110 1109 -1
35501 13 58 1236 2406 -1
16984 333 -1 1805 -1 9 45 2354 7660 -1 235 -1 265 -1 30 -1 9 -1 6239 -1 45 -1 9 -1 38 235 4612 -1
25266 9 -1 1028 3032 -1 112 -1
14407 112 195 -1
25078 745 2475 -1
29894 333 -1 706 -1 9 -1 688 12034 -1 145 -1 361 2652 -1
9807 115 145 509 711 -1
24097 333 859 -1 172 -1
16639 23 333 2477 -1
31069 9 45 175 -1
12277 333 706 -1 342 -1 367 1144 7485 -1 7 -1 14 -1 37 3185 -1 6493 -1 9 45 -1 8051 -1 9 22 264 1294 -1 568 -1 361 -1 285 -1 6538 -1 122 254 423 4551 -1 7963 -1 342 -1 45 -1 343 -1
9941 333 -1 419 -1 358 1144 -1
11021 3312 -1 54 735 -1 2896 -1 9 117 836 2484 3312 -1
35925 470 -1
16491 71 -1 9 840 999 9815 -1
11023 333 639 706 -1 3 -1
5776 37 -1
18551 124 -1
14671 333 3002 -1 58 280 639 2246 -1 30 -1 177 1493 -1 3 -1
13823 54 -1 180 -1 206 -1
12238 45 90 369 -1
32898 254 -1 565 -1 21 30 60 77 254 438 481 -1 254 264 1225 -1
2578 2351 -1 333 -1 706 -1
841 9 195 235 333 479 -1 2579 -1 45 2843 -1 42 2853 -1 15 -1 172 405 -1
3560 333 -1 9 254 706 1086 -1 37 852 -1 222 -1
12872 470 -1 77 -1 8246 -1 9 -1 1859 -1 45 8247 -1
20476 15 63 10668 -1 7 63 -1 59 -1 9 110 8087 -1
9345 145 -1
32553 32 2986 -1 2246 -1 13 831 -1 127 547 -1 30 3005 -1 1757 2321 -1 45 -1 836 882 -1 1043 -1
8489 1805 -1 9 45 173 351 671 688 3630 -1 789 -1
20675 333 333 -1 2495 -1 2475 -1 1493 1874 3494 -1 46 -1 71 5743 -1 71 1696 -1 775 4968 -1 71 232 -1 3413 -1 42 9994 -1
30030 333 -1 789 3902 5276 -1 745 -1 113 -1 7 -1 404 -1 9 110 638 983 2141 7890 12448 -1 21 37 40 12075 -1 748 -1 423 578 -1
898 30 120 1247 -1 2435 -1 60 110 361 374 -1 9 45 -1 385 -1 45 1049 -1
15244 296 -1 40 1187 -1
17168 254 -1 433 -1 5934 -1
18249 369 -1
31086 3856 -1
31781 547 -1 45 124 -1
6151 45 173 351 -1
30720 30 1081 -1 361 925 -1 1654 -1
15340 37 -1 172 211 -1 30 2903 -1 37 775 -1 258 296 2674 -1 9 30 145 2054 2055 2824 3071 -1 30 30 30 2055 2055 5350 9304 -1 4510 -1 2055 -1 30 -1
22672 112 -1 115 433 986 -1 404 -1
24551 706 -1 639 -1 13 61 246 300 -1 9 -1 45 2341 -1 9 -1
33603 2351 -1
16529 333 -1 61 639 -1 1017 -1
4768 2660 -1 9 -1 9 14 22 37 145 254 283 1331 3376 5446 -1 9 -1
10840 333 -1 333 706 -1 417 7262 -1 2934 -1 361 -1 21 254 765 -1 9 264 2910 -1
36062 127 299 -1
9292 706 -1
4537 9 71 2169 -1 433 5357 -1 13 162 433 -1
26600 433 3259 -1
11401 61 -1 246 2588 -1 4152 -1 7 711 -1
6670 333 -1 333 2533 -1 60 -1 23 90 -1 60 1351 -1 230 -1
23272 30 685 3280 -1 9 211 -1 2740 -1 9 45 -1 3475 -1 9 304 383 -1 30 -1 11267 -1 9 342 -1 45 1744 -1 1493 -1 2720 -1 30 61 -1 509 -1 124 -1 122 -1 105 385 -1 30 -1 122 -1 9 -1 839 1076 -1 30 -1 122 211 -1 197 627 -1
28390 8768 -1 145 -1 671 -1
20726 9 30 120 1531 3220 -1
6610 45 -1
15734 470 -1
32163 2351 -1 333 388 -1 60 90 213 1158 -1 42 12702 -1 12703 -1 120 374 -1 60 333 3047 3389 -1 706 -1
23282 30 -1 9 -1
31189 1036 -1 365 -1 71 112 -1
30403 21 -1 54 4618 -1 172 254 423 3092 -1 61 1416 -1 127 -1 9 -1 12197 -1 21 -1 30 254 423 1615 -1 10714 -1 112 558 -1 1421 -1 145 361 -1
13036 120 333 8113 -1 1986 -1
8647 30 42 2545 2685 -1 1367 -1 1247 -1 37 -1
19174 333 -1
24867 120 2652 4696 -1 21 254 -1 23 3853 -1 14 58 112 433 -1
12354 333 706 -1 254 -1 688 2630 -1 42 -1
10723 115 124 -1 145 -1 9 -1 383 -1
27947 571 -1
30437 254 -1 77 -1
13647 235 1418 2582 -1
27390 9 365 -1 292 -1 45 -1 9 45 631 -1 9 -1
24766 30 745 2479 2985 3494 -1 300 2883 3310 -1
11356 333 -1 112 706 -1 149 -1 426 -1 90 120 -1 855 3608 -1 45 -1
35822 639 -1 46 -1 9 37 -1 654 -1
3676 333 -1 254 706 -1 433 -1 120 395 -1 1131 -1 9 182 749 -1 45 -1 9 2525 -1 30 2516 -1 13 54 60 2516 2525 2542 -1 37 -1 9 -1 112 993 1707 -1
31180 7 -1 2542 -1 361 -1 481 -1
35124 333 -1 76 90 105 -1 77 -1 45 104 214 237 -1 71 156 180 254 384 531 6066 -1
8518 333 706 -1
16694 333 2396 -1 9 -1
31628 1805 -1
27506 114 -1 115 120 -1
36254 706 1367 -1 115 2528 3155 -1
28154 2141 -1 7 217 -1 9 30 -1 405 -1
32788 244 254 1059 -1 9 30 42 127 299 299 1130 2446 7246 -1
5157 333 388 4552 -1 9 1986 -1 30 45 4954 -1
12985 333 -1 9 45 706 2740 -1 9 6333 8352 -1 9 30 8353 -1 30 -1 9 9 30 8354 -1
24533 333 -1 40 536 11134 -1 60 115 300 4260 -1 45 -1
1674 3874 -1
32862 333 706 -1 71 -1 1891 -1 77 -1 7 -1 14 -1 130 -1 300 -1 9 254 8692 -1 145 688 -1 9 -1 345 -1 608 -1 102 639 12861 -1
26669 2437 3145 -1 30 -1 30 1222 -1 4618 -1 369 404 800 2606 -1
15645 9 1985 -1
16783 30 172 172 1432 2643 3444 -1
26456 30 -1 1493 -1 7 568 995 1367 2711 4379 -1
4112 37 -1
1869 110 -1 45 -1
26211 9 77 434 -1 5616 -1
3017 9 30 433 3623 4758 -1 14 -1 45 63 211 -1
29988 688 -1
15081 333 -1 45 706 -1 9 -1 45 396 8672 -1 7923 -1 30 -1
15311 765 -1 172 470 -1
18089 9 37 1147 -1
15284 0 173 333 -1 45 -1 9087 -1 719 -1 30 1190 2578 2600 -1
1881 9 30 42 101 254 305 957 -1 40 3875 -1
7428 45 77 172 351 921 -1 71 -1 254 688 -1 124 145 -1
531 14 145 -1
24427 364 639 1805 -1 986 -1 13 30 -1 13 -1 77 -1 37 71 999 1493 -1 3978 -1 54 -1
21842 180 -1
7817 351 2930 6344 -1 9 45 342 1191 2963 3164 -1
9968 107 289 789 -1
9909 333 706 -1 145 358 688 -1 9 361 898 933 1144 -1
9602 115 300 -1 120 -1 1131 -1
13488 91 348 -1
4769 333 -1 2652 -1 9 -1 1331 -1 21 254 5446 -1 283 -1 9 145 -1 254 383 -1
6295 2351 -1 333 2040 -1
9164 232 -1 3296 7189 -1 22 45 60 385 -1
12245 333 -1
4512 433 -1 9 1057 3917 -1 9 30 5328 -1 385 -1
17633 42 10114 -1 361 -1 30 -1 2484 -1
3264 30 531 -1 3463 -1 30 3091 4528 -1 254 1725 -1 9 -1 4710 -1 45 110 -1
36031 30 -1 71 -1 13 -1 235 -1 60 256 1780 2864 -1 42 -1 1738 -1 77 -1 9 300 1503 1725 -1
34774 305 369 -1
410 112 235 423 -1 2352 -1
843 9 3165 -1
13241 2010 -1 9 45 211 351 4180 -1 7 -1 9 -1 342 -1 7 -1 2914 -1 30 225 358 -1 42 60 124 2628 -1 37 2914 -1 9 626 -1 383 -1 30 112 -1 4860 -1 342 358 -1
6469 37 404 3444 -1
10672 9 30 1986 2748 3327 -1
11254 58 433 1187 -1 4093 -1
13030 333 706 -1 9 -1 396 -1 45 235 8443 -1 7396 -1 30 -1 8444 8445 -1 30 -1 8446 -1
18250 9 7138 -1
30304 13 30 -1 14 145 433 2461 -1
23707 9 42 361 1057 2555 -1 1028 -1
5244 115 305 -1
6238 2660 -1
2787 9 45 110 149 385 711 -1 45 1049 -1 110 -1
34889 11040 -1 668 -1 7 361 800 -1
22925 3 112 -1 831 -1 186 -1
27363 9 1039 -1 37 385 -1 9 745 2883 6206 11037 -1 5328 -1 37 3463 -1
6985 173 -1 7 7 9 57 211 2193 -1 1279 -1 45 -1 105 231 -1
5222 745 831 -1 9 45 110 197 215 2009 -1
34406 633 969 -1
16977 333 -1 2260 -1 9 2398 3066 -1 305 -1
33484 9 -1 1171 -1 7 4699 -1
15522 426 494 1602 -1
34352 333 -1
22545 3 54 112 -1 145 172 367 1306 -1 638 -1
8556 124 296 344 -1 2674 -1 30 -1 2683 -1 9 -1
17178 2218 -1 30 42 61 1493 4471 7047 -1 361 639 651 -1
6868 2486 -1 112 -1 3 -1
19563 333 -1 1485 -1 7 21 46 166 558 638 639 1123 -1 2992 -1 1617 -1
17109 9 -1
33327 54 73 101 -1 58 -1
2418 2660 -1 556 -1
8622 333 -1
24519 9 -1 632 -1 145 2604 -1 9 -1 385 -1 45 -1 351 -1
2251 365 1493 2773 -1
28238 61 639 831 -1 1493 -1 30 182 254 361 433 897 1222 2855 -1 7 -1 9 1058 -1
5483 333 706 -1 9 -1 383 -1 9 9 45 999 2461 -1 30 2454 3220 -1 145 688 -1 5655 -1 3 541 -1 639 -1 542 -1 145 -1 711 -1 21 745 -1 2484 -1 638 1556 -1 197 -1 719 -1 432 -1
5709 9 145 383 -1
27376 304 -1 9 -1 383 -1
17171 404 992 2431 -1
20156 40 54 282 -1 60 -1 21 40 60 156 629 1033 2141 4258 -1
3583 333 -1
6534 333 -1 711 2440 2495 4476 -1 60 81 -1 30 -1 9 2360 -1 2310 -1 22 45 385 404 -1
32939 42 1459 -1
15080 172 3580 -1
4922 57 -1 9 1635 -1 45 -1 9 173 -1 45 -1 351 -1 37 -1 9 4727 -1 45 -1 9 30 2271 -1 7 62 -1 232 4883 -1
3563 9 254 333 333 706 831 2050 -1
11788 333 -1 297 -1 9 215 -1 364 -1 1968 -1
11389 342 -1 45 7200 -1
5991 9 37 -1 9 45 4914 5241 -1
1978 558 2246 -1 2555 -1 37 -1 9 -1 45 385 -1 54 426 4017 -1 4085 -1 40 -1 232 -1
29040 211 3909 -1 30 1725 6623 -1 110 5189 -1
30194 333 -1 2260 -1 688 -1 124 145 -1 388 957 -1 113 -1 21 639 2246 2346 -1
2534 333 -1 9 706 -1 383 -1 9 257 -1 1028 -1
4130 333 -1 706 -1 254 433 -1 62 232 -1 4883 -1
34241 234 -1 107 639 -1 45 104 2113 7971 -1 9 22 154 632 1949 -1 23 -1 568 671 -1 30 54 58 13165 -1 54 -1
22172 333 -1 9 23 76 383 711 961 -1 71 -1
23938 30 267 -1 122 -1 1367 -1 30 -1 115 3116 -1 7 -1 9 338 -1
34087 58 77 154 191 547 579 2431 -1
9056 333 -1 706 -1 254 -1 2435 -1 45 60 407 -1 2876 -1 30 -1 4960 -1 37 124 1763 -1 30 1081 -1 124 211 3909 -1 9 45 2310 -1 15 351 -1 9 45 275 2341 -1 296 4661 -1
35569 333 -1 23 76 227 305 969 -1 3176 -1
24121 9 54 -1 383 -1 369 -1 45 -1 433 11007 -1 2442 -1 4188 -1
29659 333 -1 706 -1 12043 -1 3327 -1 361 501 3222 -1 365 -1
17439 120 -1 7 4800 -1 3911 -1 925 -1 60 434 -1
11412 30 364 -1 58 112 120 126 380 -1 9 37 734 778 -1 45 -1 9 -1 5997 -1 45 -1
24343 37 154 -1 101 7075 -1 3 10149 -1 54 60 -1
9881 333 -1 358 706 -1 2435 -1 9 211 -1 9 22 30 1000 2888 -1 112 -1 4467 -1 166 218 626 -1
24223 1367 -1
1591 333 706 -1 112 2435 3779 3809 -1 30 -1 3810 -1 60 -1 3811 -1 9 45 -1 30 3427 -1 3812 -1 9 37 3779 -1
30708 780 -1 9236 -1 7 361 591 -1
10882 333 -1 388 7489 -1 9 -1 9 30 2169 7492 -1 30 45 1986 7438 7493 -1 9 30 1169 -1 5399 -1
19747 9 1934 -1
20002 14 433 -1
21027 120 -1 7 6206 -1 9 385 387 2608 -1
2966 124 -1
32046 112 235 267 -1 37 -1 112 1144 -1 115 -1 232 300 -1 479 1707 3300 3488 4409 12043 -1
23946 90 606 -1
26103 21 -1 3 745 2440 -1 9 21 1021 2398 -1 57 2371 -1
13146 30 120 1986 -1 5810 -1 120 333 1986 -1 333 -1 706 -1 8332 -1 30 120 1986 5744 -1 120 1986 -1 30 -1 30 3731 8579 -1 957 -1 9 -1
21433 9 76 -1 1168 -1
5290 333 706 -1 639 2397 -1 3 639 -1 1351 -1 537 -1
21481 4558 -1
5260 333 -1 706 -1 71 2435 4273 -1 531 -1 344 -1 30 3065 -1
22395 882 -1
24664 333 -1 639 1805 -1 124 145 1029 -1 45 -1
31469 14 19 60 10463 -1
23332 361 -1 30 120 1028 -1
24654 365 2629 -1 547 -1 9 30 127 1028 -1 2036 -1 110 547 -1
17108 333 -1 76 -1 23 254 -1 13 182 10006 -1
30920 333 -1 333 -1 706 -1 423 -1 633 -1 264 -1 3449 -1 42 60 254 292 688 730 3854 -1 300 -1 404 2341 -1 639 -1 1756 -1
10326 7536 -1
205 319 1942 -1
13373 30 7454 7455 -1
3439 333 -1 254 706 -1 831 -1 9 -1 4731 -1 9 300 -1 9 15 4729 4732 -1 9 45 -1 7 2614 -1
3061 333 333 -1 706 -1 62 745 2440 -1 9 -1
16906 9 76 333 -1 45 4248 -1 9 -1 9 54 1653 -1 9501 -1 45 -1 9 6035 -1 556 -1 61 -1 639 -1
1030 254 257 305 -1 7 -1 1367 -1 30 2141 -1 2 7 1247 1367 2145 -1
9462 333 1144 1805 -1 254 305 -1 7 30 6538 -1 2010 -1 7 60 256 331 -1
14452 296 1445 -1 0 -1 7 21 37 77 1081 5881 8104 -1 9 -1 5163 -1 21 -1 77 -1
28678 21 254 -1 264 -1 831 -1 7 9 12029 -1 112 6691 -1 235 1742 -1
23059 711 1123 -1 7 1119 -1 37 650 748 -1 9 22 58 385 745 3523 -1
3400 3848 -1
14865 2600 -1
9541 37 45 852 5287 -1
29873 7 9 127 3033 -1
20074 7 9 -1 9 9 14 45 90 433 520 1089 2298 -1
18224 54 -1 78 -1
21768 9 304 383 711 -1 30 -1 9 404 9691 -1 652 4441 -1 45 351 -1
23601 9 342 3064 -1
16384 333 -1 1157 -1
11212 9 30 800 -1 2831 -1
11605 7896 -1
33945 333 -1 419 -1
29751 333 -1 333 -1 1187 -1 37 77 -1 9 45 1331 -1 12017 -1 9 -1 342 -1 45 -1 60 213 12016 -1
33823 254 2340 -1
11380 76 333 -1 13 -1 2010 -1 7 358 423 1124 -1 37 77 -1 30 3386 7337 -1 9 608 -1 9 45 -1 77 853 -1 1565 -1 7 9 115 3259 -1 2567 -1 765 -1 254 -1 264 1556 -1 426 -1 518 -1 37 333 3386 -1 76 -1 1570 -1
34475 101 -1 3384 -1 58 -1
36339 836 -1
33908 235 -1 232 578 -1
25300 433 -1 73 -1
7139 294 1503 -1
7681 333 3002 -1 54 60 6645 -1 9 21 -1 61 369 383 537 -1 103 -1 104 -1 4294 -1 110 -1 45 51 -1 197 -1 627 -1 127 -1 547 626 -1 32 -1 14 112 433 -1 6646 -1 30 -1 145 6647 -1 30 547 -1 6648 -1 37 -1 30 37 537 4650 4732 -1 537 2009 2660 -1 2246 -1 3917 -1 127 -1
35233 0 333 -1 652 -1 913 -1 105 12627 -1 9 21 -1
2693 14 934 -1 54 537 2402 -1
13293 60 -1 2569 -1 90 -1 45 2602 -1 30 6273 -1 45 120 -1 177 -1
514 333 -1 1602 2695 2696 -1 15 1040 -1 90 433 -1 120 -1 14 1040 -1
17057 59 110 211 433 650 748 -1
34037 297 333 -1 105 -1 113 639 -1 1418 -1
19274 151 -1 127 -1 638 976 -1 14 639 -1
143 45 261 -1 37 -1 882 -1 1228 -1
21287 9 45 885 9748 -1
36198 542 -1
3520 805 879 -1
10781 76 333 -1
25498 9 631 859 -1 21 639 -1 433 -1 3 547 5122 -1 127 211 -1 537 -1 5187 -1 61 305 639 -1 547 1123 -1
18967 387 1493 -1 417 -1
18663 254 579 -1 665 -1 54 172 619 -1 333 3102 8766 -1 58 8767 -1
35265 15 63 76 333 -1 254 2516 -1 23 -1 1534 -1 54 78 -1 21 124 -1 126 -1
13973 5024 -1 115 124 -1 9 15 -1 8929 -1 110 -1 45 -1 385 1493 -1 22 -1 3 568 639 -1 124 -1 22 30 105 1092 -1 639 -1 3 54 892 -1 470 1493 -1 61 -1 639 1725 -1 45 110 1493 -1 30 2419 -1 61 -1 7 13 62 -1 14 60 -1 30 6177 -1 60 -1 1057 6178 -1 211 -1 627 -1
22029 14 639 -1 1976 -1 37 -1 9 -1 2009 -1 9 45 383 -1 30 -1 1493 -1
23909 45 60 417 -1
18469 333 -1 0 3 2899 4487 -1 115 -1 383 1874 -1 9 -1
8320 404 -1
26844 1182 -1 283 -1
35202 9 765 -1
25426 1222 -1
17016 3425 -1
10453 90 -1 120 749 -1
35833 58 333 1933 13790 -1 21 -1 22 -1 40 -1
31586 57 101 -1
2001 45 1493 2419 3092 -1
30009 3 1942 -1 537 -1 11250 -1
28087 333 -1 112 706 -1 21 934 -1 9 30 30 124 172 300 1144 2549 2953 3118 -1 426 2478 -1 421 -1 7 9 30 77 280 5079 -1 5635 -1 9 45 5189 -1
14470 9 37 369 1331 -1 45 -1 180 8487 -1 37 264 906 -1
4657 15 -1
19384 333 1904 -1 9 37 635 4791 -1 37 40 2786 -1 9 45 2419 -1 51 -1
6428 631 -1
16605 333 639 2533 -1 9 225 2702 -1 9 -1 30 839 2316 2712 4394 -1 60 -1 54 9855 -1 13 -1 333 -1 706 -1 115 4375 -1 13 54 -1 993 1493 9416 -1 30 -1 1086 -1 4776 -1 30 333 6284 -1 688 706 2440 6909 -1 267 745 -1 32 103 -1
18212 9 -1
5606 9 45 396 3518 -1 172 765 2740 -1
7132 45 110 2900 -1 800 -1 9 -1
14033 126 -1
29447 45 3159 -1
993 1531 -1 1418 -1
22734 0 333 -1 11208 -1 9 126 1819 -1 9 40 45 1738 3139 3644 -1
6354 333 -1
6239 4593 -1 2237 -1 45 -1 172 433 2462 -1 2246 -1 1713 -1 42 -1 1738 -1
20995 885 -1
32297 1029 -1 1644 -1 30 2986 -1 9 5560 -1 22 -1 254 -1
2768 217 -1
8437 9 30 1986 6946 -1 9 45 45 1986 4234 -1 254 3936 -1 30 120 396 -1 235 -1 7 4097 -1 9 -1 4914 -1 45 -1 2660 2965 -1 9 9 45 631 5641 -1
18241 101 333 3034 -1 711 4254 -1 1874 -1 369 -1 45 -1
19372 539 -1
20232 1986 -1 285 -1
23550 9 -1 1131 -1 45 -1 172 650 -1 30 300 -1 9 -1 45 1131 -1 21 124 -1 424 -1 172 -1 836 -1
23820 30 225 -1 5124 -1
28063 162 723 2484 -1
3587 333 -1
25096 162 1144 -1 112 -1 37 145 -1 11546 -1 9 30 145 11547 -1 11503 -1 2968 -1
18768 384 -1
7886 333 660 -1
25881 333 -1 13 706 -1 7 9 21 267 433 1124 10899 -1 182 433 2186 -1 13 127 6507 -1 112 145 365 11657 -1 433 -1 14 60 -1 7 993 -1 258 2786 7797 -1 14 172 433 450 2391 -1 7 -1 172 -1 9 71 2676 -1 45 2391 -1 9 -1 256 1503 -1 2985 -1 72 -1
32239 3522 -1
32901 361 -1
20792 21 333 859 -1
32266 45 -1 9 3028 -1 22 -1 7 2863 -1 37 361 -1 9 -1
5906 2416 -1
24889 13 -1 60 2412 -1 13 30 212 2569 4135 -1
13855 297 -1 126 197 -1 2 9 -1 1630 -1 375 -1 77 6224 -1
9185 333 688 1805 -1
33332 333 957 4020 -1
9190 30 30 7088 -1 124 2529 -1
24693 632 -1 2604 -1
3006 21 333 706 991 -1 745 -1 62 124 -1 172 765 -1 2258 -1 22 77 -1 3146 -1 9 37 711 2824 -1
4832 45 364 3218 3501 -1
15693 126 -1 37 -1
21625 54 -1
11514 7 7 30 30 638 2237 2484 3463 4694 4930 -1 367 404 638 1725 2241 -1
20617 638 -1
13978 333 706 -1 7 375 1144 -1 8930 -1 30 2644 -1 13 122 -1
22375 61 -1 9492 -1 211 1493 -1 3316 -1
6474 383 -1
27865 12017 -1
27087 120 -1
2250 9 983 1028 -1 1459 -1
26537 76 333 639 -1 2464 -1 3145 -1 30 -1 58 -1 30 3598 -1 9 1097 -1 45 369 -1 104 -1
12791 333 706 -1 983 -1 124 -1 1182 -1
21450 9 285 711 -1 292 -1 45 404 -1 3098 -1 254 423 433 -1
20503 348 -1 117 631 -1 930 -1 42 120 1800 2446 -1 2009 -1
3162 396 -1
7910 211 419 983 -1 748 -1 650 1874 3917 -1
12006 404 1247 -1
24351 1874 -1 45 1859 -1 254 7430 -1 61 -1
12092 9 21 145 688 1028 2976 -1
22759 172 3432 4337 -1
19907 232 -1 4284 -1
31953 2260 -1 201 2010 -1 9 30 2435 -1
18619 120 2246 -1 4439 -1 2246 -1 7847 -1 21 45 120 -1 57 -1
5017 3391 -1 105 -1 844 -1
22850 369 -1
3015 333 333 706 -1 62 745 2440 4758 -1 45 3427 4716 -1 7 -1 14 -1 60 2672 -1 9 182 -1 4727 -1
14242 333 -1 9 1805 -1 45 342 -1 351 -1 688 2246 2993 7985 -1 30 -1 361 3803 -1 7 367 7993 -1 9 -1 3944 -1 9 30 45 2549 -1 7 1553 -1 9 619 -1 1986 -1 333 706 -1 113 -1 195 -1 9 304 -1 342 -1 105 3276 -1 37 3130 -1 9 30 361 3484 3856 -1 42 -1 45 852 3038 -1 30 42 45 880 -1 2660 3038 -1 639 -1 1416 -1
35006 32 462 1035 1933 -1 476 2118 -1 21 42 124 -1 398 -1
5666 76 333 -1 2246 -1 122 2932 -1 37 1493 4026 -1 9 45 4239 -1 9 37 5541 -1 2889 -1 45 -1 9 -1 2271 -1 7 4579 -1 638 -1 9 285 -1 880 -1
9329 9 333 706 -1 396 719 3274 -1 45 -1 1144 7022 -1
1923 30 30 1746 1746 3697 -1 182 -1 120 -1 3432 -1
9058 3184 -1
13472 333 -1 706 -1
36188 76 112 333 -1 3 9 1040 2697 -1 30 45 917 -1 30 760 -1 568 745 2484 -1
16089 58 -1
8111 333 -1 706 -1 13 -1 21 77 211 2478 3169 -1 9 -1 215 -1 9 45 45 2830 -1 3651 -1
24874 333 -1 333 -1 113 210 2246 -1 0 81 -1
14374 32 -1 14 2246 -1 42 -1 9 342 -1 254 423 1615 -1 37 -1 30 254 423 2430 -1
22814 333 972 -1 304 1230 -1
26203 4172 -1
29198 333 -1 9 706 7124 -1 3285 -1 30 3138 -1 2592 -1 54 -1 9 45 45 77 1114 2454 -1 1191 2582 -1
23730 1418 -1
20603 40 -1 543 749 1493 -1 30 -1 120 -1 759 -1 617 1131 -1 638 2184 -1
13130 1571 3184 -1
29804 297 333 -1 566 12404 -1 245 -1 2010 -1 14 21 107 641 2454 -1 30 2454 -1 149 258 -1
5161 115 -1 9 54 383 -1 14 21 40 58 58 537 547 626 650 1057 1556 2246 -1
12881 342 -1 30 -1 37 361 3565 -1
16259 807 -1
18867 2631 -1 40 154 369 579 3141 -1
14080 2951 -1 1190 2582 4181 -1 30 3184 3354 -1 4182 -1
25130 2461 -1 7 -1 361 -1 22 -1 40 -1 30 2956 -1
22990 1028 -1 40 -1 613 -1 42 60 -1
4289 198 -1
5706 333 433 706 2246 -1 54 60 1455 2516 3218 -1 60 797 -1 2680 -1 145 -1 9 -1 383 -1 63 -1 2569 4859 -1
32993 12203 -1
19211 113 318 333 639 1904 -1 9 -1 2316 -1 433 995 -1 638 -1 365 -1
29965 333 706 -1 112 423 -1 243 -1 58 -1 15 59 -1 81 280 -1 112 -1 37 361 509 1236 -1 481 -1 9 45 -1 112 182 1144 3036 -1 9 10545 -1 30 983 -1 299 361 -1 9 1039 12442 -1 42 -1 120 4123 -1 300 -1 9 1147 -1 626 633 -1
30061 211 12016 -1 30 3909 -1
10341 333 -1 9 706 -1
21686 45 3795 5279 -1
31515 4272 -1
13690 765 -1
422 333 706 -1 211 -1 9 -1 45 1331 2584 -1 235 -1 2580 -1 30 1190 2588 -1 1191 -1
7095 9 -1 1735 6282 -1 124 -1 3909 -1 9 81 211 -1 32 -1
8634 333 -1 423 706 2454 -1 7 77 115 536 -1
4127 14 21 558 2246 2633 -1 127 -1 211 -1 537 -1 5185 -1
32093 21 211 -1 126 -1
33394 462 -1 1615 -1 15 1644 -1
272 2246 -1 57 58 2294 -1 58 -1
8660 45 745 -1 9 -1
35606 12812 -1 30 -1 21 40 105 13709 -1 9 290 1167 -1 45 -1 369 -1
651 30 50 232 381 -1 9 145 383 2677 -1
6400 54 -1 112 -1
7794 333 6679 -1 112 -1 1144 -1
9757 333 -1 706 3760 -1 565 -1 7262 -1 30 292 -1
19989 0 333 4156 -1 40 122 1055 -1 9 -1 631 -1
31609 333 333 -1 3620 -1 9 631 1302 -1 28 -1 1028 -1 21 235 267 -1 7 9 -1 423 3121 -1 112 294 -1 21 633 -1 7 77 1639 -1
27466 30 -1 61 639 2383 -1 42 105 1092 -1 384 -1 9 304 383 -1
4509 202 5338 -1
32127 760 -1
2021 2351 -1 333 706 -1 7 13 1124 2010 -1 197 765 -1 2 -1
32039 23 831 -1 37 -1 120 -1
19375 9805 -1 45 -1 404 405 -1 9 30 45 58 231 5944 -1 404 1247 -1
35620 333 3041 -1
29483 333 -1 706 2986 -1
34428 543 -1 9 231 -1
3137 9 4097 -1 3899 -1 433 -1
33224 706 -1 58 -1 162 302 -1 32 -1 101 -1 37 305 369 912 1039 -1
2479 1459 -1 254 433 2442 -1 4398 -1
24256 9 2169 -1
8465 2824 -1
1350 333 -1
25341 5135 -1
31363 12028 -1 149 -1 145 361 -1 60 2451 -1 30 37 423 1351 4603 -1 37 112 264 1086 1367 -1 9 1147 -1 333 -1 113 145 361 660 12084 -1 105 -1 77 1351 2451 -1 37 37 4603 -1
23701 13 -1
13136 7 -1 54 110 1459 -1
11322 7844 -1
54 712 -1 37 45 120 774 775 -1 776 -1
5218 4521 -1 122 -1 361 -1
822 3148 -1 105 2549 -1 54 -1 9 -1 22 745 -1
29535 9 -1 131 -1 2435 -1 30 1367 -1 53 348 526 -1 254 -1 51 2367 -1
17440 145 1493 3098 -1 533 -1 58 -1 404 -1
35040 14 42 969 -1 404 897 -1
8253 333 -1 120 388 -1 374 688 -1 9 145 318 361 383 -1 235 1044 -1 7 171 671 -1 254 -1 91 -1 3 58 -1 1942 -1
2592 21 -1 101 558 1119 -1 9 -1
28557 235 -1 2645 -1 4495 -1 296 2477 -1 14 206 289 -1 1242 -1
16873 14 58 433 639 -1 1213 -1
11123 9 9 45 479 1092 4186 -1 30 -1 9 -1 42 5170 -1
90 9 588 1128 -1
26360 706 -1 37 166 -1 432 -1 50 -1 72 115 433 2186 -1 9 122 -1 342 -1
31293 333 -1 254 688 706 972 -1
1379 9 275 333 333 706 -1 2656 -1 7 -1 296 391 996 -1 2010 -1
3578 13 254 433 3218 -1 45 -1 61 120 373 5018 -1 9 285 2527 -1 45 -1 9 -1 4727 -1
16817 30 885 -1 37 395 1629 2977 -1
19827 30 -1 37 120 -1
22808 182 -1 9 -1
22740 61 333 1805 -1 639 1123 -1 547 -1 7 -1 37 105 993 2555 -1
34454 30 63 4172 -1 1176 -1 21 685 2246 3566 -1 14 58 63 3139 -1 45 -1 1176 -1
29028 54 -1 42 254 1949 4539 -1 365 -1
14149 2246 -1 5944 -1
35533 9 45 369 1028 -1
18992 736 -1
4990 172 4329 -1
18311 61 280 591 -1 369 -1 9 -1
35820 7 32 639 1390 -1 267 -1 145 547 -1 30 -1 102 -1 151 -1 7 151 -1
3042 333 706 745 -1
25401 2009 -1 537 2431 -1 5209 -1
15473 9 3036 4435 -1
29194 21 124 1746 -1 30 12315 -1 2218 -1
34775 73 328 333 789 2246 -1 101 -1 30 1902 -1 3336 -1 30 336 -1 63 426 -1 45 -1 547 -1 71 -1 60 -1 405 -1 617 -1 120 -1 173 -1 333 -1 91 1485 2246 -1 2912 -1 45 214 -1
35396 40 113 254 423 -1 639 2346 4550 -1 45 4550 -1
16884 9954 -1 30 3942 9955 -1 7 13 4188 -1
34247 22 23 369 -1 6409 -1 7 60 512 671 -1 7 -1 2832 -1 145 365 -1
11377 45 -1
9376 7 4102 -1 358 1764 -1 21 -1 358 -1 3085 -1 30 -1 9 2431 3065 -1
4607 9 -1 4465 -1
2450 333 -1 706 2874 -1 145 688 1069 -1 361 -1 244 933 -1
28881 333 333 706 -1 33 254 1022 1029 -1 1043 -1 63 12003 -1 45 -1 9 -1 30 2010 2582 -1 42 -1 361 -1 60 -1 256 -1 3036 -1 42 -1 7165 -1 30 -1 4731 -1
15215 348 -1 40 -1 13 37 -1 7 54 124 154 379 4296 -1
12521 37 -1
8483 9 45 211 351 2310 -1
36189 30 2631 -1
22058 54 -1 638 -1
24233 103 127 2982 -1
32245 9 -1 3263 -1 21 3046 3052 -1 54 60 -1 4641 -1 45 45 3053 -1 9 -1
29026 9 -1 5042 -1 897 -1 30 42 60 264 361 3449 3585 3854 -1 254 292 2010 -1
32101 14 1242 -1
30517 120 -1 2488 -1 42 -1 9 -1 9 21 12507 -1 2302 -1
33581 9 145 961 -1 45 916 -1
33142 333 2351 -1 972 -1
1158 9 -1 3441 -1
4182 2351 -1 9 333 706 -1 383 1029 -1 145 -1 296 531 -1 333 3309 -1 9 45 145 211 2271 -1 9 -1 173 -1 45 -1
21383 13 -1
12498 333 -1 9 2260 3183 -1 9 45 127 351 4386 -1 45 4978 -1 9 145 1503 5543 -1 7 9 45 450 2131 -1 9 9 45 191 -1 45 369 383 -1 351 -1 22 254 -1 15 1029 -1 9 -1 45 1131 -1 120 2720 -1
16030 333 -1
18184 1131 -1
32698 560 -1
10446 37 -1 9 2009 -1 9 45 383 -1 254 -1 61 -1
1390 423 -1
30429 9 211 12494 -1 2 112 272 481 3176 -1
8892 373 4386 -1 7 6428 -1 254 289 -1 23 542 -1 671 -1 105 -1 256 520 -1
35176 76 333 -1 40 369 -1 58 4675 -1 7 -1 537 3464 -1 1109 -1 30 45 469 -1 46 -1 22 2246 -1 3 2431 3146 -1 120 -1 21 37 470 2246 -1 3 -1
22534 9 3680 5252 11168 -1
285 333 -1 369 706 1342 -1 9 -1 142 -1
32598 333 -1 333 -1 1805 -1 211 -1 9 -1 3036 -1 30 257 934 3270 6691 -1 7 12700 -1 30 1891 -1 12817 -1 280 -1
19629 40 1272 3997 9779 -1 7 9 -1
18198 434 -1
18279 145 333 1486 -1 9 71 124 145 -1 3805 -1 7 7 71 71 6359 6705 -1 9 285 3626 -1
27098 9 37 -1
24550 32 112 -1
32555 333 -1 706 -1 423 -1 9 1058 -1 294 -1 105 -1 112 235 1587 -1 30 -1 9 191 5073 -1 9 45 -1 632 -1
2843 4631 -1 54 1780 4632 -1 54 -1 54 4632 4633 4633 -1
7954 122 361 -1
15450 5457 -1 42 -1 2205 -1 479 -1 30 42 9376 -1 42 -1 42 7253 7457 -1 7455 -1 30 42 7454 -1
1714 125 -1 1571 -1 2519 3612 -1
33134 7 7 30 90 13048 -1 30 2144 -1 30 129 2386 12765 -1
24858 40 -1 2977 -1
4428 333 -1 0 333 -1 385 433 -1
31588 433 -1
11152 333 -1 333 859 -1 9 147 -1 9 9 45 77 449 1092 1155 -1 9 37 45 383 2713 -1
6222 333 333 -1 13 3041 -1 433 -1 7 267 1124 -1
1542 2820 -1
4447 54 539 -1
3730 9 2271 -1
2343 333 -1 76 -1 112 299 1725 -1 90 426 -1 120 4260 -1 30 -1 112 -1 2412 4335 -1
36105 333 -1 706 -1 120 -1 4261 -1
17123 404 -1 30 3084 3604 -1 404 -1 3 54 112 10007 -1
6178 51 104 369 -1 289 -1 101 433 -1 2443 -1
31048 299 -1 7 30 120 254 12039 -1 30 1247 -1 120 -1 1418 -1
18990 333 639 -1 2346 -1 54 350 638 639 748 -1 3 -1 404 1735 -1
27457 361 -1
28756 14 90 -1
15079 45 570 -1 9 -1 396 -1 45 8808 -1 9 1986 -1 45 -1
34702 328 333 -1 3 2246 -1
32002 77 633 -1
30459 299 -1 9 37 2212 -1
20823 10785 -1 30 1585 -1 60 381 2830 -1 9 37 45 1147 -1 13 30 -1 305 -1
1859 3053 -1 37 120 999 3957 -1
16067 39 333 -1 433 -1 14 -1 120 245 626 9064 -1 30 120 -1 433 4752 -1
31521 126 2246 -1
8002 30 2900 -1
11678 9 211 706 -1 1028 3103 -1 30 -1 39 688 -1 40 331 -1
24608 688 -1 9 37 365 1869 2674 4466 -1 9 543 -1 30 2383 4737 -1 42 748 1131 -1 5184 -1 45 -1
31442 19 90 105 120 180 364 2525 -1 12107 -1 21 -1 254 -1
9101 9 -1 11 -1 9 30 759 -1
21211 351 -1 23 -1 13 521 -1
5679 333 -1 39 -1 40 -1 60 4888 -1 1455 2516 -1 22 -1 77 1037 -1 37 -1 2824 -1 4512 -1 54 60 797 -1
27951 14 1725 -1 300 -1 6238 -1
33627 2889 -1
19167 775 -1
3279 365 -1 426 -1 90 182 -1 30 120 1986 -1 182 -1
36036 33 126 -1
33899 50 126 706 13261 -1
35836 579 -1 30 -1 101 305 -1 1364 -1 30 444 2246 -1 73 -1 21 -1 154 -1 444 -1 40 290 -1
6100 1874 -1 7 632 745 1533 2484 2604 2855 -1 404 2720 -1 30 404 4483 -1
26559 54 105 211 361 -1
31727 333 -1
28028 49 120 1986 -1 852 1424 -1 61 -1 246 254 -1 361 -1 60 998 -1
22190 2045 -1 37 2284 3442 -1
3433 30 -1 254 -1 30 172 4780 4992 -1 172 -1 4796 -1 42 805 -1
23129 1131 -1 9 45 -1
18599 2440 -1 745 -1 124 1824 -1 14 30 112 433 3547 -1
15715 14 21 558 1493 -1
21967 9480 -1
23952 5090 -1 30 -1 120 2786 -1
9743 383 -1 9 2692 -1 383 -1 433 2683 -1 361 -1 19 120 -1
8061 333 -1 254 706 1144 -1 145 -1 120 177 -1 285 1092 -1 30 6534 -1 2529 -1 120 -1 9 396 1418 -1 45 -1 148 6766 -1
8933 333 706 -1 332 -1 484 -1 9 45 211 351 1331 -1
18239 1367 -1
2508 30 423 -1 639 -1 482 -1 9 1040 -1
5968 14 831 -1 7 -1
12552 9 -1
32718 333 388 -1 49 -1 13 14 60 12208 -1 45 -1 1279 -1 30 2143 -1
27915 333 -1 706 -1 9 30 53 112 172 10620 12047 -1 30 405 3327 -1
12716 172 333 972 -1 235 1076 -1 45 112 349 379 -1 235 -1 30 112 6210 8190 -1 71 235 -1 9 2366 -1 9 45 -1 9 30 71 2404 -1 1113 -1 809 -1
14126 30 2579 4066 -1
10461 9 -1 619 1092 -1 745 -1 13 1881 2440 -1 7 -1 7489 -1 30 -1 9 4097 7296 -1
22092 638 -1 1028 1493 -1 30 -1 145 246 638 954 1493 1874 -1
34052 2660 -1 12675 -1
31240 21 63 5123 -1 21 30 120 235 2641 10812 -1 58 633 1144 -1 42 120 10812 -1 9 300 -1
17144 333 639 1485 -1 558 -1 9 42 6218 -1 45 292 -1 30 1881 2349 -1 45 211 -1 404 782 8763 -1
732 1493 2628 -1
18831 333 -1 9 2491 -1
16863 3910 -1
32408 1353 -1
23273 333 -1 61 639 4020 -1 124 127 685 -1 9 45 292 3570 -1 9 30 45 292 2205 -1 9 -1 292 -1 9 45 -1 30 9985 -1 9 -1 9 9 45 45 292 1106 11084 -1 9 -1 9 30 11068 -1
34795 333 -1 7 9 62 547 632 706 -1 539 -1 30 37 46 10607 -1 63 -1 2431 -1 30 1176 -1 2431 -1
34710 333 -1 90 103 201 1606 -1 37 547 3005 -1 19 840 -1 37 -1 3159 -1
23830 333 -1 72 225 2260 -1 7 -1 63 182 579 1130 1176 2340 -1
7856 297 333 4064 -1 9 22 5708 -1 45 77 -1 9 9 45 173 405 5475 -1 37 231 -1 45 -1 531 -1 264 283 5249 -1 127 -1 9 -1 3012 -1 30 2866 -1 120 -1 2710 -1 145 -1
29862 120 688 1247 -1 145 361 394 1036 -1
33313 9 765 1171 -1
14377 7 9 382 -1 53 1950 -1 45 -1
19579 23 1092 2454 -1 4608 -1 110 1367 1571 -1 238 -1
25046 40 7896 -1 11546 -1 30 775 -1 11547 -1
19328 333 -1 0 -1
18024 45 404 -1
23504 62 232 -1 882 -1 2628 -1 42 -1
3298 333 706 -1 531 2435 -1 9 4727 -1 30 -1 2866 -1 9 13 204 -1 127 501 3222 4465 -1
29451 30 -1
6092 2131 -1 9 365 1503 2928 -1 543 -1 5930 -1
15835 9533 -1 9 -1 1934 -1
386 30 361 2529 -1
18542 21 112 -1 2555 -1
22109 383 -1 404 -1 21 369 -1 2147 -1
5038 101 110 258 -1 45 -1
10313 3994 -1 7 -1
1711 859 3522 -1 1493 -1 3170 -1 639 2397 -1 9 182 598 3903 -1 45 -1 9 -1
29378 254 333 706 -1 145 688 -1 68 124 -1
31730 30 -1 9 -1 22 191 591 2246 -1 40 -1 58 2977 -1
25598 300 -1 1057 5641 -1 9 -1
29075 21 22 40 58 756 -1
17737 197 -1 10142 -1
17870 333 -1
27806 333 -1 388 -1 180 -1 9 558 590 631 -1
24444 333 -1 639 2533 -1
6837 112 145 433 711 2457 -1
5584 145 246 361 1493 2628 -1
11184 6997 -1
27529 77 297 333 4552 -1 2504 -1 42 -1
31446 71 244 328 333 -1 639 -1 2346 -1 37 -1 9 -1
2435 9 -1 4382 -1 235 -1
15790 60 294 -1 292 -1 296 333 -1 3057 -1 90 9508 -1 14 -1 104 156 369 1609 -1
2460 780 -1 402 -1 235 -1
32216 18 61 246 2606 -1 7 7 30 2126 -1 9 -1 5423 -1
5313 385 -1 348 -1
28780 333 660 -1 21 -1 172 235 2435 4755 6221 -1
9235 9 42 1028 3676 -1 9 45 -1
10823 254 1144 -1 299 -1 30 305 2529 -1 60 4135 -1 9 37 45 60 1147 -1 37 3795 -1 245 -1
13389 30 60 365 1189 -1 37 3556 -1
27163 30 172 383 1617 -1 145 -1
10720 9 45 -1 383 -1
9151 145 211 361 688 1486 -1 21 37 40 417 748 -1
19433 112 333 419 433 -1 14 836 -1 145 404 -1 30 2413 -1 1167 -1
1576 120 765 -1
26376 15 11745 -1
21401 45 211 3036 -1 9 627 -1 21 -1 122 347 365 9183 -1 21 122 211 347 -1 30 1367 1367 10961 -1 30 -1 21 -1 3683 -1 14 60 71 433 1367 -1 3170 -1
13164 706 -1 9 1994 3909 -1 9 -1
32232 800 1779 -1
2576 930 -1 37 45 60 1738 3153 -1 7 -1 246 -1 7 124 142 -1 1459 -1 15 631 -1 30 -1
7712 60 -1 254 369 4594 -1 61 -1
1967 333 1138 -1 126 -1 9 -1 45 396 -1 3482 -1 22 175 235 -1 7 -1
22352 283 9985 11141 -1 30 42 71 4950 -1 60 -1 11084 -1 42 3090 11142 -1 1367 -1
25894 0 333 1950 2867 -1 305 -1 433 -1 9 14 -1 256 1503 -1 127 -1 9 -1 1555 2787 -1 60 -1 90 122 267 1557 5543 -1
3633 120 -1 2516 -1 30 -1 13 171 626 -1
2785 267 -1 9 115 145 383 976 -1 254 1460 -1 182 258 -1
3943 9 49 333 388 -1 2786 5134 -1 28 1042 -1 9 37 765 2180 -1 21 254 -1
2825 23 180 -1 1367 4615 -1 7 254 283 289 433 983 1367 -1 14 4116 -1
27524 333 -1 2301 -1 211 1806 1874 -1 1171 -1 626 -1 9 -1
24091 45 4439 -1 9 369 -1 45 -1 351 -1 0 45 1744 1859 -1 40 434 -1 60 4183 -1 13 -1
26741 45 -1 126 2354 2665 -1 115 -1 9 23 30 1738 3558 -1 9 9 45 7747 -1
31451 21 -1 40 961 -1 30 225 633 7818 -1 4860 -1
17720 333 -1 400 404 3192 -1 182 -1 9 -1 30 383 -1
35467 333 -1 1486 2246 -1 92 -1 21 -1 9 -1 753 -1 304 -1 0 21 37 635 897 -1 37 5238 -1 7 671 6007 -1 524 -1
10332 11 348 -1 117 -1
22201 13 -1 433 -1 58 -1 32 145 638 1416 2353 -1 13 -1 433 -1
15745 3104 -1
4400 9 45 -1
22125 9 76 304 333 383 1230 -1
17617 127 1149 -1 7 9 30 -1 885 -1 21 120 254 558 3005 -1 1028 -1
27717 333 388 -1 254 -1 103 113 433 639 2346 -1 639 1169 -1 54 232 2346 2705 -1 90 948 -1 638 -1 7 2437 -1 127 2385 -1 1493 2682 -1
15432 333 706 -1 9 9 9 45 45 45 173 1986 1986 3720 8813 9247 -1 45 -1 1445 -1 77 -1 285 -1
9428 1859 -1
17964 333 1606 -1 9 58 10185 -1
17052 745 6125 -1 60 -1 45 879 1640 -1 120 800 805 -1 749 -1
9027 333 706 -1 7117 -1 5074 -1 688 -1 3630 -1 638 -1 639 1015 -1 280 332 688 711 -1 145 547 -1
10773 15 -1 369 1493 -1 3 -1 639 -1 3549 -1
447 37 -1 30 120 2402 2594 -1
8988 3 54 639 -1 2613 -1 182 1028 1493 -1
10604 120 -1 151 -1 9 30 342 -1 42 3449 -1 60 -1 292 3854 -1 1493 1874 1874 1986 7398 -1 7398 -1 1493 -1 1986 -1 1493 -1 333 706 1986 -1 300 2010 7337 -1 9 -1 7 1092 -1 9 -1 30 342 688 2484 2495 -1 3842 -1 9 105 631 -1
35907 61 639 -1 171 -1 42 173 1367 -1 217 -1 9 30 211 1836 -1 433 -1 73 -1 21 -1 639 2346 -1 254 -1 22 8885 -1
35709 21 -1 9 12483 -1 30 730 -1 9 -1 1036 -1
16335 6601 -1 40 1351 -1 110 -1 9 45 -1
30226 3156 -1 7 1424 -1 361 -1
31421 40 54 254 -1 60 -1 9 30 9734 -1 405 -1 45 -1
31645 45 -1
18864 254 2486 -1 23 -1 6806 -1 120 954 -1 145 -1 638 -1 61 201 -1 398 639 -1
35376 30 78 -1
25008 3 201 -1 639 -1 60 225 711 -1 145 2098 -1 9 30 5328 -1 7 60 211 3191 -1 1193 -1
32191 9 30 124 215 296 957 2396 2478 -1
8187 60 -1 256 780 2969 -1
6309 333 -1 9 3671 -1 383 -1
33120 969 -1
16918 333 -1 388 -1 639 -1 3 2041 -1 37 -1 404 1493 3145 -1
18386 0 333 -1 341 -1 433 -1 58 -1 2194 -1
6127 45 853 -1 295 -1 7 14 977 2482 -1 3225 -1 9 22 30 124 124 383 1119 -1 404 -1 369 -1 23 -1 2147 -1
10346 9 15 54 5426 -1 45 -1 23 105 7398 -1 4 -1
33164 231 -1
35906 333 2396 -1 61 639 1367 1725 -1 300 -1 60 4106 -1 30 124 -1 21 4602 4603 -1 42 300 1367 -1 45 112 256 1936 4451 5943 -1 172 -1
6999 58 -1
2025 145 333 688 706 996 3522 -1 369 -1 3045 -1 2863 -1 145 285 638 -1 3478 -1 37 -1 9 -1 385 -1 45 2285 -1 30 1518 -1 638 -1 333 -1 706 -1 145 688 -1 638 2396 -1 61 62 639 711 -1 30 2381 -1 711 2382 -1 30 61 639 -1 45 62 -1 60 711 -1 3036 -1 45 -1 30 61 105 246 1028 -1
11160 9 30 -1 218 -1 238 -1 9 30 4394 -1 6913 -1 235 -1 626 -1 124 -1
9184 51 -1
29542 9 -1
11008 405 -1
17960 40 54 71 333 388 638 1493 2126 -1 145 -1
26621 254 -1 433 -1 1460 -1 172 254 299 433 4970 -1 4173 -1 172 2237 -1
13895 333 -1 195 225 375 -1 197 211 855 -1
18431 172 -1 173 -1
35909 113 639 -1 9 30 145 1150 -1 37 -1 71 71 72 12836 -1 3 58 105 693 -1
17538 9 54 10104 -1 396 -1 45 -1 3710 10023 -1 45 89 10019 -1 10105 -1
23277 30 256 619 627 -1 433 -1
517 706 -1 369 1029 -1 145 2594 -1 30 -1 7 -1 120 -1 42 296 333 361 396 -1 639 706 -1 639 1855 2397 -1 1493 -1 30 42 547 2628 -1 42 -1 537 -1 2367 -1 765 -1 333 547 706 -1 42 426 -1 21 40 2293 2375 -1 42 45 547 -1 9 9 45 2376 2385 -1 30 45 -1
14824 40 45 50 547 1057 2477 -1 211 -1
27394 333 -1 522 -1 117 172 1430 -1 172 -1 7 14 433 805 1182 1357 -1 37 124 -1 9 -1 9 45 631 3855 4378 -1
8709 45 7037 -1 7038 -1 30 -1 9 4327 -1 4097 -1
18994 3395 -1 2484 -1 225 -1
5327 13 54 -1 40 54 537 915 -1 537 -1 9 37 1635 -1 9 45 4727 -1
35087 711 2463 -1 21 305 745 2897 -1 57 104 -1 156 -1 639 -1
32227 45 -1 232 3028 -1
19492 45 404 999 1279 -1
617 61 112 -1 350 -1 711 -1
19925 2351 -1 333 10532 -1 40 60 3159 4148 10533 -1 40 -1 10245 -1
24584 333 -1 1805 -1 254 -1 688 -1
803 3005 -1
33033 148 12846 -1 42 671 -1
22015 245 -1 13 21 50 77 2346 -1
26273 2982 -1
31671 21 40 254 1081 -1
24201 2977 -1 578 -1 42 299 880 9181 -1 481 -1
7406 9 9 2295 6389 -1 30 -1 9 -1 9 6390 6391 -1
29466 23 225 711 -1 387 -1
4827 333 4441 -1 2050 5454 -1
23733 45 8228 -1
21551 433 1124 -1 13 30 54 78 1039 -1
6179 40 50 76 180 -1
18247 101 433 -1 14 1242 -1
26002 333 333 -1 972 -1 8365 -1 1144 -1 37 -1 145 2916 -1 9 957 -1 342 -1 264 1037 -1 7 -1
30974 7195 -1
2794 333 -1
16475 127 -1 120 554 -1 30 -1
25387 254 433 2443 3853 -1 13 54 -1
2719 254 688 -1 9 2486 -1 383 -1 23 -1 21 1392 -1 9 -1 383 -1 3 42 61 483 -1 127 2632 3718 -1 7 2632 -1
36121 110 -1 45 120 -1
30079 333 -1 126 145 173 434 660 -1 6101 -1 7 9 30 30 37 63 1176 1814 12184 -1 296 391 -1
32994 333 -1 1805 12971 -1 145 688 12969 -1 639 -1
13147 7 678 -1 361 -1
30615 2549 -1 60 -1
6035 50 2246 3488 -1
35752 13790 -1 668 -1 58 -1 32 426 897 1769 -1 9 871 -1 12 112 -1 126 -1 45 -1
304 1134 -1
18322 333 2976 -1 954 -1 145 383 1493 1874 -1 30 2126 -1 9439 -1 7 -1 9 -1 292 -1
15661 333 2351 -1 3620 -1 21 -1 631 -1 364 -1 9 -1 342 -1 246 9125 -1 9 -1
35170 2351 -1 333 972 12038 -1 9 13677 -1 45 -1 9 -1 693 -1 45 969 -1
35063 333 -1 76 -1 101 -1 18 305 -1 235 -1 327 1178 6221 7895 -1 4460 -1 1323 -1 12305 -1
23053 333 383 1493 1874 -1
32787 37 3064 -1 60 -1 60 213 982 -1 2569 -1 90 1158 -1 148 300 2522 12915 -1 60 -1
7626 2740 -1 22 -1 235 -1 5469 -1
27771 1738 4977 -1
6739 124 -1 42 5173 -1
29348 706 -1 50 145 2863 -1 124 -1 42 12114 -1
29005 0 333 -1 45 63 292 -1 9 37 2945 6272 7076 -1 2246 -1 9 81 -1 9 45 -1
17348 1008 -1
32894 2523 -1
32696 537 12864 -1 232 639 1112 -1 42 105 2677 4196 4850 12865 -1 12866 -1
23092 30 -1 60 2146 -1 2212 -1 7 7 30 1457 -1 2403 -1 13 -1 333 -1 318 -1 13 57 -1 520 -1 37 -1 1493 2419 -1 21 -1 13 -1 58 1493 3425 -1 289 292 -1 61 639 -1 45 4451 -1 9 11 3458 -1 639 -1 688 -1 91 639 -1
23126 145 688 1805 8247 -1
34362 57 -1
11880 305 -1
29023 110 333 3449 -1
6477 433 -1
9951 1986 -1 77 2587 -1
10168 45 -1 5528 -1
18865 182 638 -1
20853 9 627 -1 127 629 -1
26429 333 -1 40 2721 -1 254 -1 21 -1 9729 -1 30 1615 -1 7 -1 9 3184 -1 719 -1 30 1190 2581 -1
27551 333 -1 639 706 -1 185 3103 -1 30 688 -1 145 -1 361 -1 14 197 541 -1 849 2054 -1 22 1039 2055 -1 9 -1 849 2050 -1 2051 -1 1654 -1 9 -1 2050 -1 45 110 846 -1
30613 112 -1 30 688 3103 -1 145 361 -1 2474 -1 632 -1
21543 333 -1 76 1493 -1 329 -1 14 433 11004 -1
1462 3048 -1 71 112 -1
24628 2419 -1
5495 1373 -1 638 -1 367 -1
22171 254 -1 14 961 -1
18737 333 -1
1520 235 3723 -1 9 45 45 396 -1 2311 -1
6790 30 -1 1454 -1
25763 56 -1 13 15 37 -1 481 -1
35315 9 2773 -1
3332 333 -1 706 -1 254 -1 688 -1 318 -1 3 556 639 1112 -1 37 404 1167 1874 2419 -1 632 632 983 1493 -1 639 1015 -1 711 1459 -1
36260 3532 -1
27830 4578 -1 30 433 1459 2246 -1 258 -1 30 -1 71 115 1355 -1 45 7088 -1
11537 225 264 -1
86 1101 -1 7 1102 -1 9 30 54 54 145 1103 -1 305 1104 -1 45 -1 166 -1 432 -1 7 62 -1 657 -1 30 -1 1105 -1
24929 333 -1 639 5084 -1 2977 9327 -1 1131 -1 30 3659 -1 54 1493 -1 21 2143 2496 -1 13 58 107 -1 14 4610 -1 37 -1 9 -1
9868 232 -1 37 3020 -1 9 -1 2404 -1 30 -1
27177 180 -1 49 -1 254 -1 1039 1459 -1 479 -1 299 6141 -1 30 37 6262 -1 30 202 1763 -1 206 1182 -1
31923 12252 -1
7310 9 323 -1
32601 639 -1 61 -1 13 115 1086 -1
16567 112 4267 -1
22013 333 -1 3 365 639 639 -1 521 579 -1 639 -1 3 -1 961 -1 361 -1
28530 145 361 -1 12155 -1 361 -1 30 145 296 -1 361 2894 -1 13 54 756 -1 60 -1 7 90 -1
9023 6177 -1
27969 21 124 -1 3324 -1 547 -1 30 -1 1015 -1 54 124 -1 22 30 200 547 12062 -1 547 9690 -1 333 558 1485 2246 -1 14 -1 9 -1 45 173 -1 537 -1 730 -1 22 -1 40 -1
3329 333 -1 706 -1 9 383 4586 -1
31300 63 148 -1 9 45 2582 -1
30590 3 3145 -1 671 800 -1
24314 333 2484 2495 -1 172 211 265 -1
14732 765 -1 9 -1 45 369 -1 358 -1
233 522 -1 101 364 -1 2063 -1 1557 -1 9 42 1109 -1 21 2064 -1 21 1724 -1 9 -1 2065 -1 21 49 364 -1 14 -1 22 290 -1 40 45 1313 -1 21 112 124 2066 -1 13 37 -1
27421 103 3642 -1
8514 333 706 -1 258 1144 3697 -1 122 -1 124 -1 45 110 -1 9 6495 -1 30 131 631 -1 299 2653 -1 7 -1 9 9 45 1154 -1 45 173 -1 185 351 -1
33527 9 45 652 -1
14021 37 51 225 2212 -1
5938 1232 -1
25501 4096 -1
16349 0 333 -1
29216 25 706 -1 688 -1
21774 9 -1 5688 -1
30741 30 120 1017 1998 -1
26453 124 -1
34204 162 254 -1 91 305 -1
1749 204 1994 -1
32487 333 -1 706 -1 423 -1 7 77 267 12043 -1 254 283 -1 297 688 -1 9 21 45 60 73 639 3003 -1 632 -1 23 120 1081 3028 -1 23 30 -1 9 45 45 110 638 641 1131 -1 12017 -1 30 127 -1
9537 7 7 9 358 1805 2010 2169 7279 7280 -1
3151 9 45 333 685 706 745 1040 2440 -1 21 -1 40 -1 182 -1 9 2677 -1 9 30 45 4721 -1 13 30 30 182 846 4273 4366 -1 182 -1 30 120 3682 -1
11178 333 706 -1 254 -1 225 -1 9 30 238 -1 849 -1 4820 -1 182 1232 3125 -1 9 -1 63 -1
10350 115 2899 -1
28101 537 -1 12084 -1
33103 122 -1 13 639 -1 77 8018 -1 7 -1 1102 -1 7 21 58 145 264 639 1493 1583 12120 12203 -1
11216 2588 -1 7816 -1
31398 21 32 254 638 1081 -1 40 -1 290 -1
12674 1182 2442 -1 30 105 671 2549 -1 14 58 433 -1 641 -1 9 300 -1 9 45 1131 -1 45 342 -1 2433 -1
18610 333 -1 328 -1 9 71 629 2432 -1 9 40 127 162 629 2867 -1
10650 333 706 -1 9 342 -1 688 -1 145 -1 2630 7588 -1 42 638 745 1557 -1 30 -1 639 -1 61 -1 711 3484 -1 42 -1 638 -1 37 -1 775 -1
30421 122 -1 9 -1 9 1247 -1 1247 -1 37 122 231 1367 1859 -1
7660 333 -1 369 -1 4007 -1 21 -1 101 -1 9 107 122 5555 -1 383 -1 30 -1 953 -1 105 631 -1 9 127 3912 -1 383 -1
11080 264 361 4860 -1 37 342 -1
11468 333 419 -1 254 1144 -1 1176 -1 30 81 -1 2656 -1 15 58 -1
36235 145 -1
3797 182 2996 -1
19771 9 145 383 -1
26943 9 -1 632 2604 -1
27764 3 101 711 4610 -1
17235 256 789 3107 -1
23619 9 30 423 -1 9480 -1
27102 32 520 -1 2010 -1
3396 145 361 -1
17558 9 201 433 -1 651 1028 -1
232 101 -1 37 113 -1 166 1086 2062 -1 626 671 -1 7 -1 9 148 313 369 1400 1630 -1 77 1044 -1 7 -1
7265 1144 -1
33889 38 -1
22296 369 -1 1246 -1 4248 -1 30 8982 11125 -1 30 11126 -1
5492 333 706 -1 9 -1 3220 -1
7102 688 -1
22280 54 865 -1
24036 333 972 -1 9 9 45 129 3039 -1 4239 -1 9 42 129 3039 -1 9 45 10845 -1 433 2555 -1 50 -1 30 -1 9 -1 433 9778 -1 2555 2698 -1
5471 30 -1
11318 9 383 -1
31922 0 345 3103 4097 -1 3 103 391 -1
10540 333 -1 30 351 419 -1 7398 -1 9 37 2866 -1 45 385 3564 -1
20536 333 -1
36209 30 45 45 1367 5205 9017 -1
33532 107 639 -1 182 1176 1457 -1 1602 -1 1155 -1
27312 7 3237 -1 9 -1 11296 -1 21 -1
8071 559 -1 671 1557 -1
7756 481 -1 112 -1 264 4181 -1
33641 33 1242 -1 15 71 162 -1 1738 -1
16842 61 639 -1
35071 12831 -1
8243 21 58 76 254 565 6863 -1 77 232 -1 45 3028 -1 9 -1
10499 45 -1 9 30 37 1092 1144 7398 -1 145 -1 120 -1 9 37 177 3352 -1
18368 76 333 -1 180 -1 9 37 295 -1 14 206 -1 360 -1
25797 333 -1 660 -1 433 986 -1 9 840 2516 -1 9 30 2525 -1 9 30 2516 -1 2516 3580 -1
16838 30 -1 42 361 384 2484 9940 -1 30 -1 1629 -1
9003 2549 -1
18085 3 112 1819 -1 115 -1 9 211 -1
18889 638 -1
1449 706 -1 62 -1
27347 120 -1
15166 9 -1 1092 -1
9605 1805 -1 358 688 -1 9 1451 -1 45 215 -1 6473 -1 638 1182 -1 30 215 1493 -1 9 300 -1 45 1131 -1 3760 -1
31243 333 -1 633 -1 3103 -1 124 -1 30 688 4923 -1 113 639 692 -1 145 424 547 638 2292 -1 58 -1 9 481 1342 2246 -1
29730 333 -1 706 780 3117 -1 9 37 2358 -1 9 125 -1 631 -1 9 45 -1
2705 45 -1
34057 1186 -1 154 -1 2141 12884 -1 639 2218 2464 -1 7 267 361 -1 145 -1 547 -1 42 -1 9 1418 -1
15112 333 3041 -1 9 342 -1 688 -1 145 -1 638 -1 1464 -1 40 -1
31593 9 333 333 706 -1
35177 45 1864 -1
21046 348 3727 -1 433 -1 13 14 -1 2545 -1
12015 333 -1 426 433 706 2246 2683 5780 -1 2549 -1 30 -1 426 -1 3260 -1 2549 -1 30 -1 433 1130 -1 426 -1 11 833 -1 30 211 3406 7960 -1
7302 333 -1 706 -1 225 4552 -1 42 476 -1 124 -1
7332 649 -1 172 182 186 650 -1
3538 9 45 115 745 1086 2440 4727 -1
31046 32 -1
24329 40 11096 -1 58 60 112 126 156 1021 7550 11437 -1 37 -1 9 -1 1726 -1
6397 9 9 4606 -1 30 2513 -1 9 333 2995 -1 0 -1 9 30 6009 -1 6008 -1 9 30 -1 6019 -1 9 30 6020 -1 2995 3039 -1 9 30 -1 30 6021 -1 9 -1 3039 -1
18518 9 -1 14 2404 -1 7834 -1
13956 333 342 375 706 -1 2318 -1 45 60 3598 -1 2600 -1 30 -1 849 3184 -1 30 2876 -1 30 232 1190 2600 3184 -1
25133 54 -1
10223 30 1144 3092 -1 58 299 -1 7 -1 120 1092 -1
15001 9 15 45 235 3675 5602 8467 -1
175 19 1737 -1 60 -1 11 -1 21 359 364 -1
8477 983 1367 1459 -1
27097 58 2246 -1
28524 333 419 423 -1
17545 30 78 78 -1
13398 383 -1 30 384 -1 2537 -1
27498 60 -1
24775 333 -1 745 4020 -1 1351 2484 -1 30 396 404 404 745 957 2484 2579 -1
18084 688 -1 37 172 1356 -1
26248 30 423 -1 9 77 254 4148 -1 256 -1 30 77 613 4639 -1 13 54 2010 -1 115 427 720 11725 -1 9 2431 -1 720 -1 9760 -1
21946 333 -1 639 -1 3 1392 -1 15 -1 2476 -1 9 -1 191 -1 40 -1 45 110 1493 1565 -1 999 -1 37 1035 -1 30 -1 58 433 1416 1485 -1 145 638 -1 426 -1 433 3929 -1 121 426 2701 -1
16690 333 745 3099 -1 42 42 71 361 4931 -1 60 -1
25392 32 54 71 81 124 172 -1 40 -1 58 -1 9755 -1
33607 58 107 462 -1 37 2186 -1 9 -1 45 215 380 -1
4401 9 706 -1 45 173 351 364 -1 71 -1 9 344 383 -1 531 -1
8269 333 -1 254 706 -1 839 2435 -1 37 -1 30 120 2341 -1 1144 -1
18415 333 632 -1 745 2484 -1 4 -1 154 2821 -1 993 -1
5054 9 333 598 706 1028 -1 115 -1 211 -1 21 21 30 211 631 -1 930 -1 30 -1
8317 333 -1 254 706 1112 -1 60 230 -1 45 6896 -1 232 3220 -1 30 -1 258 831 -1
21584 7488 -1
20719 626 -1 638 -1
21997 21 333 565 639 745 2486 -1 2475 5913 -1 30 -1 404 -1 3432 -1 40 232 -1
3899 910 -1 14 433 -1 5042 -1 2660 -1 9 -1 365 -1
28575 58 2883 -1 745 -1 12170 -1 42 54 60 638 -1
31191 333 4923 -1 639 692 -1 113 145 -1 21 547 2260 -1 4519 -1 191 1493 -1 30 800 9650 -1 21 361 1081 -1 23 638 882 -1 30 836 -1
3858 333 333 706 -1 9 -1 383 1029 -1 145 4273 -1 296 333 -1 58 1486 -1 117 1432 3159 4148 -1 3159 -1 745 -1 117 396 404 -1 42 -1 711 -1 423 2246 -1 300 1459 -1 9 4727 -1 9 45 976 2271 -1 2246 -1 2443 -1
25600 522 -1 61 639 -1
28076 37 -1
20482 58 333 2301 10482 -1 7 -1 45 110 1459 -1 120 -1
9422 3620 -1 105 -1 1029 1312 -1 358 -1
21540 42 172 4529 -1 1040 -1
10748 9 383 -1 30 3449 -1 7 1493 -1 369 -1
587 254 333 706 765 1290 2550 2836 2837 -1 849 -1 30 1190 1191 1571 -1 30 -1
23859 333 2351 7349 -1 3164 -1 9 304 1230 -1 45 383 -1 4439 -1 9 -1 369 -1 45 -1 351 -1 54 145 5638 5773 -1 13 40 -1 3677 -1
18108 127 -1
8393 112 180 423 2010 -1 7 -1 7 9 1550 2824 -1 1092 -1
13457 9 1986 -1 45 -1 7487 -1 7488 -1
4064 280 333 706 -1 21 23 182 254 5177 5178 5179 -1 9 -1 4107 -1 433 -1
19322 639 -1 61 4472 -1 4491 -1 145 369 1493 -1
6814 333 2495 -1 2403 2440 5587 -1 30 -1 32 124 2436 -1
31102 120 10812 -1 53 333 2260 12016 -1 30 -1 2858 -1 185 -1 300 -1
6629 145 333 388 -1 9 -1 745 2440 3285 -1 40 50 57 1438 -1 37 -1
3436 204 -1 30 -1
484 30 -1 302 2594 2654 -1 30 1542 -1
22752 30 -1 9 182 -1 45 837 -1
24344 333 660 -1
3402 63 2581 4758 -1 145 -1
28424 333 -1 89 -1 2298 -1
31373 333 -1 145 185 333 633 1029 1805 -1
98 63 -1 1022 1022 1039 1175 1176 -1 112 579 1039 1177 1178 -1 558 -1 14 -1 7 1179 1180 -1 7 9 30 884 -1 7 685 1178 -1 13 22 127 -1 9 225 890 -1 7 -1 1181 -1 124 -1 72 -1
9684 2246 7322 -1 800 -1
16971 180 -1
33438 162 333 713 -1 3 -1 197 305 -1 58 556 723 -1 21 1039 -1 537 3145 -1 112 -1
27586 333 706 2351 -1 13 2010 -1 7 -1 1124 -1 9 37 45 147 449 -1 21 342 9124 -1 9 -1 191 -1 45 -1 9 -1 383 2010 -1 145 -1 37 8487 -1 9 -1 9 45 147 631 -1 838 5292 -1 365 -1 37 333 9234 -1 2533 -1 112 -1 145 264 1081 -1 9 -1 45 1092 -1 369 -1 11938 -1 30 30 11939 -1 172 215 -1 7 626 1015 -1 7 9 333 383 706 -1 9 22 102 145 4097 -1 235 -1 9 9 37 45 45 383 1092 -1 4439 -1 30 -1 7 9 -1 37 296 639 760 3256 3679 -1 9 838 1134 11940 -1 2476 -1 71 -1 3 639 -1 542 -1 72 162 197 -1 1191 -1
16947 384 7047 -1
29601 9 1028 -1
28982 54 -1 9 -1 45 3028 -1 9 632 4586 -1 127 -1 295 -1 30 2010 -1 9 30 127 367 997 998 -1 9 2527 -1
12913 333 706 -1 9 -1 30 45 396 2726 2733 2734 -1
4899 145 -1
12898 5842 -1
28102 333 -1 21 254 294 388 423 633 688 -1 145 -1 124 -1 14 21 660 -1 387 -1 473 -1 58 60 -1 32 112 11218 -1
26582 13 115 5591 -1
4887 45 5388 -1
10957 333 -1 254 688 706 -1 2495 -1 3523 -1 21 -1 9 2212 -1 30 77 2977 -1 21 211 -1 172 351 1086 -1 2716 -1
1123 2549 -1 40 3199 -1
32908 639 -1 961 2346 -1 37 -1
27323 21 -1 30 1792 6817 9440 -1
1356 1081 -1
20509 3281 -1
10790 14 5694 -1 9 -1 45 369 -1 9 -1 4546 -1 45 -1 672 1493 -1
29146 204 -1 60 5676 -1 1029 -1 254 -1 58 124 145 -1
34368 333 -1 180 391 -1 126 -1 15 919 968 -1 30 -1 58 -1 2904 -1 45 -1
31973 361 -1
4864 9 45 -1 54 60 3427 -1 2516 2525 -1
35267 21 54 254 765 -1 264 -1 626 688 -1 333 -1 9 40 68 -1 21 639 2628 -1 61 62 -1 42 124 166 765 -1 1331 -1
29616 71 -1
11799 9 342 -1
14370 14 433 -1 37 -1 9 -1 8210 -1 45 -1 9 1092 -1 9 45 383 -1
624 9 -1 383 2881 -1 30 42 120 1092 2873 -1 256 -1 481 2882 -1 45 -1
2731 231 626 -1
21863 42 711 -1 4722 -1
2484 333 706 -1 211 -1 9 -1 2773 -1 9 37 45 385 -1 9 127 433 1049 2443 2773 -1 45 -1 21 120 182 2873 4401 -1 365 3920 -1 145 -1 9 2773 -1 9 45 -1 4402 -1 21 -1
1712 50 333 706 2397 -1 2010 -1 115 -1 110 -1 45 -1 9 -1 2420 -1 30 331 1571 3612 3885 -1
4317 333 -1 433 972 1493 2246 2437 -1
27302 40 402 -1
21622 45 -1 3 2433 5302 -1
28765 30 333 885 2361 -1 433 1124 -1 925 -1 32 1493 -1 58 433 1279 -1
34179 19 280 -1
33511 2 13 32 40 126 486 879 2652 -1 21 54 90 520 -1
32215 333 -1 1418 3041 -1 991 -1
9431 120 -1
1226 9 -1 470 -1
35744 37 46 -1 37 191 348 -1 121 -1 32 -1 37 441 -1 30 37 -1
24020 333 433 972 1367 2569 -1 215 -1 2340 -1 9 37 -1
9334 30 297 333 3760 -1 112 -1 30 -1 211 -1 9 215 -1 45 -1 351 -1
16569 9 -1 4607 -1
27839 120 -1 1247 -1 12013 -1 77 7410 -1 7 3522 -1
30971 30 1171 -1 2453 -1
1797 30 172 -1 417 -1 3963 -1
2400 45 -1 9 383 -1 40 -1 182 -1 22 404 2385 -1 40 -1 37 -1
16738 45 -1
14997 333 -1 23 706 -1 9175 -1 3145 -1 145 -1
20393 333 706 -1 49 -1 63 -1 122 361 2650 -1 433 849 5668 -1 30 60 361 -1 10657 -1 40 6280 -1 58 -1 3074 -1 613 -1
6634 9 9 45 383 2271 -1
10875 333 -1 54 112 419 1735 -1 60 2327 3285 3909 -1 9 211 2310 -1 30 45 351 1112 -1 60 7705 -1
18380 9 211 631 5299 -1
7666 9 333 706 -1 173 -1 45 -1 3500 -1
8151 333 333 -1
3766 103 1312 -1 45 -1 12 13 1040 -1 14 -1 45 2376 -1 19 -1 37 45 45 51 2387 -1
20128 9707 -1 9 -1 7342 -1
14277 58 154 333 369 745 3438 -1 180 -1 2883 -1
10589 9 -1 342 -1 40 60 688 2260 -1 11 -1 30 90 -1 1615 -1 42 -1 11 3487 -1
21183 21 333 433 631 859 -1 9 14 138 351 -1 42 -1 1049 -1 30 -1 42 -1 2433 -1
5131 9 -1 9 211 626 2271 -1 173 -1
35477 631 -1 7 19 3162 -1 61 101 1459 -1 300 -1 60 272 -1 2549 -1 30 -1 1823 -1 50 -1 30 60 449 -1 3941 -1
32822 115 -1 7 -1
29260 30 -1 7 9 1032 -1
2775 60 800 1208 3155 -1 481 -1 9 -1
35057 333 -1 859 -1 2 211 -1
6530 22 433 -1 7 6061 -1 102 -1 3 22 37 60 191 470 639 1493 -1 58 344 -1 361 -1 7 19 21 102 -1 102 433 -1 9 37 45 218 470 2462 -1 365 -1 21 1169 -1
27385 333 1076 2246 10850 -1 45 54 11911 -1 9 211 1411 -1 1028 -1 126 1581 -1 211 299 -1
16764 112 126 333 383 789 2643 -1 21 72 638 1789 -1 126 -1 112 -1 21 -1 115 3116 -1
32734 333 -1 76 -1
9318 1869 -1
16481 318 333 -1 14 42 50 60 361 4189 -1
31694 688 12043 -1 145 -1 361 -1 632 -1 745 2791 3032 -1
22976 333 -1 1874 -1 9 1864 -1 9 45 351 839 7650 -1 37 245 -1 45 -1
16603 333 -1 9 2358 2533 -1
12317 7 9 9 45 191 450 -1 383 -1
30575 4451 -1
16488 2484 -1 51 -1 7 113 421 -1
24834 7 19 72 1028 -1 13 5024 -1 115 -1 9 15 839 8929 -1
20098 1176 -1
35027 46 120 -1
36344 333 -1 112 433 706 -1 482 -1 120 -1 30 120 151 -1 433 470 -1 14 -1 37 -1 172 11459 -1
1430 333 -1
27450 333 2292 -1 3 28 4692 -1 30 -1 509 -1 37 971 2246 -1 32 986 -1 3 2246 -1 58 1252 -1 2246 -1 32 126 2246 3159 -1 58 2612 -1 42 3159 -1 2246 5012 -1 547 -1 32 -1 40 50 -1 202 8022 -1 21 30 254 11924 -1 3491 -1 11924 -1 7 3491 -1 13 300 831 -1
1713 333 -1 706 -1 2397 -1
16627 333 -1 7372 -1 745 3280 -1 4584 -1 21 112 558 1459 -1 30 -1 113 145 -1 711 -1 2345 -1
29977 30 12063 -1 2904 -1
5020 71 -1
34323 537 4518 -1
19399 2351 -1 333 1986 2540 -1 49 187 745 2897 -1 1493 -1 1279 -1 30 1493 3094 -1 3395 -1 42 -1 333 711 -1 419 -1 21 745 6652 -1 748 -1 954 -1 145 -1 380 -1 30 10249 -1 748 -1 417 -1 7 -1 906 -1 49 333 1157 -1 745 4464 -1 765 -1 1097 -1 30 -1 115 9775 -1
2820 49 235 254 289 3135 -1 120 -1 374 433 -1
6584 333 419 745 2440 -1 9 831 925 -1 45 1040 4683 6069 -1 127 1057 -1 423 547 -1 745 2440 -1 21 22 57 -1 40 -1 759 -1 9 37 -1
3809 383 -1
17638 639 976 2305 -1 37 547 -1 1763 -1 30 50 -1 7 14 202 -1
4566 2271 -1 323 -1 45 -1 9 4152 -1 45 -1 172 177 2422 -1
14672 7 172 1182 -1 2739 -1 110 -1 45 -1 2977 -1
30583 333 388 -1 22 45 547 -1 1642 -1 60 -1 2720 -1
28212 9 37 -1 45 631 -1 1222 -1
111 218 -1 627 -1 13 148 958 1028 1249 -1 3 30 121 172 212 300 1247 -1
15497 107 4599 -1 14 2170 -1 30 -1 336 -1 21 -1 112 -1 107 -1 58 -1 14 1555 2461 -1 765 -1
18691 254 -1 11 40 -1
33592 9 61 380 2608 -1 9 45 -1 30 61 544 -1 7 509 -1 1438 -1 9 -1 906 -1 45 -1
18724 112 333 1157 4702 -1 30 172 172 396 -1 2579 -1 145 -1 5189 -1 333 706 -1
18976 3084 -1 267 3604 -1
14486 54 -1 9 122 254 383 6154 -1 120 -1 369 -1 30 -1 1144 -1 300 -1 9 -1 382 -1 9 45 -1
5455 333 -1 706 -1 9 45 4180 -1 3164 -1 30 -1 9 -1 45 2858 3341 4180 -1 42 -1 9 5659 -1 45 -1 5660 -1
25826 7 9 476 2678 -1 62 -1 9 54 1038 -1
7568 333 706 6566 -1
23090 37 -1 9 -1 8456 -1 126 162 1131 -1
16674 150 -1
33343 30 677 4888 -1 2492 -1
32960 7 509 12064 -1
32684 925 1891 -1 7 71 1459 -1 13 -1
20610 2911 -1 1493 -1 46 -1 63 1493 2327 -1 30 -1 267 -1
12604 22 112 -1 225 -1
20868 296 433 639 7356 -1
30439 1367 -1
28614 53 -1 124 -1 30 -1 110 1144 -1 45 -1
5452 639 1015 -1 711 -1
32026 105 254 -1 145 304 361 -1 638 6700 -1
18545 557 -1 983 -1
22247 333 -1 639 -1 9 10784 -1 837 -1
7961 58 369 1606 -1 748 3463 -1 14 -1 122 638 4528 -1 30 32 61 102 105 227 639 -1
25220 156 -1 40 50 8365 -1 21 103 112 127 206 2140 3094 -1
13762 30 -1 9 54 -1 7821 -1 45 -1
249 9 45 1183 -1 9 -1 653 -1 162 333 -1 2104 -1 45 -1 30 1183 2159 -1 9 37 2106 -1 9 1707 -1 40 58 1939 -1 162 -1 754 1209 -1 57 1211 -1 2160 -1 40 199 -1 71 101 -1 126 -1 2161 -1
9030 333 -1 332 333 706 961 -1 9 145 150 1028 -1 9 -1 7 383 -1 333 706 6363 -1 9 145 173 688 -1 45 351 -1 195 -1 9 304 -1 369 383 -1 45 -1 351 639 -1 149 -1
14413 333 -1 112 706 -1 361 527 -1 37 -1 9 45 358 2549 -1 9 1057 -1 619 -1 254 481 -1 264 -1 11 542 -1 37 351 369 479 2431 -1
25217 9 1076 2652 -1
30765 2 197 423 -1 7 267 433 1124 -1
20255 9 -1 6035 -1
14677 2720 8135 -1
8997 45 311 -1 211 -1 9 9 45 2740 4914 -1 45 -1 3697 -1
26200 60 434 -1
18487 3007 -1
6391 21 -1
20689 42 7802 -1
25572 333 -1 419 -1 61 639 -1 62 1493 -1 992 -1 470 -1 37 1021 -1 9 -1 45 1147 1493 -1 30 351 1028 -1 61 639 -1 58 983 -1 124 -1
20688 333 -1 40 60 434 3125 3452 9889 10725 -1
12500 50 54 77 -1 51 58 -1 2170 -1 115 -1 51 53 117 -1
13111 9 -1 45 4914 -1 30 3508 -1 45 110 -1 9 -1
15992 110 -1 45 -1 2316 -1 30 -1
19171 9 2398 -1
29999 333 706 -1 13 -1 2010 -1 7 -1 1124 -1 37 166 -1 21 1331 -1 110 254 1144 -1 300 -1 60 -1 2864 -1
25363 333 -1 40 1187 -1 2728 -1 2727 -1 30 -1 211 -1
30289 30 60 213 1158 2451 12470 -1 1942 -1
28086 30 -1 2397 -1 9 -1 45 387 3081 -1 2302 -1 3065 3209 -1 299 -1
27737 9 2431 -1 5662 -1
20429 333 333 -1 60 90 318 -1 173 232 1190 3059 -1 30 -1 72 2505 -1 1191 -1 162 -1 21 -1 9 -1 1331 -1 45 -1 120 -1 14 1191 -1 14 30 58 72 120 2413 -1 2612 -1 11 21 30 42 254 305 -1 3 103 639 9005 -1 113 -1
19571 257 -1 7 -1 9 -1 1503 -1 120 1963 -1 21 -1
19691 6071 -1 433 -1 1364 -1 2371 -1
6440 291 361 -1 45 110 -1 404 -1 30 45 110 2518 -1
12508 1455 4722 -1 9 325 781 800 1673 -1
5836 173 -1 45 -1 3500 -1 3103 -1 296 328 -1 9 -1 23 145 383 688 -1 61 162 404 1069 -1 57 101 -1
14578 333 706 -1 9 4097 -1 3810 -1 124 -1 30 -1 112 -1
14967 7 9 13 450 -1 45 4026 -1
30206 333 388 -1 12043 -1 21 30 112 235 -1 42 -1
20850 333 -1 972 -1 40 -1 9 -1 3463 -1 45 -1 9 120 122 383 3503 -1 1028 -1 30 254 -1 23 120 258 3228 -1 1131 -1
14760 30 -1 37 172 254 686 -1 211 3178 -1 9 -1 45 1279 -1 9 778 -1 45 -1 9 21 77 1112 2628 -1 37 -1
2736 120 405 -1
25540 333 -1 9 706 5328 -1 73 433 -1 9 21 57 383 639 -1 4579 -1 351 423 -1 109 433 1493 -1 14 -1
20479 3 -1 639 -1
16991 333 -1 76 -1 120 211 2166 -1 235 -1 626 -1 638 -1 30 -1 639 -1 58 364 -1 831 -1 925 -1 120 -1 3396 -1 127 -1 638 -1
13032 45 -1 9 30 2740 6475 -1 45 -1 9 -1 1092 -1 45 124 -1 21 -1 3659 -1 3076 3924 -1 9 45 1092 -1 45 333 8451 -1 30 706 8452 -1 9 -1 45 215 8453 -1 30 -1 30 1553 -1 180 8454 -1 9 264 -1 37 1352 3164 -1
6230 0 256 333 1049 -1 22 5946 -1 748 2009 -1 1342 -1 9 30 -1 2369 -1 30 -1 9 -1 30 4256 -1 9 -1 1131 2602 -1 9 30 3228 -1 110 -1 2039 -1 9 383 830 -1 404 -1 369 -1 149 711 -1 110 -1
5846 2887 -1 9 45 173 -1 45 -1
1965 333 -1
10041 333 -1 112 706 -1 9 149 -1 45 749 7385 -1 145 -1 358 -1 7 -1 30 2914 -1 7 9 342 688 -1 2396 -1 9 -1 45 749 -1 7385 -1 9 -1 45 1986 3760 -1 748 -1 341 -1 22 404 1735 -1 836 -1 9 23 30 383 -1
5068 254 2858 -1
17404 76 333 748 5696 -1 8038 -1 3186 -1 37 638 -1 30 -1 404 1131 -1
26106 2592 -1 9 37 -1
799 558 -1 73 124 -1
27020 21 45 3237 -1 9 -1 2785 -1 365 -1 145 -1
1765 1373 -1
9043 333 333 -1 706 -1 3760 -1 305 -1 676 1144 -1 7 6495 -1 30 -1 50 -1 1144 -1 42 45 60 361 5009 -1 215 -1
22968 1445 -1 7607 -1 30 -1 9 -1 4599 -1 112 126 145 839 5147 10879 -1 9 30 1154 -1 9 -1 3098 -1 45 775 -1 40 115 1565 -1
25077 30 -1
13744 45 -1 9 383 -1 30 54 -1 9 45 154 369 8883 -1 30 -1 264 -1 225 -1 1070 -1 54 -1
1465 30 120 426 518 2549 -1 77 211 3048 -1 21 1144 -1 110 -1 45 -1
17740 433 3280 -1 30 120 120 258 3145 -1 654 -1
391 333 -1 745 2396 -1 2484 -1 977 -1 638 -1 110 -1
10110 45 1092 5163 -1 32 -1 9 45 2614 -1 369 -1
14694 30 -1 225 254 -1 283 -1 30 54 1430 8683 -1 30 30 54 54 54 805 1452 2145 -1 30 54 3979 -1 7481 -1 30 -1 45 54 211 1312 2418 -1 874 -1 333 9036 -1 305 -1 54 -1 9 45 539 3444 -1
28528 58 426 537 1356 4191 -1 63 -1
19895 30 426 -1 40 90 -1 60 -1 3835 -1 7 361 -1
21690 639 -1
24624 124 3391 -1
807 42 3132 -1 30 349 479 -1
3308 210 -1 688 745 2484 -1 73 639 -1 711 -1
18152 333 706 1236 -1 58 -1 14 -1 71 -1 172 177 -1 60 6094 -1
29126 81 1950 -1 1707 -1 9 191 -1 32 40 423 4692 -1 112 -1 3 294 -1 1952 -1 30 532 1615 12047 -1 9 21 77 191 925 -1 4692 -1 37 -1
28837 333 -1 120 388 423 -1 10812 -1 13 112 264 1342 -1 6206 -1 296 -1 495 -1 280 -1 554 -1 40 -1 105 5343 -1
12121 556 -1 201 -1 45 60 639 685 711 1015 2856 -1
11784 706 2953 7913 -1 30 -1 300 2010 -1
8464 254 -1 60 1342 -1 6952 -1 90 -1 37 -1 9 3119 -1 45 -1
34844 9 45 154 333 470 632 1485 -1 558 633 969 -1 14 -1 5073 -1 37 547 -1 30 -1 37 2246 -1 361 -1 450 -1 7 9 -1 45 1167 -1 154 -1 369 -1 30 -1 9 -1 632 -1 633 -1 969 -1
23108 127 172 294 423 745 1728 -1 509 2440 -1
10739 289 7642 -1 9 -1 7643 -1 2529 7644 -1 9 9 22 45 45 77 396 7639 -1
5049 9 -1
32282 30 112 -1 3 -1 22 124 2567 3146 -1 9 45 626 -1 45 1639 -1 9 5239 -1 4441 -1 45 957 -1 3 4 2246 -1 556 -1 9 -1
36093 112 706 -1
8409 333 706 -1 112 -1 115 1144 -1 30 37 37 2866 6333 -1 1445 -1
29072 1694 -1 9 -1 230 1432 -1 9 617 9799 -1 6327 -1 9 30 -1 40 1432 -1
4132 333 -1 9 495 914 -1 9 21 45 173 351 -1 558 -1 172 509 -1 4031 -1
24796 14 103 -1
27758 351 -1
15504 638 1874 2322 -1 1493 -1 105 369 2146 -1 305 -1 30 638 3101 -1 450 -1 7 9 -1 4483 -1
3735 433 986 -1
1321 23 289 369 556 614 -1
8758 45 396 7037 -1
24262 333 -1 2260 -1 23 130 -1
24239 11414 -1 71 -1 9 6113 -1 9 37 -1 9 45 1726 -1 423 2549 -1 172 2413 -1 77 110 298 300 -1 172 -1 167 -1
28034 13 14 21 50 59 -1
14185 1323 2676 -1
7399 9 -1 7 81 -1 6375 -1 30 -1
18202 333 2260 -1 257 -1 120 -1 1028 -1 9 145 305 329 1557 -1
22505 4599 -1 45 -1 30 775 -1 9 122 211 839 5170 -1 1232 3125 -1 30 -1 9 122 211 2903 -1 45 -1
3376 9 -1
1028 7 1124 -1 21 -1
34049 333 -1 297 -1 61 639 -1 267 -1 145 -1 547 -1 423 -1 639 -1
8570 9 483 -1
2178 30 -1 254 961 -1 120 470 -1 4234 -1
12099 374 8030 -1
9907 333 358 706 -1 145 361 688 -1
71 638 -1
10000 333 -1 333 -1 706 -1 42 264 7207 7413 -1 9 -1
28316 254 -1
32846 333 -1 328 1186 -1 9 -1 1058 -1 3 21 22 30 101 668 734 12939 -1 103 112 272 421 2193 -1 302 350 -1 21 112 2437 -1 186 -1
29058 333 -1 254 258 706 1144 -1 185 -1 9 15 -1 1503 1950 -1 30 -1 9 211 -1 3036 -1 145 361 8937 -1 30 -1
24109 9 54 267 433 6678 -1 145 -1 9 127 1367 -1 3475 -1
33335 58 -1
20787 9 76 333 632 2351 2397 -1 9 -1 383 -1 45 -1 4439 -1 617 -1 30 127 685 775 925 -1 127 -1 9 1445 -1 9 30 3143 -1 9 3605 -1 45 387 3143 -1 852 -1 9 30 387 3143 -1 45 880 -1 0 333 2602 -1 30 90 -1 9 -1 45 90 -1 483 -1 9 3005 -1 9 30 1169 -1
10072 254 972 -1 961 -1 9 -1 470 -1 21 45 -1 993 -1
602 333 706 -1 61 639 -1 1610 -1 21 124 -1 711 1610 -1 30 -1 2681 -1 361 -1 21 -1
30017 46 49 76 333 2246 -1 22 124 -1 46 280 547 1543 -1 3 -1 2246 -1
5823 333 -1 58 61 145 391 1416 -1 154 1728 2660 -1
21222 333 -1
14817 264 -1 103 182 4224 -1 2569 -1
19387 292 1367 -1 37 -1
14172 750 2903 -1 45 3508 -1
35801 333 -1 706 -1 49 -1 101 -1 21 73 254 591 671 -1 614 -1 101 -1
16288 333 -1 6867 -1 13 14 -1 361 568 -1 7 -1 14 37 -1 254 3473 5316 -1
15781 333 -1
26511 9 54 -1 897 -1 45 -1 5562 -1
30970 2476 -1
104 0 -1 1051 -1 45 -1 9 634 -1 300 -1 9 313 1005 -1 9 234 287 297 -1
23252 145 296 547 -1 58 433 2292 -1 0 45 113 400 -1 9 -1 383 -1 333 972 -1 639 2397 -1 61 365 639 -1 314 3464 -1 30 547 -1 639 -1
13817 375 -1 1144 -1 7 9 115 1080 -1 626 2677 4792 -1 9 383 -1 22 -1
6374 333 -1 30 197 211 591 4969 -1 1279 -1 22 -1 639 711 1628 -1 13 21 558 -1 30 42 42 331 711 1459 -1 404 -1 173 -1 711 765 -1 54 78 423 745 -1 2523 -1 21 -1 22 -1 40 -1 11 30 -1 37 759 -1 9 -1 45 2419 -1 9 383 -1
9798 77 254 -1
26956 688 -1 145 -1 638 -1 145 2674 5503 -1
29938 2351 -1 13 333 706 -1 7 21 1124 2010 -1 9 71 -1
24438 638 -1
22533 21 -1 1493 1934 -1 40 -1 37 58 -1 9 304 632 711 -1 2604 -1
12119 254 333 333 706 2656 -1 7 -1 9 90 -1 30 45 254 369 -1 120 211 -1 3603 -1 30 2010 -1 30 -1 598 -1
4953 5468 -1 45 -1 1738 -1 2660 -1 9 -1
18253 903 -1 254 423 -1
19010 145 404 -1 3396 -1 2606 -1
1193 9 9 30 885 2831 -1 13 45 -1 3470 -1
17984 333 -1 76 -1
25156 30 404 5170 -1 42 -1 120 7175 -1 254 433 -1
11535 333 333 -1 7 13 706 2010 -1 1124 -1
22482 45 305 685 -1
4076 1331 1571 -1
12583 333 706 8129 -1 42 2447 -1 120 -1 177 -1 30 -1 77 -1 42 527 -1 120 177 -1 9 37 -1 2549 -1 45 -1
20413 21 986 2643 -1
36056 9 30 -1 9 45 1170 2422 -1 235 -1 71 -1
19679 333 -1 2260 -1 21 10466 -1 120 385 -1 433 -1
18741 333 -1 3107 -1 21 91 215 -1 9 383 651 -1 30 54 120 4564 -1 7 54 120 782 6193 -1 9 45 173 -1 9 76 215 254 333 6175 10274 -1 2413 -1 9 30 9578 -1
24142 254 -1 2529 -1 305 -1 211 -1 9 -1 323 -1 45 1445 -1 37 -1 5842 -1
6910 145 383 404 531 688 2396 -1 1331 5193 -1
473 9 333 706 -1 2406 -1 77 -1 9 182 -1 885 -1 2587 -1 1331 -1
9386 342 1874 -1
15537 122 -1
7753 333 706 -1 42 1144 1445 -1 120 3501 -1 30 2141 -1 9 112 2529 -1 21 2785 3727 -1
35387 30 312 -1
7199 9 -1 4914 -1
18449 14 61 -1 42 -1 37 361 -1 639 1789 -1
33166 40 254 333 388 -1 60 -1 22 40 960 -1 30 63 10161 -1 40 4279 -1 21 -1 9 9 30 37 37 45 58 417 897 -1 9 -1 1900 -1
23940 9 37 -1 10701 -1 9 45 4546 -1 21 -1 9440 -1 9 -1 2622 -1
7503 481 -1 60 77 254 -1 45 90 -1 201 254 264 483 -1
34455 9 45 4489 -1
9680 706 -1
9503 2674 -1 9 59 110 -1
16230 73 369 -1
4792 333 -1 0 383 -1 114 -1 115 120 2521 -1 182 -1 711 -1
35226 333 -1 21 859 -1 254 -1
29110 19 1247 -1 1418 1493 -1
5227 333 -1 706 -1 112 -1 2435 -1 426 -1 90 -1 120 5072 -1 30 -1 37 124 831 1738 -1 30 -1 2713 -1 3692 4722 -1 9 30 37 598 -1 45 2527 -1 9 -1 45 4727 -1 9 -1 42 2271 -1 531 -1
6493 333 -1 7 4726 -1 9 45 6046 -1 9 231 -1 22 112 -1 433 761 -1 711 -1 7 9 30 450 -1 22 1222 -1
8123 45 6766 -1
11821 325 -1
8236 1279 -1 267 -1 7 1124 -1
32672 145 -1 40 547 -1
35188 333 -1 388 -1 254 -1 40 58 184 1046 -1 237 -1 127 -1
32755 333 419 -1 5959 -1 9 191 2405 -1 45 369 -1 30 -1
34920 1564 -1 30 233 2552 13548 -1 30 2121 -1 2896 -1
26105 333 2652 -1 105 -1 182 2010 -1 9 342 8253 -1
5079 9 173 -1 45 -1 351 -1
23329 333 972 -1 2343 -1 58 -1 7 7 117 537 537 760 2246 -1 117 6058 -1 7 7 117 537 11285 -1 537 -1 11286 -1 117 -1 7 -1
23597 333 333 -1 706 -1 112 -1 7 37 1144 -1 9 -1 300 342 -1 9 -1 9 32 112 115 2713 3485 4794 -1 37 -1 9 -1
2614 333 -1 706 -1 531 -1 258 3228 -1 120 -1 1131 -1 1557 -1 9 1503 -1 9 30 -1
5303 333 -1 706 -1 40 125 614 3874 -1 9 37 -1 385 -1 22 -1 112 -1 433 -1 509 -1 145 -1 9 -1 383 433 -1 14 -1 21 40 63 426 748 2633 -1
16081 77 285 333 639 -1 493 -1 32 -1 23 254 -1 613 638 5027 -1
18922 2525 -1
28036 19 5550 -1 45 2498 -1
28447 2241 -1 638 -1
32330 30 -1
5802 9 4641 -1 9 45 -1 215 -1 45 483 -1 22 126 543 -1 154 -1 30 50 3394 5767 -1
21380 54 -1 15 2358 -1 2358 -1 13 433 1124 -1 15 1557 -1
4411 13 -1 14 433 -1 60 5311 -1 145 -1
29006 333 -1 364 658 12030 -1 37 -1 9 -1 2945 -1 30 -1 9283 -1 9 -1 2270 -1 45 -1 909 -1 54 -1
8458 706 -1 254 688 -1 120 145 -1 2720 -1 30 2630 -1 7 671 699 983 1033 -1 45 63 197 -1 781 -1 7 211 3301 -1 930 -1 19 37 37 6495 -1
13280 9 346 -1 30 -1 254 688 -1 126 5931 -1 101 -1 30 358 404 800 1950 -1
24725 5446 -1 283 -1 127 -1 30 638 -1 115 577 -1 37 120 5209 -1 120 417 -1 30 -1 9 988 5216 -1 45 -1 120 3007 -1
34109 76 101 126 333 -1 58 -1 71 -1 72 -1 22 -1 2611 -1 9 45 191 -1
23119 30 -1 112 -1 433 -1 124 3259 -1 37 1555 10981 -1 50 -1 14 -1 103 -1 993 -1 7 -1 3259 -1
26188 333 1805 -1 9 54 77 342 361 1587 2985 -1 30 -1 21 344 -1 112 -1
30115 7 25 32 -1 37 -1 21 11523 -1 2986 -1 112 -1 1236 -1 58 -1 482 -1 30 58 112 1236 1644 -1
3317 333 -1 254 688 706 -1
2659 122 671 -1
436 254 333 706 961 -1 120 470 -1 2594 -1 296 -1 68 -1 84 433 -1 678 -1 671 2146 -1 154 -1 1109 -1 30 2595 -1
3813 13 986 -1 42 -1 9 -1 852 -1 21 -1 9 37 40 -1 3879 -1 45 -1 4884 -1 71 639 -1 296 344 -1 4273 -1 30 -1 120 396 -1 433 986 -1
11342 45 805 1144 -1 7 -1 63 7234 -1
16862 0 333 2298 -1 14 300 433 1306 -1 6238 -1
31294 3947 -1 21 245 -1 45 72 -1 120 10812 -1
2994 14 -1
27105 54 -1 9 45 351 4696 -1 235 1112 -1 37 -1 711 -1
23808 54 -1
14963 333 -1 9 21 23 369 706 -1 1319 -1 120 470 -1 7 2555 -1
27595 333 -1 972 -1 13 40 -1 7 267 -1 1124 -1 21 71 -1 30 254 3449 -1 112 -1 58 91 591 -1 112 162 -1
30072 1157 -1 639 -1
22763 127 172 999 -1
12611 30 -1 112 5635 -1 30 2545 7896 -1 37 -1 9 -1 839 2903 -1
5999 1459 -1
7098 9 30 211 254 -1
5692 1109 2698 -1
34110 9 2419 -1 45 -1 102 369 -1 37 101 -1 969 -1
18413 3 -1 9 45 748 8187 9972 -1 4860 -1
5567 21 30 361 433 2608 -1 2288 -1 9 45 2549 -1
7057 9 -1
14462 9 297 333 -1 45 1150 -1 9 -1 45 5997 -1 8100 -1 125 -1 30 -1
26373 115 -1 37 -1 120 326 -1 60 -1 11743 -1 45 -1 11744 -1 9 37 -1 384 -1 45 -1
20678 333 -1 3452 -1 71 126 4144 -1 60 2518 -1 22 45 1459 2513 -1 9 115 127 2269 -1 63 426 656 -1 5111 -1 30 3377 -1 50 -1 40 58 63 -1 1057 2852 -1
23002 333 706 -1 639 -1 7 9 14 45 61 124 211 300 1123 1835 5932 -1 45 481 885 -1
22825 9 957 1057 5328 -1 348 -1 112 -1 117 172 -1
19734 333 -1 0 -1 1092 -1 9 45 -1 14 433 2298 -1 4484 -1
36208 566 2387 13878 -1 45 2143 -1 45 -1 30 1571 1642 2422 8180 -1
22804 333 2894 -1 37 50 103 3801 -1 3564 -1 40 -1
9506 81 -1
28065 333 -1
14664 9 3036 -1 21 40 -1
168 13 40 76 -1 1680 -1 2 21 -1
16799 124 -1
8445 333 333 -1 13 706 2010 -1
7 195 -1 13 21 40 196 -1 197 -1 2 -1 22 101 -1 45 45 102 126 -1
7878 333 383 -1 423 -1 745 -1 4121 -1 45 110 -1 423 2943 -1 745 -1 9 9 45 45 110 885 2404 3386 3448 6723 -1
16697 361 -1
14366 45 -1 9 30 1445 -1
5647 333 -1
7765 333 706 -1 9 -1 90 300 1144 -1 9 9 45 385 -1 30 3015 -1 381 -1 30 60 2549 -1
32000 660 1144 -1 30 258 2641 -1 60 300 -1 10620 -1 12047 -1 21 30 930 -1 112 2073 -1
140 1483 1484 -1
22737 333 -1 195 -1 304 -1 9 383 -1 45 4439 -1 9 -1 45 369 -1 351 -1 537 3118 11210 -1 30 -1 537 -1 5192 -1 30 -1 639 -1 61 1123 -1
27651 338 -1
33360 3057 -1 9 -1 421 2408 -1 113 -1 7 361 -1 13 21 2408 -1 1464 -1 2484 -1 745 -1 225 638 -1 1230 -1
31415 1805 -1 688 -1 112 -1 7 361 -1 14 58 175 391 -1 45 8983 -1 101 -1 3 -1 63 -1
30889 45 76 333 -1
7598 333 1138 -1 235 -1 9 -1
5061 1149 -1
21735 9 885 -1
34993 2 54 -1 9 12243 -1 21 112 3102 -1
15688 91 112 145 -1 166 -1
15644 9 -1 9442 -1
17695 369 1874 -1 30 58 127 2896 3094 -1
15511 289 -1 2343 -1 7 145 547 -1 7 57 105 211 256 520 -1 5567 -1 122 -1 154 -1
25764 15 -1 9 -1 81 -1 45 -1
20958 328 333 -1 1493 -1 23 1131 -1 9 1112 -1 5932 -1 45 -1 9 5209 -1 30 -1 184 4593 -1 2237 -1 364 -1 45 124 775 2035 -1
1527 396 -1 45 -1 180 2311 -1 40 3386 -1 30 -1 126 172 197 3723 -1
11728 706 -1
27911 7476 -1 60 4791 -1
35240 910 -1
35081 333 -1 388 -1 204 404 704 -1
11149 333 706 -1 254 -1 3692 6940 -1 4735 -1 30 4510 -1
27307 30 50 126 -1 21 -1
22897 333 388 -1
16028 328 333 -1 9 2354 -1 4093 -1 9 30 127 1503 -1
33894 333 -1 21 73 2292 -1 235 1058 2246 -1 145 925 3559 -1 197 -1
33672 639 -1
638 30 -1 9 30 2862 -1 9 -1
30390 124 10487 -1
7610 112 195 333 333 -1 7 257 -1 9 173 -1 45 4273 -1 9 -1 2169 2914 -1 7 42 1367 5322 -1 14 -1 60 2549 -1 45 5860 -1 54 -1 9 -1 30 5863 -1 5804 -1 42 -1 1367 5322 -1 333 706 -1 42 6477 -1 30 1367 5322 6624 -1 42 1367 -1
14105 333 556 706 -1 92 2246 -1 7 -1 9 5668 -1 45 2212 -1 9 383 -1 37 -1 9 -1 1131 -1 45 -1 9 396 -1
26130 9 686 -1 259 -1 62 117 -1 1021 -1 7 9 -1 342 -1 9 -1 839 3867 -1
24668 333 509 745 1805 2440 -1 258 404 3583 -1
7551 68 -1 9 9 45 45 77 173 921 -1
35682 333 -1 21 304 2260 -1 639 -1 73 361 -1 30 58 4624 -1 120 -1 3395 -1
34185 54 -1 3 626 639 688 -1 21 2246 -1
