20
1 8 -1 5 9 -1 9 -1 3 -1 9 -1 9 -1 8 -1 6 -1 8 9 -1 9 -1 0 4 8 9 -1 6 -1 7 -1
2 1 -1 0 5 9 -1 3 -1
3 8 -1 0 1 7 -1 6 9 -1 4 5 9 -1 8 -1 1 -1 2 -1 5 9 -1 2 7 9 -1 5 -1 5 8 -1
4 1 -1 6 9 -1 2 -1 1 6 -1 3 7 9 -1 0 -1 4 -1 6 -1 7 8 9 -1 3 -1 4 8 -1 4 6 -1
5 1 6 -1 8 -1 4 -1
6 8 9 -1 9 -1 2 6 -1 8 9 -1 7 9 -1 4 -1 1 8 9 -1 7 9 -1 3 -1 2 -1 7 -1
7 5 7 8 9 -1 7 9 -1 9 -1 6 -1 2 5 6 8 9 -1 8 -1
8 0 -1 4 -1 6 7 -1 3 8 9 -1 2 -1 0 1 -1 5 -1
9 9 -1 2 3 7 8 9 -1 2 -1 7 9 -1 3 4 8 -1 3 -1 6 -1 5 -1 2 -1
10 2 -1 0 -1 7 9 -1 2 -1 3 4 -1 3 8 9 -1 2 -1 0 -1 2 8 -1
11 8 -1 7 8 -1 2 6 7 9 -1 2 4 -1 5 8 -1 2 3 9 -1
12 4 -1 4 -1 5 6 9 -1 6 7 -1 1 -1 3 -1 1 -1 3 -1 7 -1
13 2 -1 2 -1 0 2 -1 0 -1
14 2 -1 8 9 -1 2 7 9 -1 2 7 -1 1 -1
15 6 -1 4 6 -1 3 7 -1 0 5 7 -1 9 -1 3 -1 5 7 -1
16 6 7 9 -1 0 -1 5 8 -1 1 5 -1
17 7 9 -1 7 -1 2 -1 0 -1 0 2 -1 1 -1 7 -1 8 -1
18 2 -1 7 -1 5 -1 2 -1 0 -1 5 -1 9 -1 2 -1 4 -1 9 -1 4 7 8 9 -1 4 -1
19 4 6 -1 5 -1 4 6 8 -1
20 0 -1 2 3 9 -1 2 -1 5 6 -1 2 -1 0 -1 8 -1 5 -1 7 -1 7 -1 3 -1 6 7 9 -1 3 -1
