[[6]]
10
[[6], [8]]
8
[[6], [9]]
7
[[8]]
10
[[8], [6]]
6
[[8], [9]]
6
[[8], [9], [8]]
6
[[8], [2]]
7
[[8], [2], [8]]
6
[[8], [5]]
6
[[8], [8]]
8
[[8, 9]]
7
[[8, 9], [8]]
6
[[9]]
11
[[9], [6]]
6
[[9], [9]]
8
[[9], [9], [8]]
7
[[9], [9], [9]]
6
[[9], [9], [9], [8]]
6
[[9], [2]]
8
[[9], [2], [8]]
7
[[9], [2], [9]]
6
[[9], [3]]
7
[[9], [8]]
8
[[9], [8], [8]]
7
[[9], [8, 9]]
6
[[9], [8, 9], [8]]
6
[[5]]
8
[[0]]
6
[[1]]
7
[[4]]
10
[[4], [3]]
6
[[4], [9]]
7
[[7]]
10
[[7], [8]]
8
[[7], [9]]
8
[[7], [9], [8]]
6
[[7, 9]]
7
[[7, 9], [8]]
7
[[7, 9], [9]]
6
[[2]]
8
[[2], [8]]
7
[[2], [9]]
6
[[3]]
8
