3179
30438 0 -1 1 16 -1 0 -1
15488 6 8 -1 12 -1 6 -1 12 -1
23206 0 0 13 -1
25553 5 -1
17323 0 11 -1
6193 5 -1
20795 0 0 1 10 -1 0 10 -1 16 -1
30495 0 5 -1
3215 0 2 -1 2 -1
15143 0 -1
5337 5 -1
29204 1 -1 1 13 -1 1 11 13 -1
9370 0 -1 0 6 -1 6 -1 0 -1 5 10 14 14 -1 5 -1 10 14 14 -1 1 9 -1 3 9 14 -1 5 -1 1 -1 14 -1
24586 1 9 -1
14171 0 13 -1 1 3 -1
30821 5 6 9 14 -1 5 6 -1 5 6 -1 5 14 -1 4 14 -1
13893 5 -1 0 -1
20788 1 -1
6637 0 -1
13412 0 11 -1 0 0 10 -1 11 -1 0 0 2 11 -1 0 -1 11 -1 0 -1
8719 0 -1
23775 0 3 -1 0 0 5 -1
25583 13 -1 1 3 3 10 -1
24836 0 4 -1
7060 0 -1 5 -1
21608 3 -1
3936 0 -1
24543 0 9 10 -1 0 0 0 2 11 -1
21951 0 9 -1
11411 0 3 13 -1
282 3 -1 1 3 -1
6171 3 6 -1
7502 5 8 -1 12 -1 8 12 -1
15203 5 6 -1 5 -1
26339 0 1 -1
19354 0 3 -1
54 3 14 -1
29051 1 -1
23336 0 2 -1
15663 5 -1 1 4 4 7 -1 0 14 -1 1 -1 5 -1 2 11 13 -1 15 -1
30112 1 11 -1
6490 2 5 14 -1 9 -1
3906 11 -1 8 -1 11 -1
25349 0 8 -1 0 8 13 -1
22344 6 -1
8276 0 -1 1 -1 9 -1 1 1 2 3 3 11 -1 3 6 -1 0 -1 3 -1
8753 10 -1
14269 8 -1
21922 0 1 -1
597 0 -1 13 -1 0 -1 0 0 0 0 13 13 13 13 13 -1 0 0 13 -1
20911 0 -1 13 -1 0 0 1 -1
23007 0 1 16 -1 0 1 13 -1
1650 3 3 6 -1
19587 8 -1 5 8 12 -1
30560 0 2 -1
8611 4 13 -1
17009 0 4 -1
11120 14 -1
25839 8 12 -1 12 -1
7692 11 -1
17226 2 4 9 -1
7158 0 1 -1
31282 3 8 8 -1
23494 11 -1
30923 3 13 -1 13 -1 0 -1 11 -1 0 -1
19824 6 -1
22363 3 10 11 -1 14 -1 9 -1
5784 0 -1 11 -1
22334 10 -1 0 8 -1
22227 6 -1 0 -1 3 -1
2972 2 13 -1
11115 1 -1 3 6 -1 1 -1 1 3 6 13 -1 3 6 -1
30775 1 -1 11 -1 13 -1 0 1 -1 1 13 16 -1
30918 0 1 6 8 8 8 -1 6 8 -1 3 6 8 8 -1 1 -1
7952 0 2 -1 11 -1 0 -1
9786 0 -1 13 -1 0 -1 13 -1 0 -1 1 -1
21527 5 15 -1
27342 0 11 -1
8267 13 -1
31254 3 6 -1
11611 0 -1
28148 0 3 11 -1 0 1 11 13 14 -1 1 3 6 -1 1 3 -1 13 -1 3 6 -1 3 6 9 -1 1 7 -1 2 4 5 11 14 -1 10 13 -1
25848 12 13 13 -1
9052 5 5 14 -1 6 -1 5 -1 5 14 -1
8854 10 -1 0 1 2 3 6 13 -1
20506 0 1 -1
7783 2 6 7 -1
13481 14 -1 1 5 -1
26660 8 -1
19219 0 1 1 -1
7227 0 8 -1
30298 1 14 -1 1 1 3 14 14 -1 1 1 14 -1
24572 6 12 -1 3 6 -1 3 6 -1
31031 1 -1 3 6 -1 0 3 -1 1 -1
16461 4 5 6 14 -1 14 -1
10116 0 1 -1 0 10 -1 0 0 2 -1 2 -1 0 0 0 0 1 1 9 -1
3389 0 0 2 -1
10428 0 -1 0 2 3 11 -1
28333 1 9 -1 5 6 9 11 -1 4 -1
3056 0 1 -1 0 2 -1
15 9 -1 10 -1 0 0 1 4 -1 5 -1 0 -1
14104 6 8 -1
7217 5 11 -1
12144 1 -1 7 7 11 11 -1 11 -1
10144 0 -1 0 13 -1
25902 11 -1
20029 0 -1 2 -1 2 4 7 -1
26055 5 -1
6858 13 -1
22247 0 2 -1
140 0 10 -1 0 -1 11 -1 0 -1 0 1 -1 0 1 -1 13 -1
16879 9 10 -1 9 -1 0 4 11 13 -1
16985 3 6 6 -1 1 3 -1
19023 0 -1
10619 0 1 -1 3 -1
29551 0 11 -1
20597 1 -1 2 -1
30482 0 0 6 -1 0 6 -1
1385 5 14 -1
8782 0 5 6 11 -1 0 -1 13 -1
14576 6 -1
25607 0 -1 13 -1
5837 0 -1 1 -1
28855 0 -1 1 -1 0 10 -1 0 3 9 -1 0 1 -1 1 -1
17314 5 -1
28057 5 8 -1 0 -1 6 -1 0 -1
23184 0 9 -1 0 -1 0 3 -1 3 13 -1 0 -1 13 -1 0 -1
30746 0 3 -1 0 3 6 -1 0 -1 2 -1 0 -1
8846 3 -1
24661 0 1 1 5 -1
22805 0 0 13 -1
6011 0 -1 0 1 6 -1 0 -1 6 -1 0 6 -1 0 -1 0 6 11 -1
2697 0 1 -1 0 -1
24389 5 -1 9 14 -1
12644 11 -1 8 -1
20487 1 4 -1 2 11 -1 0 -1
8098 8 -1 3 -1 1 3 -1 6 -1 3 -1 1 3 8 -1
17653 1 9 -1 5 6 -1 6 9 11 -1
14505 6 -1 3 -1
13136 0 -1
28714 0 -1
13677 16 -1
25769 0 -1
19099 12 13 -1
24496 2 -1 0 4 -1
5745 2 14 -1
29545 2 -1 0 11 -1 0 0 11 -1
23469 0 1 -1
16704 3 -1
11468 0 1 -1
17592 0 0 12 -1
24160 0 1 9 -1 1 2 14 14 -1
31763 7 9 -1
11948 0 -1 0 0 3 11 -1
16686 0 0 2 -1
18595 0 -1 1 -1 0 1 -1 0 -1 0 5 -1 5 -1
29249 10 11 11 -1
14568 0 -1
15980 1 -1 6 -1 3 -1 1 3 6 -1
5580 5 -1 6 -1 5 6 -1 2 5 -1 11 -1
9553 0 -1 3 6 -1 1 14 -1 9 -1 5 6 11 13 -1
17486 8 -1 0 10 -1
17694 3 -1 1 5 -1 1 1 5 -1 1 3 5 -1
10892 0 0 6 6 6 -1
1326 3 -1
18057 11 -1 2 -1 2 11 -1
18012 5 -1
24431 1 2 -1 2 -1
5476 3 9 -1
21304 0 -1
5118 0 0 0 1 1 1 -1
4759 0 -1
14704 0 -1
28625 3 -1
22993 6 -1
4966 0 -1 11 -1 9 -1 2 -1
29629 3 -1 6 -1 0 3 -1 1 -1 4 -1
29817 0 -1 6 -1
16787 1 7 9 10 -1
21154 3 3 6 6 -1
31373 0 -1 3 -1
26536 0 0 11 11 11 -1
26826 5 5 9 14 -1 6 -1 5 9 9 -1 5 -1 9 -1 1 -1 9 -1
6445 1 -1 5 -1
20965 0 1 4 -1 2 10 -1 0 1 -1 1 -1 2 4 11 -1
25791 1 2 11 -1
1873 0 2 -1
17186 2 4 -1
9657 0 -1 5 -1
2394 0 -1
7808 0 13 -1 0 -1
10003 2 -1 0 -1 10 -1 0 8 -1 0 0 11 11 -1
2698 0 -1 0 12 -1 0 12 -1 8 12 -1 0 0 8 8 8 12 12 -1
3116 1 -1
28731 0 1 -1 10 -1
30326 0 0 0 1 1 -1
24843 0 0 2 -1
27755 7 -1 0 -1
15555 1 -1
8444 6 -1
28848 1 -1 0 11 -1 13 -1 0 3 -1 0 6 -1 3 -1 6 -1
25999 0 -1 1 -1 0 -1 0 1 -1 1 -1
29727 1 3 6 8 -1 8 -1 6 -1 1 3 8 8 -1
20041 6 -1
26203 0 -1 13 -1
25555 0 -1
26512 0 3 -1 0 1 11 -1 0 1 -1 0 0 1 -1
8071 5 -1 5 5 6 6 -1
7869 0 10 -1 13 -1 0 -1
19712 0 7 -1
22895 4 14 -1 9 14 -1
3359 0 3 6 -1 1 11 11 -1 0 0 11 -1
23862 0 2 6 -1 6 -1 0 -1 5 -1 2 3 -1
30150 8 -1
4003 5 -1 13 -1 0 -1
24953 5 -1
30299 0 1 6 9 -1
1553 5 -1
22233 0 -1 1 -1
18579 0 0 5 11 -1
17985 3 6 -1 3 -1
29980 1 5 6 -1
17000 10 -1 0 10 -1 0 -1
22172 1 3 6 9 10 -1
21743 0 0 1 11 -1
11063 0 1 -1 0 4 -1
30271 6 -1 3 -1
21699 7 -1 1 -1 3 -1 6 -1 3 3 6 -1 1 3 3 6 -1
6964 5 -1 0 1 7 -1
1325 9 14 -1
14207 0 13 -1 0 0 1 -1 0 13 16 -1
172 0 0 4 5 9 -1 1 9 -1
1709 0 0 0 1 6 6 -1
16801 0 -1 3 -1
11969 0 -1 5 -1 6 -1 0 -1
14989 14 -1 1 4 14 14 -1 1 -1 4 5 14 -1
26161 1 6 -1 3 -1 3 6 -1
12779 5 -1 5 6 -1
3637 3 10 -1 2 -1 8 -1 0 -1 0 1 11 -1
459 0 1 1 -1
23666 5 6 -1 6 -1
11128 0 3 11 -1 0 9 10 -1 6 9 -1 6 9 -1
9288 0 -1
18044 9 -1
386 0 10 -1 0 -1 1 1 3 3 -1
6451 0 -1 0 1 1 -1 0 -1 0 13 -1 0 0 0 0 0 0 6 13 13 13 13 13 13 -1 0 -1 6 -1 0 0 1 -1
20244 6 -1
12716 0 11 -1
5124 1 -1 16 -1
15025 1 14 -1 14 -1 1 -1 14 -1 1 -1
6204 6 -1 0 11 -1 0 0 2 -1
12663 0 -1 0 13 -1 0 0 0 13 13 13 -1 13 -1
29120 0 1 13 -1 0 -1 0 0 0 0 1 13 13 13 -1
17629 0 -1 0 1 5 -1
8787 3 6 -1 3 3 7 -1
24807 9 -1
23613 5 9 -1
3160 3 5 10 -1 1 -1
10657 0 1 -1 0 11 -1
23074 3 3 6 -1 3 6 6 -1 3 -1 6 -1
24914 0 3 -1
17400 12 -1 0 0 12 -1 12 -1 0 0 6 12 -1 12 -1 0 -1 6 12 12 -1 0 8 -1 8 -1 0 -1 0 8 -1 0 8 -1 0 8 -1 0 6 8 -1 12 -1
11769 13 -1
24689 0 5 16 16 -1
5388 4 7 -1 1 -1 11 14 -1 2 10 -1
7509 0 11 -1
30237 0 1 9 13 -1
6457 6 -1 0 -1 0 2 2 3 9 -1 2 4 -1 1 -1 1 2 -1
592 11 -1 0 -1 0 11 -1 0 11 -1 4 -1 0 11 -1
24158 0 -1
1637 1 -1
20280 1 4 -1 2 -1 13 -1 0 1 2 -1
18343 0 1 10 -1 0 0 2 2 11 -1
24471 0 0 1 -1
816 9 -1 2 -1 0 10 -1 0 2 -1 0 11 -1
12249 0 1 3 -1
13610 12 12 13 -1 1 8 13 -1 2 3 -1
29367 0 7 -1 0 0 0 0 7 7 7 7 -1 0 7 7 -1
31773 1 -1
21125 16 -1 0 -1
13139 7 -1 3 6 7 -1
15877 5 6 -1 1 -1 7 -1
18061 3 -1 1 -1 1 11 -1 11 -1 1 3 11 11 -1 1 3 -1 1 -1 6 -1 3 -1 3 6 -1
2046 7 -1 0 1 -1
13039 1 3 -1
8948 0 -1 5 -1 0 -1 0 0 5 5 5 -1 0 -1 0 0 5 5 -1 5 -1 0 -1
6037 1 8 10 -1
12580 0 5 -1 6 -1 0 0 5 6 -1 5 6 -1 0 5 5 6 -1 5 6 -1 6 -1 5 5 6 -1
10881 0 9 13 14 -1
30456 0 0 1 3 3 -1
31051 1 -1 3 3 6 6 -1
12044 6 -1
21050 3 6 -1 3 3 6 -1 6 -1 3 6 -1
5182 6 -1
29765 1 4 -1
749 4 -1
24552 11 -1
29349 0 1 -1
18976 0 1 -1 3 13 -1 4 6 7 13 13 -1 0 4 10 13 -1 5 -1 4 -1
15024 0 1 2 6 -1
21588 5 -1
10810 0 -1 1 -1 0 0 1 -1 0 1 -1
29567 13 -1
24758 1 1 1 3 11 11 -1
19500 13 -1 0 2 6 -1 0 1 1 3 11 -1 13 -1
24547 5 -1 8 -1
10419 1 3 3 6 -1
25049 1 -1 4 14 -1
28927 0 -1 0 3 3 -1 0 -1
14457 0 0 3 -1
18281 9 -1
2748 0 -1
27796 1 -1
18148 2 -1
21410 11 -1 4 5 7 10 13 -1
26077 0 4 -1
28540 0 1 6 14 16 -1
4757 3 -1 5 -1
25507 0 9 -1
12336 9 -1 0 -1
23186 13 -1
18267 5 8 -1 0 11 -1 0 6 -1 0 6 -1 0 0 6 -1 1 -1 0 6 -1
5517 5 10 10 -1
7455 0 -1
2166 11 -1 0 -1 0 1 -1 0 1 5 -1 0 -1
27280 0 -1 11 -1
1404 0 -1 1 -1 0 1 5 9 14 14 -1
12618 0 -1
8824 0 -1 0 6 -1 5 -1 1 4 5 6 6 -1 0 1 -1
11082 0 0 3 9 -1
22152 8 -1
10738 0 8 11 13 -1 1 -1 12 -1 2 12 13 -1 3 8 -1
15030 0 -1 1 -1 13 -1 1 1 9 -1 2 -1 0 3 -1
7221 0 -1
31459 2 -1 0 4 14 -1 0 -1 4 5 5 10 -1
19872 0 -1 0 0 1 4 6 13 -1
10592 0 12 -1
13854 5 10 -1 6 -1 0 -1 1 -1
12866 11 -1
17214 1 -1 0 1 -1
26113 10 -1 8 -1
24865 7 8 11 -1 8 -1
16468 0 2 -1 9 -1
12998 0 0 0 6 6 -1 6 -1 0 -1
28189 1 3 3 6 7 -1 3 7 -1
30383 1 -1
18513 0 6 -1 0 3 -1
1197 6 -1
18575 12 -1
17058 0 2 8 -1
7531 0 2 -1
24790 0 -1 4 -1
8026 5 5 6 9 -1
5297 12 -1 0 0 0 12 12 -1
14391 5 -1 5 6 8 -1
27375 1 6 -1
24930 3 6 6 -1 3 -1
25870 7 -1
12730 6 -1
4410 0 -1
15870 1 5 -1
17252 8 -1
29571 5 5 6 6 -1 1 5 6 8 -1
23080 0 -1 5 -1
3709 0 4 4 -1 0 -1
3331 0 13 -1
5973 0 0 11 11 -1 1 -1
2071 3 5 14 -1
1188 0 -1
14401 0 1 6 -1
10717 3 6 -1
31759 3 3 6 -1
22218 11 11 14 -1
24894 10 -1 0 -1 10 -1
16088 0 -1
25709 0 5 -1 11 -1
8114 1 1 3 5 7 11 -1
10319 0 -1 0 13 13 -1
9408 0 -1 0 4 9 -1
12193 0 0 0 0 0 1 2 5 10 -1
1596 0 -1 1 -1 13 -1
8185 0 1 11 -1
7826 2 4 8 8 -1 9 -1 8 -1
26755 0 0 6 6 -1 0 11 11 -1 0 4 -1
13496 0 0 3 3 -1
25422 4 -1 0 1 4 7 -1
28287 5 -1
21452 0 5 -1
5692 0 0 1 1 3 -1 1 -1
13806 0 0 5 5 -1 0 -1 5 -1 0 -1 5 5 9 -1
17773 0 11 -1
17710 5 6 -1 5 -1
25754 7 -1
1293 0 -1
23593 0 -1 2 -1
19396 1 -1 0 -1 1 -1
22583 0 4 -1 0 -1
23257 0 -1 5 -1 6 -1 5 5 5 6 6 -1
24225 0 3 11 -1 0 -1
10006 5 6 -1 5 -1 5 5 6 6 -1 3 -1
28352 9 14 -1 4 -1 14 -1
8687 2 2 16 -1
10351 6 -1 0 0 6 6 -1
28317 12 13 13 -1
20861 3 6 -1 3 13 -1
14232 0 -1
17029 16 -1 13 -1
11881 4 -1
7313 1 3 -1
28549 0 -1 3 9 11 -1
5463 0 0 16 -1 16 -1 0 -1 10 -1 0 11 -1 0 -1 1 -1
7198 3 -1
22114 0 10 -1 0 13 -1 0 -1 11 -1 0 -1
25536 10 -1
12349 7 -1 8 12 -1 13 -1
26705 0 0 11 -1 11 -1
530 0 1 1 3 9 -1
19389 3 -1 13 -1
8115 0 0 1 10 -1
22732 11 -1
23397 5 -1
13408 2 -1
25231 0 -1 3 -1 0 5 13 -1
7063 5 -1
12104 0 3 6 -1 3 6 -1
19525 0 0 3 3 -1 0 3 -1 0 0 10 -1 10 -1 0 11 -1
25539 0 0 11 11 -1 0 -1
13422 0 -1 13 -1
29424 0 -1
9028 6 -1 5 14 -1
5947 0 -1 10 -1 0 13 -1 6 -1 0 -1 6 -1 0 -1 0 0 1 11 -1
23973 0 1 5 6 -1
24171 5 -1
23821 3 -1
6282 3 -1 1 -1 3 6 -1 3 -1
10647 0 -1
16598 11 -1 0 -1 10 -1
7463 0 1 3 10 -1 1 -1 11 -1 9 -1 2 -1 0 -1 2 3 11 11 -1
1334 0 0 1 -1
1174 16 -1
9398 1 1 1 2 2 3 11 -1 1 11 -1 1 -1
28728 0 3 -1
7230 9 -1 2 13 -1 0 1 -1
8976 12 -1 12 13 13 -1 1 -1
3273 0 -1 0 0 12 12 -1 12 -1
8605 5 -1 2 5 6 7 7 -1 10 -1
19799 1 -1
25328 0 5 9 9 -1 0 5 6 -1
18729 0 0 6 13 -1 0 9 -1 14 -1 9 -1 0 -1
12740 0 0 2 9 11 11 13 -1
31741 0 3 6 -1 6 -1
14244 1 3 3 3 6 -1
29599 0 0 1 2 -1 0 1 -1
31004 3 -1 0 -1
19986 0 -1 1 -1 6 -1
14743 5 6 -1
14333 0 6 -1
15226 0 1 5 -1
15498 9 -1
28645 10 -1 3 5 6 10 10 -1 3 -1 10 -1
29891 0 0 5 -1
25348 0 -1
13348 4 -1
23088 0 13 13 -1
31681 0 -1 0 10 -1
3856 10 -1
22597 0 0 1 -1
20959 0 -1 1 -1 0 1 -1 0 4 -1 0 0 4 -1 0 6 -1 6 -1
31547 5 -1 3 10 -1
1946 0 0 3 -1 0 0 1 11 -1
21482 0 0 1 13 13 -1
14108 0 -1
15038 3 -1 6 -1 0 10 -1 0 16 -1 3 -1 3 6 -1
25110 0 -1
25338 0 -1 0 0 0 1 1 1 3 3 -1
9559 0 -1 10 -1 0 0 5 -1 9 -1
13783 0 1 -1 1 -1 0 -1 6 -1 0 -1
7365 6 -1
2626 6 -1
18402 7 -1
3382 9 11 13 -1 3 3 9 11 13 -1 7 11 11 -1
5526 3 3 6 6 7 -1
1149 3 -1
27542 0 -1
2646 14 -1 5 -1 4 14 -1
15054 5 9 -1 5 -1 4 14 -1 14 -1
17442 10 -1
3119 3 3 6 6 -1
6174 9 14 14 -1
13472 0 1 3 -1
28597 0 -1
30649 3 -1 9 9 14 -1 2 -1 11 -1
27165 13 -1
20931 0 11 -1 0 -1
15327 3 6 8 -1
8128 0 9 -1 3 -1
17588 9 10 -1
8279 0 -1 0 9 -1
30847 11 -1
23003 5 10 16 -1
27620 5 5 6 6 14 -1
2162 9 10 -1
18151 0 -1
28908 0 0 2 -1 2 -1 0 2 -1
10775 0 1 -1 0 -1
13542 11 -1 0 11 -1
1896 0 4 -1 0 5 -1
1630 13 -1 0 1 4 8 12 14 -1 13 -1 0 -1
7097 0 6 -1 0 6 6 8 -1
26405 0 0 13 -1 0 10 -1 0 9 13 -1 0 0 1 -1
16594 3 8 8 10 12 -1
24113 2 -1
349 5 -1
29795 0 -1 11 -1
21767 1 3 7 -1
28654 14 -1 1 -1 0 1 -1 7 -1 1 5 -1 10 -1 2 6 -1 13 -1 11 -1
12258 6 8 11 12 12 -1
14660 0 -1 1 11 -1 5 -1 3 14 -1 6 -1 3 -1 1 -1
22373 0 3 -1 1 13 -1 0 2 -1
11355 10 14 -1
2797 5 -1
10904 8 -1 4 8 -1 11 -1 0 8 10 -1 0 0 0 1 9 -1 16 -1 0 -1
15419 0 3 -1
5814 12 -1
10485 1 3 8 -1
22183 2 11 14 -1
27343 0 0 3 6 6 -1
13468 1 -1
1775 5 -1 8 -1
9493 2 5 10 16 -1 0 0 9 11 -1
20420 0 -1
27454 0 -1
19545 0 1 -1
12345 0 6 11 13 -1 1 7 7 -1
1460 0 5 5 6 -1 0 14 -1
26547 0 -1
29147 0 3 11 -1
187 0 13 13 -1
22726 9 -1 1 5 5 6 9 -1
1206 0 -1 0 4 -1
14977 9 -1
27376 0 -1 6 -1 3 -1 0 3 6 8 -1
17135 0 0 0 13 13 -1 2 -1
15157 0 14 -1 1 -1 3 -1
170 0 0 1 11 -1
21075 0 3 6 -1
25979 9 -1
10317 0 0 3 3 3 -1
20604 3 3 6 -1
4253 3 6 6 -1 3 13 -1 3 10 -1
29774 0 1 5 -1
9013 4 -1 4 4 8 8 -1
2572 11 -1
18340 0 1 2 11 -1
20650 0 5 -1
3092 0 -1 1 -1 5 -1 1 -1 13 -1
15650 0 -1
9601 5 6 6 -1
21298 9 -1
11450 0 6 12 12 -1 3 6 12 12 -1
24837 0 -1
6972 5 14 -1
18761 3 12 -1 6 13 -1
26388 0 0 1 10 11 11 -1 0 -1
23283 0 13 -1
2833 8 -1
15810 1 8 8 -1
14224 5 -1 6 -1 8 -1 8 11 -1 0 -1
2667 0 0 10 -1
17142 8 -1 6 -1 2 8 -1 8 -1 3 11 -1
20124 3 7 13 -1
21918 0 0 1 10 -1
13445 2 -1
27404 0 -1
3881 5 9 -1 9 -1 0 10 11 -1
25311 0 0 0 1 1 13 -1 0 -1 11 -1 0 -1 13 -1
16782 0 1 6 -1 2 11 -1 1 11 -1
28032 11 -1
8103 14 -1 4 -1 14 -1 4 14 -1 4 4 14 -1 5 14 -1 3 -1
16451 8 -1
9688 0 -1 1 -1 0 -1 1 -1 0 1 -1
17518 0 -1
14127 5 -1 0 -1
24738 0 11 -1 0 11 -1 11 -1 0 -1
4854 9 -1
1468 6 13 -1 8 -1 3 8 12 -1 6 8 -1
6891 2 11 13 -1
7036 13 -1 11 -1
29076 3 3 6 -1 0 3 4 5 7 10 -1 2 9 -1 5 -1 6 10 -1 4 5 9 -1 4 7 7 -1
14460 3 10 -1 5 -1
25590 0 0 1 11 -1 0 0 11 11 -1 11 -1
1914 0 -1
19532 3 6 -1 3 -1
30189 0 10 -1
20982 6 -1 2 -1
18350 14 -1 5 9 9 14 14 14 -1
18856 0 0 0 0 4 4 7 7 -1
22261 2 11 13 -1 1 7 -1
9059 0 -1
8015 14 -1 5 14 -1 4 -1 14 -1
20756 14 -1 5 -1
20505 0 13 -1 13 -1 0 -1 0 11 -1 0 13 -1 13 -1 0 -1 1 -1 0 10 -1 0 0 0 8 10 11 13 -1
28441 11 -1
11786 10 -1 5 -1 6 -1 1 2 4 -1
29203 0 0 2 3 4 -1
875 1 7 -1
8689 11 -1 11 13 -1
4833 9 -1
18348 5 -1 1 -1 10 -1
15396 0 0 1 -1 1 -1 0 -1
3607 0 11 -1
572 0 -1 0 10 -1 10 -1 1 -1 0 -1 0 1 -1 5 -1
29126 3 4 8 8 12 13 -1
28931 0 0 1 1 1 2 9 9 -1
1022 3 -1
534 3 -1
5670 9 -1 5 -1 6 -1 9 -1
18608 0 6 -1 6 8 13 -1 13 -1 0 6 6 -1 0 -1 13 -1
11963 0 0 1 -1
11401 0 -1 1 -1 0 1 11 -1
1064 13 -1
6371 1 -1 5 -1 15 -1
13644 0 -1 3 -1 0 0 0 5 10 -1
28984 3 -1 6 -1 3 -1 0 1 5 8 -1
26281 5 -1
7803 0 15 -1 0 -1 3 -1 3 6 8 -1 0 0 5 -1 6 -1
12831 4 5 -1 4 -1
13151 0 -1 1 2 -1
9367 6 -1 3 6 -1
27377 5 9 -1
18175 0 -1
14475 11 -1 0 -1
15728 0 5 11 -1 0 0 3 -1
11374 3 -1 7 -1
28632 0 1 14 -1 1 7 -1 4 -1 10 -1 9 -1 11 13 -1 1 -1 1 5 -1 14 -1 0 14 -1
14103 0 0 0 6 6 -1
3095 6 -1
19399 0 -1 3 -1 0 -1
13812 0 -1 0 4 -1
22776 10 -1
17321 0 3 -1
19685 7 13 13 -1 7 -1
28723 0 1 -1
7997 0 11 -1 1 -1
29258 0 2 -1
25541 0 13 -1 0 1 -1
19636 0 -1
18648 5 -1 2 5 5 9 -1
6461 3 -1
9898 2 -1
22329 1 -1 0 1 -1
9221 1 -1
2839 1 5 6 -1 7 -1 3 3 7 7 7 10 -1
13867 5 -1
29302 11 -1
12901 10 -1
18756 1 11 -1
848 3 7 9 9 -1
15075 1 2 3 -1 1 -1 5 -1 1 -1 7 -1
8024 0 3 6 -1
17976 1 3 11 -1 6 -1 13 -1 4 -1 3 -1
1664 7 12 -1 8 -1 4 8 -1 2 4 12 13 -1 7 -1 3 -1
27402 1 -1
14641 1 -1
24893 0 -1
19916 0 1 2 -1
8396 1 -1
27380 7 -1
10173 0 13 13 -1 0 13 -1
2410 3 11 -1
18383 0 13 -1
5957 0 5 -1
3915 5 -1
5111 13 -1 10 -1 2 11 -1 0 1 11 -1 0 -1 0 3 10 -1
27260 0 2 -1
23900 6 -1
1895 10 -1
21066 0 0 11 11 -1
21177 1 -1
22517 0 -1
1165 7 -1 1 9 -1 1 -1
17544 7 -1 0 -1
24352 0 0 11 11 -1 0 -1 0 11 -1 11 -1 0 -1
19869 3 -1 0 -1 3 6 -1 0 3 10 -1 3 -1
17688 6 -1 8 -1
8355 0 1 10 -1
30612 0 4 4 -1
25998 0 3 -1 0 -1
1087 2 -1
19817 5 -1 0 -1
24935 0 -1
9671 0 -1
8136 14 -1
11060 5 -1
11233 0 0 1 2 16 -1 0 -1 10 -1
21475 6 8 -1
10226 1 -1 0 0 1 -1 1 5 -1
25490 12 -1 0 13 -1 10 -1
26305 0 -1 0 1 -1 1 -1 0 -1
9279 0 14 -1
578 3 9 -1 9 -1 0 -1 0 8 -1
30694 0 -1
16672 0 2 12 -1 7 -1
21427 0 -1 0 1 -1 0 1 1 -1 0 13 -1
14369 0 0 0 0 1 13 14 14 -1
23698 2 10 -1 0 11 -1
4726 0 11 -1
20034 13 -1 9 10 -1 0 5 7 -1 4 -1 1 -1 0 1 5 -1 14 -1
5033 1 5 5 5 6 6 8 -1
30477 1 -1 5 -1
14154 1 8 10 -1 16 -1
30227 0 0 6 12 -1
1520 11 -1 0 -1 0 0 3 11 -1
30728 0 1 9 -1
27779 6 -1
28256 9 -1
5996 0 -1 4 -1
9245 5 6 -1
21062 8 -1 6 -1
13036 5 -1
11402 0 6 -1
17778 4 -1
22867 2 -1
11772 0 -1
4402 2 -1
3330 3 -1
24996 5 -1 6 -1
28465 4 -1
24015 14 -1
29396 5 6 9 -1
21933 0 14 -1
27677 0 0 0 6 6 10 -1
20296 0 -1 1 -1 0 1 -1 0 -1 1 -1
21412 0 1 1 -1
21514 6 -1 3 -1
22537 12 -1 13 -1 12 -1 13 -1 1 2 -1 2 -1 1 -1 12 -1 6 -1
6933 0 5 -1
31484 0 -1 0 3 -1
19834 0 1 1 -1
17986 0 0 1 -1
31461 2 11 -1
14929 13 -1
26722 0 1 3 -1 0 9 -1
12682 1 -1
20586 5 10 -1
8954 12 13 -1 0 -1 4 10 -1 1 2 11 -1
30270 0 11 -1
16063 1 -1 0 -1 0 13 -1
21531 3 -1
20463 9 -1 3 -1 1 -1 3 7 8 -1 6 -1 3 -1 3 6 7 -1 3 6 7 -1 3 8 -1 0 14 -1 7 -1 8 -1 4 -1
15986 0 3 -1
28797 3 6 -1 1 -1
18182 11 -1
20851 5 6 -1 5 6 -1
25616 0 1 -1 0 -1
6772 0 0 11 -1 6 -1 0 -1 13 -1 0 -1 13 -1
1944 12 13 -1 8 12 -1
148 0 11 -1 0 0 0 3 7 10 -1
15380 0 1 -1
28946 0 -1
26119 6 7 -1
12016 0 -1 5 -1 0 -1
26291 0 6 -1
27103 0 0 10 11 -1 0 -1 0 1 9 -1 0 -1 0 1 -1 11 -1 0 1 3 -1 1 11 -1 4 11 -1
1645 0 0 6 -1 6 -1 0 -1 0 6 -1 0 6 6 -1 0 6 -1 0 -1 6 -1 0 6 -1 0 6 -1 0 -1 0 6 -1 0 6 -1
7091 1 -1 3 8 -1 0 1 13 -1
5797 1 -1 0 -1 4 -1 0 -1 3 6 -1 3 -1
26381 0 6 13 -1
7284 0 1 -1
12640 13 -1
5863 12 12 13 -1
2293 0 -1 1 1 13 15 -1
4734 0 9 -1 0 0 1 1 2 -1 0 -1 2 -1
2704 6 -1
29877 1 -1 0 -1 0 1 -1 0 1 3 -1
17087 1 -1 2 -1 1 -1
13836 1 2 -1
15992 0 -1 1 -1 5 -1 6 10 -1 0 0 1 5 5 6 6 -1
7734 0 1 9 -1 0 -1 1 -1
1680 7 8 8 -1
21658 1 3 3 4 6 11 -1
28291 6 -1 3 -1 6 -1 3 -1 0 -1
14553 3 -1
342 1 11 -1 11 -1 0 -1 2 -1
7532 1 3 -1 3 5 6 -1
29772 1 7 -1
24921 4 -1
13589 3 6 -1 3 9 -1
18280 0 4 -1
15260 0 0 2 3 -1 2 -1
14547 0 -1 0 1 -1
20001 0 -1 5 -1 0 0 0 3 5 -1 5 -1
25287 13 -1
7348 3 7 -1 6 -1 3 -1 3 6 -1 6 -1 3 3 6 6 -1
22904 0 -1
7806 0 -1 11 -1
22464 0 0 1 11 -1 0 -1 11 -1 0 11 -1
8319 1 -1
15460 9 -1
30978 0 0 3 6 -1 0 3 -1
10961 3 -1 0 -1 3 6 -1
15107 0 6 8 -1
1306 11 -1 10 -1 11 13 -1 4 11 11 -1 13 -1
4432 3 6 9 -1 0 0 0 1 7 13 -1 0 11 -1
21960 0 -1 5 -1
27827 8 -1 3 6 8 -1 7 -1 6 -1 3 -1 1 6 -1 3 6 -1 3 -1
14056 0 -1
22171 7 -1
18511 0 -1
4651 0 6 -1 0 -1 0 6 -1 1 2 10 13 -1 2 -1 5 -1 4 -1 1 14 -1 3 -1 3 13 -1 13 -1
5176 9 -1 10 -1 6 -1 11 13 -1 14 -1 1 -1 14 -1 1 -1
30909 13 -1 0 0 1 -1 3 -1 0 13 -1 6 -1
27125 0 -1
5632 0 -1 11 -1
22759 0 1 -1 0 1 -1
29271 0 13 -1
22498 0 6 -1 11 -1 10 -1 0 -1
29403 3 6 9 -1 3 -1
6455 0 -1 1 -1 3 -1 1 -1 0 1 13 -1
7695 0 -1 0 0 1 5 -1 5 -1 6 -1 3 5 6 -1
7755 0 -1
30985 0 13 13 -1
6502 8 -1 0 0 8 -1 0 8 -1
4077 0 1 1 4 7 -1
5051 9 -1
22011 3 -1 3 6 -1
12985 1 5 6 -1 3 -1 6 -1 3 9 -1 3 5 -1
24457 0 13 -1 0 -1 13 -1
27477 6 11 -1 0 11 -1 11 -1 0 6 -1 0 -1
7820 3 -1
4730 10 -1
13998 5 6 -1 6 -1 5 -1 6 -1 5 -1 5 14 -1
8414 0 -1
11770 7 -1
19184 0 0 5 9 -1 9 -1
18918 5 -1
29099 7 -1 8 10 -1
10272 0 5 5 6 6 -1 0 -1 0 5 10 -1
24735 0 11 -1
7354 5 -1
14449 0 -1
6884 0 -1 2 -1 0 -1 1 -1 0 -1 13 -1 0 11 -1 0 0 1 1 11 -1
24166 3 -1
19286 0 0 0 1 1 14 -1 0 -1 1 -1 0 -1
12290 12 -1
17398 1 -1 1 6 6 6 7 8 -1
5020 0 4 -1
8233 3 -1
500 4 -1
2396 7 -1
21419 3 -1 3 6 6 -1 3 -1 7 -1
25444 6 -1 5 -1 5 6 -1
7308 0 1 -1 1 -1
19693 6 -1 5 -1 1 3 -1
15583 0 1 1 -1
6813 0 -1
30588 4 5 -1
14608 7 -1 0 1 1 6 13 -1
8379 6 -1 9 -1
8763 1 -1
20266 0 -1
20419 3 -1 0 2 5 10 -1
13920 2 5 -1
43 5 9 -1 1 -1 0 -1 5 -1 6 -1 5 -1 1 5 9 -1
5569 1 2 4 14 -1 0 11 -1
1134 1 -1 10 -1
10685 0 1 1 -1 2 11 -1 1 11 -1
23349 1 3 -1
27726 0 5 -1 0 1 5 -1
11646 0 0 3 11 -1
21212 1 -1 0 0 0 2 4 -1 0 1 -1 1 -1 0 0 2 -1 16 -1
12519 2 -1 1 5 10 -1
10579 11 -1
27154 11 -1 13 -1 9 -1 2 5 10 -1 4 -1
6624 5 6 11 -1 13 -1 6 -1
25646 0 1 -1 0 -1 1 6 -1 0 -1 1 -1 5 -1 1 -1
5908 0 0 1 13 -1 13 -1
7451 0 10 13 -1
20567 5 -1
1405 11 -1
12023 11 -1
8966 0 13 -1 13 -1
17623 0 -1 0 9 -1
2272 3 -1 0 -1
14717 6 7 -1 5 -1
7589 9 -1
1769 0 -1 1 -1 0 1 -1 0 -1 1 -1
22376 2 -1
11854 3 12 -1 2 12 -1
16338 0 0 11 -1 0 10 -1
17686 1 9 -1
5619 3 13 -1 4 16 -1
16415 0 1 -1 0 -1 5 -1 6 -1 5 -1 6 -1 5 5 6 -1
15689 2 10 -1 11 -1 13 -1 0 11 -1 3 -1
17644 1 7 -1
6922 0 7 7 -1
28587 0 0 13 -1 11 -1 0 0 3 -1
3708 2 10 -1
303 5 9 -1 0 2 -1
10115 1 9 -1
2028 0 -1
6053 1 5 14 -1
20666 0 0 1 1 9 -1 0 1 -1 0 1 -1
21248 0 -1
1435 11 -1
6422 0 1 -1
24864 0 5 -1 5 -1
2232 0 2 -1
14692 0 13 -1 0 -1 0 4 11 -1
9623 3 6 7 -1
20417 0 -1
14399 3 6 -1
28043 12 -1
504 0 -1 7 -1
13146 5 -1
12114 0 8 -1
5369 0 1 -1 13 -1 1 -1
14779 0 5 6 11 -1
6893 3 7 -1 0 1 3 6 -1 6 -1 3 -1 1 1 3 8 -1
15353 5 6 -1 6 -1
21583 14 -1
25597 1 3 5 11 -1
14181 0 1 -1 0 1 2 -1 14 -1 0 -1
15985 0 -1
10234 1 3 6 -1 3 3 6 -1
2872 8 -1 6 8 -1
6310 9 -1 9 14 -1
3030 0 3 -1 5 -1 1 -1 5 -1 0 3 6 -1 9 -1
2491 1 7 7 8 -1
7482 8 11 -1 8 12 13 -1 11 13 -1
1049 8 10 -1
23944 14 -1 0 2 -1
23927 9 -1
7079 4 -1 7 -1
16377 3 -1
27480 5 -1 14 -1
28085 6 8 -1 0 7 -1 3 6 -1 3 -1
12210 8 -1 0 -1
12942 3 -1 3 6 -1
14376 0 10 -1
14750 0 -1 5 -1 0 3 -1 10 -1 3 -1
23337 5 -1
16863 0 3 13 -1
29000 1 5 5 14 -1 4 -1 0 1 5 6 6 -1
5731 4 9 -1
26177 1 14 -1
8425 9 -1
24220 11 -1 1 11 13 -1
12356 3 -1
28815 3 -1
20791 1 -1 0 -1
4169 3 -1 0 0 3 5 -1
25549 5 -1
28828 0 1 2 -1
24707 0 -1 5 -1 4 -1
26989 10 -1 5 6 -1
25335 3 -1
12746 0 -1 11 -1
10414 5 -1 5 6 -1 14 -1 5 6 -1 14 -1 6 9 -1
25227 0 0 10 -1
10336 0 1 -1
937 4 -1
31528 11 16 -1 2 11 -1 0 10 -1
19009 3 3 3 6 6 6 6 -1 3 3 6 -1 6 -1 3 8 -1
2642 2 16 -1 11 -1
7854 10 -1 0 -1
23255 0 6 -1 0 0 0 5 5 9 -1 0 5 9 -1 0 5 5 -1 0 9 9 -1 0 -1 9 -1
14621 8 -1
23070 2 11 -1
6648 0 0 5 8 -1
30672 0 13 -1 0 -1
19708 11 -1 0 -1
18080 14 -1 0 0 0 1 13 -1
12541 0 -1 11 -1
2515 0 6 -1 0 6 -1
18647 0 1 3 5 -1 5 -1
13201 12 -1 13 -1 3 12 13 -1
21440 4 10 -1 1 -1 1 4 9 -1 1 9 -1 1 -1 10 -1
1008 0 5 -1
14655 0 -1
16884 6 -1 3 5 -1
1957 2 3 3 10 -1
31210 0 1 -1 0 -1 0 1 -1 3 3 6 6 -1 3 -1
23645 5 -1
10015 0 1 -1 0 -1
5575 0 -1
11438 0 -1 0 13 -1 1 -1
11650 13 -1
891 5 -1
13895 7 8 8 -1 3 3 8 -1
27455 0 -1
8893 6 12 12 13 13 -1
22308 0 1 13 -1
16459 8 -1 0 0 1 3 3 5 6 8 -1
9017 0 9 9 -1 0 -1 1 -1
12507 0 11 -1
26247 6 -1
25350 1 -1 1 5 -1 3 3 7 7 -1
2063 9 -1
15706 0 11 -1
28578 3 6 8 -1 3 3 6 8 8 -1 6 -1
23357 0 1 6 -1 0 -1 0 1 6 -1
26832 0 -1 14 -1 3 11 11 14 14 -1
5854 1 1 3 5 5 6 6 -1
13987 1 -1 0 -1
31310 5 8 -1 2 8 -1
23305 5 -1
13752 3 6 -1
21010 3 6 -1 6 -1 3 3 6 -1
16172 1 -1
12312 0 0 0 3 5 -1
5360 13 -1 0 -1
6392 0 0 1 1 4 14 -1 1 -1
28621 0 1 10 -1
19560 0 -1
26701 0 -1
30704 3 -1 8 -1 0 -1 3 6 -1 6 -1 3 -1
20132 5 -1 2 -1 3 6 -1 11 -1 3 6 6 -1 11 -1 1 5 9 14 -1
30553 3 -1 7 -1
31000 0 1 9 -1
26726 5 -1 5 6 6 -1 5 6 -1
21302 3 -1
31114 0 -1
13706 11 -1 1 -1 7 -1
3980 0 -1
4219 1 9 -1 1 -1
26277 0 10 -1 9 -1 11 -1 1 3 5 -1 3 4 -1
18846 5 -1 9 -1
5454 0 7 -1
4951 1 -1
6345 3 -1
24968 0 5 -1
15654 0 -1 11 -1 1 14 -1 11 -1 6 13 -1 2 3 9 10 -1 4 5 5 7 -1 0 1 11 13 14 -1
24178 5 6 -1 6 -1 5 6 -1 5 -1 6 -1 5 -1
16452 0 -1 1 -1
15027 0 11 13 -1
26406 0 -1
1820 0 -1
5559 6 -1
18635 2 -1
21219 0 10 -1
20540 0 0 6 -1 0 6 -1 2 -1 0 2 11 -1 9 -1 0 0 5 11 11 -1 0 -1
9269 0 11 -1 0 -1
4387 2 8 8 -1
21497 0 11 -1
5445 9 -1 0 -1
14228 0 1 -1
7615 3 3 6 -1
24170 1 -1 0 -1 13 -1 0 -1 0 13 -1
22620 0 1 -1
1106 0 1 10 -1
21536 1 -1 4 11 -1
13251 0 3 3 6 -1
22659 0 4 13 -1
358 0 3 6 -1
13868 0 0 3 -1
29395 0 12 -1
4013 5 5 6 -1 6 -1 5 5 6 -1
27222 3 -1 6 -1
6145 0 1 5 6 9 -1
26329 6 -1 3 -1 6 -1 3 -1 6 -1 3 6 -1 3 3 3 3 6 6 6 6 -1
10511 0 9 -1
20829 0 2 10 -1
12490 2 3 -1
10539 1 3 3 -1
12105 3 -1
26998 2 8 9 -1 2 11 -1
7914 0 -1 0 1 -1
5215 1 5 14 -1
18088 3 6 -1 3 -1 3 6 -1 6 -1 3 6 -1 3 -1
13485 6 -1
10827 5 13 -1
28272 8 11 -1 8 -1 3 -1 6 8 -1 0 0 5 5 -1
3576 0 1 -1 0 3 -1 0 -1 1 -1 0 0 3 13 -1
17567 3 6 -1 3 -1 1 3 3 7 9 -1
30404 0 11 13 -1 0 1 -1 0 -1 0 11 -1
11281 0 3 11 -1
6302 0 -1 1 -1 14 -1
11943 6 -1 6 13 13 -1
24472 0 -1
5152 0 1 -1 0 10 11 -1
22213 1 1 2 6 14 -1 1 14 -1
28117 11 -1 0 5 5 6 -1
30865 3 -1
3265 1 -1 0 10 -1 0 -1 0 0 1 13 -1
15851 3 -1
24696 3 -1 1 9 11 -1 2 -1
3721 0 0 1 1 -1
8030 0 1 -1
6875 13 -1
12773 2 -1 1 -1
7986 0 1 8 -1 10 -1
13246 0 5 -1
20819 0 -1
7328 3 -1 0 5 -1 0 5 -1 0 -1
9019 5 -1 0 14 -1 0 5 -1 0 -1 0 0 6 6 -1 5 -1 0 -1 0 0 5 6 -1
5689 2 -1
6462 2 -1
2578 0 -1 3 -1
21646 0 -1
21590 10 -1 0 1 -1
27333 6 -1
26057 0 -1 5 -1 0 5 -1 0 5 -1 0 0 5 -1 5 -1 0 -1
21025 0 3 -1
1701 0 -1 16 -1 0 -1 13 -1 0 0 1 1 14 14 -1 13 -1
13878 0 1 -1 5 -1
20594 1 -1
6542 8 -1
28537 1 -1 5 11 11 -1
5393 0 13 -1 0 0 10 -1 16 -1 0 13 -1 0 13 -1 0 -1 0 13 -1 0 13 13 -1 0 -1 11 -1 0 -1 0 1 -1 1 -1 0 0 13 -1 0 13 -1
16280 13 -1 0 13 -1 0 0 1 1 -1 0 0 11 -1
20706 0 0 6 -1 6 -1 0 6 -1 0 -1 6 -1
7137 11 -1 1 -1
16355 11 -1 0 -1 0 11 -1 11 -1 0 -1 11 -1 0 -1 11 -1 0 -1 11 -1 0 0 11 -1
10324 10 13 13 14 -1
17043 5 -1
15816 0 10 16 -1 0 0 0 1 1 -1
29595 1 7 9 -1 2 -1 10 -1
3217 0 11 -1
10719 11 -1
24425 0 1 5 -1 0 3 -1
11698 11 -1 0 0 4 8 8 -1 4 8 -1
25894 3 -1 3 6 -1 3 6 -1
30857 0 -1
18089 0 -1
8077 0 3 -1 0 0 1 3 -1 6 -1
2775 0 3 -1 0 -1
2659 1 -1 3 6 6 -1 3 -1 6 -1 3 -1
30972 11 -1 0 -1 7 -1
20622 11 -1 1 -1 0 1 2 11 -1
27045 0 -1
3724 0 0 13 -1 0 13 -1 13 -1 0 -1
30509 0 0 1 6 6 -1
15825 0 0 1 -1
24256 6 -1 5 6 14 -1 14 -1 5 -1
3083 13 -1 6 -1 2 3 10 -1 5 9 -1 4 7 -1 4 -1 1 -1 0 1 14 -1 1 11 -1 13 -1
10584 0 -1 0 6 -1
11814 1 3 14 14 -1 3 6 11 14 14 -1 6 -1 3 -1
1163 1 11 -1 0 -1 3 -1 1 -1 9 -1 11 -1 1 -1 0 1 9 -1
6917 0 -1 1 -1
22117 3 4 8 12 12 -1
1259 14 -1 10 -1 5 14 14 -1 1 4 9 14 -1
7848 0 3 -1
23036 0 -1 0 0 0 11 13 13 13 -1
16909 0 -1 0 2 -1 2 -1
13063 0 8 8 -1 0 -1
20629 0 0 1 3 5 -1
31487 0 -1 4 -1 0 0 0 1 13 -1
26565 0 1 -1
13210 0 0 0 3 10 -1 1 -1 0 1 -1 0 -1
9997 0 1 6 11 13 14 -1
1477 0 1 11 -1 0 5 -1
23965 1 -1
1203 12 13 -1 0 13 -1
18195 0 -1 0 13 -1 10 -1 0 -1
15672 0 11 -1
2779 0 -1 0 6 -1 13 -1 0 11 -1
26466 3 3 6 6 -1
30655 0 3 -1
9204 0 1 -1
19956 0 -1
2303 4 -1 1 -1 0 -1
17388 8 -1 13 -1
16871 11 -1
3507 1 -1 0 -1 1 -1 0 0 10 -1 5 -1 0 11 -1
10232 0 0 14 -1 6 -1 0 -1 11 -1 0 14 -1 0 -1 0 7 -1 1 -1 0 -1 1 6 -1 0 -1 6 -1 0 -1 0 6 -1 6 -1 0 1 -1 6 -1 0 -1 11 -1 0 -1 1 6 -1 0 0 1 6 -1
20148 11 -1 1 -1 1 3 11 11 -1
1129 0 -1
11490 3 6 -1
28429 13 -1 3 -1
19201 3 6 -1 3 -1 3 3 6 6 -1 8 -1 10 -1 3 -1 6 -1
26309 0 1 6 -1 3 3 5 9 -1 0 3 -1 6 -1 0 -1 5 11 -1
11382 0 -1
28072 2 -1
19041 0 1 1 -1
13583 3 6 -1
27614 1 -1 0 1 7 -1 14 -1 1 -1 11 13 -1
26445 6 -1 3 3 6 -1 3 6 -1
31628 0 -1
20087 3 6 -1 3 -1 4 -1
3961 1 -1 14 -1 2 -1 2 14 -1 2 14 -1 14 -1 2 2 4 14 14 14 -1 11 -1 4 14 14 -1
11678 4 8 -1
15171 1 3 -1 3 -1
4446 0 2 11 -1
2487 6 -1 3 -1 6 -1 13 -1 6 13 -1 6 -1 13 -1
5110 0 -1
7676 11 -1 10 -1 0 10 16 -1 5 -1
28594 2 -1
13577 0 3 -1
24161 0 1 -1
9917 0 1 1 -1
27118 8 -1 0 1 -1 4 -1
23592 3 9 -1
19611 0 6 -1
20119 7 -1
17179 5 -1
786 3 -1 6 -1 3 -1 3 6 -1 6 -1 3 3 3 6 6 -1 3 6 -1
30459 0 1 -1
1643 6 8 12 -1
9737 0 0 0 0 1 1 13 -1
11248 6 -1 0 -1 6 -1
7623 12 -1
15626 0 1 3 3 6 -1
25462 0 0 7 7 -1 0 0 7 -1 7 -1 0 -1
11290 3 3 6 -1
5853 2 -1
10706 0 -1 1 -1
1552 3 6 6 -1
19667 0 6 -1
12060 0 -1 0 10 -1 0 0 1 10 -1 11 -1
9413 6 -1
7027 0 1 -1
31306 8 -1
10807 0 1 1 -1
17672 2 2 11 -1
7763 0 16 -1
2843 6 7 9 -1
18785 8 -1
14384 3 -1
11041 11 -1 4 -1
26587 0 5 -1
31723 0 -1
4149 3 6 -1 3 -1 0 -1 0 13 -1 10 -1 0 -1 0 4 -1
19806 10 -1 0 -1
18582 6 13 -1
25070 0 0 0 3 3 9 -1 0 2 11 -1 0 -1 0 3 16 -1 0 -1 3 -1 0 11 -1 0 -1 0 1 -1
26787 1 -1
28696 0 -1
8692 8 -1
12221 1 3 4 10 -1 2 -1 3 -1
26684 1 5 -1 5 -1 6 -1 1 3 -1 3 -1 5 -1 9 -1
14562 0 2 -1 10 -1
2776 13 -1
7756 14 -1
25036 0 -1
8251 0 13 -1 0 -1
7447 6 -1
19075 1 11 -1 2 -1
5480 5 -1
16713 1 1 3 3 6 -1 0 1 10 -1
21715 0 -1 0 12 -1
3451 13 13 15 -1
25095 0 0 13 -1 0 11 13 15 15 -1 2 -1
29004 1 -1 6 -1
8680 0 11 -1
20261 3 -1
12624 5 6 -1 5 -1 2 -1
12234 1 1 6 -1 1 3 6 -1 3 -1
18478 6 -1 0 -1 3 -1 0 -1
11645 0 -1
337 0 -1
76 0 -1
1390 3 5 -1
5916 4 5 -1 7 -1 2 9 10 11 -1
6503 0 9 -1 0 10 -1 0 -1 5 -1
30941 1 4 -1
13462 0 0 1 5 -1
17225 1 -1
30513 0 -1
17404 1 5 14 -1 5 10 14 -1
4782 7 -1
6562 4 5 5 9 9 14 14 14 14 -1 11 -1
24495 0 0 2 13 -1 0 -1
23276 0 11 -1
16612 11 -1 0 -1
21533 1 -1 0 -1 3 -1
1572 0 6 -1
28136 1 -1 5 -1
6353 0 -1 3 -1 0 -1
4005 0 -1 3 -1
15408 0 15 -1 1 -1 0 -1 0 11 -1
29584 11 -1
30859 0 -1 1 -1 1 13 -1 13 -1 1 -1 13 -1 0 -1
11704 0 -1 6 -1 0 4 8 -1 4 8 -1
2252 13 -1
6862 13 -1
27849 0 -1
19102 0 11 -1
11644 0 9 -1
25203 8 -1
24187 8 -1
27777 0 -1
30960 0 1 13 -1
30045 1 -1
2083 0 5 -1 9 -1
27475 0 -1 3 -1 0 6 10 -1
24944 0 4 -1
2141 0 11 -1
24467 0 1 -1 1 -1 0 -1
18636 0 -1 0 13 -1 10 -1 0 -1 13 -1 0 -1
3452 1 -1 0 -1
8947 1 15 -1 13 -1
9465 1 1 11 11 -1
20921 0 1 2 5 -1
5336 0 -1
15061 1 3 5 6 -1 8 -1 1 2 -1 1 8 -1 3 -1
29687 5 5 15 -1 0 5 15 -1
23562 6 -1
2138 3 6 -1
14416 5 11 11 14 14 14 -1 10 14 -1 5 -1 6 14 -1 5 -1 1 14 -1 14 -1
7964 0 -1
19562 1 -1 1 5 -1
6902 0 11 -1 0 0 11 -1 11 -1 0 11 -1 0 -1 6 -1 0 3 -1
20393 0 5 -1 5 14 -1 0 5 -1 0 -1 5 6 -1 5 -1 0 5 -1 0 0 0 6 6 -1 6 -1
22331 1 11 -1
23777 0 -1 5 -1 0 -1 2 -1
14866 3 -1 1 -1
2554 5 14 -1
6434 0 -1 0 1 -1 9 -1 0 3 -1
21396 0 7 13 13 -1
3809 0 -1 13 -1
27082 0 -1
2673 5 6 -1 5 6 6 -1
17277 10 -1 6 16 -1 7 -1
16743 0 8 13 -1 11 -1 0 -1 8 -1
196 10 -1 16 -1 0 -1 0 10 -1
27266 3 -1
9902 3 -1 10 -1 1 -1 0 -1 6 -1 3 3 6 -1 6 -1 1 3 -1 3 6 -1 1 -1
13773 4 -1 14 -1 2 14 -1 1 14 -1 1 1 14 -1
22519 6 -1
5148 5 6 6 9 -1 5 -1 9 -1
6693 7 -1 0 0 1 -1
9768 1 -1
4235 1 -1 11 14 -1 5 -1
8037 0 -1 0 2 2 -1 0 -1
13724 1 -1
9240 11 -1 9 -1
19576 1 -1
23586 0 -1 0 1 1 -1 0 5 6 -1
11980 14 -1 9 14 -1 2 14 -1 4 9 14 -1
9440 4 5 14 -1
11470 6 -1
23050 0 5 11 -1 5 -1
13755 0 -1
21190 13 -1 0 0 1 13 -1
31076 5 14 -1 9 -1 1 14 -1 1 14 -1
23406 1 1 14 -1 0 -1 1 7 -1 1 4 5 9 -1 10 -1 1 2 6 11 13 -1 14 -1 1 -1
19171 0 -1 6 -1 0 0 3 -1 0 1 -1
13698 9 -1
23143 0 -1
30348 2 9 -1 6 -1 2 3 9 -1
31548 2 -1 4 -1
12809 3 7 -1
5950 0 1 4 -1 0 -1 4 -1
25429 0 0 11 -1 2 -1
28347 7 -1
5789 0 1 -1 0 0 1 -1 1 14 -1 0 -1
30083 0 -1
28033 0 3 13 -1
17145 1 2 -1 0 -1
9380 4 -1
25340 0 -1
22229 3 3 8 8 -1
12282 0 11 -1 1 -1 0 0 1 13 -1
29078 0 -1 1 6 -1 0 -1
20375 0 -1 1 -1 0 13 -1 0 0 9 -1 9 -1 0 -1 0 9 -1 2 -1
13983 5 14 -1 4 4 10 10 14 -1 4 10 14 -1
23757 6 -1 3 5 5 6 6 -1 2 -1
1409 5 -1 14 -1
16466 0 0 11 13 -1 0 -1 11 -1
764 0 -1 0 10 -1 0 11 13 -1 1 -1 0 11 -1
18252 0 -1
26366 7 -1 1 -1
22889 4 -1
23963 0 11 -1
13684 0 11 -1
16983 3 -1
4798 3 -1 7 -1
15993 13 -1
21804 7 14 -1
29495 4 -1
5000 0 5 -1
3984 0 0 13 13 -1 0 -1
23182 6 -1
8243 0 5 -1
2991 7 9 -1
5214 5 5 6 -1 1 -1
8255 1 -1
27875 2 -1 1 -1
30405 6 6 13 -1
6850 5 11 -1 11 -1 5 -1
10755 9 -1 6 -1
25166 0 -1 13 -1
28069 0 5 -1
8437 6 -1 1 3 13 -1
22430 3 -1 10 13 -1
25375 0 10 -1
4960 0 1 -1 0 1 -1
3473 11 -1
24608 0 0 0 1 1 -1
15610 1 2 -1
27430 6 -1 3 8 -1
5094 8 -1 9 -1 1 -1 9 10 -1 8 -1
28506 0 2 9 -1
4824 2 4 -1
13587 0 14 -1
19524 0 0 0 0 7 7 7 -1
7630 8 -1 4 -1
22354 0 5 -1
27705 0 -1
21587 8 -1
24046 0 5 -1 0 0 0 1 5 6 6 -1 0 -1 1 -1 0 0 1 -1 1 -1 0 -1 0 1 -1 11 -1 0 -1 10 -1
27030 3 -1 6 -1
6511 7 -1 0 -1
6806 0 11 -1
25394 1 3 -1
6843 0 7 -1 0 -1
9149 0 -1
24762 0 3 5 6 -1 3 -1 0 -1 11 -1
2996 0 -1 0 1 1 -1 0 -1 0 1 -1 1 -1 0 -1 0 9 10 -1 0 1 -1
9356 0 -1 1 6 -1 5 -1 2 -1
11697 0 -1 0 3 -1 13 -1 0 -1 0 1 -1 1 -1 0 -1
4615 0 13 -1 2 9 -1 7 -1
13021 1 -1 6 -1 1 -1 6 8 -1 6 -1 3 6 8 -1
30515 0 1 2 -1
9384 0 11 -1
10261 0 -1 1 -1 2 -1 11 -1 5 -1 0 -1 5 -1 0 -1
25413 9 -1 14 -1 6 -1 5 6 -1
13652 0 -1 0 4 -1
3540 7 -1 6 -1 3 -1
1220 6 12 13 -1
30373 0 6 -1
18001 0 5 11 -1
26764 6 -1 12 -1
9979 2 3 -1 3 -1 9 -1 10 -1
25559 1 -1
2055 0 -1 0 0 1 6 -1
30172 1 1 1 1 9 11 13 -1
29046 5 9 -1
30609 1 14 -1 4 5 7 -1 10 -1 2 6 -1
12574 0 -1
15537 1 4 -1
24681 5 5 6 -1
31522 1 -1
6189 0 6 8 -1 3 -1 6 -1
16561 0 -1 5 -1 8 -1 0 1 -1 8 -1 4 -1
31495 8 12 -1 0 -1 6 -1 0 3 -1
30870 0 -1 10 -1 0 -1 0 6 -1 0 1 6 -1 2 3 6 -1 0 10 -1
11735 0 0 9 -1 0 1 -1 0 10 -1 15 -1
4637 8 -1 12 -1
10771 0 -1 0 2 10 13 14 -1
10217 1 -1 2 -1
30813 14 -1 4 9 -1 5 10 -1 1 -1 8 -1
12893 0 13 13 -1
23967 0 6 -1
30005 0 0 11 -1
26501 3 -1 0 -1
25020 0 -1 5 -1 0 -1 10 -1
7324 0 1 9 -1 7 -1
12254 3 6 -1
14319 3 6 -1 3 -1 1 3 -1 1 1 4 5 -1
6935 0 -1
15375 4 6 -1 3 -1 1 -1
13476 0 0 1 1 -1
8563 6 -1
12764 0 3 -1 0 -1
10262 3 -1 5 5 6 6 11 12 -1 13 -1
2891 5 6 -1 5 -1 14 -1 1 -1 2 -1 1 4 5 -1 10 -1 5 -1 4 -1
27991 1 -1
18722 8 9 11 -1 8 8 11 -1 11 -1
24177 3 -1 10 -1 5 -1
19126 2 -1 9 14 -1 3 5 9 10 -1
16379 5 -1 0 0 0 5 6 -1 6 -1 0 -1
5495 5 -1
15101 0 13 -1 5 6 -1 5 -1
7360 0 5 -1 0 1 9 -1 1 9 -1 1 10 -1
18021 12 -1 8 -1 6 -1
12154 2 -1
8524 0 0 0 0 0 0 7 7 7 7 7 -1
5201 5 -1
16618 0 1 5 6 13 -1
2828 0 1 2 -1
25054 0 0 1 -1
17726 5 -1 0 9 -1 4 -1
13623 0 -1
4574 1 1 9 9 -1
4812 0 9 -1
29701 0 -1
11757 13 14 -1
28014 0 -1
20462 0 -1 3 -1 0 -1
6438 0 -1 11 -1 3 -1 0 -1
5487 5 -1
26226 0 1 10 13 -1 1 1 9 11 11 -1
25941 11 -1
9715 1 -1 0 -1
30395 5 -1
31663 7 -1 1 -1 7 13 -1 6 -1 13 -1
18829 0 11 -1
17438 4 -1 7 -1 0 -1
19875 0 -1
4696 1 3 -1
29158 3 -1
17480 3 3 6 6 6 -1
21997 2 11 14 -1
8602 11 -1 0 -1
19407 0 -1
10395 0 11 -1
16570 0 3 11 -1 4 13 -1 1 -1 13 14 -1 2 -1 10 11 -1
16860 1 5 -1
29129 9 -1
21374 5 -1
28793 13 -1
1291 0 0 3 -1
7518 0 0 10 -1 0 1 -1 0 1 -1 1 -1 0 0 1 -1 1 -1 0 -1
3626 0 0 5 13 -1 13 -1
20343 0 12 -1
21655 0 -1 9 -1 0 -1
31467 4 -1 1 -1
26747 3 6 -1
16930 0 0 6 -1 0 6 6 -1
21284 4 14 -1 3 6 14 -1
13988 3 5 -1
11289 1 -1 3 -1
9362 1 2 -1 11 -1
21545 0 -1
3353 0 2 -1
19876 0 2 -1
28564 0 -1 1 -1
15988 0 13 -1 0 0 1 -1 1 -1 0 0 1 10 -1 0 1 -1 0 -1 4 -1 0 -1
12522 1 -1 0 -1 9 -1
21057 5 13 14 -1 5 6 13 -1 13 -1 6 13 -1 5 6 -1
27595 0 -1 3 -1
28060 5 8 -1
28692 11 -1 0 10 -1 0 -1 11 -1
2287 0 11 15 -1
27559 3 -1 5 -1 0 -1
20692 0 5 8 -1
27880 0 6 6 -1
27530 0 -1
30182 0 -1 0 13 -1
14026 0 0 0 1 1 2 9 -1
30199 0 11 -1
26185 0 -1 13 -1 0 0 1 -1 0 1 -1 1 13 -1 0 -1
20103 0 1 2 4 5 14 -1 0 -1
21772 1 9 -1 0 9 -1 4 -1 3 11 -1
15376 11 -1 1 -1 0 -1 1 -1 0 -1 1 2 14 -1
13928 0 1 9 14 -1 5 -1
4287 0 1 1 4 -1
26026 8 -1
25775 0 0 6 6 -1 0 0 6 6 -1 6 -1 0 6 -1 0 6 -1 0 0 6 -1 0 6 -1 6 -1 0 6 -1 0 0 6 -1 0 6 6 -1 0 -1
1605 8 -1
8423 0 1 -1
31550 6 -1 5 -1
31682 0 0 10 -1
5280 3 6 8 -1
26038 3 6 -1
20728 0 -1 10 -1
3245 0 -1
11756 0 -1 0 2 -1
26474 0 -1
7528 0 11 -1
11036 10 14 -1
3750 1 -1
14930 5 -1 0 0 5 -1
8346 0 5 -1 0 6 -1 5 -1 7 -1
29688 6 13 -1 7 12 -1
12387 0 -1
18568 0 6 -1 6 -1
22557 0 0 1 -1 1 -1 0 0 13 -1 0 13 -1 5 -1 5 14 -1 0 -1 3 -1 0 -1 3 -1 0 0 13 -1
14349 6 8 -1 3 3 6 -1 8 -1
13393 0 0 5 6 -1
871 0 2 -1 16 -1 6 -1 0 -1 6 -1 0 1 -1 1 1 11 -1
14765 2 6 8 -1
12372 0 -1
24325 0 -1
10109 9 -1
27183 13 -1
20446 0 0 13 13 -1 0 0 0 0 9 9 13 -1 0 9 -1 6 -1
4773 1 -1 0 3 -1 0 -1 1 -1 0 -1 1 -1 0 -1
12166 14 -1 2 -1 14 -1 13 -1
20694 5 6 -1
25423 0 0 6 -1
29540 0 2 13 -1
26798 0 1 1 3 9 -1
17638 0 2 3 5 6 -1 6 -1
15913 0 3 -1 1 -1 0 -1 16 -1 0 -1
22060 0 12 13 -1
9928 1 -1 14 -1 0 -1 11 -1
8047 0 -1
20232 0 0 1 1 11 13 -1
5011 0 0 1 -1
10438 8 -1 5 -1 3 5 6 6 8 -1
9913 13 -1 1 11 -1 1 13 -1 11 13 -1 11 -1 0 1 11 -1 11 -1 13 -1
18840 8 11 -1
18031 5 -1
12432 12 13 -1
31101 0 9 11 -1
13918 4 -1
23541 0 2 -1
2750 0 0 0 1 1 9 11 -1 2 3 -1 0 -1
2351 0 -1 2 10 -1 1 2 -1 10 -1 0 -1 1 -1 0 -1
29006 0 -1 13 -1
19746 0 0 1 -1
24675 4 5 -1 1 5 -1 0 0 5 -1 5 -1 0 -1 5 -1
3486 3 -1
24084 0 1 -1
21130 3 -1
28307 3 6 -1
24035 0 11 -1 11 -1 0 11 -1 0 -1 5 -1 0 -1 0 0 1 11 11 -1
11107 1 -1 11 -1 1 -1 6 -1 10 -1
12366 10 -1
649 13 -1 6 -1 13 -1
16233 3 5 -1
3571 8 -1
24761 3 6 -1 3 6 6 -1 3 -1 3 6 7 -1
30701 3 -1
1826 5 -1
19668 13 -1
6344 0 0 1 11 -1
29880 2 3 5 10 10 16 -1
23952 2 -1 0 3 9 11 11 -1
16682 0 -1
22554 5 6 -1 1 2 5 14 -1
458 0 -1 1 -1 0 5 -1 6 -1
30108 0 0 1 1 -1
27191 5 -1
856 3 -1 3 5 6 6 -1 3 -1
17847 0 -1 1 -1 0 -1 3 -1 0 -1 0 9 -1 6 -1 3 -1
5928 0 -1 0 5 -1 5 -1 0 5 -1
16089 1 -1 0 0 1 11 -1
22511 0 3 9 -1
22185 0 0 11 -1 11 -1 0 11 -1 0 -1 1 6 -1 0 0 0 2 11 11 11 13 -1 0 1 3 6 11 -1 3 -1 6 -1 0 1 3 -1 11 -1
20842 8 13 -1 3 -1
19055 6 12 12 13 -1 1 7 12 -1 4 7 13 13 -1 1 -1 3 7 -1
25188 6 -1 0 -1
202 6 -1
16517 0 -1 1 -1 0 -1 2 -1 0 -1
28198 3 -1 0 -1 0 3 9 -1
20707 2 -1
24979 6 12 -1
25356 1 -1 11 -1
10644 10 -1
2846 3 -1
13353 0 1 -1
30561 0 1 -1
5275 1 13 -1 2 -1 7 -1 1 3 6 9 -1 3 6 -1 1 -1
21245 1 -1
10811 6 -1 0 -1
29404 1 5 -1
14059 3 6 6 8 8 -1 3 -1 1 10 -1 13 -1
6671 11 -1
15162 12 -1
30021 0 5 9 9 11 -1 0 2 10 -1 1 1 10 -1 0 -1 0 5 5 -1
4497 0 1 2 2 3 9 -1
8220 0 1 -1
13847 2 -1 6 -1
12553 0 0 1 13 -1
8865 0 -1 0 0 5 5 -1
14712 1 5 -1
21450 4 -1
4274 2 4 5 10 -1 4 5 -1 4 -1 5 -1 0 6 12 -1 6 -1 0 3 -1 8 12 12 -1
2226 0 -1 3 -1
14390 13 -1 5 -1
3704 0 9 16 -1 0 0 3 -1 0 1 2 -1
24946 0 0 1 1 -1
2306 0 -1 0 0 3 11 -1 10 -1 5 -1
17513 6 -1
25882 4 14 -1 1 -1
17433 0 -1
18254 0 -1 0 1 -1
1282 4 7 -1 1 7 -1 6 -1 3 6 -1 3 -1 6 -1 3 -1
13745 0 16 -1
25508 1 -1 0 -1 1 -1 0 -1 0 1 -1
29535 1 -1
2672 0 -1 1 5 -1
22753 5 6 -1 9 -1 1 5 6 6 12 12 12 -1 3 -1 1 -1
27047 0 -1
17185 0 1 -1
9712 0 -1
11774 1 -1
18917 0 -1
8603 11 -1 1 2 3 5 -1
29455 5 9 -1
1832 3 3 5 8 -1 3 5 -1
4473 0 11 -1
24095 5 -1 9 -1
24937 0 2 -1
3591 1 -1
31520 3 3 6 7 -1
30577 0 0 5 -1
1211 13 -1
12229 2 -1 3 11 -1
2858 0 -1 0 5 6 -1 5 6 -1
932 0 -1 3 10 -1
1755 0 -1 0 10 10 -1 0 1 -1 0 1 -1 0 -1
22115 0 -1
4478 1 5 -1
27746 2 -1
18661 6 11 -1 0 6 10 11 -1 0 0 1 1 11 -1 1 -1 11 -1
29777 6 -1 8 -1 6 8 -1
17018 0 3 5 10 -1
26121 11 -1 0 8 -1 8 -1 0 0 8 9 9 9 11 -1
28208 3 6 6 -1 3 -1
24006 0 7 7 -1 0 -1 7 -1 0 -1
30548 5 5 9 -1
1890 8 -1 12 -1 7 -1
27868 0 0 1 11 -1
9660 0 0 1 3 13 13 -1 4 -1 1 -1 5 14 14 -1 1 10 -1
30615 0 6 -1 2 -1 0 -1 9 -1 0 0 3 3 -1 0 -1 1 -1
7140 10 -1 0 -1 0 2 11 -1 0 10 -1 0 -1
12481 10 -1 8 -1
23491 3 -1
6688 8 -1
4392 0 6 -1 1 -1 1 5 -1
6758 4 -1
9431 5 6 14 14 -1
20994 2 3 13 -1
2728 0 2 11 -1 0 0 0 1 3 -1 0 3 -1
11579 8 12 -1 13 -1
13050 13 -1 0 2 -1
14650 5 6 -1 6 -1 5 -1 14 -1 4 -1
539 3 5 6 11 -1 1 -1
949 0 0 13 13 -1 2 -1
5439 1 -1 0 0 6 -1
3828 0 0 1 -1 0 1 -1
17797 0 -1
30533 0 0 3 6 11 -1
8860 8 8 9 -1
21823 0 6 -1 0 -1 3 -1 0 -1
26375 1 -1 0 -1 1 -1 0 -1
25767 0 4 6 6 8 8 -1 3 3 7 -1 0 -1
15840 2 -1 4 8 -1 8 12 -1 0 -1 3 -1 0 -1
3706 0 -1
24862 1 -1 0 -1 0 6 -1 0 3 -1 1 -1 0 -1
30532 3 6 -1
24320 0 5 5 15 -1
17628 6 8 -1 8 -1 0 6 -1 0 -1 5 -1 6 8 -1
1411 0 -1
7155 0 -1
11270 0 13 13 -1
3456 3 6 6 -1
27470 1 -1
11605 3 6 6 -1 0 3 -1
22930 6 8 -1 0 -1 0 3 -1
211 0 -1
4669 3 -1
10992 5 6 6 14 14 -1 5 6 -1
25873 5 -1
6776 12 13 -1 0 8 -1 13 -1 12 12 12 13 13 13 -1
18003 1 -1
18654 2 4 -1
532 0 -1 10 -1 0 11 -1 0 1 -1 0 0 1 -1 10 -1
9700 5 5 6 9 -1
25420 8 -1 6 -1 8 -1 6 -1 6 8 -1 8 -1 3 6 -1 8 -1 6 8 -1 3 6 -1 3 -1 5 -1 3 -1
11044 1 -1
18375 10 -1 0 -1 13 -1 0 -1 1 -1 0 0 1 3 -1 0 0 0 10 11 11 11 -1
25988 4 9 -1
12441 0 -1 0 3 6 6 -1 3 -1 0 -1
18489 0 0 0 1 11 -1
15012 0 1 1 1 4 6 -1 13 -1 5 10 -1 1 -1 2 10 -1
15627 5 6 -1
12753 6 8 -1
26658 4 -1
12941 3 -1
5618 0 -1 1 -1
26654 5 6 -1 6 -1
28202 1 -1
11472 1 6 6 7 -1 1 3 3 -1 5 7 7 7 9 -1 6 -1 3 -1
17682 7 -1
31278 0 4 -1 0 -1 0 13 -1 0 5 -1
31658 1 13 -1 13 -1
25059 0 -1 1 14 14 -1 0 1 1 2 3 5 10 -1 5 -1 5 6 6 -1
23715 0 -1 11 -1 0 -1
30819 4 6 7 9 10 -1
10495 5 -1 0 -1 1 -1
24321 6 -1 0 6 14 -1
17923 13 -1 0 13 -1 0 -1 13 -1 0 0 0 13 13 13 -1
1974 11 -1 5 -1
4861 11 -1 0 -1
8818 6 -1
29095 5 -1
20000 0 -1
6576 2 9 -1 9 -1
8737 0 -1
17767 1 -1 0 -1
7494 0 3 -1
19973 1 -1
7951 0 -1 0 16 -1 0 0 9 13 -1
29879 14 -1 5 5 6 -1
12001 0 2 -1
29275 0 -1
28062 6 -1 2 5 5 5 6 -1
18508 0 -1 3 -1 0 -1 3 -1
4021 0 3 6 -1
20620 3 5 6 11 -1
23507 0 11 -1 0 11 -1
25978 0 -1
24582 6 14 -1
192 0 -1 0 4 -1
18744 8 -1 12 -1 7 -1
23977 3 6 -1
8274 10 -1
14951 0 -1 13 -1 0 -1 13 -1 0 -1
8238 0 -1
2878 1 -1 0 9 -1 1 -1
23364 0 13 -1 0 -1
29412 5 -1 8 -1 2 -1 8 -1 3 -1 13 -1
25008 8 -1
6335 14 -1 4 5 -1
18024 14 -1
11892 10 -1 0 -1 0 3 11 -1
22918 2 8 11 -1 12 -1
4367 0 -1 1 13 -1
27761 3 3 6 8 -1 0 -1 0 6 8 -1
2816 0 -1 11 -1
5892 0 0 6 -1
23719 11 -1 11 14 -1
972 3 -1 8 -1 6 -1
7691 1 2 3 3 6 6 -1
24760 11 -1
12211 1 4 -1
17106 0 0 6 -1
16813 0 1 -1 0 -1 0 3 3 -1 0 -1
14936 7 15 -1
23996 0 3 6 -1 1 3 3 6 -1 3 6 7 -1
11324 0 -1 3 5 -1 0 -1
14766 5 -1 3 6 6 -1 3 -1 3 6 6 -1 3 6 -1 3 -1
4813 0 1 4 9 14 14 14 -1 14 -1 9 -1
23279 0 5 6 -1 3 5 13 -1
4572 0 6 -1
3745 2 6 -1 3 -1 0 -1
6715 4 -1
28089 0 4 10 -1
7858 0 1 2 2 4 13 -1
13874 0 10 -1 13 -1 0 -1 13 -1
5328 0 -1
5085 1 3 -1
11093 0 1 -1 0 0 1 -1 0 1 -1 0 1 -1 0 13 -1
2279 1 3 8 -1
10236 5 10 16 -1
9970 1 11 -1
11098 6 -1
19468 2 -1 0 -1 2 -1 0 0 1 1 -1
9543 2 -1
3248 5 -1
16711 3 11 13 -1
25728 0 -1 1 2 5 -1 2 -1 5 -1 0 -1 3 -1 11 -1
14057 0 13 -1
12590 10 -1 13 14 14 -1 5 -1
1942 1 -1
25717 0 -1
23658 14 -1 6 -1 0 6 14 -1
28609 1 1 2 5 14 14 14 -1 14 -1
22553 0 0 2 -1
4529 0 2 -1 0 0 2 -1
13520 7 -1
26850 0 6 -1
3863 3 -1
5179 0 10 -1 0 11 -1 6 -1 0 6 -1 0 -1
13473 14 -1 5 6 6 -1
9254 13 -1 0 2 3 13 -1 5 -1 3 4 6 -1
29968 0 0 3 6 -1 5 8 -1
9531 3 3 6 -1
10310 5 -1 0 -1
18762 0 1 -1 0 1 2 -1 2 -1 9 -1 1 -1 2 9 -1
13779 0 0 5 9 10 11 -1
30607 0 6 -1 1 -1
16875 0 0 1 13 -1 5 -1 0 -1 3 -1 0 -1 0 1 -1 0 13 -1
5994 0 0 1 1 -1 0 -1
18815 6 14 -1
18047 0 5 -1
18204 6 -1
19513 0 -1 0 11 11 -1
10910 8 12 -1 7 -1 2 13 -1 8 -1 7 -1 0 2 7 -1 1 1 7 -1 14 -1 1 2 3 6 10 11 13 -1 9 -1 1 4 5 -1 0 -1 1 1 14 -1 9 10 11 13 -1 2 -1 4 5 7 8 12 -1 2 7 13 -1 8 -1 12 -1 13 -1 12 13 -1 15 -1 11 -1 2 3 7 7 8 9 10 12 -1 8 -1 12 -1 7 -1 13 -1 12 12 13 13 -1 15 -1 7 9 10 11 -1 3 -1
24546 1 -1 0 -1 0 0 0 1 5 5 -1
4312 5 -1
25453 5 5 6 9 14 -1
15938 0 0 13 -1
14412 1 -1 6 -1 3 -1 1 -1
12473 2 5 -1
16516 0 1 -1
12396 0 -1 0 13 -1
8080 0 -1 5 -1 6 -1 3 3 6 7 -1
24886 13 -1 0 -1 0 1 -1 13 -1 0 -1 3 -1
20962 3 -1
4707 0 -1
20719 0 9 16 -1 0 -1
28037 6 6 7 -1 3 -1 1 -1 13 -1
14629 0 0 1 2 10 -1 0 0 3 -1
4643 1 11 -1 1 14 -1 0 -1 1 -1
14340 3 6 -1
14422 1 2 -1 0 -1 1 -1 0 -1
19005 0 4 4 -1
1880 0 9 -1 0 -1 0 0 5 6 -1
3283 0 -1
31582 0 4 -1
18111 0 -1 3 -1 0 -1 3 -1
3949 5 -1 1 1 5 13 -1
8978 0 0 15 15 -1
8250 0 -1 5 -1 0 1 5 -1 0 5 -1 5 14 -1
11637 4 -1
3484 0 11 -1 0 0 13 -1
802 0 -1 0 6 9 -1
17813 0 4 5 -1
27491 0 -1 0 1 10 -1 0 5 10 -1 16 -1 0 10 -1 0 5 5 -1
5316 1 11 11 -1
30633 0 0 6 8 8 -1 0 6 -1 8 -1 12 -1
13300 0 0 3 5 -1
3153 1 5 8 9 -1 1 6 -1 4 5 -1
14949 0 -1
10270 5 -1 7 9 9 11 14 14 -1
26069 8 11 -1 1 5 8 12 12 13 -1
6236 0 0 3 6 -1
9377 0 -1
8057 0 -1
6192 13 -1 11 -1
30 7 -1 0 -1
9065 1 2 -1
31122 0 0 1 -1
24506 0 -1
5514 0 1 13 -1 1 13 -1
12267 14 -1 0 1 -1
25625 2 -1 1 -1 1 11 -1 5 -1
27630 1 6 13 -1
6245 0 0 7 -1 0 5 7 16 -1 5 -1
15127 13 -1 11 -1
29927 1 -1
10238 7 -1 0 -1
26807 0 -1 5 -1 0 9 -1 5 -1
27780 0 0 10 -1 10 -1 0 0 5 -1
3506 0 -1 1 -1 0 -1 0 2 11 -1 0 0 1 -1
4811 3 -1
14436 0 -1
17113 0 -1 9 -1 0 -1 1 2 -1 0 1 -1
24922 0 -1
9754 0 10 -1 5 7 10 -1 7 -1 10 -1 3 3 5 14 -1 2 9 11 16 -1 1 -1 0 14 -1 1 10 -1 1 -1 1 6 -1 6 -1 3 6 11 -1 1 3 6 -1 9 -1 0 1 11 -1 10 -1 7 -1 11 -1 0 5 -1 3 5 7 -1 1 -1 2 4 5 10 -1 9 14 -1 6 11 -1 13 -1
14986 0 1 2 -1 1 -1 0 -1
17211 3 -1 3 6 6 -1 3 6 -1 3 -1 6 -1 3 -1 6 -1 3 -1 6 -1 3 3 6 6 -1 3 3 6 6 -1 3 -1 3 3 6 6 -1 3 3 6 6 -1 3 6 -1
24853 3 5 9 -1 0 -1 0 5 10 11 -1 0 0 1 -1 9 -1
31077 1 10 -1
25921 5 -1
29260 0 -1
6789 0 -1 11 -1 0 -1 0 13 -1
3482 1 -1 0 -1
6180 0 -1 2 -1
31133 2 -1
14128 5 -1
9607 0 0 11 -1
11351 1 4 8 8 -1
17956 0 -1 0 5 5 6 -1
4101 5 -1
1595 0 -1 1 5 10 11 16 -1
2299 3 -1
28520 1 3 5 10 10 11 -1
21963 0 1 -1 1 -1
16079 0 3 -1 0 -1 0 3 -1 0 0 11 11 11 -1 0 -1
161 3 -1
6407 0 -1
19793 8 -1 7 -1
27039 6 -1
10434 3 9 10 11 13 -1
6358 0 -1 1 -1
3935 0 -1
17505 0 9 14 -1
3646 6 -1
29831 0 13 -1 0 -1
4690 0 -1
25584 0 0 1 -1
2459 0 3 3 -1
555 0 3 -1 9 -1
814 13 -1
542 3 5 12 12 13 13 -1
7685 4 5 8 -1 8 -1 0 3 6 -1
1531 11 -1
23710 0 0 0 8 8 -1 0 8 -1
18623 8 -1
12914 0 0 3 -1
15525 0 -1
8516 0 0 4 14 14 14 -1 14 -1 4 -1 14 -1 1 -1 0 14 -1 14 -1
22883 5 6 -1 0 14 -1 1 5 -1 1 1 1 3 5 5 -1 1 5 -1 3 6 -1 0 1 3 5 -1 6 -1 0 -1 5 -1
29301 7 -1 1 -1 2 7 -1 6 9 -1 3 6 -1 1 3 -1
6012 13 -1
31561 0 1 -1 2 -1 1 -1 0 2 9 -1
18241 10 -1
11011 0 0 3 6 -1 3 -1 0 -1
6444 5 -1
7267 0 1 -1 0 1 -1 0 0 1 1 -1
3677 1 11 -1
18392 5 10 -1
7403 5 9 14 -1 5 6 -1 5 6 -1 14 -1 1 -1
12250 4 -1
3570 2 13 -1
28358 5 -1 0 3 9 -1 5 -1
19090 5 14 -1 14 -1 11 -1 14 -1
30012 8 14 -1 10 -1
25803 0 13 -1 1 -1 0 -1 13 -1 0 13 -1 0 -1
7924 1 4 11 -1
5546 0 -1 10 -1 0 -1
11069 3 7 8 -1 7 -1
11484 0 0 10 -1 1 -1
23898 0 -1 3 -1 9 -1
7121 0 15 -1
2546 7 -1
3627 14 -1
20126 0 -1
12256 1 -1
19295 1 6 -1 3 -1
9110 0 -1
11191 11 -1
699 0 13 -1 0 1 -1
23657 0 -1
11899 14 -1
17919 11 -1 0 13 -1 0 1 9 13 -1 0 1 2 13 -1 0 -1 1 -1 0 -1 0 1 3 -1 11 -1
30839 3 3 6 -1 0 0 3 6 6 7 -1
3983 0 -1
4916 5 -1
4250 0 -1
6100 13 -1
31612 0 0 5 5 -1 5 9 -1 1 -1 0 3 -1 5 -1 0 -1 0 9 -1
10702 0 -1
8339 1 3 13 -1
14580 3 -1
21842 0 -1
26849 3 10 -1
10857 5 -1 6 -1 5 -1
1589 0 1 -1 0 0 1 -1
24610 10 -1
31545 11 -1
18992 6 7 -1
2496 0 1 3 -1
29579 0 0 0 3 11 11 -1
8413 0 -1
4523 8 -1
16067 1 3 -1
14548 0 0 6 -1 0 6 -1 1 6 -1 3 -1 3 6 -1 1 -1 2 9 -1
26699 11 16 -1 5 5 6 -1 6 -1 5 -1 6 -1 4 14 -1
4638 0 -1 9 -1
2014 0 0 6 9 11 -1
10774 1 -1
12439 0 -1
16688 6 -1 3 7 -1
16747 0 0 8 13 -1 0 0 11 13 -1
26518 4 -1 1 2 14 -1
19082 2 2 5 -1
7149 5 -1
12327 1 -1
14950 3 -1
16324 0 4 -1
7280 11 -1
28225 0 -1
31648 2 -1
25485 0 -1 7 -1
26986 0 0 4 -1 3 16 -1
3790 0 -1 9 -1
26498 0 1 14 -1
11300 0 0 11 -1 0 3 8 -1
7850 0 -1 10 -1 0 -1 0 13 13 -1 0 -1 11 -1 0 -1 9 -1 0 16 -1
30947 0 5 5 -1 5 5 6 6 10 -1
5708 1 -1
25795 1 -1 7 -1
3464 5 -1
15798 0 -1 0 1 3 -1 0 11 -1 5 5 6 -1 6 -1 5 -1
20105 9 -1 6 -1
7971 14 -1
29327 11 -1
4324 11 -1
15458 10 -1 0 -1
8338 0 5 5 -1 0 1 3 14 -1 0 1 -1 3 14 -1 0 -1 1 -1 0 -1 5 -1
13160 0 -1 0 2 -1 10 -1
2941 9 -1
17360 0 3 3 6 -1
14883 4 -1 8 -1 2 3 -1
29581 0 -1 0 1 -1
29032 8 -1
4542 6 -1
28092 9 -1
26352 5 -1 0 -1
2457 1 -1 1 4 7 -1 5 -1 2 9 10 -1 6 13 -1 0 1 11 -1
11991 1 -1 8 12 -1 7 -1 5 -1 2 8 -1 8 -1 7 8 12 12 -1 6 13 -1 0 -1 0 1 1 -1 14 -1 11 -1 6 -1 13 -1 2 -1 3 -1 4 5 7 9 10 -1
9845 3 -1 13 -1 0 -1 5 -1 0 -1 3 -1
12585 14 -1
12680 5 9 -1 0 5 10 -1
8788 14 -1 10 -1 14 -1 3 14 -1 2 -1 14 -1 2 -1 9 14 -1
11259 3 -1
3145 1 10 -1 1 16 -1 7 9 -1 1 -1 7 -1
13937 13 -1 0 0 13 -1
10967 4 8 12 13 -1
19874 0 6 -1 0 1 3 -1 13 -1
8363 13 15 -1
640 0 -1 11 -1 0 2 -1 0 -1 1 -1
20605 12 -1 12 13 13 -1
4080 0 0 10 -1 0 0 1 2 -1 0 6 -1
26936 3 6 -1
23950 5 14 -1
23642 0 13 -1
791 0 3 -1 0 11 11 -1 0 11 -1
6722 9 -1 0 1 -1
30614 5 -1
17910 13 -1
25489 0 -1 10 -1 0 3 -1 0 1 -1 6 -1 3 -1 5 9 -1 5 -1 3 11 -1 0 -1 1 -1 6 -1
10160 0 -1
19852 0 6 -1 0 -1
26286 1 -1 1 1 2 3 11 -1
20662 11 -1
2454 8 -1 7 -1
21383 0 -1
1330 0 1 8 -1 0 1 3 8 -1
16426 8 -1 0 0 1 3 6 6 -1 3 6 6 -1
28757 4 8 -1
26993 3 -1
14279 0 3 -1
17443 5 9 14 14 -1 4 4 10 14 -1 14 -1 9 -1 14 -1 2 -1 4 -1 4 14 -1 4 14 -1 14 -1 4 -1 5 -1 4 -1 14 15 -1
27023 2 -1 0 14 -1 1 14 -1 9 -1 14 -1 9 14 -1
2647 5 14 -1
18498 8 -1 0 -1
27019 0 6 -1 6 -1 0 -1
9485 16 -1
5813 3 -1
25195 8 -1 3 6 8 -1
7870 0 5 14 14 -1
27255 6 -1 6 8 8 -1
3810 2 -1
10499 0 -1
21191 2 9 -1
29119 1 1 5 -1
14402 11 -1
3680 0 1 1 14 -1 1 -1
7094 0 0 1 -1 3 -1 0 -1 3 -1 1 -1 0 0 1 3 10 -1
16227 7 -1
23009 14 -1 0 1 -1 1 1 4 5 -1 6 -1
28787 0 11 -1 1 2 16 -1
29538 1 -1 0 -1 1 -1 0 1 -1 0 -1
15549 9 -1
1584 4 5 6 6 14 14 -1 9 14 -1
28950 10 16 -1 1 2 -1
4295 5 6 -1
1294 0 -1
30554 0 2 11 -1
2006 0 0 0 1 1 1 -1 0 -1
30988 0 -1
27857 11 14 -1 0 1 1 3 5 -1 3 6 14 -1 3 -1
25871 9 14 -1
23625 0 -1
18067 0 13 -1 0 16 -1 10 -1 0 0 8 13 -1
23010 0 2 -1 0 -1
14844 6 -1 0 -1 0 6 -1
17504 0 11 -1
22782 0 -1
17047 12 -1 7 8 -1 9 -1 5 -1 3 6 -1
15438 0 -1 1 -1 13 -1 0 -1
30753 8 -1 3 8 -1
27968 0 -1
16700 3 -1
11606 0 1 -1 0 13 -1 0 -1 0 1 -1 13 -1
17194 0 6 -1 0 3 -1 0 -1
16535 0 -1 1 -1 0 -1 0 0 3 5 11 -1 0 1 -1 0 1 -1 0 0 2 4 -1 1 -1
1155 3 6 -1 5 -1
10761 0 0 2 -1
2652 0 2 3 -1
12602 12 -1 13 -1 4 12 -1 8 -1
23116 0 -1 0 9 -1 10 -1 0 1 -1 0 0 1 -1 1 -1 0 -1 0 1 1 -1
9206 16 -1
16491 8 9 -1 3 8 9 -1 8 -1 5 6 -1 5 -1
20406 6 -1
7999 13 -1 0 -1 13 -1 0 6 11 -1 3 6 -1
1663 0 1 -1
18058 1 -1 2 -1
3713 1 -1
17458 0 -1
22462 4 14 -1 1 14 -1 2 14 -1
11185 5 14 -1 0 2 5 -1
10516 1 -1 0 -1 1 -1
12873 2 8 11 -1
19266 2 -1
13651 3 -1
5294 12 -1
31524 3 -1 2 -1 8 -1
15786 0 -1 5 14 -1 14 -1 0 -1
22435 16 -1
7479 0 0 2 2 -1
10361 0 7 -1 0 7 -1
23670 4 13 -1 0 4 5 9 10 -1
7884 14 -1
15147 0 -1 13 -1 0 0 13 -1 9 13 -1 9 -1 0 0 13 -1
28109 0 0 1 8 -1
2773 13 -1
29419 1 2 -1
20329 6 12 -1
3223 0 0 11 -1
4434 0 -1 0 5 6 -1
26004 10 14 -1
13573 0 0 2 11 -1 0 10 -1 11 -1 0 -1
8716 9 11 -1 0 2 3 -1
5988 4 -1
14365 0 -1
731 0 -1 1 -1 0 1 -1
15768 6 14 -1
1827 0 -1
1967 0 -1 13 -1
17168 6 -1 4 -1 6 -1
23000 0 -1 0 10 -1 0 0 1 2 -1
27936 10 16 -1 11 -1 16 -1 0 -1 1 -1 5 9 -1
12480 5 5 6 7 8 -1
22483 0 0 10 -1 0 1 -1 3 -1 0 -1
19632 4 5 14 -1 14 -1 6 8 8 9 -1 12 -1
23921 0 0 1 13 -1 1 14 -1 0 13 -1
2327 1 4 -1
16680 0 -1
911 13 -1 8 -1 10 -1
7285 3 -1 2 9 -1 0 -1
28903 0 -1 0 3 5 -1
14022 5 5 5 6 6 -1 1 4 4 10 14 14 14 -1 3 -1
24069 0 -1 11 -1 0 -1 2 13 -1 0 13 -1 0 -1 9 -1
27494 14 -1 4 4 4 4 14 14 14 -1
23509 0 0 8 -1 10 -1
20753 0 0 1 -1 1 -1 0 -1 1 -1 0 8 -1
12897 0 0 2 -1
31557 1 1 5 -1
18848 0 -1
13692 1 5 5 6 -1 5 -1
5029 1 8 -1 6 8 -1 1 3 6 -1
9732 6 8 -1 6 6 8 8 -1 6 -1 0 6 8 -1
5384 13 -1 0 -1 4 -1 3 6 -1 6 -1 0 3 -1 2 -1
6110 0 6 -1
3468 0 4 -1
23747 0 -1
30346 4 -1 0 -1
30449 9 16 -1
31477 0 -1 1 -1 0 -1 1 -1 0 1 -1 0 -1
10399 1 3 -1 3 -1 1 -1 6 -1
9200 0 13 -1
5425 2 -1
26471 0 3 -1 0 -1
10694 0 -1 9 -1
21976 0 -1 5 -1 6 -1
13545 0 1 11 -1 13 -1 0 13 -1 1 -1 11 -1
27850 0 0 7 7 -1 0 7 7 -1
25103 0 -1 0 0 1 1 -1
5251 5 6 -1
28954 0 -1
4850 0 -1 11 -1
19796 1 -1 1 13 -1 13 -1 1 -1 6 13 15 -1 6 13 -1 1 13 -1
25414 11 -1
30696 0 5 -1 2 -1 9 -1 2 -1 5 -1 13 -1 5 -1 9 -1
17978 0 0 7 -1 0 2 11 -1 0 -1
3712 14 -1 5 9 14 -1
21439 11 -1 0 0 11 -1
17272 0 3 3 6 6 -1 5 10 -1
775 2 8 11 -1 2 9 -1
17059 11 -1 0 0 1 1 -1 0 -1 1 -1 0 -1 1 -1
27466 0 0 10 -1 3 -1 0 -1 0 0 3 11 -1 13 -1 0 -1 13 -1
4242 3 6 -1
5873 5 -1 6 -1 5 -1 14 -1 9 -1 5 -1 9 14 -1 6 -1 5 -1
8505 1 5 -1
25676 0 -1 7 -1 13 -1
27351 6 -1 3 -1
18163 1 -1 1 11 -1
29549 5 9 10 -1 5 6 -1 5 6 -1 14 -1 1 9 -1
4075 1 -1 0 -1 1 -1
4279 0 1 -1 13 -1 0 -1
13515 3 3 6 6 -1 3 6 -1
27670 0 5 -1
22388 0 0 10 -1
13565 3 5 5 -1
29068 0 0 1 -1 1 13 -1
13226 0 -1
17476 3 6 -1 3 6 -1
12698 7 -1 12 -1
11916 0 0 0 4 4 4 -1 0 4 -1 0 -1
6856 6 -1
21007 8 -1
6672 0 -1
16198 0 3 -1
8097 4 5 -1
23149 4 4 4 8 8 -1
913 3 6 -1 3 3 6 6 -1 7 -1
18330 0 1 -1 0 -1
20292 0 13 -1
2921 5 -1 9 -1
11084 0 2 -1 3 -1 0 3 -1 0 -1
31058 1 2 -1 8 -1 0 1 -1 2 -1
19808 3 -1
8609 0 5 -1 1 -1
11833 0 -1 0 11 -1 0 0 10 11 -1 10 -1
16639 9 -1
21337 0 1 9 10 -1 1 13 -1 11 -1 13 -1 2 -1 0 3 -1 1 -1 11 -1
7772 0 -1
11809 4 -1
2434 0 -1 2 8 -1 0 5 -1 1 5 16 -1 8 -1 0 -1
13105 1 -1
19980 0 1 2 -1 1 1 2 -1
23287 7 13 -1
28280 0 0 1 5 -1 2 -1 0 -1 11 -1
9148 0 -1
23152 0 3 3 3 6 6 6 -1
18843 0 1 -1 0 0 1 1 13 -1
5965 9 -1
3013 11 -1 14 -1
6199 1 11 -1 11 13 14 -1 1 -1
23984 3 3 6 6 9 10 10 -1 1 3 9 -1
6803 5 -1 6 14 -1 0 5 6 14 -1 5 10 11 -1 1 5 -1 14 -1 5 -1
6122 0 2 -1
20364 0 7 -1
20431 3 -1
18675 0 -1 1 2 4 14 14 -1 5 -1 14 -1 10 -1 2 14 -1
12482 10 -1 13 -1 1 -1 0 -1 0 1 1 11 14 -1 1 14 -1 7 16 -1 4 -1 5 10 -1 2 -1
30777 0 8 -1 16 -1 0 8 -1 5 -1 0 -1 0 8 -1
26151 8 -1 11 -1
19942 1 -1 11 -1
16288 5 -1
5817 0 7 -1
6050 8 -1
28365 0 1 -1 0 3 -1 0 -1 3 -1 0 -1 0 3 -1 6 -1 0 -1 0 0 0 3 6 6 -1 0 6 6 -1 0 0 6 6 -1 0 6 -1
18073 0 -1 7 -1 0 -1 7 -1 0 -1 7 -1
4343 0 0 4 -1
12370 0 -1
23508 0 -1 2 -1 0 -1
10946 0 10 -1 10 -1 0 -1 11 -1 0 -1 11 -1 0 -1 0 1 -1
6627 0 0 1 -1
22123 0 -1 11 -1 10 13 -1
15447 14 -1
22842 0 0 1 -1 0 0 1 5 -1
15312 6 14 -1 5 -1 6 14 -1 14 -1
15039 0 -1
7584 1 2 6 9 10 -1 13 -1
30428 10 -1
1746 2 -1
11779 0 -1
8127 0 2 2 11 11 -1
7195 3 -1
22431 5 5 5 6 6 -1
1303 0 4 -1 0 -1
27701 0 -1
18719 0 0 2 11 -1
20737 0 10 -1
24596 3 -1
18385 11 -1
30618 5 -1
20849 4 -1 0 8 -1
4633 8 11 -1 8 9 -1
9644 6 -1
16363 0 0 12 12 12 -1 0 0 12 12 -1 0 -1 13 -1 0 0 13 13 -1 0 -1 13 -1 0 -1 13 -1 0 -1
11659 3 12 -1
15661 13 -1 0 -1
18687 6 -1 0 6 -1 0 1 1 13 -1
6652 1 13 -1
16479 0 5 -1
19593 0 9 -1
9422 0 -1 1 -1 1 5 -1 13 -1
21927 3 6 -1
28978 0 1 -1
23870 3 3 7 -1
27296 0 1 3 3 5 13 13 13 -1
29597 1 -1
8843 0 -1
22944 3 8 -1 0 8 -1 4 8 -1 0 8 -1
4843 5 5 6 -1
22196 12 -1
2431 1 -1 0 -1
21826 1 14 -1 4 -1
2713 5 -1
27973 1 6 9 -1 3 7 -1 0 0 1 7 -1
11141 1 -1 9 -1
1868 0 9 -1 9 -1
796 3 3 6 6 6 -1
11150 0 0 1 1 2 3 6 6 -1
23738 1 3 6 -1
9129 0 1 6 -1 5 6 14 -1
16888 12 -1
7927 2 14 -1
9197 0 -1
29499 7 -1 0 -1 1 -1 0 -1 0 0 13 13 -1 0 13 -1 0 13 -1 13 -1 0 -1 7 -1
14113 0 5 -1
20211 0 -1
17329 8 12 12 -1 8 -1 0 14 -1
1937 3 -1 0 -1 10 -1
18560 7 7 11 -1 0 -1
20441 0 11 -1
22656 0 0 1 -1
10033 0 -1
11783 5 6 -1 5 5 6 6 -1
29091 0 0 0 1 1 -1
1825 6 -1 3 3 6 -1 1 -1
16828 0 5 -1 0 1 5 -1
4977 3 -1 0 -1
3266 3 -1 0 0 3 -1
26007 0 -1 0 16 -1
23943 3 -1 0 -1 0 0 3 3 -1
18616 11 -1
27224 5 -1 0 13 -1 12 -1
8207 1 -1 11 13 -1 6 -1 3 -1
6027 4 -1
3477 3 -1
10286 0 1 3 -1
21405 0 1 13 -1
14829 11 -1 1 -1 0 14 -1 1 -1 0 13 -1 11 -1 0 -1 11 -1 0 1 1 14 -1
28823 13 -1 0 -1 0 7 -1
24417 0 1 -1 0 -1
20772 0 0 2 10 -1 0 9 -1 0 -1
9247 0 7 -1
1287 1 -1
11013 3 -1 0 4 -1
425 8 -1 1 7 8 -1 7 -1 6 -1 3 6 -1
30818 8 12 -1 8 12 -1
5270 0 -1 1 -1 0 1 -1 0 0 1 -1
420 1 1 11 11 -1
25568 0 1 -1
2976 3 -1
10538 0 6 -1
3239 3 -1
25715 5 -1 9 -1 6 -1 3 -1 1 -1 3 -1 3 6 -1 14 -1
27833 2 3 -1
10113 0 11 -1 0 0 13 -1
2086 0 14 -1
13463 0 -1 10 -1 0 3 -1 0 1 -1 0 -1
27976 5 6 14 -1 5 6 -1 5 -1
2169 1 -1 13 -1 0 -1
26245 3 6 -1
10683 3 7 -1
1111 0 13 13 -1
1884 0 11 -1
30155 11 -1 0 -1
20961 1 -1 1 9 -1 1 1 3 9 16 -1 5 6 6 -1 0 -1
23265 5 5 6 14 -1 14 -1 5 -1
10778 3 3 6 8 11 11 -1 3 3 6 11 -1
14941 0 -1
25756 0 -1
13371 1 -1
17571 0 11 -1 0 -1
21955 5 11 -1
9177 0 -1
14483 5 5 6 14 -1
4747 1 1 4 5 5 8 -1 0 -1 5 -1 1 -1
19307 0 3 13 -1
31001 0 -1 11 -1 0 -1 0 7 7 9 9 10 11 -1 0 -1 0 1 -1 3 -1 0 -1 3 -1
23676 14 -1
26223 0 -1
1239 11 -1
30256 0 -1
14410 3 3 3 6 6 -1 6 -1 3 -1 6 -1
1945 1 -1
4262 0 -1
16524 13 -1 1 6 11 14 -1 0 -1
12257 3 14 -1 1 4 5 -1
16769 9 -1
24050 4 -1
18634 0 -1 1 5 -1
703 0 10 -1
22652 0 -1 1 1 13 -1 0 5 -1 0 5 -1 0 -1 0 5 -1 0 5 -1 1 13 -1 1 -1 13 -1
14388 13 -1 0 -1 1 -1 3 -1 0 3 -1 0 -1 0 11 13 13 -1
12986 0 11 -1
5850 0 6 -1 0 -1 1 -1 0 1 -1 0 1 5 -1
18214 3 11 -1
15271 0 11 -1 0 9 -1 0 11 -1
17532 0 13 -1 0 1 1 13 -1
19795 0 -1
6101 0 0 1 1 1 3 6 -1 6 -1 0 -1 6 -1
5459 0 0 6 6 11 -1 11 -1 0 -1 0 11 -1 0 1 6 -1 0 11 -1 6 -1 0 -1 3 -1
23851 0 2 3 16 -1
21123 0 0 12 12 12 -1 0 0 13 13 -1 0 -1 13 -1 0 -1
3672 0 -1
19941 1 -1
31190 4 14 -1
17038 3 -1
7629 0 0 1 -1
25573 11 -1
6270 1 -1 0 11 -1 0 0 0 2 13 13 -1 0 -1 6 -1
8415 1 1 1 3 13 -1 10 -1
27072 3 7 -1
27554 1 7 -1 1 6 6 7 7 -1 7 -1
7753 9 13 -1
19351 7 11 -1
30355 0 1 5 5 -1 0 5 -1
8315 11 -1 9 -1
29745 12 13 -1
28620 9 -1
4552 0 -1
13842 11 -1 0 -1 1 -1 0 3 -1 0 0 0 1 11 -1
951 0 2 -1 1 11 -1
20273 0 -1
26171 5 -1
12335 0 11 -1
11982 0 7 -1 0 -1
23092 6 8 8 -1
11215 10 10 16 16 -1
25068 0 -1
30676 0 -1 3 -1
6872 5 6 -1 1 -1
6313 0 6 -1 1 -1
12928 2 -1 0 1 -1
29764 11 -1 8 -1
5590 0 0 0 1 10 16 -1
12980 0 0 5 11 -1 0 5 6 -1 5 -1 0 -1
25219 0 0 13 -1 1 -1
27304 0 0 1 -1 1 -1
12667 14 -1
7874 6 -1 0 -1
18146 2 -1
6822 0 9 -1
15800 2 9 -1
6055 3 5 14 -1
25147 1 3 11 -1
14782 4 -1
2650 0 6 7 -1 0 3 -1 0 3 3 6 -1
346 0 10 14 -1
3216 0 -1 10 -1
1699 5 -1
27374 1 5 -1
418 0 6 -1 0 0 6 -1
23151 3 5 6 9 10 -1 11 -1
15696 0 4 -1 7 -1 0 -1 3 -1 0 4 -1
9372 0 4 -1
27588 0 1 3 11 -1
8646 0 1 10 -1 0 4 -1 1 -1
3183 0 5 -1
12332 0 0 1 -1 11 -1 0 -1 0 4 -1
2406 0 1 13 -1
11071 0 -1 0 1 11 -1
5562 6 -1 0 3 6 -1 6 -1 3 -1
28334 0 13 -1
22389 1 3 6 -1
28481 3 -1 5 -1 1 3 -1
28571 3 4 -1
24122 7 12 -1 12 13 -1
7644 0 0 4 5 10 -1
12050 1 -1 2 13 -1
14715 0 13 -1 0 3 13 -1 0 0 1 3 -1
27181 8 -1 3 11 -1 2 9 -1
9879 6 -1 9 -1 6 9 -1 5 9 -1
28020 0 -1
31453 0 3 10 -1
10552 10 -1 0 -1 2 -1
29168 0 1 13 -1 0 1 -1 9 -1
4240 2 -1 4 5 10 -1
9338 3 -1
4760 9 -1 0 -1 0 1 -1 0 1 -1 11 -1
20680 0 -1 0 0 1 10 11 -1 0 -1 1 -1
18500 0 -1 0 0 2 3 -1
20870 0 -1
30936 0 -1 0 4 6 -1
23033 0 -1
9797 0 6 6 13 13 -1
13697 7 -1 13 -1 7 13 -1 3 7 -1 7 -1
25297 0 0 10 -1
8032 3 -1
23458 3 -1 6 -1
7520 0 -1 2 -1 1 1 2 6 -1 0 -1
19276 0 -1
11824 0 1 -1 1 10 14 -1 0 1 1 -1 14 -1 7 -1 4 10 -1
25354 1 2 9 -1 2 5 6 -1 5 6 -1 5 -1
8043 0 13 -1 0 -1 13 -1 0 -1 13 -1 0 -1 1 -1 0 -1 13 -1
20560 0 -1
79 0 8 -1
13037 0 -1 1 5 10 -1
2690 0 7 -1
23505 6 8 -1 3 -1 8 -1 3 8 -1 3 -1
13287 0 8 11 -1 8 11 -1
30257 0 0 5 -1 0 1 -1
22058 12 -1 6 12 -1 13 -1 8 12 -1
16043 8 -1 0 6 -1 3 -1
25252 9 -1
29105 0 -1 9 -1 0 5 -1 3 -1 5 10 -1 5 -1 3 -1
19810 0 -1
6564 0 13 13 -1 0 0 13 -1
10783 11 -1
15641 14 -1
25899 0 7 -1
1541 11 -1 0 -1
19583 3 6 -1
27919 0 1 -1
6544 0 1 6 6 -1 0 -1 6 -1 0 0 6 6 -1
21086 0 -1 2 -1 0 9 -1
14085 0 2 -1
19745 16 -1
8903 1 4 -1 0 1 -1 14 -1 0 1 -1
18514 3 -1 0 6 -1 0 3 -1
3325 0 5 -1 0 1 -1 13 -1
13996 12 13 13 -1 12 13 -1 12 -1 13 -1
15301 0 8 16 -1 0 8 -1 3 3 6 -1
27908 0 0 10 16 16 -1 0 11 -1 0 0 1 1 1 7 11 13 13 -1 1 1 1 1 11 11 11 11 -1 0 1 11 -1 0 11 11 11 13 -1 1 11 -1 1 -1 1 5 11 11 -1 11 -1 1 11 -1 1 4 -1 1 -1 1 11 11 -1
23134 2 5 -1
26259 0 5 6 -1
19154 0 -1
29867 0 -1 11 -1
4496 10 -1 0 -1 1 -1 0 -1 1 -1 11 -1 13 -1 2 -1
13699 13 -1 0 -1
14367 5 -1
13841 0 13 -1 0 0 5 10 -1 5 -1
2142 0 -1
11336 3 3 3 6 6 -1 6 -1 3 -1 3 6 -1 3 6 -1 3 6 -1 6 -1 3 6 -1 3 3 6 6 -1 3 6 -1 3 6 -1 3 6 -1 3 6 -1 3 -1 6 -1 3 -1
4256 0 11 -1 0 11 -1 6 -1 3 -1 0 5 -1 3 6 9 -1 0 -1 0 11 -1
18074 7 -1 8 12 -1 12 13 -1 0 3 7 12 12 13 -1
13746 6 -1 3 -1
23724 0 14 -1
28214 5 -1 1 -1
12058 3 -1 0 -1 0 0 1 1 -1
29981 0 0 10 -1
24940 3 -1 0 3 -1 0 -1 3 -1
19721 6 8 -1 6 -1 6 8 -1
5139 1 -1 0 0 0 0 5 5 13 -1
22813 0 2 5 -1 0 6 -1
27450 3 -1
25265 6 -1
11064 1 -1
16097 0 -1
23687 3 -1 6 -1 3 8 -1 4 -1
25492 0 -1
7747 0 -1
218 5 -1
15233 0 -1 0 2 -1
8874 0 6 -1 0 -1
26385 9 11 -1 4 -1 11 -1 13 -1
15414 0 -1 6 -1 0 -1 6 -1 3 -1 3 6 6 -1 3 3 6 -1
19873 0 -1 0 1 16 -1
10666 13 -1 0 0 11 -1
9982 7 -1
24370 3 -1
4125 5 14 -1 5 6 12 -1
22346 0 0 0 1 1 3 -1
23979 3 5 -1 6 9 -1
27179 0 -1 5 -1
15287 3 3 3 6 6 6 -1
305 0 1 10 -1 0 0 1 -1 2 -1 0 -1
17184 12 13 -1 13 -1
9125 14 -1 0 6 -1 0 -1
20355 0 -1
17899 0 -1
12471 0 -1 11 -1 0 -1 3 -1
15428 2 8 12 -1 8 -1
853 13 -1
20366 9 -1
12911 7 -1 1 1 1 3 3 6 7 7 8 -1
1124 3 -1 3 6 -1
8532 0 8 16 -1 0 11 -1 5 -1 0 8 -1 9 -1
10148 3 -1 1 -1
8747 3 6 -1
11557 7 -1
12390 0 13 -1
10917 13 -1
28999 1 14 -1 1 -1
4078 14 -1
16740 7 -1 1 -1
20991 1 -1
6736 3 -1 0 0 1 1 -1 0 -1 1 -1 0 3 10 -1 0 0 0 1 5 -1
5694 11 -1 8 -1 11 -1 8 -1
1362 0 -1
18907 0 11 11 -1
22784 5 -1 1 5 14 -1
9326 6 10 -1 11 -1 9 -1 1 13 14 -1 2 -1 14 -1 1 2 -1
28864 10 -1 0 -1 10 -1 0 -1
27001 1 -1 0 14 -1 5 -1
19706 0 11 -1 0 -1
480 3 3 5 11 -1 0 1 13 13 -1
6531 6 7 8 8 -1 7 -1 8 -1 5 6 7 -1
19722 3 -1
25171 16 -1
5422 0 0 0 6 11 11 -1 0 -1
18571 1 9 -1 0 -1 3 6 -1 0 11 -1 1 5 -1
24783 6 -1
22023 2 -1
14358 0 -1 0 10 -1 4 -1 0 0 0 1 1 4 11 -1
19999 0 -1
401 0 6 7 -1
15773 0 8 8 -1 0 -1
23401 0 0 11 13 -1 0 -1 0 13 -1 6 -1 3 -1 0 1 -1 0 -1
6071 0 11 -1 0 13 -1 0 -1 0 0 11 13 -1
4133 11 -1
31604 9 10 -1
8812 0 -1 3 -1
2016 3 -1
16131 0 1 -1 0 9 -1
7506 0 11 -1
18834 0 11 13 -1
20285 3 -1
28634 6 -1
30337 0 2 -1 1 -1 0 3 9 11 -1
18222 0 -1 11 -1
21080 1 -1 13 -1
23468 1 2 5 10 -1 0 5 5 -1 0 7 -1
8669 0 -1 0 5 11 -1 0 -1
21663 1 -1 0 -1
19241 1 1 13 -1 1 13 -1 0 1 -1 13 -1 0 1 -1 1 1 1 13 13 13 -1 6 -1 13 -1 0 1 6 13 -1 11 -1
5864 12 13 -1
13602 9 -1 1 14 -1
3027 0 -1 0 9 -1 0 5 9 -1 9 -1 0 3 -1
10142 14 -1 4 -1
11792 0 -1
14834 11 -1
28346 0 1 -1 5 13 -1 2 -1 2 13 -1 4 5 -1 7 -1
18805 13 -1
19135 4 5 5 6 8 8 10 -1
24931 5 14 -1 5 9 -1
10190 14 -1 1 -1 0 1 4 -1 2 7 10 -1 13 -1
3142 6 -1 3 -1 6 -1 3 -1
13936 0 -1 3 -1
23267 0 13 -1 0 -1
4060 0 -1 0 7 -1 3 7 -1
4512 0 1 -1 0 3 4 13 -1 0 -1
11073 0 6 6 -1 0 -1
5358 0 -1 0 0 0 5 5 5 5 -1 0 5 -1 0 10 -1
31404 5 6 -1 5 6 14 -1 5 -1 0 -1 11 -1 0 -1
8622 0 -1 13 -1 0 -1 1 -1 0 -1 1 -1 0 -1 0 2 10 -1 0 1 -1
12027 3 6 -1
17566 0 1 -1
6220 0 16 16 -1
16989 5 14 14 -1 10 -1
24418 6 -1 5 -1
7620 3 6 6 -1 1 3 3 6 -1
22496 1 3 3 -1 13 -1
24230 5 -1
8403 13 -1 2 11 -1
10851 0 0 0 1 2 10 -1
20282 13 -1 0 -1
12213 2 -1 3 6 6 -1
9036 0 9 -1
22059 0 -1
10337 3 6 -1
24723 0 -1
26700 1 5 6 -1 0 1 -1 5 9 -1
1828 0 5 14 -1 1 -1
16838 10 -1 0 -1 1 3 -1
5740 5 5 9 -1 6 -1
7449 2 13 -1 0 -1
20754 0 -1
9617 6 -1 0 -1 6 -1
10431 2 14 -1 14 -1
19019 3 6 -1 4 5 -1
16718 0 1 -1 11 -1
31540 1 1 14 -1 0 -1 1 -1 1 7 -1 2 4 5 9 10 -1 1 6 11 13 -1 1 14 -1 0 14 -1
7025 12 13 -1 12 12 13 -1 12 13 -1 12 13 -1
29814 3 6 -1 3 -1
890 0 -1 1 3 -1
2355 0 1 -1
27393 1 -1
27909 5 -1 12 -1 13 -1
3776 16 -1 0 0 0 1 1 -1
30488 0 1 11 -1
24736 0 9 -1
8263 0 13 -1
24186 0 0 13 13 -1 0 3 -1 0 0 2 3 -1
4769 0 0 1 1 -1 6 -1 0 -1
16247 8 -1 3 5 8 -1 12 -1 13 -1
30413 0 1 2 11 -1 10 -1 6 -1 0 0 1 5 -1
13386 3 11 -1 8 -1
15591 0 13 -1 8 -1
20402 3 -1 5 5 6 -1
16950 2 11 -1 9 -1 6 7 -1 0 13 -1
6785 0 -1 0 5 -1
2892 0 13 -1
4892 14 -1
1847 3 6 -1
696 0 0 0 5 11 -1
17975 3 -1 7 14 -1
18795 0 -1 9 -1 14 -1 6 -1 5 -1 5 6 14 -1 9 -1 14 -1 5 -1
31056 7 -1
11525 9 -1
24705 1 -1
30986 12 13 -1
9985 6 -1 7 9 -1
2438 7 12 12 13 -1 3 12 -1
22138 0 1 -1 0 -1 10 -1 0 3 5 6 -1
23365 1 -1 3 -1
5305 5 -1
15181 1 1 2 9 -1 1 5 -1 2 3 -1 5 -1 1 -1
26431 0 2 -1
12977 0 1 3 -1
2499 4 -1
1407 0 11 -1 11 -1 0 3 -1
11461 8 -1 8 11 -1 0 -1 3 3 6 6 -1 9 -1
24796 1 4 -1
10088 7 -1
19689 9 -1
20693 7 -1 13 -1 7 9 -1 3 6 -1 7 -1 3 6 -1
29655 0 1 -1
22566 0 -1 0 4 -1 0 0 4 4 -1 0 4 -1 4 -1
23728 6 -1 0 3 -1 1 -1 0 -1
11993 5 -1 0 -1
22303 1 -1 0 -1
1915 5 -1 1 -1 4 7 8 12 -1 1 -1 4 -1
5564 0 -1 10 -1
19957 1 -1
7781 3 -1
13711 1 11 -1 11 -1
31048 9 -1
20133 0 -1 0 10 -1 0 3 -1 14 -1 0 5 9 -1
5040 0 0 3 -1
114 12 -1 0 5 -1 9 -1 6 -1 6 9 -1 9 14 -1 9 -1 5 6 -1
18203 0 11 -1
4881 0 1 -1
18324 0 9 -1
31201 0 0 1 -1 0 0 1 11 11 -1
21837 3 3 6 -1
15966 0 0 1 10 -1
12520 0 10 -1 0 13 -1
5793 0 1 -1 5 5 11 -1 0 1 5 7 -1
684 0 5 -1 5 9 -1 0 -1
27361 8 -1
20248 0 1 10 -1 0 -1
16024 8 -1
3236 4 5 5 5 14 14 14 14 -1 1 14 -1 7 14 14 -1 0 0 11 -1
25033 13 -1
14301 0 0 0 2 2 11 -1
651 14 -1
6907 2 3 3 11 11 -1 3 -1
22529 0 1 -1
11908 0 -1
23345 0 1 2 -1 2 9 -1
19883 13 -1 3 8 8 12 -1
8121 0 -1 5 9 -1 5 6 6 9 -1 5 14 -1 10 -1
30324 1 -1
8655 0 0 1 9 -1
15839 0 10 -1 0 0 0 1 11 -1 3 5 -1
9812 0 -1 1 -1
8485 6 -1 3 -1
24898 9 -1 1 4 6 14 -1
14435 0 -1 0 4 -1 15 -1
18258 0 -1
4511 13 -1
18480 1 3 5 -1
22084 1 -1 0 1 14 -1
7935 0 13 -1 1 -1
22081 6 -1
11535 5 6 -1
19604 5 -1 0 1 5 9 -1 5 6 9 -1 3 -1 6 -1 3 -1
2548 3 6 -1 0 -1
7095 0 -1 11 -1 0 -1
6492 0 -1 2 -1 1 -1
2022 0 -1 1 -1 0 3 -1
21582 3 6 -1 3 6 -1 3 6 -1
17528 0 1 1 6 -1
15528 0 -1 11 -1 0 1 -1 0 -1 0 0 1 2 2 -1 0 -1 0 2 -1 9 -1 0 -1 9 -1 0 -1 9 -1 0 -1 0 9 -1 9 -1 0 9 -1 0 -1 10 -1 0 2 -1 0 -1 2 -1 0 -1 0 2 -1 0 2 2 -1 0 -1 2 -1 0 -1 2 -1 0 2 -1 0 2 -1
29131 0 11 -1
774 0 -1 1 2 -1 0 -1 0 9 -1
25639 3 -1 0 6 -1
7770 6 -1
28044 11 -1 0 2 10 -1
9511 2 2 13 13 -1 0 13 -1 13 -1 0 -1
3893 0 0 11 -1 0 0 1 1 -1 1 -1 0 -1 1 5 11 -1 12 13 -1 0 5 7 -1 0 0 0 7 7 -1 0 7 -1 7 -1
19703 5 -1 5 5 6 14 14 14 -1 4 -1 14 -1
6557 8 -1
13192 1 3 -1
24820 0 -1
11799 0 3 -1
21597 0 1 -1 1 -1 0 1 -1
13848 0 1 7 -1 0 -1 1 -1
17236 11 -1 1 -1
23230 1 5 -1 0 1 -1 4 5 14 -1
6543 0 11 -1 0 -1 0 11 -1
25993 0 0 1 5 -1
16189 0 1 13 -1
3408 0 -1 1 -1 0 -1
31275 9 -1
22810 0 6 -1 3 -1 6 -1 3 -1
19617 0 -1
13716 2 4 -1
20388 0 -1 5 -1
14135 0 1 -1
21019 0 -1 5 -1 0 -1
11935 0 10 10 16 -1 0 0 3 16 -1
22262 0 6 -1 0 11 -1 3 -1 0 -1
30134 0 -1 5 -1
8916 1 2 13 -1 0 8 -1
1138 0 0 10 -1 0 7 -1 0 0 3 3 7 -1
3658 0 9 -1
3178 8 -1
13507 5 -1 0 0 1 5 6 -1 5 6 -1
29127 6 -1 0 -1 3 -1
26548 1 14 -1 0 1 10 -1
6897 3 6 -1 1 2 -1
12416 3 6 11 -1
4397 2 -1 9 -1
10407 4 14 -1 14 -1
1444 2 11 -1
20059 0 -1
4834 6 13 -1 0 -1 6 -1
31497 0 0 1 2 -1 0 2 2 -1 0 -1
20718 13 -1 0 0 11 -1 7 -1 0 -1
20980 0 0 11 -1
27565 0 7 -1 0 0 1 7 -1 1 -1 0 -1 0 3 3 -1 0 -1 0 3 -1
27202 1 6 -1
27368 1 3 6 -1 3 -1
24617 8 -1 6 -1 0 16 -1
3905 0 11 -1
21534 0 11 -1 2 2 5 -1 0 1 -1
17066 2 -1
18537 0 1 -1
23164 0 11 -1
9358 1 3 -1 3 -1 0 7 -1 6 -1
27 3 -1
1548 0 3 5 6 -1 5 -1 0 5 -1
19370 1 -1 0 -1 0 13 13 -1
21864 1 -1 0 0 5 -1 5 -1 0 3 4 5 6 -1 3 -1 0 -1 0 1 -1 0 10 -1
23393 0 12 13 -1 0 -1 6 -1 0 -1 6 -1 3 -1
1059 5 9 9 14 14 -1
28890 14 -1
26599 14 -1 0 -1 5 -1
28236 0 6 -1
24625 0 0 0 13 13 -1
6602 10 -1 0 -1 1 -1
25603 0 1 -1 0 -1 1 -1
3404 9 -1
4079 7 -1
23865 5 -1 3 6 8 -1 8 -1 3 -1 6 -1 3 8 -1 8 -1
17205 0 0 9 13 16 -1
23360 0 10 -1 0 4 5 -1
27028 3 6 -1
20359 0 1 -1
15495 8 -1 7 -1
6484 0 -1 11 -1 0 10 -1 9 -1 1 1 9 9 -1
18518 0 3 3 5 -1 0 -1
11050 5 6 -1 6 -1 5 -1 0 -1 10 -1 0 -1 1 -1 0 11 -1 9 -1
18384 5 -1
23758 1 -1 5 -1
7271 0 -1
22485 6 -1 3 -1 3 3 6 6 -1
26780 5 7 7 14 -1 5 14 -1 10 -1
980 0 -1
12933 1 10 -1 3 -1
27246 0 10 -1
14327 3 -1
30478 1 -1 0 -1 0 5 5 14 -1
2971 0 0 1 -1
16876 0 5 -1 5 -1 0 -1 9 -1 1 -1
29176 6 -1 5 -1
6003 0 -1 2 -1
8979 0 -1
10986 0 5 9 -1
18068 0 1 -1 14 -1 13 -1
10300 0 -1 5 -1
26064 11 -1 0 1 -1
28212 3 9 10 16 -1
1267 11 13 -1 0 -1
12474 0 1 1 4 -1 2 -1
590 0 0 7 13 -1 0 13 13 -1
22683 8 -1 6 -1 8 11 -1 0 2 5 11 13 -1 6 -1 2 10 -1 16 -1
4950 8 -1 4 -1 7 8 -1
20235 1 5 -1 1 6 -1 6 -1
17035 0 -1 2 -1
22978 0 3 -1
31120 0 -1 11 -1 0 5 11 11 -1 5 -1
3334 0 -1
13879 2 -1 14 -1 10 -1
8270 14 -1
28802 13 -1
10107 8 -1
7608 0 11 -1 1 -1 11 -1 9 -1
23452 9 -1 0 -1
26515 0 -1
2715 0 13 16 -1
14962 2 -1 4 -1 5 5 6 6 -1
27129 1 2 -1 3 -1 1 9 -1
20319 0 -1
24293 4 -1
30110 0 3 -1 0 -1 8 -1
17854 0 0 2 -1 0 3 -1 0 1 -1 0 1 -1 0 5 -1 1 -1 0 1 3 -1
25924 0 10 -1 0 1 -1 0 -1 13 -1 0 9 -1 0 -1 0 2 3 -1
25601 1 14 -1 5 -1
5144 0 -1 4 5 -1 0 -1 0 1 1 -1 0 0 3 5 -1
16090 1 -1 3 -1
2087 0 0 0 1 5 5 -1 10 -1 0 -1 0 10 -1
3093 0 6 -1
31044 13 -1
14236 5 -1 6 -1 9 -1 1 9 14 -1
3206 9 -1 14 -1
27731 2 8 -1 3 8 8 -1
23764 0 2 -1
18914 0 1 -1 0 -1 1 -1 0 -1 0 0 0 3 6 10 13 13 -1
27840 0 14 -1
21242 8 -1 3 3 3 6 6 -1 3 6 -1
16439 13 -1 12 -1 2 2 13 -1
21174 1 -1 0 -1
20563 0 1 -1
23549 7 -1 1 3 6 7 -1 7 -1 12 13 -1 3 -1
9004 8 -1 2 -1 8 -1
27563 0 -1
23925 9 -1 0 -1 3 6 -1
13574 2 -1 0 -1 0 1 -1 10 -1 9 -1 0 5 -1 1 -1 3 -1 0 -1 4 -1 0 -1 4 -1 8 -1 0 5 -1
21812 8 12 12 13 -1
14633 0 5 5 9 9 -1 3 5 9 9 9 -1
9084 6 -1 5 -1
30796 0 -1
10848 6 -1 0 -1
1004 5 5 9 9 -1 0 2 -1 9 -1
15158 2 -1 0 0 3 11 -1 0 3 -1
13276 0 4 5 10 -1
27027 2 -1 1 -1 11 -1
24054 11 -1 1 11 -1 0 -1
15558 3 -1
12965 6 -1
8533 0 1 -1 3 -1 0 0 0 1 10 13 -1 0 0 0 2 5 -1
7473 3 12 -1 0 6 -1
24452 0 0 11 -1 0 0 11 11 -1 11 -1 0 11 -1
8921 4 9 14 14 -1 3 -1
7521 0 0 1 9 10 -1 0 1 -1
9198 0 11 -1
21344 6 -1
5478 0 2 2 -1 0 -1 2 -1
3138 0 0 1 -1 1 -1
10649 11 -1 0 1 -1 5 -1 0 1 -1 14 -1 0 0 1 1 14 -1 1 -1 0 1 14 -1 14 -1 1 6 11 -1 0 11 14 -1
22179 13 -1
29932 0 0 10 -1 5 5 6 -1 6 -1
2097 10 -1
2059 3 6 -1 1 10 10 -1 5 9 -1
15435 6 10 14 14 -1
12579 5 16 -1
14169 0 -1
29040 0 3 -1 0 6 -1
1975 1 -1
29510 0 1 -1
15090 0 0 2 -1
2658 13 -1
12047 3 -1
20307 0 0 11 13 -1
23451 9 -1
5457 0 -1
7866 0 -1
24010 11 -1 0 0 2 -1 0 16 -1 1 -1
29459 3 4 -1
17844 0 11 -1
16611 1 -1 0 -1
2570 14 -1 0 5 -1 3 5 -1
13117 0 11 13 -1 0 -1 6 -1 0 3 3 3 6 13 -1
6362 8 -1
13090 1 7 -1
9402 0 -1
14838 0 11 -1
4331 3 -1 1 1 3 3 3 3 3 5 6 6 6 6 -1 3 6 -1
14159 7 -1 3 -1 5 -1 1 -1 3 -1 6 -1 3 3 6 -1 1 -1 5 -1
1998 5 10 14 14 -1
21623 16 -1 0 -1
25918 3 3 3 6 13 -1
5542 3 10 -1 0 0 0 5 14 14 -1
22598 3 -1
11134 13 -1 0 13 -1 0 -1
6384 0 5 -1
465 5 -1 6 -1
17666 0 1 3 14 -1 1 1 14 -1 0 3 -1 1 3 4 7 14 -1
20387 0 -1
10183 1 9 -1
19148 2 14 -1 14 -1 0 13 13 -1
29935 0 1 -1
26962 0 0 0 1 10 10 -1
14273 1 11 -1
19905 6 -1 5 -1
24039 2 -1 4 10 16 -1 7 -1 0 16 -1
5245 5 -1
3190 3 11 -1 5 -1 0 5 -1 6 -1 5 -1
22349 0 0 0 6 13 13 -1
13916 3 11 -1
4700 0 0 1 3 13 -1
27789 6 -1 1 5 -1 5 -1
1940 8 -1 2 3 3 5 8 8 -1
18632 4 -1 4 10 14 -1
30043 5 -1
7000 13 -1
6869 6 -1 3 -1
3376 1 13 -1
7352 11 -1 3 6 6 8 8 -1 3 -1 3 6 7 -1
17193 1 -1 0 1 -1
1978 0 -1 0 11 -1 11 -1
92 6 -1 0 -1 8 -1 0 6 6 8 -1 0 -1 6 7 -1
30025 2 10 -1 11 13 -1 1 14 -1 0 -1
23935 1 9 -1 10 -1 4 -1 10 -1 0 -1
26169 1 5 5 -1
26649 5 -1 0 0 8 10 10 -1 0 13 -1 13 -1
7078 0 -1
28765 0 5 -1
25922 11 -1
18619 0 3 3 -1
24001 0 11 -1 0 0 10 10 12 -1
22972 6 -1
13891 6 8 -1
3798 0 -1 9 -1 0 -1 6 -1
24585 0 -1 5 -1
30164 3 6 -1
8704 0 1 1 -1 0 -1
15165 5 11 -1
20269 3 -1
19590 1 -1 5 -1 1 7 -1
15943 0 1 -1 13 -1
20011 0 11 11 -1
30236 2 11 -1
12305 9 -1
29802 0 6 -1
25486 0 -1 5 -1 10 -1 1 -1 10 -1 5 10 -1 5 10 -1 5 -1
13612 4 -1
14707 6 -1 3 -1
28613 0 5 9 -1
3682 6 -1 3 5 -1
16706 3 4 -1
19067 1 -1
18131 6 -1
22495 0 1 -1
26354 0 -1
14798 13 -1
19200 1 7 -1 7 -1
1337 0 6 -1
6535 1 3 4 5 -1
11928 0 -1 1 -1 0 -1 9 -1
21490 7 9 -1
23734 5 9 -1 0 3 -1 0 0 10 -1 0 1 -1
26908 8 -1 5 -1 1 -1 5 -1 1 -1
26662 13 -1
14330 10 16 -1 0 1 -1 0 0 2 -1 11 -1
11325 12 -1
385 5 -1 0 1 -1 1 -1 14 -1
15320 6 6 8 8 8 -1
31636 4 -1 0 -1 0 0 2 4 -1
31132 0 -1
23607 0 10 10 11 16 -1 0 -1
25898 6 9 9 -1 6 -1 6 9 -1
20499 0 -1
6727 0 -1 0 1 -1 5 10 -1 0 -1 11 -1
27097 10 -1 3 4 5 5 9 -1 6 -1
15135 0 -1 1 5 -1 5 -1 0 1 -1 0 4 5 -1
22391 6 -1 0 -1
11751 2 -1 0 -1 2 -1 9 -1 2 -1
2297 0 3 -1
1994 0 1 3 -1 6 -1 3 -1
956 6 -1 0 -1 1 3 5 -1
27783 8 -1
5534 0 -1 10 -1 0 -1 5 -1
25431 2 10 -1 0 4 -1 10 -1 0 -1 10 -1 0 -1
28525 3 9 10 -1
20470 0 3 -1 0 -1 14 -1
27335 0 1 4 -1
14517 0 13 -1
25002 0 -1 5 -1 0 -1 5 -1 0 -1
11844 0 -1
18566 5 -1
29654 9 -1
15381 9 -1 5 11 11 -1 9 -1
4459 3 5 -1
576 6 -1
5659 0 6 -1 0 3 4 -1 0 -1
20727 7 -1 0 -1
22819 5 -1 6 -1 5 -1
3989 0 -1
24544 0 2 9 -1 1 9 -1 3 -1 9 -1 1 -1 5 -1
4306 0 -1
28169 6 -1
18432 9 -1
2766 0 0 1 11 -1
23362 0 -1
19829 3 -1 4 -1 10 -1 9 -1 5 -1 7 -1 0 1 1 1 4 -1 1 11 14 -1 2 9 -1 13 -1
26509 0 -1
3554 6 -1 0 13 -1
16984 11 -1
10874 0 -1
6059 0 0 0 1 10 16 -1
8397 0 -1 1 -1 0 -1 0 1 -1 0 1 3 -1 0 3 -1 0 -1
26227 9 -1 0 -1 4 -1 0 0 0 1 5 -1 1 -1
4273 0 -1
21074 1 14 -1
16205 0 -1
16344 0 -1 1 7 -1 7 13 -1 7 -1 0 1 5 7 -1
19443 3 6 13 -1
9618 11 -1
26118 0 -1
9031 0 0 0 0 0 2 2 11 11 -1 2 -1
737 5 -1
7577 3 -1
27337 0 0 0 0 1 1 10 10 -1
13679 5 5 6 -1 9 14 -1 5 14 -1 4 14 14 -1
7472 2 2 11 -1
20550 1 -1
22426 5 5 9 10 10 11 -1
20004 0 -1 3 -1
29377 1 -1 0 -1
30984 13 -1 0 -1 13 -1
16034 0 11 -1
8321 1 3 6 -1
28915 0 4 -1 0 -1 4 -1 0 -1
27549 0 -1
8729 3 -1
27647 0 -1
6319 6 -1 3 4 -1
26001 0 11 -1 0 1 -1 0 11 -1 0 1 6 10 -1
15421 0 1 3 6 -1
8367 3 8 -1 2 3 8 -1
29213 1 2 -1 0 0 1 10 -1 0 -1
6118 2 -1 0 -1 1 -1
24245 0 5 -1 5 -1
101 10 -1 5 -1 4 -1 10 -1
2561 1 3 6 7 -1
28832 3 5 -1 4 11 -1
29830 0 0 2 10 -1
9636 1 -1 1 3 11 11 -1
