1589
20611 6 13 -1
29415 0 -1 10 -1 0 -1 0 11 -1 2 -1
8234 1 -1 0 7 -1 1 -1 1 7 -1
18977 0 -1 3 -1 0 -1
25059 4 -1
14391 5 -1 1 -1
4222 5 6 -1
11797 4 -1
25756 12 -1 0 -1 12 -1
14353 6 -1
7245 5 -1
22699 3 -1
22859 0 0 6 -1
14500 9 -1 0 -1 0 1 9 -1
25271 0 10 -1 0 0 10 10 -1 16 -1 0 0 1 2 11 11 -1 0 -1 1 2 2 10 -1 1 2 -1 1 11 11 13 -1 0 -1 0 0 1 1 -1 0 9 14 -1 0 -1
6610 4 4 5 5 11 13 -1
17650 5 -1
27933 6 -1
21856 0 0 1 1 -1
813 1 -1 9 -1
18687 3 -1
28141 3 4 6 -1
20720 0 0 6 -1
10596 0 -1 7 -1 0 -1 7 -1
16059 6 -1
3742 3 6 -1
30009 0 3 3 3 6 -1 1 -1
20746 4 -1
25213 0 -1 0 0 3 3 5 -1 0 6 -1
5644 3 -1
31788 3 -1
1129 5 -1
5282 3 -1 3 5 -1
17752 7 -1
29441 0 5 8 -1
24380 12 12 13 13 -1 12 13 -1
28596 0 2 -1 1 14 -1 1 -1
13886 1 13 -1
15659 12 -1 3 8 -1 8 -1 7 -1 6 8 12 -1 8 12 -1
4761 0 -1
12661 0 0 5 5 -1 0 0 1 5 -1 5 -1 0 -1 1 -1 0 -1
26199 13 -1 1 8 13 -1 3 6 13 -1 1 1 13 -1
1032 5 6 -1 6 -1
8772 6 -1
29936 0 0 0 1 11 -1 0 2 -1
3120 3 6 -1 0 4 -1 0 0 1 -1
26489 6 -1 0 -1
1735 8 12 13 -1
11324 0 11 -1 0 1 5 10 -1
624 6 -1 3 10 -1
30181 11 -1 0 4 -1 0 -1
24308 4 -1
12991 3 8 8 9 -1 1 -1 1 8 -1 8 -1
22224 0 0 1 -1 0 1 2 -1 0 0 9 -1
2449 11 14 -1 14 -1 13 13 14 -1
3188 7 9 10 -1 13 -1 2 -1 7 11 -1 1 -1 3 -1
3979 1 -1
1901 0 -1
19120 1 -1
21575 9 -1 3 -1 9 -1
15278 0 0 0 1 1 6 -1 0 -1
475 0 1 -1
29021 0 -1 3 3 6 7 11 -1 2 5 -1 13 -1 3 5 6 -1 10 -1 3 6 16 -1
10902 6 7 -1
16565 0 1 -1 0 9 13 -1 7 -1
2067 8 -1
25590 0 -1
4258 2 -1
22486 6 8 -1 3 -1 6 -1 3 -1
9605 7 7 16 -1 5 7 -1
19664 1 2 7 7 -1
12792 0 -1
31464 3 4 7 -1
19297 0 14 -1
21430 0 -1 2 -1 7 -1 2 -1
22480 5 -1
11003 0 9 11 -1 9 10 11 14 -1 1 16 -1 13 -1 2 5 9 10 11 -1 4 -1 7 -1 0 1 5 5 -1 2 5 9 10 11 13 -1 4 7 -1
11163 4 -1
9630 6 -1
11939 4 14 -1
22138 3 6 -1
19382 8 -1 3 11 -1
17668 1 4 14 14 -1 0 -1
23 3 5 -1 3 6 -1
22348 1 -1 0 -1 0 0 3 13 -1 0 13 13 -1 0 3 -1
1597 0 3 -1 9 -1
23852 0 11 -1
4391 3 5 8 -1
22948 0 2 -1 16 -1 9 -1 3 -1 0 1 2 3 3 3 5 6 6 -1
21822 0 -1 0 11 -1 11 -1 0 0 11 -1 1 -1 0 -1 9 -1 0 -1 0 0 11 11 -1 11 -1
21020 1 3 -1 0 11 -1
12171 0 4 -1 0 -1
30566 5 -1 0 6 8 -1
12845 0 0 1 9 13 -1
18559 0 1 -1
11279 16 -1
21067 0 0 13 -1 1 2 2 11 13 -1
31443 5 -1
12724 0 3 -1
25014 0 -1
28489 5 -1
704 5 -1 0 8 -1 5 -1
18992 1 6 7 -1
6402 1 -1
28546 0 -1
6788 0 1 3 -1
20877 7 -1 2 7 8 12 13 -1 8 -1 6 8 10 -1
22478 5 -1 3 6 -1
4227 0 10 -1 0 6 -1 0 -1
15524 0 2 9 -1 0 0 2 -1 2 -1 0 -1 11 -1 0 -1
9940 0 0 6 7 -1
25046 12 -1 6 13 -1
16383 1 11 -1 5 -1
31764 3 -1 0 -1
8840 5 -1 5 6 -1
7794 0 0 0 12 12 -1
7398 6 -1
29460 2 13 -1
12936 8 -1
26902 6 -1
20972 0 -1
15851 1 -1
11016 1 3 3 7 -1
3364 0 -1
3137 0 3 6 -1
6936 0 8 -1
15116 0 0 3 -1
15878 6 -1
5277 0 0 10 10 11 -1
19889 0 -1
24245 0 1 5 5 7 -1
21463 0 -1 6 -1 0 6 -1 0 -1
20072 0 0 1 5 -1
3590 3 -1
5157 0 1 -1
4039 0 5 10 13 -1
14967 3 -1
4427 0 -1 3 -1 0 -1
17907 0 0 5 5 -1 0 -1 5 -1 0 -1 0 5 5 -1
844 0 11 -1
528 10 16 -1
21309 0 -1 3 -1 0 -1
23777 0 -1
30323 0 1 -1 0 0 9 -1
4385 0 -1
18475 5 14 -1 14 -1 9 -1 4 14 14 -1 9 -1 14 -1
28161 7 -1
5153 1 2 -1 10 16 -1 0 -1
28620 0 1 -1
24 8 -1
13648 3 -1
11702 11 -1
4076 1 3 -1 0 9 -1 1 -1 0 -1 1 -1
22395 0 0 7 7 -1
31410 0 5 -1 7 -1
5837 5 -1 1 -1
5777 4 5 8 8 10 -1
5037 1 -1 0 0 1 -1
12938 3 -1 1 3 7 -1 13 -1 1 -1
11592 9 -1
16349 0 2 3 -1
10222 0 1 3 11 -1
12878 1 -1
26903 0 -1
30455 6 -1
1045 3 -1
22656 1 9 -1
18895 4 5 6 14 14 -1
10644 5 -1
15380 0 -1
25442 0 1 1 11 -1
11874 0 1 -1 11 -1 1 11 -1 1 11 -1 13 -1
11706 1 -1
18672 0 -1 6 -1 0 -1 1 3 3 3 5 6 9 9 -1
22245 10 -1
16422 0 0 0 1 3 -1
30582 3 -1 13 -1 3 -1
19339 16 -1
6553 5 -1
9499 0 11 -1 0 11 -1
8004 0 3 -1
3514 0 1 6 -1
6557 7 -1
6877 0 -1
27418 7 -1
3544 0 1 3 -1 0 -1 10 -1 0 -1 11 -1 0 -1 0 1 3 -1 0 -1 4 -1 0 -1 0 10 -1
10509 0 5 -1
9410 3 -1
8246 3 5 6 16 -1 6 10 -1
3344 5 -1 1 -1 14 -1 1 -1
11496 2 6 9 9 -1
14593 0 -1 9 -1
28274 0 0 13 -1
15944 1 -1 0 10 -1 6 -1
2891 5 14 -1
22861 1 5 13 -1
14695 0 -1
12362 5 -1 6 -1 12 -1 6 8 12 -1
14431 1 -1
17725 0 -1
10929 0 0 0 1 1 2 -1
401 6 -1 0 -1
24854 2 8 -1
21826 5 -1 6 -1 5 -1
23374 11 -1 0 1 3 -1 1 -1 3 6 -1 1 -1 1 1 2 9 -1 0 9 -1 1 -1 0 1 9 -1
7920 3 5 6 -1 14 -1
19562 0 5 -1
7403 9 -1
26228 0 -1 0 11 -1
18711 5 -1
7815 6 7 8 -1 0 1 -1 6 -1 3 -1 2 -1
17283 0 2 3 7 11 -1
16612 0 1 5 -1 0 10 -1
27269 0 -1 2 4 -1
29726 1 -1 1 3 -1
16455 6 -1 0 -1 3 6 -1
5339 0 16 -1 1 -1
20391 0 -1
1414 0 0 11 -1 13 -1 0 -1 1 -1
67 5 -1 6 -1
27899 0 -1 0 6 13 13 -1 0 13 -1
3925 0 -1
17639 0 0 6 -1
18250 6 -1 0 0 2 -1
8541 0 1 -1 0 -1 0 1 -1
17293 1 1 6 6 9 9 9 -1 5 6 9 -1 9 11 -1
18469 0 -1 0 7 -1 7 -1 0 7 -1 0 -1 0 7 -1 0 7 7 -1 0 -1 7 -1 0 -1 7 -1 0 7 -1 0 -1 0 7 -1
16425 13 -1
17451 2 4 4 7 11 -1 5 7 -1
4673 0 5 -1
26934 0 0 4 6 -1
21823 0 16 -1 10 -1
10407 1 4 -1
22584 0 0 1 -1 0 1 1 -1
24898 5 6 -1 5 -1 1 -1
16161 3 6 -1
25212 0 0 13 13 -1 0 -1
10830 0 -1
31777 1 -1
9255 5 -1
20220 2 14 -1 7 -1
29358 0 -1
7454 0 9 -1
20524 4 8 -1
11019 5 5 6 -1
26075 13 -1
28700 7 -1
7757 0 0 4 4 4 11 -1 0 -1 0 4 -1 0 4 -1
12912 3 -1
28047 0 -1
22799 0 10 -1
28353 2 -1
2955 0 11 -1
5785 0 0 1 11 11 -1
31585 1 11 13 -1
6523 7 8 -1
25547 1 3 5 6 -1 10 -1
25607 0 -1 1 -1 0 -1 2 -1 0 -1
24940 0 -1
10088 0 -1 7 -1
11646 9 -1 0 -1
28712 0 0 3 -1
17955 0 2 4 12 -1 7 -1
23309 1 3 3 6 -1
29732 0 -1
6470 0 -1 13 -1 0 -1 13 -1 0 0 0 13 13 -1 13 -1 0 -1 13 -1
21360 13 -1 0 -1
22540 1 -1
6290 2 6 9 10 11 13 -1 1 14 -1
9639 5 5 6 9 -1
26784 3 3 3 6 6 -1
27479 10 -1 0 -1
24433 0 11 -1
5756 12 -1 7 -1 3 -1 7 -1 3 12 -1
3415 12 13 -1 5 12 12 13 13 -1
2255 9 14 -1 5 6 -1 5 14 -1 5 -1 4 6 -1
7243 11 -1
4040 0 -1 0 2 -1
29096 0 1 1 5 10 11 -1
7778 0 -1 3 -1 6 -1 3 -1
21420 3 -1
8915 1 5 -1 9 -1 1 2 5 -1 5 10 -1 1 -1
23548 0 -1 0 10 -1
28574 0 2 3 -1
7348 3 -1
20025 3 5 6 6 -1
7427 3 -1
5830 3 3 6 -1
20226 0 0 1 14 -1
2490 1 9 -1 5 -1 1 -1 0 -1 11 -1 1 -1 11 -1 0 -1 1 5 5 6 9 -1 9 -1
12420 1 5 5 -1
24977 14 -1
159 8 -1 12 -1 6 -1 0 1 7 8 11 -1 6 -1 0 3 10 -1 4 -1 3 5 6 8 -1
25161 4 -1 0 1 5 6 -1
31381 2 -1
22167 1 -1 0 -1
10989 0 6 -1
1661 0 -1 6 -1 0 -1 0 6 -1 6 -1 0 -1 0 5 -1 5 -1
5908 0 13 -1
14555 14 -1
4760 0 -1
19400 0 5 -1
20393 0 4 -1
19088 1 -1 0 0 3 6 13 -1
10379 1 -1
15505 11 -1
20116 13 -1
11146 11 -1
7787 7 -1
25751 0 -1
20325 3 3 6 10 -1 10 -1 7 -1 0 -1
6265 1 -1 4 10 -1 0 0 3 -1
14268 3 5 8 -1 0 1 5 -1
25267 9 -1 0 -1 1 1 9 9 -1 5 -1
15475 6 -1
11394 3 5 -1
23108 14 -1
22183 14 -1
13328 2 -1
2657 12 -1 6 -1
1555 13 -1
28984 1 -1
25440 6 7 -1 7 -1
31029 0 11 -1 8 10 -1 16 -1
16211 0 4 -1
26994 2 -1
30404 11 -1
3233 1 -1 0 0 1 1 -1 0 9 -1 0 7 9 -1 6 -1
6599 0 0 1 -1 1 -1
30984 0 1 -1
18097 13 -1
15404 0 -1
28322 1 -1 0 -1 9 -1
9971 12 -1
14324 1 2 4 -1
20144 1 1 2 -1
21046 0 -1 6 -1
9744 1 6 11 -1
26417 0 -1 4 10 -1 1 -1 0 -1 1 11 -1
30245 12 -1
609 14 -1
12782 3 -1
28460 0 -1 0 10 -1 1 -1 0 -1 0 3 16 -1
19962 0 8 8 11 -1 3 6 -1
7714 0 3 -1 0 0 0 3 3 -1
22458 0 0 1 -1 1 13 -1 0 0 0 1 9 11 -1 0 13 -1 0 -1 13 -1 0 -1
16076 0 -1 11 -1 13 -1 11 -1 0 -1
7355 6 -1
5682 11 -1
28012 0 -1
23138 6 -1 0 -1
15284 0 -1
3315 0 9 13 -1
22097 0 7 -1
30926 1 -1
17626 3 4 6 6 11 13 -1
17058 4 -1
28035 11 -1
27120 7 -1
11895 0 3 -1 2 -1
23503 14 -1 14 16 -1 3 -1 14 -1 1 14 -1
22566 0 -1 0 4 -1 0 0 4 4 4 -1 0 -1
3709 0 0 0 4 4 4 13 -1
17461 5 8 8 -1
3386 5 6 -1 5 6 -1
12449 0 13 -1
16849 0 0 2 4 7 -1
5422 6 -1
5 9 -1
23920 5 5 13 13 -1 13 -1
10408 0 13 -1
8991 1 3 -1 3 -1
16705 6 12 12 -1
8993 2 -1 13 -1
30630 0 5 -1 5 6 9 -1
26130 0 1 -1
3095 3 -1
23020 0 8 -1
30879 0 6 -1 2 -1
1515 2 12 13 -1 0 -1 13 -1
29430 0 11 -1
25655 6 -1 0 -1
21217 6 8 -1 2 8 8 -1 5 8 -1
22876 13 -1 8 -1 0 2 4 5 5 -1
24873 0 0 3 9 -1
22226 0 11 -1
24803 13 -1
26923 0 0 1 -1 1 -1 14 -1 0 -1 14 -1
31371 0 -1 0 1 -1
15464 2 4 5 -1
9411 7 -1
881 0 -1 13 -1
12665 2 9 -1
9422 0 0 11 -1
15529 3 3 6 11 -1
21355 0 -1
11195 0 0 0 1 1 1 1 -1 0 -1 0 1 1 -1
17774 7 -1
22233 6 -1 0 -1 6 -1
4264 5 -1
13385 4 -1
15391 0 13 -1
4173 0 5 9 9 13 -1 8 -1
10172 4 6 9 -1
5590 0 -1
23740 0 -1
9114 1 -1 6 -1 0 2 11 -1
30208 0 0 9 11 -1
10372 0 1 -1 1 9 -1 1 1 5 9 -1
17653 9 -1
21149 0 -1
4514 4 10 -1 1 4 5 -1 4 8 -1
21211 0 5 6 -1 0 -1 0 5 -1
5775 0 -1 2 -1
26975 0 11 -1 1 -1 0 -1 1 -1 7 -1 0 -1
3995 0 1 -1
10134 3 6 -1 3 3 6 -1 3 6 -1
7461 6 7 -1 3 3 6 6 -1 3 7 -1 5 -1
6603 11 -1 2 -1 0 1 5 8 8 13 -1
11979 0 -1
7884 13 14 -1 13 -1
1723 11 -1 11 13 -1
6826 8 12 -1 1 8 -1
10741 13 -1
1309 5 9 -1 0 5 -1 0 -1
16435 1 6 -1 1 4 -1
459 11 -1 0 -1 0 3 -1 13 14 -1
4665 0 -1 9 -1 0 0 7 7 -1 0 7 7 -1 13 -1
14284 0 -1 10 -1 0 6 -1
10396 0 -1
16198 0 13 -1 0 1 3 13 -1
25631 5 10 10 -1
25306 0 -1 0 2 3 -1 0 1 -1 6 -1 0 -1 0 4 13 -1 0 -1 0 1 -1 1 -1 0 4 -1
23117 0 -1
24159 1 10 -1
22085 0 11 -1
29111 0 -1 0 5 -1
15672 0 4 5 6 10 13 -1
5667 6 8 -1
6282 1 1 3 -1
13810 0 4 -1 0 0 0 4 4 4 -1 0 4 -1 4 -1 0 4 -1
2572 9 -1
17273 5 -1
8777 1 5 -1
7426 2 -1
24749 6 -1
9462 6 -1 0 2 12 -1 1 -1
25899 7 -1
26010 1 5 -1
29065 10 -1 5 -1 10 -1 0 -1
1709 0 -1
31521 5 -1 6 -1 5 5 6 -1
22545 14 -1
20751 11 -1
15224 4 -1 14 -1 5 -1 2 14 -1
11695 0 3 -1
5275 2 -1
28878 0 5 -1 0 7 -1 1 -1
22883 9 -1
22517 10 -1
19739 2 7 13 -1 10 -1
6383 1 3 14 -1
15260 0 -1
15249 9 -1 5 6 9 -1 0 -1
12313 0 -1
24317 0 -1 11 -1 3 6 6 -1 0 3 -1
14151 7 -1
9478 0 0 1 -1 0 3 -1 5 -1
13420 11 -1
21510 10 -1
9444 13 -1 0 6 12 -1
21872 0 -1
19941 10 -1 4 5 -1 4 -1 1 -1
12853 0 -1 3 -1
9455 2 -1
29737 0 -1
19708 0 11 -1 0 -1 11 -1
909 11 -1
19549 5 -1 2 2 5 -1
31662 7 -1 0 -1 7 -1 0 7 -1 0 -1 0 5 -1 7 -1 0 0 6 7 -1
26908 1 -1
26952 2 13 -1 2 -1 13 -1 0 -1
16258 0 -1
8558 0 10 -1 0 -1 0 10 -1 0 16 16 -1 0 -1 16 -1 0 -1 16 -1 10 -1 0 0 0 1 1 1 -1
9558 3 -1
4191 6 -1 3 3 6 8 -1 3 -1 3 11 -1
4755 5 9 14 -1
26449 3 6 11 -1 6 -1
2068 1 1 9 -1 9 13 -1
28456 5 6 14 -1 5 10 14 -1 14 -1 6 -1 5 -1
12693 3 -1
23733 5 -1
1229 1 1 4 -1 0 1 13 -1
25269 5 -1
15503 5 -1 14 -1 5 6 -1 1 5 6 9 -1 2 -1 5 -1 0 -1 5 -1 1 -1
18738 0 -1
27445 5 -1 5 14 -1 6 -1 5 -1 14 -1 5 6 -1
16326 3 8 -1
25330 6 -1
26948 1 2 9 14 -1
13129 0 -1
24689 0 -1
25063 1 2 -1
1138 0 0 11 -1
25858 0 1 1 -1
19428 0 -1
2852 9 -1
27280 0 -1
8444 3 -1
28232 1 -1 0 -1 10 -1
4998 2 -1 6 -1
14056 0 10 11 -1
2350 1 10 11 -1 11 13 -1
16835 8 -1 7 13 -1
1852 0 -1 6 -1 0 6 -1
19465 6 8 8 -1 8 10 -1 0 -1 3 6 10 -1
25450 3 6 -1
29861 5 11 -1
3163 6 9 -1
19216 0 2 -1
8278 0 -1 9 -1 1 1 9 -1 10 -1 0 -1
16267 11 -1
10723 5 6 -1
7917 4 5 -1
20722 5 9 14 14 -1
17044 0 3 -1 1 3 -1 0 -1
12622 0 -1
14650 14 -1 10 -1
28375 1 7 13 -1
24702 0 5 -1 3 12 -1
7204 3 14 -1 14 -1 0 1 -1
17174 10 -1 1 -1 6 -1 10 -1 9 -1 1 6 10 -1 1 9 -1 6 10 -1 9 -1
5501 3 -1
10822 3 6 -1
3396 4 -1
258 11 -1 0 1 -1 1 -1 0 0 0 1 1 13 -1
13476 0 1 1 5 10 -1
367 1 -1
8690 1 -1
13240 6 15 -1
10286 5 6 -1
30313 3 -1
29535 5 10 -1
17193 14 -1
3118 5 6 -1 5 5 6 -1
8010 3 -1 16 -1 10 -1 16 -1 10 -1 16 -1
17068 1 10 -1 5 -1 1 3 -1 13 -1 3 -1 6 -1 3 -1 5 -1 10 -1
25907 3 -1
2221 0 -1
21883 5 5 6 -1 6 -1 5 8 -1 2 -1 8 -1
24511 1 14 -1
3675 0 -1 1 -1 3 5 -1
20922 0 -1
993 0 9 -1 0 11 -1
13627 0 -1
28751 6 11 -1 0 11 -1
24055 2 8 10 -1
23618 10 10 10 16 16 -1 10 16 -1
4320 3 -1
9203 0 0 11 11 -1 0 -1
11918 8 -1
19503 0 3 -1
10476 0 0 2 3 -1 6 -1
18503 0 -1 1 -1 0 -1 1 -1 0 11 -1 0 10 -1
10146 9 -1 1 -1
26852 5 9 -1 1 1 5 5 5 9 9 -1 14 -1
29502 0 -1 0 12 12 -1 0 -1 12 -1
3560 8 12 -1 0 -1 1 -1 0 6 13 13 -1 3 6 -1 7 -1
1657 3 -1 0 5 11 -1
26572 10 -1 5 -1 16 -1 1 3 3 5 11 11 13 13 -1 3 -1 3 5 -1
24236 0 1 3 5 -1
14158 9 -1
21567 0 0 1 3 3 6 6 -1 0 -1 9 -1 0 2 -1 0 -1
20203 12 -1 10 -1 10 12 -1
26423 0 1 -1
17894 5 9 9 -1
9167 1 9 -1
21813 1 -1 11 -1 1 -1 1 11 -1 1 11 11 -1 1 -1
20884 7 -1 0 0 0 1 3 3 4 6 14 -1
15485 2 -1 2 14 -1
25796 0 -1
23395 3 14 -1
12476 6 13 -1
15684 0 13 13 -1
20369 6 -1
18295 14 -1
30489 0 10 -1
5711 0 -1 1 -1
19342 0 -1
23068 3 -1
17549 4 -1 5 13 -1
22848 5 -1
9507 1 3 -1 1 7 -1
2695 0 0 1 -1 0 13 13 -1 0 -1
3760 6 -1 0 2 -1
14372 9 -1
15826 0 4 -1 0 -1
10798 0 6 14 -1 0 0 0 5 5 -1
2094 1 -1 11 -1 13 -1
312 0 3 6 -1
14041 0 -1
11808 5 -1 6 -1
26286 11 -1
16157 0 -1 0 1 -1 4 -1 5 14 -1
14401 0 1 -1 0 11 -1 0 1 -1
2815 1 6 7 -1
5182 6 8 -1
30649 0 -1
4340 11 -1
19535 1 4 -1
23383 0 13 -1 0 0 0 13 13 13 -1 0 13 13 -1
18129 6 13 -1
10966 13 -1
9242 3 -1 1 -1 3 -1
18624 10 -1
20624 7 -1
16332 5 -1 0 -1 0 1 -1 1 -1 0 11 -1
17592 0 0 12 12 -1
30159 13 -1
11107 3 -1 9 -1 1 2 4 -1 0 -1
20792 13 -1
2314 0 16 -1
17139 0 -1
5751 0 13 -1 13 -1 16 -1
6095 3 -1 6 -1
19229 6 -1 3 4 7 -1
20567 14 -1 0 1 3 10 -1 3 6 -1 3 6 6 -1 3 -1 6 -1
7365 0 2 -1
18161 0 3 6 13 -1
28906 0 1 -1 11 -1
19997 1 -1 3 -1 1 -1 3 13 -1 6 -1 3 -1 1 4 5 5 6 14 14 -1 5 5 6 -1
23871 7 8 -1
27293 0 -1 0 13 -1 13 -1 0 1 3 -1 3 6 -1
19917 0 3 6 -1
19291 0 2 -1 0 0 1 13 -1
30561 0 6 -1 0 11 11 -1
1550 13 -1
17169 0 5 -1
9775 0 0 13 -1 14 -1 2 -1
18736 11 -1 0 0 5 -1 1 -1 14 -1 0 0 10 -1
21574 0 3 -1 3 -1
5481 0 0 0 11 11 11 -1
24610 3 -1
10178 0 2 -1
14365 1 -1 0 -1
21934 0 -1 0 11 11 14 -1
16407 1 5 -1 1 5 -1 1 5 5 -1
18636 0 -1
7452 12 -1 0 -1
22218 10 -1 14 -1
5081 3 -1
19583 0 -1
23196 1 -1 14 -1
15852 1 -1
26063 5 -1 12 -1 6 -1 12 -1 8 13 -1 11 -1 12 -1
28744 10 -1 0 -1
11071 0 1 -1
12363 3 4 -1 3 6 12 12 -1
14641 0 -1 16 -1
4733 3 -1
4032 0 3 5 -1 0 6 -1
3924 4 -1
20376 9 -1
14374 0 0 7 -1
6951 6 -1
17674 13 -1 0 8 -1 6 8 13 -1
21202 0 1 11 -1 0 -1
20799 1 4 5 -1
29322 1 7 -1 1 -1 1 7 -1 13 -1
6154 0 5 -1 0 -1
28491 13 -1
24423 3 3 3 5 6 6 6 -1 0 3 -1
27765 2 -1
13867 9 -1
21120 0 -1 1 -1 0 -1
26023 1 -1 0 -1
9992 5 9 14 -1
14894 13 -1 0 -1 7 -1 0 1 13 -1
9459 0 7 7 -1
18193 0 -1 0 14 -1
26283 2 7 -1
27647 0 9 -1
26100 10 -1 5 6 -1 9 -1 1 5 13 -1
20934 14 -1
4521 0 0 0 0 1 1 3 6 7 -1
9220 0 -1 0 1 11 -1 1 -1 0 11 11 -1 0 11 -1 0 0 9 -1
20894 1 3 -1
12638 1 -1 0 2 -1
6323 8 -1
30533 3 10 -1 0 1 3 10 13 -1 0 1 -1 0 0 11 -1
21938 0 -1
2743 0 -1
16355 11 -1 0 -1 0 11 -1 0 11 -1
11352 0 -1 5 6 -1 5 -1
26754 12 -1 13 -1 12 -1
398 10 -1
7864 0 9 9 -1
28510 0 6 12 13 -1 0 13 -1
30807 0 6 -1
22898 6 -1 3 -1
2056 0 4 5 -1 0 -1
9501 0 0 1 -1
11221 0 -1
6846 9 -1 2 -1 11 -1
4886 0 13 -1 0 1 3 6 -1 0 0 6 11 11 13 13 -1 0 1 -1 3 -1
5399 12 -1
25544 6 -1 3 3 6 -1 3 6 6 -1 3 -1 6 -1
7046 0 0 5 9 -1
27104 0 -1
29889 0 0 0 9 13 -1 5 -1 6 -1
6871 0 9 -1 0 -1 1 -1 0 -1 11 -1
12336 11 -1
13458 11 -1
6322 13 14 -1 1 14 -1 1 -1 14 -1
22769 0 -1
20274 0 -1
31718 0 12 -1
11372 3 6 -1
15903 0 9 -1 0 9 9 -1
26654 0 5 6 -1 3 5 6 -1
24302 4 -1 13 -1
1812 0 6 -1
18563 0 0 13 -1
9404 9 11 -1
29691 0 1 3 -1
21318 1 3 7 -1
21879 3 9 -1
23204 0 4 5 5 14 -1
22219 1 -1
16310 5 -1
26933 0 -1 0 5 6 -1 0 6 -1 0 -1 0 5 -1
1618 12 -1 0 0 12 12 -1 0 12 13 -1
21818 0 8 -1 0 8 -1
757 3 -1
11054 0 11 -1 11 -1 0 11 -1
12541 0 10 -1
13757 1 -1 0 -1 3 -1 0 -1
23755 11 -1
28842 0 5 -1 5 5 6 6 -1
15071 0 1 -1
21308 1 -1 1 5 -1 4 -1 0 1 7 -1 0 0 1 3 6 -1
105 0 13 -1
7266 9 -1 5 -1 0 5 -1
27738 0 -1 2 -1 11 -1 0 1 -1
1163 0 1 9 11 -1
23962 2 -1 0 10 -1
14675 1 3 -1
30269 7 -1
11048 0 3 -1 0 -1
323 3 3 6 -1
30814 0 0 11 -1 0 11 -1 0 11 -1 13 -1
15421 0 -1
545 0 0 0 1 6 6 10 -1
2042 5 5 6 -1
17464 0 9 -1 0 -1 0 10 11 -1
22615 1 -1
10854 5 -1 0 3 13 -1 0 13 -1
24449 0 11 -1
28296 3 -1 1 -1
17590 0 3 -1
5936 5 -1 5 6 -1 6 -1 5 6 -1 5 -1
28022 0 2 -1
1062 1 6 -1 13 -1
198 3 6 -1 6 -1 3 -1 0 -1 3 6 -1 3 6 -1
28855 0 -1
28454 2 2 9 -1 0 -1
27617 7 -1
3248 0 -1
6777 0 0 3 6 -1 3 -1
11719 14 -1
11312 0 0 2 5 -1
12020 9 -1 1 5 9 13 -1
21231 0 10 -1
1311 0 0 5 6 11 -1 5 6 -1
1503 3 -1
25565 0 -1 0 1 -1 1 14 -1
627 1 2 -1
26892 1 13 -1
2833 10 -1 0 1 1 4 5 8 -1
3466 1 1 1 3 4 4 9 10 10 13 14 14 14 14 14 -1
24522 0 7 -1
28028 0 11 -1
4551 5 14 -1 1 5 -1 5 -1 6 -1
17278 0 -1
16064 13 -1
10652 3 5 8 11 16 -1
12854 3 -1 6 -1
18443 15 -1
26261 3 7 -1 6 -1
24188 0 -1
7024 0 -1 9 -1 0 -1 6 -1 0 13 -1 6 -1 11 -1 0 0 6 6 -1 6 -1 0 -1 6 -1 0 -1
26329 3 6 -1
19154 0 9 11 -1 5 9 9 -1
3939 0 1 7 -1 13 -1 0 -1
16394 0 -1 1 1 1 7 9 -1 7 9 -1
22840 9 -1 0 -1
23107 0 0 3 6 9 11 -1
1307 13 -1
3317 9 12 13 -1 6 -1 8 13 -1 1 7 -1 0 -1 6 8 11 13 -1 0 -1 10 -1 5 11 -1 9 -1 8 -1 6 11 -1 12 -1 11 -1 2 -1 0 7 -1 1 7 -1 1 14 -1 11 13 -1 2 -1 5 6 -1 10 -1 4 9 -1 7 -1
14586 10 -1
20682 8 -1
11090 0 10 11 -1 0 0 2 9 -1 5 -1 6 -1
1067 0 2 -1 4 -1
30895 0 -1
1212 0 3 -1 1 -1
27408 1 -1 0 11 -1 0 -1
17394 8 -1 12 -1
17898 0 0 13 -1
22106 1 5 6 6 -1 0 1 6 -1 1 -1
18439 3 11 -1 5 6 -1 0 5 -1 6 -1
27401 0 0 5 -1
20360 0 -1
25527 3 -1 0 -1
8834 7 -1
29572 3 14 -1 5 -1
19977 1 -1
24039 0 -1
15164 0 0 13 -1
6774 0 -1
16338 0 1 3 -1 0 -1
23098 6 -1 0 3 6 -1
31200 0 13 -1
23775 5 10 -1 0 1 -1
7552 5 -1 1 10 -1 9 -1
18005 0 0 1 1 9 -1 0 0 11 -1
8032 7 -1
19546 0 -1
2797 9 -1 8 -1 2 -1 3 -1 4 11 -1
8091 0 1 -1
5038 0 3 -1 10 -1
28797 4 -1
13310 3 3 6 13 -1 6 -1 0 3 6 -1 1 10 -1
23282 0 14 -1
684 10 13 -1
819 2 11 -1 11 -1 2 11 -1
30901 0 0 1 -1
2194 1 4 5 5 11 -1 1 -1
27048 0 0 9 -1
26853 3 -1
14826 1 5 7 9 14 -1
29606 0 0 11 11 -1
13818 6 6 16 -1 4 -1 2 10 -1
17604 0 -1
6434 0 -1
9602 3 -1 3 3 6 10 -1 3 6 -1
23255 0 5 -1 0 5 -1
5119 11 -1 1 -1
29736 5 6 10 14 -1
13064 0 2 2 -1 0 1 -1 0 -1
20796 11 -1
1383 0 0 1 -1 0 11 -1 0 1 -1
25882 2 14 -1
3858 0 1 -1
20003 13 -1
12428 9 -1
15540 0 0 3 5 -1
17675 0 3 -1 0 10 -1 6 10 -1 3 -1
24543 3 -1
7609 1 -1 13 -1 6 -1 3 -1 3 6 -1
158 3 -1 0 9 -1 14 -1 5 6 14 -1 0 9 -1 0 2 -1 0 11 11 -1
28002 4 -1 14 -1
23366 3 -1
22904 0 1 1 -1
26872 5 -1 8 -1 1 -1 13 -1 3 6 -1
13282 0 -1
23109 15 -1 1 -1 1 3 15 -1 1 13 -1
20087 13 -1
11533 0 -1
3122 0 5 -1
26893 0 3 13 -1
19223 1 -1 1 6 7 -1 7 -1
20518 6 -1
7044 0 1 13 -1
25726 5 -1 14 -1 9 -1 5 -1 6 -1 5 -1 6 -1 5 -1
14663 13 -1 5 -1
27582 1 3 3 -1
3013 2 14 -1 14 -1
20812 3 6 -1
23143 1 -1
21623 16 -1 0 0 4 -1
30413 2 10 -1
24185 0 1 1 11 -1 1 13 -1 11 -1 1 3 -1 1 -1 3 -1
28071 0 1 6 -1 1 14 -1
23830 0 0 0 3 9 13 -1
29075 2 8 -1 5 8 -1 2 -1
12116 13 -1
11840 0 0 3 6 -1
3206 9 -1
22812 1 -1
1773 0 0 9 9 -1 9 -1
22565 1 3 -1
20234 11 13 -1
20798 3 8 -1
9265 6 -1
13910 2 -1 0 -1 0 1 -1
3956 3 3 5 6 -1
381 6 -1 9 -1 2 -1
30972 0 -1 4 -1 13 -1 0 -1
28186 0 -1 0 0 0 1 9 9 -1
22438 8 -1
498 0 1 10 -1 0 7 -1
1093 10 -1
17690 1 5 7 -1 3 6 -1
21458 1 -1
7559 9 -1
18511 0 1 -1
3123 1 -1
27302 0 -1
10273 0 -1
10584 0 3 -1 7 -1
14834 0 6 11 -1
20015 3 -1 5 -1
9326 2 -1 0 -1
3651 0 0 0 0 0 1 1 1 11 -1 0 1 -1 0 13 -1 0 4 -1 0 4 -1
4752 0 -1
8128 0 6 -1
27260 0 -1
29595 11 -1
438 1 14 -1
31562 6 12 12 -1
16463 8 -1
11478 1 13 15 -1 13 -1
7068 0 1 -1
12478 1 -1 3 11 -1 3 -1 1 -1 3 5 -1 3 -1 9 -1
106 0 -1
19934 0 0 0 0 1 2 6 6 -1 0 -1 6 -1
15066 3 10 -1
11257 3 -1 0 1 -1 0 10 -1 2 11 -1 11 -1
5233 10 -1 0 -1 2 -1 4 -1 0 -1 16 -1
10310 3 -1
27909 12 12 13 -1 12 13 -1
19871 14 -1
6675 0 7 -1 0 -1 7 -1 0 0 7 7 -1 0 -1 7 -1 0 -1
15208 0 -1
29932 0 0 5 5 5 5 6 15 -1
18311 10 -1
1479 0 0 1 9 -1 0 -1
15429 3 -1
21275 0 -1 3 -1
7987 12 13 14 14 -1 13 -1 12 -1
292 0 3 4 5 -1
19634 1 -1 4 -1 5 -1 11 -1 5 -1 1 -1
11004 10 -1 14 -1
10740 1 7 -1
21163 11 -1
16728 0 11 -1 0 -1
15590 8 12 -1 7 -1 3 12 -1 7 -1
25169 13 -1
27485 1 -1
2550 3 -1 0 0 0 1 3 -1
9548 0 -1
27114 1 -1 0 0 1 1 -1
18407 1 -1 10 -1 1 16 -1 1 9 9 -1
21257 0 1 1 2 2 9 11 -1
3713 0 3 6 -1
29647 1 14 -1
24744 0 0 3 3 -1 0 2 -1 0 0 10 10 10 -1 0 16 -1
13495 0 -1
28348 3 6 12 -1 8 -1
24298 0 -1
4852 1 6 9 -1
10169 5 12 -1
3710 0 1 3 -1 0 -1
26495 0 -1 11 -1 0 1 -1
30613 2 3 -1 13 -1
15352 13 -1
15403 5 -1 1 -1
9884 3 -1 0 -1 11 -1
24953 2 -1
24440 5 6 -1
27176 11 -1 1 -1 0 -1 9 -1
16673 0 -1
25228 3 11 -1
19456 3 10 -1
5448 0 10 -1 0 -1
10765 14 -1 0 3 14 14 -1 0 1 14 -1 1 -1
3534 8 9 -1
18368 3 4 6 8 8 -1
18884 1 5 5 -1 1 13 -1 1 -1
26440 0 0 10 13 -1 0 -1 4 -1 0 -1 1 -1 0 -1
31154 0 1 -1 2 -1 1 -1 6 -1
4645 0 1 -1
31514 11 14 -1
14349 6 12 -1 12 -1
25227 0 1 -1
136 0 -1
6757 1 5 14 -1
15211 12 -1
12937 8 12 -1 12 13 -1 6 12 -1
27859 1 3 4 -1
9520 3 -1
23882 3 -1 2 -1 13 -1 0 -1
22885 8 12 12 13 -1 0 -1 12 -1
17658 0 3 -1
23257 6 -1 0 5 -1 5 -1 5 6 -1 0 -1 5 -1
11683 0 -1
354 5 6 -1
9237 6 -1 1 13 -1
19824 1 3 5 14 -1
30108 0 -1
28399 1 3 3 6 -1
8742 1 -1
18723 7 12 -1 13 -1
10002 1 -1
11403 0 -1 9 -1 0 1 -1
17972 0 4 13 -1
23317 0 6 -1 0 5 -1
12745 0 11 16 -1 0 -1
19966 0 -1
563 2 -1
23750 0 6 -1
16203 2 3 11 14 -1 1 11 -1
22999 1 5 6 7 -1
26715 1 3 5 -1
28847 11 -1
841 10 11 -1
11093 13 -1 0 0 1 -1
24103 6 -1 5 -1
30 0 -1 0 7 -1 7 -1 0 0 7 7 -1
30562 8 13 13 -1
17703 0 0 11 11 13 -1
4687 0 11 -1
5437 0 -1
26557 1 -1 0 0 0 9 11 -1
5486 0 8 -1
25290 3 6 -1
1619 14 -1 5 -1
1390 6 -1
22405 0 1 -1 0 11 -1
8479 0 0 1 -1
31415 6 -1 3 3 6 -1 1 -1 3 -1
21769 0 1 5 -1 6 -1
27703 0 0 1 1 -1 6 -1 0 -1
3959 1 3 -1
27772 1 -1
6258 0 -1 0 1 3 6 -1 0 -1
260 0 -1 0 13 -1 0 13 -1 13 -1 0 0 0 13 13 13 -1 0 -1 13 -1 0 13 -1 0 -1 13 -1 0 -1 8 -1 0 -1 8 -1 3 -1
4193 2 2 3 3 5 6 11 -1
10154 1 3 -1
2937 0 9 11 13 -1 0 0 11 11 -1 7 -1
490 0 5 -1 0 -1
5792 11 -1 13 -1
1146 10 14 -1 4 5 14 14 14 -1 2 14 -1
18130 0 -1
17599 2 -1
17301 11 -1
25320 0 2 2 -1 0 2 -1 0 -1 2 -1 0 12 -1
28311 1 -1 0 1 13 -1
28393 1 1 11 13 -1 1 2 13 -1 1 -1
11509 1 3 -1 1 -1
3374 11 -1
10833 4 5 8 -1 0 -1
24750 11 -1
11971 1 1 5 -1
11276 0 3 -1
14567 0 -1 6 -1 0 6 -1
948 5 6 -1
3735 0 0 1 2 13 -1
23705 0 2 -1
14716 6 -1
4747 0 1 5 -1
24337 0 -1 1 -1 0 -1
31064 2 -1
12393 5 6 7 12 -1 1 12 12 -1 7 -1
779 9 -1
2226 0 1 2 -1
22890 0 1 -1
2617 6 -1 3 9 -1 9 -1
17321 3 -1
3068 2 -1 14 -1 4 -1 14 -1 9 14 -1 9 -1 2 9 -1 14 -1 2 -1
17797 0 2 5 -1
17622 7 -1 0 0 5 14 -1 0 -1
11039 0 1 -1 0 -1
18462 5 -1
14294 0 3 3 6 -1 1 -1
25786 8 -1
14229 1 -1
24013 5 -1 0 -1
21594 2 14 -1
26381 0 -1
15527 3 -1 5 10 -1
20095 0 2 -1
27266 0 -1 0 13 -1 0 3 -1 0 1 -1
19733 5 -1
30092 0 0 11 11 11 -1 0 -1 0 1 11 -1
18748 0 -1
2103 3 -1
3907 12 13 -1
19902 0 -1 9 -1 0 0 2 2 -1 0 0 3 11 -1 0 13 -1
767 1 -1
13287 14 -1
663 13 -1
19259 2 -1
21990 1 3 -1
14318 8 -1
10999 10 -1
4231 9 -1 1 -1
23432 7 -1
9151 1 -1
4622 0 -1 0 0 10 13 -1
5361 13 -1 5 -1
4267 1 -1 14 -1 3 -1 6 -1 3 -1
3751 1 -1
26300 3 -1
22316 0 13 13 -1 0 -1 5 -1
10573 0 13 -1
382 6 6 8 12 12 13 -1
11125 11 -1 0 0 4 10 -1
12735 1 -1 0 1 -1 0 6 -1 0 -1
3571 0 0 8 14 -1 3 -1 2 14 -1
16358 0 11 -1 0 0 11 -1 0 11 -1 0 11 -1
29509 14 -1 0 1 -1
18400 8 -1 0 11 11 -1 1 -1 11 -1 1 2 11 -1
7792 3 -1
12394 0 13 -1 8 -1 3 -1
30708 0 3 5 8 8 8 -1
10086 12 -1
29079 1 3 6 -1 6 -1 3 -1 3 3 6 6 -1 0 1 -1
6433 0 5 -1 6 -1
14021 12 -1 8 -1
522 0 6 -1 1 -1 0 -1 7 -1
10059 13 -1
21846 0 0 13 13 -1 0 -1 13 -1
30918 8 -1
26917 0 -1
4623 0 5 -1 14 -1 6 -1
10945 0 1 1 3 -1
25108 5 7 -1 7 -1
29793 13 -1
29247 0 8 -1
25679 0 -1 0 0 0 1 3 5 10 13 -1
28236 0 1 -1
29000 0 11 -1
28467 0 -1
20563 0 0 5 5 -1
551 2 -1
1593 13 -1
1875 13 -1
24338 0 0 2 5 8 -1
10256 5 -1
22808 0 -1 0 0 3 10 -1
8842 1 -1 14 -1 0 -1
23336 0 8 11 -1 0 7 -1 11 -1
28158 1 -1 1 1 5 5 -1 5 -1 1 5 -1 1 1 3 4 5 -1 11 -1 1 1 2 -1 5 9 15 -1 3 4 15 -1
6923 0 1 -1
4758 5 6 14 -1 1 -1
11214 0 -1
30224 0 -1 13 -1
18849 6 -1 3 -1
18970 1 -1
16770 11 -1
610 3 -1
3585 0 -1 0 0 5 9 10 -1 0 -1
10523 0 13 -1
7146 5 -1
7708 0 1 -1
28083 3 -1
23594 3 -1
14421 5 6 -1
11170 13 -1
16148 0 -1
20447 5 6 -1 1 -1 6 -1
16883 5 -1 5 14 -1
16147 0 7 11 -1 0 11 -1
14206 5 6 -1
18494 0 9 10 -1
11643 0 -1
27941 1 -1
1489 0 6 -1
27076 0 -1 1 9 -1
17688 3 6 7 -1 6 -1
20135 5 -1 0 0 0 5 6 -1 0 5 -1
10108 0 -1 10 -1 0 0 2 -1
22673 0 1 1 -1
3444 2 5 14 -1 1 3 14 -1 1 3 -1 1 5 -1 1 -1 11 -1
2220 0 -1
15097 11 -1
18312 10 -1 0 1 3 3 11 -1
1396 13 -1
19872 4 -1
16677 0 -1
22251 3 -1
11885 3 3 6 -1
7164 6 -1 5 -1
9083 0 -1
25589 13 -1 0 -1
27271 0 -1
15109 0 11 -1
6741 0 -1 0 5 -1
15654 2 4 4 5 7 9 10 -1
18591 1 -1
4189 0 -1
17779 14 -1
31452 9 -1 0 -1 0 9 -1
22235 5 6 -1 5 -1
23217 5 9 -1
9897 7 -1
13826 0 1 -1 0 -1
25626 3 -1
31636 0 3 -1
21144 1 3 5 11 -1
26129 6 9 -1
20413 5 5 9 -1
10796 14 -1 5 -1
16128 3 -1 3 3 6 6 6 -1 3 -1 6 -1 3 6 -1 3 -1
24051 5 -1
12495 16 -1
31111 1 -1 1 3 -1 1 1 10 10 -1
22605 0 11 -1 0 -1 10 10 16 -1 0 5 -1 0 6 -1
18350 5 -1
25443 1 -1
9877 3 4 -1
20869 3 -1
20321 10 -1
10460 0 -1
12563 0 -1 4 -1
14989 5 14 -1
26751 16 -1
20650 5 14 -1
9390 0 0 11 13 -1 0 -1 1 -1 7 -1 0 1 -1 11 -1
30577 0 1 7 7 -1 1 1 7 -1 0 -1
16442 1 11 -1
17722 0 2 -1 1 -1
18519 5 -1 0 -1
11764 14 -1
3015 5 -1 5 5 9 9 -1
879 0 5 -1 0 0 1 3 -1
14327 3 5 -1
12061 5 14 -1 4 14 14 -1 10 14 -1
18177 0 2 -1
18140 13 15 15 -1
8337 12 -1 12 13 13 -1 12 13 -1 12 13 -1 8 -1 5 -1 12 -1 13 -1 12 -1
6432 3 6 8 -1 10 -1
9280 0 0 13 13 -1
22249 6 -1
8144 10 -1 3 10 -1
10342 4 5 -1 7 9 13 -1 2 -1
31146 6 -1
1350 3 12 13 -1 3 3 8 8 12 -1
21755 16 -1 0 -1 0 10 16 -1
25225 0 6 -1 3 -1 0 -1
30382 0 -1 13 -1 0 -1
19865 0 13 -1
18385 0 -1
18859 0 4 -1
6583 10 -1 0 -1
148 0 -1
23908 9 14 -1 5 14 -1
12424 9 -1
23435 5 6 14 -1 14 -1 10 -1
27005 1 -1
20098 0 -1
24824 0 -1 2 -1 14 -1 6 -1 5 6 -1 5 -1
6720 10 11 -1 0 -1
25060 13 -1
28601 0 -1
5893 0 -1
31530 13 -1 0 -1 0 0 0 1 2 2 13 -1 13 -1 0 -1 11 -1
15490 3 3 3 3 6 6 6 6 8 -1
26195 6 12 -1 10 -1 8 -1
2075 0 6 -1
6281 12 -1
2491 8 -1
19055 1 -1 8 -1
29987 6 -1 0 0 1 -1 7 -1 2 11 -1
6059 0 0 13 -1
31393 0 0 1 -1 5 -1 0 -1 5 -1
17662 6 -1
14577 3 -1
10586 1 1 3 5 7 -1
2969 0 0 13 -1 0 13 13 -1
17399 5 6 -1 5 -1 5 6 -1
18843 0 -1
23399 0 -1
961 12 13 -1 13 -1
6805 2 -1
1589 0 1 -1
30965 0 3 -1 6 -1 0 0 6 6 -1 0 -1
25965 8 -1 0 0 8 -1
18521 5 -1 4 8 -1
20175 5 -1 14 -1
9685 14 -1 4 -1
21880 0 1 -1
3316 3 -1 1 5 10 14 -1 5 5 6 6 -1 14 -1 5 -1
31564 13 -1
28790 3 6 -1 9 11 -1 9 -1
4465 2 -1 3 -1 0 2 -1
11315 0 0 4 -1
24428 0 0 11 11 11 -1
17530 6 8 -1 5 7 8 -1
7324 3 16 -1
5344 2 2 11 -1 1 -1
5454 0 6 -1 0 6 -1 0 6 -1 0 0 6 -1
14579 3 3 4 -1
10624 2 -1
30311 1 10 -1
4700 2 -1 0 1 2 9 -1 11 -1
13621 9 -1
9327 0 13 -1 0 0 13 -1 0 13 13 -1 0 -1
6802 12 -1
27686 0 9 11 -1 0 -1
9193 11 12 -1
24657 0 5 5 -1
5219 0 4 4 -1
10851 0 -1
11871 8 -1 4 6 -1
1186 0 -1 6 -1 0 -1 0 0 6 6 6 -1 0 -1
24780 5 -1 14 -1 9 -1 10 -1 6 -1
20004 0 -1
27101 0 -1 0 1 1 9 13 14 14 -1
23390 0 -1 0 0 1 3 11 -1
1022 0 -1
4757 3 5 -1
13745 0 -1 5 10 -1 7 9 -1
21512 0 -1
30321 3 6 -1 1 1 3 6 -1
5479 1 3 -1 1 -1
2535 1 -1 0 9 -1 0 -1 0 1 -1
9899 6 -1 1 3 -1
30528 0 3 -1 13 -1
7178 1 -1
21530 0 0 0 3 3 5 -1
18810 13 -1
17649 0 1 5 9 -1 9 -1 1 -1 9 -1
8329 1 -1
15401 0 -1 6 -1 3 -1 0 -1
18466 2 7 -1
10967 12 -1
30641 1 1 3 7 -1
2603 1 10 14 -1 5 6 -1
31790 3 7 7 9 -1
15992 0 3 6 -1
4949 5 -1
12870 10 -1 11 -1
11383 3 -1 14 -1
19573 13 14 -1
13967 1 6 -1
15884 10 -1
25669 0 13 -1
759 6 -1
31312 13 15 -1
15890 11 -1
25830 0 -1 2 -1 13 -1 0 0 2 11 -1 0 13 -1 1 10 -1
29706 3 -1
11726 0 -1
7608 3 11 -1
24220 11 -1 1 11 13 -1
2244 0 7 7 -1
17916 4 5 -1
6906 11 -1
13006 13 14 -1
20045 0 -1 0 3 -1
17456 5 -1
12451 1 -1
15205 0 -1
897 0 6 -1
18108 2 7 -1
26486 2 3 -1
28069 0 1 -1
31477 1 -1
20329 13 -1
2083 1 3 -1
11668 3 5 -1
23097 6 -1 3 -1
2792 0 5 -1 5 5 6 -1
3421 8 12 -1 3 7 8 11 -1 7 -1 8 12 -1
28612 5 -1 1 9 -1 1 5 9 -1 3 -1
25137 0 1 -1 1 9 9 -1
2488 11 -1
13424 11 -1 10 -1
9788 13 -1 0 0 11 14 -1
9611 0 -1 11 -1
17148 0 -1 3 -1 0 11 -1 0 -1 0 1 3 3 -1 3 -1 10 -1 3 6 11 -1
15266 3 6 -1 1 5 6 -1 0 6 -1 3 -1 5 -1 0 -1
27815 0 1 3 3 3 6 6 6 -1
2397 1 -1 1 14 -1
21359 10 14 -1 0 3 11 14 -1 0 -1
10806 3 4 8 8 10 10 -1
25489 1 -1
24631 2 -1 3 6 -1 3 -1 3 6 6 -1 3 6 -1
30425 0 -1
29940 0 1 -1
26315 0 -1 0 1 -1
13475 0 3 10 -1
29773 2 -1
9708 0 2 -1
26525 13 -1
30111 6 -1 8 -1
28750 5 -1
5175 0 0 14 -1
11715 0 13 -1
29166 2 -1 1 2 14 -1
10561 0 -1
10524 11 -1 0 0 11 -1 0 11 -1
7785 0 3 -1
11472 8 -1 0 -1
417 0 5 -1
17946 5 -1
29722 3 -1
9582 0 0 1 6 11 16 -1 3 -1
6480 5 -1
7503 0 8 -1
15758 0 3 -1
21288 10 -1 0 6 -1
18595 0 -1 5 6 -1
12774 6 10 -1
28890 5 -1
23260 0 0 13 -1 0 13 13 -1
5178 0 10 -1
13215 1 3 -1
2308 6 -1
26506 0 0 1 1 -1 0 1 3 -1 0 5 -1 0 -1 0 1 -1
14489 0 1 -1
9861 12 -1 13 -1 0 -1 1 -1
21847 0 8 -1
18199 3 6 -1
21150 6 -1 3 7 -1 3 -1 7 -1
6598 1 11 11 -1
8624 1 4 -1 0 -1 1 -1
21875 0 -1
15270 3 6 13 -1
13781 0 10 -1
12016 5 -1 0 9 -1 0 0 3 -1
23606 0 -1 10 -1 6 -1 0 -1 3 -1
5669 3 5 -1
503 0 0 1 -1
12955 13 -1
6582 8 -1
23591 0 10 -1
20505 0 5 -1
13433 9 -1
22688 0 4 -1
13043 6 -1 5 14 -1
26910 2 -1 1 -1
23162 0 1 -1
9050 3 6 -1
29612 0 -1 4 -1
24825 6 -1
1392 7 -1
6122 1 -1
9070 0 -1 0 9 -1 16 -1 0 -1 0 2 -1
21333 0 3 -1 0 0 1 1 -1 0 0 1 3 -1 3 -1 0 1 -1
31139 0 0 16 -1
24805 0 5 5 -1
10816 0 -1
25187 5 5 6 -1
868 0 -1 0 3 -1
1917 8 -1
26466 3 -1
3559 0 0 2 7 -1
27323 0 -1
3867 0 -1
20768 5 6 -1 5 11 -1 10 -1 16 -1
27934 0 -1
27960 0 11 -1 1 -1 11 -1 0 -1
209 3 -1 6 -1
30809 16 -1 1 -1 0 -1 11 -1
11623 0 3 10 -1
21295 8 -1 6 -1 8 -1 1 8 -1 1 -1
22930 0 3 -1
1679 13 -1
21421 13 -1 11 -1 0 13 -1
14609 1 -1 0 6 -1 3 -1
20180 8 -1
17424 3 -1 3 6 -1
6519 11 -1 2 -1
28238 3 -1
13586 6 -1 0 3 -1
3105 0 0 4 5 -1 1 6 -1 4 11 -1
17120 0 -1 3 -1
20761 9 -1
15182 6 -1 5 6 -1
9914 9 -1
1157 0 0 1 1 -1 0 9 -1
31678 2 -1
18232 5 -1 7 -1
7486 8 -1
22227 1 -1
4300 0 1 -1 1 5 9 -1 9 -1 1 -1 9 -1
10010 9 -1 1 -1 0 1 -1 0 0 1 3 -1 13 -1
3069 8 -1
1194 0 2 -1
27393 0 1 5 -1 3 -1 0 -1 5 -1
14872 3 -1 3 7 -1
27588 1 1 5 -1 9 -1
28262 0 11 -1 0 14 -1
31233 0 0 2 -1
25646 1 16 -1 0 7 -1 0 -1
7836 0 -1
4583 0 0 2 11 11 -1 0 -1 2 -1 0 11 -1
25914 0 -1 13 -1
4143 0 10 -1 0 -1 2 5 13 -1 0 -1 1 -1 0 3 -1 0 -1
24457 0 -1
21175 10 -1 0 -1 0 1 -1
22198 0 -1 0 1 9 -1 0 1 -1 0 -1 5 -1 0 -1 11 -1
24352 3 -1 11 -1
3178 4 -1
425 1 3 4 4 -1
4024 0 9 10 -1
28290 5 -1
15188 3 -1
23045 0 1 -1
14511 13 -1
16172 0 0 3 11 -1
20080 3 -1 3 6 -1 2 10 -1 1 4 5 11 -1 2 3 6 -1
27675 1 1 5 14 -1 1 -1 2 5 9 10 11 13 -1 4 7 15 -1 0 2 5 -1
14879 5 -1
8238 13 -1 0 0 0 10 11 -1
16898 0 1 8 10 -1
7238 0 -1 0 6 -1
27690 13 -1
31013 11 -1 0 3 -1
12850 0 3 -1 0 0 0 11 11 -1
19517 0 13 -1
26058 1 10 -1
6312 16 -1
28749 0 0 6 6 -1 1 -1
1940 8 -1
19316 14 -1
20924 0 1 11 -1 0 0 13 -1
12450 13 -1
29975 1 1 2 3 4 -1
15559 12 -1 0 0 3 6 12 -1 0 6 -1 3 -1 1 -1 7 -1 6 -1 3 -1 7 -1 1 3 -1 0 -1 3 6 12 -1 0 0 8 -1
6995 0 10 -1
14654 10 -1
11145 0 5 6 -1
22067 13 15 -1
25214 5 -1 0 -1
8157 0 3 3 6 -1 3 6 -1 6 -1 3 -1 3 6 -1 6 -1 0 0 0 3 3 6 6 -1 3 6 -1 0 3 6 -1 6 -1 3 -1 3 3 6 6 -1 3 6 -1 6 -1 3 3 6 -1
29319 3 -1
5304 7 -1
3276 3 6 -1
25742 0 -1 3 -1 0 0 11 11 -1 0 2 -1 0 -1 0 0 0 1 11 11 -1
24357 13 -1 1 -1 4 -1
20240 7 9 -1
1448 0 -1 13 -1
13127 0 1 -1
16714 2 4 -1 0 4 -1
6376 2 2 14 -1
27475 0 3 6 -1 9 -1 3 -1 3 4 5 6 -1
9533 0 -1 0 10 -1
9408 0 -1
3058 8 -1 0 -1
23236 1 7 7 8 -1 7 -1
11682 6 8 -1
22004 0 11 -1
26122 10 -1
18007 5 6 -1 5 6 -1 1 -1
15856 0 0 10 -1
842 1 -1
27022 1 14 -1
3405 0 11 -1
29186 0 10 11 -1 10 -1
10371 1 1 11 -1
29543 0 6 -1
11902 0 3 -1
28490 0 5 -1
15517 16 -1 11 -1 14 -1
11022 0 -1
4768 3 10 -1 0 -1 10 16 -1 0 10 -1 3 5 10 -1
29377 0 -1
1912 12 -1
26634 1 4 6 7 8 -1
17999 5 8 -1
20653 0 0 1 6 -1 0 11 -1
4368 1 3 10 -1
11714 0 3 -1 5 -1
10448 1 2 2 5 6 7 -1
5065 1 -1
16593 3 -1
19284 0 4 -1
10647 3 -1
1673 0 8 13 -1
24376 0 1 -1 1 11 -1
26398 3 6 -1 3 8 -1 6 -1 3 3 6 -1
18491 0 -1 8 -1
20868 11 -1
26307 10 -1 0 -1
3365 3 4 8 -1 8 -1 0 10 -1
4893 0 -1
20962 9 -1
14718 8 -1 4 8 -1 4 8 -1 3 4 8 -1
28463 11 -1 0 -1
380 1 -1 0 -1
15088 3 6 -1
26644 0 -1
25461 14 -1 1 -1 11 14 -1 14 -1
17529 1 -1
28045 0 -1
