3179
4125 6 12 12 13 -1
3237 0 2 -1
17556 5 9 14 -1 14 -1 5 9 -1 14 -1 4 14 -1
22798 6 -1 3 6 -1
25517 7 -1
30364 0 6 6 -1
9469 5 7 -1 0 0 1 1 3 3 6 -1
25699 0 11 -1 0 -1
6474 3 -1
1589 2 -1
11817 0 0 0 3 6 6 -1 0 -1 0 1 -1
23900 0 5 -1 13 -1
12190 0 11 -1 0 11 -1
239 13 -1 12 -1 12 13 -1
6324 16 -1 10 -1
771 5 -1
19139 0 -1
10868 1 -1 2 -1 1 -1 0 1 7 -1 0 -1 6 -1
26840 3 -1 0 1 9 -1
17646 3 14 -1
29742 0 13 -1
9596 0 -1 7 -1 0 -1 7 -1 0 -1 7 -1 0 7 -1
3463 0 1 13 -1
9169 1 -1
9121 0 3 -1 11 -1
30734 0 4 -1 0 -1 3 -1
23184 0 -1 1 -1 0 0 3 -1 0 13 -1 1 -1 0 3 -1 0 3 -1 0 -1 0 11 -1 13 -1 0 -1
29 3 -1 0 -1
18631 0 0 4 11 -1 0 -1
17688 3 -1 7 -1
2073 6 -1 0 -1 0 1 -1
14646 0 1 -1
10050 3 -1
18810 12 -1 6 12 -1 6 13 -1
756 0 1 -1
20276 1 -1
871 0 1 11 -1 1 -1 2 -1
18561 0 13 -1
29245 5 7 -1 10 -1 1 1 9 -1 1 5 9 -1 1 11 -1 0 1 -1
21676 0 1 5 -1
6789 13 -1
6095 3 -1
24067 0 11 13 -1
20709 5 -1
21921 3 -1
17608 0 3 -1 0 6 -1 3 -1
12580 5 6 6 -1
26042 9 -1 0 -1
17756 5 -1
11456 1 13 14 -1
4573 0 3 14 16 -1
16234 4 -1
30145 1 -1
12993 1 2 -1
10372 1 5 9 -1
20334 0 8 -1
31554 5 5 6 6 -1 5 -1 5 6 -1
8689 0 -1
22067 1 -1 0 1 14 -1
27730 1 13 -1
13153 3 -1 6 -1
18621 9 -1
19607 5 -1
22287 0 0 10 -1 3 -1 0 0 0 1 3 11 -1 0 10 -1
2845 1 5 -1 9 11 -1
11933 0 11 11 -1 0 0 11 -1 0 1 -1 11 -1
18607 0 -1 1 -1 0 0 11 -1 0 9 -1
16477 1 -1 0 -1
20784 1 9 9 -1
20689 3 10 11 16 -1
15700 0 -1 0 13 -1 1 11 -1 1 -1
14811 5 5 14 14 -1 10 -1
31651 5 -1
28819 0 7 -1
8993 0 1 2 -1
19631 14 -1 2 -1
9775 0 2 14 -1
9390 0 -1
9766 0 2 -1
1109 4 -1
20003 0 -1
24833 5 6 -1
9378 1 8 -1
20919 6 8 -1 3 8 -1 1 -1 3 -1 3 5 -1
25118 1 5 14 -1
23571 1 11 14 -1
29952 2 9 14 14 -1
24767 5 -1
9158 6 -1 3 13 -1 0 -1 0 13 13 -1 0 0 3 3 5 -1 0 0 0 3 11 11 -1
27992 0 -1
15404 3 13 -1 0 0 0 2 3 10 11 13 -1 10 -1 0 2 4 -1 13 -1
9551 6 -1 5 -1 0 0 5 -1 6 -1
10622 9 -1
26374 5 6 -1
26398 5 -1
22593 0 0 5 8 -1
22033 0 9 -1
25452 0 0 3 10 16 -1
9603 2 -1
25849 0 0 3 3 -1
17068 1 -1
5910 0 5 6 -1
16835 0 8 -1
19291 1 -1
14678 1 6 11 -1
15774 0 1 7 -1
27293 0 -1
19527 3 -1
1752 10 -1
18317 0 -1
16555 10 14 -1
23050 14 -1 9 -1 14 -1 4 4 14 -1 4 14 -1
26631 6 8 12 12 12 13 13 -1
11486 12 -1
9769 14 -1
30482 6 -1
5148 5 11 -1
28534 0 -1
7949 0 11 -1 11 -1 0 -1
17576 5 -1 1 5 -1 0 -1
16676 3 3 9 -1
2937 11 -1
23938 6 -1
25603 3 -1 1 -1
250 10 -1
2866 0 9 -1
5157 1 -1 0 -1 1 -1 5 -1 0 -1
501 16 -1
11874 1 1 11 -1
17893 3 -1
28801 0 -1
21770 4 -1
19790 5 7 -1 5 -1
15311 0 -1 0 5 -1 0 9 -1 5 -1 3 -1 0 5 -1 0 -1
26613 0 6 -1
18454 0 5 5 6 -1
16845 0 -1
4445 13 -1
26986 0 0 1 3 4 5 -1
22142 3 -1 1 -1 5 -1
26311 0 3 -1 0 11 -1
17746 1 -1
6937 10 -1
13543 14 -1 1 5 -1
16917 0 0 1 1 -1 0 1 -1
6026 0 11 -1 1 11 -1
8719 0 0 1 -1
30713 3 6 -1 3 6 -1 3 -1 1 -1 3 -1 6 -1 3 6 -1 3 3 6 6 -1 3 -1 3 6 -1
13947 1 -1
24077 0 0 1 16 -1 0 0 1 -1
28054 0 11 -1 0 0 9 9 -1 0 0 3 -1
28287 6 -1
31067 0 -1 4 10 -1 0 10 -1
24889 1 1 5 9 11 -1 4 9 -1 0 0 11 -1 0 11 -1
21615 10 -1 1 -1
967 12 -1
6080 1 -1
30809 0 -1 1 -1
22317 0 1 -1 2 -1
6811 5 -1 1 -1
30296 3 -1
24303 11 -1 0 -1
4090 14 14 15 -1
20029 2 7 -1 0 2 -1
7182 1 -1 0 -1
24916 13 -1
10444 0 -1
2531 6 -1 3 -1
4622 1 -1 0 -1 3 -1 0 -1
12832 11 -1 2 11 13 -1
5264 1 11 -1 0 -1 1 5 14 -1
15057 5 7 -1 9 -1 3 -1 1 6 9 -1
31154 1 -1
4226 0 5 -1
4326 12 -1 3 6 13 -1 12 -1 3 6 -1 12 13 -1 0 0 13 -1
17175 3 10 -1 5 10 -1
4418 16 -1 13 -1 0 -1 1 11 -1
147 0 -1
19251 4 -1
1228 0 -1
28198 0 1 9 -1
21202 0 13 -1 0 13 -1
16851 5 -1 6 -1
13107 5 6 -1 5 6 -1
17096 0 -1
14567 0 -1
22515 1 3 -1 1 -1 0 13 -1
10321 0 -1 3 -1
7699 8 -1 0 -1
31293 0 0 2 16 -1 0 -1 0 5 11 11 -1 6 -1
15584 3 4 4 -1 14 -1 1 4 5 14 14 -1 3 5 14 14 -1
13109 2 11 -1
10351 0 -1 0 6 -1 6 -1
25310 3 3 6 6 7 -1
7381 11 -1
24760 0 1 -1 0 0 11 -1
11151 5 6 14 -1
7935 0 -1
26467 5 10 -1 4 -1 5 -1 0 4 4 5 5 5 6 -1
20260 1 -1
2404 0 0 2 5 6 16 -1
6570 11 -1
1095 13 -1
28615 1 3 9 -1 1 3 -1 1 -1 3 -1
15117 4 -1 0 6 16 -1 0 -1
24783 2 -1
1385 4 14 14 -1
19706 1 -1 11 -1
18525 1 3 -1 1 5 -1 1 -1
22382 0 11 -1 6 -1 0 6 -1
21255 11 -1
22369 2 8 -1
2669 11 14 -1
11136 0 3 9 -1
5261 0 1 -1
8309 3 6 -1 1 -1
15963 13 -1
1804 4 -1
3347 10 -1 4 -1 0 3 -1 0 -1 9 -1 0 1 11 11 -1 0 13 -1
22790 3 -1 6 -1 3 3 6 -1 3 6 6 -1 3 -1 6 -1 3 3 6 -1 6 -1 3 -1
3908 0 0 13 -1
8350 0 -1 5 -1
26818 0 -1
3396 14 -1
28779 0 -1 0 11 -1
16705 8 -1
23467 3 -1
19219 0 1 -1
13172 0 1 6 -1 3 6 -1 3 6 -1
6640 7 -1 1 4 5 15 -1
16431 0 1 11 -1
934 1 6 -1 1 3 3 5 6 6 -1 5 -1 4 -1 6 9 -1 1 6 7 -1
5757 4 8 -1
3332 16 -1 1 9 10 -1
966 0 -1
12344 5 -1
18325 11 -1
25345 4 5 14 -1
15821 0 0 0 1 1 -1 1 -1
22080 0 3 -1 0 -1
3099 1 8 -1 1 -1 8 11 -1
15855 10 16 -1
16740 0 1 7 -1
20778 0 0 13 -1 11 -1
5431 1 5 5 -1
6008 1 10 -1 0 -1
27173 0 5 -1 6 -1 0 1 3 6 -1 3 -1 1 1 14 -1
4816 0 -1
28515 0 0 3 10 -1
20501 0 -1
21633 0 -1 6 -1 3 6 -1 3 6 -1 3 -1
679 0 -1
24194 6 -1 3 -1 6 -1 3 -1 6 -1 3 -1
2704 6 14 -1 5 6 14 -1 5 -1 12 -1
2063 0 0 0 2 7 10 -1
15960 3 -1
7054 13 -1
25199 3 6 -1 6 -1 7 9 -1
30732 10 -1
9210 3 9 -1
17066 0 0 7 -1
3638 0 5 -1
26345 3 -1
10576 3 5 6 10 -1
18814 0 -1
2012 0 -1
21589 3 -1
4256 3 6 11 -1 6 -1
18091 9 -1 2 -1
284 0 -1 0 13 -1
13498 3 -1 0 -1
24214 4 5 6 7 9 13 13 -1 2 9 10 -1 1 5 6 11 14 -1
17286 0 -1 3 13 -1
9959 7 -1 3 -1 8 -1 8 12 -1 12 -1 7 -1 5 -1 11 -1 8 -1 11 -1 7 -1 0 -1 7 -1 0 1 7 7 -1 1 1 14 -1 11 -1 13 -1 2 3 6 10 -1 4 5 9 -1 1 7 -1 4 -1 0 1 -1
20001 9 14 -1 0 -1
19735 0 -1 0 0 3 4 -1 0 4 10 -1
8079 0 1 6 -1 1 -1
1298 0 0 13 -1
3502 0 0 1 1 10 13 -1
18704 5 -1
18158 0 13 -1 0 0 13 -1
1523 0 -1
14206 4 5 6 10 -1
18322 0 1 -1
13241 3 6 6 -1 1 -1 3 6 -1 1 3 -1
31572 0 1 -1 4 4 13 -1 13 -1
16304 3 8 8 -1 5 8 11 -1 7 8 -1 11 -1 8 -1
12546 9 -1
1790 11 -1 0 5 9 11 -1
28658 0 -1 1 -1
276 3 6 7 -1
6134 4 -1
10266 0 -1
29709 0 1 14 -1
10972 7 -1
24230 0 6 -1
22003 3 6 -1
27420 11 -1
21288 0 -1
18260 0 1 2 -1 0 1 -1
21438 1 -1 4 11 13 -1
8588 6 -1
26019 0 1 13 -1
26865 0 1 -1 7 -1 0 -1 1 2 -1
13147 14 -1
9171 6 7 -1 1 7 -1 0 -1 7 -1
20331 0 10 -1 14 -1 5 6 -1 6 -1 5 -1 5 14 -1 14 -1 2 -1 0 11 -1 14 -1
29792 0 3 6 11 -1 0 0 11 -1
18039 7 12 -1
27843 6 -1
5448 11 -1 0 0 1 -1
13545 0 -1
25533 0 1 -1
1271 1 3 9 -1
8969 0 0 0 11 11 11 -1 10 -1 6 10 -1 5 -1
1760 10 -1 0 -1
10708 0 -1
28116 5 -1
44 0 0 0 2 11 11 -1
7330 0 -1 4 -1
21473 3 -1
25414 5 -1 3 -1 13 -1
916 3 13 -1
1658 0 11 -1 0 8 -1 8 11 -1 0 11 13 -1
23733 0 -1 1 7 -1
4701 10 -1
7903 0 0 10 11 11 -1
9437 5 -1 6 13 -1 5 -1
1911 0 4 -1 0 3 -1 0 2 -1 0 1 -1
22504 5 -1
19039 0 0 1 -1 0 3 4 14 -1 14 -1 0 14 -1 1 14 -1
16850 1 -1 3 6 6 -1 3 -1
14185 6 -1 1 3 7 -1
9305 1 1 3 3 7 7 10 16 -1
8592 9 -1 1 -1
14122 0 6 -1
8857 5 -1
4367 1 1 13 -1 13 -1 1 -1
15101 0 1 1 -1
2261 3 -1
15267 0 -1 1 -1
3015 9 -1 9 10 -1
15789 0 -1 0 13 13 -1
29186 0 -1
30249 0 1 -1
24700 0 13 -1 0 0 13 -1
22784 6 -1 8 -1
11346 12 13 -1
5124 0 -1
14074 0 16 -1 1 -1
12890 3 5 8 -1
11796 3 6 6 -1
10292 11 -1
20225 0 11 -1 0 3 -1
16685 4 -1
2429 0 -1
29935 0 -1
19038 1 -1 0 0 6 13 -1
27289 0 5 13 -1
1084 0 5 -1 0 -1
28237 0 1 -1 0 1 -1 11 -1
18262 11 -1 2 -1 0 -1 0 1 3 -1 0 -1
168 0 11 -1 0 4 -1 0 5 -1
15599 0 3 6 6 -1 3 -1
6829 0 -1
19525 0 -1
5177 1 4 5 10 -1
13821 0 -1 2 11 -1
3613 1 -1
13885 0 -1
7405 0 9 -1
7181 8 -1
21990 8 -1 0 0 1 8 12 13 -1
31550 6 -1 5 -1
6527 11 13 -1 0 0 1 -1 2 -1
26678 1 -1
3694 9 -1 0 1 5 6 -1 5 6 -1 0 3 -1 0 0 2 2 5 6 11 -1 0 1 -1 0 -1 0 9 10 -1 11 -1 0 -1
24695 1 -1
6631 0 -1 6 -1 0 3 -1
9150 0 6 7 -1 3 -1 6 -1 1 3 3 9 -1
10791 0 9 -1
3104 2 -1 0 -1
9098 0 7 -1
16831 3 -1
7116 4 -1
20660 0 1 -1 0 3 4 5 11 -1
25768 0 10 -1
84 0 1 2 -1
27853 3 3 6 11 -1
1356 4 -1
25369 0 -1
12295 6 9 -1 1 2 11 13 -1 14 -1 0 -1
28995 2 -1
31377 13 -1 0 0 4 4 -1
16942 3 6 -1
24784 11 -1
23604 10 -1 0 -1 0 0 9 11 13 -1 0 2 -1 0 11 -1 0 1 -1 1 -1
28105 3 -1 2 -1 3 -1 2 -1
25325 0 -1
10157 6 -1 5 -1
17025 14 -1 0 2 -1 2 9 14 -1 0 -1 9 14 -1
11012 1 4 -1
22967 6 -1
24188 1 -1 0 -1
13327 10 -1
31442 0 10 -1 2 -1
9782 0 -1
7309 3 -1
5296 5 -1 0 -1
31005 2 -1
16436 0 -1
1478 11 -1
29439 11 -1 0 2 -1 0 -1
20058 0 -1
20356 0 -1
14262 3 -1
18050 0 -1
23781 6 -1 5 6 -1 5 -1
3191 3 5 6 12 -1 12 -1
12681 0 3 3 6 -1
15971 1 -1
9752 8 -1
14452 0 6 8 -1
24644 3 10 16 -1 0 1 -1 0 2 -1
885 5 -1
21357 0 3 -1 0 -1 3 -1
9555 0 0 1 11 -1
10542 6 12 -1
31483 0 9 -1 0 0 9 9 -1 0 -1 9 -1 0 -1
6268 1 3 5 5 6 6 10 10 -1 3 -1 0 -1 5 8 -1
3525 5 5 6 13 -1
4729 6 -1
24150 11 -1 8 -1 0 -1
27613 0 -1 0 0 1 1 -1
11383 3 -1
23351 1 7 13 13 -1
16989 6 12 -1
9148 0 10 -1
29650 12 -1
5341 11 -1 0 4 -1 0 -1
28661 2 8 12 12 -1 0 13 -1
19426 9 -1
21588 6 -1 0 4 -1
25508 0 1 -1
2799 8 11 -1
31513 0 0 4 -1
19952 0 5 8 16 -1
16328 2 5 5 6 -1 13 -1 12 -1
24072 0 0 0 2 10 11 -1
11278 9 -1
4188 1 2 -1 1 1 2 9 9 10 -1
9742 5 -1
13307 0 0 2 11 -1
13066 1 3 -1
20593 0 5 6 -1
21769 0 -1 5 6 -1
26068 5 -1 5 5 6 6 -1
22487 0 1 -1
4026 0 -1
4348 5 -1
554 0 3 -1
2907 2 4 14 -1 14 -1 4 14 -1
21047 0 -1
8004 1 -1
1417 0 6 8 -1
22245 0 6 -1 0 -1 0 3 -1 1 1 3 -1
31534 6 9 -1
21461 12 12 13 13 -1
14340 3 7 -1
15747 6 8 8 -1 4 4 8 -1
4358 0 -1 5 -1
26689 0 -1 5 9 -1 6 -1 9 -1
16788 0 -1
23560 13 -1
11373 0 1 -1 0 -1
22266 0 8 -1 6 12 -1 12 -1
15542 0 3 -1 0 -1 13 -1
13683 0 -1
11296 0 5 -1 5 -1 0 10 -1 0 5 -1 5 14 -1 14 -1 5 -1
29708 6 -1
868 0 1 -1 0 2 -1
31647 13 -1 4 -1 1 3 -1
18460 1 6 7 -1 3 3 3 6 6 -1
15401 1 3 -1
23074 3 11 -1 3 -1
289 3 -1
31622 0 0 1 7 11 -1
15826 0 13 -1
26823 5 5 14 -1 5 5 6 6 14 -1
13631 1 -1 11 -1
14026 1 -1
16838 6 -1 3 -1 6 -1 3 3 6 6 -1
25785 3 4 6 13 -1 5 9 -1
14012 0 0 0 1 3 11 -1
29585 14 -1 4 -1
7849 10 -1
7224 8 -1
3995 16 -1 0 -1 3 -1
14137 3 -1 0 -1 6 -1 0 -1 6 -1
14733 0 0 1 13 -1 0 -1 13 -1 0 -1 0 13 -1
28468 3 3 14 -1 14 -1 2 3 -1 3 14 -1 14 -1
20772 0 1 -1 0 1 10 -1 0 -1
26126 0 0 3 -1
879 0 3 3 5 6 -1
24779 0 3 -1
13588 0 13 13 -1
6638 5 -1
4727 9 -1 4 -1 5 -1 6 -1
31179 3 6 -1
19032 3 -1
16776 1 -1 0 0 11 -1
5288 14 -1 0 -1 2 -1
24663 8 13 -1 3 12 -1 8 -1 3 -1 8 12 -1
14736 0 0 4 -1
17655 0 3 5 -1
14307 7 -1 3 -1
20351 2 -1
15993 12 -1
10816 1 -1
14301 0 -1
4651 0 -1 6 11 -1 4 -1
31689 4 14 -1
25399 2 -1
11689 3 6 -1 1 -1
25572 3 6 -1 3 6 -1 6 -1 3 3 6 -1 6 -1 3 -1
22536 0 10 -1
15892 3 9 -1 9 -1
9750 6 -1
6702 1 1 5 -1
10724 5 5 6 6 14 14 -1
16466 11 -1
29892 0 0 0 1 2 9 -1 0 5 5 -1
24085 0 -1
9177 5 -1 0 -1
8314 1 1 1 5 13 14 -1
28349 0 -1
24058 0 9 -1
30613 0 11 -1
10716 0 9 11 16 -1
19277 0 -1
1203 0 12 13 -1
25625 1 2 -1 0 11 -1
29218 7 -1 0 0 7 7 -1 0 -1 0 7 -1 7 -1 0 -1
16618 0 0 0 3 10 16 -1
22743 13 -1 0 -1
11753 0 1 2 -1
21952 1 -1 3 -1
20743 0 -1
26316 0 -1
21006 13 -1
17854 0 0 0 1 1 1 -1
16672 0 -1
19223 5 -1
1187 7 14 -1
19292 2 -1
16686 0 3 -1
12708 0 0 0 2 11 -1 0 3 -1
25141 0 0 1 2 4 9 -1 0 -1
3371 0 4 -1
16601 0 3 6 -1
3470 0 -1
15931 5 -1 6 -1 5 8 9 -1 3 -1
28622 0 6 -1 6 -1 0 -1
15338 0 1 -1
17230 0 1 10 -1 13 -1 0 -1 3 -1 0 0 5 -1 0 0 3 5 -1 11 -1
26795 9 -1
19581 1 -1 6 -1 1 -1 1 13 -1 13 -1
29035 0 -1 11 -1 0 -1 11 -1 0 -1
31788 0 -1
23725 5 -1 6 -1 5 6 -1 5 5 6 7 -1 5 -1 7 -1
6478 0 -1 2 -1
9541 5 -1
20983 1 11 -1 1 11 11 -1 1 11 -1 1 1 11 -1 11 -1 3 10 11 11 16 -1 11 -1
18713 0 10 -1 0 1 -1 0 9 -1 11 -1
23189 3 -1 6 -1 3 -1 6 -1 3 3 6 -1
27940 1 -1
20084 5 -1 0 11 -1 0 -1 0 1 -1 0 1 -1
19255 3 6 -1 3 6 -1
9510 9 -1
21067 13 -1
10775 1 -1
9962 5 14 -1
31537 1 -1
30876 10 -1 0 -1 3 -1
30739 4 -1
20196 0 6 -1 0 3 6 -1
24900 4 5 10 -1 4 7 -1
15124 10 16 -1
20662 0 3 -1
16976 0 -1 4 -1 1 10 -1 0 1 4 -1
18450 0 6 -1
17067 4 -1 10 -1 4 -1
2578 0 -1 0 1 -1
17677 0 -1
14990 0 -1 5 -1 0 1 -1
26733 0 0 1 6 -1
6802 13 -1
2576 3 3 6 -1
31120 2 10 -1
2890 0 1 10 -1 0 7 -1 0 -1
20518 0 -1
10690 0 -1 1 13 -1
23070 0 -1
14130 0 0 13 13 13 -1
30172 3 -1
6761 3 -1 6 -1 3 -1 6 -1 3 -1 6 -1
29763 12 -1 6 12 -1 6 -1 3 -1 3 6 -1 8 12 -1
12351 13 -1 0 11 -1 1 11 -1 0 14 -1 1 -1 0 -1
2315 0 -1 1 -1 0 6 -1 4 -1 14 -1 4 14 -1 4 -1 0 -1 0 6 -1
30114 0 5 -1
4231 0 5 9 -1 5 -1
1275 5 6 -1
9652 7 -1 8 -1 12 -1 7 8 -1
631 9 -1
25035 2 4 5 5 6 14 -1
31196 2 5 -1 5 6 -1 2 4 14 14 -1
14501 0 -1
9256 0 1 -1 3 14 -1 0 4 6 -1 0 3 -1
20221 0 3 6 -1
12551 1 -1
6800 1 -1
15796 5 6 -1 6 -1 5 -1 0 5 5 6 6 -1 5 -1 14 -1
10164 12 12 13 -1 13 -1 12 -1 8 -1
10256 0 1 1 5 -1
26546 0 2 -1
7717 4 5 -1 1 9 15 -1
30252 1 16 -1
24843 2 -1
22023 0 1 -1 6 -1
9031 0 -1
18273 14 -1
763 1 -1
21231 0 -1
23882 1 -1
9409 4 -1 3 -1
5255 5 -1
29150 13 -1 0 2 -1
2080 0 -1
14502 0 -1 0 12 -1
30929 5 -1 0 -1
12533 1 -1
16678 7 -1 4 -1 5 13 -1
30908 0 -1 6 8 -1 0 -1
27665 6 -1 5 5 14 -1
3509 0 11 -1 10 -1
29107 0 0 4 -1 4 -1
10879 6 -1
192 4 -1 0 -1 4 -1 0 -1
5922 0 -1 0 13 -1 1 -1 0 13 -1
23366 0 6 10 -1
11374 0 -1
29379 3 3 6 -1
14407 4 4 14 -1
13120 8 -1 6 -1
13100 1 10 -1
9863 3 6 -1 1 3 6 -1 6 -1 3 -1
30950 7 -1 6 -1
15530 7 -1 3 6 -1
10234 10 10 16 -1
19232 5 11 -1 8 -1
12668 14 -1 5 6 -1
8372 0 -1
24250 3 13 -1 3 -1 1 -1
18546 13 -1
2700 6 -1 5 14 14 -1
8686 0 -1
19598 0 2 -1
20236 2 -1
14448 5 8 -1 7 -1 3 6 6 -1 3 -1 1 -1 6 -1 1 -1
30446 1 4 12 -1 0 0 0 4 4 4 -1
22615 0 0 16 -1
12855 6 -1
6258 5 -1
31542 0 11 -1 5 -1
22535 3 6 -1
5623 0 6 8 -1 8 -1
30414 1 -1 13 -1 0 5 6 -1
10048 3 6 -1
22137 0 11 -1
13139 3 -1 7 -1
28418 8 -1 2 -1 8 -1 12 -1 2 8 13 -1 6 8 13 -1 3 8 -1 8 -1 3 -1 3 8 -1 1 -1
583 11 -1 4 5 11 -1 11 -1
370 3 -1 0 5 10 -1 0 5 -1 9 -1
3236 0 5 -1 9 -1
24533 4 4 14 -1 4 14 -1
5690 10 -1
13684 0 9 -1
3382 7 -1
9753 3 -1 3 6 6 13 -1 3 -1
12448 0 11 -1
28654 1 -1 1 14 -1 4 5 -1 4 9 -1 2 -1 9 -1 2 -1
19266 0 2 -1
2764 8 -1
27233 0 0 13 13 13 -1
29047 0 1 -1
16382 5 6 -1
30925 13 -1
25971 0 1 11 -1
23396 12 -1
640 0 -1 0 1 -1 1 -1
27268 3 -1 0 14 -1
11673 1 -1
16662 5 -1
10655 1 -1
13746 9 -1
17650 5 6 13 14 -1 14 -1 13 -1
7341 3 -1
23592 0 10 -1
6045 3 -1
22136 0 -1
26543 12 13 -1 12 -1 13 -1 12 12 13 -1 12 12 13 13 -1
13741 0 -1 0 11 -1
2481 3 -1 1 10 16 -1 10 10 16 -1 0 1 -1 3 -1 0 -1 0 1 1 3 6 -1
11647 0 0 8 13 13 -1
6492 0 6 -1 3 11 -1
22300 0 -1 6 -1
15135 0 -1 5 -1
22298 6 -1 3 -1
12069 0 -1
21062 9 -1
25403 0 -1
26731 1 1 3 4 4 -1
30438 0 1 -1 1 -1
20153 5 -1 9 14 -1 9 14 14 -1
14035 1 -1
25571 3 -1 0 11 -1 16 -1
14696 14 -1
9120 6 -1
29291 9 -1
16506 0 0 0 12 12 12 -1 8 -1 0 8 -1 0 1 -1 0 -1 13 -1
4547 14 -1
708 0 11 -1
14215 8 -1
8329 11 14 -1
12635 11 -1 3 -1
4583 0 -1
10350 3 -1
7571 1 -1 0 9 11 -1 11 -1
21469 0 0 13 -1 13 -1 0 -1 13 -1 0 -1 13 -1
6412 7 13 -1 0 13 -1 0 -1
9875 0 -1 9 -1
23143 0 -1 10 -1
27036 4 -1
8218 0 -1
3017 3 -1 3 6 8 -1
878 0 1 13 -1
2884 6 14 -1 5 14 -1
10261 10 -1 3 -1
23978 0 -1 0 1 3 3 6 14 -1
29339 1 11 11 13 -1
26282 15 -1
16799 0 -1 1 -1 9 -1
16490 5 -1
14819 1 -1
16947 1 -1 2 11 -1
19435 2 11 -1 1 14 -1 9 9 14 -1 5 14 -1 5 8 14 -1
7839 0 2 2 -1 0 -1
15779 0 1 1 -1 0 9 -1 0 2 11 -1 2 -1
17313 0 -1
11975 1 -1
10429 2 -1
4363 1 5 -1 13 -1
40 3 -1
66 6 -1 3 -1 6 -1 3 -1 6 -1
27040 0 0 2 11 -1
637 10 -1 2 9 -1 0 4 -1
5779 5 -1 0 -1 0 0 1 1 -1 4 -1
2772 0 2 -1 0 0 13 -1 0 6 -1
28781 0 -1
12686 0 6 -1
18250 3 6 -1
11748 0 4 5 5 -1 5 6 -1 6 -1 0 5 -1 6 -1 3 -1 0 -1 5 -1 1 4 -1 0 -1 5 -1 0 3 5 5 6 -1
23821 6 6 10 13 13 13 -1
12954 13 -1 0 13 -1 0 13 -1
21717 0 2 5 -1 0 -1
4767 0 2 3 14 -1
20683 9 -1
24547 8 -1 0 -1 0 7 9 -1
21664 5 5 15 -1 4 5 9 15 -1 0 5 -1 11 -1 8 -1 12 -1 2 7 -1 0 11 13 -1 9 14 -1 1 -1 3 6 11 13 -1 2 9 -1 5 10 -1 4 -1 4 7 -1 1 -1 0 14 -1 1 5 -1 11 15 -1 13 -1 1 11 13 -1 10 -1
30618 1 -1
11534 0 6 -1 0 1 -1 0 -1 6 -1
14199 0 13 -1
15649 1 1 9 9 -1
17236 0 1 3 14 -1
5176 0 -1 2 -1
932 10 16 -1
21160 2 -1
14837 0 1 -1
8479 2 -1
30073 3 -1 6 -1 3 3 3 6 6 -1
24870 0 9 10 -1
15175 0 -1 11 -1
8260 0 5 -1
7408 9 -1
16729 0 10 11 -1
27485 0 -1
12665 10 -1
20979 14 -1
12724 0 -1
25796 14 -1
29929 12 13 -1
13874 0 -1
17246 14 -1
159 11 12 -1
11468 13 -1
10255 0 -1
987 9 -1 11 -1 2 -1 10 -1 1 6 -1 2 -1 2 14 -1 0 -1 1 -1 0 0 1 1 2 14 -1 14 -1 1 5 -1
17950 6 -1 0 5 6 -1
11903 13 -1 0 -1 11 -1 0 -1
12782 0 -1 5 -1 5 6 -1
12050 1 1 2 3 7 -1 5 -1
23977 1 -1 5 6 -1
20302 0 1 -1
18743 0 10 -1
6233 10 -1
2348 0 6 -1
17342 0 5 -1
20511 0 6 -1
25418 12 12 13 -1
17351 13 -1 0 10 16 -1 0 0 11 -1
3997 2 -1
14770 0 13 13 -1
26273 0 -1 6 -1
13050 6 10 -1
6899 0 9 -1
24852 0 -1 0 0 1 9 -1
24622 3 6 -1
14363 0 0 5 -1
3216 0 -1 13 -1 0 -1 0 13 -1
28376 0 0 9 9 -1 1 2 -1 7 -1 1 11 -1
20928 3 -1 0 -1
27783 0 6 -1
12355 0 1 -1 0 -1 1 -1
19123 3 3 6 6 -1
1750 0 12 12 -1
31731 11 -1
9491 0 0 1 -1 3 6 -1 10 -1
9974 0 1 11 -1
24805 0 -1 5 -1 0 -1 6 -1 0 6 -1 0 -1 0 5 -1 6 -1 0 0 6 -1 5 -1
19434 0 0 1 -1 0 6 11 13 -1
4164 0 0 0 10 13 13 13 -1 0 -1 9 -1
17127 10 -1
5758 0 -1
27006 0 -1
21876 0 1 5 -1 0 1 -1
15903 0 -1
24492 0 11 -1
31066 0 -1
23827 0 3 -1 0 1 1 3 11 -1
10984 1 -1
12327 0 -1 0 0 1 2 -1
9045 2 -1 4 -1
15715 0 -1 0 6 -1
24258 1 5 -1 1 6 -1 6 -1 9 -1 1 9 -1
14866 1 3 -1 3 5 -1
22966 0 1 1 11 13 13 -1
5612 5 -1
23371 0 0 1 11 -1
19887 0 1 -1 0 -1
4972 6 11 -1 3 -1 7 -1 3 3 6 -1 5 8 -1
25500 4 13 -1
7355 0 -1
23073 1 7 12 13 13 -1
30931 1 10 14 -1 6 -1
12047 7 8 -1 8 -1
28143 0 9 -1
13206 0 5 8 -1
16829 0 0 5 5 -1
12610 11 -1
17951 0 0 3 3 5 -1
25275 5 -1 6 -1
10551 0 3 -1
2760 13 -1 0 2 -1
4236 0 0 2 10 -1 16 -1 0 10 -1
28179 5 -1 9 -1 5 11 -1 5 -1 11 -1
23305 6 13 -1 13 -1
10689 8 8 12 -1
8161 0 0 0 13 13 -1 0 13 -1
3812 0 0 4 4 4 -1
27508 0 9 -1
8955 3 7 9 -1
1368 2 -1
17112 0 -1 3 6 -1
8782 13 -1
998 14 -1 3 -1 4 14 -1 14 -1 4 10 14 14 -1
24112 5 -1 0 -1 0 2 13 -1 0 11 -1
18251 5 9 -1
28503 1 9 14 -1 1 9 -1 0 1 4 5 7 -1 6 9 -1
31384 0 -1
11577 0 0 9 -1 6 -1
4623 5 -1
2274 13 -1
21150 3 -1
12943 0 0 6 6 9 -1 0 -1
29802 0 3 11 -1
14124 0 0 10 -1 1 11 -1 13 -1
30882 4 -1 11 -1 0 0 6 -1
27681 12 -1 13 -1
7471 3 9 -1
25753 1 5 5 10 -1 8 -1
16962 6 -1
9024 5 6 6 -1 5 -1
12769 0 -1
11728 10 -1 0 -1
11197 2 3 6 11 11 -1
9216 12 -1 7 8 8 -1 7 -1
8699 2 10 11 11 -1 1 9 -1
5374 1 1 1 5 5 -1
31078 3 6 6 -1 3 3 6 -1
10414 5 -1
12868 1 -1 3 3 3 6 6 -1 8 -1
10637 0 3 -1 0 -1
14895 8 -1 12 -1 8 12 -1 7 -1 2 -1 13 -1 8 -1 7 12 -1 2 -1 13 -1 7 8 12 -1 2 -1 13 -1 8 -1 12 -1
24904 0 -1
28214 6 8 8 10 -1 6 -1 0 3 16 -1
600 5 5 5 6 6 9 14 -1 0 -1
25307 0 6 -1
21220 9 -1
28322 0 1 -1
15823 1 -1 0 13 -1 0 13 13 -1 0 -1
6401 0 0 6 -1
2449 14 -1
28734 0 -1
20461 11 13 13 -1
14476 0 6 -1
19861 1 -1
23135 6 -1
26707 11 -1
2149 6 -1 5 -1 6 -1 0 2 3 -1 13 -1 1 6 13 -1 0 6 13 -1
17259 3 -1 0 -1 3 6 -1 0 -1
17997 1 -1 0 1 14 -1 0 1 -1 1 14 -1 1 -1 1 10 -1 7 -1 4 -1 5 6 -1 2 9 -1 11 13 -1
24762 0 0 0 1 1 -1 3 6 -1 0 -1
13713 3 8 -1 3 7 13 -1 1 -1 6 -1 3 8 -1
30208 0 -1
1978 0 -1 11 -1 0 -1 11 -1
261 0 -1
29388 2 -1
30148 0 -1
15805 0 1 1 14 -1 0 1 1 -1
22565 0 1 5 -1
24824 6 -1 5 -1
6719 0 0 1 -1 0 5 14 -1
15752 8 -1 12 -1 3 7 8 -1 2 5 13 -1 9 11 -1 8 8 11 12 -1 12 -1 7 -1
21174 0 -1
22106 6 -1
19262 0 -1 0 3 10 -1 0 -1
13182 0 6 6 8 -1 3 -1
20706 0 -1
10739 3 -1
10895 0 3 10 -1 0 1 8 -1
30807 1 -1
21275 0 3 6 -1
19577 0 1 -1
23603 0 4 -1
29825 0 -1
24797 1 4 11 13 -1 10 -1 16 -1 3 10 -1 2 13 -1
8646 0 0 13 -1
2207 0 5 -1
11032 3 -1 3 6 -1 3 6 6 -1
9659 0 0 3 7 13 -1
7454 9 -1
9508 5 -1 0 -1 5 -1 0 -1 1 14 -1
1234 1 -1 0 2 -1 0 -1 2 -1
2407 0 2 2 3 9 -1
26416 0 0 1 -1
1273 0 9 -1
16814 3 -1
21351 0 0 1 -1 9 -1
8426 0 -1
17532 9 -1 0 -1
5130 0 -1 6 -1
18999 1 -1
23164 0 0 3 10 -1 16 -1
19608 0 11 -1
24135 10 -1 4 6 -1 4 10 -1
27948 0 5 -1
14068 0 2 13 -1
11103 0 3 6 -1
21419 8 -1
13706 1 -1
6793 8 -1 6 -1 6 8 -1 3 -1
26736 0 3 6 -1
4630 3 -1
11536 0 -1
21870 0 -1
26652 1 11 11 14 -1
20710 1 -1 0 0 1 -1 2 -1 0 0 1 -1
390 0 -1 0 1 6 9 -1
20391 0 4 -1 7 -1
21135 0 11 -1 1 -1
28674 4 -1 0 5 -1
23343 3 -1
17609 4 -1 0 -1
23760 1 9 9 -1
16182 0 5 -1
12667 1 -1
14873 5 6 6 6 14 -1
29814 0 1 6 -1
731 0 5 -1
6055 10 -1 14 -1 4 -1
27949 2 8 -1
16117 6 -1
20510 1 9 -1 10 -1 2 -1
3076 0 0 0 9 13 13 13 -1
18832 0 1 -1 0 11 -1
15442 5 -1 0 -1 0 0 0 5 6 6 -1 6 -1
13816 0 3 -1 0 0 3 -1
2639 5 -1
23889 3 5 -1 4 -1
1901 5 -1
7607 0 0 3 5 -1
26499 0 -1
14993 0 1 -1 2 -1
16429 0 13 -1 0 -1
31765 0 11 -1 0 0 11 11 -1 11 -1
9644 5 -1 5 5 6 9 -1
11338 0 0 3 -1
4123 3 -1
2616 0 1 -1 0 0 1 10 -1 1 -1 0 -1
25640 0 1 -1 0 5 -1
2980 1 -1
30671 0 -1
18330 0 1 1 -1 0 1 -1 0 -1 1 3 6 -1
25642 5 5 5 6 9 14 -1 5 6 -1
31721 6 6 6 6 9 9 9 9 -1 0 -1
25910 2 -1 0 0 16 -1 9 -1 0 -1 0 11 -1
30834 0 3 -1
21631 1 1 11 11 -1 0 9 9 9 11 11 11 11 -1 9 -1 0 -1
15462 0 -1
30194 11 -1 0 -1
14091 11 -1
28978 0 1 -1 0 -1
16075 11 -1 0 -1
8367 8 -1
26792 0 0 2 11 -1 0 -1
23294 8 -1
14995 1 -1 0 5 5 -1 0 0 5 -1 10 -1 0 -1 9 -1 13 -1 0 -1
19728 0 1 -1
3178 0 4 8 8 -1
26098 2 -1
12736 3 6 -1
16240 0 11 -1 0 0 3 -1
25587 0 -1
199 0 3 -1 0 -1 3 -1
27958 0 -1
23387 8 -1
15876 6 11 -1
12651 8 14 -1
20825 0 5 -1 9 -1 0 -1 1 9 -1 0 1 -1
9537 0 0 1 10 13 -1
18024 5 -1 1 14 -1
260 0 -1 3 -1
16841 0 0 13 -1
6136 3 -1 6 -1 3 -1
4293 0 -1
24081 4 -1
1268 1 5 13 -1 5 -1 1 -1 5 13 -1 1 -1 0 -1 0 5 -1 1 -1
23898 4 -1
27960 16 -1 0 -1 0 11 13 -1 0 -1 0 9 -1 13 -1 0 0 1 1 -1
30915 2 11 -1
6603 6 -1
15075 1 -1
26047 0 -1
27775 0 -1
15513 14 -1 4 14 -1
11706 0 -1
28919 5 -1
26216 0 9 -1 0 5 9 11 11 13 -1
1112 4 -1
23153 0 6 -1
26815 0 4 5 -1
19376 0 -1 0 2 -1 0 9 -1
21917 2 -1
15000 3 6 -1 3 -1
24897 0 1 -1
10652 0 11 -1 3 -1
20470 2 -1 14 -1 2 -1 0 14 -1
8624 1 14 -1
7764 3 4 10 10 16 -1
14880 0 0 0 9 9 9 -1 0 0 9 -1
29511 10 -1 0 9 16 -1
7708 2 -1
3931 3 -1
19472 11 -1 0 -1 2 -1
14618 13 -1
25318 0 -1 1 3 3 -1
16988 8 -1 6 6 8 -1
23944 0 -1
6587 0 10 16 -1 0 -1
8 2 7 8 13 -1
29702 0 5 5 6 -1 0 -1
27622 3 -1
1533 9 -1
16432 0 0 3 3 -1 3 -1 0 3 -1 0 -1
25833 3 6 -1 1 3 6 7 12 -1
14089 0 0 3 6 6 -1
189 0 -1 5 -1 0 0 0 3 6 8 10 -1 0 -1
21533 0 -1 3 -1
31583 3 -1
30288 1 14 14 -1
9677 0 -1
6408 0 1 6 -1
6379 0 3 -1
7966 0 0 1 1 13 -1
2720 0 1 1 1 4 4 -1
11388 0 -1
18197 0 3 -1
22820 0 1 9 -1
15387 3 6 -1 3 -1
10375 0 -1
26428 0 0 2 5 -1
25286 4 -1 0 -1 2 3 -1
13478 2 5 -1
18490 1 -1 1 5 -1
1320 8 -1
12443 0 0 0 1 3 11 13 -1
28865 0 1 14 -1
15475 3 3 6 -1
8564 0 2 3 4 -1 2 -1
20608 5 -1 6 -1
14263 0 -1
28985 14 -1 5 -1 14 -1
10822 0 7 -1
16126 0 -1
31261 3 7 -1
6312 1 6 -1
27659 0 0 5 5 -1
28908 0 -1
8917 3 3 6 8 8 12 12 13 -1 2 12 13 -1
4673 0 -1
29967 0 4 -1
22759 0 -1
24470 1 -1
13427 3 3 6 -1
9151 0 0 1 -1
18168 5 -1 1 1 3 -1
7320 0 -1 13 -1 0 0 13 -1
31424 0 16 -1
6541 0 0 3 5 9 9 -1
3073 7 8 -1 3 -1 3 6 7 9 -1
21397 0 3 -1
671 3 -1
19793 1 -1
21043 0 -1 5 -1
9861 0 8 9 -1
14718 3 -1
20902 3 9 14 -1 9 -1
12041 0 3 -1
3134 0 -1
31753 1 5 5 5 6 6 -1
16778 1 -1
21998 3 -1
8860 0 3 6 -1
1378 0 2 -1
8690 0 1 9 9 -1 0 1 -1 11 -1
24191 1 -1
28283 0 -1 0 11 -1
8132 0 -1 6 -1 0 1 10 -1 5 -1
8214 14 -1
23196 1 10 14 -1
31633 0 -1
12763 3 -1 0 1 3 -1 0 0 3 -1 3 -1
16353 3 -1 0 -1 0 1 -1
10155 0 -1
26674 3 -1
7283 0 13 -1 13 -1
7582 0 -1 2 13 13 -1
2649 0 1 -1 0 0 1 1 9 -1 0 -1
26367 2 8 13 -1
22783 0 1 9 -1 0 0 1 1 -1 1 -1 0 -1
25137 8 -1
7055 0 0 10 13 -1 0 -1
28032 0 8 -1
6940 1 10 -1
18519 0 1 -1 1 -1 0 1 -1
8230 0 3 3 -1 0 -1
18882 3 5 6 9 9 -1
6942 0 -1
18059 5 6 6 -1 5 -1 6 -1 5 5 6 -1 6 -1
16537 1 -1 1 6 7 -1 0 5 -1 0 -1
7736 0 11 -1 0 0 1 3 6 -1 0 1 -1
25085 4 5 8 11 -1 4 -1 1 6 8 8 -1 4 -1 1 8 -1 4 -1
2122 1 -1 0 -1
10151 4 7 -1
1349 9 14 -1
16330 10 11 -1
29370 16 -1 0 -1 1 10 -1
8373 3 -1 1 -1 0 -1
28085 7 -1
16355 11 -1 0 11 -1 0 -1
3833 7 -1 11 -1
15261 0 0 0 0 13 13 13 13 -1
11834 1 -1 3 -1
17174 8 -1 1 -1 6 -1 1 9 10 -1 6 10 -1 9 -1 1 6 -1
21217 9 -1
10490 0 -1
2969 0 11 -1 0 -1
12730 3 -1 1 3 -1
3555 4 -1 11 -1 1 5 10 10 13 -1
9908 1 -1
5121 3 9 -1
25844 1 -1 14 -1 0 2 11 -1 2 9 -1
12948 0 2 5 6 10 11 13 -1
21238 10 -1 0 -1 0 3 10 -1 1 -1 6 -1
8304 2 -1
16731 0 -1
18075 8 -1 0 1 8 -1 0 -1
16593 0 -1
14870 0 1 13 -1
29273 0 13 -1 0 7 -1
19932 0 -1 5 -1 0 -1 0 14 -1 5 -1 0 -1 14 -1
6373 0 -1
19721 8 -1
10472 0 -1
25271 0 11 -1 0 1 9 11 14 -1 0 -1
6242 8 -1 0 2 9 -1
16511 0 3 -1
2233 2 -1
11144 7 7 13 13 -1 1 7 13 -1
8929 0 2 3 -1
29464 0 3 3 -1
26471 0 10 16 -1
2068 14 -1
20128 0 -1 5 -1
2504 6 9 9 -1
1851 0 -1
29158 6 -1 1 3 3 6 -1 3 -1
17579 8 -1 6 -1
6318 6 -1 11 -1
18074 1 12 13 -1
2171 0 -1 0 1 13 -1
1940 4 -1
3626 0 5 -1
28346 13 -1 1 11 13 -1 5 15 -1 5 13 -1 1 -1 14 -1 0 1 5 13 -1 1 13 -1 1 13 -1 0 -1 0 1 1 5 11 -1 5 -1 1 -1 0 1 5 -1 0 -1 14 -1 0 0 1 -1
21163 0 -1
16338 0 3 -1
27209 0 10 -1 0 -1
17017 0 1 11 -1 1 1 9 -1 5 -1
26423 5 -1 2 -1
2019 0 9 -1
14952 3 3 6 6 -1
10818 13 -1
7608 1 -1
12435 13 -1
3781 3 6 -1 3 -1
17078 0 9 -1
13738 0 5 -1
27597 0 0 3 -1
31526 13 -1
13381 0 3 -1
7437 0 6 -1 0 -1
29506 1 6 -1 3 3 6 -1 6 -1
25984 3 6 -1
19187 1 1 3 -1 2 3 -1
9643 8 -1
20623 9 -1 16 -1
1312 5 -1
3517 1 3 7 8 9 -1
29793 6 13 -1
22751 3 -1
25454 0 0 4 -1 4 -1 0 -1
26560 0 11 11 -1
10572 4 -1
14017 0 13 -1
10886 3 -1 6 -1
8381 0 -1
14544 3 -1
26160 1 4 9 -1 1 5 9 -1
31342 0 13 14 -1
9030 0 11 -1
9165 0 0 1 -1
13818 5 -1
29384 0 0 0 1 2 -1 9 -1
1741 0 6 -1 3 -1 1 -1
16916 3 -1
288 1 -1 0 -1
9193 5 -1
16784 0 -1 0 6 6 -1 0 -1 11 -1 0 -1 6 -1
11811 1 3 14 -1
3448 9 -1
16496 1 3 -1
23927 0 -1
5798 3 -1 0 -1 3 -1 0 -1 3 -1 0 0 11 -1 13 -1
4119 6 -1 3 5 -1
6672 0 0 3 3 -1
22634 13 -1 7 8 -1 13 -1 3 12 12 13 13 -1
25165 0 13 -1
24582 6 -1
10408 0 11 13 15 -1
5609 2 5 6 10 -1 1 9 13 -1 0 5 11 -1 11 -1 9 10 -1 10 -1
30090 0 1 -1
9898 1 2 6 -1
17343 0 13 -1
21925 5 14 -1 4 10 14 -1 14 -1 5 -1
31464 7 -1
9206 0 1 10 -1
14785 3 3 6 -1 6 -1 3 -1 6 -1 3 -1
12911 8 -1
2459 1 14 -1 1 4 -1 3 14 -1 10 -1 5 9 -1 3 -1
17471 9 -1 6 9 14 -1
1196 3 -1
20288 12 -1
13422 0 3 -1 6 -1 3 3 6 -1 1 7 -1 1 6 -1 13 -1 0 1 14 -1
25999 0 -1
12657 5 -1
6466 5 -1 6 -1 1 9 9 -1 6 -1 5 7 7 9 11 -1
29845 9 -1
14916 0 6 -1 5 -1 6 -1 0 0 1 9 -1
26162 1 -1
7996 0 2 10 -1
11225 1 -1
8776 0 11 -1 0 11 -1
16883 5 6 -1
269 9 -1
22619 0 7 -1
3468 1 -1 0 -1
6137 4 11 -1
6656 16 -1 0 5 -1
26588 0 2 -1 0 -1 10 -1 0 3 -1
21442 2 -1 5 6 14 -1 1 5 13 -1 0 0 11 -1
13157 0 0 1 2 16 -1 0 -1
19401 0 11 -1 6 -1 3 6 -1
3540 3 3 8 -1 8 -1
3210 6 6 12 12 -1
611 6 -1 1 3 -1 3 6 -1 1 -1
5092 0 2 -1
28048 14 -1
27482 7 -1
24830 1 1 3 -1
12031 6 -1
14703 0 11 -1 6 -1 0 0 6 -1
16171 1 -1 9 11 -1
13301 5 13 14 -1
24061 0 1 -1
3912 5 6 6 -1
25225 0 3 -1
13221 4 -1
25904 2 -1 0 1 16 -1
21526 2 -1
12460 0 9 -1 9 -1 0 -1 11 -1 0 0 3 9 -1 0 0 9 9 11 -1 0 9 -1 6 9 9 -1 0 -1 0 9 -1 3 9 -1 0 0 0 9 9 -1 0 9 -1 0 3 -1 0 3 -1 0 9 -1 0 5 -1 0 0 0 0 3 3 9 9 -1 9 -1 0 3 -1 0 6 -1 9 -1 0 9 -1 0 2 10 10 -1 1 -1 2 2 13 -1 5 -1 1 4 -1 4 -1
9636 1 -1
3771 5 -1 14 -1 0 9 11 -1
11003 2 -1
23792 0 -1 9 -1
20460 0 4 4 -1
26426 3 4 10 14 14 -1 11 -1 10 -1 5 14 -1
1951 0 3 -1 8 -1
4612 9 14 -1 5 14 -1 1 14 -1 5 6 -1 5 6 -1 14 -1
30988 0 0 5 11 11 -1 0 0 11 11 -1
7499 2 5 9 -1
26438 0 -1 9 -1 0 1 -1 5 6 -1 9 -1
5564 0 9 -1
7011 0 6 -1
10476 3 -1 0 2 -1 0 -1 16 -1 0 -1
26577 0 -1 0 6 6 -1 0 -1 13 -1 0 -1
19200 3 8 8 -1
3560 1 7 -1
13547 0 -1
10919 0 2 2 -1 0 0 16 -1
15210 0 -1 0 1 -1 0 1 -1 1 -1 0 -1 1 -1
30707 3 -1
4865 5 5 6 6 -1 5 -1 8 -1 7 -1
17721 0 3 -1
16358 0 11 11 -1 0 -1
26754 13 -1 12 13 -1 6 12 12 -1
29443 3 12 13 -1
10699 14 -1 2 14 -1 2 -1 3 6 14 -1 3 6 -1
6770 0 1 -1
1251 0 -1
24190 6 -1
7579 1 3 6 -1
20819 3 -1
30866 2 8 -1 10 -1 0 4 8 11 -1 2 8 -1
26201 13 -1 0 11 -1 0 0 1 -1 0 0 13 13 -1 1 -1 0 -1
7986 3 6 -1 3 6 -1
23729 0 0 1 -1 2 11 -1 0 1 7 11 -1
30869 1 -1
27703 0 0 1 6 9 -1
6518 0 0 3 -1
21510 2 5 -1
22990 0 -1 0 0 1 6 6 -1 0 -1 0 0 1 1 -1
7555 2 -1
11858 0 11 -1
30230 0 3 -1 6 -1
28635 0 13 -1
11839 3 -1 3 6 -1 9 9 10 -1 2 10 16 -1 5 -1 4 7 -1
14710 2 -1
29050 0 1 -1
25692 1 -1
15130 6 14 -1 5 -1 6 -1
10263 1 2 -1 0 -1 2 9 -1 9 -1 2 9 -1
27428 0 -1
1649 13 -1 0 -1
3947 0 0 0 3 6 6 11 -1
19680 0 5 -1
17242 0 0 1 1 -1 0 1 1 -1 0 -1 0 0 0 1 1 10 -1
26921 0 10 -1 0 10 -1 10 -1 0 0 10 -1 0 5 -1
1675 3 -1
5386 5 -1
31137 0 -1 0 11 -1 11 -1
8093 1 -1 1 5 -1 1 5 6 9 -1 3 -1
20024 0 0 10 11 -1
31361 11 -1
13913 3 15 -1 15 -1 3 -1 3 15 15 -1
12680 9 -1
8500 0 -1 0 1 -1
11299 1 2 -1
855 0 1 9 -1 0 0 5 -1
5697 8 -1 3 4 8 8 -1 4 -1 3 8 -1
13245 3 -1
26082 3 -1
6104 0 -1
17979 0 11 -1
30299 13 -1
26936 13 -1
17278 0 4 -1
10239 1 8 14 -1
21582 0 0 3 -1
7750 0 -1 3 3 6 10 -1 10 -1 16 -1 10 -1
10711 0 0 0 3 9 10 -1
7906 3 12 -1
16255 1 11 -1
19737 13 -1
27780 0 9 13 -1
3456 1 -1
16483 0 0 3 10 -1
26778 6 -1 3 3 6 -1
17267 0 1 -1
14353 3 -1
17141 3 -1
22198 0 -1
28488 0 1 -1
17070 2 -1
4878 3 6 -1
1146 5 11 14 -1
5102 10 -1 0 -1 1 -1 0 0 1 -1
12757 0 -1 9 -1
24731 0 -1 4 5 -1
22673 0 -1 0 3 -1
26063 11 -1
16119 10 -1 0 -1
22704 7 13 -1
17373 0 -1
20850 1 -1 4 5 11 -1
17696 0 0 9 10 -1 0 3 6 -1 0 -1 0 1 9 -1
12404 0 10 -1
3029 0 -1 13 -1 0 3 -1 6 -1
5358 0 -1 0 0 1 5 -1
6998 11 14 14 -1 4 -1
6364 0 1 5 -1 0 -1
25988 5 6 9 -1
22808 0 3 -1
24021 3 -1 5 -1
20469 3 -1
9356 5 5 6 -1 0 1 -1
28275 6 -1
7398 3 -1 3 6 6 9 -1 6 9 -1 1 9 -1 9 11 -1
30415 1 -1
11474 1 3 -1 3 9 -1
29959 1 7 7 -1
7656 0 -1 6 -1 0 -1 6 -1 0 6 11 -1 6 -1 0 0 6 -1
1088 0 13 13 -1 0 -1
14259 0 5 7 -1
7778 1 6 11 -1 3 3 6 6 -1 3 -1 1 -1 5 -1 6 10 -1 3 -1
17131 2 3 8 -1
23607 3 6 -1
30685 1 1 1 1 3 5 13 -1 1 1 3 3 6 13 -1
19381 0 -1
5175 4 -1
12223 3 8 8 -1 11 -1 8 -1 3 -1 3 3 8 8 -1 8 -1
16459 3 13 -1 1 3 -1 0 1 13 -1 3 -1 3 10 -1
18567 1 -1 0 -1
28707 3 -1 0 -1
22121 0 4 -1
520 2 2 10 11 -1 5 -1
6276 5 -1
14730 1 14 -1 11 -1
12634 1 3 3 6 -1
6781 5 -1 0 6 -1 0 13 -1
23136 0 13 -1 0 0 2 10 -1 13 -1 0 -1
25614 5 -1 1 -1
16081 1 7 -1
3858 0 -1
7440 1 -1
14506 9 -1 5 -1 3 -1 3 6 -1
601 0 6 13 -1
8308 1 -1
8344 3 14 -1 3 10 14 14 -1 3 -1
7998 5 6 -1 1 -1 0 -1 2 3 4 -1
23047 1 5 -1 1 1 3 -1
21490 5 -1
30491 0 0 10 11 -1
18021 3 6 -1
10118 0 7 -1
23239 0 0 3 6 -1
777 14 -1
2652 1 -1
16247 8 12 13 -1
26751 1 -1
11246 3 -1 10 -1
22655 0 0 1 9 -1
28982 5 6 6 -1
10962 1 3 5 -1 1 -1 0 -1
23692 5 -1
8089 0 0 1 1 3 3 3 6 6 13 -1
7496 8 -1
6189 5 13 -1 0 5 -1 8 -1 0 5 8 -1
13765 6 -1
12083 0 -1 0 11 -1 0 0 1 2 10 -1 0 -1 1 -1 0 10 -1 0 -1 1 -1 0 1 -1
11871 3 -1 6 -1
1059 14 -1
542 12 13 -1
5446 0 3 11 -1
5487 5 9 -1
31043 0 7 -1
31264 0 -1
15227 0 -1
1575 0 0 13 -1
19881 0 -1
17734 12 -1 5 -1
20577 8 11 -1 0 -1 4 11 -1 0 -1 4 -1 11 13 -1
18987 5 5 6 6 -1
19222 0 -1 0 11 -1
14061 8 -1
30881 0 11 -1
8282 3 -1
28543 10 -1
23605 14 -1 9 -1 4 14 -1 14 -1 9 14 -1 9 -1 14 -1
31180 0 -1
25784 3 8 -1
330 0 5 6 6 -1
8830 3 -1
7785 0 16 -1
2268 12 -1
7323 1 1 9 -1
4507 0 3 6 -1 0 6 -1 0 11 -1 0 13 13 -1
15332 2 -1
29282 3 7 8 -1 6 9 -1 4 -1
18540 0 -1
9586 9 -1
21313 0 0 3 5 10 13 -1
24579 2 -1 0 -1 1 -1 0 -1 0 13 -1 1 -1 0 -1 1 -1 0 2 -1
18281 0 -1
31429 0 0 13 16 -1 1 -1
9649 8 -1
8382 0 1 -1
26990 13 -1 12 -1 12 13 -1 6 12 12 12 13 13 13 -1 12 -1 13 -1 12 13 -1
27179 5 -1 6 -1 5 -1 0 6 -1
20140 10 -1 8 -1
15142 12 -1
13360 11 14 -1 6 6 8 -1 8 -1
12262 2 13 -1
7657 3 -1 6 -1 3 3 6 6 -1 3 -1 0 -1
5422 0 -1
8525 0 -1
26239 0 3 9 -1
7374 9 -1
3487 0 5 -1
9101 12 12 13 -1
5514 13 -1
3013 2 14 -1
30631 9 -1
21854 3 -1
16250 2 -1
20407 6 12 -1 12 -1 2 12 13 13 13 -1
25080 11 -1
15764 0 7 11 11 13 -1
19803 0 13 -1
24022 0 2 -1
29457 13 -1 0 -1 10 -1
15228 2 8 12 -1 13 -1 8 -1 0 2 5 5 -1
3369 0 0 7 7 -1
20154 0 -1
16959 12 -1
3049 1 -1
2695 10 -1
8819 5 8 12 -1
27339 1 11 -1
14339 0 2 -1
19738 0 5 -1 14 -1
21646 0 1 -1
20649 0 -1
6596 0 1 5 13 -1
1507 0 -1
22299 0 0 10 -1 0 1 -1 5 -1
22999 5 11 -1
2505 1 5 9 -1 0 -1 1 -1 0 -1
25070 2 8 -1
7992 3 -1
4885 1 -1 7 -1 6 -1 1 -1 10 -1
11129 3 -1
46 1 1 7 7 -1
4560 3 6 -1 0 2 -1 1 -1
31782 0 2 -1
9275 13 -1 0 -1 0 3 -1
3498 3 3 3 6 6 -1 6 -1 3 -1
7372 2 -1
11684 5 -1 1 3 -1
12824 3 -1 6 -1
1068 0 -1
30701 0 3 -1 0 3 -1 0 -1 3 -1
10027 0 6 -1
14396 0 -1
548 5 -1
8116 0 -1
8808 13 -1
10120 2 5 8 11 -1
29485 1 -1
258 0 11 -1 0 -1
30655 0 1 -1
12317 5 -1
15852 0 -1 1 11 -1 0 -1 4 -1
185 9 -1
30743 2 -1 3 -1
10762 0 -1 10 13 -1 0 3 4 -1
14523 0 0 4 4 -1 0 4 -1
1466 3 -1
551 1 -1
29416 0 10 -1 0 -1 0 11 13 -1
4621 0 -1 0 10 11 -1 0 -1
28599 4 -1
2876 0 -1 9 -1
11053 0 0 11 -1 0 0 11 11 -1
21236 7 -1 5 -1 1 6 8 8 8 -1 1 3 -1
31240 7 -1 16 -1
17513 0 -1
20958 0 0 0 1 5 5 -1
18651 0 0 6 -1
9392 0 0 0 1 1 1 -1 13 -1
26153 5 9 -1
20935 0 -1 3 -1
17263 1 -1 2 -1
22195 0 -1 16 -1 1 16 -1 13 16 -1 10 -1 16 -1
19254 9 -1
11641 11 -1
8049 10 -1
26383 0 3 9 10 -1
13161 10 -1
2248 0 10 -1 0 6 -1
4 6 6 8 -1 5 8 11 -1
29004 1 3 -1
10110 7 -1 0 0 7 -1
3558 1 11 -1 5 -1
17398 1 -1
2453 0 -1 11 -1 0 6 10 -1
16121 9 -1 1 5 14 -1
8693 0 12 -1
9465 13 -1
6961 5 -1 0 -1
26029 1 -1
13922 0 -1
8787 5 -1
28236 13 -1
7280 2 4 11 11 11 -1 1 2 11 -1
12653 0 5 9 11 -1
15198 1 -1 0 0 0 0 1 1 7 11 -1
3791 0 -1 0 1 13 -1 0 13 -1 13 -1
15107 3 -1 5 14 -1 4 5 -1 6 -1 5 -1 3 8 -1 0 -1 6 -1
10342 10 -1
9514 6 8 -1
9664 0 1 -1
2037 11 -1 1 5 -1 0 1 13 -1 0 11 -1
14118 0 -1 1 5 -1 1 -1
17974 0 4 5 10 16 -1
8967 4 4 5 -1 0 -1 0 7 -1 14 -1
14440 0 2 -1
16499 5 9 -1
16394 11 -1
19098 0 -1
4133 0 -1 11 -1 0 -1
16392 0 -1
19530 3 -1
5152 0 -1 1 -1
24192 0 -1 9 -1
7060 0 -1
122 0 5 -1
19739 7 10 -1
5753 1 3 -1 13 -1
3777 0 3 8 -1 0 0 8 -1 11 -1 0 8 -1
30439 0 0 13 13 -1
10446 0 13 -1
30013 11 -1
9136 0 10 -1
31662 0 3 5 13 -1 0 -1
3128 0 -1 1 10 -1 0 -1
4482 1 -1
8778 0 1 -1
13337 13 -1 0 -1 0 11 13 -1 0 -1 0 13 -1
8322 3 5 6 -1
27347 0 -1 2 5 9 -1
28613 1 -1
21961 5 -1 0 5 6 -1 5 5 6 6 -1
30509 0 6 6 -1 0 3 3 -1 0 -1
18380 11 -1
21111 0 6 7 8 -1 0 6 13 -1 0 6 8 -1
14782 0 -1 4 -1
9630 0 -1 1 1 6 -1
22810 1 -1 3 -1 0 2 -1
22544 0 -1
7853 0 0 4 -1
13155 0 -1
5656 0 1 -1
11322 0 7 -1 0 1 -1 0 -1 1 11 -1 0 -1 7 -1 0 -1 13 -1 0 -1 13 -1 0 -1
27957 0 -1 1 4 5 9 -1
16510 3 -1
16198 11 -1
11516 0 -1
25585 12 -1 0 -1 13 -1 5 6 13 -1 12 -1
3882 0 -1 9 -1 0 -1 13 -1
14196 1 -1 0 1 11 -1 1 -1
24802 3 -1
11436 6 -1
27216 1 -1 6 -1
8550 10 10 10 16 16 -1 6 10 16 16 -1
7421 0 -1
16817 0 1 9 9 -1
15564 5 6 14 -1
28161 5 -1
26630 0 0 4 -1 5 -1 0 0 11 -1 1 -1 0 -1
14524 0 9 -1 1 -1
26770 2 -1 11 -1 9 -1 1 2 2 -1 1 -1
1841 5 -1 0 -1
18146 0 2 13 -1
29831 0 -1
11213 13 -1 0 -1
19221 0 11 -1 0 2 -1 0 1 13 -1 0 -1
27052 1 9 -1
14989 0 0 1 14 -1 1 -1
29127 0 3 6 13 -1
8620 1 -1 0 -1 1 -1 0 1 -1 0 -1 0 2 -1 3 -1 0 1 -1 0 -1 0 1 -1 1 -1
29908 1 4 9 -1
15374 0 -1
25803 0 -1
7714 11 -1 0 0 3 -1
9751 0 5 14 -1 5 -1
9294 7 -1 7 13 -1
23639 0 7 -1 6 -1 3 -1
21487 0 -1 5 -1
25133 0 10 -1 10 -1 0 0 9 -1 0 13 -1 7 -1
900 1 -1
4756 0 1 -1
695 5 14 14 -1
23178 0 1 5 -1 0 -1
11473 5 -1
5106 0 5 9 -1
27828 5 -1 3 12 -1 6 12 -1 13 -1 12 12 13 -1 13 -1 12 -1
21691 0 0 1 5 -1
2630 7 -1
21711 0 -1
12839 3 -1
31514 0 1 13 -1
14800 0 -1
19981 3 -1 0 -1 6 -1 3 -1 6 -1
24823 1 13 14 -1 1 14 -1 14 -1
1182 4 -1
2874 4 -1
20213 6 -1
12865 5 -1 3 -1
28099 0 0 13 13 -1 0 1 13 -1
15870 6 9 -1
18436 1 8 11 13 -1 3 -1
19161 4 5 -1
17975 6 11 13 -1 7 -1 13 -1 0 1 7 7 -1 1 -1 2 3 -1 9 10 -1
2282 3 -1 0 -1 0 3 3 -1
13692 5 -1
6317 5 -1 6 -1
25738 1 -1
31787 5 5 6 -1
7226 2 -1
11249 3 6 -1 3 3 8 8 -1
3064 9 -1 0 -1 1 -1
23777 1 -1
543 2 3 3 -1
3716 2 4 11 -1 0 11 -1
10142 0 1 1 14 -1
16231 5 6 -1
2027 11 -1 4 -1 3 -1 4 13 -1 3 -1 4 12 13 -1 4 8 -1 4 8 -1 3 12 -1 4 -1
1396 0 13 -1
20672 0 0 1 -1
11986 9 -1 5 14 -1
14053 9 -1
31111 12 -1
25634 2 4 -1
3009 1 11 13 -1
12475 5 14 -1 14 -1
28964 0 13 -1
16396 4 5 5 -1
586 0 2 -1 2 -1 0 0 11 11 -1 0 -1
14086 0 0 0 1 14 -1 14 -1 0 14 -1 13 -1
4943 5 -1 9 -1 0 5 -1 9 -1 1 5 5 5 6 6 9 -1 1 5 5 5 6 9 9 -1 6 -1
15402 6 -1
25459 16 -1 1 -1
29182 9 10 11 11 -1
3817 0 0 9 -1
13234 1 1 3 6 -1
12891 3 -1 6 -1 0 -1 11 -1 0 1 1 3 -1
19316 2 -1 1 -1 11 -1
18563 9 -1
23783 0 0 3 6 -1 0 -1 7 -1 11 -1 8 -1 5 -1
19396 0 -1
30822 3 6 -1 3 13 -1 3 7 -1 5 7 10 -1
28955 0 9 -1
25751 0 9 -1
6586 13 -1
16043 0 0 8 8 -1
11745 3 10 -1 2 -1 14 -1
6908 8 -1
28766 3 -1
17071 7 -1
23427 6 9 -1
19546 0 11 -1
27497 6 -1
3895 1 9 -1 9 -1 0 9 -1
4784 7 -1
1062 0 -1 13 -1
2302 0 1 -1
4755 5 14 -1
22992 0 5 -1
19406 0 -1 0 0 10 11 -1 5 -1 0 -1
9669 0 -1
11233 2 -1
25535 4 8 -1
10285 1 6 7 -1
25575 5 -1 0 -1
31668 3 -1 0 -1 3 6 -1 0 9 -1 0 2 5 9 -1 5 9 -1 2 -1
24337 0 1 -1
29317 11 -1 0 11 -1 11 13 -1 0 11 13 -1
4228 3 -1
15244 0 1 8 -1
943 5 -1
22829 0 3 6 -1
1350 8 -1 3 -1
14289 1 13 -1
15278 0 11 -1 0 1 1 2 -1
6376 4 5 11 14 -1
6585 5 -1
31532 9 -1 0 -1
2541 4 10 -1
11596 0 -1
882 0 -1
5437 0 1 9 -1 0 -1
29620 7 -1
17790 5 -1
8556 3 -1
1619 0 5 14 -1
12606 3 13 -1
18847 12 13 -1
23552 0 0 13 -1
14548 0 -1
18886 3 3 3 13 13 -1
7113 11 -1
31599 6 -1 3 8 -1
25726 5 6 -1 5 6 -1 5 6 -1
24632 0 0 0 4 11 -1
10002 0 -1
17384 8 -1
23557 1 -1
1047 0 -1 1 2 -1 13 -1 2 -1
15163 0 2 11 -1 4 -1
2306 0 10 -1 11 -1 5 -1
25824 9 9 14 14 -1 14 -1 5 6 -1 9 14 -1
29065 0 5 -1
9904 2 11 -1
29737 0 0 3 6 11 -1
3331 0 -1 11 -1 0 2 -1 0 -1
2663 0 0 1 10 -1 0 -1 2 -1 0 -1 9 16 -1 0 -1 3 -1 0 -1
20900 6 -1
12864 5 -1
31350 0 1 13 -1 0 1 14 15 15 -1
13108 3 3 6 8 -1 1 -1 0 -1 5 -1
24338 0 7 9 -1 6 -1 3 -1 6 -1 3 10 -1
27271 0 13 13 -1 0 13 -1 0 -1
2567 10 14 -1 2 14 -1 7 -1 14 -1
23118 0 -1 0 0 0 1 2 3 5 -1
28765 3 -1 0 9 -1
15294 0 0 3 -1
10152 0 3 6 -1 0 0 1 8 -1 0 -1 6 -1 3 -1
14790 0 0 3 6 11 -1 0 -1
29518 0 -1
8996 1 -1 9 -1 1 -1 11 -1 9 9 11 -1 2 -1
20034 0 -1
4955 5 -1
25342 0 1 -1
28596 4 14 14 -1
22652 0 -1 1 13 -1
15164 13 -1 0 -1
13598 11 -1 0 -1 13 -1 6 -1 0 -1 13 -1 6 13 -1 0 -1
21019 0 1 5 5 5 -1
28274 0 13 -1 13 -1 0 13 -1
22893 0 -1 13 -1 0 4 13 -1 1 -1
4608 0 -1 5 -1
7453 3 -1
9642 11 12 13 -1 3 12 -1
29185 14 -1
15885 3 13 -1
25626 1 10 -1
19634 0 -1 11 -1
3031 3 -1
17148 1 1 3 -1
2842 2 -1 0 1 1 5 13 13 -1
26403 0 -1
23402 1 7 -1
29121 10 -1
24935 0 8 -1
4373 0 3 -1 14 -1
2564 3 -1 2 9 -1 1 3 9 -1
19397 6 -1 3 7 8 -1 8 -1 7 8 -1 5 7 -1
26023 0 1 14 14 -1
10590 4 -1
458 0 -1
31716 5 13 -1
15464 0 2 -1
9157 0 7 -1
28083 0 -1 0 2 -1
31309 0 11 -1
2052 3 -1 0 0 5 -1
30395 5 6 -1
7160 13 -1
16691 0 0 11 13 13 -1
14323 1 14 -1
7803 0 10 -1 0 0 5 -1 4 8 8 -1 4 -1
15660 0 6 -1 0 6 -1 5 -1 0 -1
29589 1 -1
29584 9 -1 4 6 7 9 9 -1
11813 3 -1
29081 6 8 -1
14799 3 -1
23332 3 -1 0 -1
15969 0 0 2 10 -1
27727 1 11 -1
23601 6 7 9 9 -1
4576 5 -1
26814 12 -1
15016 5 -1 5 6 6 -1 3 -1 6 -1 3 3 6 -1 6 -1
9981 0 -1 5 -1 0 -1 0 11 11 -1
31684 2 -1
12044 5 -1 6 -1
10790 3 -1 6 -1 1 3 11 -1 8 -1
6198 5 6 6 -1
10289 10 -1 0 -1
9899 5 -1 6 -1 3 -1
9949 0 0 1 1 3 9 -1
16564 1 -1 0 -1
3879 0 0 11 -1 3 -1
27594 0 4 -1 4 13 -1
7061 3 -1 4 13 16 -1
3464 5 5 5 9 14 15 -1 5 5 9 -1
2360 13 -1
29437 0 -1 2 5 7 -1
78 0 -1
10423 13 -1
609 0 5 -1 0 6 -1
25881 7 -1 13 -1
7277 0 0 11 -1
2790 0 -1 0 0 6 6 -1
16460 3 6 -1 3 -1 0 3 3 6 6 -1 6 -1 3 -1
28927 0 3 -1
29333 1 16 -1
18588 1 1 5 5 -1
8291 0 0 0 1 2 -1 14 -1 11 -1
23551 0 1 -1
12018 3 6 -1
2356 1 9 -1
12940 8 11 -1
11772 5 -1
22876 9 9 10 13 -1
24044 3 -1
11807 5 8 -1 3 8 -1
26321 7 -1 1 -1 10 -1
7626 14 -1
14309 0 -1
7594 5 -1 0 6 -1 5 5 6 -1
25752 7 -1
11130 1 3 -1
30344 0 1 5 -1
29837 7 -1 5 7 -1
25840 4 -1
30310 0 -1
6507 9 -1 0 -1
4453 0 3 -1
17454 12 -1
11892 11 -1 0 0 11 -1
7377 0 -1
20310 0 3 3 6 6 -1 3 -1
14601 0 -1 0 1 -1 1 -1 0 -1 1 -1
5199 1 -1 14 -1 0 6 -1
24940 5 6 -1 0 3 -1 0 -1
12652 10 -1 1 -1 0 -1
4886 0 3 6 6 13 -1 3 -1
3522 0 9 -1
28817 0 -1 6 -1
14181 11 -1 0 3 14 -1 0 -1
19214 1 -1
13586 0 5 -1
13493 5 -1 8 8 9 11 -1
28258 0 -1 10 -1 0 -1 0 2 -1 13 -1
27818 0 2 -1
2848 3 13 -1
11898 3 6 -1
30863 1 1 6 10 -1
16014 0 0 6 -1
15750 7 -1
24153 0 -1
18762 1 -1
24010 0 -1 1 -1
25958 0 6 -1 0 3 -1
24893 15 -1 0 -1
15182 5 -1
5268 3 -1
30340 8 12 -1
26718 5 -1
6298 0 -1
4430 0 9 -1
11837 0 -1
28348 0 3 6 6 -1
2796 3 8 11 -1 1 7 -1
5316 1 2 11 -1
25765 8 -1 0 7 -1 0 0 0 7 7 -1
9466 13 -1 0 -1
14628 0 5 -1
24449 0 0 1 -1
27941 3 -1
12633 0 15 -1 0 0 0 10 13 16 -1
4459 3 -1
10563 0 6 -1
19 6 -1
2152 1 -1 0 0 0 1 1 -1 0 0 1 1 -1
23798 6 -1
20230 10 -1
21344 0 4 5 14 -1
783 5 11 -1
19364 1 -1 11 -1
30593 3 6 -1
23778 1 2 5 5 6 11 14 14 -1 14 -1 11 -1
20413 0 5 9 -1 3 -1
7198 3 6 -1 3 6 -1 6 -1
24142 1 8 -1
27140 0 -1
22257 2 -1 3 11 -1 1 4 13 -1
4988 5 6 6 -1 5 -1
26618 0 3 3 5 6 6 11 -1
20824 5 -1
24810 7 7 12 -1
15495 8 -1
5253 0 -1
5043 10 -1 14 -1
12944 3 -1 7 8 -1
23345 8 11 -1
6814 0 1 14 -1
7601 13 -1 0 -1
26871 0 5 -1
10561 0 1 1 2 3 11 -1 1 -1
9340 11 -1
6553 4 5 -1
7201 12 -1
27983 1 4 4 7 -1 0 1 -1 14 -1 1 11 -1 13 -1
25684 0 0 3 11 -1 3 4 -1
30566 0 0 0 4 6 8 -1
15440 3 6 -1
5943 3 -1 6 -1 3 -1
27811 1 -1 10 -1 10 16 -1 16 -1 5 -1 16 -1
17422 8 -1
30227 12 -1
8895 0 -1 0 1 10 11 -1
27184 10 -1 9 10 -1 0 16 -1 6 -1
28369 0 1 11 -1 0 0 11 -1 0 11 -1 11 -1
3315 0 -1
1792 0 0 0 0 1 11 11 -1 0 11 -1
18899 0 5 -1
15205 0 4 -1
7854 1 -1 0 -1
13365 3 -1 6 -1
17914 0 9 -1
17849 13 -1
2046 5 6 7 -1 5 -1 7 -1
16310 1 1 4 5 5 -1
10732 0 -1
18115 1 10 13 -1
20746 0 1 2 8 -1
20891 0 -1
1852 0 3 -1 0 0 6 -1
9012 6 -1 3 -1
4307 0 -1 1 -1
9110 10 -1
8991 1 -1
13845 8 -1
22729 0 0 1 1 -1 2 -1
24782 6 14 -1 5 5 6 14 -1
23191 0 -1 0 11 -1 0 0 1 11 -1 5 -1
18108 1 5 -1 0 1 1 2 3 3 6 6 7 -1
490 0 5 11 -1
19528 0 0 1 13 -1 0 3 10 -1 0 9 -1
1083 1 -1
9462 7 -1
11652 0 5 -1 11 -1
14579 0 0 3 6 -1 0 3 -1 0 3 -1 0 -1
4487 1 5 -1
30103 0 0 0 0 1 1 13 13 -1 0 1 -1 0 1 -1
5128 0 -1
853 11 -1
19593 1 -1 6 -1 3 6 -1 3 -1
21295 8 -1
9566 0 -1
13840 13 -1 10 -1 0 -1 1 -1
6626 0 12 -1 0 1 -1
30821 14 -1
11784 14 -1
2955 4 -1
19350 5 7 -1 4 9 -1
17205 0 0 3 10 -1 0 -1 0 3 -1 0 3 -1
9016 5 14 -1
1013 0 3 -1
850 3 -1
19873 0 11 -1 0 2 9 -1
13111 0 3 -1
28799 0 -1 0 2 -1
11948 0 0 1 5 13 -1 0 0 7 -1 3 6 6 -1 0 3 -1
5738 0 -1
18003 7 -1
24545 0 -1
8882 0 8 -1
22373 1 2 -1
28335 1 1 9 -1
31531 0 -1
24649 0 -1 1 -1 0 -1 1 -1 0 -1 0 1 -1 0 2 -1 0 9 16 -1
7058 0 0 13 -1
25088 0 0 7 -1 3 -1 0 -1 1 -1 0 0 11 -1 5 -1
12705 0 0 0 1 16 16 -1 0 -1 5 -1
29665 0 1 1 -1 0 -1
3044 3 6 -1
31512 2 14 -1 0 2 -1
3726 0 -1 0 11 16 -1 0 11 -1 0 -1 9 -1 0 -1 0 3 -1 10 -1 0 -1 1 -1 0 -1 1 -1
17547 5 -1 1 -1
10696 3 -1
4280 0 13 -1 0 -1 13 -1
22343 4 5 7 -1
31289 5 -1 7 -1
12761 2 -1 1 -1
23091 0 -1
18779 0 -1
25570 1 -1 5 -1
471 0 10 -1
9042 4 4 10 14 14 -1
31434 6 -1
16235 1 -1
15326 2 5 13 -1
17235 5 -1
19259 11 -1
17214 0 -1 3 -1
31521 6 -1
20420 1 -1
22170 3 3 6 -1 5 -1 1 13 -1 1 3 8 -1 6 -1
5660 0 6 -1 0 3 -1 0 3 6 -1
29025 3 -1
6070 2 -1 0 0 6 11 -1 0 -1 6 -1 1 11 -1
22482 0 13 -1 0 3 6 9 -1
7584 1 11 -1 14 -1 1 -1 6 -1 0 -1
25865 0 -1 0 1 3 -1 8 -1 6 6 8 -1
22730 1 -1
28295 3 -1 0 9 11 -1 1 -1
30143 0 0 1 13 -1
2285 3 -1
30982 0 5 -1 6 -1
14376 0 -1
3512 6 -1 3 -1
8976 1 12 13 -1 1 1 12 15 -1 12 13 -1 13 -1 12 12 13 -1
12973 3 6 13 16 -1 3 4 5 6 -1
26356 0 0 0 6 6 6 6 -1 0 -1 6 -1
2493 3 -1
18910 0 0 1 7 -1 0 10 -1
8977 0 6 -1 5 6 6 11 -1 0 0 1 5 11 -1 7 11 -1
2824 3 -1
6172 0 -1 0 11 13 -1 0 11 13 -1 0 -1
26025 2 -1 0 -1 5 -1
18402 0 -1
210 0 1 -1 0 1 9 -1 0 0 2 9 9 -1
18687 1 1 3 6 11 -1 1 11 -1 0 1 -1
14221 1 7 7 12 -1
8443 0 0 5 5 14 -1
18976 0 2 4 11 -1 1 4 -1 4 -1 4 7 -1 0 2 -1 5 -1 1 -1 0 -1 11 -1
11477 5 6 -1 0 -1
8010 10 -1
13005 0 0 1 11 -1
26136 1 -1 0 0 0 1 1 -1 1 -1 0 -1
24661 0 -1
28638 0 -1 0 0 13 13 -1
14792 0 -1
29986 0 9 -1 0 4 10 -1
12198 0 -1
200 7 -1 11 -1 6 11 -1 1 11 -1
213 0 -1
2680 5 -1 3 -1 5 -1
26269 0 13 16 -1
24310 0 1 -1
1726 4 -1
5606 0 -1
18768 0 0 1 14 -1 0 0 9 -1
7028 4 -1 0 -1
1161 0 1 -1 0 13 -1 0 -1 0 13 -1 5 -1 0 -1
24561 3 -1 0 -1 5 -1 0 -1 3 6 -1 1 -1 2 11 -1 0 -1
30094 0 3 -1
3286 5 -1 2 11 -1
17590 0 3 -1
15830 7 13 -1
1538 6 9 -1
28797 1 5 5 6 6 -1 6 -1
7668 5 -1
16297 14 -1 1 -1
15538 5 9 -1 1 3 -1 1 -1 9 -1 1 5 9 -1
27032 0 -1 1 -1
3317 1 -1 0 -1
30568 0 -1 0 0 0 11 11 11 -1
2467 14 -1
12282 0 0 1 -1
4605 0 -1
17402 8 -1 3 6 -1 3 6 6 -1 3 3 6 -1 3 3 6 8 -1 6 -1 3 -1 6 -1 3 6 -1 3 6 -1 3 -1 3 6 -1 6 -1 3 -1 6 -1 3 -1 3 3 6 6 -1 6 -1 3 -1 6 -1 3 -1 6 -1 3 -1
25968 11 -1 0 -1 11 -1
6791 9 -1
20238 0 0 1 -1
18535 3 -1 0 -1
19982 9 9 14 14 -1 0 -1 1 -1
10046 0 -1
25624 0 1 -1
17588 0 9 -1
13224 3 -1
464 10 -1
26337 0 11 -1 0 -1 0 11 11 -1 0 -1 0 11 -1 11 -1 0 -1 11 -1
2994 8 11 -1
28132 2 -1 3 -1 0 -1 0 5 -1 1 -1 0 1 -1 0 -1
26451 1 5 6 -1
18439 0 2 -1
6209 4 -1 11 -1
13942 0 -1
1773 0 9 -1
24546 0 5 -1 3 6 -1
14744 1 -1 0 5 -1
16746 0 -1
5435 5 -1 0 13 -1 10 -1 1 2 -1 4 -1 13 -1 0 0 1 1 3 11 13 -1
9527 4 4 5 5 5 -1
20432 6 13 -1
397 0 13 -1
1783 0 -1 0 13 13 -1 0 13 -1
3735 0 2 -1
3747 15 -1 1 -1 13 -1 1 -1 15 -1 1 1 13 13 14 -1 13 -1 1 -1
25867 1 -1
16350 3 -1 1 3 -1
4687 0 0 10 -1
15500 12 -1
28041 2 13 -1
24799 0 6 -1
1518 15 -1
13439 0 -1
3688 1 7 -1
12213 5 -1
6547 0 3 -1 0 1 -1
30050 0 -1
28535 0 6 -1 11 -1
22895 5 7 14 -1
11645 2 9 14 -1
31535 1 -1 7 14 -1 16 -1
27985 0 6 -1 11 -1 0 6 -1 11 -1
16277 0 13 -1
13646 0 10 11 -1 0 5 -1 0 5 11 -1 11 -1 0 0 11 -1
5784 0 13 -1
7999 3 -1
22938 4 4 14 -1
13643 4 14 -1
30652 13 -1
22102 0 -1
13723 0 13 13 -1
10272 0 0 0 0 1 1 5 6 -1 1 -1 0 -1
3869 0 7 -1
6748 3 9 9 -1 0 1 13 -1
706 0 3 6 11 -1 3 -1 1 3 -1 3 3 6 6 -1
26364 5 -1 1 -1 3 -1
10596 0 0 0 7 7 -1
15266 5 6 -1 0 -1 6 -1 3 3 6 -1
18782 5 8 -1 0 0 2 9 -1 0 -1 6 -1 0 0 0 3 8 8 9 -1 0 -1
23454 5 5 6 9 -1 6 -1 5 5 5 6 6 -1
7148 0 13 -1
31106 6 -1 5 6 -1
27563 0 0 6 6 -1
13597 3 14 14 -1 0 14 -1
25965 0 0 0 1 8 8 14 -1
29145 0 0 11 11 -1
19902 0 -1 3 -1 6 -1
26440 4 -1 13 -1 0 -1 13 -1
28790 3 9 -1
9757 11 -1
2490 5 -1 0 14 -1 5 9 -1
29927 6 -1
11749 3 -1
1956 4 -1 13 -1
108 8 -1
15487 8 -1 0 -1 0 6 -1
4616 0 1 -1
2167 3 3 6 -1
2818 0 3 3 13 -1
20605 13 -1
30938 0 3 6 -1
13473 3 -1
16380 1 11 -1 2 -1 11 -1
10288 0 -1 5 -1 6 -1 5 6 -1
19587 6 12 -1
5780 5 13 -1 5 -1
10954 9 -1
2491 6 -1
24643 3 6 -1
4064 0 0 0 2 3 3 -1
5205 1 -1 3 -1
7945 0 1 -1 0 3 -1 5 -1 0 1 -1
14492 1 -1
3566 3 -1 1 3 6 -1
14050 0 1 2 -1
15740 1 11 -1 5 -1 1 -1
22644 11 -1 0 1 3 9 -1
12564 5 -1 14 -1
19719 0 -1
612 0 0 6 6 -1
5470 0 -1
2107 0 2 13 -1 0 13 -1
10492 3 -1
10305 7 11 -1
18955 3 6 -1
18031 4 14 14 -1
23539 0 -1
11284 0 5 14 -1
21580 3 6 -1
19965 7 -1 3 9 13 -1
2215 0 11 -1
16529 3 -1 1 -1 3 6 -1 3 10 -1
7292 0 10 -1 1 -1
30163 11 -1
30111 6 -1 7 12 -1 3 8 -1 9 -1
15583 0 16 -1 0 -1
2745 0 -1
11781 3 -1
5438 1 16 -1
10856 0 0 11 11 11 -1 0 0 0 1 3 11 -1 0 -1 0 11 -1
28769 0 1 10 -1 0 5 -1 0 -1
18073 0 7 -1
22539 3 -1
20597 0 1 1 -1 9 -1 1 -1 0 9 -1 0 1 9 9 -1
15370 14 -1 2 4 -1 1 4 14 -1 1 -1
25938 6 8 -1 8 -1 8 11 -1 1 8 -1 1 -1 8 -1 1 -1 8 -1
5721 0 1 -1 9 -1
15585 4 10 -1 5 -1
18056 0 5 13 -1
17166 3 6 6 -1 3 -1
20041 3 -1 3 6 -1 1 -1 3 13 -1 3 6 -1
21102 3 -1 3 6 9 -1
17509 0 -1 2 -1 10 -1 1 -1
23098 0 -1 6 -1 3 -1
10415 12 -1
11623 0 -1
2675 11 -1 1 11 -1 13 -1 0 5 11 -1
11864 13 -1 1 3 6 -1 1 9 -1
5823 1 -1 6 -1
16327 0 0 3 -1
1149 2 3 11 16 -1 11 16 -1
15878 0 7 -1
31783 1 10 -1
21557 0 -1 0 12 -1
18830 0 -1 0 11 -1
6855 1 2 9 -1
15027 14 -1 6 13 -1 3 11 -1 13 -1 10 -1 2 5 -1
21237 1 3 -1
8057 3 -1 0 -1
28152 0 9 13 -1 0 2 -1
21348 0 -1
25964 0 11 -1
27448 13 -1
16923 0 2 6 -1 0 8 -1 0 8 -1 6 -1 0 0 6 -1 0 6 -1
14835 6 8 8 -1
11293 5 -1
25561 0 0 10 -1 0 1 1 -1
20270 0 0 1 -1 0 11 -1 2 -1 0 -1 0 0 0 4 10 10 -1 4 -1 0 -1
14261 5 6 -1 6 -1 5 10 -1 1 7 16 -1
21429 3 5 8 9 -1
24277 1 1 1 2 7 7 11 14 -1 7 -1 1 1 6 11 -1 6 7 9 -1
24062 3 -1
20338 0 6 -1 1 1 11 -1 0 -1
5532 0 2 -1 0 2 -1
12543 4 -1
26372 5 -1 6 -1 5 5 9 -1
387 14 -1 3 -1 14 -1
17981 0 6 -1 5 -1 6 -1
17869 0 -1 0 10 -1 1 10 -1
10388 3 -1 0 -1
28808 5 -1
25177 16 -1 0 -1 0 3 -1 4 -1
27694 0 14 -1 9 -1
4202 0 0 1 -1
4099 5 6 10 14 -1
25073 1 -1
27254 2 5 10 13 -1
23494 0 1 11 -1 0 -1 11 -1
19307 0 -1
25442 5 -1
31688 3 8 11 -1
5836 12 -1
9331 5 -1
17827 4 -1
21178 0 -1
17589 10 16 -1
10202 0 9 -1
11988 3 6 -1
4360 3 -1
24409 0 9 9 -1
29455 0 -1
8337 13 -1
29835 0 -1 7 -1 9 -1
12917 0 2 9 -1 0 11 -1 1 10 -1
9153 6 -1 3 6 -1
10660 0 8 11 -1
26932 0 0 0 1 7 -1
22564 4 -1
13520 11 -1
1129 13 -1
31170 0 11 -1
15654 0 1 1 1 5 14 -1
9187 0 1 3 6 -1
18778 0 14 -1 6 -1 5 -1 5 9 14 14 -1
30574 5 6 -1
6077 1 3 7 8 -1
20116 0 0 13 13 -1 0 13 -1 0 0 13 -1
25671 0 1 -1 8 -1 1 -1 4 10 -1 4 -1
8375 0 -1
9572 0 -1 13 -1
27726 5 -1
15096 0 1 4 14 -1
16321 0 13 -1
15476 0 -1 1 3 -1 1 -1 0 0 4 9 -1
16452 1 4 -1
5213 5 5 9 -1
2042 5 6 -1
6764 0 -1 0 8 13 -1 0 0 8 -1
28549 1 -1 0 3 -1 0 3 -1 1 14 -1 0 1 1 1 3 4 9 -1
13700 0 0 2 -1 0 0 4 10 -1 4 -1 0 -1 3 -1 0 -1 0 4 4 -1 0 -1 0 4 -1 0 11 11 -1 0 13 -1
1322 5 5 14 -1 14 -1 3 9 12 -1
18421 0 3 13 -1
21301 0 -1 1 -1 0 6 6 -1 0 3 6 -1 0 6 -1 6 -1 0 -1 0 3 -1 1 -1 0 -1 5 -1
13310 13 -1
27951 1 -1
16668 1 14 -1
29869 0 1 -1 6 8 -1
2445 2 3 -1 10 13 -1
10033 0 1 -1 11 -1 0 1 1 11 11 -1 3 3 6 -1 6 -1 0 -1 6 -1 0 0 3 -1
6870 0 -1 13 -1 0 -1 0 1 -1 11 -1
216 0 0 1 2 -1 1 -1 0 -1 13 -1
6265 0 5 -1 5 6 -1
26436 5 6 8 -1
1618 0 -1
20347 6 -1 3 6 -1
17815 11 -1 0 -1 5 6 -1
1894 3 -1 0 -1
12988 0 1 -1 0 1 1 -1 0 0 3 -1 0 1 5 -1
20448 0 -1 1 -1 3 -1
9916 13 -1 6 -1
27963 0 -1
10988 0 -1 8 -1
31315 11 -1 6 -1
16546 5 10 -1
10862 6 -1
29046 0 5 6 -1 5 -1 6 -1
2072 0 5 -1
29019 6 -1 0 0 6 6 -1 0 -1
12426 2 5 -1 2 4 -1 0 -1 1 2 2 -1
27579 0 1 -1
1509 0 11 13 -1
26260 3 9 -1 10 -1 16 -1 10 -1
26684 2 4 9 13 -1
12365 0 -1 0 0 0 6 9 9 -1
8253 3 3 6 -1
15560 0 -1 0 1 11 -1 11 -1 3 -1 5 6 -1 0 5 -1
9358 3 3 6 -1
25096 3 -1 3 6 -1
17701 0 1 -1
30125 0 1 -1
11727 3 5 5 -1 2 3 3 6 6 7 -1
8080 3 6 -1
20135 5 -1
4958 0 -1 6 -1 8 -1 0 -1
26527 0 1 -1
9688 0 -1 1 -1
14336 13 15 -1
29943 11 13 -1
5835 0 -1
23304 1 -1
16920 10 -1 0 -1 4 -1
13951 8 10 -1 8 -1 1 1 8 8 -1
23432 1 -1
9933 9 -1 2 9 -1 3 -1
25606 13 -1
16463 0 -1
17639 0 13 -1 13 -1 0 0 0 0 1 13 13 -1 0 1 -1
7917 8 -1 10 -1 4 -1
23648 0 5 -1
7228 11 -1
2560 0 3 -1
24208 0 -1 1 -1 0 -1
3384 0 10 -1 0 1 6 -1
8321 3 6 -1
18413 3 -1
2155 11 14 -1
6490 9 -1 6 9 -1
19339 0 10 11 -1 0 -1
1916 3 3 3 6 6 11 -1
5290 6 9 9 -1
21627 0 16 -1 0 -1
21045 8 -1 4 -1 1 5 8 8 13 -1
20747 0 0 1 6 9 -1
4197 0 -1 0 3 -1
25274 8 -1
27457 5 -1 5 5 6 6 -1
7023 5 -1
1680 7 8 -1
5599 0 11 -1
25448 1 11 -1 11 -1
28471 11 14 -1 0 1 -1
11448 10 -1
8501 0 -1
10780 3 6 -1
23365 0 5 -1
25908 6 -1 0 0 11 13 -1 5 -1 6 -1
1927 0 -1
25639 0 13 -1 6 -1 3 -1
16266 3 6 -1
30155 2 3 4 11 14 -1
17435 0 6 -1 0 0 0 2 2 10 -1
16032 2 -1 1 11 13 14 -1
9026 11 -1
10005 7 -1
4999 0 -1 1 6 -1 0 6 -1 0 6 -1
16200 6 -1
24928 0 0 0 1 6 -1
12447 3 6 -1
23732 0 2 -1
29958 0 2 -1 0 -1 0 5 13 -1
5146 6 -1
29479 0 0 0 13 13 13 -1
28186 0 11 -1
18678 1 9 -1 0 -1 14 -1
24690 0 -1 0 11 -1 16 -1 13 -1 0 13 -1 0 -1
24869 1 11 -1
23718 0 1 -1
16379 0 6 -1 0 -1
4474 1 -1
17507 0 1 -1 10 -1 3 -1 10 -1
8533 0 0 1 11 -1 0 10 -1
10684 6 -1 4 5 14 14 -1 6 -1 0 5 14 -1
23007 0 2 -1
7115 0 0 9 9 -1 0 9 -1 0 10 -1
18558 4 -1 1 2 5 -1 11 -1 1 -1 2 11 -1 1 1 11 -1 0 1 -1 3 5 -1 0 -1 1 7 -1 3 -1
8631 1 -1
8790 0 -1 1 3 6 -1 1 3 5 6 -1
26234 10 -1 0 0 5 -1
30923 4 13 -1 0 -1
7957 0 3 5 14 -1
27991 5 6 -1
23992 0 -1 9 -1 0 -1 0 1 -1 0 2 -1 6 -1 9 -1 0 0 6 9 -1 0 9 -1
16877 5 6 14 -1 5 -1
411 0 4 5 -1 0 2 5 -1 0 -1 4 -1
11656 8 -1
6314 1 -1 0 -1
23469 2 -1 0 -1
8608 1 5 -1
31091 6 -1 0 14 -1
1878 3 -1 5 -1 0 -1
8505 0 1 5 5 -1
7859 6 -1 13 -1 0 0 11 -1
15946 1 1 6 9 -1
3890 2 3 3 6 6 -1
25869 14 -1
24051 1 9 -1
14432 0 1 -1 13 -1
19848 5 -1 14 -1 5 -1 10 14 14 -1
6468 0 -1
13455 0 1 3 5 -1
22516 7 -1
1542 0 0 8 -1 8 -1
29951 0 0 1 6 -1
4279 0 10 -1
23138 6 -1 3 -1
3357 7 -1
5958 10 -1 0 0 5 -1
11682 8 12 -1 6 12 -1
9434 13 -1 0 -1 11 -1
27429 10 14 -1
6774 13 -1
22699 0 11 -1
26700 6 -1
13391 6 8 -1 1 3 6 -1 7 -1 3 3 6 7 -1
3326 11 -1
5843 12 -1 0 -1
10829 1 9 -1
15384 0 -1 4 -1 0 -1 0 4 -1 0 4 4 -1 0 -1
6220 1 16 16 -1
28929 0 -1 0 10 -1 3 -1
8133 3 -1
14999 13 -1 3 -1 7 -1
7301 0 11 -1
17140 0 13 -1 0 -1
7159 5 6 -1 3 5 6 8 -1
10683 0 1 13 -1
3343 1 3 14 -1
9857 1 2 5 13 -1
27303 6 -1
8019 1 4 4 -1 1 -1 3 4 -1
1626 0 -1 13 -1 0 0 2 4 5 11 -1
14653 1 7 -1
3408 0 0 1 3 6 11 -1 0 -1
7132 0 3 5 6 -1
17394 1 1 8 8 12 13 -1 0 -1
21154 0 3 -1
27077 0 -1 0 10 -1 0 10 -1 0 1 2 -1
29360 3 6 -1
9274 6 -1
20903 1 5 5 14 -1
28889 6 -1 0 -1 5 -1
9416 0 -1 11 -1 0 -1 6 -1 0 1 6 -1 6 -1 0 -1 0 0 1 6 -1
16218 0 -1
10076 1 -1 3 -1
25209 7 7 13 -1
9520 3 6 -1
15744 0 -1
14582 8 -1
31310 1 1 8 8 11 -1 8 11 -1
3982 3 -1 8 -1
27398 10 -1
28145 1 5 8 -1
24888 5 6 -1 3 -1
891 0 6 8 8 -1 0 -1 0 2 3 8 8 -1
6885 0 -1
11043 4 11 -1
30394 1 6 10 -1
24435 1 8 -1
13026 1 -1
474 11 -1 0 2 -1 0 0 3 11 -1 0 6 13 -1
5076 7 -1
16322 11 14 -1 0 14 -1 2 -1
26346 7 -1
14534 0 -1
4511 0 10 -1 1 -1
16934 13 -1
14891 2 -1 11 -1 1 -1 11 -1
19989 0 0 5 7 -1
758 12 -1
21912 11 -1
24376 0 -1
11794 0 1 5 5 -1
27540 1 -1
21534 0 0 3 6 -1 1 -1
3381 1 -1
7731 1 -1 0 0 1 -1 0 1 1 -1 0 -1
18781 5 6 -1 5 -1 6 -1 5 6 -1 3 -1 6 -1
8610 0 -1 0 4 4 -1
10958 1 -1
28901 0 16 -1 10 -1 8 -1
12969 0 1 5 11 -1
1601 1 2 6 8 11 -1
4703 0 0 0 7 11 -1
27830 0 1 1 -1
10230 5 5 6 6 -1 3 6 -1
16709 0 0 4 5 10 -1
3633 6 -1
3973 11 -1 0 3 6 -1
27896 8 -1
17000 6 -1
11295 0 3 3 -1 3 3 6 6 -1 0 -1
18157 4 -1
1315 0 0 1 1 2 2 -1 0 0 11 -1
13558 0 0 2 -1
29311 2 -1 0 -1 11 -1
16295 3 3 3 6 6 -1
13774 0 11 13 -1
31559 0 -1 14 -1
25121 1 -1
26845 0 -1
29543 11 -1
110 1 -1
21512 0 1 -1
28872 3 -1 3 6 -1 1 -1 10 -1
17339 7 8 11 -1 8 -1 5 -1
22656 1 -1
27493 0 -1
15317 5 5 6 -1
26401 0 0 0 1 3 -1
27734 0 1 2 -1 0 16 -1 0 13 -1 0 -1 11 -1 5 -1
19693 1 -1 0 5 -1
29176 5 -1
27547 0 0 1 -1
24196 1 -1
11905 8 -1 6 -1 8 -1
17601 1 -1 5 -1 9 -1 5 -1
29098 0 0 1 10 -1
28250 1 -1
11485 0 1 -1
27938 1 7 7 16 -1
30401 7 8 14 -1 8 10 -1
1879 0 1 -1
13164 0 1 13 -1
18053 0 3 -1 10 11 -1 0 -1
28795 3 -1
30660 0 5 8 8 -1 0 6 -1 5 -1 0 5 -1
7117 13 -1
22159 8 -1 6 8 -1 6 8 -1 6 -1 6 6 8 8 -1 8 -1 6 -1 8 -1 6 8 -1 6 6 8 8 -1 6 -1 8 -1 6 -1 6 8 8 -1 6 -1 8 -1 6 -1 6 6 8 8 -1 6 8 -1 6 8 -1 8 -1 6 8 -1 6 -1 8 -1 6 8 -1 6 6 8 -1
31590 3 13 -1
22608 7 -1 3 -1 7 -1 3 -1 3 3 7 7 -1 7 -1 3 3 7 -1
30012 8 10 -1 0 8 10 -1
29686 0 -1
21544 0 11 12 -1 13 -1 0 -1 10 -1 6 -1 1 3 -1 1 -1 0 -1 2 -1 0 -1 5 -1 1 -1 11 -1 2 -1 0 2 -1 0 -1 2 -1 12 -1 0 0 1 1 2 11 -1 11 -1 0 0 2 7 8 14 -1
13452 0 13 13 -1 0 -1 0 2 -1
1515 0 -1
8266 0 14 -1 0 -1 5 -1
17623 0 11 -1 0 11 -1 0 11 -1 11 -1 1 -1
12029 0 5 -1
1784 11 -1 3 4 -1
19558 0 5 -1
14663 8 12 -1
22416 0 -1 16 -1 0 1 -1 0 -1
28518 0 4 -1
22797 1 1 5 9 9 -1
4890 1 -1 0 0 1 -1
6901 0 1 3 -1
22486 0 3 6 6 -1
6135 0 13 -1
663 1 -1
15679 13 -1
18111 9 -1 0 3 -1
13266 5 6 -1
21826 10 -1
13650 3 6 -1 3 -1 4 -1
12607 1 -1 13 -1
13045 11 -1
24497 9 -1
14110 0 -1
2056 5 -1
25658 1 -1 0 -1 11 -1 0 -1
11445 0 -1
5916 1 5 11 13 -1 1 15 -1
17691 0 2 10 -1
12080 3 3 6 6 -1
14312 0 -1 2 -1
29685 3 13 -1
25912 1 -1
2668 10 -1
29242 0 3 -1
3330 3 6 11 -1
8665 1 -1 0 -1
28045 0 9 -1 16 -1 0 0 8 10 -1
2358 11 -1 0 -1
26881 13 -1 7 -1
14681 5 -1 3 6 -1 3 3 5 6 10 -1 1 5 10 -1
18084 5 -1 7 -1 5 6 7 8 -1 7 12 -1 6 12 -1
30757 13 -1 11 -1
4920 4 5 7 -1
18231 0 3 -1 0 -1 9 -1 0 9 -1
22334 0 11 -1 10 -1 3 10 -1 1 8 -1
22406 0 -1 13 -1
28071 3 4 -1 1 5 -1
4798 1 -1 7 -1 1 5 -1
27903 5 6 -1 5 -1
18995 0 -1
26863 6 -1 1 2 2 5 6 -1 1 5 -1
6741 5 -1
28248 0 -1 0 13 -1 0 0 11 11 -1 0 1 13 -1 0 -1
28529 0 12 -1 0 12 12 -1 0 -1 0 12 12 -1 0 -1
18974 0 5 13 13 -1
12678 3 6 -1 1 3 -1 5 -1
19884 0 -1
158 0 11 -1
5580 1 -1
11901 0 10 -1
11509 14 -1
10661 5 -1
19133 8 -1
3410 0 3 6 6 -1
525 0 -1
19488 0 -1 11 -1 14 -1 9 11 -1 10 16 -1 1 -1 11 -1 13 -1 3 6 -1 9 -1 2 4 4 5 7 10 -1 1 -1
12599 2 -1 11 -1
4714 1 11 -1
28607 0 0 2 -1 2 -1 0 -1
17819 8 -1 12 13 -1 0 -1
23099 0 11 -1
20721 10 -1
25924 4 -1 0 3 -1
13210 0 1 -1
27865 4 -1 0 -1
15193 0 -1
30716 0 6 -1
9319 5 -1
19612 1 9 14 14 -1
23374 0 -1
11719 10 -1 14 -1 2 7 -1
13655 11 -1
13231 0 -1
10176 12 -1
547 0 1 -1 0 1 -1 0 -1
8948 0 5 -1 5 -1 0 0 0 5 5 -1 5 -1 0 0 5 -1 0 5 -1 5 -1 0 0 5 -1 0 5 5 -1
13889 1 -1 3 5 -1
17296 0 -1 5 -1 1 5 -1
30896 5 6 -1
19107 3 -1
30887 0 -1
7332 0 4 -1 0 0 4 4 -1 0 -1 0 0 4 4 -1 4 -1 0 -1
6803 13 -1 11 -1 0 2 -1
6531 4 -1
22348 0 -1 3 -1 0 -1
15225 0 3 -1
26015 0 1 -1 1 -1 0 1 -1 0 0 3 -1
11503 0 3 -1 5 -1
8772 2 3 -1
4742 0 -1 3 -1 0 -1
20048 3 -1
24308 0 -1
10945 1 3 -1
29692 0 -1 0 11 -1
516 0 10 -1 0 -1 2 -1 2 11 -1
2304 0 3 5 -1
15084 9 -1
28460 0 0 3 -1
9072 6 -1
10806 3 -1
10817 8 -1 1 4 7 -1 4 -1 3 4 -1
1586 1 11 -1
9429 0 4 6 14 14 -1
10501 1 -1 6 -1 3 7 -1 0 6 -1 0 -1
21245 2 10 16 -1 2 -1
4834 0 -1
10819 13 -1
24352 0 -1
11961 0 -1 0 1 9 -1
2739 0 1 -1 0 -1
10356 14 -1
9468 3 8 -1
16937 0 -1
20653 2 -1
3944 0 -1
14869 0 -1
7172 11 -1 0 -1
31058 11 -1
25247 2 5 6 9 10 13 14 -1 11 -1
17414 3 -1
7560 12 -1 3 7 8 12 -1 8 -1 5 -1 7 -1
27753 6 -1
26614 0 1 -1
4110 0 5 -1 0 -1 1 1 5 -1 1 11 -1
30274 3 -1
28502 5 -1
26099 3 -1 1 -1
30207 1 -1
2829 0 0 6 -1 0 6 -1 6 -1
16153 0 -1 8 -1 3 3 8 8 -1
14596 6 -1
15858 14 16 -1
7655 7 -1
10880 0 -1
4852 9 -1
3467 0 -1 0 1 11 -1
18184 1 -1 1 13 -1 9 -1 2 2 11 -1
28949 1 5 -1
2813 0 13 -1
13116 0 1 5 5 13 -1
13418 2 -1
13376 5 5 14 -1 5 9 14 14 14 -1 1 -1 14 -1 1 -1
21498 1 3 6 -1
14631 0 0 5 -1
13580 0 0 5 -1 1 6 -1 0 0 5 5 -1 0 -1 0 5 5 -1 0 5 13 -1
22275 8 -1
14055 11 -1 0 -1
19756 3 6 6 8 8 -1
6159 3 5 5 6 -1
9261 5 5 5 6 6 6 -1
27981 2 -1 0 -1 5 6 -1
16940 0 0 3 10 -1 0 -1 4 -1
19742 4 -1 14 -1 5 -1
23368 2 -1 0 -1 1 -1 0 0 10 -1
21057 6 -1 5 13 -1 13 -1
3495 0 1 11 -1
19754 5 5 6 -1
17273 1 3 3 6 -1
2303 0 2 -1
6600 0 3 -1 4 -1
31698 4 -1
26246 1 14 -1 0 -1 1 14 -1 3 3 6 -1
597 0 13 -1
23765 5 9 -1
20752 5 -1 1 -1 1 3 3 6 -1 0 1 16 -1 0 1 -1
17988 0 -1
16806 2 -1
2002 1 -1 2 -1
8175 5 -1 6 -1 5 6 -1 5 -1 1 -1 5 -1 6 -1
23062 4 -1 14 -1 5 14 -1 4 10 -1
20075 9 14 -1 9 -1 1 -1 5 -1 7 -1
20890 6 -1 3 -1
24006 0 -1
13064 0 6 -1
9214 13 -1
4656 0 10 -1 0 10 -1 16 -1 0 3 -1 0 0 10 -1 0 16 -1
25763 0 9 13 -1
9114 2 -1
20454 13 -1
30058 8 -1 0 -1
3961 11 14 -1
19212 5 -1
7143 12 13 -1
8207 5 -1 4 -1 7 -1 4 -1 0 1 1 14 -1
1418 0 7 8 8 10 12 -1 0 8 -1
1519 4 -1
30540 9 -1
22683 5 -1
28228 0 -1 1 1 1 2 5 8 14 -1
717 0 0 1 1 -1 0 3 -1
30696 5 9 -1
29367 0 -1 0 0 13 13 -1
9865 0 0 13 -1 13 -1 0 1 3 -1 0 1 -1
25607 1 -1
24979 6 -1 12 -1
18062 0 1 8 -1 0 1 3 6 8 -1 1 -1
24942 10 -1
28044 1 -1 2 -1
421 0 -1 0 1 5 -1 6 -1
10123 3 -1
5569 1 -1
19681 0 10 -1 3 -1 0 -1
29077 6 -1
26552 0 -1
5867 0 -1
15927 11 -1
24732 4 5 10 -1 10 -1 4 -1 5 -1 8 -1 0 1 1 13 -1 13 -1 8 -1 0 0 13 -1 4 -1 5 -1
10195 12 -1 3 8 13 13 -1
28374 0 -1 5 9 -1
26745 11 -1
27442 8 -1
14138 6 -1
10298 0 13 -1
8744 3 -1
2697 1 -1 0 -1
10706 0 -1 1 -1 0 0 9 10 -1 0 -1
22104 3 -1 1 9 -1 1 -1
22364 4 -1
3253 0 4 -1
11419 0 -1
11341 0 -1
3372 0 0 1 13 -1
30642 0 1 1 1 13 14 -1
31326 0 5 -1
10527 0 1 -1 0 -1
17870 13 -1 0 -1 0 0 0 0 1 10 13 13 13 -1 0 0 2 3 -1
21090 0 6 6 8 -1
21195 0 -1
3086 0 -1
11620 0 5 5 6 -1
26486 8 -1
10610 0 1 -1
31433 0 0 11 11 -1
18478 2 -1
25151 4 -1
27600 3 6 11 -1 3 6 -1
30080 0 1 1 6 -1
3714 0 0 1 -1 1 -1
31146 3 -1 3 6 -1 3 6 -1
25335 3 -1
13090 7 -1
5572 0 2 -1
5428 11 -1
30875 14 -1
26077 4 -1
21158 6 -1 8 -1 1 -1
23547 0 5 -1
8328 1 7 -1 7 -1 1 -1 1 3 7 7 -1 7 -1
7375 0 -1
3572 5 -1
10368 0 -1
29549 1 5 14 -1
30034 0 -1 3 -1
16076 11 -1
20059 3 5 -1 0 -1 5 -1
9862 0 3 -1
1155 3 -1
28289 3 3 6 -1
4083 0 3 10 16 -1 0 -1
5469 0 -1 11 -1 0 -1
2923 0 -1
9825 0 1 2 3 -1 0 -1
1846 0 2 5 9 -1 0 5 -1
22419 8 -1
22498 3 -1 0 3 -1
27246 0 -1
23162 0 1 -1
29618 5 -1 14 -1 5 -1 1 -1 14 -1 9 -1
21457 1 -1 0 0 2 -1
9653 1 4 9 -1
4969 0 -1
16824 8 -1 13 -1 7 -1
17139 0 13 -1 13 -1
11028 0 9 -1 0 -1 5 -1 0 5 -1
21364 9 -1
19008 0 -1
6361 0 -1
12784 0 -1 13 -1
11052 6 -1
27120 6 8 8 -1
4060 0 3 3 -1
1931 10 -1
23152 0 -1
21764 0 5 -1
18475 5 -1 6 14 -1 5 -1 9 14 -1
24908 0 0 8 -1
21637 0 6 -1
864 0 -1
2169 0 1 1 -1 3 -1
22839 0 -1 0 1 1 9 -1 0 1 -1 9 -1 0 -1
10131 7 -1 6 -1 8 12 -1
4384 5 -1
18229 11 -1 5 -1
6903 5 6 -1
6909 3 6 -1
16399 0 2 5 -1
10203 1 -1 0 1 1 13 16 16 -1
6679 0 -1 3 6 -1 3 -1
13802 1 -1 0 0 2 -1 9 -1
19318 0 -1 0 1 1 -1 0 -1
11522 0 3 -1 2 -1 0 -1 0 15 -1 15 -1 0 3 -1
9804 8 10 16 -1
23844 11 -1 0 10 -1 0 -1
15933 11 -1 12 -1
2 12 -1
4941 0 5 -1 1 6 -1 5 -1 1 13 -1 0 5 -1
21071 1 -1 0 0 0 1 3 -1
13423 3 6 -1 13 -1
20465 0 13 -1 0 1 1 -1 0 1 -1 0 0 5 -1
25847 3 3 6 -1
12176 11 -1 0 13 -1
20628 11 -1
16409 0 0 0 0 1 1 9 10 -1
29672 5 -1 5 5 6 14 -1 5 14 14 -1 5 -1
1313 3 -1
13679 6 -1 5 -1
24483 1 9 -1
31020 3 3 6 -1
28912 1 -1 3 3 5 10 -1
4346 13 -1
1840 0 -1
20823 0 -1 8 -1 11 -1
11605 3 -1 3 3 6 6 -1 3 3 6 6 -1
16767 3 8 -1
6535 4 -1
18445 0 -1
7002 0 1 1 -1 0 -1 1 -1
18617 5 8 -1 6 8 -1 1 -1
29574 14 -1
8129 0 10 -1 0 10 -1 0 0 1 5 -1 11 -1
2485 0 -1 3 -1
13039 2 -1
24704 10 11 -1
10707 3 3 6 -1 0 3 6 -1 3 -1 3 6 -1 0 -1 6 -1 3 -1
6809 0 -1
5044 0 -1
25055 10 -1
17400 6 -1 0 8 -1 0 8 8 -1 0 8 -1 0 8 -1 0 0 0 0 8 8 8 -1 0 8 -1
3556 4 8 -1
22837 0 0 3 14 -1
2544 0 -1 1 -1 4 11 -1
5083 0 3 3 6 -1
1075 0 0 1 1 -1 0 -1 1 -1 0 0 0 1 3 9 -1 0 1 -1 0 3 -1 0 3 -1
14672 5 5 6 -1
7743 9 -1 0 -1 11 -1
26634 3 6 -1 3 3 6 -1
30021 3 -1
13437 3 9 -1
29480 0 1 -1
13175 7 -1
7939 0 -1
1686 7 -1 0 0 7 7 -1
19337 12 -1 12 13 -1
17168 8 -1
13110 3 10 13 -1
12436 13 -1 0 3 5 5 6 -1 0 1 3 3 6 -1
24818 0 16 -1
13401 0 11 -1 0 5 -1 9 10 -1 10 16 -1 9 -1
19494 0 3 -1 5 -1
9115 0 -1
26194 0 -1
20199 0 -1
19431 10 -1 11 -1 2 -1 3 -1 2 6 13 -1 0 -1
11841 0 6 -1 0 -1 0 1 6 -1
19283 0 -1 5 -1 1 9 -1 0 -1 1 1 2 5 -1
23356 3 -1
5456 9 -1
6207 6 12 -1 0 0 6 6 6 12 13 -1 0 7 -1
11027 4 -1
30697 0 -1 4 -1 0 -1 10 -1
4683 0 -1 0 0 10 13 -1 13 -1
13839 3 -1
6018 1 11 -1
17033 7 -1
15358 6 8 -1
11177 12 -1 6 -1 12 -1 13 -1 12 -1 6 12 12 13 13 -1 2 -1 3 -1
8330 0 -1
28016 0 -1
4364 0 0 6 14 -1 2 14 -1 5 -1 4 14 -1 0 14 -1 2 -1
7001 3 -1 6 -1 2 -1 9 -1 0 1 3 3 6 8 9 -1
19574 0 6 7 -1
10970 6 -1 1 3 6 6 7 -1 3 -1
16650 6 -1
29767 0 5 -1
31051 13 -1
2863 0 -1
10037 3 3 6 6 6 -1
8632 0 0 11 -1
29844 0 11 -1
5518 5 -1
3227 0 -1
17663 3 3 3 6 6 -1
10013 0 -1
941 6 8 -1 6 8 -1 8 -1 3 -1 1 6 -1
31107 3 6 -1 3 6 -1 3 -1
15310 0 3 6 -1 3 6 -1
8609 0 -1
23283 0 0 13 13 -1
29551 0 -1
12144 4 11 -1
21774 0 8 -1
24237 2 -1
15085 6 -1
24221 0 2 -1
29627 0 -1 10 -1
5613 1 -1 0 -1
8956 11 -1 0 1 -1 0 -1
18726 8 -1 1 -1
3055 0 3 -1 3 6 -1 3 6 -1 6 -1 3 -1
17690 7 -1
22520 0 1 3 11 -1 1 2 -1 1 4 -1
6688 12 -1 8 12 -1
23188 0 3 -1
6357 11 -1 14 -1 13 -1 16 -1 2 4 -1 5 7 -1 3 -1
18971 12 -1 6 12 -1 3 6 7 -1
25900 7 -1 1 3 6 7 -1 1 7 7 -1
27993 5 -1 6 -1 0 -1 5 -1 6 -1 5 5 5 6 6 -1 5 6 -1 6 -1 5 6 -1
26228 0 0 6 11 -1
19306 4 -1 3 -1
30855 0 2 10 -1 0 13 -1
27015 0 2 9 -1
9709 1 -1
30554 0 -1
30152 9 -1
1079 3 13 -1
2721 2 -1 0 -1 11 -1 13 -1 0 -1
19174 1 6 -1 0 -1
10839 2 6 10 -1 0 1 11 13 14 -1
3719 0 0 1 5 -1
24170 0 0 13 13 -1 3 -1 6 -1 3 -1 0 0 13 -1
16543 4 -1
15314 3 5 -1 0 3 -1 0 -1
11243 5 -1
12171 4 -1 0 4 -1 0 -1
9492 7 8 -1
28953 0 0 10 11 11 -1
22532 4 -1
12521 1 7 -1 6 -1 0 5 5 6 -1
10343 0 1 -1
26572 5 -1
27914 0 16 -1
28507 0 1 -1
11265 6 -1 4 13 -1
12751 0 7 8 -1
4590 0 0 3 13 -1
6820 4 -1
25801 0 11 -1 0 0 1 1 3 9 -1
5552 0 2 11 -1
1036 9 10 13 -1
15758 5 10 -1
21823 16 -1
3211 1 10 -1
16871 0 -1
13740 2 -1 0 -1
11601 13 -1 12 -1 13 -1 12 13 -1
