4768
23188 0 -1
4987 13 -1 6 12 12 -1
3934 0 6 -1
234 4 14 -1
20213 0 0 3 11 -1
706 1 -1
2560 0 9 -1 10 -1
9861 12 -1 8 -1
3726 0 0 1 3 -1 0 -1 1 -1 0 1 -1
4013 5 6 -1
9274 5 5 5 6 6 -1
12635 0 8 -1
30669 0 1 -1
18188 0 -1
7800 14 -1 10 14 -1
24918 0 1 -1
30395 6 -1 10 -1
20679 1 10 -1 1 -1 10 -1 0 1 3 -1
8115 0 -1
6424 0 -1
2274 0 -1
27117 3 5 8 -1
12064 2 5 -1
2977 9 -1
31531 4 -1 0 -1
941 3 6 -1
29981 0 1 2 -1 0 -1 0 1 3 -1
8208 0 0 1 -1
12717 1 -1 0 1 7 7 -1
20996 3 -1
14834 11 -1 2 -1 1 8 -1
25730 0 -1 13 -1
29568 5 6 -1 14 -1 6 -1 5 14 -1
23260 0 -1 13 -1 0 -1
12606 13 -1
28865 0 -1
14896 0 -1
11635 1 -1
10546 3 -1 1 3 -1 1 -1 4 5 9 14 -1 2 10 -1 6 -1
11132 1 5 6 -1
6313 0 -1 11 14 -1 1 2 -1 0 -1
22339 11 -1 0 13 -1 0 0 12 -1
4767 14 -1 2 13 -1 0 -1 14 -1
29920 2 9 11 -1 2 2 9 10 11 -1
9170 6 -1
25588 0 7 -1
18144 1 7 11 -1 6 -1 1 3 6 7 9 10 -1 1 3 6 -1
28876 0 16 -1
2453 13 -1 0 2 2 11 -1
3106 0 1 -1 0 0 2 11 -1 0 2 -1
209 3 5 -1
11019 4 14 14 -1
20024 0 0 0 3 11 11 -1
8309 0 8 -1
7780 2 3 6 6 7 -1
2946 1 -1
22867 1 -1
5359 0 7 -1
30230 3 -1
24313 0 -1
2114 0 -1 0 11 -1
11350 0 -1 13 -1 0 -1 10 11 -1 2 3 9 9 -1 6 10 -1 16 -1
24387 13 -1
24942 4 7 7 10 -1
31586 0 -1
20832 0 3 -1 0 1 11 -1
514 0 13 -1
2309 1 2 -1 1 -1
9070 11 -1 0 -1
22197 11 -1
6761 3 6 -1 3 -1
6004 0 6 -1 3 6 -1
21845 1 -1 0 -1
18822 1 -1 0 -1 0 9 10 -1
10289 3 -1
25413 14 -1
18276 16 -1
22541 0 -1 1 -1 0 -1 0 1 3 -1
15689 0 -1 11 -1 1 3 7 -1 0 6 -1
13473 7 -1
16358 0 9 -1
13417 3 -1 0 -1 4 -1 8 -1 12 -1 1 -1
11168 0 0 5 -1 0 0 0 1 1 9 9 -1
1657 0 5 8 13 -1 3 -1 3 3 6 6 -1 3 6 6 -1 3 -1
6248 0 4 -1
26542 1 -1 0 1 2 13 -1 11 -1 0 11 -1
8656 5 6 -1 0 0 5 11 -1 5 -1
9459 0 -1
16200 3 -1 5 -1
28248 0 11 11 -1 0 -1
6450 9 -1
2731 3 -1 0 1 -1
22369 1 7 10 16 -1 3 -1
13234 3 6 -1 1 3 -1
26789 1 3 7 -1
5926 0 -1 0 0 3 3 -1 3 -1 0 -1 13 -1
19160 0 1 -1 0 -1 0 13 -1
9838 0 0 1 2 -1 2 3 6 -1 3 6 -1
12002 2 -1
18021 6 8 -1
28146 3 6 -1 6 -1 0 6 -1
23230 0 -1
30929 1 -1
11501 0 -1
30855 0 -1
24994 13 -1 0 0 3 8 13 -1 5 -1 8 13 -1 0 -1
26733 0 0 1 3 14 -1
3650 13 -1
15157 1 -1
16954 8 -1
7584 6 -1
11686 0 7 -1
2363 0 1 3 -1
2457 0 1 11 13 -1 0 1 1 -1 14 -1 1 4 -1 0 1 1 -1 1 4 -1 0 1 1 4 9 14 -1 4 7 14 -1 5 -1
24931 9 -1 0 3 9 -1
25003 4 13 -1 6 -1
1790 0 -1 2 -1
20964 3 -1
16091 1 -1 0 0 3 -1
9753 11 -1 3 -1
30164 3 6 6 -1
9073 0 -1 0 0 0 9 11 11 16 -1 3 -1 0 11 -1
29244 0 0 5 -1 0 5 5 -1 6 -1 5 -1
13724 9 -1
14718 4 8 -1
8437 3 6 6 -1 3 3 6 -1 3 3 6 6 6 -1 3 -1 3 6 6 -1 3 -1 3 6 -1
7841 8 12 -1
11993 10 -1
14895 2 7 -1
14324 0 0 3 3 -1
27569 0 2 -1
26026 3 -1
2942 1 5 -1
16310 4 5 -1
29206 0 0 1 2 13 13 13 -1
22142 0 6 -1
17979 0 -1
17936 0 -1
26158 3 6 -1 1 3 5 6 -1 7 -1
1036 5 -1
27045 0 1 -1
17431 3 5 8 -1
278 0 6 -1 0 -1 6 -1 0 -1 0 6 -1 6 -1
9829 0 -1 5 6 -1
9691 14 -1
8748 1 9 -1
28562 0 -1 13 -1 0 -1 0 13 13 -1
6055 5 14 -1
21370 3 -1
20757 13 -1 0 -1 1 3 6 -1 0 -1 1 -1 0 0 3 6 -1
8974 0 6 13 -1
15047 1 1 3 3 6 6 -1 3 -1
4069 4 -1
6258 1 -1
11348 5 9 11 -1 6 -1 5 -1 5 6 11 -1 9 -1 0 4 10 -1 2 7 -1 5 -1 1 6 13 -1 5 -1 0 -1
10429 3 -1 2 4 -1 2 -1
21096 8 -1 6 -1 8 -1 3 6 13 -1
31137 0 -1 6 -1 0 6 10 11 -1 0 6 -1 0 11 -1
7838 0 -1 1 -1 0 0 13 -1
598 0 6 -1 0 -1
26587 0 0 0 3 13 -1 3 5 -1
23317 0 5 -1
12521 1 -1
8740 0 1 4 -1 6 -1 1 5 -1
26498 0 11 -1
6413 13 -1 0 13 -1 0 -1 0 13 -1 13 -1
6233 0 -1 0 1 10 -1 11 -1 9 -1
20076 0 -1
31759 12 -1
15805 11 -1 2 -1
8543 1 -1 0 0 10 -1
24214 1 13 -1
20859 0 11 -1
22660 5 6 6 14 14 -1
20282 11 -1 0 -1
7473 0 -1 3 -1 3 4 6 -1
14365 5 -1 5 6 14 -1
4163 3 -1
11194 11 -1 0 -1 0 3 5 -1
3365 4 12 13 -1
28536 1 3 6 -1
8132 1 6 -1 3 -1
2476 0 -1
6119 0 1 5 -1
30032 12 -1 0 -1
12649 6 -1 2 5 -1 14 -1 2 -1
2790 0 1 -1
3467 0 14 -1 0 0 9 11 -1
24797 13 -1
4090 1 -1
9005 6 -1
19756 3 8 -1
14030 2 6 8 8 -1 1 -1
25213 0 6 6 -1
11759 0 13 -1 0 0 13 -1
15740 13 -1
2836 0 3 -1
6496 5 11 -1
16477 0 10 -1 3 -1 0 -1 3 -1 0 3 -1 0 -1
12824 0 -1 7 -1
11028 0 0 5 -1 0 5 -1
4130 3 6 7 -1
15580 5 -1
8509 8 -1
18540 0 0 1 4 11 -1
9581 13 -1
23392 1 -1
26088 1 -1
1927 10 -1
24732 6 -1
4227 0 3 6 -1 0 2 -1
3613 4 -1 5 -1
8808 0 0 13 -1 0 4 -1
15741 2 -1
31217 0 11 -1
17107 0 3 -1 1 3 -1 1 -1 3 -1 11 -1
13073 0 3 -1
9348 0 -1 0 6 13 -1 3 -1
17790 1 -1
3087 3 3 9 9 -1
4747 6 -1 1 -1 0 -1
31668 9 -1
7181 3 6 -1 6 8 11 -1
8873 0 10 10 13 16 -1 0 0 10 13 -1
609 4 -1
1220 12 -1
4866 9 -1 6 -1
26399 0 2 2 -1 0 2 -1 0 -1
6331 5 -1 0 -1
27730 0 -1
3507 0 2 9 11 -1 0 0 5 -1
28143 0 2 13 -1
28927 0 3 3 -1
8342 0 0 0 1 1 11 -1 0 0 13 -1 5 -1 0 0 0 11 11 -1
5872 1 4 5 -1
27982 0 1 6 9 -1
8783 10 -1 1 -1 3 9 -1
15062 6 -1 13 -1
10065 0 0 13 -1
5612 0 5 -1
28289 6 -1
18728 0 1 10 -1 1 1 9 9 9 -1 3 3 6 6 -1 3 -1 0 -1 0 3 3 6 -1
9834 13 -1
18525 7 -1 6 8 -1 0 -1
18462 3 6 -1
30288 1 14 -1
7044 0 2 -1
25388 2 -1 9 -1
641 0 1 13 -1
1380 0 3 -1
25869 4 -1
14844 0 6 13 -1
4039 0 2 3 -1
24947 0 11 11 -1
31493 0 1 -1
8952 0 15 -1
16409 0 0 0 4 4 11 14 -1
17195 0 13 -1
15018 1 -1 3 7 9 9 14 -1 13 -1
2680 6 10 13 -1
13650 6 -1
10661 2 -1
15720 9 -1
7750 16 -1
19124 0 6 8 -1 0 -1
6901 0 -1
12705 0 -1
13977 0 8 -1
19416 3 -1
20717 5 -1 0 1 5 -1
7010 0 -1 2 16 -1
10214 2 9 -1 10 -1
7535 4 -1 0 1 -1
12766 0 3 10 -1 0 -1 1 -1 3 6 -1 3 -1
7054 11 -1 13 -1 11 -1
4287 1 -1
30757 0 0 13 -1
30582 6 -1 3 -1 1 7 -1 6 7 -1
21784 0 5 -1 2 -1
23465 5 14 14 -1
4140 0 1 -1
9563 0 0 3 -1
29694 0 0 9 10 -1 1 -1 0 -1 1 -1 0 -1 0 0 1 3 13 -1 13 -1
20171 0 2 -1 0 -1 13 -1 0 -1 0 13 -1 3 6 -1
8718 0 5 14 -1 1 -1 0 1 2 2 3 -1
25360 4 11 11 -1
15077 4 -1
3017 0 5 -1 1 14 -1
12195 1 14 -1 0 5 -1 1 -1
21852 11 -1
25056 0 1 -1 2 -1 5 9 11 -1 5 -1 0 11 -1
9551 0 -1
9422 6 -1
22449 0 5 -1
30509 16 -1 0 0 5 -1 6 10 -1 4 -1
14118 0 3 -1
31788 0 13 -1
26506 1 -1
10059 0 6 -1
24534 0 3 6 -1
1025 4 -1 4 8 -1
28934 1 1 11 11 -1
2968 0 10 -1 0 10 11 -1
6951 3 3 6 -1
10627 2 -1
30753 3 6 8 8 -1
22240 0 2 2 -1
18527 1 -1
6018 3 6 -1 9 -1 5 -1
23294 0 6 -1 3 -1
8013 2 -1
14247 6 -1
29921 8 -1 0 -1 1 16 -1 0 -1 1 -1 0 -1
2171 0 -1 0 13 13 -1
21467 0 -1
28408 0 11 -1
4621 0 0 3 3 -1
6846 1 11 -1 1 -1
29561 0 -1 0 1 -1
26417 3 -1
4958 5 -1 6 -1 5 -1 6 -1 0 5 -1 6 -1 0 -1 0 5 5 6 -1 0 6 -1
23728 10 -1
15848 14 -1
4186 1 -1
1112 1 -1
18260 0 -1
1809 0 0 0 3 3 6 10 -1
10286 3 -1 0 10 -1 0 -1 1 6 -1 0 -1
20272 11 -1 0 1 -1 0 0 0 1 1 11 11 -1
16393 12 -1
18846 0 5 -1
29158 0 -1
15742 1 -1
7577 0 5 10 -1 0 0 1 4 -1
442 2 -1
6729 3 3 6 6 7 13 16 -1
1915 4 11 11 -1
19159 13 -1 0 -1 1 -1
13385 10 -1
24788 5 -1 5 6 6 -1 5 -1
22128 0 -1
15384 4 -1
6005 2 14 -1 1 14 -1
1928 7 -1 13 -1 7 -1
17686 0 -1
3128 1 -1
3995 0 -1
10321 0 10 -1 0 -1
19020 12 12 13 13 -1
20612 8 -1
22799 0 6 -1 0 4 -1
24131 8 -1 3 3 8 8 -1
21210 1 8 -1 0 -1 8 -1
2546 0 1 -1 1 3 -1
26337 0 11 -1
15524 11 -1 0 0 11 -1
5475 0 1 3 -1
8111 1 3 -1
17420 9 -1 8 9 -1
22515 9 -1
21903 3 5 5 6 6 9 -1 9 -1
5010 0 0 1 -1
20369 3 6 -1
28826 3 6 -1
11996 14 -1 1 -1 3 -1 2 14 -1 0 2 14 14 -1 1 9 -1 0 11 -1
2102 6 -1 3 -1 3 6 -1
11137 3 6 6 -1
18068 0 1 -1
15691 1 -1 0 0 1 -1 0 3 -1
14215 0 -1 1 -1 2 -1 1 1 6 6 -1
24686 4 4 14 -1
22759 0 9 -1
6367 0 11 -1
1275 5 5 6 6 -1 1 -1
10710 10 -1
3559 2 -1
20055 6 -1
19501 13 -1 0 -1 0 13 -1
16926 14 -1 5 14 -1 1 -1 5 -1 5 14 14 -1
14410 3 -1
2745 0 1 -1
14224 3 6 -1 1 -1
22983 0 -1
13603 4 -1
24310 0 1 -1
29600 1 1 3 11 -1 5 -1 4 -1
29905 1 -1 0 -1 0 1 3 4 -1
5435 5 11 13 -1 0 11 -1
31530 0 -1
17112 0 11 -1 0 11 -1 0 11 -1
2808 1 11 -1 11 -1 1 -1 7 11 -1 11 -1 3 6 -1 3 11 -1 3 -1 16 -1 11 -1
7036 3 -1
28184 3 -1 6 -1
17572 14 -1
9259 6 -1 3 -1
22751 0 -1
4973 0 0 2 2 -1 0 -1 3 -1
10136 2 -1
25247 1 5 -1
17214 0 0 9 -1
31277 11 -1
21135 0 -1
199 0 0 7 -1
31483 0 9 9 -1 0 -1
27743 0 4 -1 0 -1
18508 0 -1 3 -1
10138 5 -1 13 -1
28002 3 4 -1
951 11 -1
27003 11 -1 0 1 -1 0 -1
18121 3 -1 0 -1 3 -1 0 0 3 3 -1
28900 11 -1 1 1 4 11 -1
11555 0 3 -1 0 0 1 10 -1
14251 0 1 -1
15909 3 -1 7 -1
17469 0 -1
5891 0 0 13 -1
22486 0 -1 6 -1
1222 8 -1
22790 3 6 -1
7607 0 -1
27242 0 -1 0 1 -1 2 -1 1 -1 0 1 1 2 2 -1 0 1 -1
26641 0 11 13 -1
26807 6 9 -1
24388 0 1 7 -1 2 5 9 -1 4 -1 10 13 -1
28848 3 -1
22321 1 3 -1 1 3 3 3 6 7 13 -1
17509 0 1 -1 0 1 2 3 5 -1 0 -1 1 2 -1
27898 0 3 -1 14 -1 3 -1 3 14 -1 0 3 14 -1
28781 0 1 -1
22102 0 3 6 8 -1 5 9 -1
17820 13 -1
3171 0 -1
30009 0 6 -1
15476 0 -1
29275 0 9 -1
12686 0 0 6 -1
21307 5 -1
25757 0 -1
15317 5 6 -1
14990 5 -1 1 -1 0 -1 5 -1 0 0 11 -1
7225 1 3 7 7 -1 1 -1
18548 5 -1 0 5 9 -1 0 2 9 -1
28960 0 -1 0 0 0 1 1 5 -1 10 -1 0 -1
12868 0 0 3 -1
10251 0 0 0 0 9 10 10 16 -1 0 11 13 -1 0 11 -1 0 13 -1
22385 0 0 1 5 -1
19575 0 5 11 -1 0 0 11 -1
9508 0 2 11 14 -1 2 -1
19500 1 1 4 14 -1
20004 0 3 -1
17189 12 -1
17236 14 -1
24088 11 -1 0 9 -1 0 4 9 9 10 -1 6 -1 3 -1 0 9 -1
8401 2 4 -1
10232 0 7 -1
7523 0 4 -1
28167 0 1 1 2 2 -1
1837 4 5 14 -1
5175 0 0 4 -1
27856 0 0 6 11 -1
25867 1 14 -1
15386 3 6 -1 3 -1
16939 0 -1
1840 0 0 10 11 -1
16831 2 -1
3790 0 0 9 -1 1 -1
29341 0 -1 0 2 -1
9236 5 -1
11648 13 -1
28073 0 -1
10037 3 6 -1 3 -1 6 -1 3 6 -1 3 6 -1 3 -1 6 -1 1 -1
8433 0 -1
15075 1 5 10 -1
19297 1 4 -1
853 6 -1
29503 1 -1 0 -1 0 1 -1 1 1 3 6 -1 3 6 -1 6 -1 0 3 3 3 6 6 -1
10868 1 3 -1
29384 0 -1 1 -1
23456 3 -1
27818 0 -1
5328 5 -1
20123 3 -1 0 2 11 11 -1
3667 1 9 -1
11898 0 -1
11222 0 2 9 11 -1 0 7 -1 2 -1
26923 9 14 -1
18614 3 -1
29416 0 2 14 14 -1
17900 0 11 -1
13490 0 6 11 -1 0 3 -1 6 -1
3326 4 10 -1 15 -1
9948 0 1 -1
11905 6 -1 12 -1
13879 14 -1
3133 0 -1 1 -1
943 1 8 8 -1
8962 8 -1
3618 11 -1 0 -1 11 -1 0 -1
7941 0 -1 11 -1 0 -1 0 1 -1 1 -1 0 -1
16671 0 -1
16442 0 -1
6811 3 -1
8426 0 2 3 -1
14590 10 -1 0 11 -1
4612 1 -1 14 -1
14719 0 -1
15084 0 0 9 -1 9 -1 14 -1 0 5 -1 1 -1 0 -1
3218 3 6 -1
3317 1 -1
10061 4 -1 0 -1 3 10 -1
4813 1 -1
10917 0 -1
28745 1 3 -1
28776 0 -1
17672 5 -1
13338 1 10 -1
28237 0 -1
7559 0 -1 0 0 9 9 -1 0 9 -1 9 -1
5668 0 -1 1 2 13 -1 0 -1 2 -1 13 -1 5 9 -1 13 -1
10895 13 -1 12 -1
28806 1 7 -1 6 -1
9465 1 -1 8 10 -1
22638 5 -1 2 -1
21883 5 -1
15750 0 -1 4 -1 1 5 -1 7 -1 0 -1 4 5 7 -1
16142 6 -1 3 -1
2747 0 1 10 -1
26501 0 1 3 -1
5806 0 0 6 13 13 13 -1
9398 9 -1 3 11 -1 1 4 11 -1 11 -1
28456 6 -1 4 4 14 14 14 -1 5 -1
2122 2 -1 0 -1
29098 0 0 13 -1
21246 0 1 5 -1
19345 12 -1
5194 0 -1 9 -1 0 -1 2 5 9 10 -1
12598 4 4 11 11 -1
1004 2 3 3 6 9 -1
13060 9 -1 0 -1
17507 4 -1
22118 7 10 -1 16 -1
17930 0 -1 1 9 11 -1 16 -1 2 -1 0 -1 1 -1
21109 0 0 10 -1 0 10 -1 10 -1 0 10 -1
21953 9 -1 2 -1
27398 11 -1
18025 1 13 13 -1
8350 0 13 -1
18228 1 -1 0 -1 11 -1 2 -1 2 11 -1 1 2 11 11 -1
15931 5 6 -1
20111 6 -1 4 -1 6 -1 7 -1
28578 3 8 -1
13422 6 -1
3447 8 -1
12125 5 -1 0 1 3 -1
14995 3 -1
20534 2 13 -1 0 -1
22787 0 1 -1
7234 0 -1 14 -1
3880 0 5 5 6 6 -1
31772 1 -1 3 6 -1
2718 1 11 -1
3375 7 -1 0 -1
31361 3 -1 6 -1 3 -1 6 -1 3 -1
12091 0 13 -1
18537 4 -1
9793 2 -1 5 10 -1 4 -1 1 4 7 -1
18229 5 6 6 -1
30436 14 -1 1 1 14 14 -1
10738 1 -1
7503 1 14 -1
27983 0 2 4 5 5 5 7 9 9 10 11 15 -1 3 7 -1 9 -1
16835 0 5 8 8 -1 11 -1
9840 13 -1 0 -1 13 -1
20529 0 -1 0 1 -1
7455 0 11 -1
23604 0 9 -1 0 0 1 -1
24921 5 6 14 -1
12829 6 -1
3136 0 -1 0 10 11 -1
30722 3 -1 16 -1 0 2 -1 3 -1
1963 4 10 -1
6808 3 3 6 9 -1
3791 0 1 -1 13 -1 0 -1
22944 0 -1 8 -1 4 8 -1
7069 0 1 -1
21404 0 5 6 14 -1
15422 10 -1
29708 3 6 -1 3 -1 4 -1 3 -1
11702 5 -1
1812 0 0 8 -1 8 -1
7966 0 -1
20452 3 6 -1
8778 0 16 -1 6 -1 0 11 -1 0 -1
2165 1 4 -1
13580 0 5 -1
21813 11 -1 1 11 -1
29298 0 -1 0 1 -1 5 -1 3 6 9 -1 5 -1 9 -1
4846 0 0 4 -1
13936 0 -1
26260 16 -1
11534 0 0 0 6 13 -1
5233 1 -1 0 -1
8164 0 0 1 2 -1
13826 10 -1
8141 3 6 -1
3086 8 12 -1
17117 1 -1 0 5 11 13 -1 9 -1
14382 3 5 6 -1
24582 1 5 -1
30611 1 -1 14 -1
8608 1 -1
15536 1 13 -1
13898 5 8 -1 8 9 -1 1 -1
19419 1 6 9 9 -1 1 -1
6909 5 6 9 9 -1
31590 3 -1
16061 13 15 -1
24787 0 9 -1 9 -1
3858 0 1 -1
30482 1 5 7 -1
26180 0 -1
12933 10 -1
25414 2 5 11 -1 1 -1 2 10 11 -1
1379 0 1 -1
3384 0 1 6 -1 1 -1 0 -1
6656 6 -1 2 3 5 8 -1
258 0 0 13 13 -1
19379 13 -1 1 -1 0 -1 1 9 -1 1 7 11 16 -1 13 -1 1 -1
31173 0 0 5 5 6 -1 0 0 0 0 5 5 6 -1
21665 5 8 -1 0 4 -1 0 8 12 13 -1 13 -1
2387 0 0 1 2 -1
23508 0 -1 2 -1 0 2 -1
2183 16 -1
3668 0 0 9 -1
25080 5 -1
21301 0 1 -1 0 3 -1 0 3 -1
554 0 3 -1
27631 14 -1
8580 6 -1 3 6 -1
2603 5 -1
31471 0 0 1 -1 2 -1 0 -1
20573 3 5 -1 0 -1
27271 13 -1 0 7 -1
11522 0 -1
25111 0 0 5 5 -1 6 -1
2513 11 -1
10619 0 1 3 -1
11475 5 -1
7374 5 9 -1
3031 3 6 -1
22403 0 -1 5 6 6 14 -1
20965 0 -1 1 -1 4 -1
4938 0 -1
7323 10 -1 5 16 -1 3 6 -1 6 -1
20993 0 11 -1
25423 6 -1
21660 5 10 -1 10 -1
10079 0 12 13 -1 11 -1 1 12 -1 0 -1 12 -1
5429 10 -1 0 -1 0 9 -1 10 -1 0 16 -1
26326 8 -1 0 -1 0 8 13 -1
26689 0 1 1 5 -1 0 5 -1 6 -1
2984 6 -1
5767 8 -1
15617 1 -1
18270 10 -1
3747 0 1 13 -1
9649 4 -1
4326 12 -1 0 13 -1 0 5 -1 0 -1 12 -1
8054 5 -1
9291 0 -1 0 5 6 -1 0 6 -1
11951 2 -1
17997 1 -1 14 -1
26179 4 11 -1
16846 11 -1
2123 11 -1 0 -1
16276 0 0 3 4 6 -1 0 -1
27431 3 -1
8948 0 -1 5 -1 0 -1 5 -1 0 5 -1 0 -1 0 5 -1 1 -1 0 -1 0 3 -1 3 -1 0 0 0 5 5 -1 3 -1 0 5 -1 0 5 -1
17599 11 -1 2 -1 11 -1
29145 0 -1
10046 10 -1 0 1 3 -1 1 5 -1
4574 1 1 9 -1
17408 13 -1 0 3 4 -1 0 4 -1
11040 11 -1 0 -1 9 -1
16097 1 1 6 -1 1 2 6 -1
2162 3 -1
6077 5 -1 7 -1 3 6 -1
14866 5 -1
24207 0 -1
27872 0 0 5 10 14 -1
25785 7 -1
8167 9 -1
14610 8 -1
3860 1 -1 0 -1
9084 14 -1 6 -1 1 5 -1 4 -1 1 -1
27753 8 -1 6 -1
5609 2 -1 5 -1 1 5 -1 1 3 9 -1
24438 9 14 -1 14 -1
16509 5 -1 0 0 4 4 11 -1
25215 3 3 6 14 -1
31572 11 -1 1 -1 11 -1
1593 12 -1
21006 0 6 13 -1 8 -1
24907 7 12 -1 6 -1 4 12 13 -1
4551 5 -1
31423 11 -1
20992 0 -1 9 -1 0 11 -1 0 11 -1
13109 9 -1 1 -1
15377 11 -1 5 11 -1
25765 0 7 7 -1 0 0 7 -1 0 7 -1 7 -1 0 -1 0 7 -1
22482 1 3 -1
25725 5 -1 1 -1 1 5 -1 1 5 -1 5 -1
2138 3 -1
19232 3 8 -1
29322 1 1 7 13 -1
5859 1 3 11 -1
27140 0 11 -1
17712 4 4 5 11 -1
31717 0 8 -1 8 -1 5 -1
12747 6 -1 7 12 -1
23918 0 -1
26281 0 10 -1
13032 0 -1
10230 3 -1
15025 3 -1
7921 3 6 -1 1 -1
18710 0 11 11 -1
1769 0 5 -1
18837 11 13 -1
24744 0 -1
9902 3 6 -1 3 -1 5 -1
6099 13 -1
3633 5 -1
19465 3 8 9 -1
7488 0 5 -1
31680 0 3 -1
15313 5 -1
9555 0 1 -1
1521 0 0 1 -1 0 1 -1 0 11 -1
23943 0 10 -1 0 0 3 -1 0 3 -1
23591 0 2 -1 0 1 1 -1 1 5 -1
13641 5 -1 0 0 10 -1
17583 14 -1
10482 3 7 -1
4661 6 -1
24710 1 3 -1
6960 0 1 3 6 6 -1
12283 0 16 -1 1 -1 0 -1 0 1 -1
4637 7 8 8 12 -1 12 -1 7 -1
2329 3 5 6 -1
27524 2 10 -1
28118 14 -1 0 5 -1
1132 0 -1 0 3 -1 0 2 2 9 -1 2 -1 0 -1 5 -1 0 -1
24543 0 -1
24754 0 -1 5 -1 1 -1 5 -1 1 1 9 -1 11 -1 1 -1 0 1 -1 0 -1 6 -1
10976 0 7 -1 1 -1 0 7 -1
6598 1 1 2 3 5 6 9 9 -1
6307 0 0 9 11 -1 0 -1 10 -1
8382 0 3 -1
17866 0 -1 1 3 3 4 -1
18720 1 1 8 -1
27681 0 -1 13 -1 0 12 13 -1 12 13 -1
6784 2 -1 1 -1 4 -1
25930 6 -1 0 3 8 -1
22114 0 10 -1 5 6 -1 0 -1 5 -1 6 -1 5 6 -1 0 -1
21945 11 -1
24181 1 -1
6855 1 -1
13349 5 -1
29823 0 0 1 -1 0 1 -1 14 -1
274 2 3 6 10 -1 6 -1 0 5 -1 5 -1 1 -1
8700 1 6 -1
31292 2 -1
26471 11 -1 0 -1
20772 0 0 1 11 -1
12662 0 10 -1
28349 0 7 -1
23301 0 -1
19222 1 2 -1 0 -1 9 -1
28587 3 6 -1 0 0 13 -1
1492 5 -1 5 6 -1 6 -1 5 -1 5 6 -1 5 6 -1 0 1 1 5 -1 4 -1
4923 6 -1 0 1 -1
14959 13 -1 0 -1
9157 7 -1
671 3 6 13 -1
23239 3 6 -1 3 -1
30907 3 -1
12455 4 -1 8 -1 12 12 13 -1
4998 0 -1
3408 1 -1 0 0 1 10 -1 0 6 -1
17736 3 -1
17964 0 1 11 -1
31359 0 -1 0 11 13 -1 0 0 11 -1 0 0 11 13 -1
27396 1 3 -1
19084 0 1 -1 2 -1 1 -1 10 -1 11 -1
8951 14 -1 9 -1 5 6 6 14 14 -1 1 5 14 -1
16100 0 7 -1 0 -1
24908 0 1 -1
23894 0 5 6 -1
28424 0 -1
28995 4 16 -1
11330 6 -1 0 6 -1 0 -1 0 6 6 -1
8019 4 -1
8576 0 1 11 -1
3766 2 6 14 -1
2626 3 -1 3 6 -1 9 -1 8 -1 5 9 -1
16049 7 11 -1 5 5 5 7 7 7 11 11 -1
3967 0 0 1 11 11 11 -1
642 3 -1
26117 0 -1
14657 8 -1
10563 0 3 -1
1957 0 1 8 -1
25212 0 13 -1
3515 0 -1 3 -1
13018 0 -1
24262 3 6 6 -1 3 -1
24224 0 11 11 -1 0 0 1 13 -1
9012 3 6 -1
24748 0 0 2 16 -1 0 1 10 -1 0 3 -1 0 2 11 -1 2 -1 0 9 -1
21438 10 -1 5 7 15 -1
10088 0 7 -1
22332 1 -1
28274 0 -1 0 0 13 13 -1
26702 0 -1
6908 3 -1
2416 0 0 0 0 0 0 1 1 1 11 11 -1
30591 13 -1
23432 0 -1
25200 0 -1
20766 13 -1 0 -1 0 10 -1
4079 0 10 -1
6189 5 -1
26090 0 -1 5 14 -1 7 14 14 -1 0 -1
24973 1 5 6 -1
26990 12 -1
17650 1 14 -1
11400 6 -1
1531 1 -1 1 7 -1
10778 2 3 6 -1
20709 1 5 -1 1 5 -1 1 -1
15657 0 -1 0 3 13 -1
20890 6 -1
8734 3 -1
18219 0 -1 0 7 9 -1 9 -1 7 -1 10 -1 0 7 -1
29502 0 13 -1 0 -1
11213 0 13 -1
5738 11 -1
14733 4 -1
8655 0 1 -1
19328 0 9 9 -1
9115 0 13 -1
12771 13 -1
14698 0 1 3 -1 0 2 9 -1
1659 0 8 -1 1 5 -1
17477 0 3 6 -1 0 -1
5136 0 -1
1764 12 -1 0 13 -1 0 11 -1
1930 3 9 -1
17550 8 -1 1 -1
12944 3 8 8 -1
31711 0 -1
6104 10 -1
8353 0 0 1 2 9 -1 5 -1
19887 0 1 -1
25892 0 1 -1
3978 5 -1
17031 4 7 -1 5 9 -1
7864 0 0 0 9 10 -1 0 0 10 10 10 -1 0 6 -1 0 -1
15390 0 -1 6 -1
25603 1 6 -1 0 -1
9165 1 -1
15998 0 -1
13108 10 -1
11961 1 11 -1
1186 3 -1
29678 2 -1
7115 0 5 9 -1
4367 7 9 -1
12634 3 -1
20330 0 -1
22399 0 1 -1 1 3 -1 5 -1 1 9 -1 0 1 -1
4009 0 2 13 -1
27350 0 -1
4324 0 1 11 -1 1 -1 11 -1 0 -1
18195 0 0 6 13 -1
31477 0 -1
12689 2 -1
13520 3 6 -1 0 -1
12869 3 6 -1
20074 2 -1
26554 0 1 5 5 6 -1 1 -1
159 10 12 12 13 13 -1 12 -1
2471 0 1 1 13 -1
29454 0 0 2 -1
28764 5 -1 1 6 -1 1 6 8 -1
4280 0 -1
11640 0 -1
24332 0 0 11 11 -1 2 -1 11 -1 2 11 -1 0 0 6 9 -1
18814 0 1 11 -1
11262 0 10 -1
18373 0 1 -1 0 0 1 16 -1
16828 0 0 5 5 -1
29796 5 6 14 -1 5 -1
27819 9 -1 3 -1 5 -1
11003 13 -1 11 -1
10791 0 1 -1
6136 6 -1
28708 5 -1
25775 0 6 -1 0 -1 6 -1
10904 0 2 4 8 8 8 -1
27599 0 5 -1 0 5 6 -1
19781 0 -1 2 -1 0 -1 16 -1 0 -1 0 1 -1 1 -1 0 -1 0 11 -1 0 0 11 11 -1 0 11 -1
30273 3 3 6 -1
28569 8 -1
20597 0 -1
1607 3 -1
22468 0 13 -1
15571 5 10 14 -1 5 -1 6 -1 5 -1 5 6 -1 4 -1 9 -1
27269 2 9 -1
7312 1 -1
26080 0 0 13 -1 5 13 13 -1 5 13 -1 0 -1
16104 0 -1
28635 13 -1
23170 0 4 -1
9510 0 2 -1 0 0 0 1 1 -1
10545 8 -1
30587 3 -1
28288 12 -1
10284 1 -1 0 -1
5958 0 1 -1
1636 2 5 9 14 -1
5350 0 -1
9749 1 11 -1
9645 0 8 -1 1 -1
26364 0 6 -1
12451 5 9 -1
19038 0 1 -1 0 0 1 -1
21597 0 -1
16271 6 -1
12757 0 -1
12501 0 -1 0 0 1 3 -1 3 -1
13241 3 -1 0 -1 1 -1 0 -1 0 1 3 -1 1 2 -1 1 2 -1
22157 0 10 -1
2308 3 -1
24450 1 9 -1
23285 14 -1 9 -1 1 3 14 -1 8 -1
22317 0 0 11 -1
18539 0 1 -1
2772 6 -1 3 -1 0 -1
26917 0 12 -1 12 -1
26875 0 -1
7778 1 -1 5 -1 0 9 13 -1 5 6 -1 3 -1 0 0 9 10 11 13 -1
11246 7 -1
29089 13 -1 3 -1 6 -1
10488 5 10 -1
18940 1 3 4 6 12 13 -1
27757 0 1 -1
11485 1 -1
11822 0 0 3 15 -1 15 -1
8554 2 -1
27850 0 0 7 -1
25018 0 0 11 -1 0 2 -1 0 11 11 -1
11770 7 8 -1
18413 0 5 13 -1
17914 4 -1
1330 1 -1
11796 3 12 -1
5902 13 -1
21217 8 -1
29733 0 -1
29447 0 -1 1 3 6 -1 3 6 -1
12282 9 -1 0 4 -1
29333 0 -1 2 -1 1 -1
14677 4 5 5 -1 0 5 -1
11477 6 -1
4623 6 -1
23111 1 6 7 -1 7 -1
4053 5 -1
29511 0 0 1 -1
24579 1 -1
30249 0 2 -1 0 11 -1
16680 10 -1
6080 0 1 -1
2593 0 -1 11 -1
30364 0 -1
1925 0 -1 0 13 13 -1 0 -1 13 -1 0 0 13 -1 0 13 13 -1 0 13 -1 0 0 13 -1 0 13 13 -1
30213 1 -1
11689 7 -1
26919 0 11 -1 11 -1 0 -1
18350 14 -1
28503 2 -1
14253 1 13 -1
31786 8 -1
28753 7 8 11 -1 2 -1 4 5 9 -1 3 -1
3876 0 -1
16729 3 6 -1 0 3 -1
4768 5 10 -1 16 -1
16003 1 -1 0 0 9 -1
15298 0 5 -1
8857 0 -1 0 1 1 2 6 11 -1
24179 0 3 -1
17774 0 7 -1
30194 14 -1 13 -1
16690 9 -1
3986 7 -1 5 5 6 -1 5 6 7 8 -1 7 -1
5575 16 -1 0 2 13 -1
10641 0 1 -1
12245 5 -1 0 6 -1
31115 0 1 1 3 -1
13796 0 -1 5 -1
14597 1 10 -1 10 -1 1 -1 10 -1
414 0 0 1 1 -1
22293 1 3 8 -1
18047 4 5 -1
28327 0 -1 11 -1 0 -1 0 11 11 -1
4820 0 -1
14663 7 7 10 -1
24137 0 5 10 11 -1 0 5 -1
16744 0 -1
9857 2 -1
19236 0 4 7 -1
18958 0 1 13 -1
15267 0 -1
16224 0 -1
7633 11 -1 0 0 1 -1
17779 2 4 -1 5 -1 1 -1 14 -1
28335 11 -1
4418 0 1 2 2 -1
203 0 -1
12426 0 -1
24751 0 1 11 -1
12481 2 10 -1
4886 0 -1
18503 0 -1 9 -1 0 -1 1 -1
3489 0 8 -1 1 -1
22430 0 3 -1 5 -1
1223 2 -1 0 0 1 1 -1
11739 0 0 10 16 -1
13340 2 -1
7843 1 -1
8907 5 -1 0 -1 0 1 11 -1
1016 2 -1 13 -1 0 2 13 -1
14501 1 -1 0 -1
16109 0 1 1 3 -1
12355 0 1 -1 0 1 -1
25284 0 -1
18402 5 -1
17872 3 -1
3781 3 5 6 -1
27485 10 -1
6853 0 10 -1
18563 0 -1
9765 1 13 13 -1
13981 0 13 -1
17874 0 13 13 -1
29077 0 15 -1 12 -1
25477 0 2 9 -1
25938 6 8 -1
31603 1 3 -1
26532 0 -1 11 -1 0 -1
22637 1 1 10 -1
6599 4 -1
25865 0 -1 6 -1
26023 5 -1
27985 0 6 -1
2248 3 6 -1 0 0 1 3 -1
2042 0 -1
18920 3 8 -1 8 -1
26787 0 -1 8 12 -1
11481 1 -1 14 -1 1 -1
30822 7 -1
31154 1 4 -1
3444 11 14 -1
22537 2 -1
30029 6 -1
21698 11 -1 1 11 -1
29665 0 1 -1
22893 2 -1
25137 1 -1
14199 0 11 -1 11 -1 0 -1
13951 10 -1
17007 4 -1
30818 8 10 12 12 -1
18738 5 6 -1
6903 6 14 -1 6 -1 4 14 -1 5 14 -1 3 9 10 13 14 -1
10850 4 -1 0 13 -1 0 -1 0 2 -1
12175 11 -1
3665 5 5 6 6 -1 5 -1 6 -1
4189 0 1 -1
31521 5 8 -1
9108 0 6 -1 6 8 -1 8 -1
31410 0 -1
10171 0 0 13 13 -1 0 -1 13 -1
10934 0 16 -1
28244 0 -1 3 -1 0 -1 6 -1 0 3 3 -1 0 -1 11 -1 0 1 -1
15284 3 -1 0 3 -1 0 -1
387 7 -1 3 6 6 14 -1
26012 3 -1
3184 3 -1 4 5 -1 1 4 -1
2097 10 -1
16275 0 -1
21526 0 14 -1
5514 1 -1
26704 0 -1 0 0 1 6 11 -1 0 6 -1
11025 0 -1
9031 11 -1
2105 0 6 6 -1 3 14 -1
7164 5 6 6 -1 14 -1
2801 0 -1
22255 0 -1
562 0 -1 9 -1 0 0 10 11 -1 0 -1 0 0 11 11 -1
22554 5 -1
15378 8 -1
949 2 -1 0 -1
5737 5 -1
11900 12 13 -1
19065 8 -1 3 -1
719 0 7 -1
12610 0 -1
24404 0 0 0 10 10 16 16 -1
1586 0 11 -1
21669 0 0 11 13 -1
15660 5 6 -1 5 -1
16656 4 -1 3 6 -1
2281 0 0 11 -1
18568 0 0 2 -1
12855 0 -1
24667 7 -1 13 -1
28488 3 -1 0 1 6 -1 0 3 5 -1
22542 0 1 -1 0 1 -1 0 -1 0 1 1 2 6 -1 0 1 -1
29095 8 11 11 -1
23282 9 -1 14 -1 0 9 -1 9 -1 14 -1 9 14 -1
22901 3 9 14 -1
3851 0 -1 1 10 13 -1
3723 0 0 9 13 -1
25547 0 0 1 -1
771 5 6 6 14 -1 5 -1
20374 3 -1 0 3 -1 0 1 -1
13816 1 3 14 -1 1 -1
2085 11 -1
23951 0 0 10 -1
8797 2 -1
1648 0 3 7 -1
26381 1 5 -1
11647 6 -1
16887 1 -1
30345 0 -1 5 -1 0 0 5 -1 14 -1
10668 1 6 -1 3 -1 11 -1 3 6 -1
24519 0 6 -1 2 11 -1
31360 0 1 5 9 11 13 14 14 14 14 -1
7157 13 -1 0 -1
17554 1 -1
29186 0 11 -1
29450 5 5 6 -1
97 7 -1
26307 3 -1 0 13 -1 0 -1 0 11 -1
17343 13 -1
30875 3 -1
24707 11 -1
25960 0 13 -1
7808 2 -1 0 10 -1 0 -1
13303 0 11 -1
27014 5 5 6 -1
4656 16 -1
4240 0 9 -1
13592 0 -1
24172 3 10 -1 3 -1
13270 0 -1
7996 0 2 11 13 -1 0 -1
23648 5 -1 0 -1
26677 5 -1 0 0 6 10 -1
13932 1 5 -1
7243 4 15 -1
21239 0 5 -1 0 5 -1 0 -1
5167 11 -1
8690 0 0 2 11 -1
28709 0 10 -1 0 0 0 1 3 6 -1 6 -1
21936 0 -1
26696 0 -1
17323 1 -1 2 -1
22160 0 3 -1 5 6 -1
8258 3 3 6 -1
26991 0 -1
1503 1 -1
24518 0 -1
2103 0 11 11 -1 0 6 11 -1 0 3 -1
3979 0 -1
631 0 0 14 -1
9184 5 -1 0 5 -1
24852 0 0 1 1 13 -1 0 1 -1
11295 3 6 -1
4974 1 -1
5002 0 11 -1 0 2 -1 0 0 0 5 5 5 14 -1 5 -1 0 -1
7360 2 9 9 -1
6715 0 1 1 5 10 14 -1
23006 0 -1 0 15 -1 15 -1 0 5 -1 0 0 4 -1 11 -1 0 0 11 13 -1 0 -1
4609 0 -1
20411 0 6 -1 0 -1 3 6 -1 6 -1 3 -1
8221 0 -1 0 1 -1
14012 0 3 -1
976 0 1 14 -1 0 1 -1 1 -1 0 1 3 -1 0 0 1 2 3 -1
25094 1 1 5 10 -1
29691 3 6 13 -1
15841 0 1 -1 6 -1
2848 2 3 5 -1 0 3 5 10 11 -1
6978 0 5 -1
12693 10 16 -1 10 -1 1 -1 3 6 -1
10288 5 6 -1 5 -1
2710 3 -1
29748 3 -1
16032 0 -1
8683 10 -1
30295 6 -1
19680 0 5 -1
25311 0 0 13 -1 0 13 13 -1 0 -1 0 13 -1
19650 10 -1 0 1 -1 0 0 4 -1
18879 0 0 4 4 -1 4 -1
16640 0 3 11 -1
26722 0 5 -1 10 11 -1
9845 0 -1
20918 1 -1
15440 12 13 -1
12273 10 -1 1 3 5 -1 5 -1 1 -1
7948 2 -1
10690 1 -1
9302 0 10 -1 0 5 10 10 13 -1 0 -1 1 -1
14217 5 -1
1287 2 -1
2697 11 -1
8788 14 -1
21513 3 -1
25971 0 -1 0 11 -1
3062 0 0 11 -1
28590 5 -1
2430 0 3 -1
20477 0 -1
19965 3 13 -1
26058 0 1 -1 0 -1
18199 0 3 5 13 -1
23647 2 -1 0 -1 9 -1
13543 0 0 1 3 -1 3 -1
12599 5 -1 8 -1
4119 0 1 6 -1 6 -1 0 -1 1 -1 0 6 -1
28854 0 -1
27419 0 0 3 -1
3199 6 -1 0 6 -1
25279 2 -1
19920 8 -1 0 1 8 -1
25122 14 -1
24697 0 11 -1 11 -1 0 1 -1 5 -1 0 -1 5 -1
4752 7 -1
25808 0 -1 13 -1 0 -1 1 11 -1
8098 7 -1 3 -1 3 6 6 -1 3 -1 13 -1
11140 0 13 -1 0 10 -1
3771 2 -1
23962 0 2 -1
18965 3 -1
25836 0 8 11 -1 0 8 11 -1 0 8 -1 11 -1
27843 13 -1
5682 0 -1
8478 4 4 14 -1
23677 0 10 -1
12411 8 -1 12 -1 6 -1 8 -1 0 -1
4800 0 -1 0 2 -1 2 -1 0 -1 0 11 -1
26246 3 7 -1
8373 3 -1
7132 6 -1
15668 0 -1 0 3 6 6 -1
24930 6 -1
17564 0 5 -1
8981 14 -1
21042 2 -1
23915 0 -1 13 -1
19706 0 0 1 1 1 -1
505 5 6 14 -1 4 5 -1 1 5 -1
1606 13 14 14 -1
14284 0 3 -1
7316 14 -1 1 2 5 9 -1
22547 8 -1
28499 14 -1
17683 3 -1 0 -1
4643 4 -1 1 16 -1 0 1 -1 4 -1 5 7 -1 0 1 4 14 -1 14 -1 4 -1
23419 0 1 -1 1 -1 0 -1 0 1 -1
24799 0 6 -1 0 -1
17992 0 -1 9 -1 0 11 -1 0 -1 0 16 -1
7626 1 1 10 14 14 -1 0 14 14 -1
24617 7 -1 5 -1
23186 13 -1
17081 1 -1
27977 3 6 -1 2 -1 1 -1
316 1 1 9 -1
629 0 2 -1
26938 0 0 0 0 0 10 10 11 11 -1 0 5 -1 5 -1 0 -1
18930 0 10 -1 0 -1
2258 3 -1 0 -1 0 1 10 -1 11 -1 0 0 0 0 1 1 11 -1 0 11 -1 0 1 -1
12252 4 4 13 -1 1 -1
10368 6 -1
19604 0 5 -1
19053 0 -1
25535 8 -1 6 -1 3 -1 3 8 -1
12996 5 6 -1
1257 3 6 -1
17953 5 9 -1
31741 3 -1
11460 16 -1 2 -1
8102 11 -1
16601 0 -1
31622 0 -1
24120 0 -1
1362 1 2 13 -1
9799 3 5 5 6 6 13 -1
4734 0 -1
12740 9 -1
16315 1 -1
5697 3 4 8 -1 8 -1
16059 0 -1
10897 11 -1 7 -1
20897 3 6 12 -1
26650 0 10 -1 0 -1 0 11 -1 11 -1 0 -1 0 1 -1 1 10 11 -1
19132 5 6 -1
18196 11 -1
21199 0 -1 7 -1
29382 6 -1
3879 0 -1
4920 9 10 -1 13 -1 1 3 11 -1 2 3 3 -1
24189 13 -1 0 -1
4558 0 8 -1 5 10 -1
26063 1 -1
22416 0 1 2 9 10 -1 0 -1 10 -1 0 0 10 -1
9995 5 6 -1 5 -1 6 -1
31439 2 -1 0 1 -1
5065 1 8 -1
13204 10 -1
24652 1 5 -1 6 12 -1 12 -1 1 -1
29360 3 6 13 14 -1
1879 0 0 1 3 7 -1
7617 3 -1 0 0 3 3 3 6 6 -1
2012 15 -1 0 0 15 -1 0 15 -1 2 -1 0 15 -1
17854 0 -1
7369 8 -1
26438 6 9 -1 2 3 -1
21148 1 1 3 10 16 -1 11 13 -1 9 -1 1 2 3 -1
23368 0 2 -1
5552 0 0 3 10 11 -1
19587 2 8 -1
1737 0 6 8 -1
12741 3 5 6 8 -1
4434 5 6 -1
28032 0 11 -1
25363 1 5 -1
20124 12 -1
6434 0 0 3 11 -1
30092 0 -1
22729 0 4 -1
7182 0 1 1 -1
13654 0 -1
28798 0 -1 3 -1 0 -1 2 -1 0 -1
21382 6 -1
7857 0 -1
9940 13 -1
9185 5 -1 0 1 14 -1
28122 0 -1
9583 1 -1
20785 0 4 7 -1
16713 14 -1
14592 11 -1
3201 6 8 8 -1 6 8 -1 6 -1 8 -1 0 6 -1 0 0 6 10 -1 6 8 -1 8 -1 0 -1
15823 1 -1 0 -1
10267 5 -1
15309 0 5 -1
24376 0 3 11 14 -1
31478 7 14 14 -1
19941 5 -1 4 -1
20711 5 -1 0 9 -1
23166 9 -1 3 -1 9 -1
1042 11 -1
28631 3 6 -1
15401 0 3 -1
11165 3 6 -1 6 -1
30958 4 4 9 -1
4111 5 5 5 6 13 13 13 -1
25681 0 -1 0 1 -1 1 -1 0 2 -1 0 -1
22812 5 9 -1
9214 12 -1
2749 0 13 -1 0 -1 10 -1
1630 1 -1 4 -1
10350 6 -1 3 -1 0 -1 3 -1
1741 6 -1 0 6 -1 0 1 -1
22138 3 -1
1967 0 0 0 13 13 -1 0 11 -1
30093 3 -1 0 -1
19047 0 0 0 0 11 11 11 11 -1 11 -1
28735 9 -1
2559 0 -1
24135 0 -1
18282 10 -1 0 10 -1 0 -1 9 -1
11461 14 -1 6 9 -1 3 -1 6 -1 2 3 8 9 -1 6 -1 0 -1
8988 0 1 1 -1
493 0 1 -1 0 -1 0 5 -1 1 -1
12901 14 -1
3064 0 -1
24872 12 13 -1
9440 5 6 -1
23251 0 -1
11243 0 5 -1 0 5 9 -1 0 9 -1 0 5 5 -1 9 -1 1 4 5 -1 3 5 -1
27865 2 -1
28589 16 -1
31744 3 -1
2895 13 -1
26185 0 -1
21914 0 10 -1
21602 1 -1
10580 8 -1 3 -1 0 1 -1 3 -1 3 6 -1
30844 16 -1
13146 5 6 -1
14124 1 1 5 -1
2030 0 -1 6 -1 5 6 -1
34 0 7 7 -1 0 -1
7491 6 -1 3 -1
6826 12 -1
22214 5 -1 14 -1
23517 0 -1 0 1 -1
405 0 0 3 -1
9294 8 -1 7 7 8 -1
21498 3 3 6 -1
29727 3 8 -1
4264 0 1 5 -1
16537 7 -1
11473 4 6 10 -1
4164 0 -1
720 1 2 3 4 5 6 7 9 10 10 13 -1 0 11 -1 4 -1
4136 1 -1
5009 6 -1 0 0 0 1 6 6 11 -1
27568 0 3 -1
28920 13 -1 0 -1 5 13 13 -1
12098 1 -1 0 -1 0 9 -1 1 -1 2 -1 1 10 -1
6481 10 -1
7783 3 -1
25109 0 0 9 -1
4141 11 -1
15425 13 -1 0 2 3 5 6 -1
6095 1 -1
18313 1 -1 0 -1 0 1 -1
4918 1 -1
31109 4 -1 7 7 8 -1
27081 0 -1 0 11 -1 0 1 -1 3 -1 0 2 11 -1
26132 1 -1
29509 1 4 7 -1 9 -1 5 -1 10 -1 7 -1
3264 0 0 1 3 5 7 14 -1 11 -1 0 7 -1 4 5 -1 9 -1
8349 1 1 11 14 -1 2 -1 2 11 16 -1 2 -1 1 2 -1 1 -1 11 13 -1 9 -1
29379 1 -1
23523 0 11 -1 0 1 -1
31653 1 -1 0 -1
20778 0 -1 15 -1 13 -1
27219 5 6 -1 5 6 -1
7945 0 1 -1
13114 16 -1
27658 1 3 3 6 -1
28823 1 -1 7 -1
23689 0 4 -1
11116 5 -1
16431 0 11 -1
8270 4 5 10 14 14 -1
4941 1 5 -1
21967 0 13 -1
16516 0 -1
12538 0 -1
16623 1 5 -1
5992 1 -1 0 8 -1 0 -1
10802 1 7 7 -1 1 7 -1 2 -1
26599 0 5 5 -1 0 0 5 6 6 9 9 -1 3 -1 3 6 -1 0 5 14 -1 14 -1 0 -1
9927 0 -1
26379 0 0 1 3 6 9 10 11 -1
13841 0 -1
11807 3 -1
14620 0 10 -1 0 -1
10734 9 -1 1 1 9 11 -1 0 -1
6937 0 0 8 -1
25585 8 -1
20268 0 -1
20438 11 -1
471 5 -1
8573 3 -1
10986 0 5 6 -1
11136 5 -1 0 0 5 5 9 -1
17022 0 -1 4 14 -1
5910 6 -1
14257 5 -1 6 -1
19420 0 2 2 -1
1939 13 -1
15715 0 2 6 -1 0 11 -1
24380 6 6 12 12 13 -1
16993 1 9 11 -1 8 12 -1
9514 12 -1
1871 0 0 0 1 2 9 10 -1 0 11 -1 0 3 -1 0 -1
10711 10 -1 0 0 5 -1
18447 12 -1
2994 12 -1
27220 0 7 -1 0 5 -1
1079 1 12 13 -1 12 -1
31279 5 6 -1
20045 0 0 3 3 -1
27736 0 0 1 -1
2017 3 -1
12021 0 1 1 -1
29252 0 5 -1
8355 0 -1
28502 6 -1
11804 1 7 13 -1
2857 1 -1 1 9 -1
25126 0 0 3 6 -1
20394 10 -1 16 -1
6230 0 1 13 -1 1 -1 0 1 -1 11 -1 0 -1
19608 0 0 11 -1
7813 3 3 6 -1
1725 10 -1
28295 0 1 -1
30384 11 -1
24764 0 5 6 -1
15310 0 -1
31129 5 -1
9480 3 -1 6 -1
2155 14 -1
987 1 -1 7 -1
21980 0 -1 1 14 -1 4 7 -1 14 -1 5 -1 2 -1 9 13 -1 10 -1
7330 0 4 -1
7650 0 1 3 6 -1
2998 0 3 6 -1
11991 4 -1 0 1 1 -1 1 14 -1 8 -1 7 12 -1 12 -1 2 7 -1
13565 0 8 -1
25852 0 3 -1
31097 0 -1 0 5 -1 0 1 -1
4616 0 1 -1
3638 0 1 5 -1
1819 0 6 8 -1
31393 0 5 -1 0 5 -1
25002 0 1 5 -1 0 -1 1 -1 0 1 -1
25575 0 5 5 -1
20377 0 -1 13 -1 0 13 -1 0 -1 13 -1 0 1 -1 0 -1
3643 11 -1
10426 0 0 9 13 -1 14 -1
15307 13 -1
16193 0 1 -1 0 -1
259 13 -1 0 1 -1 0 -1
22048 13 -1
26323 1 -1 3 -1
3890 0 13 -1 0 -1
13191 0 0 9 -1
30689 3 6 -1
30870 0 -1
15813 1 -1
3635 0 6 -1 0 6 -1 0 -1 1 -1
20571 0 -1
1283 11 -1
7 13 -1 1 -1 1 13 -1 13 13 15 -1
10176 13 -1
24458 0 -1 0 0 1 5 -1
27842 0 5 6 -1
31204 6 -1
26452 0 -1 11 11 13 -1 0 -1 2 3 5 6 7 9 -1 0 -1
23783 3 -1 0 -1 0 3 11 -1 6 -1
12528 0 0 5 8 12 -1
11197 3 -1 2 6 -1 1 -1 0 6 11 -1 3 -1
12334 0 0 4 -1 3 -1
31050 9 -1
5893 7 -1 0 7 -1 0 0 7 -1
22274 0 1 1 -1
9595 3 3 6 6 -1 1 6 -1 6 -1 3 -1
22730 0 0 11 -1
2180 0 -1
27940 1 7 -1
22422 0 -1 1 7 -1 0 -1 1 -1
30754 5 8 8 -1 2 5 5 6 -1 1 -1 5 -1
14645 0 -1 0 3 6 11 -1
10973 0 11 -1 9 -1 8 9 -1 8 -1
31078 1 -1
1350 12 13 -1
27731 0 0 1 3 -1
11748 0 -1
7168 6 -1
2813 1 -1
24170 7 -1
23606 0 -1 0 4 9 -1 0 -1 0 0 1 4 -1
4565 0 0 7 -1 0 3 7 -1
9429 3 -1 3 6 -1
5124 3 -1
29932 0 -1
2092 3 6 -1 3 -1
10152 6 -1 3 -1
7055 0 3 -1
23390 0 -1
6727 0 -1
29315 0 -1 3 -1 1 -1 0 -1
9890 0 10 -1 0 -1 0 1 11 -1 1 -1
25839 6 12 -1 0 6 13 13 -1
11496 6 6 9 9 -1
16507 9 14 14 -1 10 -1
29872 6 12 -1 12 -1 12 13 -1 6 12 -1 2 6 -1
11391 0 0 11 -1 0 13 -1
31552 5 14 -1 6 -1 5 5 6 -1
20364 0 0 0 1 11 -1
24287 5 -1
26367 2 7 12 -1
6397 0 -1 0 0 6 10 13 -1 0 -1 0 11 -1
12667 14 -1 0 -1 13 -1
15560 0 1 11 -1 0 1 13 -1
4256 3 9 -1
24546 0 -1
17740 2 -1 0 -1
3348 1 -1
508 5 -1
17267 0 -1
13201 6 12 12 13 -1
9655 0 -1
18668 0 -1
20792 9 9 13 -1
27414 11 -1 0 -1 0 0 9 11 -1 11 -1
10788 10 -1
7524 0 -1
5952 0 2 -1 0 -1 2 10 -1 2 -1 3 -1 0 0 1 -1 0 4 -1
993 11 -1
24643 0 3 6 6 6 -1 5 -1
12171 0 4 -1 0 4 -1
5773 3 -1 1 6 8 -1
14388 0 -1
23148 9 -1 11 -1 9 11 -1
28534 1 -1 10 -1 5 -1 0 -1 0 3 11 -1 9 -1
3616 0 -1 0 2 2 -1 0 1 -1 0 3 -1 0 1 -1
1780 8 -1 1 -1
5365 0 -1 0 11 -1
20105 2 -1 3 -1 3 6 -1
23449 0 -1 0 1 -1 9 -1 1 4 -1 0 0 1 -1 2 3 9 -1 0 4 9 -1
10477 0 10 -1 0 -1
8233 6 -1
17339 7 -1 7 11 -1
26231 1 -1 0 0 1 2 10 -1
30782 5 -1 0 0 10 -1 9 -1 0 0 0 3 16 -1
19793 7 8 -1
16728 11 -1 0 -1
8026 1 3 -1
15844 11 -1 8 11 -1 1 5 5 8 8 12 14 -1 1 -1
13934 1 1 8 9 -1
411 5 -1 4 -1
13613 10 -1 9 -1
4610 0 -1 7 -1 6 -1 0 3 7 -1
13925 3 -1
23938 3 -1
4960 1 -1
18872 0 0 1 1 -1
13595 2 -1 0 0 2 -1 0 1 -1 11 -1
12638 0 -1
18854 0 6 -1 3 -1
15621 5 -1 6 -1
421 0 0 3 5 5 -1
5678 0 -1
9045 0 13 13 -1 2 -1
20689 4 5 9 -1
9978 0 4 11 -1 0 1 -1 0 1 -1 5 -1
30570 11 -1
16167 0 -1
12973 7 -1
20474 0 1 -1
13132 11 -1 0 -1
16615 6 8 -1
25984 3 -1 1 -1
8584 6 -1
23844 0 2 2 -1 0 11 -1
30405 13 -1
3122 0 5 -1
23012 0 8 -1 0 8 -1
22090 0 -1 0 0 6 6 -1 5 -1
5464 0 0 1 -1 4 -1
20203 12 -1 10 12 -1 5 -1
22394 2 -1 8 -1
19378 5 -1 0 1 -1 0 -1
28722 0 6 -1
6318 5 -1
20537 3 6 -1 3 6 7 -1 6 -1 3 6 -1 3 -1 7 7 14 -1
15858 3 14 -1 1 4 5 14 -1
4345 6 -1
11424 0 -1 1 -1 0 -1 16 -1 9 -1
30393 3 3 10 10 -1
23753 0 0 1 13 -1 1 -1 1 13 13 -1
28105 3 3 3 6 6 -1 3 6 6 -1 3 11 -1
11365 0 0 0 1 2 2 -1 0 2 -1
2829 0 -1
21457 2 -1
3514 0 15 -1 0 4 15 -1 0 10 -1
18898 8 11 -1 5 8 9 12 -1 13 -1 2 -1
11821 1 -1
20968 3 6 -1
16773 0 13 -1
25051 9 -1
12396 0 -1 11 -1 0 13 -1 0 9 -1
13168 0 -1
459 0 1 14 -1 0 -1
3160 3 6 -1
17849 0 -1 0 13 -1 1 -1 0 -1
14452 0 0 3 3 -1 8 -1 0 6 -1
25249 0 0 1 7 -1
25661 12 -1
8179 0 0 10 -1
25943 4 14 -1 1 3 -1 3 11 -1
7450 5 -1
6878 5 -1
980 5 -1
3871 0 2 -1 0 -1 0 3 9 13 -1 9 -1
7408 0 0 11 -1 11 -1
28186 3 -1
15730 5 -1 1 -1 1 5 -1 5 -1 1 1 5 9 -1 1 5 -1
13873 1 9 -1
24631 3 -1 1 -1 3 -1
8214 0 -1 0 6 -1 0 6 -1
14492 0 -1
12404 0 1 3 -1
12300 0 11 14 -1 0 14 -1 13 -1 14 -1 3 -1 2 14 -1 9 14 -1 5 14 -1 5 14 -1 1 5 7 14 14 14 -1
18630 16 -1 0 -1
18119 0 1 -1
1489 0 3 -1
26558 0 0 3 7 -1 0 1 -1 14 -1
19431 13 -1
30045 3 -1 1 -1 13 -1 1 -1 13 -1
7341 6 -1
12369 13 -1 1 3 12 -1 6 -1 6 12 12 13 -1 13 -1
19187 3 -1 1 -1
21244 4 10 -1 1 4 5 14 14 -1 14 -1
5695 11 -1 3 13 -1
11265 1 11 -1
27011 0 -1 1 11 -1
16526 8 -1 0 16 -1 0 4 -1 0 -1
21016 6 -1 2 8 -1 8 -1 3 -1 8 -1
8263 3 6 -1
3583 9 -1
1211 0 -1
22947 0 0 11 -1
21023 0 0 1 10 -1
29202 2 3 6 7 -1
9058 0 1 -1 0 -1 9 -1 0 -1 5 -1 6 -1 0 5 -1
5179 6 -1
6603 1 8 11 -1 0 8 13 -1
2245 0 1 -1 4 -1
21677 1 7 -1
12039 4 5 5 6 -1 1 -1
28653 0 -1 0 11 -1
22721 0 0 0 5 7 7 7 -1 0 -1 7 -1 0 -1
15134 0 -1
19759 0 -1
19792 1 14 -1 1 -1 1 3 -1 1 14 -1
9865 0 0 11 -1
17000 0 3 -1
21113 3 6 7 -1 1 1 5 9 -1
19923 11 -1 0 5 5 9 -1
19283 5 -1 0 0 1 5 5 9 -1 5 9 -1
15908 6 -1 0 6 10 13 13 -1
4068 6 -1 0 3 6 -1 3 6 -1 3 -1 3 3 6 6 -1 3 3 6 6 -1 0 -1 6 -1 0 6 -1 3 6 -1 3 3 3 6 6 -1 3 6 6 -1
5278 0 -1 0 1 3 10 -1 3 -1 0 3 11 13 -1
30533 0 1 -1
17530 8 -1
18482 0 11 -1
19932 0 -1
24234 3 -1 3 6 6 -1 3 6 -1 9 -1 5 -1 0 -1 5 -1 0 -1 5 -1 0 -1
18468 6 -1 3 -1 0 3 6 -1
213 0 2 -1 2 -1
18124 7 12 -1
9466 13 -1
28546 0 11 -1
15877 6 7 -1 3 6 -1 0 6 6 8 8 -1
26911 13 -1
22481 0 1 -1 0 0 2 4 -1
23118 0 -1
13263 6 8 8 -1
13710 0 1 9 14 -1
4671 3 6 6 -1 3 13 -1
1968 0 0 0 6 11 -1 3 8 8 -1
26295 0 0 1 -1
5292 3 5 6 -1
26374 3 3 6 6 -1
17044 3 -1
96 6 -1
4188 5 -1
23937 0 -1 0 2 -1
29572 8 -1
9652 12 -1 7 -1
25418 12 13 -1
14367 0 -1
31480 8 12 -1
8346 0 7 13 -1 7 -1
14582 0 -1 1 3 -1
21230 14 -1
21045 8 -1
17563 1 4 -1
16740 0 7 -1
29332 0 5 -1 3 5 -1 0 5 9 14 -1 0 0 5 5 5 14 -1 0 5 -1 5 6 -1
31400 0 13 -1
7809 1 -1 11 -1 1 3 9 9 -1 9 -1 3 -1
22971 2 5 -1 1 3 9 10 -1 10 11 -1
6022 1 13 13 -1
16883 5 6 -1
737 0 5 -1 0 -1
29925 0 1 -1 0 0 1 -1 1 -1 0 5 -1 6 -1
20334 2 -1 8 -1
1446 0 0 0 2 9 -1
20684 10 14 -1
20230 1 -1
30573 1 -1 0 -1
26360 0 3 3 -1 0 -1 3 -1
15418 0 0 3 8 -1
27621 3 4 -1
16824 8 -1 12 -1
24657 14 -1 5 -1
22613 0 13 -1
15314 1 5 9 -1
28022 11 -1
23490 1 -1 1 14 -1 0 -1 1 -1 5 6 -1 6 9 13 -1 2 -1 0 10 -1 5 -1 0 4 7 -1 5 -1
15937 0 6 -1
16962 5 14 -1 10 -1
8225 6 -1 0 0 6 -1 0 14 -1
3895 6 -1
28549 1 -1 0 1 1 9 10 10 -1 9 -1 11 -1 0 -1 3 10 -1
30082 0 13 -1
16236 0 1 5 11 13 13 -1 11 -1
21582 0 6 -1
20455 11 -1
17174 9 10 -1 1 1 6 9 10 -1 6 9 10 -1
3716 0 0 2 11 -1
14899 0 -1
2589 0 5 15 -1
26136 1 -1
17865 3 5 5 6 6 -1
3083 7 10 -1
11682 7 -1
10438 0 -1
29100 0 -1 8 -1
15679 0 -1
19278 10 13 -1 12 -1
9623 3 -1 1 -1
2837 0 1 10 -1
15280 4 -1
754 3 3 4 6 6 -1
12877 0 -1 2 -1 0 -1 8 -1 0 8 -1 0 2 -1
4928 0 0 0 1 1 2 13 13 -1
13589 16 -1
16490 14 -1
612 0 6 -1 0 6 -1 6 -1
16547 0 1 4 -1 1 10 -1 1 5 10 -1
1414 0 1 -1 0 -1
3608 1 -1
26826 6 9 -1
11901 0 11 -1
7381 0 11 -1 0 -1 1 -1 0 -1
20747 3 -1 0 -1 9 -1 0 -1
22566 0 0 4 4 -1 0 4 -1 0 4 -1 0 4 4 -1 0 -1
9959 1 1 7 14 -1 0 3 10 11 -1 0 3 3 7 7 7 13 -1 1 6 8 11 -1 12 -1 8 -1 0 -1 1 -1 11 -1 6 -1 0 3 -1
11289 3 13 -1
10378 0 -1 0 0 6 6 -1
22447 0 -1
21286 8 -1
31045 2 -1 0 -1 1 3 3 6 -1
9000 7 -1
17129 0 -1 3 -1
18980 2 3 -1 0 -1 3 -1
7251 2 8 8 -1
6084 10 16 -1
842 0 -1
24506 0 13 -1
31464 2 7 -1
26726 5 -1
28441 0 -1 0 11 -1 0 11 11 -1
18060 0 5 5 -1
30505 0 13 -1
21313 5 5 6 11 -1 14 -1 1 -1
5453 6 -1
7614 1 -1
7383 0 -1
5899 0 0 2 -1
24432 2 -1 3 3 6 -1 4 -1
11470 5 -1
7812 0 -1 1 -1 0 3 6 -1 0 0 13 -1 3 -1
2679 0 -1
25548 12 -1
26560 0 0 1 11 -1 0 -1
22530 0 -1 9 -1 0 9 -1 0 -1
18884 0 -1 4 -1 13 -1
15785 12 -1
26018 5 6 12 -1 5 14 -1 7 7 8 9 -1
26100 5 11 -1
31091 0 16 -1 0 16 16 -1
30549 1 3 10 -1
2823 0 0 5 6 -1
6317 5 -1
26778 3 6 7 -1 5 -1
20952 0 1 6 8 -1 0 -1 0 6 -1 3 5 -1
15117 2 -1 0 -1 1 1 2 2 11 -1
11195 0 -1
18910 13 -1 0 -1
12729 0 5 -1
21334 0 0 0 5 10 11 -1
1138 13 -1
16195 0 5 11 -1
8640 0 -1 9 -1 0 0 0 1 11 13 16 -1
7299 0 -1
14072 13 -1
9620 3 7 7 7 13 -1 3 -1
9603 13 -1
17527 10 -1 13 -1
26416 0 9 -1
26564 9 -1
19570 3 6 -1 6 -1 3 -1
2231 13 -1
13180 3 -1
4943 1 -1
18236 0 1 -1 10 -1 0 -1 6 -1 1 -1 7 -1 0 7 -1
19136 4 -1
21979 14 -1
21534 13 -1
24741 0 -1 4 -1 1 -1 0 -1 4 -1
18062 8 -1 5 6 -1
27173 0 5 -1 0 -1 2 -1
21465 0 9 10 11 16 -1
7685 1 3 -1
15016 3 7 -1
17257 5 6 -1 6 -1
5638 0 5 -1
22303 0 13 -1
608 1 -1 1 6 11 14 -1 3 9 -1 10 -1 1 9 10 11 -1 1 11 -1 1 3 6 9 10 -1 11 -1 9 10 -1 1 4 -1
13439 5 -1 0 5 -1 0 -1 5 -1
7849 1 2 -1 1 -1
20919 8 12 -1
5171 0 -1
7439 6 -1
14333 0 6 -1 7 -1 0 11 -1 6 -1
745 0 2 -1
27180 11 13 -1
2975 0 8 -1 3 10 -1
27516 3 3 6 6 -1
21823 3 6 10 -1 3 -1
30172 13 -1
13200 1 3 -1
19058 3 -1 8 -1
17229 8 12 -1
17058 0 9 -1
4727 5 -1
2404 0 1 -1
15999 9 -1
12475 1 4 14 -1 1 3 -1
5557 3 -1 14 -1
9688 0 -1
21870 8 -1
7235 1 -1 0 6 -1 6 -1
31684 10 -1
13643 1 -1
4911 3 3 6 6 11 -1
24683 0 11 13 -1
2382 3 -1
22170 1 3 3 6 -1 6 -1
21770 0 7 -1 11 -1
17666 9 11 -1
10112 13 -1
8766 0 13 -1
31433 0 5 -1
22695 0 3 -1
7869 13 -1 0 13 -1 0 -1
26652 5 -1
16947 0 -1
5098 0 -1
10431 4 -1
29479 0 13 -1
3576 0 -1
23050 10 14 -1
26321 1 3 5 5 -1
21295 1 -1
9559 0 -1 8 9 -1 8 11 -1 8 -1
13172 1 5 -1
7866 3 -1
179 16 -1
3657 1 3 3 6 6 -1 1 3 -1
13435 0 3 -1
12420 1 -1
29666 0 -1 9 -1 0 -1 0 9 -1 0 9 -1 0 9 -1 0 9 -1
25899 0 7 -1
23395 3 3 6 6 13 -1
28048 11 -1
4852 1 6 -1
21756 0 -1 13 -1 0 -1 0 10 -1 1 -1
30170 8 -1
3626 0 5 6 -1
21858 0 6 -1
7364 4 10 15 -1
7308 0 1 4 5 13 -1
5290 0 0 6 6 -1
30777 0 -1
17911 0 -1 1 -1 0 -1 1 11 14 -1 13 -1 3 -1 6 -1 2 10 -1 9 -1 5 -1 1 4 4 7 -1 0 -1 1 -1 1 2 9 10 11 13 14 -1 5 -1 4 -1
15229 5 -1
27919 0 6 -1 0 0 0 1 1 11 13 -1
31350 15 -1
7699 0 11 -1 0 11 11 -1 0 -1 0 8 11 -1
30446 0 4 -1 0 0 4 4 5 10 -1
14111 1 -1 5 10 -1
1229 8 -1
30427 0 -1 0 5 -1
932 0 10 -1
12001 11 -1
2657 7 -1
2200 1 3 -1
3233 3 3 6 -1
5659 0 3 -1
3227 10 -1 6 -1 0 10 -1 10 16 -1
23426 6 -1
24260 0 -1
9017 0 1 7 -1
28612 3 6 -1
5455 0 -1
24 0 -1 3 3 6 6 7 13 -1
26765 5 -1 0 5 14 -1
27178 11 13 -1
28982 5 -1
21631 11 -1
12653 0 -1
6587 0 3 -1 4 -1
2541 4 -1
25613 10 -1
30898 0 11 -1
22794 0 -1 0 3 -1
11650 1 -1
23746 0 3 -1 1 -1
11352 4 14 14 -1 4 -1
14165 1 6 11 -1 0 14 -1
8174 9 13 -1 0 9 -1
21549 9 -1 0 -1 0 1 3 -1
22666 0 1 -1
13161 0 -1
3680 2 -1 5 9 10 -1 4 7 -1 4 -1 1 -1
2900 5 -1
23639 0 3 6 6 7 7 -1
13127 0 6 -1 6 -1 1 -1 0 -1
27885 0 -1 11 -1 0 1 -1 2 -1
4947 0 3 6 -1
26066 0 -1
15152 0 11 -1
5756 12 13 -1 6 12 -1
21411 1 -1 10 -1
26483 8 -1
25011 5 8 -1
31431 0 1 -1
24889 0 0 0 1 1 1 11 11 -1
28164 0 1 -1 9 -1 6 -1
21707 0 3 -1
18800 0 -1 11 -1 0 0 5 11 -1
12471 0 -1
5965 0 -1
12086 0 -1 0 13 -1
21107 2 4 6 14 -1
31263 11 -1 0 2 -1 0 -1
11513 3 5 6 -1
17087 1 5 5 6 8 -1 1 1 11 11 -1 7 -1 1 7 -1
17387 5 -1 5 6 -1
10550 0 3 -1 0 -1
27800 2 11 -1 1 5 -1 1 -1 1 13 14 -1 1 11 -1 0 -1 13 14 -1 6 10 -1 2 -1 9 -1 5 7 -1 1 4 -1 0 -1 1 -1 4 -1 1 14 -1 0 1 -1 0 1 -1 1 2 -1 0 -1
30417 5 -1
4239 3 -1
21773 0 -1 0 1 1 -1 0 16 -1 5 -1 2 -1 0 1 -1 0 -1 0 1 1 5 -1 1 6 -1 3 -1 0 3 9 -1
16804 5 -1
16784 0 -1
1754 3 -1
21426 1 3 6 -1 0 -1 10 16 -1 10 -1
17514 0 1 -1 0 0 3 11 -1
10217 2 3 13 -1
26049 3 -1
20461 0 13 -1
2876 2 -1 1 -1
9750 0 8 13 -1 6 -1 13 -1 6 -1 3 -1
20207 0 6 -1
7596 8 -1
28324 6 -1
15175 2 3 -1 2 -1 0 10 13 -1 0 -1
8750 1 11 11 -1
11575 1 8 -1 11 -1 8 -1
3470 3 3 5 7 8 -1
29753 0 14 -1
19569 3 -1 0 3 6 -1 6 -1
21997 13 -1
17827 14 -1
19543 0 5 5 -1
6408 0 1 -1
3090 0 5 -1 0 -1
26470 0 13 -1
2282 0 -1 0 0 3 3 3 -1 0 3 -1
10399 2 3 6 -1
19935 0 -1
20153 2 -1
12862 10 -1 5 -1
21469 0 13 -1 0 -1
17215 0 -1 3 -1
30596 0 -1 0 0 1 1 -1 0 11 -1 9 -1 0 -1 14 -1 0 -1
25463 0 6 -1 11 -1
22608 3 7 -1
25729 11 -1
20963 0 -1
41 1 3 -1 1 3 3 6 6 -1 3 -1 6 -1
28013 5 -1
24523 3 -1
20149 1 2 3 11 -1 0 3 6 13 -1 3 6 -1
5119 1 10 -1 11 -1
6556 0 3 -1
19292 0 0 5 -1
17721 5 -1 0 -1
3498 1 3 6 -1
15130 5 5 6 8 14 -1 7 -1
10331 0 -1 5 -1 0 10 10 -1 0 1 -1
13491 3 -1
18251 14 -1
11057 1 -1
22195 0 -1
5964 0 -1 1 5 -1
26852 9 -1 2 9 -1
5908 0 -1 10 -1 0 -1
24674 0 -1
16407 1 -1
19184 6 -1
20241 0 9 -1 9 -1
23270 13 -1
555 0 3 6 9 -1
18246 0 1 10 14 -1
28012 6 -1
8738 0 9 -1
31031 3 6 -1 3 -1
30728 0 -1
24352 1 11 -1
2601 14 -1 2 4 14 -1 14 -1 9 14 -1 4 14 -1 5 -1 14 -1 5 6 9 14 -1 10 14 -1 14 -1 5 14 -1 9 14 -1 8 11 -1
31403 1 -1
12264 7 -1 0 1 -1 1 7 -1 7 -1 6 -1 3 3 6 -1 1 1 3 7 -1
6530 1 5 -1 1 -1 5 -1 1 1 9 9 -1 5 -1 2 -1
20835 0 3 -1 0 -1 3 -1 0 -1 3 -1
6612 0 13 -1
21309 11 -1 0 -1
31363 0 -1 5 -1
27775 1 -1
10361 0 5 7 7 -1 0 6 6 8 -1
2890 11 -1 0 11 -1
5433 0 5 -1 0 -1 0 6 -1 0 6 -1 6 -1
23960 11 -1
7171 10 -1
8154 6 -1
4608 1 -1
22458 0 3 6 13 -1
25420 1 -1
9817 11 -1 0 -1
1245 15 -1 0 4 13 -1 15 -1
11674 14 -1 1 2 2 3 4 4 10 14 -1
14024 13 -1
5572 0 0 1 4 13 -1
14646 0 -1 6 -1 0 11 -1 0 0 11 -1 0 11 11 -1 0 -1
20646 2 10 -1 16 -1
12221 13 -1
1444 10 -1
28321 5 -1
25553 4 14 14 -1
23370 0 -1 1 -1
13339 0 -1 0 6 -1
21357 0 0 10 10 -1
9925 0 3 -1
17253 4 -1
30002 0 9 -1
10164 3 -1
30041 6 -1
2232 3 -1
28275 3 -1
13245 0 -1
15429 3 6 -1 1 3 6 -1
30438 0 0 11 -1
20958 10 -1
18443 0 -1 15 -1
28515 0 3 6 -1 6 -1
28599 0 -1
7198 3 3 6 -1
10810 0 1 5 -1
15302 1 -1 0 -1
30111 9 11 -1
9449 1 -1
3555 0 -1
19986 0 1 -1
4110 1 3 3 3 6 6 -1
12228 11 -1 0 16 -1
638 3 -1 6 -1 3 -1
14782 0 -1
11749 13 -1
21090 0 8 -1
22903 9 -1
10023 12 -1
5459 0 -1
6680 3 6 7 12 12 -1 12 -1
10982 4 8 8 -1 4 -1
1962 0 0 6 -1
1048 5 -1
20828 14 -1 1 14 -1
24191 0 2 11 -1 0 0 3 6 -1
24219 0 -1 0 11 -1
21427 1 2 3 -1
27614 0 -1
9158 0 -1 11 -1 0 -1
10351 0 6 -1 0 6 -1 0 0 13 -1 0 3 6 -1 3 -1 0 0 0 3 6 6 -1 0 -1
4391 3 6 -1 7 8 -1 7 -1
9869 1 -1
29357 11 -1
23749 0 0 1 -1
11985 0 -1
3404 5 -1
25571 0 1 -1 0 0 1 -1
31139 0 2 -1 1 1 3 9 -1
2152 0 1 1 -1
27710 0 -1 6 -1 0 -1 3 -1
10878 0 -1 2 6 -1
31002 4 -1
4178 14 -1
23696 12 12 13 13 -1
12960 0 13 -1
13492 0 -1 11 -1
20498 0 -1 0 1 1 -1 0 0 1 5 -1 4 -1
4905 5 -1
16823 12 -1
8337 12 12 13 13 -1
23674 14 -1
6361 0 13 -1
26745 0 -1 11 -1
19423 0 -1 6 -1
16356 10 14 -1 14 -1 1 -1 8 -1
5731 5 10 -1
15656 0 0 0 0 3 3 3 3 -1 3 -1 0 3 -1
31167 2 13 -1
19241 0 0 2 -1
15303 6 -1 0 6 -1
31071 5 -1
28574 0 -1
12351 13 -1
16231 0 -1 5 -1
18952 0 -1 1 -1 0 -1
28986 1 -1 0 11 -1
2672 0 0 11 -1 0 3 4 -1
5848 6 -1 0 8 -1 0 5 -1 5 -1
24308 1 -1
17579 3 7 -1
19725 0 0 1 9 -1 11 -1 0 -1
23393 0 -1
1623 6 -1 5 -1
17915 1 -1 0 0 11 -1 1 -1 0 0 11 -1
9312 0 -1 1 -1
10440 4 -1
23343 3 6 -1
27071 0 -1
23093 0 3 -1 0 1 -1
29672 1 9 14 -1 5 -1
29062 11 -1 0 -1
28567 0 1 -1
2101 0 -1
6608 0 0 0 1 11 -1
19681 0 5 10 -1
10542 3 -1
23822 6 -1 12 -1 12 13 13 -1 12 -1
304 10 -1 3 5 11 -1
11918 2 -1 0 1 -1 11 -1
24046 0 3 -1
31736 8 -1 6 11 -1
29342 8 -1
10836 1 -1 0 1 -1
27186 1 -1
16125 0 0 7 9 13 13 14 14 -1 0 -1 0 3 -1 13 -1
15599 3 6 -1
15727 13 -1
8706 0 -1
23638 4 -1
25579 0 9 -1
11271 0 0 1 9 -1
19581 1 -1 1 13 13 15 -1 1 -1
14873 6 14 14 -1
4247 13 -1
24095 5 9 14 -1
21351 0 -1 3 6 -1
176 3 -1 8 -1 2 -1 8 -1
16004 0 -1
24690 13 -1
7555 0 -1 0 0 1 1 -1
26424 0 13 -1
3487 0 0 0 1 5 11 -1 5 -1
1533 0 -1
611 1 5 -1 0 -1
17274 0 -1 0 1 -1 0 1 1 -1 0 0 9 -1
27497 3 7 -1
23588 0 -1
7117 1 16 -1
13532 0 -1
25052 3 -1 0 -1 6 -1 0 10 -1 0 -1 6 -1 0 -1
28119 0 3 -1 3 6 -1 6 -1
22741 4 5 -1
12412 0 1 -1 0 1 -1
15971 0 1 9 -1
27594 13 -1 0 1 -1
20719 10 -1
24190 0 0 0 3 6 8 8 10 -1
13155 11 -1
2073 3 3 6 -1
30737 3 -1
21699 5 -1
30451 5 5 14 -1
16157 14 -1 4 -1
3099 8 -1
28071 3 -1
15490 3 -1
11684 11 13 -1 0 -1 11 -1 0 -1
31516 4 -1 14 -1
20360 0 0 11 11 -1
30977 0 -1
12298 0 -1 0 1 1 -1
13640 9 -1 2 9 -1 0 1 -1
10476 0 0 2 9 16 -1 0 -1
11340 0 12 -1
14870 0 5 -1
23468 5 -1
27216 3 -1
11730 0 -1 0 11 -1 10 -1
10575 0 -1
13741 0 9 11 -1
14681 5 10 -1 3 6 -1
30713 3 6 -1 6 -1 3 -1 3 3 3 6 6 6 6 -1 3 -1
29343 11 -1
19107 0 0 3 3 -1
13104 3 8 -1 8 -1
11177 8 9 -1
30402 0 3 13 -1
22457 3 -1
1234 0 -1
9785 0 -1 0 0 5 5 -1 2 -1
13320 5 5 6 14 14 -1
6484 10 -1
24941 1 -1
25915 1 1 11 -1
6669 2 10 14 -1 1 4 14 14 -1
31293 0 -1
6819 5 -1 0 6 -1
31123 5 8 -1 2 3 6 6 13 -1 3 -1 1 3 -1
30303 0 -1 3 4 6 14 -1
2237 3 -1 0 0 1 -1
19662 5 -1 0 -1
9024 9 -1
13890 9 14 -1
23494 0 -1
20198 1 -1 0 -1
498 0 -1
19871 1 14 -1
20551 12 -1
8247 0 10 -1
6702 3 -1
24666 0 4 5 9 9 -1 6 -1 3 -1
25979 3 -1
7333 0 4 -1
8448 8 -1 5 6 -1 1 -1
16359 5 -1
28782 1 14 -1
2717 11 -1 0 0 10 -1 0 6 -1
20029 2 7 -1
21475 5 8 -1
17114 12 -1
14641 0 -1
26228 0 6 -1 1 11 -1 11 -1 0 -1
7113 2 -1
21425 0 3 11 -1
23999 3 6 -1 3 -1
13462 0 -1
4634 12 -1 6 12 -1 6 -1
9916 0 13 -1
15435 0 1 -1
15402 3 8 -1
20215 0 3 6 7 -1 0 -1 0 6 -1
28554 8 -1 5 7 8 8 12 12 12 13 -1 7 8 -1
1786 0 6 -1
17205 0 2 -1
24855 0 1 9 9 -1
29090 9 -1
18091 1 3 -1
10410 0 11 -1 11 -1 0 -1
16630 4 5 -1 2 6 9 10 -1 11 -1
27179 5 -1 0 9 -1 0 -1 9 -1 0 -1 5 -1
25500 0 0 11 -1 0 1 -1
25108 1 -1
1148 0 1 -1
7582 0 2 -1 1 -1 0 10 -1 0 -1
2980 3 -1
13046 2 -1
1523 0 0 1 3 6 -1
19675 3 -1
9784 1 -1
9667 11 -1 0 0 13 13 -1 0 0 1 -1 0 1 -1 13 -1 0 0 0 9 9 -1 1 -1 0 -1 11 -1
14280 14 -1 6 -1 5 14 -1 0 11 -1
17673 0 7 -1
26514 0 5 -1
8569 6 -1 2 5 5 9 -1 1 5 -1
16685 2 -1
4311 9 -1
14312 0 -1
7440 0 0 13 -1 3 -1
22519 3 -1
5000 0 5 9 -1 9 -1
6446 5 5 5 6 14 -1 6 -1
12974 11 -1
10694 0 -1
3045 5 6 -1
31716 5 6 -1
29512 13 -1 0 -1
17844 0 0 3 3 6 6 -1 3 -1
21831 0 2 -1 0 -1
354 0 -1 10 -1
7836 0 10 -1
17132 1 -1
26182 0 0 9 -1
13864 0 -1 0 9 -1 0 6 -1 0 1 4 -1 0 9 -1
23692 0 0 4 8 -1
21420 0 -1
4868 2 -1
16609 6 -1 3 6 -1 0 3 -1
2209 5 -1 5 10 -1 10 -1 5 -1 5 5 10 10 -1 5 10 -1 10 -1
998 2 -1
17423 6 -1 5 13 -1 14 -1 5 11 -1 9 -1 1 14 -1
296 5 5 6 -1
360 5 -1
19259 9 11 -1 13 -1
23732 11 -1 0 2 -1 0 0 9 -1 11 -1
22209 1 5 7 -1
24780 0 5 -1 1 13 -1
16499 4 -1 0 1 9 -1 1 5 -1
15000 6 -1
6802 12 -1
15807 1 3 3 -1
16595 1 8 -1 3 5 6 -1
27711 0 0 9 13 -1
21683 1 -1
8140 0 0 1 3 3 3 -1
6552 1 13 -1 1 -1
8168 1 -1
18380 0 0 1 1 -1 0 -1 3 -1 1 -1
27422 0 5 -1
25803 13 -1 0 -1
13807 0 5 9 -1 5 -1 9 -1 0 -1
8625 14 -1
3893 0 -1 0 7 -1
31509 0 1 2 -1
4978 1 2 11 -1
22298 6 -1 1 3 7 -1
22206 0 4 -1
2072 0 5 -1
2535 0 10 -1
21657 0 -1
14074 0 -1 3 11 -1 1 -1 0 1 5 -1
4783 6 -1 3 -1
22615 0 10 -1
17352 0 2 -1 0 1 1 -1 0 13 -1
14678 1 4 -1
87 0 -1 1 5 -1 1 3 -1
8488 2 9 -1 1 -1
30463 0 10 -1
710 3 6 6 8 8 8 -1 7 8 -1
11459 0 4 -1 5 -1 0 0 5 -1
22876 2 13 -1
11257 3 -1
17518 3 -1
23717 0 1 2 2 9 -1 0 2 -1 7 9 -1 1 -1
29166 14 -1 1 14 -1 2 -1 1 -1
24934 10 -1 4 14 -1
14416 4 -1 14 -1
885 0 -1
18273 1 11 14 -1
2259 8 -1 3 6 6 8 -1
6351 0 0 5 -1 0 5 -1
15976 0 1 13 -1
10724 5 -1
18966 0 15 -1 0 1 5 15 -1
18932 7 -1 6 -1 3 6 -1
26830 13 -1 0 -1 1 -1 1 3 -1 0 -1
1027 1 -1 0 1 -1
8396 11 -1 0 1 4 5 7 10 -1
23691 3 -1
7075 3 4 -1
28646 1 -1
17115 0 1 14 -1
4805 5 -1
9837 3 -1
31459 0 3 -1 0 -1 4 -1 0 -1 0 4 -1
18615 0 11 -1
17586 13 -1
3415 5 -1 12 -1
24936 0 13 -1
16557 0 -1
6511 0 0 2 2 -1 2 -1
13531 9 -1
30113 0 11 -1 0 1 -1
9642 11 -1
2477 5 9 -1
2907 4 14 -1 5 -1
6172 0 11 13 -1
9454 1 13 13 -1 0 13 -1
13327 9 -1
6964 1 -1 3 6 7 -1
26249 13 -1 6 13 -1
22367 5 -1
8996 3 5 -1 4 4 14 -1
2721 1 11 -1
22592 3 -1 1 -1
16030 1 -1 0 0 1 1 10 -1 13 -1 0 -1
9685 5 14 -1 0 5 5 10 -1 0 1 -1
4 9 -1 12 -1
17638 3 -1
13074 1 -1 14 -1
2609 0 5 9 -1 5 -1 9 -1
9209 11 -1 0 -1
31635 0 -1
12851 3 -1
23597 0 -1 1 1 3 6 14 -1
16255 9 14 14 -1 5 14 -1 5 6 11 -1
14822 0 -1 3 11 -1 3 11 -1 0 11 -1 13 -1 0 -1 7 -1 0 1 -1 0 -1
20934 5 -1
9243 0 14 -1
19316 14 -1
18208 13 -1 0 -1
15685 13 -1
20932 2 8 -1
26015 3 -1
9507 0 0 0 1 10 10 10 -1
14993 1 -1
11225 0 1 1 10 -1
25813 2 -1
29132 6 -1 3 3 6 -1 6 -1 0 3 -1 7 -1 0 3 6 -1 3 6 -1 6 -1 0 -1
26056 0 10 -1
3076 0 -1
23129 0 -1 11 -1 0 0 5 11 -1
6581 0 3 8 -1 6 -1 3 -1
4105 0 -1 0 0 9 10 -1 1 13 -1 1 1 13 -1 13 -1
9411 0 -1
24417 1 -1
10662 0 6 -1
6925 11 -1 0 3 13 -1
27948 2 -1
26527 0 0 3 16 -1
15438 13 -1 0 -1 13 -1
24902 12 13 -1
30481 0 11 -1
14160 0 0 2 -1
22287 0 4 -1
24993 13 -1 8 -1
11745 1 -1
5762 0 -1
11919 0 0 1 3 11 11 -1 3 6 -1
7125 11 -1
1601 0 0 8 8 11 11 -1
25121 1 2 -1 5 -1
14766 6 -1
26085 0 0 1 4 -1
6856 0 -1
2825 1 5 -1
11774 0 14 -1
27958 11 -1 0 -1
11455 3 -1 0 -1
10782 2 -1 3 -1
3605 3 11 -1
6494 0 0 13 -1 0 11 -1
13674 0 -1 5 10 -1 10 -1
18407 0 -1
15541 0 -1
21484 5 16 -1
13409 14 -1
13610 1 4 4 10 -1
6322 2 14 -1 2 -1
3912 5 6 -1
20898 8 -1
27780 0 7 11 -1
12348 0 0 0 1 11 -1
29826 6 -1 5 -1
14137 0 -1
19761 3 -1 5 5 10 14 -1 3 -1
9153 3 -1
11561 0 -1
13392 5 9 -1
26854 3 5 -1
19735 10 -1
26214 2 13 -1
27184 3 -1 6 -1 3 -1
4448 11 -1
23 3 -1
29852 16 -1
22200 14 -1 0 -1 1 -1 13 -1 1 1 14 -1 5 -1 1 -1
3758 0 -1 10 -1 0 -1
19757 0 0 11 -1
24923 1 -1 4 -1
10486 1 -1 0 1 -1 1 14 -1 0 4 -1 1 -1 4 5 7 10 -1 2 -1 1 6 9 9 11 13 -1
30876 0 -1 3 -1 0 -1 0 5 5 -1 0 3 -1
2663 0 3 3 -1
8591 4 7 -1 1 -1 0 1 1 14 -1 11 -1 9 13 -1 2 10 -1 5 -1 4 5 7 11 11 -1
25273 3 -1
15193 0 11 -1
13605 11 -1
28751 0 6 -1
2675 0 -1
8876 14 -1
20306 1 -1 1 9 -1 2 -1 3 10 -1
19611 3 -1
29055 14 -1 5 6 6 10 -1
10930 0 -1
29107 0 -1
17161 0 -1 0 4 5 -1 10 -1 0 0 11 11 -1
7255 2 3 14 14 -1
26706 0 -1 6 -1 0 0 3 -1 0 1 3 9 -1 1 2 -1 1 -1
3548 10 -1 3 3 5 8 10 10 10 -1
19380 2 -1 3 -1
13153 3 -1 0 -1
17722 0 0 1 -1
18241 1 7 7 16 -1
16187 0 0 1 2 11 -1
25572 3 6 -1
17691 1 11 -1
23911 0 0 12 -1 12 -1
8004 0 -1
18486 0 0 1 10 -1
26495 0 -1 3 -1 0 -1
22466 0 11 -1
504 0 0 7 -1
11339 0 5 8 -1 6 -1
12199 0 -1
24802 0 6 -1 3 8 -1
25138 1 5 -1 2 9 13 -1
23904 0 -1
13203 0 3 5 6 6 6 -1 5 -1
20432 13 -1
11869 4 7 8 -1 1 1 7 -1 7 -1 1 -1 1 5 7 7 -1 7 -1 1 5 -1 5 -1 1 -1
11881 4 14 -1
22632 1 5 -1 0 -1 5 -1
9240 6 -1 2 -1 1 -1 0 2 -1
23897 0 5 -1 7 8 -1 13 -1
23808 0 -1
20217 4 5 8 10 11 -1
10701 0 -1
9946 0 1 -1
865 1 -1
16199 0 -1
29570 3 -1 3 3 5 5 8 -1 3 3 6 6 -1
13292 0 -1 1 -1 0 -1 0 0 13 13 -1 0 13 -1
26166 0 6 -1
3257 0 -1 1 -1 0 3 -1 0 -1 1 -1
27450 2 -1 13 -1
14476 0 0 0 3 3 3 3 -1
24870 3 -1
4126 3 6 -1
103 0 13 -1 0 -1
17994 12 -1
15017 8 -1
22476 0 1 10 13 -1 13 -1
5110 0 -1 9 -1
12675 0 3 -1
16313 0 6 -1 0 3 10 -1 3 -1 6 -1
23420 0 0 3 14 -1 0 0 3 11 14 -1
28092 0 0 9 9 -1
25240 0 2 -1
5632 0 -1
12026 7 -1 1 1 4 5 -1 9 10 -1
8399 5 10 -1
11266 0 0 10 10 -1 0 3 6 -1
2304 11 -1
26160 5 5 14 -1
20028 10 11 16 -1 8 -1
10985 0 -1
25600 5 -1 0 0 5 -1 0 5 -1
12331 13 -1 0 -1 0 13 -1 3 -1 0 0 11 -1
14417 1 -1 0 3 -1 6 -1
23497 2 -1 1 11 13 -1 4 11 16 -1 1 -1 0 11 -1
16841 0 1 3 4 -1
5671 1 -1 5 -1
2796 1 7 -1
18075 1 -1
31444 5 -1
15358 0 -1 6 -1 3 -1 3 6 6 -1 3 -1 6 -1 0 3 3 6 12 -1 0 3 6 -1 12 -1 0 6 -1 3 -1 6 -1 3 -1 3 6 6 -1 3 6 -1
27717 0 -1
9072 3 -1 3 6 6 -1
24786 0 -1 9 -1
3989 0 11 -1
9993 1 -1 1 3 -1
17581 2 7 -1 2 16 -1
8682 11 -1
2485 0 -1 11 -1
10855 0 11 -1
25475 0 -1 12 -1
18535 0 4 6 -1
19269 5 5 6 6 -1 5 8 -1
11827 0 -1 9 -1 0 -1 1 -1 0 1 -1 0 1 -1 0 2 -1 0 -1 0 1 -1 1 -1 0 -1 2 -1
22155 0 13 -1
14352 0 6 -1
5798 0 -1
20235 1 6 -1 14 -1 6 -1 4 -1
2739 1 -1 0 -1 0 0 13 13 -1
18999 7 -1 1 -1 3 6 -1 3 6 -1 1 3 6 6 7 -1 7 -1 12 -1 8 -1 6 8 -1
27164 0 1 -1 2 -1 16 -1 0 -1 10 -1 0 1 -1
11794 0 0 0 3 6 -1
8327 0 2 -1
16036 0 0 2 -1 2 -1
19389 3 13 -1
6618 0 0 11 -1
5714 0 -1
30695 0 -1 0 3 -1 3 -1 0 0 3 -1 0 1 -1 0 1 -1
7159 6 -1 3 7 -1
23151 13 -1 7 11 -1
15538 3 5 -1
27389 7 13 -1
30215 0 -1 13 13 15 15 15 -1 3 6 -1 0 6 15 -1 1 3 -1
10110 7 -1 0 -1 0 7 7 -1 0 7 -1 0 -1 7 -1
28453 2 -1
17665 0 1 1 5 9 10 -1
6791 6 -1 9 -1 1 -1
27109 0 0 11 -1
26951 0 0 11 11 -1 0 11 11 -1
9738 0 6 -1
13947 0 11 -1 0 3 -1
22244 0 5 -1
26833 0 5 8 -1 5 -1 0 1 5 -1 5 -1
28264 3 -1 0 0 3 -1 0 0 1 3 -1 11 -1 0 -1
27525 1 -1 0 13 -1
14650 14 -1
16488 9 -1 13 -1 9 10 -1 9 -1 8 -1 1 -1 9 -1 4 -1 8 -1 1 9 -1 13 -1
22780 0 -1
8652 1 -1
24158 0 0 2 5 6 14 -1
30103 0 7 -1
20117 5 6 -1 0 9 -1 5 9 -1
19401 3 -1 0 6 -1
4711 0 3 3 -1
10457 0 13 -1 1 -1
24345 0 -1
23349 5 6 -1 5 -1
1774 1 -1
11816 0 1 5 5 -1 0 -1 5 -1 6 -1 5 -1 3 -1
22704 0 13 -1
20434 0 11 -1
23761 0 0 11 -1 6 -1
18678 0 -1
14035 13 -1 0 2 3 -1
15769 0 2 3 5 -1
15988 5 -1
11346 12 -1
10769 1 -1
6000 0 -1 10 -1
1649 11 -1
23948 0 -1
6383 0 -1 0 1 11 -1 0 -1
15796 6 -1
27998 4 -1
28979 0 -1
5271 0 -1
15671 0 0 5 11 -1
29523 0 11 -1
12311 0 0 13 13 -1
11656 2 3 7 7 -1
30778 0 13 16 -1 0 1 -1
16234 1 4 -1 13 -1
5558 0 -1
26675 1 -1
26264 1 3 -1
11296 0 -1
4299 0 4 -1
3566 0 3 6 -1
14701 0 13 -1 1 -1 0 0 1 1 13 -1
4525 14 -1
30189 0 -1
11279 0 -1
28799 0 13 16 -1
21278 1 -1
4902 6 -1 3 6 -1
24756 0 -1 4 -1 14 -1
28529 12 -1 13 -1
3997 14 -1 0 1 1 -1
11871 3 4 5 -1
16445 0 1 -1
25622 8 -1
25272 0 13 13 -1 6 -1
1240 1 3 5 5 5 6 -1
10270 9 -1 8 14 -1
26686 13 -1
20930 0 0 11 11 13 -1
15959 3 6 -1
29726 10 -1
15442 0 -1 2 -1 0 -1
19000 5 5 5 6 8 8 14 -1 0 1 -1 0 1 -1 0 -1
3524 6 -1 3 -1 1 3 6 -1
17888 14 -1
9644 1 9 -1
13160 0 -1
9762 0 1 -1
13199 9 13 -1 8 -1
25713 0 1 -1 0 -1 1 11 -1 11 -1
19883 8 -1
26768 1 1 9 -1
4024 1 -1
16584 11 -1 1 5 -1
22501 1 1 2 3 -1 1 2 -1 10 -1
22733 5 7 -1 7 -1 6 -1 3 6 -1
21560 11 -1
22699 0 -1
27909 13 -1
4676 0 0 14 14 -1
3918 0 8 11 -1
31180 15 -1
8093 0 1 1 3 3 6 6 -1 3 -1
21961 0 -1 5 -1
626 1 7 7 -1
2063 7 -1
15820 0 -1 0 6 -1
12362 5 -1 6 -1
14523 0 0 4 -1
8207 1 -1
12198 13 -1
17705 0 -1 10 -1 0 1 13 -1 0 -1
16628 14 -1
18730 2 4 5 7 10 -1 1 -1
9364 3 -1
22192 8 -1 0 6 -1 12 -1 6 8 -1 0 5 12 -1
21588 5 -1 0 6 11 -1
1047 0 1 -1
6515 2 -1
4150 0 8 -1 6 -1 3 -1 6 -1
24227 0 -1
23019 3 10 -1
15688 0 1 5 -1
11383 1 -1
18523 0 1 1 -1 0 -1 4 -1 0 11 -1 0 -1 1 -1 0 11 -1 4 11 -1
908 0 -1 0 1 10 -1
4076 0 1 -1
30809 0 -1
21774 13 -1
22925 0 3 -1 0 1 13 -1
14771 5 6 -1 0 5 -1
7806 0 1 -1 0 0 1 -1
7456 0 0 2 -1 0 10 16 -1 0 1 1 10 -1 0 -1
9863 0 5 5 -1
31429 0 11 -1
17870 0 0 5 13 -1
22286 0 0 1 -1 3 -1
29399 6 7 8 -1
31473 13 -1 1 7 -1
19872 5 -1
1746 0 13 -1
13481 0 1 5 6 8 -1
8882 5 -1
15433 0 13 -1 1 -1 0 1 1 1 13 13 13 -1
24835 0 -1 0 5 11 -1
13719 1 11 -1
14951 12 -1
30224 0 -1
18748 1 11 -1 0 -1
6679 0 -1
12234 3 -1
8435 1 -1 13 -1 2 -1 11 -1 1 1 7 -1
24295 0 0 13 -1
7645 5 -1
24192 0 1 -1
20219 0 3 14 -1
2578 0 1 -1
1239 0 2 -1 1 -1 6 -1 0 -1 13 -1 0 13 -1
2690 0 7 -1
6206 0 1 1 -1
21679 0 -1
1099 10 -1 0 0 7 10 -1 0 -1
6772 0 0 13 -1
645 9 -1 0 5 10 14 14 -1 1 4 -1 0 -1
3042 0 1 6 16 -1 3 -1 3 11 13 -1 3 -1
4296 12 -1
983 0 -1 1 -1 1 3 -1 6 -1 1 3 6 -1
29259 0 -1
28060 3 6 -1 3 -1
21615 10 -1 1 3 -1
16482 5 6 -1
5130 0 3 3 6 6 13 -1 2 3 -1 10 -1 0 9 -1 9 -1
19580 11 -1
24122 12 -1
2400 13 -1
12782 6 -1 5 -1
23718 11 -1
18704 9 -1
19505 9 -1 2 -1 0 -1
8880 14 -1 1 -1 14 -1 11 -1 13 -1
1268 0 1 1 2 5 -1 2 -1 5 -1
24952 3 6 -1 3 -1 3 6 -1
25022 5 -1 0 -1 8 -1
4878 3 6 -1 3 -1
29153 6 -1 3 -1 1 2 7 -1 7 -1
9389 0 14 -1
4346 0 -1 2 5 -1
21397 5 -1 3 3 6 -1
13424 3 -1 4 -1 1 -1
24927 11 -1 0 0 3 6 6 -1
19934 0 2 -1
5152 0 -1
17649 0 5 -1 9 -1
11044 3 -1
31508 1 3 7 -1
5330 5 -1
1604 0 0 1 1 7 -1
210 0 -1
620 3 13 -1
29506 1 3 7 -1
897 0 -1
12489 5 9 -1 10 -1 2 -1 6 -1 0 1 3 3 6 11 13 13 -1 6 -1
16184 9 10 -1
11935 0 -1 1 10 -1 1 -1
4742 0 3 -1 0 3 -1 1 13 14 14 14 -1 3 -1
6185 1 -1
29223 4 14 14 -1
21338 7 -1
10298 13 -1
1001 1 1 14 14 -1 1 -1
31434 0 -1
24955 0 -1
6026 0 8 -1
16350 0 1 3 6 -1 3 -1 12 -1
21451 0 1 2 6 -1 1 3 6 11 -1
31609 5 -1
31599 4 5 -1
416 0 -1 0 1 1 5 -1
26120 9 -1
25329 1 5 14 14 -1
29602 0 0 4 -1 0 11 -1 5 -1
24932 5 -1
22112 5 10 -1
20676 0 13 13 -1 0 -1 0 6 -1 6 -1
20531 0 4 13 -1
11164 6 -1 0 -1
11756 2 -1 0 -1
25692 3 3 5 -1
28808 0 1 -1 0 -1 1 -1 0 3 -1
6412 0 11 -1
5797 0 0 6 9 -1
13334 0 -1 6 -1 0 6 -1 3 3 6 6 -1 3 6 -1 3 -1 8 -1
14916 0 2 -1
26914 8 -1
26902 1 3 3 5 -1
11372 0 3 -1
27976 3 -1
20179 8 -1
29574 5 -1
23396 13 -1
13889 6 -1 3 -1
20808 4 -1
20510 11 -1
959 3 3 6 -1
7875 1 -1 3 5 16 -1 3 -1 4 -1
6507 3 -1
4337 0 12 -1
18035 12 13 -1 7 7 12 13 -1 13 -1
23829 0 8 -1
21225 0 3 -1 0 5 -1
29618 14 -1 9 14 -1
2472 1 -1
18832 4 5 10 -1
19360 7 10 -1
19579 5 -1 5 11 -1 3 6 -1 3 6 -1 6 -1
27691 0 -1
10293 13 -1 8 -1 0 -1
13527 0 1 1 9 -1 1 -1 2 -1
20585 1 14 -1
23987 0 13 -1
3024 0 6 -1
28694 12 -1 7 -1 5 12 -1 7 13 -1
15890 1 8 8 11 -1
6417 14 -1
25796 0 3 -1
2217 2 -1
216 0 13 -1 0 -1
9150 0 -1
11394 10 11 11 -1
25097 0 -1 1 -1 0 -1
26865 2 -1
27005 0 -1 2 9 -1 0 -1 0 6 10 -1 0 13 -1
774 0 9 -1
30299 1 -1
679 1 -1
27491 0 -1
13560 11 -1
25527 0 3 3 3 5 6 -1
18691 0 3 6 -1 0 -1
28533 0 0 2 3 -1
10120 4 -1
22478 3 -1
14837 8 -1 0 -1
30593 3 -1
30100 9 11 14 -1 2 14 -1
16366 1 3 6 -1 3 -1 6 -1 3 3 6 -1
23605 5 9 14 -1
28301 0 -1
28393 1 1 2 4 11 -1 1 -1 1 11 13 -1
21456 1 3 -1 0 -1 1 -1
17188 3 -1
20795 10 -1
15085 3 7 -1
19977 3 -1
5532 2 -1
3727 1 10 -1
12460 0 0 1 2 10 11 -1 9 -1 0 -1 9 -1 0 9 -1 0 -1 9 -1 0 0 9 -1 3 -1
3029 3 3 9 -1
28290 1 1 3 9 -1 1 -1
26952 13 -1
29194 6 -1
9804 8 -1
12917 4 -1
8971 1 2 8 -1 5 6 8 8 -1 5 6 -1
3465 0 3 -1
19032 9 -1
25741 0 -1 5 -1 0 -1 5 -1
2698 0 -1 13 -1 0 13 -1 0 -1 0 13 13 -1 0 -1 13 -1 0 0 13 -1 0 13 -1
15597 3 -1
29472 0 -1
19518 0 6 -1
27064 3 -1
1242 1 2 3 9 -1 4 -1 14 -1 1 -1 3 -1
8550 10 10 16 16 -1
28752 3 -1
1045 3 5 6 -1
28622 3 3 6 -1 6 -1 3 -1 1 3 6 -1
25307 0 -1 5 -1 0 0 0 0 1 1 1 -1 0 1 2 13 -1 0 -1 13 -1
18955 3 3 6 -1
1451 1 -1
11065 0 -1
21158 5 -1
26782 0 -1
7609 9 -1 2 -1 10 16 -1
27815 0 1 -1
6720 10 -1
19642 6 -1 12 -1
23199 1 -1
8157 3 6 6 -1 3 -1
1134 11 13 -1
29901 3 -1 5 -1 6 -1 5 -1 5 6 8 -1 6 -1
23774 0 1 -1 0 -1
26019 0 -1
20225 0 1 -1
19174 0 1 6 -1 0 -1
15278 4 -1 2 -1
12681 0 -1
31289 1 7 -1
11230 0 -1
21218 5 -1 7 -1
24750 1 -1 0 11 -1 0 1 2 -1
7184 12 -1
15188 0 11 -1
21193 7 -1
19370 0 1 10 -1
29971 1 2 -1 1 -1 0 11 11 -1
16829 0 -1 5 -1
29636 1 -1 1 2 5 10 11 -1
29716 4 -1
27342 0 11 -1
13597 0 -1
14207 0 -1 0 1 10 -1
7041 5 6 10 14 -1
30701 0 -1
9920 0 0 0 3 3 11 -1 0 -1
28714 0 -1
18528 0 2 -1 0 -1 11 -1
14878 6 -1
1028 0 1 11 -1 5 -1
19730 0 0 3 -1
4907 6 -1
7286 0 -1
22487 0 0 1 11 11 -1
14928 3 -1
15254 3 -1 0 -1 2 -1 0 -1
25671 10 14 14 -1
11834 3 5 6 -1 0 3 8 -1
8135 1 -1 3 -1
28524 1 -1
10843 0 0 10 -1
2458 2 -1 0 2 -1
491 0 -1 0 13 13 -1 0 0 13 -1
19073 6 -1 1 7 10 16 -1
8842 2 14 -1
20724 0 1 5 -1
20197 7 -1 0 7 -1 0 0 7 -1
6124 8 11 -1
19080 0 -1 1 -1
28707 11 -1
6911 0 -1 2 10 -1 0 -1
31025 0 1 6 -1 3 6 11 -1
29585 2 -1
9742 0 -1 5 -1 0 -1
27233 0 0 13 -1 0 13 -1 13 -1
17182 0 6 8 9 -1
13586 5 -1
20399 0 0 5 5 -1 5 -1 0 -1
27482 13 -1 16 -1 3 -1 5 10 -1
25088 0 -1
28429 13 -1
20322 0 3 -1
8685 0 1 4 -1 1 1 14 -1
30022 0 5 -1
11887 0 -1
28152 2 13 14 -1
16865 0 6 6 -1 0 -1 10 -1
23900 6 13 -1
25327 0 0 1 2 2 14 -1
25970 0 5 -1
5851 5 -1
7830 2 -1
20447 1 5 -1
26613 0 -1 6 -1 0 -1 13 -1
11813 3 6 -1
4204 0 0 2 -1
11069 7 -1
13860 3 6 -1
20331 1 -1
31014 1 -1
3551 11 -1
25195 3 6 -1
3905 2 3 -1
6744 2 2 4 14 14 14 -1 0 11 -1
14376 0 7 -1
6372 0 -1
28971 0 0 1 11 -1 0 5 -1
15332 9 -1
8439 16 -1 1 7 16 -1
5128 7 -1
125 9 -1
23074 0 3 5 5 5 6 6 8 10 -1
20335 0 1 -1
25184 0 6 -1 3 -1
17656 0 -1 0 0 5 5 -1
7343 1 -1
22218 9 9 14 -1
3061 6 -1
9957 6 -1 3 -1
16414 3 -1
23387 3 -1
30075 0 8 -1
2328 0 13 -1
29742 0 5 13 -1 12 -1 0 3 3 -1 0 -1
16682 11 -1
23088 0 -1
28360 1 4 5 -1 11 14 -1
19202 13 -1 6 -1 9 11 -1 13 -1
26440 0 3 6 -1
16191 5 14 -1
28435 13 -1
12551 9 -1
12832 8 -1 0 -1 1 -1 11 -1
24937 2 14 -1
16050 4 4 4 9 14 14 14 14 -1 6 -1
14000 1 -1 14 -1 4 -1
19833 0 10 -1
16940 0 0 0 1 1 -1
2235 1 -1
26828 12 13 -1
12240 10 -1 0 -1 1 -1 3 6 -1 3 -1
23991 3 -1 0 -1 3 -1 0 0 1 -1 3 -1
30377 0 0 5 -1 0 14 -1 5 -1
13746 11 -1
135 0 1 1 -1
16329 1 5 14 -1
20021 0 -1 0 13 -1 11 -1 13 -1
6800 0 0 1 -1
1383 9 -1 0 -1 13 -1 0 -1 0 13 13 -1 0 3 -1 0 -1
4729 1 -1 5 6 -1
731 0 5 -1
452 3 -1
2405 3 3 3 6 6 6 -1 3 3 3 6 6 6 6 -1
16153 5 -1
24900 1 -1 14 -1 0 1 5 15 -1
18428 6 -1
12289 13 -1 0 1 -1 5 -1 4 5 7 9 -1 10 -1 2 11 13 -1 1 -1 5 -1
24446 6 7 -1 3 6 7 -1
21120 5 -1 14 -1 0 5 -1 0 1 -1
29291 0 -1 1 -1
29109 2 -1
26863 3 -1
5481 0 -1
6993 0 -1 13 -1 3 3 13 13 -1
13229 6 7 -1 3 3 6 -1
7327 1 9 14 -1 10 14 -1
2522 0 -1
11303 0 1 -1
26578 9 -1
29150 0 11 -1
10189 3 -1
16461 5 6 -1
284 13 -1 0 0 9 13 -1 0 13 -1 0 -1
24742 0 9 -1
10447 13 -1 0 1 3 5 -1
17869 0 1 -1 0 10 -1
24508 5 10 14 -1
3211 5 -1
7715 0 0 1 -1
6135 1 11 -1
20196 3 -1 0 6 -1 1 3 -1 0 3 6 6 -1
31525 6 -1
10987 5 13 -1
16884 3 -1
1407 0 -1
8768 5 -1 5 6 -1
21920 0 8 -1 2 13 -1 0 5 8 -1 6 -1 13 -1 8 -1
23585 0 6 -1 3 -1
30627 2 -1 0 0 1 9 -1
25619 0 9 -1 0 11 -1 3 -1
24374 1 2 11 -1
8963 0 -1 0 2 11 -1 0 -1 9 11 -1
11448 0 10 11 -1
16426 3 3 3 6 6 -1 3 6 -1
27453 0 -1
29929 4 13 -1
8252 12 -1
23819 1 1 5 9 -1
3509 0 0 13 -1
9435 12 -1
21050 3 -1 6 -1 3 6 -1
25385 0 13 -1
27059 7 -1
19226 0 -1
2805 0 -1
5422 6 -1
29877 0 -1
20431 0 -1 6 -1
18082 8 -1
10318 0 -1
15321 9 -1 5 -1
14970 12 12 13 13 -1 13 -1 12 13 -1
6302 1 -1 3 3 6 -1
23408 3 6 -1
14524 9 -1 0 0 1 2 -1
10473 0 -1
9682 1 -1 0 1 -1 0 -1
28716 0 -1 6 -1
28034 1 5 13 -1 10 -1 2 -1 10 -1 0 -1
11032 3 -1
27451 5 -1 15 -1 1 9 -1
18546 0 0 3 -1
17159 4 4 5 -1 1 -1
28674 3 -1
11103 3 -1 0 1 -1
24055 1 10 13 -1
13913 3 -1 15 -1
7598 3 6 -1
10513 1 -1
25968 0 9 -1
20258 0 -1 0 1 10 -1
1750 2 -1
11707 0 -1 0 5 6 10 -1 5 -1 0 1 5 6 -1
1298 13 -1 0 0 1 13 -1
8425 2 -1
1982 0 -1
18790 5 -1
13820 3 -1
25343 1 4 4 7 -1 14 -1 0 1 1 5 9 11 13 -1 2 -1 4 5 10 -1 7 -1
21882 1 9 -1
30064 10 -1 5 6 -1
19959 8 9 -1 8 -1 3 -1
24561 0 9 -1 3 6 -1 0 0 2 3 -1 0 6 -1 3 -1 11 -1 3 -1 6 -1 0 3 -1 9 -1 0 11 -1 0 0 2 11 -1
3284 14 -1 16 -1 14 -1
2120 8 -1 1 3 3 3 6 6 6 14 -1 1 8 -1 0 -1 14 -1 3 7 9 -1 1 -1 3 -1 0 8 -1 0 -1 9 -1
25397 0 -1 0 9 -1
17247 2 11 -1 13 -1
11403 0 -1
20614 1 1 14 14 -1
5890 0 -1 2 -1 0 0 11 -1 9 -1
5178 0 -1
1841 16 -1 0 5 -1 0 1 5 -1 9 -1 0 -1 1 -1 7 -1
1010 0 3 -1
13116 6 -1 0 5 -1
18651 6 -1
858 16 -1
29948 0 -1
22628 4 -1 13 -1 2 9 10 -1 1 4 5 9 -1
1226 4 -1
4950 3 3 6 -1
14162 8 -1 13 -1
23684 0 1 -1 0 -1
2649 0 1 -1
26167 4 -1
18056 0 -1 1 -1 2 13 -1 5 -1 13 -1 5 -1 13 -1 0 5 -1 6 -1
12755 3 13 -1 3 3 13 -1
9264 0 0 1 13 -1
21916 3 -1 3 6 -1
988 3 -1
11052 3 -1 5 14 -1
27993 3 -1 6 -1
25442 1 -1
29957 0 -1 4 -1
14138 0 0 6 -1
9875 0 11 -1 0 0 16 -1 10 -1
14761 0 1 13 13 -1
1435 11 -1
14905 1 3 3 4 5 7 -1 10 -1 2 6 -1 9 -1 13 -1 1 11 -1
22668 0 5 -1
25027 0 6 -1 0 -1 0 0 2 6 -1 6 -1 0 0 6 6 -1 0 2 -1 0 -1
29423 0 -1
20790 9 13 -1
12646 0 0 1 -1
31790 4 7 -1
9391 0 3 6 13 -1
25472 5 -1
6793 6 -1 3 6 -1
21567 10 -1
24208 0 0 2 2 5 -1 0 -1
4340 6 13 -1 2 3 -1 10 -1 9 -1 0 1 4 4 5 7 -1 1 1 14 -1
5024 0 0 1 2 9 -1
14805 0 2 7 13 -1
18713 0 5 -1 0 -1
9819 3 -1 8 -1
882 0 10 -1
217 1 -1
2169 1 -1
24237 0 11 -1
9120 0 -1
15696 0 -1
29476 3 6 6 -1 3 -1
6537 1 5 6 9 -1 5 -1
28041 0 11 -1
20577 0 -1 14 -1
6585 6 -1 5 -1 10 -1
28148 5 6 9 -1 1 5 -1
14334 1 -1
8049 0 0 0 1 5 -1
1676 11 -1 0 -1
13057 0 1 -1 4 -1
16783 3 -1
28319 3 6 -1
31787 6 -1 5 -1
31463 1 1 14 -1
27432 2 -1 1 -1 2 -1 11 -1 1 2 3 -1
17379 0 3 5 -1
20305 0 -1
29323 0 5 5 6 6 -1 10 -1 0 -1
8558 0 6 -1
6818 12 13 13 15 -1 7 -1
24079 1 10 -1 11 -1 0 2 -1 0 2 -1 0 -1
27861 4 -1 2 4 -1
22433 2 4 11 -1 0 0 1 4 -1 0 -1 11 -1
11309 0 1 -1 9 -1 1 11 -1 1 -1 9 -1
6597 3 -1 0 -1
13812 0 4 4 -1 0 4 -1 0 -1 0 4 4 -1
24007 6 -1 0 3 3 6 -1
25225 0 1 3 -1
30504 11 -1
18166 0 -1 0 3 4 -1
31562 13 -1
3856 0 1 1 1 1 2 5 8 9 -1 0 0 0 1 3 5 -1
10937 3 -1
5646 6 -1
5138 0 1 2 -1 2 -1
2552 1 -1
21780 6 -1
13675 8 -1
15012 3 -1 14 -1
11728 0 10 10 16 -1 10 -1
17067 5 -1
10050 8 -1
16380 1 -1
26497 0 6 -1 11 -1
10096 8 -1 0 0 0 8 16 -1 0 3 8 10 -1 8 -1
4285 14 -1 2 2 3 14 14 -1
6577 0 -1
2011 1 13 -1
23751 0 1 2 11 -1 0 -1
12957 0 6 8 -1 0 6 8 -1
9473 0 1 3 -1
818 0 -1 0 6 -1
30209 5 10 -1 1 7 -1 11 -1 2 -1
29265 0 8 -1
14544 0 -1
17046 0 -1 2 -1
23642 0 3 -1
11576 0 11 -1 10 -1 9 11 -1
3463 0 0 10 11 -1 0 -1 0 1 -1
23552 13 -1 0 -1
26921 1 -1
1199 0 5 -1 0 5 5 -1 1 -1 9 -1 1 -1 6 -1 0 2 3 -1
11064 1 2 -1
21175 0 5 -1
6806 0 6 -1
11524 13 -1
25083 0 1 2 2 14 -1 0 -1
15889 6 -1 5 -1
29247 0 0 8 8 -1 0 -1
11554 0 0 3 3 -1 0 6 -1
30718 0 0 0 6 11 -1
21136 3 3 6 -1
22580 0 12 -1 13 -1 0 -1 0 13 -1 13 -1
22967 0 -1 1 3 11 -1
24481 3 -1 1 4 7 -1
17623 4 -1
24632 0 0 4 4 -1
31205 1 2 2 13 -1
17566 0 1 2 -1 0 0 2 4 5 10 11 -1
14567 6 -1
755 1 -1 11 -1 0 1 -1
30917 8 -1
13550 0 -1 0 0 4 4 -1
9148 0 0 11 11 -1 11 -1 0 -1
23335 0 -1 1 11 13 13 -1 0 -1 2 -1
31650 0 -1 0 4 8 8 -1 3 4 -1
12907 0 -1 3 -1
21670 0 -1 0 1 5 -1 1 -1 0 5 -1 13 -1 0 -1
12087 9 10 -1
13175 0 -1
11856 1 3 -1
11503 3 -1
6777 0 3 3 6 -1
12035 11 -1
9678 13 -1
5708 3 6 -1
12100 7 8 8 9 -1
19291 0 -1
260 0 0 0 0 8 8 11 -1 0 11 11 -1
26912 0 -1 0 0 0 5 5 9 -1 5 -1
4651 10 11 -1
23404 2 -1 3 11 -1 13 -1
24806 12 -1
3950 3 6 -1 3 -1 2 6 -1
15684 0 0 13 -1
29692 0 1 3 -1
31315 0 3 -1
11474 1 -1
4363 0 5 13 -1
22184 1 5 9 -1 0 -1 5 -1
23427 9 -1
13893 5 -1
12291 13 -1
4266 13 -1
2764 4 8 -1
2236 14 -1
13040 9 -1
17149 0 -1
59 0 0 1 5 5 6 -1 13 -1
15620 0 1 3 3 6 -1 0 -1
27181 0 -1 0 8 8 -1
13047 5 9 -1 2 -1 10 -1
25738 2 -1
21612 0 -1 9 -1
6750 0 -1
31460 0 5 10 -1
8924 3 -1
28683 11 -1 8 -1 12 -1 2 3 3 8 -1
855 9 -1
26595 0 -1
31271 0 -1 0 1 -1 0 11 -1 13 -1 0 -1
18975 0 3 -1 10 -1
19268 0 -1 0 4 -1
4885 1 -1 7 -1 11 -1
5779 0 -1
3755 9 10 11 -1
3458 3 3 6 -1 3 3 6 6 -1 0 -1
15326 13 -1
16746 3 -1 0 -1 3 3 3 6 6 6 -1 3 -1
29102 5 8 -1 6 -1
30599 3 -1
17625 0 3 -1
24258 1 -1
25201 12 -1
19498 1 -1 0 -1 0 11 -1 0 11 -1 0 13 -1 1 -1 0 13 -1 0 0 1 1 13 -1
10561 0 1 -1
2126 1 -1 0 5 9 -1
9087 0 0 0 0 1 9 9 9 -1 11 -1 9 -1
5101 0 0 2 3 -1
18322 0 1 -1
25050 0 5 -1 0 -1
4901 0 -1
5296 2 5 10 -1
26071 0 2 -1 0 -1
8939 0 0 13 13 -1
207 13 -1 0 0 0 11 11 11 -1
31135 1 -1
24439 0 -1 1 -1
1536 0 -1 1 -1 14 -1 1 -1 0 0 16 -1 1 -1 0 -1 0 0 1 1 1 -1 0 4 -1 1 -1 2 -1
10728 2 13 -1
1760 0 1 10 -1
1744 0 -1 0 1 5 -1 0 -1 0 0 2 4 -1
7426 0 5 -1 0 0 11 11 13 -1
8780 0 11 -1
3695 12 -1
28144 1 -1
6731 0 0 11 11 -1
27212 1 11 -1
15096 0 5 -1 1 -1 3 6 -1 6 -1
11322 11 -1 0 -1 13 -1
1187 0 -1
27192 0 -1 5 -1 0 0 3 -1 6 -1 0 3 -1
28228 1 -1
9499 11 -1
7571 1 11 -1
3993 0 -1 0 16 -1
30439 0 1 -1
8582 0 1 1 3 5 -1
19867 11 -1
9590 3 11 -1 3 6 -1
26771 9 -1 13 -1
8303 0 0 1 3 16 -1
24142 0 -1 11 -1
2660 0 4 9 10 13 -1
25461 10 -1
25561 2 9 9 -1 2 9 -1 0 2 3 -1
11844 1 -1
691 3 14 -1 3 14 -1 3 -1
5589 0 1 -1 4 5 9 -1 7 -1
25756 0 12 -1
26572 3 4 -1
25179 1 -1
28983 11 -1
22382 0 6 -1
519 0 5 -1
22023 0 8 -1
30796 2 -1
24824 1 4 5 9 -1
30780 0 0 0 1 10 12 12 -1
26712 0 -1
30881 0 2 7 -1
20823 0 -1
9444 0 6 -1
13908 0 9 -1
28131 1 5 11 -1
5388 4 5 9 -1 7 -1 0 1 4 -1
19852 11 -1
20527 0 1 1 2 9 11 -1 0 0 0 1 1 10 11 13 -1
25236 1 11 13 -1 4 -1 6 -1
6877 0 0 1 1 16 -1
18111 8 -1
31660 1 -1
1038 4 9 14 -1 5 -1 6 -1 5 5 6 14 -1
15499 0 -1
4370 0 -1 0 0 1 1 -1 1 -1 6 10 16 -1
27632 3 -1
10239 5 8 -1
17622 5 -1 0 -1
29559 0 -1 11 -1 0 -1 11 -1 0 0 1 -1
24654 0 8 -1 10 -1 0 -1 0 3 8 -1 0 3 -1 3 10 -1 0 0 12 13 -1 6 13 -1 0 6 -1 0 0 4 12 -1 0 -1 0 0 7 8 -1 5 12 -1 0 -1
18267 3 6 -1
28749 0 6 -1
24520 3 3 6 6 -1 6 -1 3 -1
20238 1 11 -1
26971 7 9 -1
10716 10 11 -1
19351 0 1 -1
27303 3 3 6 -1
15189 0 -1
20145 4 -1
10013 0 1 1 -1 0 5 -1 5 -1 0 -1
11444 0 11 -1 1 5 5 11 -1
1232 0 0 6 -1 3 -1 9 -1
27600 6 -1
9981 0 -1 11 -1 0 -1
30829 9 11 -1
28658 1 6 11 -1 1 1 2 -1 14 -1
12938 13 -1 15 -1 13 -1 1 -1
25345 5 14 -1
23033 3 5 6 -1
21557 12 -1
12402 1 -1
11928 1 -1
5143 6 -1
3700 14 -1
26792 0 2 11 -1
26344 0 0 11 -1
25369 0 0 1 10 13 -1 0 3 -1 0 0 3 -1 0 13 13 -1
29415 0 13 -1 0 -1
9315 7 -1
28291 3 6 -1 3 -1 6 -1 3 -1 3 6 6 -1 3 -1
10832 1 3 3 6 -1 0 0 3 6 6 6 -1 0 9 -1 0 1 3 6 9 -1 6 -1 5 9 -1 3 6 -1
17078 0 0 2 -1 0 5 -1
22664 0 0 13 -1
4094 13 -1 0 2 2 3 13 -1
9841 0 -1
20928 7 -1 0 -1
21678 6 9 -1
27197 0 1 -1 0 1 -1 0 -1 1 3 14 -1 0 0 1 1 4 14 -1 0 1 1 -1 0 -1 1 13 -1 0 0 1 13 13 -1
29967 0 3 -1
26823 5 14 -1
2279 4 10 -1 1 9 -1
16801 4 -1 0 14 -1 1 -1 3 -1 14 -1
4392 1 9 -1
19388 5 5 6 6 11 14 -1
28011 1 -1
14617 0 3 -1
4133 11 -1
24501 12 13 -1
31706 0 13 -1
2863 1 3 -1
31 0 6 -1
20554 3 -1 0 -1
9415 14 -1
11085 2 7 -1 8 -1 7 8 -1
16923 0 0 3 3 3 -1
3267 8 -1 6 -1
18904 5 6 10 -1
6357 14 -1
30461 0 -1 5 -1 0 10 -1 11 -1
9210 10 -1 2 8 11 -1
8610 0 -1
20839 0 5 -1
11119 11 -1 1 5 -1
20347 3 7 -1
9693 0 0 2 4 4 -1 0 -1
5120 3 8 11 -1
18740 5 5 14 14 14 -1
11207 0 -1
1154 13 -1
20025 7 9 -1
24649 11 -1
877 5 -1 6 -1 1 5 5 6 8 -1 8 -1 1 -1
16788 3 -1 10 -1 1 -1 0 6 11 -1
21934 0 14 -1 5 -1 0 1 -1 0 -1
13821 0 0 9 -1 11 -1
29887 5 -1
2873 16 -1
15487 0 1 -1 1 -1 0 1 -1
2356 11 -1
28872 13 -1
432 3 -1
26904 6 -1 0 3 -1
1417 3 -1 0 -1
6499 8 -1
31255 0 1 -1 0 11 -1 11 -1 0 11 -1
5327 14 -1 0 5 -1 0 -1
15866 1 11 -1 0 0 13 -1
31718 0 -1
25789 0 9 -1 0 -1
23863 13 -1 0 0 8 12 13 13 13 -1
2372 0 -1
25679 1 -1 11 -1
17124 2 -1 0 1 -1 0 0 1 13 -1 1 -1 0 3 13 -1
937 0 8 8 -1
24575 1 -1
29963 3 5 -1 3 -1 5 -1 11 -1 0 -1
31233 0 0 1 1 16 -1
26759 0 1 1 3 9 -1
2740 0 16 -1 2 11 -1 2 11 -1
29457 0 5 -1 0 6 -1
1830 0 0 4 4 -1
18202 0 13 -1 0 1 1 -1
6242 9 -1 10 -1
27811 10 10 16 -1
27499 3 -1
26192 1 -1
4630 7 -1
24622 5 10 13 -1
27592 1 5 -1
8739 7 -1
10322 3 6 -1 3 7 -1 7 -1
6966 3 6 7 -1
10408 0 -1
23265 0 9 -1
4001 3 -1
26588 0 -1
26644 11 -1 0 -1 0 0 1 2 9 -1
5043 1 11 14 -1 16 -1
14820 5 -1 0 14 -1
18749 2 13 -1
22104 0 2 3 11 -1
1911 0 -1 1 -1 0 -1
1956 4 4 13 -1 13 -1
12253 0 0 3 6 -1 0 -1
19595 0 11 -1
4988 6 -1
1651 8 -1 4 -1 8 -1 0 2 -1
29547 1 11 -1
18012 0 -1
31044 0 0 2 8 8 -1 4 -1
25294 11 13 -1
12482 6 9 -1
11484 9 -1 5 -1
4883 0 1 -1
15946 1 -1
21367 0 3 4 5 -1 0 5 -1
2178 5 6 6 14 -1 5 -1 14 -1
66 3 -1
15768 5 -1
3247 9 -1
26308 5 5 6 -1
27029 5 -1
19550 0 1 1 -1 0 0 1 4 -1 1 -1 0 0 1 9 -1 0 1 6 -1 1 -1 0 -1 0 1 10 -1 0 1 -1 1 6 -1 6 -1
907 0 -1
17608 1 -1
1309 5 -1
2736 10 -1
24443 2 -1
2104 6 -1 5 -1 6 14 -1 4 9 14 -1
31379 0 -1
798 4 5 -1
29419 1 -1
30709 1 -1
13391 5 7 -1
10492 6 -1
6303 0 -1
27726 0 6 -1
1135 1 -1
6449 6 -1
27484 3 6 -1
15503 0 -1
8998 0 0 0 1 2 3 -1
9944 0 -1
7842 1 5 -1
27749 3 13 -1 0 -1 0 0 1 1 1 2 16 -1 0 -1 0 1 3 5 -1 1 -1
7420 11 -1 1 -1 11 -1 1 -1 0 4 5 -1
14136 3 3 3 6 6 6 -1
13041 6 -1 3 12 -1 7 -1
5943 3 6 6 -1 3 -1
26584 3 -1
198 3 6 -1 0 -1 0 7 7 -1
18595 5 -1
28505 12 -1 7 -1 6 -1
11012 0 4 -1 0 0 1 4 -1 0 1 4 -1 4 -1
21764 0 -1
1931 1 4 5 9 10 11 -1
6870 0 9 -1
8116 5 -1 0 5 -1
30552 4 -1 1 9 11 -1 0 4 5 7 14 -1 2 -1
7176 14 -1 3 3 14 14 -1 3 14 -1 2 -1
31143 3 -1
12735 2 -1
18375 11 -1 0 -1
9754 1 -1
5587 5 5 6 6 14 -1
6153 0 1 -1 2 6 -1
11722 6 -1 3 6 -1 5 6 -1
11607 0 1 -1 14 -1
8967 0 0 1 -1 0 1 1 -1 0 1 -1
8753 1 -1
12993 2 -1 8 -1 0 -1 3 6 6 -1
9988 0 -1 0 9 9 -1 1 -1
28346 5 -1 0 -1
12889 0 0 1 11 -1
10896 0 5 8 8 -1
19177 6 7 -1
18055 3 -1
21180 1 5 -1
2391 0 1 -1 0 -1
16466 0 -1
5675 5 7 -1
6052 13 13 15 15 -1
17658 11 -1
21279 0 0 1 10 13 -1 0 11 -1
583 1 -1
1068 1 1 13 13 -1
27472 0 6 -1
21118 0 3 7 10 -1 4 -1
12881 0 6 -1
16597 0 8 -1 1 -1
12728 0 3 -1
1686 0 -1
16037 0 0 3 3 -1 13 -1
17763 0 -1
458 0 1 1 3 5 6 -1 1 5 -1 0 3 -1 0 13 -1 3 -1 1 -1 0 -1 5 -1
19976 3 6 -1
30602 0 2 -1
12790 1 -1
26546 0 2 -1
30263 0 -1
26215 7 -1 9 -1
29817 5 -1
19441 0 1 -1 0 2 3 -1
15678 0 1 -1
22688 0 4 5 6 6 -1
23003 1 -1
30919 7 -1
9416 0 6 6 -1
4064 0 -1 1 -1
7292 5 -1
23097 9 -1
10326 1 9 -1
8476 0 3 13 -1
29039 0 0 0 2 4 10 -1
10745 0 11 -1
20922 0 11 -1 1 -1 0 11 -1 0 -1
16892 0 3 -1
21065 0 -1
28258 0 0 1 13 -1
27960 0 -1
22299 0 0 3 -1
29938 1 -1
15014 0 -1
8511 0 1 -1 0 -1 5 13 16 -1 6 -1
22300 0 3 -1 1 9 -1 0 11 -1 0 -1
20559 0 1 -1 3 -1 0 6 -1 3 -1 3 6 -1 0 -1
4673 0 6 -1
7770 4 9 -1
23737 0 3 -1 0 -1
392 3 6 -1 3 -1
3276 3 -1 6 8 12 -1
7320 13 -1
25709 0 1 13 -1
12701 0 -1
4209 0 -1
3439 13 -1
21238 0 1 -1
27077 0 -1
13655 0 -1
6079 1 9 -1
1286 8 -1
15187 0 2 -1 1 -1 0 9 -1 1 -1 0 16 -1 1 -1
31193 0 -1
9203 11 -1
5253 0 11 11 -1
24447 0 9 14 -1 0 1 -1
19037 3 5 7 -1
24682 1 -1
4012 0 6 -1 0 -1
16976 4 -1 0 -1 4 -1 0 -1
5895 2 -1
30960 13 -1
19454 0 11 -1
17059 0 -1
11166 0 -1
5230 0 1 5 6 6 14 -1
8025 11 13 -1 5 9 11 11 -1
27115 0 0 0 3 3 -1
5448 11 -1
23777 0 -1
18421 0 -1 1 -1
20494 5 -1
3085 3 6 8 -1
19992 1 3 6 7 -1 1 7 -1
25766 0 -1 8 12 -1
53 1 2 3 -1
17990 1 -1 8 -1 0 2 8 -1
762 4 9 14 14 14 -1
24533 14 -1
18469 0 7 -1 0 7 -1
19794 2 -1 0 0 0 2 3 11 -1
27112 0 -1 0 0 1 13 13 -1
25275 0 -1
28083 0 1 -1
5146 3 -1
17455 0 11 -1
11020 4 8 12 13 -1 12 12 13 13 -1
30407 1 -1 1 14 -1 5 9 -1 2 11 11 -1
23382 0 0 2 -1
11409 1 1 3 3 5 -1 10 -1 3 -1 3 5 6 13 16 -1
6871 0 2 5 -1
22634 7 -1
13082 0 -1
11645 0 0 2 9 14 -1 0 0 3 3 11 -1
18578 0 3 6 -1
22479 14 -1 5 -1
21604 5 9 -1
9659 0 3 -1 0 -1
3735 0 0 2 16 -1 0 4 -1 0 -1
7011 3 -1
14400 0 -1
298 13 -1 12 -1 12 13 -1
15214 11 13 14 -1 6 -1 2 9 10 -1 5 -1 4 7 -1 4 -1
27588 10 -1 16 -1
17480 3 -1
5660 1 6 11 -1 3 -1
19024 0 -1 0 0 1 9 11 -1 0 9 -1 0 -1
28704 0 -1
25753 12 -1
19522 13 -1
9171 1 7 -1
19494 0 -1
8699 10 -1
4516 0 0 0 4 10 11 -1
19732 14 -1 5 5 6 6 -1 6 14 -1 5 14 -1
5735 3 3 8 11 12 -1 7 13 -1 11 -1
1884 11 -1
9110 0 0 3 3 6 11 -1 13 -1
1273 3 5 6 6 -1
13561 0 6 9 -1
9786 0 -1
276 3 13 -1
31416 0 -1
18591 1 2 4 9 10 -1
26551 11 -1
9177 5 6 -1
18797 3 6 -1
9709 1 1 11 13 -1
22991 0 13 -1 0 -1 13 -1 0 0 13 -1 0 13 -1 13 -1
26840 1 -1
31128 0 -1
17036 0 11 -1
185 5 -1 1 9 11 -1 1 5 -1 5 9 -1 1 9 -1 5 9 -1 11 -1
16767 3 -1 8 -1
26457 7 8 -1
12004 11 -1
19091 13 -1
16483 0 9 -1 16 -1
30108 0 0 3 3 -1
5038 0 -1
6226 0 -1 0 11 -1
28110 0 0 10 -1
484 0 -1 1 -1 0 -1 0 1 -1 0 0 0 1 10 10 -1 0 1 -1
7776 5 -1
14593 0 1 4 -1 11 -1 0 10 -1 0 2 -1 0 -1
480 0 -1
26619 4 -1
17681 0 -1 0 0 1 1 11 -1 1 -1
19573 0 -1
2613 1 -1 3 5 -1
16840 13 -1
26273 0 11 -1 0 -1
11605 0 3 6 -1
5198 5 -1
10742 0 -1
22043 12 -1 0 -1
6896 6 -1 5 -1
14962 6 -1
23790 0 1 11 11 11 -1
10722 3 6 -1
12317 0 -1
10374 1 11 -1
15979 0 11 13 -1 0 -1
21664 2 3 -1 9 -1
19081 0 1 -1
29913 0 -1
2125 0 1 -1 0 0 3 -1 0 10 11 11 -1 0 -1
12906 4 4 5 5 5 -1
28518 0 0 4 10 -1 0 2 -1
27024 0 5 -1
11249 8 -1 6 -1
6972 7 8 12 -1
28811 11 -1
6954 0 4 -1
22401 5 -1
8076 0 0 11 -1
7466 16 -1
30424 3 -1 0 6 -1 0 -1 0 2 -1 6 -1 0 11 -1 0 -1
18588 1 10 -1
15658 16 -1 0 -1 13 -1 0 -1 0 11 13 -1 0 0 13 -1 3 -1 0 -1
23975 6 -1
7053 3 6 -1 3 3 10 -1
16745 0 0 3 -1 0 10 10 -1 16 -1 10 -1 0 -1
26678 0 -1 0 2 -1 1 -1 0 -1
3434 0 -1
29050 7 -1 1 2 4 5 9 -1
27347 1 9 -1
26222 0 0 1 9 -1
12405 0 0 2 -1
28194 5 -1 10 -1 2 9 -1 6 -1
17695 11 -1
1307 0 -1
22853 3 6 -1
29437 1 -1 7 -1
9979 10 16 -1 3 10 10 16 -1
18779 11 14 -1 6 -1 5 -1 6 -1 5 -1
29811 6 6 8 8 8 -1
3914 7 -1 5 6 -1
3145 1 -1 7 -1
3292 0 -1 13 -1 0 0 16 -1
3522 0 1 9 -1
16501 3 6 13 -1
5339 0 -1
15520 12 -1 8 -1 4 -1
11516 14 -1 2 5 14 -1
1313 1 3 4 -1
26622 10 -1
14229 2 -1
19829 4 -1
6100 12 12 13 -1 12 13 -1
19916 1 2 -1 0 0 1 1 -1
8622 0 -1
20608 5 -1
28964 13 -1
15525 0 0 13 13 -1
21448 0 2 3 -1
22607 3 8 -1
31291 13 -1 12 13 -1
31326 6 -1 0 -1 11 -1 0 -1
20483 0 -1
21224 7 -1
23909 2 -1
11203 5 5 6 10 -1 9 -1
18233 11 -1 0 -1
5426 0 -1
10086 0 -1
11563 10 11 11 -1
28878 1 7 -1 10 -1 8 -1 0 -1
24021 0 3 6 8 -1 5 -1
3186 1 7 11 -1
31534 2 11 -1 13 -1
11571 0 -1
24615 0 3 -1 0 4 11 -1
25533 1 -1 0 -1
7228 2 -1
15054 5 14 -1
18161 13 -1
28845 1 1 11 -1 4 6 -1 3 -1
28431 3 6 10 11 -1
12288 0 7 -1
985 0 0 1 1 -1
22464 0 11 -1
7601 0 13 13 -1
23070 0 10 -1
17384 5 -1 6 -1
28347 5 14 -1 9 10 -1 2 11 -1 13 -1 1 -1 6 -1 5 -1
3075 5 -1 5 11 -1 11 -1 5 -1 5 5 5 11 11 11 -1 11 -1
28583 2 -1
14346 7 -1 1 10 -1
4898 2 5 -1 0 1 -1
29422 0 -1 0 3 6 6 -1 3 6 -1 3 6 -1 0 -1 3 6 -1 0 3 -1 6 -1 0 1 3 -1 6 -1
12491 9 11 -1
3357 8 -1
12233 0 6 -1 0 3 3 6 -1 5 6 -1
4778 3 3 6 -1 3 6 -1
19882 1 -1 0 -1
18261 11 -1 0 -1
4508 3 4 -1
4275 0 0 1 -1
28162 0 13 -1 0 -1 3 6 -1
14842 0 1 9 -1
12425 5 5 12 -1 12 -1
2902 0 10 -1
24264 6 -1 0 3 3 6 6 -1 3 5 -1
25807 1 -1
19981 3 -1
1675 6 -1
866 0 -1
24081 10 -1
7782 3 13 -1
9413 0 -1
15519 1 14 -1 5 14 -1
17533 3 6 -1
2885 13 16 -1
161 3 -1
25625 0 -1
20850 1 2 8 9 -1
17728 0 1 -1
12308 1 -1 0 3 -1
12864 14 -1 4 14 -1
20997 0 -1 2 -1
16699 0 -1 1 -1
20083 10 -1 4 5 -1 4 7 -1 1 -1 0 14 -1
2503 5 9 -1
25744 5 -1
20807 5 -1 6 14 -1 5 14 -1 9 14 -1 4 5 14 -1
8037 3 -1
31004 1 7 -1
29918 0 0 2 -1 11 -1
24057 3 6 -1 3 3 6 6 -1
2693 0 -1 0 1 6 -1
17326 0 0 0 6 6 -1 6 -1
11841 11 -1 1 -1 1 9 -1 2 -1
26060 0 1 1 2 -1
3807 9 -1 0 0 4 -1 0 0 9 9 -1 9 -1 0 -1 0 9 9 -1 0 -1 0 9 9 -1
12836 3 -1
18471 1 -1 0 -1 0 10 -1 2 -1 0 1 -1 0 1 -1 0 9 -1 0 -1 0 1 -1
758 8 -1
22331 5 -1 8 -1
17422 11 -1 8 -1
12083 0 1 -1 0 -1 9 -1
11695 0 -1
22807 3 -1 5 -1
23792 0 3 -1 0 6 -1
9136 0 -1 3 -1 0 -1 0 13 -1
11719 1 -1
10372 1 5 6 -1 9 -1
1013 0 1 3 -1
9490 4 5 -1
23380 0 -1 13 -1
24980 15 -1
15044 0 5 -1 1 3 -1 0 3 -1 0 -1
29814 3 -1 3 6 -1 0 11 -1
6191 0 1 16 -1 0 -1 1 4 -1 1 -1
6936 0 0 8 8 -1 8 -1
10179 3 6 -1
11808 1 -1 9 -1
17975 1 4 4 5 -1 0 1 -1 11 -1 13 14 -1 10 -1 9 -1
4211 0 6 6 -1
16273 10 -1
25318 1 -1
5785 0 -1 11 -1
29047 0 13 -1 0 -1
30885 3 6 -1
27967 0 0 9 13 -1
23153 0 -1
25627 6 8 -1 6 8 -1
6783 1 1 5 14 -1
6929 6 12 -1
5368 0 -1 1 -1
29955 0 -1 5 6 9 -1 5 5 6 -1 0 1 5 9 -1 5 6 6 -1 5 -1 6 9 -1 6 6 9 -1
3174 0 -1 4 -1 0 -1 4 -1
25339 0 3 -1 0 -1
24805 0 -1 6 -1
11577 3 -1 0 -1
27781 14 -1
19893 0 -1
25226 0 0 3 13 -1 1 -1
17414 3 6 -1
5835 11 -1
19127 0 13 -1 13 -1
6843 7 -1 0 -1
7889 11 -1
22793 0 -1
18297 12 -1
8110 1 -1
8304 7 -1
2884 5 5 5 7 14 -1
16080 0 -1
9409 0 9 10 -1
6370 0 9 9 -1
1043 0 -1
18509 0 -1 11 -1 0 -1
13167 0 1 -1
23454 6 -1
26766 0 -1
17634 0 0 0 1 4 10 10 -1
828 0 1 -1 9 -1 0 6 -1 3 3 6 -1 10 -1 1 -1 3 10 -1 5 -1
11022 0 0 6 6 -1
26025 0 -1
4562 0 3 3 3 6 6 -1
26718 0 1 -1
25041 3 -1
3101 1 -1 0 0 10 -1
31782 0 0 14 14 -1 0 0 1 2 2 14 -1 5 14 -1 14 -1
17475 3 -1
28817 0 3 9 -1
26751 0 2 9 10 16 -1
31067 0 -1 10 -1
12093 14 -1
16172 0 -1
26356 0 0 0 6 6 -1
31309 11 -1
27981 5 -1 2 16 -1 16 -1
9478 0 -1
18960 0 0 3 11 -1
5470 0 0 1 5 5 -1
25817 3 -1
14560 5 -1
30340 12 -1
21996 0 -1
2910 13 -1 0 10 16 -1 0 0 3 6 13 -1 9 -1 0 -1
14292 6 -1 0 -1 1 -1
27023 4 4 5 14 -1
7138 0 -1 1 -1
16679 1 5 -1 5 -1
26429 3 9 -1
19742 14 -1
27202 1 3 3 -1
575 0 7 8 8 -1 6 -1 3 -1 0 -1 0 3 -1 7 8 -1 8 -1 7 -1 1 -1 1 6 8 13 -1
31377 0 -1
31780 4 -1 8 11 -1 4 -1
18387 5 6 -1 5 -1 6 -1
24783 0 1 2 10 -1
25768 0 11 -1 1 11 -1 0 -1 9 13 -1
6407 0 -1
24749 0 -1
27570 6 -1
28251 1 3 -1 0 0 1 3 6 6 -1
15533 1 -1
11840 3 -1
10394 3 6 -1
6137 3 6 -1 10 -1
31535 5 10 10 16 -1 2 -1 6 9 11 13 -1 1 -1
9937 0 4 -1 4 -1
9295 0 6 -1
3981 2 -1 1 5 -1
2834 0 3 11 -1
12075 5 -1 0 0 10 -1 1 -1
14869 1 -1
4999 13 -1 0 6 -1
15659 4 -1 3 8 -1
18812 0 3 6 -1
7155 7 -1
20642 2 -1 1 6 -1 0 1 3 -1 1 -1
13688 2 5 6 9 -1
22683 1 -1
19008 1 5 -1 0 13 -1
26126 4 -1
6688 0 0 0 11 13 -1
31720 5 5 14 -1
15700 9 13 -1
11162 3 -1 1 13 -1
31005 14 -1
21565 8 -1
11293 0 5 7 -1
5390 4 5 -1
28642 0 0 1 5 10 -1 0 0 1 -1
12495 10 -1
21473 0 -1 2 -1
12219 0 0 6 6 -1
844 0 -1
30672 1 -1
4231 0 0 5 -1
8620 0 -1 2 -1
3688 1 -1 0 -1
16686 3 -1
25658 0 6 11 -1 0 11 -1 0 3 11 -1 0 -1
3760 3 -1 2 -1
3071 0 13 -1 6 -1
1590 3 6 -1 13 -1 3 6 12 -1 13 -1 15 -1
2303 0 13 -1
26310 0 11 -1
6059 4 -1
16332 0 -1
6083 2 -1
19435 8 10 -1
4049 0 9 9 -1 0 -1 9 -1
11050 0 0 1 -1
16367 0 1 2 3 -1 0 10 -1
9363 3 5 -1 0 2 -1
16047 2 6 9 10 -1 0 1 3 11 13 -1 1 -1 3 -1
27401 0 0 1 5 -1
27690 0 0 3 13 -1
25289 1 2 -1
18170 3 -1
12665 3 -1
17674 0 3 -1
22732 0 11 13 -1
22535 3 6 8 -1
26375 0 1 6 -1
2668 0 -1
7058 13 -1
23681 2 -1
4165 1 3 6 -1
26754 6 12 -1
16349 0 0 0 1 11 -1
13763 3 8 -1
29282 3 6 -1 3 -1
2996 0 -1
92 6 8 -1
31390 5 -1
21424 0 0 1 1 -1
1130 13 -1 0 -1
15511 0 5 -1
11072 11 -1 5 -1 3 10 16 -1 16 -1 4 -1
3955 9 -1
21637 0 -1 0 5 6 -1 5 -1 5 6 -1
20611 13 -1
15250 0 -1 0 4 -1
19820 1 -1
881 0 0 10 -1 1 -1 0 -1
5594 11 -1
25241 1 -1
22067 7 -1 2 4 5 6 9 10 -1
27938 1 -1
22754 5 6 6 -1 5 -1 5 6 -1 5 6 -1 5 6 -1
15369 7 -1 6 -1
5474 1 5 -1
18623 8 -1
31559 0 -1
7962 0 -1
14986 11 -1 10 -1 16 -1 3 6 -1
31117 0 -1
4658 3 -1
11677 0 7 -1 0 -1 7 -1 0 -1 0 7 -1
11163 1 5 -1
28080 13 -1
3410 3 -1
14052 0 -1 11 -1 0 -1 11 -1
29825 1 -1
17696 0 -1
4267 3 6 -1 1 3 6 11 -1 1 -1
16249 0 2 -1
13664 0 10 -1 10 -1
5132 0 5 -1
12870 10 -1
29778 0 0 1 9 -1
22083 2 -1
4954 3 -1 0 -1
3910 0 3 -1
17618 12 -1 3 13 -1 8 -1 0 -1 0 13 13 -1
19093 0 3 -1
13317 3 -1
19323 1 -1
28738 0 1 6 -1
13452 16 -1
15670 0 1 -1 1 -1 0 -1 1 -1
9341 0 1 16 -1 0 9 -1 9 -1
30589 0 5 -1
7090 0 3 -1
25509 0 10 -1 0 16 -1
18254 1 11 -1 0 0 3 -1 1 -1
7283 0 -1
31073 14 -1
16033 0 3 -1
3418 0 -1 0 13 -1
16652 14 -1 0 2 10 -1 0 -1 1 2 14 -1 14 -1 1 3 -1 1 -1 0 -1 1 -1 0 -1
5938 8 -1 0 5 6 -1
6592 0 1 -1
21160 0 0 10 -1
5833 4 -1
29035 0 1 -1
31149 1 2 -1
1433 0 10 11 -1 0 16 -1
15027 0 1 1 4 9 14 -1 1 -1
30008 0 11 -1
10078 11 -1 10 -1 0 11 -1
9317 12 13 -1 13 -1 12 -1 12 13 -1 12 12 13 13 -1 5 5 6 6 -1
26777 5 -1
24124 0 7 -1 0 14 -1 0 10 -1
24160 3 -1 2 6 -1 10 -1 9 -1
18721 9 13 -1
12554 0 -1
13269 1 3 6 9 -1
29916 0 0 1 10 -1 0 11 -1 0 -1 0 11 11 -1 0 3 3 11 -1
2722 10 -1 9 -1 4 -1
17276 1 3 5 -1 0 1 13 15 -1
431 1 -1
12029 0 5 15 -1
13823 0 0 0 5 6 6 6 -1
29370 3 5 -1 1 13 -1 10 -1
16937 1 -1
27387 5 14 -1 0 -1
1075 0 3 -1 0 -1
19052 0 5 -1 6 -1
30035 3 4 -1 1 -1
8827 1 -1 5 -1 1 -1
16506 0 0 11 11 -1
3372 0 -1
23009 13 -1
10771 0 1 -1 0 -1 0 2 -1 1 -1
9812 0 -1 0 1 -1
14653 7 -1 8 -1
24956 2 3 3 3 6 6 7 7 -1 6 7 -1 3 -1
16069 0 0 1 13 -1
3427 6 -1
20546 6 -1
26243 0 -1 1 -1 5 -1 6 -1 0 -1
27445 5 14 -1 5 -1 14 -1 5 5 14 -1
30697 0 3 -1
3445 0 6 -1
22575 11 -1 0 4 10 16 -1 0 -1 0 3 5 11 -1
13252 0 -1
30072 5 6 -1
28106 0 1 1 3 3 -1
28654 4 -1 2 -1 0 -1 2 -1 0 4 -1
1198 3 10 -1
13990 0 -1
23112 0 1 3 3 6 -1 1 3 6 -1
30950 3 -1
19561 0 -1 9 -1 0 0 3 3 6 6 -1
20404 6 7 -1 2 8 8 -1
23055 3 -1
13646 10 16 -1
5527 0 9 -1 0 -1 2 -1 0 -1
25948 0 -1 0 10 -1
2345 9 -1
4716 8 -1 0 10 -1 1 -1 3 -1
23373 13 -1 0 0 2 13 -1
3114 0 0 10 -1
13700 0 -1 0 13 -1 13 -1 0 -1 0 2 3 -1 1 -1 0 -1
390 1 1 2 2 5 11 -1
28483 0 -1 13 -1 0 -1 1 -1 0 -1 0 13 13 -1 0 6 13 -1 13 -1 0 13 -1
4487 1 -1
25647 3 -1
6564 13 -1
3773 0 -1
27548 3 -1 7 -1
21248 1 -1
31708 10 -1
3295 9 -1 0 0 0 1 1 1 9 -1 0 0 2 10 -1
1385 1 14 -1
14772 4 -1
3556 2 10 -1
23557 4 -1
23540 6 -1 3 -1
20628 0 4 11 -1 0 0 1 -1
20379 3 13 -1
10691 3 6 6 7 -1
6872 0 -1
19653 5 9 16 -1
16261 2 -1
7906 12 13 -1
2116 1 3 6 7 9 11 -1 1 3 6 -1
12015 0 0 1 -1 3 6 -1 3 6 -1
19619 8 12 -1 0 -1
6781 0 10 -1
21838 0 13 -1
29358 5 -1
4118 5 9 -1
21197 0 10 -1 0 -1 5 -1 0 -1 0 5 -1 0 5 -1 0 5 -1 0 5 -1 5 -1 0 -1
11933 0 0 13 -1
24409 0 9 -1 0 0 0 9 9 -1
448 5 5 6 9 -1
1978 0 0 11 -1
1937 0 2 11 -1
4865 8 -1 11 -1
1037 6 -1 0 5 5 -1
8651 0 -1
22137 6 -1 0 1 3 5 -1 1 6 -1
31301 0 -1 13 -1
23738 0 3 3 -1
5599 0 -1
28514 1 -1 9 -1 4 -1
21688 5 9 15 -1
24702 13 -1
22471 0 -1
32 0 -1 1 -1
16472 0 9 -1 7 -1 1 -1 7 -1 1 9 -1 0 -1 11 -1
8061 2 -1 9 -1 3 6 -1 1 3 6 -1
23782 3 -1
20915 13 -1 7 12 -1 12 12 13 -1
790 3 5 -1
17270 0 0 0 9 11 -1
27582 1 3 -1
11528 0 -1
14723 1 -1
24737 1 5 -1
30157 0 -1
10609 0 1 13 -1
28460 3 -1
7551 1 3 -1
29931 1 3 -1 3 6 -1 13 -1 3 -1 1 5 -1 1 13 -1
14819 0 1 -1
7958 8 -1 8 10 12 -1 12 13 -1 0 8 -1 0 10 13 -1 5 -1 0 4 5 10 -1
28779 13 -1
20261 1 1 1 3 13 -1 13 -1
6070 7 -1
4453 0 -1 0 0 1 11 -1
3686 0 13 -1
28099 0 0 13 -1
25924 4 -1 0 -1
2271 11 -1 0 -1 0 6 10 -1 3 3 6 -1
16135 1 -1
6376 3 3 14 -1
104 13 -1 0 -1
3127 1 -1 2 13 -1 3 9 13 -1
6021 6 -1
16705 0 -1
15448 0 -1
5720 9 -1
30298 14 -1 1 6 9 -1
16063 0 -1 3 6 -1 1 -1 0 3 6 -1 1 -1 3 6 13 -1 0 -1 0 3 6 7 -1 1 -1 0 13 -1 3 -1 3 6 -1
5352 6 -1
6265 5 -1
9275 3 -1
6926 1 -1
7353 0 13 -1
19902 3 -1
10509 0 0 1 11 -1
12940 11 -1 8 11 -1 8 11 -1 8 11 -1 8 11 -1 8 -1
6584 2 -1
26372 6 -1 6 9 -1
8091 0 2 11 -1
12044 5 -1 1 2 3 6 -1
26181 3 -1
26499 11 -1 0 -1
20214 0 10 -1
21115 0 -1 6 -1 0 -1
15747 13 -1
11954 5 6 -1
1365 0 -1 1 -1 0 1 -1 0 -1 1 -1 0 0 1 -1 1 -1
14939 10 14 -1 2 -1
2498 0 1 -1 0 1 -1
13149 5 -1
23901 7 -1 1 3 13 -1 1 -1 8 13 -1 0 1 -1
4622 13 -1
4086 0 -1
18118 1 1 3 9 -1
20128 0 0 9 -1 10 -1 0 -1 13 -1 0 -1
22747 0 0 2 9 -1
18974 0 2 -1
20567 3 -1
28630 3 -1
3980 0 1 3 -1
29943 0 -1 0 0 10 13 13 -1 11 -1 13 -1 0 -1 11 -1
5063 14 -1 3 6 7 -1 3 6 7 -1 3 -1 7 -1 3 3 7 -1 14 -1
2373 0 1 2 -1
25624 0 0 1 1 -1 13 -1 0 -1
4089 13 14 -1 6 -1 0 3 8 -1 12 -1 13 -1
2399 0 14 -1
21854 3 3 3 6 6 6 6 -1 3 -1 6 -1 3 -1
15752 3 8 -1 2 13 -1
8324 0 -1 6 -1 3 6 -1 3 -1 3 14 -1 3 5 -1
8380 7 -1
18624 0 0 16 -1
12784 0 0 13 -1
20176 6 -1 0 -1
8609 0 0 1 10 -1
31312 1 13 -1
13845 3 -1
10291 0 1 3 -1 11 -1 0 -1 2 -1 0 -1 0 0 0 1 1 3 3 6 6 -1 1 5 -1 1 -1 0 1 -1 0 11 -1 0 14 -1 0 -1
29069 4 -1
31743 0 11 11 -1 0 0 11 -1 0 6 -1 5 -1 0 -1 5 -1 0 -1 0 1 -1 6 -1 0 3 -1 0 6 -1 1 -1 0 1 -1 0 1 -1 0 -1 0 0 1 1 -1 1 -1 0 -1 1 5 -1 0 -1 5 -1 0 -1
435 3 -1
27251 0 3 -1 0 0 11 -1 0 6 -1
31726 4 4 8 -1
21533 0 -1
10395 1 -1 4 5 11 -1 0 -1
26435 8 -1
1259 14 -1
3694 11 -1 0 -1 1 -1
12436 0 1 1 14 -1 1 3 14 -1
13120 1 7 8 -1
28277 0 0 2 10 -1 11 -1 0 -1 0 11 -1 11 -1 0 11 -1 0 -1
8357 0 6 -1 0 6 -1 0 6 -1
29869 0 1 5 -1 1 -1
12327 0 1 1 -1 0 -1
2527 0 1 1 15 -1
18781 3 5 -1
8276 10 -1
12230 6 -1
8572 13 -1
10596 0 0 7 7 7 -1 0 7 -1
14471 0 2 -1
21430 2 11 -1 0 -1
28169 1 6 -1
27427 11 -1
7541 0 4 -1
20693 1 3 6 -1
21875 0 13 -1
12702 0 5 -1
23433 2 8 -1
31088 0 9 -1
7082 0 0 5 5 -1
13023 5 6 -1
15559 1 -1 6 -1 3 -1 0 1 8 -1
5451 0 4 -1
21446 10 -1 0 0 11 11 -1 0 -1 0 1 -1
19386 2 -1
13631 0 1 11 -1 0 10 -1
1894 6 -1
6349 4 9 -1 0 1 -1
15462 11 -1
4801 0 -1 0 1 -1
22437 0 13 -1
8391 0 -1
16227 1 -1 0 13 -1
11192 0 12 -1
21364 0 9 13 13 -1
18277 5 -1
14787 0 0 13 13 13 -1 0 0 13 13 -1
9042 14 -1
2795 5 -1 0 -1
25752 1 7 -1
5941 0 -1 3 6 -1 0 1 2 -1
15095 1 -1
15528 0 3 -1
30274 10 -1
2842 0 -1
20116 0 13 -1 13 -1 0 -1
22711 2 -1
8152 3 -1
24660 2 -1
18778 14 -1
26655 0 5 -1
23626 0 13 -1
8028 0 13 -1
24076 0 6 -1
26520 0 1 2 -1
22266 0 -1
30854 10 -1 3 -1 0 3 6 -1 0 5 -1 0 5 5 -1
15523 0 -1
15804 1 11 -1
3946 6 8 -1
870 11 -1 0 -1
4092 0 13 -1 0 -1 3 -1 0 1 5 -1
16513 6 -1 3 -1
17517 13 -1
2531 0 -1
12201 0 1 2 9 10 13 -1 5 -1 3 -1 2 -1 10 -1
5011 1 -1 0 0 10 -1
21676 5 -1 0 0 1 5 5 -1
13291 0 -1 2 -1
28076 0 11 -1
24403 3 -1
10588 5 -1
19472 0 9 -1
14268 1 -1 1 5 -1
6902 11 -1
25986 0 -1
7997 2 11 14 -1
18197 0 11 -1
7077 0 11 -1 0 -1 11 -1 0 10 -1
18103 6 -1 0 1 -1
16826 6 -1 5 -1
3252 5 -1 0 -1 0 1 -1
4048 0 -1
8292 0 -1
4426 5 7 10 -1 1 -1
5692 1 13 -1
4098 0 0 1 -1 0 0 1 10 -1 13 -1
10766 13 -1 0 -1 13 -1 0 -1 9 -1 0 4 -1 0 -1 0 4 -1 0 0 4 10 -1
25833 12 13 -1
11392 0 0 2 5 9 9 -1
11617 6 -1 9 -1
4655 11 -1
29326 0 -1 0 3 3 6 -1 8 -1
11153 3 -1
4318 9 -1 5 -1
12731 6 -1
1721 0 4 -1
30743 4 -1
19488 0 1 5 14 -1 1 -1 11 -1
23715 3 -1
10894 0 -1 11 -1 0 -1 1 -1 0 -1 0 11 -1
19397 8 -1
6098 1 -1 9 11 -1 11 13 -1 1 13 -1 11 -1 1 -1 11 -1 10 -1 3 4 9 16 -1
3015 5 7 -1
30394 3 -1 10 -1 0 0 10 -1
8146 0 -1 0 5 5 -1 0 -1
16171 5 5 5 6 6 -1
30668 16 -1
19721 3 -1
8344 11 14 -1
14760 3 -1
29273 6 13 -1
14490 0 -1
704 8 -1
22448 0 3 -1
27664 1 9 -1
23744 14 15 -1
17286 0 0 1 -1 1 -1
23935 7 -1
9462 9 -1 12 -1
2287 0 -1
31029 5 -1 3 6 -1
4083 1 -1 0 1 -1
23587 10 -1
15604 0 0 1 -1 0 1 -1 13 -1 0 1 -1 4 11 -1
22831 0 5 5 -1
19061 7 -1 0 -1
5982 0 10 10 -1
20195 0 1 1 4 5 9 9 13 14 -1
25849 0 0 3 -1 0 5 6 -1
2395 5 -1 1 7 7 -1
10647 0 -1
16341 8 -1 6 6 8 8 -1 3 6 -1 6 -1 3 -1
12763 0 3 -1
3464 5 5 9 9 9 -1 5 -1
18989 8 -1
31709 1 2 8 8 -1
11568 2 -1 0 -1
11753 1 -1
27385 0 5 -1
14084 0 6 -1
30528 0 -1
28374 5 -1
28358 9 -1
29746 0 2 3 9 -1 3 -1 0 -1
14817 5 -1 0 0 9 -1
23184 0 3 -1 11 -1
6220 0 -1
25103 0 1 -1
6167 0 -1 0 13 -1
14534 13 -1
25450 0 10 -1 0 -1
26094 0 6 -1 0 6 -1 0 -1
31227 5 -1 9 -1
29439 11 -1
8976 12 13 -1 13 -1
29097 0 1 1 -1 0 -1 1 -1 0 1 -1 0 9 -1 0 0 1 -1 0 0 0 1 1 1 -1 1 -1 0 -1 1 -1 0 1 -1 0 -1 1 -1 0 -1 0 1 -1 0 1 -1 1 -1 0 1 -1 3 -1 0 9 -1 0 -1
10533 0 3 6 -1
5324 0 1 1 3 -1
28985 5 -1 14 -1
16991 0 4 4 -1
12187 9 -1
10658 5 -1 6 -1
15108 1 -1 0 -1
9388 0 2 -1
21650 5 6 -1
5083 0 -1
15156 3 -1
29874 4 -1
22453 8 -1 2 8 -1
30903 0 13 -1 16 -1 0 10 -1
14259 0 -1
26489 6 -1
18420 1 3 6 -1
31462 0 -1 0 6 16 16 -1 0 16 -1 3 -1
13494 3 -1 1 3 6 10 10 -1 1 3 -1
19404 5 -1 6 -1 0 -1 6 -1 0 3 -1
1468 0 0 6 11 -1
20866 1 5 6 -1
31528 10 -1
26815 0 4 4 -1 0 -1 0 3 4 4 -1
9016 11 -1
7671 0 1 -1 11 -1 0 -1
28425 13 -1
22123 11 -1 1 4 -1
17017 1 -1
28958 1 2 -1
28969 5 -1 5 9 9 13 13 -1
23617 1 2 6 6 -1 0 0 1 1 10 -1
7436 3 6 7 7 12 -1 6 -1 3 7 -1 3 3 6 6 7 -1
6897 1 10 -1 2 3 -1
25328 5 -1
19197 0 5 -1
9375 5 -1 0 5 -1 0 1 -1 14 -1
5616 3 6 -1
13733 0 -1
9004 14 -1
13840 0 1 -1
6219 0 -1 1 3 11 -1 1 -1 16 -1 0 11 -1 0 -1
9701 4 -1 0 -1
29435 0 11 -1 13 -1
20812 3 6 -1 6 -1 3 -1
4511 0 -1
878 0 3 -1 0 10 -1 0 -1 2 -1 0 -1 2 -1 0 -1
7560 3 -1
24613 2 -1 0 0 2 -1 4 -1
16564 0 5 -1
19039 0 -1 11 -1 0 3 -1 0 0 0 3 14 -1
615 0 -1
15851 0 0 0 1 4 -1
12688 11 -1 4 -1 0 1 1 4 7 -1 1 -1
7853 4 -1
5973 0 11 -1
8643 0 0 1 1 1 5 -1
19015 0 4 -1
5925 0 11 -1
3216 0 13 -1
13226 0 -1 11 -1 0 -1
14999 9 -1 7 -1
16986 0 0 6 6 -1 2 -1
21211 0 5 -1
22800 0 -1
22109 3 13 -1 6 -1 2 -1 5 9 10 -1 4 7 -1 4 -1 1 14 -1 0 1 -1 13 -1 11 -1 9 -1 2 -1 5 10 -1 4 -1
29980 3 6 -1 1 -1 1 1 3 7 7 -1
67 5 -1 3 6 -1 1 -1
24433 5 6 8 -1
25199 1 -1
24562 3 -1
23528 8 -1
28001 9 -1 1 -1 4 -1 0 6 -1 0 3 -1
25736 0 0 13 13 -1 0 0 3 6 -1
526 8 16 -1
6740 0 1 -1 16 -1 0 -1 0 1 1 9 9 -1
20393 4 5 -1 0 -1
16182 0 4 -1
18747 0 9 -1 0 1 -1
12952 0 -1
30411 6 11 14 -1
3105 3 6 10 11 16 -1 10 -1 16 -1
30896 5 6 -1
24019 0 -1 2 -1 14 -1 0 2 4 11 -1 0 4 11 -1
7361 0 11 -1 6 11 -1
29756 4 -1 4 14 14 -1
30810 0 1 10 -1
11290 9 11 -1
14937 0 0 12 -1
6492 6 -1
31630 1 -1 5 -1
19597 0 -1 13 -1 0 13 -1 0 -1
22625 0 11 -1 11 -1
31612 0 1 9 -1
26194 0 13 13 -1
3263 3 -1 0 1 9 11 -1
14713 2 -1
23602 2 -1
2207 6 -1 5 -1
9080 9 -1 3 6 6 -1 3 -1 3 6 -1
18644 11 -1
3178 4 8 -1
30882 6 -1 0 6 11 -1
16709 0 0 4 -1
698 0 3 4 -1 0 13 -1 0 13 -1
25349 7 -1
6245 0 -1 7 -1
18617 3 6 12 -1
18222 6 -1 0 -1 1 -1 0 10 -1 0 -1 5 6 -1
21031 9 -1
14448 9 -1
19631 1 4 -1 0 0 1 2 3 4 -1
14441 3 -1
17978 5 -1 0 9 -1 9 11 -1 4 -1 7 9 -1 1 7 -1
22258 0 6 -1 3 -1
25480 0 0 0 1 2 10 -1 9 -1
19716 1 -1
12601 3 6 -1 6 -1
1542 5 8 -1
2521 0 -1
14068 0 0 3 -1
10984 8 12 -1
17500 14 -1 0 -1 0 1 4 -1 0 -1
12256 6 -1
7372 8 -1 3 -1 0 5 5 8 -1
31440 0 2 -1 0 0 13 -1
26573 1 6 10 11 13 -1
27041 0 13 -1
31442 10 -1 2 13 -1 2 -1 5 -1 8 -1
29749 6 6 9 9 -1 1 -1
438 0 3 10 14 14 14 -1
