1589
21602 0 2 -1 1 -1 5 -1 1 -1 1 1 3 14 -1 11 -1 2 3 6 13 -1 10 -1 5 9 -1 4 4 7 -1 1 -1 0 1 -1
5638 5 -1
7361 0 11 -1
17915 0 11 -1
23909 0 0 15 15 -1
18024 1 10 10 -1
28119 3 -1
14928 1 -1
28642 1 -1
24189 0 0 1 3 -1
6219 0 1 1 5 7 9 -1 1 9 -1
28694 8 11 13 13 15 -1 7 11 13 15 -1
31045 1 3 5 -1
13595 0 0 1 -1 0 1 -1
10063 0 -1 1 -1 0 1 5 -1 1 -1
1349 5 9 -1 3 -1 4 -1
19039 0 14 -1 14 -1 4 -1 0 -1 14 -1 4 -1 14 -1
6896 9 -1
22983 0 2 3 7 -1
13812 0 -1 0 4 -1 0 4 4 -1 0 -1
1239 0 -1
13060 9 -1 6 9 -1 6 -1
25236 3 -1 6 -1
6026 1 11 -1
26356 6 -1 0 6 -1 0 6 -1
22109 7 -1
5773 8 -1
28599 4 7 -1 0 0 4 -1
19581 13 -1
28927 0 3 -1 0 -1
3747 8 -1
7849 0 -1 0 1 -1
26323 1 -1
1930 1 1 3 9 -1 3 -1
3292 10 -1 0 -1
4852 9 -1 1 -1
15946 3 4 5 6 -1
31720 1 -1
20176 3 6 -1 3 -1 3 6 -1
28013 0 2 -1
8116 0 5 -1
9890 0 -1 1 -1
8329 2 -1
2895 0 -1
985 0 -1
12829 5 -1
1075 0 1 3 -1
24447 0 1 -1
19681 10 -1 0 -1
24750 0 10 -1 0 -1 11 -1
3487 0 -1
9210 9 -1
25624 13 -1
13040 0 0 9 9 -1
18282 0 4 -1 4 5 -1
2178 1 9 14 -1
13338 5 9 -1
21916 7 -1
278 3 -1 0 6 -1
13146 6 -1
13674 5 5 10 -1 10 -1 0 -1
4092 0 3 -1
26644 0 -1
2030 0 5 5 10 -1
27414 0 13 -1
10037 11 -1 5 -1
1737 3 -1 1 5 11 -1 6 8 -1 0 2 -1
8880 3 6 -1 2 -1 10 -1 9 -1 5 -1
11330 0 -1
20795 10 16 16 -1
2721 0 -1
21217 9 -1 8 -1
1780 8 -1 5 6 -1 8 -1
25343 2 11 13 -1 5 15 -1
13561 8 -1
5872 7 -1
22501 15 -1
21279 13 -1 0 -1
34 0 7 -1
19416 5 -1
31279 0 -1
704 0 0 5 -1 5 -1
5327 13 -1 0 -1 0 13 -1
26372 9 -1 5 -1 5 9 9 -1
26114 1 1 3 11 -1
7235 0 0 2 6 -1
8026 3 -1
22487 0 0 2 16 -1
10152 6 -1
23317 5 5 6 -1
15580 14 -1 0 5 -1 5 -1 0 5 -1
2279 0 0 1 9 11 -1 1 -1
5474 5 -1
9274 0 -1
24674 5 -1 0 -1 14 -1
6104 0 -1 1 5 -1
7113 14 -1
414 0 -1
3071 0 -1
6511 0 2 -1
12233 0 3 5 5 6 6 -1 3 6 -1
27568 3 -1 1 -1 0 -1
23587 16 -1
29971 0 -1 11 -1
14350 4 14 -1 1 -1 0 1 2 -1 1 11 14 -1 0 1 11 14 -1 13 -1 1 2 4 5 6 7 9 -1 1 4 -1 0 -1
29107 4 -1
7598 3 -1
19488 2 5 9 10 13 -1 4 -1
19472 0 -1 1 -1
4024 0 1 -1
13765 0 -1
11153 0 -1
8827 0 -1
26367 8 13 -1
25413 5 9 14 -1
9158 0 11 -1
1048 4 4 14 -1 14 -1
8098 6 13 15 -1
11524 14 -1
20217 2 11 -1 1 -1
5992 0 8 -1
11991 8 13 -1
17978 1 -1
26080 13 -1
27482 7 11 -1
28258 0 -1
20623 0 0 1 4 6 -1 0 4 -1 0 0 0 1 4 9 -1
22214 5 6 6 -1
10112 12 -1
26295 1 -1 0 -1
16513 6 -1
19501 3 -1 0 -1
11554 0 0 3 3 -1 0 -1
7614 7 -1
14645 9 -1 11 -1 0 9 11 11 -1 1 -1
24932 5 14 -1 5 5 10 14 -1
30280 2 3 3 4 6 -1 5 14 -1 1 -1
11309 0 9 -1
27427 0 13 -1 0 1 -1
10897 1 7 11 -1
11576 0 2 -1 0 1 -1 1 -1 0 -1 0 9 10 10 -1 2 -1
15752 11 -1
3384 1 -1 0 -1 1 -1 0 0 1 1 5 -1
24207 1 11 -1
11197 0 11 -1
951 1 -1
6413 0 11 13 -1
29547 11 -1
22542 0 2 -1
7699 0 -1 0 11 -1
23282 4 -1
27485 0 -1
25363 7 9 11 -1
31462 5 -1 5 6 6 14 -1
18373 0 -1 0 2 -1
5938 5 6 -1
24617 14 -1 1 14 -1
18907 0 -1
10488 5 5 10 10 -1
11278 4 9 -1 10 -1 16 -1
18623 3 -1
29132 9 -1
12199 0 1 15 -1
3726 0 -1
6153 0 0 11 -1
21438 5 -1
28982 0 -1
30092 0 1 1 -1 0 0 1 3 -1
28289 3 -1
27219 1 1 1 3 5 -1 13 -1
30103 0 -1
23938 13 -1
5352 3 -1
12521 0 -1
20498 0 -1 0 4 4 -1 0 11 -1 0 -1
19923 0 5 -1
13664 0 13 -1
4905 0 5 -1 0 -1
2209 9 9 10 -1
29333 0 -1 0 1 -1 1 -1
17888 1 -1
19650 4 -1
31139 1 -1 1 3 -1 2 -1
25640 0 10 -1
20964 6 -1
2125 0 1 11 -1
14292 6 -1
5964 0 -1
28515 3 -1
27885 0 4 10 -1
20334 0 -1
13047 1 9 -1 3 6 -1 3 6 -1
23717 0 2 9 -1 1 3 9 -1 1 6 -1
6098 2 4 -1
22209 1 7 -1 7 -1
27112 0 -1
18960 0 -1
12692 0 0 9 -1
23170 0 1 -1
3201 5 6 7 -1 7 9 -1
17583 2 3 5 14 14 14 -1 1 14 -1 5 -1
26307 3 -1
10904 2 -1 0 -1
8974 3 -1 0 -1
4094 13 -1
2236 5 -1
17975 2 5 7 -1 4 -1
14590 0 10 11 -1
179 8 -1 0 -1
11119 1 -1
7809 1 2 9 -1 5 9 -1 4 -1 11 -1 6 -1
25226 0 -1
6680 7 -1
17205 0 1 -1
125 5 -1
30737 0 -1
16426 6 -1 3 -1 6 -1
27178 1 -1 14 -1 1 -1 9 -1 1 -1
30919 3 5 -1 6 -1 3 -1 6 -1 3 6 -1
4616 0 1 -1
24702 4 -1 3 -1
9649 1 -1
16063 0 -1 3 -1
7374 5 9 -1
9473 0 1 1 3 14 -1
23638 9 14 -1
9645 0 1 -1
12334 0 -1
27985 0 0 0 6 11 -1
23585 0 -1
23178 1 -1
16167 0 10 -1
19569 3 3 6 -1
20551 13 -1
28034 9 16 -1
8783 9 -1
1586 0 1 -1 0 11 -1 1 3 -1
11759 13 -1
217 14 -1 4 11 14 -1 14 -1 1 -1 1 7 7 -1 1 5 -1 1 14 -1 1 -1
15303 0 0 6 -1
2103 0 0 3 -1
14162 3 6 8 -1 8 -1 6 -1
25533 0 1 2 4 14 -1 3 10 -1
8895 0 -1
7138 0 -1 1 6 -1 1 3 -1
30422 3 3 8 8 -1
9978 0 -1
9416 0 0 6 6 11 -1 6 13 -1 13 -1
16628 13 -1 0 14 -1
28735 6 6 9 9 -1 11 -1
23540 3 6 -1
5101 11 -1 0 11 -1
18548 1 5 9 -1
10251 0 10 -1
11475 5 8 -1 0 1 -1
6367 0 11 -1
19241 0 1 13 -1 1 -1 1 13 -1
30295 0 -1 1 -1 0 11 -1 0 11 -1
26281 0 10 -1
25647 1 4 11 -1 0 -1 0 1 -1 0 11 16 -1 0 2 -1 0 -1
22632 0 13 -1
7626 0 11 -1
21456 1 3 4 -1
26192 0 -1
20922 0 11 -1
16993 7 -1
11496 0 -1
16680 0 9 -1 0 5 5 6 6 -1
15659 8 -1
17214 11 -1
2395 1 1 14 14 -1 9 -1 9 14 -1 1 14 -1 0 14 -1 6 -1
31301 0 -1 0 13 -1 0 1 -1
6000 0 -1
21612 0 8 10 -1
9449 9 11 -1
5890 0 -1
13203 8 -1
13340 0 -1
11844 0 -1
6407 5 -1
22244 0 1 5 -1
3735 0 4 -1
4188 3 -1
5328 3 6 -1
21544 0 1 -1 0 -1
5806 0 -1
28986 0 11 -1 0 0 9 10 -1
8220 0 0 1 7 -1
28071 1 -1
22967 2 -1
3613 3 4 6 -1
7312 4 -1
12766 6 -1 3 -1
2693 0 0 3 3 6 -1 3 -1
15321 3 -1
260 0 3 7 -1
22114 5 6 -1
24575 13 -1
14560 1 -1 0 0 5 5 -1
24780 10 -1
21364 0 13 -1
27898 14 -1
21773 0 11 -1 2 -1 1 -1 8 -1 4 -1
27432 1 3 -1
14000 5 14 -1 4 -1
15096 3 -1
2735 1 6 -1
31251 9 14 -1
28826 0 2 2 2 13 13 13 -1
19431 0 0 11 13 -1 0 2 5 5 -1 0 -1
15369 3 -1
24900 5 -1
27251 0 0 1 6 -1
31205 1 -1
30436 5 -1
9070 0 3 3 6 -1
3680 0 1 1 14 -1
29618 9 9 14 -1
24805 0 6 -1 0 0 6 -1
5324 11 -1
4805 1 3 3 -1
31173 0 5 -1
16729 1 -1 11 -1
12004 0 1 -1 0 6 11 -1
23943 0 3 -1
15536 8 -1
28625 1 10 -1
31 0 5 10 -1
25986 0 7 -1 7 -1 0 15 -1 0 -1
1962 0 10 -1 0 10 10 -1 0 -1
16783 0 6 -1
13046 0 -1
26180 0 5 13 -1 12 -1
8573 6 -1 3 7 -1 2 -1
11901 0 -1 0 0 0 1 1 5 -1
3263 0 -1
9988 0 3 9 -1
10395 11 -1
13840 0 0 1 -1
6004 3 -1 1 -1
12291 0 0 13 -1
26572 3 7 -1
20900 3 -1
17477 5 -1
18779 0 5 6 -1
1503 3 -1
3807 0 -1 9 -1 0 -1
4141 0 -1
30591 0 -1
8349 9 16 -1 2 5 13 -1
24523 9 -1
29252 0 -1
26381 0 -1
28583 8 -1
26854 7 -1
17695 6 -1 3 -1 1 -1
6819 5 5 6 -1
17530 7 -1
2690 0 0 0 7 7 -1
25051 0 6 -1
16224 0 3 -1
16050 5 -1
25480 10 -1
18525 0 3 6 8 -1
27180 0 -1 1 2 -1 0 -1 0 9 -1
17673 0 7 -1 0 -1
20997 0 9 -1
21631 0 11 -1
9363 0 -1
21597 1 -1 0 -1
30100 5 14 -1 2 11 -1
4324 11 -1
18691 6 -1 0 3 -1
18401 7 13 -1
13710 0 14 -1
11350 0 -1
3871 5 -1
13308 7 -1
14257 3 6 -1 3 9 11 -1
20719 0 1 11 -1 0 11 -1
31521 3 -1
31718 12 -1
28290 5 -1
3694 0 -1
25671 5 -1 14 -1
21446 0 11 -1 11 -1 0 -1
2910 3 -1 3 6 -1 3 3 6 6 -1 6 -1
28779 0 -1
12283 0 0 2 3 -1
18428 3 -1
15523 6 -1 0 -1 1 -1 0 -1 2 -1 1 11 -1
19184 3 5 -1
25865 0 -1 0 6 6 -1
14334 3 6 6 -1
14870 13 -1
28146 0 -1 1 -1
11474 0 -1
19058 7 -1 6 -1 3 4 7 9 -1 3 -1 11 -1 4 7 -1
12355 0 1 -1
6870 0 0 11 -1
3509 0 3 -1
1117 0 0 3 -1
3408 3 -1
27800 1 4 10 -1 10 -1 10 16 16 -1
4240 10 -1
25201 3 -1
22479 14 -1 1 -1
27736 0 1 -1
9072 3 -1
7225 1 5 -1
10322 3 7 8 12 -1
508 0 -1
8608 13 -1
3790 3 -1
15720 5 -1
15741 0 2 -1
5589 0 -1 3 -1
1693 6 -1 3 -1
4049 0 -1
30950 3 3 6 6 8 -1 6 -1
4418 13 -1 0 1 -1 13 -1 0 -1
12688 14 -1
24652 2 13 -1
24937 9 -1
15462 0 -1
14160 0 2 11 -1
20411 11 -1 3 -1
16341 8 -1
870 0 3 -1
18989 0 3 3 3 3 6 6 6 8 12 -1
10545 6 -1 3 8 13 -1
17276 10 15 -1
25768 0 -1
5575 6 -1 3 6 -1
10331 3 -1 0 -1
7164 6 -1
23761 0 -1
17509 1 -1
6450 0 1 1 5 7 -1
28164 9 -1
10546 11 -1 13 -1 1 14 -1
13654 0 2 -1
207 0 -1
10619 0 1 1 -1
9834 0 1 3 -1 0 -1
21244 1 10 13 -1
10609 1 9 -1
27003 13 -1
9466 0 -1
6966 7 -1 5 -1 9 -1
20241 0 -1
16350 3 6 -1
4820 0 9 11 -1
19053 0 10 11 11 -1
2012 0 -1 15 -1 0 -1 0 15 -1 1 -1
14820 5 6 -1
31706 13 -1 0 13 -1
19420 0 -1
21678 3 9 -1
18614 5 -1
19595 0 -1
26501 0 -1
18832 10 -1
19852 0 5 -1
21457 0 -1
9742 5 -1
20646 5 -1 4 7 9 -1 1 7 -1 1 7 -1
18103 0 -1
26726 1 5 6 -1
30669 0 1 -1
10843 0 6 -1
14805 0 -1
11132 1 6 -1 5 -1
25741 3 -1 0 -1 0 1 9 -1
23597 0 10 -1
9753 1 -1
26768 9 -1
17572 2 -1
21838 0 0 13 13 -1 0 -1
26573 6 -1 14 -1 5 -1 6 -1 5 -1 6 -1
29918 0 -1
1760 0 1 1 3 6 9 -1 1 -1
11856 0 11 -1
6925 0 -1 9 -1
11801 0 1 -1
29920 11 -1 9 10 -1
7157 10 -1
3106 5 -1 0 -1
1659 1 -1
12735 0 0 2 -1
24788 0 -1
26273 0 0 1 1 3 -1 0 7 -1 0 7 -1 0 4 -1
8263 3 3 6 -1
12541 0 -1 10 -1
27749 1 16 -1
9590 3 6 -1
23648 11 -1
7171 0 13 -1
14410 3 3 6 6 -1
22740 14 -1
3114 11 -1 0 -1 0 11 -1 4 -1 0 9 -1 0 -1
22683 9 -1
29503 3 -1 0 -1
185 9 -1
10836 0 -1
20261 1 3 -1 6 -1
26754 12 13 -1
2796 7 8 -1
21199 0 -1 1 -1
8276 2 -1
5943 6 -1 3 -1
31135 5 8 -1
25713 9 -1 0 2 10 11 -1
11460 5 6 -1 2 -1
2122 0 2 -1
8640 0 -1 0 9 10 14 -1 3 -1 0 0 11 -1
5130 2 5 -1 1 -1 3 -1
16047 14 -1 3 -1
16595 3 -1
20268 0 10 -1
12784 0 0 5 5 11 -1
2014 0 -1
25619 0 -1
620 2 -1 3 -1
22607 6 -1 7 11 11 -1 9 -1
29602 0 6 -1
24613 0 -1
7776 3 6 -1
24534 0 3 6 -1
23112 6 -1 3 -1
15084 0 6 -1
3912 5 -1
30504 0 3 5 -1
1590 12 -1
27192 5 -1
30722 0 3 6 -1
9312 0 5 -1
1286 0 -1
6603 3 -1
13339 13 -1 0 -1
9667 0 -1 13 -1
15156 3 6 -1 0 -1
16597 0 -1 0 1 -1
4923 7 -1
20282 0 11 -1 13 -1 0 -1
12864 5 -1
24737 0 5 -1 4 -1
13531 4 -1
12957 0 3 5 -1
11040 0 11 -1
29600 3 -1
6185 0 13 -1 0 13 -1
15844 1 5 8 -1 7 -1
22286 1 -1
2356 2 -1 11 -1
16153 4 8 -1
21683 0 14 -1
21307 6 14 -1 5 -1
9240 5 5 5 5 5 6 6 6 14 -1
31309 0 -1
2515 0 0 0 3 6 11 13 -1
18898 8 -1
21050 3 6 -1 3 3 6 -1
22787 3 4 -1 0 -1
21301 4 -1 0 -1
2155 3 11 11 -1
2458 11 -1
13263 3 3 3 6 6 6 -1 6 -1 0 3 8 -1 6 -1
9108 4 -1
5895 13 -1 7 -1 3 4 8 -1
27600 3 -1
16407 3 -1
13841 5 -1
19020 3 12 13 -1
505 2 -1
4800 0 11 -1
25080 0 1 6 14 -1 5 6 -1
3504 0 11 -1 16 -1 0 0 1 -1
21115 0 6 -1
11719 7 -1
19505 5 9 -1
20306 16 -1
11635 0 0 1 -1
31359 0 1 -1
18387 5 5 6 6 -1 5 6 -1 5 -1
11568 13 -1
12411 1 3 6 7 11 -1 4 9 -1 5 6 8 8 11 -1 12 -1 1 11 -1 10 12 13 -1 12 12 13 13 -1 6 -1 0 6 7 13 -1 13 -1 7 -1 1 -1 1 11 14 -1
20447 6 -1
21660 5 -1 12 -1
8656 0 5 -1 6 -1
17182 3 -1 3 6 -1 6 -1
23617 0 -1
15750 7 -1
5043 7 -1
17188 0 1 3 3 5 5 5 6 8 9 10 -1 10 -1
4009 0 0 0 1 1 3 -1
31716 6 -1 5 -1
15671 0 -1 5 -1 0 0 5 -1
16356 0 -1
20124 0 7 -1
28012 0 -1
14544 5 -1
12288 0 -1
22385 6 -1
9148 11 -1 0 -1 0 11 -1
4898 10 10 16 -1
28194 11 13 -1
18478 0 11 -1
30673 6 -1 14 -1 5 -1 6 -1
24931 9 -1 3 -1
9829 5 6 -1 5 6 -1
11821 0 -1
13226 3 -1 0 -1
27216 2 -1
20374 0 -1
21224 7 13 13 -1
12230 3 -1
12489 3 3 6 10 -1 9 16 -1 2 -1 0 1 -1 14 -1
24561 3 6 -1
4950 7 -1
4943 9 -1
20195 6 -1 5 -1 4 -1
12327 1 -1 0 -1
16652 1 4 -1 5 -1
27658 4 -1
29223 9 -1
7778 0 10 -1
3128 0 13 -1 13 -1 0 -1 2 -1 0 5 -1 3 -1
13934 2 8 -1
18236 0 -1 6 6 9 -1
19543 0 -1 0 11 -1 1 -1 0 -1
29422 3 -1
7535 0 -1
23006 0 13 13 -1 0 0 13 -1
31759 8 10 -1
19107 0 0 0 0 0 0 1 3 3 3 3 7 -1
24654 12 -1
1259 1 14 -1
4211 3 3 6 -1
19992 2 7 7 -1
16609 1 -1
17384 1 2 9 10 -1 8 -1
29273 0 -1
11607 0 1 -1 11 -1 0 -1 2 -1
5330 5 6 6 -1
9959 10 11 -1 5 -1 8 -1 6 8 9 11 -1 12 -1 2 12 13 -1 6 12 -1 1 -1 13 -1 6 -1
20487 2 -1
26310 0 10 -1
26026 1 -1
6740 0 -1
25195 3 5 6 -1
28275 0 -1
6911 1 3 5 -1
5557 2 2 14 -1 4 4 9 14 14 -1 5 14 -1 14 -1
14819 0 5 -1
12907 0 -1
2613 1 -1
25339 0 3 -1
27445 1 9 -1 9 -1
10291 0 1 -1 5 -1
19061 0 7 -1
9995 14 -1 6 -1
27011 0 1 -1
28764 8 8 10 12 -1
25948 0 0 1 4 4 5 -1
23396 3 10 -1
19759 5 -1
10701 4 -1 1 2 -1 11 -1 10 -1
4 2 11 13 -1
6903 1 -1 1 5 5 5 14 14 -1
25420 3 -1 6 -1
16974 0 0 4 13 -1 0 13 -1 0 0 0 1 11 11 -1
16482 2 -1
15214 0 1 1 14 -1
907 11 -1
19730 1 -1 0 -1 10 -1 0 16 -1 0 10 13 16 16 -1
4448 0 4 11 -1
6688 5 -1
29513 0 1 -1
20083 1 5 -1 1 11 -1 5 15 -1
5024 0 10 -1 0 -1
4370 0 -1
31534 1 4 -1 1 4 9 14 -1 4 -1
23960 1 -1 3 -1
19721 8 -1 5 -1 8 -1 0 1 6 8 -1 3 8 -1
798 6 14 -1
7617 0 -1
28184 3 -1
10492 0 3 -1
24237 0 -1
2593 0 3 -1
19642 8 13 -1 0 -1 1 8 -1
4801 0 13 -1
26745 0 -1
9490 1 4 4 5 11 -1
14620 5 -1
11485 0 0 1 -1
17586 0 -1
1925 0 0 13 13 -1
13234 14 -1 1 3 -1 1 3 3 6 -1
9623 6 8 -1
26440 2 3 -1 13 -1 0 -1
1801 12 -1
2718 0 1 7 -1 0 3 6 -1
5194 3 6 10 -1
13439 0 -1 5 -1 0 5 -1 0 0 5 -1
7812 0 2 -1 0 -1 3 -1
2171 0 -1
3559 0 -1
20179 12 -1 13 -1 1 -1 13 -1
3105 2 -1 0 -1 10 -1 1 3 10 -1
698 0 7 -1
3893 0 7 -1 7 -1
15278 11 -1 0 2 -1
11352 14 -1 4 14 -1
1929 1 2 5 -1
10509 4 -1
30411 14 -1
28455 1 15 -1 0 1 -1
28244 0 1 11 -1
18932 3 -1 3 7 -1 13 -1
23691 3 6 -1 1 1 5 11 14 -1 6 -1 5 -1 6 -1 1 5 -1
12952 0 9 -1
10440 0 4 8 14 -1
21920 0 -1
12855 6 -1
18800 5 -1
24387 0 -1
29535 14 -1 5 11 -1
31390 9 -1 7 -1 1 -1
15254 11 -1 0 -1
7941 0 0 0 1 2 11 -1
22118 10 -1
2457 10 -1 2 6 9 11 -1
29826 0 -1
31154 1 9 -1
13191 11 -1
29323 6 -1 3 -1
12554 0 1 3 -1 0 -1
25500 0 5 11 -1
28529 0 13 -1
12728 0 -1
12075 9 -1 2 -1 5 -1 6 -1 0 -1 1 -1
18229 5 -1
17352 0 3 -1 0 -1
1199 0 5 11 -1
6598 9 11 -1
7685 3 -1
5848 0 -1 0 5 8 -1
25056 10 -1
1383 6 -1
12455 8 -1
11225 0 -1 13 -1
344 0 -1 2 -1
17757 0 -1
176 2 -1
3086 11 -1
28327 0 -1 0 11 -1
1648 0 -1 3 7 12 -1
11044 2 7 -1 4 10 -1
15314 5 -1
6248 0 5 13 -1
19081 0 1 -1
30582 1 7 -1 3 6 -1
22339 0 13 14 -1
458 0 -1 2 10 -1 0 6 10 -1 1 4 -1
28374 0 0 0 1 11 -1 1 -1 0 -1
20452 6 -1 3 -1
31586 1 -1
5678 13 -1 2 9 -1 1 4 7 -1
28324 3 -1
3882 0 -1 0 1 -1
12693 3 6 6 -1 3 -1
8797 13 -1 0 0 6 13 -1 0 -1
3174 0 -1 2 -1
9678 0 0 1 13 -1 0 6 -1 3 -1 0 1 -1 0 -1 0 6 11 -1 3 -1 0 3 6 -1 0 -1
11928 2 -1 11 -1
22580 0 0 13 -1
21664 4 -1
23490 0 0 5 -1 5 -1
18812 3 6 -1 0 -1
12824 3 7 -1 3 -1
15157 11 11 13 13 13 -1
29097 1 -1
28518 0 13 -1
31483 0 9 -1 1 -1
28799 0 -1
23370 0 0 0 0 1 1 9 -1
15617 0 0 5 -1
41 3 3 6 -1
14452 5 -1
23408 3 6 -1
6993 0 -1 3 13 -1
17124 0 9 -1 0 9 -1 0 -1
11400 3 -1
3665 5 14 -1 4 10 -1
12501 0 -1 3 -1
2104 14 -1
17129 0 3 6 -1
30793 0 0 5 10 -1
2710 3 7 -1
12996 5 -1 1 3 14 -1
21756 0 -1
8488 2 -1
22197 0 -1 11 -1 0 0 11 -1 0 11 -1 0 0 11 11 -1 11 -1 0 -1 0 0 11 11 -1 11 -1 0 11 -1
18879 0 4 -1 0 0 4 -1
30461 0 3 3 6 6 -1 3 6 -1
12087 14 -1
11513 0 5 -1
23055 6 -1 3 -1
26243 0 5 6 -1
24192 0 -1
2900 0 6 -1 0 16 -1
17422 0 0 1 3 6 8 9 -1
21980 1 2 6 11 -1 4 -1 7 10 -1 9 -1 2 5 -1 13 -1 1 2 11 13 -1 2 -1
24683 1 -1 0 -1
234 14 -1 0 -1 1 -1
31097 0 1 1 -1
25775 0 6 -1 0 6 -1 0 4 -1
24388 11 -1
16656 1 3 6 -1 1 -1 2 7 -1 9 -1
17087 1 7 -1 11 -1
28782 1 3 -1 0 -1
27179 9 -1 0 -1 9 -1
3791 0 0 11 13 -1 10 -1
26991 0 10 11 -1
8572 13 14 -1
826 0 13 -1
15769 6 -1 5 -1
29291 0 -1
19573 2 -1
2485 0 -1
16367 3 -1
15678 0 -1 2 -1
18062 1 5 -1
12086 13 -1 0 13 -1 0 13 -1
17992 5 -1
3895 9 -1
28048 14 -1
1649 0 -1
7830 8 -1
21031 1 -1
23684 0 0 1 2 13 -1
11481 14 -1
9045 1 -1
28964 0 0 13 -1
6302 6 -1 3 -1 6 -1
7353 0 3 -1
18854 0 -1 6 9 -1 6 9 -1 5 -1
6055 13 -1
10552 0 10 -1 0 0 10 10 -1
23153 3 6 -1
1915 13 -1
15976 1 -1
19735 0 -1
12702 1 14 -1
31271 4 -1 0 2 -1 0 -1
8996 11 -1
13826 0 -1 4 -1 0 3 -1 1 7 -1 0 3 9 -1
12901 0 6 13 -1
9765 0 -1
514 0 -1 10 -1 2 9 10 14 16 16 -1 9 -1 1 2 -1
7491 3 6 -1
5708 3 3 6 -1
6599 13 -1
20919 13 -1
15377 0 2 11 -1
27594 0 13 -1
22733 3 -1 2 9 -1
29472 5 6 -1
7364 0 15 15 -1
19587 2 8 8 -1
25083 0 0 2 11 -1
31167 3 -1 8 -1
17117 0 7 10 11 13 16 -1
29666 9 -1 0 -1 9 -1
10896 0 -1
1754 9 -1
31091 0 0 10 -1
27516 3 -1 3 6 -1 0 -1
5429 0 -1
14416 4 14 -1 4 -1 11 -1
16507 0 7 -1
7436 3 6 7 -1 1 -1
26375 6 9 -1 9 -1 1 -1 10 -1 1 10 -1 1 4 -1
11348 4 -1 9 -1 1 -1 11 -1 1 5 9 10 -1 16 -1 2 13 -1 1 -1 11 -1 1 1 4 -1
24643 3 6 -1
24660 4 8 -1 4 -1
16037 0 0 1 13 -1 0 -1
17608 14 -1 0 -1
3418 11 -1 1 -1
19902 0 6 -1 0 0 1 3 6 -1
20778 0 -1
20832 0 -1
18119 1 1 6 -1 2 -1
908 0 -1
13108 4 -1
8353 0 6 9 -1
790 6 -1
25725 0 -1
20305 3 -1 0 -1
15571 4 -1
14030 6 12 12 13 -1 12 13 -1
7524 9 -1
27202 1 3 -1
15422 0 0 0 5 5 14 -1 0 -1
8157 3 6 -1
4239 6 -1 3 -1 0 7 -1 0 1 1 9 -1 0 9 -1 5 -1
21427 0 9 -1
6960 1 1 9 11 11 -1
29726 5 6 13 -1
26564 0 -1
26917 0 0 12 -1
28716 0 -1
11266 0 -1 13 -1
10486 0 -1
21062 0 1 -1 3 6 -1
28105 8 -1 4 -1
679 2 -1
15520 4 8 8 -1 4 -1 11 -1 5 -1 6 -1 5 -1 6 -1 5 -1
9804 10 10 16 -1
9073 0 3 6 14 -1 3 -1
10501 1 7 -1
29954 11 -1
24124 0 10 -1
31444 5 5 5 6 8 12 15 15 -1
7842 5 10 14 14 14 -1 5 -1
11905 6 6 12 -1 12 -1
7601 0 -1
17683 11 -1 3 -1
30439 0 0 10 11 -1
11265 5 -1
25789 9 -1 0 -1
2873 0 -1
12646 0 15 15 -1
20890 3 3 6 -1
26542 1 -1 11 13 -1 0 11 -1 0 1 1 3 -1
10426 0 -1 11 -1
8948 0 5 -1 0 -1 5 -1 0 -1 0 5 -1 0 0 5 5 -1 0 5 -1 0 0 6 6 6 -1 0 -1
19080 0 0 11 -1
16171 5 5 6 6 6 -1 5 5 5 6 6 6 -1
6372 4 -1
28393 1 -1
20045 3 -1
24802 3 8 -1
6902 0 -1
9444 8 12 -1
11339 0 -1 6 -1 3 -1 5 11 -1 9 -1
6100 13 -1
2123 0 0 10 11 -1
5128 0 7 -1
28709 1 -1
18313 0 16 -1
28110 2 -1 0 -1
26166 3 5 -1
7292 1 -1
28228 3 -1
8061 1 6 9 -1
20571 4 -1
10136 1 2 -1 1 2 11 -1
25418 13 -1
28653 1 -1
3375 0 1 -1
12300 0 5 14 -1
27856 0 -1
5511 1 11 14 -1
3856 4 -1
7889 0 1 13 13 -1 14 -1 0 13 -1
7488 4 -1
612 0 -1 0 6 -1 1 9 11 -1 0 -1 9 -1
19338 3 13 -1
14766 3 -1
21565 3 11 -1
17844 6 -1 3 -1
3090 1 8 11 14 -1
10179 3 4 6 -1
22403 4 -1 14 -1
18822 0 2 3 -1 0 -1
92 0 0 6 6 7 8 -1
6313 14 -1
26622 0 1 9 11 11 -1
17705 0 13 -1
8152 0 -1
8554 0 1 2 -1 11 -1
11137 3 -1 3 6 -1
22794 0 2 -1
18508 0 -1
21118 14 -1 10 -1 14 -1 1 -1
22925 0 1 3 6 -1
13520 1 2 3 -1
13845 8 -1
27977 5 -1
5952 0 3 3 6 -1
17827 0 0 4 6 -1
25684 1 -1
29916 0 -1
1764 0 -1
2697 4 -1
21473 0 -1
19867 0 -1
9411 7 -1
4622 0 -1
31363 0 -1 0 5 5 -1
23335 0 2 -1
15841 0 -1 9 -1 0 -1 0 1 6 10 -1
23822 13 -1
23166 0 3 9 -1
22090 0 -1
28295 0 -1 0 3 10 -1
25575 0 -1
23009 0 0 2 5 13 -1
6656 0 -1
758 12 -1
9375 9 -1
10668 6 -1
4658 1 -1
22036 0 11 -1
6230 3 -1
15018 0 9 -1
22695 0 6 -1 8 -1 0 -1 0 3 -1
25109 11 -1
22382 0 -1
30709 4 14 -1 1 14 -1 0 1 -1
17286 13 -1 0 -1
12475 1 14 -1 2 -1
3667 9 -1
11722 1 4 -1
29035 1 -1
19378 0 5 -1 6 -1 5 -1 6 -1 0 -1 5 -1 0 -1 6 -1 0 -1 1 -1 0 -1
28900 4 -1
10782 10 11 -1 8 -1 2 -1
1675 3 -1
15959 0 0 3 3 6 -1
29033 3 -1
22394 0 -1 3 -1
14657 3 -1 4 10 -1 7 -1
29561 0 9 -1
4673 6 -1 0 0 6 -1
22628 7 -1
22449 1 5 6 -1
28630 6 -1 1 9 14 -1
10374 0 2 6 11 -1 2 -1 0 1 -1
2085 0 6 -1
5433 5 -1 0 -1 0 6 -1 0 5 6 -1
7077 0 11 -1
6077 0 13 -1 6 8 -1
16939 4 10 16 -1 5 -1 4 5 -1 4 -1
20399 0 5 -1
844 3 -1
14761 0 0 13 -1 0 1 -1
14701 14 -1 1 -1
27181 0 -1 4 -1
13796 0 -1 0 5 -1 5 -1 1 5 -1 9 -1 0 -1
14718 8 8 10 -1
30451 4 5 14 14 -1 5 14 -1
25151 7 -1
7343 3 -1
21677 5 -1 0 -1
31668 0 -1
9785 0 2 -1
5132 9 -1 5 -1
30395 5 -1 5 6 -1
13057 0 0 1 -1 5 13 -1
2217 5 11 -1
26598 1 -1
26912 0 -1
13327 1 2 11 11 11 -1
9480 3 -1 5 -1 1 -1 5 -1
4150 3 -1 6 -1 3 -1 6 -1 1 3 -1
1045 3 5 6 -1 1 -1 5 6 -1 8 -1 6 8 12 -1
8967 0 -1
3216 3 -1
29811 2 8 -1
21218 1 -1 1 2 6 7 7 12 13 -1
14916 0 0 1 1 -1
28738 0 3 -1
12282 0 4 -1
17869 0 -1
3099 1 8 11 11 -1 8 -1
2857 1 4 5 -1
404 0 -1 5 -1
20510 4 -1
9583 0 0 3 -1
28483 0 -1
30695 11 -1
9793 14 -1 0 -1 1 -1 5 -1 1 2 9 10 11 13 -1 4 5 7 -1 1 -1
1879 10 -1
14656 3 -1
18503 0 0 3 -1
1911 0 1 3 -1 0 -1 1 -1 0 0 1 -1 0 3 -1 10 -1 0 0 5 11 -1 0 -1
29089 3 -1
17500 0 3 -1
24786 8 -1 0 3 -1 5 -1
29416 9 -1
27775 0 -1 0 10 -1 1 5 -1
1025 4 4 8 8 -1
3284 2 14 -1 0 3 -1
19370 5 9 -1
22780 1 -1 0 4 9 11 11 -1 2 9 11 -1
23911 0 0 13 -1 13 -1
11162 0 5 -1
17870 0 13 -1
2603 4 5 5 6 -1 4 4 5 6 14 -1 2 -1 5 -1
17533 1 -1 1 3 -1
7806 0 6 -1
3227 0 16 -1
9946 0 6 13 -1 0 0 1 1 -1
21831 5 -1 1 -1
5448 0 11 -1
14215 5 -1 6 -1 5 -1
19423 0 5 -1 6 -1 5 -1 6 -1 5 5 6 -1 6 -1
11270 0 11 -1
7958 0 7 10 -1
18471 0 11 -1
18999 0 -1
19756 7 13 -1
28753 2 -1 3 6 -1 2 -1
31647 0 -1
24450 0 -1
28658 0 -1
10013 5 -1
25744 5 6 -1
28152 13 -1
32 0 0 1 -1
5230 3 -1 3 9 11 -1 5 -1
22535 3 4 6 6 -1
9897 6 -1
5735 3 -1
16829 0 9 -1
2907 3 14 -1
21225 0 6 -1
2152 0 1 -1
26914 4 -1
24057 0 -1
31653 1 -1
22422 0 0 1 -1 1 -1 0 0 3 6 -1
2790 0 6 -1
2207 1 5 6 -1
20968 3 -1 3 6 -1 6 -1 3 -1 6 -1
11246 5 -1
27451 1 5 5 9 9 14 15 -1
21688 5 -1 1 -1 1 5 5 14 -1
24741 0 -1
10734 5 -1
26792 0 -1
1433 9 -1 0 -1
15541 1 -1
20198 0 0 11 13 -1
10176 12 -1
17257 5 14 -1
21996 0 1 1 10 16 -1 1 9 -1 0 -1
987 4 -1
20434 0 0 1 -1
16623 0 5 5 -1
5388 1 -1
25138 10 -1 2 -1
4868 0 3 -1
24262 6 -1 3 -1
27740 0 -1
13252 13 -1 0 -1 0 10 13 -1 0 -1
16304 5 8 -1
26852 5 -1
29039 5 -1
9413 0 0 2 3 -1
13893 0 0 5 11 -1
20792 0 -1
6099 0 1 6 -1
2328 13 -1
11372 10 11 -1
3087 3 -1
5697 4 -1
1444 3 6 -1
21451 0 1 2 10 11 -1
28562 0 -1
5002 1 -1
1232 0 -1
7316 13 -1 4 7 -1 1 -1 2 11 14 -1 5 10 -1 0 1 13 -1 1 13 13 13 15 -1
3348 4 -1 0 1 4 -1
28360 3 4 6 -1
31312 0 13 -1
8907 0 -1
3247 0 -1
28041 0 -1 10 -1 0 9 -1 0 -1 13 -1 0 13 -1 0 -1
15044 1 -1 0 0 1 1 3 -1 0 -1
15433 0 -1
19269 2 -1
6530 0 5 -1
11745 0 13 -1
5339 5 -1
14251 1 -1
3136 0 -1
7323 3 -1
1538 5 9 -1
3876 9 -1
26558 0 -1
7 13 15 -1
22321 3 -1
15117 1 3 10 -1
8208 0 0 1 11 11 -1 0 11 -1 0 11 -1 0 0 11 11 -1 0 11 -1
27186 12 -1
15877 3 6 -1
18161 0 -1
8396 0 2 6 14 -1 5 7 9 -1
27753 6 8 8 -1
16488 9 9 13 -1
10086 12 -1
4958 5 8 -1
25960 15 -1
737 0 3 -1
15014 0 3 6 -1
21113 9 -1 3 9 -1 1 -1 7 9 -1 5 -1 6 -1
2259 3 6 -1 3 -1
23602 0 -1 1 2 4 -1
18728 0 5 9 -1
6793 8 -1
26326 0 1 -1 1 -1 0 0 13 -1
20915 13 -1
14074 11 -1
23093 5 -1
30777 8 -1
5422 3 -1
8252 12 12 13 13 -1
25924 0 0 1 4 4 -1
23012 3 5 8 -1
25397 9 -1
5359 0 7 7 -1 0 -1 0 7 -1
23404 11 -1
17634 0 -1
8625 0 5 -1
8582 3 3 3 3 6 6 6 6 -1
21615 6 -1
6806 0 6 -1
9595 1 -1 3 6 -1 6 -1 3 6 -1 3 3 6 6 -1 3 6 -1 3 -1 3 6 -1 0 3 -1 6 -1 3 -1
3515 0 0 3 9 -1
10046 14 -1 5 6 -1
1273 3 -1
10318 0 3 6 -1 0 11 -1 0 4 4 -1
10627 2 3 -1
22416 0 1 -1
11645 0 -1 3 -1 0 -1
25121 6 -1
8511 5 -1 0 -1
14837 0 1 -1
31726 8 -1
396 1 6 -1
9275 0 -1
24181 0 4 -1 3 -1
22128 15 -1
28347 1 11 -1 1 4 5 14 -1 7 -1 9 10 -1 2 13 -1
2842 5 -1
159 6 7 -1
13432 3 -1 0 -1 3 -1
6136 3 -1
8448 1 5 -1
26554 1 5 -1 6 -1 3 -1
17564 5 -1 0 -1 0 5 -1
7609 5 -1 3 -1
16097 0 -1
18121 0 3 -1 0 3 -1 0 -1
16630 13 -1 0 1 -1
22741 16 -1 0 -1
2698 13 -1 0 -1
10973 1 -1
16986 1 -1
23294 5 -1
15519 1 10 14 -1
4186 3 -1
29925 0 0 1 -1 1 -1
24172 2 -1
10542 13 -1 2 11 12 -1
15538 3 -1
10533 1 -1
16640 1 -1
20359 0 5 -1
1651 8 -1 4 -1
2764 3 4 8 8 -1
23380 0 3 -1 0 -1
6877 0 -1
4311 0 -1
4608 0 1 9 -1 9 -1
25535 6 -1 3 8 -1
30075 11 -1
5065 3 8 -1 8 -1
26260 10 -1
40 6 -1
31360 0 1 14 -1 1 -1 0 2 14 -1 1 -1 14 -1
15689 0 -1
7843 7 -1 1 -1
4525 1 14 -1
6964 0 -1 5 -1
29298 5 -1 3 4 6 -1 6 -1
12273 1 5 9 -1
15425 0 5 -1
2749 0 0 10 -1
31073 1 5 5 6 -1 1 -1
24546 0 0 0 3 6 6 -1
16249 3 6 -1
29901 0 3 8 -1 0 3 6 8 -1 0 3 6 -1
15730 0 -1 9 -1 0 -1 0 9 9 -1 1 -1
8154 3 -1
24748 0 2 -1
25858 0 6 13 -1
21404 5 5 6 6 6 14 -1
20235 0 5 6 14 -1
8580 0 3 3 6 -1
10724 5 14 -1 14 -1
22831 6 -1
21549 0 11 -1
22453 7 -1 1 3 3 8 -1
4767 1 -1
10410 11 -1
1010 0 3 -1
3317 14 -1
16744 3 -1
22067 11 13 -1
22971 4 10 -1
12940 11 -1
5453 13 -1 6 -1
16069 0 4 -1
9750 2 -1
11647 8 -1 6 8 -1 5 6 -1 0 -1
12348 11 -1
22218 4 5 14 -1
24941 3 -1 3 6 -1
14284 0 -1
17979 0 0 11 11 -1 11 -1
17666 1 13 -1
16526 2 14 -1 0 1 14 14 -1 0 1 -1 6 -1 0 -1
4285 14 -1
28534 4 -1
20828 4 5 7 10 -1 2 -1
16315 1 1 1 8 14 14 14 -1 1 -1
10061 4 -1
26599 5 -1
10431 14 -1
29244 1 11 -1
26771 1 -1
11813 3 6 -1
18559 0 0 1 -1 0 1 -1
17107 0 3 3 13 -1
2626 5 -1
20283 13 -1 0 -1
14663 7 10 -1
5264 6 8 -1 8 -1 0 -1
20335 0 1 -1
29102 5 -1 5 6 13 -1
24170 1 -1
6233 2 -1 10 -1
28505 12 13 -1
7582 11 -1
26675 13 -1 1 -1 1 5 6 -1
6307 0 -1
11116 0 0 0 5 5 -1
19397 6 -1 3 6 7 8 -1 7 -1 8 -1 7 -1
13167 4 13 13 -1
14280 1 -1
25237 11 -1 0 -1
19345 13 -1
19597 11 -1 0 -1 0 1 -1
22151 2 5 6 -1 0 10 14 -1 0 4 -1
28435 0 3 13 -1
24667 7 -1 1 1 7 7 13 -1
23393 3 -1 0 -1
22754 8 -1 14 -1
30298 1 3 14 -1
3650 2 12 13 -1
3252 0 1 13 -1
1725 0 0 3 -1
16227 1 13 -1
31233 0 0 10 -1
15668 0 6 -1 1 3 -1
21669 0 -1
7450 0 -1
1307 1 13 -1
11674 1 4 10 -1
16705 0 7 8 -1
27389 1 1 7 12 14 -1
19498 0 13 -1
11271 0 1 13 -1
21424 1 -1
23517 1 2 4 -1
22206 0 4 -1
22774 0 -1
67 1 3 3 -1
10788 0 3 6 -1 0 -1
20394 0 10 -1 1 -1
1830 0 -1 4 -1
27197 0 1 13 13 15 -1 13 13 15 -1 13 15 -1 13 15 15 -1 13 -1 0 0 13 -1 13 -1 0 -1 13 -1
8401 2 6 -1
21193 0 -1
29921 0 0 1 1 -1 10 -1 16 -1
17149 1 2 -1 1 -1 0 0 1 1 3 10 -1
20021 2 11 -1
17997 2 -1
12245 5 -1
15047 0 0 1 3 6 6 8 -1
9136 0 3 -1
12451 1 5 -1
29981 0 1 -1
8842 4 14 -1 2 -1
28722 0 -1
18228 1 -1 11 -1
13936 1 -1
4090 13 -1 4 -1
14653 7 -1
4716 5 5 6 -1 5 6 -1
13245 3 -1
23528 0 -1
24825 13 -1
7320 0 -1
28920 5 -1
18528 0 -1 3 -1 0 -1 5 -1
3467 0 1 -1
14822 1 -1
11887 0 0 3 13 -1
25307 0 13 -1 0 -1
8558 0 0 14 -1 0 1 -1 0 1 -1
20171 3 3 10 -1
2772 13 -1
24264 1 -1 5 -1
29050 6 13 -1 1 1 10 11 14 -1
21498 6 -1 3 3 6 8 -1
23732 1 -1 0 0 13 13 -1 1 -1
6988 0 -1 2 -1
541 0 -1 3 -1 3 6 -1
12083 0 9 11 -1
31439 0 -1 9 -1 0 9 -1 0 11 -1 0 9 -1 0 -1
28503 10 13 -1
8569 5 -1
7864 0 6 -1
18790 6 -1 5 6 14 -1
3950 7 -1
9388 0 3 6 -1
5000 0 0 9 -1
13564 3 -1 6 -1 3 6 -1 3 6 -1
11022 6 -1 0 -1
23991 5 -1
7286 11 -1 0 13 -1 0 -1
17115 0 -1
16690 6 -1
19278 3 -1
15670 0 -1
30898 0 11 -1
17904 9 10 14 -1
16615 6 8 -1
19065 7 8 -1 0 6 8 -1 0 -1 0 3 -1
13409 0 1 -1 1 3 -1
4928 9 -1
4634 12 -1
13605 5 9 -1
29523 0 -1
17755 11 -1
16472 0 -1
12460 0 0 9 -1
27524 2 -1 3 -1
20128 3 9 -1
11961 13 -1
12662 0 4 -1 4 -1
16310 4 -1
7559 0 9 -1 0 -1 9 -1
20996 0 3 -1
7176 14 -1
26495 3 -1 0 -1
16499 1 2 -1
13508 10 14 -1 8 -1
20369 3 -1
5632 0 11 -1
4296 12 13 -1 12 13 -1
26214 5 -1 11 -1 3 5 -1
9786 0 0 9 13 -1 13 -1 0 1 -1 0 13 -1 0 0 13 -1 1 -1 0 -1
7645 6 -1
30977 2 -1
16059 3 -1 0 -1
5675 8 11 11 -1
3276 12 -1 13 -1
29943 0 -1
1521 0 5 10 -1
3946 1 -1
14895 2 7 8 12 13 13 -1
3851 0 -1
10766 0 11 11 -1
4391 5 5 6 -1
3914 5 -1
7341 3 6 -1 0 6 13 -1 3 -1
11484 9 -1
25561 0 2 11 -1
27711 0 2 9 10 -1 5 -1
1245 0 15 -1
26506 0 -1
20766 10 -1
18615 0 11 -1 0 -1 11 -1
405 0 10 10 -1
13951 2 -1 9 -1
13724 3 -1
10138 0 1 5 -1 10 -1
22240 0 5 -1
3171 0 13 -1
16584 14 -1
448 3 -1 3 4 5 6 -1 1 -1
26789 2 10 11 -1
25184 0 6 -1 3 -1
27588 11 -1
28549 4 16 -1 0 3 -1
10171 0 -1
493 0 0 9 -1 0 2 2 11 -1 0 10 -1
7541 0 1 4 -1
21914 0 -1
6871 0 -1 16 -1 0 -1
21045 13 -1
6349 1 -1
11841 1 -1 0 -1 11 -1
20029 2 13 -1
19507 9 11 -1 9 -1
8382 1 -1
2498 0 -1
5063 3 6 14 -1
19297 11 -1
14367 0 5 8 10 10 -1
881 1 -1
28646 1 10 -1 0 -1 5 -1 14 -1 2 -1
6978 9 -1 1 -1
19132 2 -1
3062 11 -1
9317 5 -1
15978 10 14 -1 0 0 6 14 -1
24446 3 -1
771 5 9 14 -1
30113 13 -1 0 0 11 -1 5 -1
25808 0 11 -1 0 -1 5 10 11 11 11 -1 3 -1 11 -1
31416 1 -1
22481 1 2 4 -1 1 4 -1
976 0 14 -1 0 4 -1
26826 9 -1
29187 6 12 -1 8 12 -1 0 0 6 12 -1
941 3 -1
17518 6 -1
27981 3 -1
11409 0 -1 11 13 -1 0 1 2 9 -1
4643 14 -1 2 5 7 11 -1
6808 2 -1
28758 0 0 6 6 -1 6 -1 0 6 -1 0 6 -1
22730 11 -1
12256 1 3 3 5 6 10 -1
4623 1 5 -1
30215 3 -1 6 -1
25548 15 -1
9799 0 13 -1
23419 0 3 5 -1 0 -1 3 -1
4901 6 -1 0 -1
11728 0 7 10 -1
2585 0 -1 15 -1
21309 1 -1
25943 4 -1 1 -1
5558 0 9 -1
8876 1 5 14 14 -1 1 5 6 14 -1
19084 1 1 6 -1 0 -1
6172 13 -1 11 -1
22947 0 11 -1
21109 0 0 14 -1
14567 0 -1
3989 1 -1 0 -1 0 11 -1 0 10 -1
12877 0 -1
16125 0 13 -1 0 -1
23 5 -1
12740 0 -1
31572 1 -1
30093 1 -1
8135 1 -1 0 10 -1
19920 0 -1 1 4 8 -1
26194 0 -1
988 4 -1
4079 0 -1 7 -1 0 0 2 -1 0 0 0 7 7 13 -1 5 -1
25003 13 -1 3 3 4 5 6 6 -1
8076 3 -1 0 6 -1 3 6 6 -1
27958 0 4 11 -1 0 0 0 11 11 13 -1
16728 0 2 13 -1
30697 6 -1
8750 1 -1 11 -1 1 -1 11 -1 0 1 11 -1
259 3 6 -1 0 -1
5720 0 3 -1
30754 0 -1 5 -1
25999 1 -1 0 0 0 1 1 -1
22664 13 -1 0 -1
11869 7 -1 1 5 -1
17114 12 13 -1
24993 3 3 6 9 13 -1
25002 0 -1
19761 1 14 -1
22666 2 -1
