924
18196 0 -1
17431 12 -1
26598 0 -1
28735 9 -1
24683 11 -1 0 7 -1
6603 1 -1
21199 0 0 11 -1
31463 7 -1 4 -1
1780 5 6 -1 5 -1
17990 0 2 9 -1
2735 0 0 1 -1 1 -1
8620 0 -1
12869 3 -1
29323 3 6 -1 6 -1 3 -1 6 -1 3 3 6 -1
11475 5 -1
6556 0 3 6 -1
29187 0 8 13 -1
6302 3 -1 6 -1 3 3 6 -1
11554 10 -1 0 -1 0 9 16 -1
14560 2 -1
14292 1 2 -1
21660 12 13 -1 13 -1 11 -1 8 -1 12 -1
9793 0 5 15 -1
25138 4 -1 5 -1
7440 0 -1
6750 2 -1
4089 12 -1
20306 5 -1
8682 1 11 -1
2740 0 0 2 2 -1
13796 9 -1 5 -1
27491 9 -1
9812 0 1 1 -1 0 -1 1 -1 0 1 -1 0 1 -1 0 -1 0 1 1 -1 0 0 1 -1
6806 3 -1
5589 3 6 -1
30280 0 -1
30919 3 -1
30298 0 1 -1
12957 8 -1
16499 9 -1
21699 8 -1
10050 14 -1 9 -1
13812 4 -1 0 -1
27003 0 0 3 6 -1 11 -1 0 -1
15841 1 7 -1 0 -1
7327 1 -1
2722 4 5 -1
29298 3 -1
26554 1 -1
5594 2 -1
14207 0 -1
8054 14 -1
9203 0 0 11 -1
30164 3 -1
10152 3 -1 0 6 -1 0 -1
24 3 9 -1
26792 0 0 9 13 -1 11 -1 1 -1
12665 0 5 -1
14544 0 -1
17214 0 -1
8025 8 -1
22209 1 1 7 7 -1
9388 0 1 -1
25094 1 3 9 -1
1957 6 -1
8700 3 11 -1
4370 10 -1 6 16 -1
19401 1 -1
15422 13 -1
8435 14 -1 1 -1 7 -1 1 7 -1 0 -1 0 1 1 7 11 -1
17087 1 8 8 -1
25056 0 0 0 0 2 3 10 16 -1 0 11 -1
7408 0 0 11 -1
4426 1 3 3 5 6 6 -1 2 -1
26088 0 5 6 -1 0 -1
12688 1 11 -1
16513 7 13 -1
31736 3 -1
17914 0 -1
20585 0 -1
17112 0 -1
29435 0 -1
22481 6 -1
26573 1 13 -1 0 -1 14 -1
6784 5 -1
21602 1 14 -1
24956 6 7 -1 3 6 -1 3 -1
21424 0 -1 0 1 -1
24754 0 -1
2873 4 -1
5130 1 -1 0 -1 1 -1
27570 5 6 9 9 -1
1407 0 11 -1
3993 0 1 -1 4 -1
11424 2 10 -1
24805 6 -1
24707 14 -1 11 -1
11295 3 -1
10065 1 14 -1
30672 0 3 -1
31137 0 -1
6077 3 -1
8111 3 6 -1 3 6 -1
698 0 -1
870 3 11 -1
16690 3 -1
23239 6 -1 3 -1 3 6 6 -1 0 3 -1 0 3 3 6 6 -1 0 3 6 -1
12993 3 -1
3851 2 -1
30907 6 -1
7864 6 -1 0 -1
11607 0 -1 0 3 -1
26424 0 6 13 13 -1 0 0 5 5 6 -1 6 -1
11012 0 1 4 -1
15156 13 -1
7800 5 6 -1
17352 9 -1
11339 1 -1
16313 0 3 -1
19852 0 6 -1
6871 11 -1
998 14 -1
8037 0 -1 0 1 -1
12489 0 3 5 -1 0 1 3 9 11 -1
4716 0 3 5 6 11 -1 2 3 3 -1
2698 0 13 -1
1013 0 11 13 -1
7687 0 -1 1 -1 0 -1 0 11 -1
3086 3 11 -1
25729 2 4 9 -1
17530 8 -1
405 0 11 -1
16426 3 3 6 -1
2012 9 -1 15 -1
31400 0 0 13 13 -1 0 -1 4 -1
21664 1 1 5 7 9 13 14 -1
3295 0 -1
20623 0 -1
7225 3 -1 6 -1
15978 0 -1
29050 0 -1
20890 6 -1
29437 6 -1
13422 5 -1
18952 1 -1 0 1 -1
6793 6 8 -1
18161 3 6 -1 3 3 13 -1 1 -1
30303 6 -1 3 3 6 -1
15018 14 -1 3 -1
26675 3 5 -1 1 13 -1
29921 10 -1
16490 5 6 14 -1
12521 3 -1
28642 0 -1
24666 6 12 -1
28751 1 11 -1
4079 0 0 7 -1
4623 5 -1
16182 0 0 4 -1
24388 1 -1 14 -1
3766 0 2 11 -1
24750 0 -1
30695 0 -1
25475 0 -1
4616 0 -1
8093 0 -1
16167 4 -1 10 -1 0 4 -1
25766 0 12 -1 13 -1
20795 0 -1
1968 3 -1
7171 0 -1 0 0 4 13 13 -1
22967 0 5 5 -1
13936 0 11 -1
30377 0 -1 13 14 14 -1 1 1 4 14 -1 14 -1
27977 8 -1 6 -1 8 -1 0 1 5 -1
18118 0 2 8 -1 1 3 -1
6349 6 -1
28554 7 -1 8 -1
19829 5 7 10 -1
26938 1 -1 0 5 -1
10486 14 -1 5 -1
11352 4 -1 6 14 -1 5 -1
2405 3 -1
26429 0 -1 9 11 -1
30809 9 -1 0 0 1 1 -1
12264 1 -1
30463 0 2 8 8 -1
19008 0 13 -1
1451 0 4 4 13 -1
11827 0 -1
29416 0 14 -1
9240 0 9 16 -1
12649 7 -1
15358 3 4 8 8 -1
31439 10 -1 0 5 -1 0 0 5 -1
13932 0 1 -1 0 4 5 -1 0 -1
5552 0 -1
20179 12 -1
29447 1 3 3 6 -1
9786 0 13 -1
14334 3 -1 3 6 -1
22453 1 -1
8013 0 -1
23681 2 2 11 11 11 -1 2 -1 1 -1
10440 10 -1
23294 0 3 3 6 8 10 -1
14000 0 5 -1
18471 1 -1
30754 3 -1
17915 2 11 -1
23602 0 -1
16200 6 -1 0 5 -1 6 -1 0 -1 5 -1 6 -1
2209 5 -1
7157 0 0 0 13 13 13 -1
18691 3 6 -1
17384 5 -1
20029 4 -1
25318 3 -1
21230 5 -1
12790 0 7 -1 1 13 -1 13 -1
1075 0 -1
16240 0 6 -1
5264 5 -1 0 1 1 1 3 3 5 5 6 -1 1 -1 5 -1 9 -1
6925 0 0 11 -1
26678 0 0 1 2 11 -1
25627 8 -1 0 6 8 -1
2795 1 3 5 -1 0 -1 14 -1 0 -1 3 3 6 -1
5024 0 1 -1 1 -1
6494 7 -1
2515 3 -1
16829 3 -1
30793 0 -1
21210 0 13 -1
17705 13 -1
13893 0 -1
21544 13 -1
23991 0 3 -1
8168 0 -1
29746 11 -1
442 0 1 2 13 -1
11350 10 -1
1536 0 -1 4 -1 0 0 4 -1
28694 3 -1
19423 5 -1
10270 11 -1 8 9 -1 5 7 9 11 14 -1
28920 1 5 13 13 -1
11730 0 0 11 13 -1 0 0 11 -1
176 2 8 -1 8 -1
21351 0 -1
23270 1 1 13 -1 13 -1 12 -1
30697 3 -1
4878 6 -1 3 -1
23749 16 -1
15752 8 9 11 12 -1
15523 11 -1
24780 4 -1
22433 0 -1
11137 3 6 -1
23335 10 -1 4 -1 0 11 -1 1 -1 2 4 16 -1
13520 0 6 -1
10919 0 1 -1
10771 0 -1
18980 7 -1 0 1 1 14 -1 11 -1 13 -1 6 -1 2 3 -1 4 5 9 10 -1 4 7 -1
20055 0 0 3 13 -1 6 13 -1
10973 8 -1
30627 0 -1
17911 7 -1
26308 8 -1 3 8 9 11 -1
1365 0 -1 1 -1 0 -1 0 3 -1 3 -1 0 13 -1 0 -1
22592 3 3 11 -1 3 11 13 13 -1 11 -1
11022 5 -1
12741 3 5 6 -1 5 6 -1
1068 6 6 13 -1 6 13 13 -1 6 13 -1
31717 6 -1
31139 1 -1
15720 4 -1 7 -1
15321 0 -1
11739 0 1 -1 0 -1 1 -1 0 1 -1 0 11 -1
6878 0 -1 2 -1
2513 0 4 11 -1 11 -1 0 11 13 -1 11 -1
179 3 10 -1
29090 0 0 1 1 2 -1 0 1 -1
19587 2 8 -1
4346 0 0 1 11 -1
4943 5 9 -1
9317 6 -1 5 -1
12035 1 -1
4068 3 -1
5575 3 -1
24930 1 3 -1
4186 1 -1 13 -1
27451 1 6 9 9 9 11 -1
13664 0 -1
16431 0 -1 11 -1
3727 0 9 -1
8656 5 -1
598 6 -1
1915 12 -1
10037 11 -1
31360 1 -1
23282 14 -1
10078 0 -1 13 -1 0 -1 3 -1 0 0 4 -1
21120 0 11 -1
2126 0 -1
17930 11 -1 0 -1 11 -1 1 -1
12411 13 -1 6 -1 2 -1 3 -1 1 4 5 9 10 -1
6911 0 -1
9058 6 -1 0 -1
27173 0 1 -1 0 0 1 -1
7582 0 -1
3665 10 -1 4 10 -1
2749 5 -1
22367 5 6 -1 6 14 -1 5 6 -1
1257 0 0 3 3 8 -1
3667 11 -1
20614 5 -1
1433 0 13 -1
13688 3 4 5 13 -1 1 -1
21831 10 -1 16 -1
10350 1 -1 0 -1
29535 2 3 6 16 -1
12026 2 -1 1 6 11 13 -1 5 -1 1 -1 14 -1 0 -1
7439 3 -1
41 1 9 9 -1
23373 0 4 -1
9312 0 5 6 6 8 -1
19595 0 11 13 -1
26440 2 -1
31309 0 0 11 11 11 -1
22142 1 3 -1
8543 0 0 9 10 -1
3758 4 -1
16597 8 -1
24519 9 -1
18523 0 -1
7809 11 -1
8116 0 -1
18420 5 -1
2500 0 6 -1 0 -1 16 -1
14678 0 5 -1
22607 7 11 -1
10766 0 -1
2399 2 5 14 -1
16890 14 -1
4551 1 7 -1
12086 0 0 12 13 13 -1
6993 0 3 13 -1 0 -1
12944 3 -1
15959 0 3 6 7 14 -1
17953 1 11 -1
23490 5 13 -1
26243 3 -1 0 1 3 6 -1
22321 1 -1
10457 0 1 -1 0 -1 0 1 13 -1
24802 3 3 7 -1
6021 3 -1
29826 1 5 -1
26991 0 0 0 11 11 11 -1 0 0 13 13 13 -1 0 -1
2458 0 -1
4727 0 15 -1
11222 0 10 -1
2207 5 6 6 -1 5 -1
4204 3 -1
16865 0 -1
22541 0 -1
18930 11 -1 0 1 -1 0 -1 0 1 13 -1
30552 6 13 -1 10 -1 11 -1 9 -1 1 -1
5102 9 -1
5230 1 -1 14 -1
6070 0 2 11 -1
29382 5 6 13 -1 0 6 -1 0 5 -1
298 13 -1
10429 3 -1
6988 0 -1 1 -1 0 2 2 3 6 -1 0 0 0 1 4 5 -1
8974 4 -1 0 -1 13 -1
29756 9 -1
976 0 0 1 14 -1
25960 13 -1
10110 0 7 -1
26295 0 1 -1
9959 13 -1 3 7 8 12 -1
29035 0 -1
3090 8 -1 5 -1
20997 0 -1
7420 0 0 1 -1
29315 0 1 3 -1 0 -1 0 1 3 -1
17870 0 -1
18790 5 -1 14 -1
4324 0 0 2 -1
18932 1 3 -1
23782 0 -1
14766 0 -1
19081 0 8 -1 2 5 8 -1
1686 0 7 -1
2498 0 1 -1
25775 0 6 -1 0 6 -1
7164 5 6 -1
21050 3 3 6 6 -1
1894 3 -1
17550 6 13 13 -1
30045 1 -1 1 13 -1 9 -1 1 2 -1 1 -1
10701 13 -1
8146 5 -1
4950 8 -1
22632 0 -1
9264 0 -1
25561 0 -1
2282 0 0 3 3 -1
3613 6 -1
19241 0 13 -1
10533 3 6 -1
4612 2 3 3 6 -1
27775 5 6 -1
12252 4 -1
20258 0 0 0 0 1 11 16 -1
15804 1 -1
15931 3 6 -1
10322 7 8 -1
1830 0 -1
11869 7 -1
23083 3 -1
24523 4 -1
26179 0 -1
24501 5 12 -1
20529 0 11 -1 1 -1
30810 0 -1
5938 3 5 8 -1
24649 0 10 -1
6492 1 3 -1
30549 3 6 -1
1651 0 2 3 8 14 -1
20195 10 -1
10668 3 -1
11165 3 -1
9645 0 -1 0 1 -1 1 -1
10719 1 -1
4090 4 5 -1 1 -1 5 -1
5646 0 -1 6 -1 0 0 3 10 -1 0 -1
24237 1 -1
28549 2 -1
9413 2 -1 0 -1
2017 0 -1 3 -1 0 3 -1 0 3 3 6 -1 0 3 -1 0 -1
23012 1 -1 3 -1
31371 0 1 11 -1
6656 5 -1
6484 1 -1 0 9 -1
9590 3 3 6 -1
26599 0 5 -1
1586 0 1 -1
7286 0 0 2 11 -1 11 -1 0 -1
29963 8 -1
2736 6 -1 3 -1 5 6 -1
17618 0 0 14 -1 1 -1 1 3 -1
10488 0 10 11 16 -1
15267 0 1 -1
12198 0 -1
21484 16 -1
3216 0 0 13 -1
14951 0 -1
26167 0 4 -1
5895 12 -1 7 -1
9411 0 -1
15384 7 -1
25289 2 10 11 -1
1479 1 -1 0 2 11 -1
23540 13 -1 3 -1
16974 0 1 3 11 13 -1 0 4 4 7 14 -1
9946 0 -1
16783 0 6 -1
22406 0 -1
987 9 -1 2 -1 1 11 13 -1 10 -1 1 2 2 6 14 14 -1 3 -1
13146 5 -1
8554 2 -1
2279 0 -1 1 -1
8396 1 1 4 -1 14 -1 0 1 -1
28460 0 -1
13640 2 -1
1349 7 -1
20719 0 0 0 0 1 1 7 11 -1
25307 0 13 -1 0 0 13 13 13 -1
25003 3 3 6 6 -1 3 -1 3 6 -1
27197 0 13 -1
13252 13 -1
28776 0 13 13 -1
1117 3 -1
22244 13 -1
11722 13 -1
6519 14 -1
21357 7 -1
704 0 1 1 3 14 -1 1 10 16 -1 0 4 5 13 -1
28518 0 -1 13 -1
2557 1 5 14 -1
27710 0 -1 0 6 16 -1
14417 0 4 -1
23753 1 -1
30977 0 0 2 2 9 11 -1
14084 0 1 -1
9834 1 -1
12784 0 6 -1
25744 6 -1
5926 0 0 3 -1 0 13 -1
22067 0 1 14 -1 9 -1
20778 13 -1
1737 4 8 -1
29097 0 1 -1 0 1 -1
28631 3 6 -1
21430 2 -1
3365 12 13 -1
10136 2 -1
2609 0 5 5 9 -1 0 -1 0 3 5 5 -1 0 -1
10267 0 -1
18651 0 6 -1
31534 11 -1
404 0 -1 5 -1 0 -1
19159 13 -1 0 9 -1
7535 13 -1
20217 10 -1
17757 0 0 0 1 9 11 -1
18617 12 -1
21197 5 -1 14 -1 5 -1 0 -1
2718 5 -1
4391 13 -1
23588 1 -1 0 1 5 -1 0 1 -1 1 -1
16047 11 -1
4960 0 1 -1
11513 6 -1
19579 3 -1
25930 3 -1
9171 1 -1
396 0 -1 1 5 6 -1 3 6 -1
15979 11 -1 0 11 -1 0 11 -1 0 -1
30722 0 16 -1
19735 0 0 3 5 -1
31559 5 6 -1
28244 11 -1
8740 0 -1 5 -1 0 -1
9995 5 -1
7138 11 14 -1
21309 0 -1
29450 5 6 -1
15889 6 6 13 -1
1927 0 9 -1
13823 5 -1
28194 1 14 -1
11674 4 10 -1
6903 1 7 -1 0 13 -1
29925 0 0 0 0 1 1 13 -1 4 -1 0 -1
16671 13 -1
13245 0 -1
19730 0 -1
4905 5 -1
24447 0 3 -1
25413 14 -1
13821 0 1 -1
5678 0 -1
20766 0 -1
28589 1 -1
25397 0 -1
23449 1 -1 0 -1 0 1 1 2 9 -1 0 0 9 -1
24617 1 -1
31363 0 1 -1 0 -1 1 -1
15187 0 0 1 1 -1
20571 0 0 2 -1
4742 14 -1 0 -1
679 0 -1
31483 0 0 9 9 9 -1
17622 0 7 -1
25041 0 1 9 -1 1 2 -1 1 3 -1 3 4 4 10 14 -1 11 -1
26417 4 -1 1 9 -1
12938 0 1 -1
21875 13 -1
27740 0 3 -1
20551 12 12 13 -1
11132 6 -1
29033 0 -1 5 -1 0 0 10 14 -1
2217 5 -1 13 -1 2 -1
18260 9 -1 0 0 2 -1 0 2 10 -1
21852 0 1 3 11 -1 5 -1
28435 0 11 -1 1 -1
19328 1 5 -1
23419 0 -1 1 -1
6185 15 -1 0 2 2 13 -1 4 -1
18812 3 -1
4048 0 1 1 5 10 16 -1
14160 0 0 9 -1
18975 0 -1 0 1 -1
19792 14 -1
16609 0 -1
8263 12 -1
5671 1 -1 0 1 -1
28290 14 -1
1929 2 5 -1
1383 0 3 -1
638 3 6 -1
30882 0 -1
10063 0 11 -1
13060 0 9 -1 9 -1 6 -1 9 -1
13650 8 -1
12973 2 7 -1
30411 5 -1
1812 0 -1
23783 0 -1
13167 4 -1
798 0 5 -1
2200 5 -1
31216 3 -1 1 -1
14350 1 10 -1 14 -1 0 1 11 -1 9 10 -1
28612 9 -1
26228 1 -1 0 -1
24667 8 8 12 -1 7 -1
15813 3 6 -1
27178 0 -1
2731 0 -1
8329 0 6 -1 2 11 -1
26833 0 0 5 -1 0 0 4 5 -1 1 14 -1 8 -1 3 -1
7491 5 -1 2 -1
17656 0 5 -1 5 -1
23819 5 -1 0 1 9 9 -1 14 -1 10 -1
28041 0 1 4 -1 0 -1
16744 0 0 13 -1
6680 3 7 12 -1
2102 6 -1 0 3 -1
29132 0 11 -1 2 -1
28658 5 -1
21688 1 1 5 9 14 -1
21565 2 -1
26902 7 -1
6226 13 -1 0 11 -1
10619 1 3 -1
10326 1 5 -1
22575 0 -1
12348 1 -1 0 -1
11348 9 -1 0 -1 1 -1 1 4 9 10 10 11 -1 9 -1
25553 9 14 -1
19136 1 6 -1 2 -1
1199 6 -1
4673 6 -1
23199 5 -1
15541 0 -1
20968 3 -1
17247 1 -1
8061 1 -1 9 -1 3 -1
28064 0 -1
7944 0 -1
17869 3 -1 0 -1 11 -1
23129 0 -1 5 -1
19431 11 -1
19397 6 7 8 10 11 -1 3 -1
15433 0 13 13 -1
27690 0 0 13 -1 0 13 -1
2259 5 -1
18999 8 -1
19732 1 -1
217 2 5 5 11 14 -1
14681 3 -1
10769 0 -1
20261 3 -1 3 6 -1 6 -1
27998 0 13 -1
4820 1 1 11 -1 11 -1 1 11 -1 1 -1 1 3 5 -1 1 -1 3 3 6 9 -1 0 3 -1 10 -1 2 -1 10 -1 0 0 0 5 5 5 -1 0 -1 1 -1
4150 3 -1
10086 0 -1
612 0 -1
3747 0 -1
23999 5 -1
5065 1 13 -1
8808 0 4 8 13 -1
13191 0 -1
19501 0 0 5 11 -1 0 3 -1 11 -1 0 -1
20374 0 5 -1
17274 10 -1 0 -1
135 0 5 -1
21113 1 3 5 -1 1 5 7 9 -1
4608 0 -1
28764 3 8 -1
5011 0 1 11 -1 0 -1
5328 5 -1
6978 1 9 -1
4558 4 -1
881 0 0 3 4 -1
29618 8 -1
25600 5 -1
3348 0 1 -1
22416 0 1 9 -1
23822 12 -1
7255 14 -1
19642 0 -1 1 -1
4643 13 -1
24332 3 6 -1
21914 10 -1 3 -1 10 -1
19226 1 -1
20996 0 -1 0 0 1 9 13 -1
15730 1 9 -1
28022 1 3 -1
10171 0 13 -1 13 -1 0 -1 13 -1 12 -1
25647 5 -1 0 0 2 16 -1
5132 5 6 9 -1
28529 0 13 -1 0 -1
2790 0 6 -1
25899 0 7 -1
31410 7 -1 0 -1
1362 0 0 1 6 6 13 -1
24387 13 -1 0 -1
26622 1 -1
7182 3 3 6 6 9 -1 9 -1
26584 8 -1
2857 1 1 4 -1
24674 4 -1
344 0 -1
23684 0 -1
7685 1 -1
844 0 -1
17790 0 -1
296 6 -1
28986 0 -1 2 3 10 -1
29100 0 0 0 2 8 8 8 -1
3893 0 -1
21567 0 -1
15386 9 -1
12940 8 8 11 11 -1
29513 0 0 13 -1
26180 3 -1
23715 0 5 6 6 11 -1
19406 5 -1
15678 0 -1
29955 5 -1 9 -1
5558 6 16 -1
2345 0 5 5 -1
7524 0 1 -1
103 0 11 -1
20828 9 11 13 -1 1 6 -1
8076 3 -1 0 3 4 6 -1
20915 3 -1
31292 11 -1
24923 5 -1
21062 8 -1
10690 1 3 4 -1 0 1 11 -1
13032 11 -1
2585 1 -1
9559 2 8 -1
20282 16 -1 13 -1
3504 0 1 -1 0 0 2 3 -1
2395 0 0 6 -1 2 -1 14 -1 2 7 -1 8 13 -1
2373 0 10 -1 0 3 -1
15117 0 10 10 16 -1
23408 1 -1 10 -1
29332 6 -1
21780 3 7 -1
15519 14 -1 1 1 14 -1 11 14 -1
8401 3 -1
12634 0 5 -1 10 -1
3317 7 -1
2552 0 -1
9259 6 -1 3 7 -1
27658 3 7 -1
4130 3 -1
29102 6 6 13 -1
23317 6 -1
21945 0 0 0 3 11 -1
20334 1 11 -1 0 8 -1
15047 3 -1
403 5 -1 14 -1 5 6 14 -1 9 -1 11 14 -1 9 -1 0 14 -1
26381 0 10 -1
5290 5 -1
12601 3 -1
28934 0 0 1 -1 13 -1
13452 0 -1
20922 0 11 -1
1925 0 -1
11647 8 -1
27164 0 1 -1
13263 0 0 1 1 3 7 7 8 8 -1
6206 0 -1 0 1 3 11 -1
28164 1 6 9 -1
19488 7 -1 2 13 -1 11 15 -1 0 0 5 13 -1
3791 0 -1 1 10 -1
31528 0 11 16 -1
12693 3 9 9 -1
16887 0 0 13 -1 13 -1 0 -1 0 13 -1
4264 0 -1 0 5 -1
6372 0 -1 0 4 4 -1
24788 5 6 -1
30589 0 5 -1
31326 13 -1
13700 4 -1
5720 0 -1
980 0 -1
25807 2 2 11 11 -1
20394 0 -1
31706 0 0 0 1 16 -1
26214 6 -1 3 -1
4525 1 -1
8349 15 -1 5 -1
6080 0 -1
1676 5 -1 8 -1
12230 5 -1 3 -1
2693 0 3 -1
26489 7 -1
16091 0 10 10 -1
11568 0 0 0 11 11 14 -1
13339 1 -1 5 -1 1 6 -1 3 -1
20149 1 2 -1
6908 8 12 -1
29523 0 11 -1
1746 1 -1
19505 1 2 -1
28408 11 -1
11057 2 -1
4610 5 9 -1 13 -1 0 -1 10 -1
720 9 -1 1 3 -1 0 1 -1
25535 5 -1
15390 0 -1 6 -1 0 -1 0 0 6 6 -1 0 5 5 -1 0 5 -1 0 6 -1
3128 0 6 -1
20642 3 6 -1 3 -1
3106 4 -1 0 3 -1 0 13 -1
25328 0 -1
9416 0 6 -1 0 6 -1
22729 0 1 -1 0 0 3 -1
23792 0 3 3 -1
17475 3 6 -1
15998 13 -1 0 -1 0 0 0 13 13 13 13 -1
19653 0 -1
2457 1 13 -1 0 5 5 -1 2 -1 4 10 -1
15000 3 -1
8140 9 -1 0 -1 0 1 5 -1 0 -1
19920 0 1 8 -1 4 -1 8 -1 0 -1
8582 3 -1
3418 11 -1
6896 13 -1 5 -1 5 11 11 -1
213 0 -1 0 2 9 -1 0 -1
17572 14 -1
16199 1 -1 0 0 0 11 11 11 -1
575 3 -1
5327 0 0 2 14 -1
24660 3 -1
30582 8 -1
14718 4 -1
5612 0 -1
25420 3 -1
30436 0 -1
96 3 -1 1 3 -1 5 9 -1 5 -1 3 -1
20964 3 -1
30669 11 -1
22780 0 -1
7778 0 13 -1 0 5 10 13 -1 0 -1
16445 0 -1
12221 3 -1 13 -1 1 -1
19725 0 3 6 -1 3 -1
21469 0 13 -1
18407 2 -1
17673 0 7 -1
20573 5 -1 0 1 -1
2910 3 3 6 -1 0 -1
18527 0 -1 1 -1
17975 7 -1
25385 7 -1
7292 10 -1 9 10 -1 1 2 -1 1 -1
31416 0 -1
14837 8 -1
9177 0 -1
16939 1 1 5 6 -1 1 -1
25236 3 -1 3 6 -1 6 -1 3 -1
8382 0 -1
18103 0 11 -1
11461 3 -1
27180 0 2 -1 2 10 -1 0 -1 2 -1 0 -1
10984 6 -1 12 13 -1
7010 0 -1
4565 6 -1 0 -1 10 -1 0 10 -1 0 -1 0 5 -1
10046 14 -1
21295 2 8 8 -1
19941 1 -1
14162 8 -1
7699 8 -1
22286 3 9 -1
1016 0 -1
10298 0 0 13 -1
18814 0 11 -1 0 -1
17046 0 -1
9595 3 6 6 -1 3 6 -1
14656 5 8 8 -1
24088 0 -1
20455 0 -1
23604 0 1 -1
26018 8 -1
24741 2 -1
28781 0 1 1 -1
14663 13 -1
14030 12 -1 13 -1
4911 3 -1
31431 1 -1
8880 4 -1
4053 0 11 -1 0 1 -1
6530 0 5 6 -1
31525 0 -1
3427 3 -1
67 3 6 -1
24287 3 6 -1 5 -1 3 -1
17992 0 0 5 6 -1
1837 2 4 5 -1
9623 5 -1
13111 0 2 -1
22449 1 -1
10473 13 -1 0 -1
19867 11 -1
13180 9 -1
5143 0 0 0 11 11 -1
20434 1 -1
18748 1 -1 1 9 -1 2 11 -1
23975 0 -1
24751 13 -1
15571 2 -1 5 -1
21534 1 -1
16897 8 12 13 -1 12 -1
25865 0 -1
30113 0 -1
22695 0 0 0 3 8 8 -1
8750 1 -1
9080 6 -1 3 -1 6 -1 0 3 6 -1 6 -1
4345 2 5 5 5 5 6 14 14 -1
2387 4 -1 0 10 -1 0 1 5 -1
20411 3 6 -1
23111 6 -1
29333 0 9 -1
7812 0 -1
