1589
10730 0 10 -1 0 -1
22006 6 -1 13 -1 6 -1 13 -1 0 14 -1 13 -1 0 -1
22924 0 0 2 -1 10 -1 1 -1 0 -1 0 0 1 1 4 -1 0 0 3 4 -1 0 4 -1 0 -1 0 4 -1
16215 3 6 -1 6 -1 3 -1
4650 0 3 -1 6 -1 3 -1 0 -1 0 6 -1 3 6 -1 0 -1 0 3 -1
8264 0 9 10 14 16 -1 0 2 -1 5 -1
6415 8 -1 8 11 -1 1 1 11 -1 8 -1 8 11 -1 6 -1
5212 0 0 0 1 5 -1 0 1 -1 1 -1 0 -1
12115 13 -1 5 -1 0 1 3 -1 0 -1 9 -1 0 -1 6 -1 1 -1
7131 8 -1 0 0 0 1 5 8 8 10 -1 10 -1
13419 1 8 -1 0 8 -1 12 -1 6 12 -1
6898 0 3 -1 0 5 -1
5148 5 6 -1 5 -1 5 6 -1 6 -1
6576 2 -1 0 -1
7202 0 0 11 -1
5485 0 -1 1 3 6 -1
29082 3 3 8 -1 3 5 -1 3 6 8 -1 3 -1 3 7 8 -1 1 5 -1
30481 0 6 -1 0 6 -1
14325 0 1 3 8 12 -1
2677 3 5 -1 5 6 -1 3 -1 5 6 -1
7195 0 -1 3 6 -1 6 -1
31511 5 -1
25637 9 11 -1 3 -1 9 -1 3 5 9 -1 3 6 6 -1 3 -1
11051 1 13 -1
366 1 -1 1 5 5 -1 6 13 -1
8548 1 3 5 13 -1 13 -1 1 5 11 -1
21594 1 14 -1 10 14 -1 2 3 14 14 -1
21866 2 3 -1 5 7 9 -1
11505 0 -1 1 -1 0 3 -1 6 -1 0 -1 1 1 3 5 6 -1 3 -1 5 -1 1 -1 5 -1 3 14 -1 7 14 -1 14 -1 1 5 -1 3 -1 3 6 -1
28809 4 -1
24565 16 -1
12346 1 1 2 14 14 14 -1
2338 0 6 -1 0 6 -1 0 6 -1 0 -1
5034 10 -1 0 -1
6120 0 5 -1 0 1 -1 0 -1 5 -1 0 -1
25829 0 1 6 -1 0 14 -1 1 -1 14 -1 16 -1 6 14 -1 16 -1 14 -1 3 14 -1 9 14 -1 0 -1 14 -1
223 0 6 -1 3 3 6 -1
15248 0 0 1 -1 1 -1
19783 3 -1
29390 0 -1 10 -1
16070 0 1 3 6 -1
12085 1 3 3 6 -1 6 -1
20655 3 10 -1 9 10 -1 1 -1
30040 0 -1
29886 0 12 -1 0 12 -1 12 -1 0 -1 12 -1
19004 1 -1 7 -1
14673 13 -1 0 -1 0 0 0 12 13 13 13 -1
7478 0 2 -1 1 4 10 -1 0 0 1 1 1 1 1 2 3 6 -1 0 -1
1523 0 0 13 -1 13 -1
20595 2 -1 1 -1
21100 11 -1
3278 0 6 6 -1 0 3 -1 1 7 -1 1 -1 3 14 -1
9706 0 0 0 8 10 11 11 -1 0 11 -1
21806 0 -1 0 11 -1 5 -1 0 -1 5 -1 0 -1 10 -1 0 -1
29327 8 -1 4 11 -1 4 -1 11 -1 8 -1
12275 8 -1 0 13 -1 8 -1 0 4 8 -1 0 -1 8 -1
24714 0 0 1 2 4 -1 1 -1 0 -1
2290 13 -1
31036 0 0 0 2 10 -1 1 -1 0 0 1 11 -1 10 -1 0 -1
18414 1 7 9 10 -1 3 -1
31207 0 11 -1
28413 0 1 -1 9 -1 0 0 1 16 -1 0 0 1 1 -1 1 2 -1 1 2 -1
16133 11 -1 0 0 11 -1 3 6 -1
6714 0 4 -1
22452 0 0 1 5 6 -1
6346 0 1 -1 0 -1 9 -1 0 0 0 1 9 -1 2 -1
27498 0 12 -1 3 12 -1 6 -1 12 -1 0 6 -1
14404 14 -1 2 9 14 -1
28482 8 -1 8 10 11 -1 5 -1 1 6 -1 11 -1
3805 0 10 13 -1 0 1 3 -1 1 13 -1 0 2 4 4 16 -1
22474 0 9 -1 0 11 -1 0 -1 0 11 -1 0 3 -1 0 0 0 1 1 3 -1
10766 0 -1 1 -1 0 0 1 1 -1
384 0 11 13 -1 6 -1 13 -1 6 13 -1
1662 0 -1 10 -1 0 -1 0 1 -1 6 -1 0 1 -1 0 -1
19044 0 2 -1 2 13 -1 0 3 6 13 -1 0 -1
6889 1 7 7 -1 14 16 -1 3 14 -1 14 -1
21437 0 13 -1 0 6 -1 3 -1
6964 0 -1
30176 0 5 -1 0 -1 0 5 -1 9 -1
25250 0 10 -1
11060 5 -1 6 -1
10416 0 -1 0 14 -1 4 -1
18245 0 2 9 -1
18028 0 -1 0 0 1 1 6 6 6 -1 0 1 -1 13 -1 0 1 3 -1 0 1 -1 6 -1 1 -1 0 0 1 6 13 -1
13474 0 6 -1 0 10 -1
28136 0 9 -1
27055 0 -1 13 -1 6 13 -1 0 -1 0 1 13 -1 13 -1 0 -1 0 13 -1 0 0 13 13 -1 1 13 -1
25075 0 0 6 -1 6 -1 0 0 6 -1
11759 0 -1 2 -1
5965 0 11 -1 0 16 -1
16386 0 0 1 -1 3 -1
536 1 -1
14890 0 1 -1 1 9 11 -1 0 1 9 -1 10 16 -1
31195 14 -1 0 -1
7841 8 12 -1
11058 4 5 -1 0 1 -1 0 1 -1 0 -1
17474 3 -1 0 -1 6 -1 0 6 -1 0 -1
3118 0 -1 0 2 -1
17826 0 -1 0 11 -1
26746 0 3 -1 0 2 -1 0 2 5 -1 9 -1
12443 0 13 -1 0 -1
10482 6 12 -1
10512 0 -1 1 -1
24729 0 -1 3 6 9 -1
17917 3 -1
18991 6 8 -1 8 -1 0 13 -1 3 -1 0 1 13 -1
26408 0 -1 0 3 -1
20264 0 -1 6 -1 0 0 0 1 1 -1 2 -1 3 5 -1 6 -1
31355 0 10 13 -1
1102 1 2 -1 9 -1 1 2 9 10 -1
17034 0 0 13 -1 3 6 -1 6 -1
11411 0 -1 0 1 3 -1 0 0 1 -1
23699 1 1 1 2 2 -1
9683 0 -1
2743 11 11 13 14 -1 3 -1 2 3 6 -1 10 -1
24090 0 11 -1 0 -1 0 2 10 -1 0 -1 16 -1 0 -1
12191 0 3 6 -1 6 -1 0 0 2 3 -1
13022 1 3 3 6 6 11 -1 6 -1 3 11 -1 2 4 5 11 -1
876 5 6 -1
4698 14 -1
8951 1 -1
26850 0 1 -1 11 -1 0 -1
24874 3 6 12 -1 3 6 6 8 -1
24768 0 -1 0 1 -1 1 -1 0 -1 1 -1 0 1 -1 0 -1
8789 8 -1 6 -1 8 -1
26642 2 -1 0 2 -1
21888 5 6 6 12 12 13 -1
13332 0 0 9 9 -1 0 0 9 -1
21900 0 -1 0 1 1 -1 7 -1 0 0 3 3 -1 0 7 -1 1 -1 0 -1
5643 5 6 14 14 -1
13268 12 12 13 -1
21443 0 1 11 14 -1 2 3 6 10 13 -1 9 -1 4 4 5 7 -1 0 1 -1 1 1 11 14 -1 13 -1 2 9 -1 10 -1 4 5 -1 7 11 -1
28137 2 -1 6 -1 3 -1 1 3 6 -1 3 -1 6 -1 3 6 7 -1
2858 0 -1 0 10 -1 5 5 9 -1
11 3 14 -1
24992 3 -1 11 -1 8 -1 12 -1 3 8 -1 2 6 6 -1 8 -1 3 6 6 -1 0 1 -1 8 12 -1 8 -1 2 3 8 -1 3 5 8 12 -1 5 6 -1 3 8 -1 12 -1 6 -1 8 -1 0 6 -1 1 6 6 -1 3 3 6 8 12 -1 0 6 -1 1 6 -1 1 -1 4 -1 3 8 8 -1 3 6 8 -1 8 12 12 13 -1 6 -1
18836 0 -1 3 6 -1 0 3 6 6 -1 3 -1 6 -1 3 -1 0 6 -1
5120 8 9 -1 8 11 -1
30590 0 -1 0 0 1 1 1 1 3 -1 0 1 -1 0 0 3 -1
12493 5 -1 3 6 -1 6 -1 3 -1 0 0 6 11 13 -1 3 6 -1 1 -1
22581 5 -1
3996 0 -1 2 9 -1 0 1 -1
29531 6 -1 0 -1
4807 5 -1 5 14 -1 14 -1 4 14 -1 4 5 5 14 14 -1
29677 8 -1
31152 0 4 9 -1 0 0 0 1 10 11 -1 1 3 -1
4052 0 -1 0 1 11 -1 1 -1 0 1 4 5 -1
19171 0 3 6 -1 0 -1 3 6 -1
3004 3 6 -1 3 -1 3 3 6 11 -1 0 -1
10589 0 0 3 3 12 -1 3 -1 0 -1
27912 0 -1 1 2 -1 0 2 -1
30764 0 -1 0 5 7 -1 3 6 7 -1
24924 1 7 -1 14 -1 9 14 -1 9 -1
31221 11 13 -1 8 -1 5 7 13 -1 6 7 -1
6158 9 -1 1 -1
21768 0 0 9 11 -1
20992 2 -1
12204 1 5 -1 14 -1 0 1 1 7 -1 4 -1 1 -1 5 9 -1 6 10 -1
5840 8 10 -1
14025 0 -1 0 0 0 1 2 5 5 6 -1 0 0 0 5 6 -1 5 -1 9 -1
28845 0 1 15 -1
1272 1 3 -1 5 9 -1
29664 0 -1 1 -1 0 -1 1 -1 0 -1 1 5 -1
6082 6 -1 3 3 6 -1
24133 1 -1 5 6 -1 2 -1
25846 13 -1 9 -1 5 -1
4471 3 8 -1
15759 0 3 8 -1 3 3 6 6 -1 3 -1 8 -1 0 6 -1 3 -1 0 -1 8 -1 0 -1 3 6 8 -1 0 4 10 -1
17679 0 -1 4 -1
5662 5 -1 5 6 -1 0 5 6 -1 0 5 6 -1 0 5 -1
12852 8 -1
27477 0 -1 11 -1
27495 0 -1 0 3 -1 3 -1 0 3 -1 0 -1 0 1 2 -1 0 0 1 -1
5162 0 -1 1 -1
267 13 -1 0 1 13 16 -1 0 -1
14942 0 -1 7 -1 0 7 -1
10617 0 -1 1 10 -1 0 -1 11 -1
14731 0 9 -1 0 -1 5 -1 1 6 9 -1
7288 0 0 9 -1 5 -1 14 -1 1 7 -1
9536 3 -1
30628 0 0 1 2 -1 0 -1 0 13 13 -1
1546 0 1 -1 0 -1 0 10 -1 0 3 13 -1 0 6 -1
3545 0 -1 5 6 -1 5 6 -1 5 10 14 -1 4 14 14 -1
13986 0 -1 3 5 6 -1 6 -1 10 13 -1 9 -1 5 -1
13137 1 -1 2 -1 5 5 14 14 14 -1 6 9 14 -1 5 5 6 -1 14 -1
14720 5 9 14 -1
10753 0 14 -1 9 -1 0 -1 3 4 -1 0 -1
29915 0 13 -1
4445 1 6 -1 0 -1 3 -1 2 -1
30998 0 0 1 1 -1 0 1 -1
2005 3 3 6 -1
17331 0 2 -1 1 -1 9 -1 0 11 -1
14271 5 8 13 -1
20484 0 -1 9 10 -1 1 -1 11 -1 0 1 3 -1
31248 1 7 -1
31161 0 -1 1 -1 3 -1 0 1 10 -1 1 1 10 -1 0 0 1 10 -1 10 -1 5 16 -1
3688 0 -1 5 -1 6 -1 0 5 -1
31567 1 -1 2 3 3 6 6 11 -1
12875 0 -1 0 10 -1 4 -1 0 13 -1 0 1 -1
12007 3 3 6 6 -1 3 6 -1
16448 5 -1 0 -1 1 3 6 11 11 -1 2 9 -1
31184 0 2 7 11 -1 0 -1
14290 0 1 -1 0 0 1 1 -1 0 -1 0 16 -1 0 11 -1
10252 0 0 1 9 -1 1 9 -1 11 -1 9 -1 9 11 -1 0 2 3 -1 4 9 -1 0 0 1 9 13 -1 11 -1
30761 9 -1
20136 8 -1 1 -1
19478 0 -1
18370 0 2 5 8 -1 1 -1 2 -1 1 -1 2 -1 1 -1 1 1 2 13 -1 13 -1 9 -1 10 -1 4 10 -1 10 16 -1
11712 0 4 -1 4 14 -1
15762 5 -1 1 -1
28300 0 1 3 6 -1 0 3 -1
7069 0 1 3 -1
10008 5 6 -1
13844 0 -1 1 -1 11 -1
14870 0 -1
16045 0 0 13 13 -1 0 -1 1 5 -1 1 13 -1
285 0 0 5 5 -1 0 5 -1 5 -1 0 0 5 -1 0 0 5 9 -1 0 9 -1
2608 0 -1 0 1 -1 1 -1 2 -1 0 0 6 -1 1 -1 0 -1
10272 0 0 5 -1 5 -1 0 5 -1 0 14 -1 5 -1
4090 0 10 -1
5719 0 2 11 13 -1 0 6 11 -1 0 2 6 -1
21999 0 0 13 -1
4524 1 -1 3 6 13 13 -1
30669 0 2 9 -1 4 5 9 10 -1
4580 0 -1 10 -1 1 3 6 -1
30871 0 1 6 6 7 8 8 8 -1
19857 0 0 1 11 -1 5 -1 11 -1
8856 3 -1 13 -1 5 5 6 6 -1
29176 1 -1 5 -1 1 5 5 5 6 6 -1
23502 8 -1 13 -1
30396 0 0 1 10 -1 3 -1
15008 4 5 14 -1 1 4 -1 5 -1
23017 0 6 -1 0 -1 0 6 -1 5 -1 0 -1 6 -1 0 -1
27327 1 3 3 6 6 7 7 -1
5956 0 1 11 13 -1 0 2 10 -1 5 -1 7 -1
4490 0 11 -1
16898 0 8 -1
22934 8 -1 3 -1 5 -1 6 -1 5 -1
7126 0 0 0 10 13 13 -1 16 -1 0 -1
28373 0 13 -1 0 -1 13 -1 0 13 -1 0 0 1 -1
1770 0 0 4 5 10 -1 1 -1 4 -1 0 1 5 -1
24612 0 -1
8755 10 -1
30173 0 0 14 -1
8301 6 9 10 13 -1 7 -1 1 -1 0 -1 5 10 -1 15 -1 5 -1
28973 5 8 -1 3 10 -1
5923 5 -1 5 5 6 6 -1 6 -1 5 -1
31151 0 1 -1 14 -1 9 13 -1 14 -1 10 -1
16430 2 10 -1
28436 0 0 1 10 13 -1 13 -1 0 -1 1 3 -1 4 -1 0 1 13 -1 3 -1 1 4 -1
4270 0 -1 0 1 2 5 5 10 -1 0 -1
19985 0 3 6 -1 0 1 -1 3 6 -1 3 -1
20850 11 -1
30525 0 6 -1 3 3 6 11 -1 3 6 6 -1 3 -1 9 14 -1
16538 0 6 -1 0 3 6 -1 0 3 3 -1
30140 0 1 -1 0 5 -1
31687 5 -1 8 -1 4 8 -1 3 -1 8 -1 4 -1 8 -1 4 -1
3528 4 8 -1 1 6 -1
13813 4 -1
5942 0 0 3 -1 3 -1
23613 5 11 -1 5 -1 6 10 -1
17830 1 9 16 -1 1 -1 7 -1 1 -1
13722 12 -1 1 3 7 8 -1 5 -1 6 -1 5 5 6 -1 6 13 -1
30907 0 3 5 -1 7 -1 6 -1
29580 0 -1 6 11 -1 11 -1 0 -1 0 11 -1 11 -1 1 3 -1
11175 1 -1 9 -1 1 5 -1 1 -1 0 13 -1 0 -1 0 5 -1
18427 8 -1 10 -1 0 0 4 8 -1 4 -1 0 -1 0 4 4 -1 0 -1 4 -1 0 -1 4 -1
14526 8 10 -1 0 8 13 -1 0 -1
18978 0 1 7 14 -1 5 -1 14 -1 5 6 6 -1
17837 0 10 13 -1 1 13 -1 1 1 11 -1 2 -1 11 -1 0 -1
11583 8 -1 5 5 6 -1 0 -1 5 -1 0 1 5 -1
29177 1 13 -1 2 5 6 8 13 -1
1632 8 12 -1 0 8 -1 0 0 8 10 -1 13 -1 12 -1 0 8 -1 0 1 8 13 13 -1
20063 0 -1 10 10 14 16 16 16 -1 1 -1 3 -1 1 -1
31563 0 -1 3 -1 10 -1 0 3 5 -1 1 -1 2 -1 3 -1
18753 0 -1 1 1 5 10 -1
18208 0 10 -1 2 -1
10613 0 10 -1 0 -1
4462 0 0 2 6 6 -1 0 2 -1
4379 5 -1 1 5 11 -1 1 1 5 6 -1 0 -1 2 5 10 -1
28240 0 0 2 2 11 -1 0 -1 5 -1 5 6 -1 0 -1
14378 0 -1 0 10 11 -1 0 2 -1
12557 1 11 11 13 -1
27162 6 6 8 8 -1
16577 0 6 -1 5 -1 0 -1 6 -1 0 6 -1 0 -1
17452 0 5 -1 0 0 1 -1 5 -1 0 1 5 5 6 6 -1 0 1 -1
27879 0 0 0 0 3 3 6 -1
1756 0 1 -1 0 0 13 -1 0 13 13 -1
5496 0 -1 0 7 -1 7 -1 0 0 1 1 7 14 -1 0 11 14 -1
8600 0 13 -1 0 9 -1 3 -1
22434 1 5 14 -1 1 -1 0 -1 1 14 -1 7 14 -1
13311 3 -1 14 -1 1 -1 14 -1 1 -1 0 1 -1 0 1 5 -1
6294 0 -1 0 0 0 5 6 6 6 -1
30114 0 16 -1 9 16 -1 0 -1 9 -1
19068 5 -1 6 -1
24344 0 1 -1
23035 1 -1
928 0 6 -1
1881 0 0 3 10 -1
23445 8 -1 6 -1 8 -1 6 -1
18175 0 10 -1 0 -1 1 5 -1 5 -1 1 -1 5 -1 0 -1
4979 12 -1
22170 8 -1 1 -1
2409 0 11 -1
4146 1 2 7 11 -1
21225 0 1 -1 0 -1 0 2 -1 5 -1 0 0 5 6 -1 1 -1 0 -1 1 -1 1 5 -1 5 -1 0 -1
24151 0 0 2 7 -1 0 0 2 2 -1 0 2 -1 11 -1 2 -1 13 -1 0 -1
27070 0 -1 1 -1 0 -1 0 11 -1 0 3 -1 0 0 3 3 -1
25180 0 -1
8957 16 -1 3 -1 1 6 -1
6203 0 -1 9 -1 10 -1 2 3 -1 0 -1
31159 6 -1 3 -1 6 -1 3 -1 6 -1 1 3 -1
5377 11 -1 6 -1 0 -1 11 11 16 -1 0 6 11 -1 0 6 -1
5112 1 7 7 -1 1 7 -1 3 3 6 -1 3 6 -1 6 -1 3 -1 3 6 -1 6 -1 3 3 5 5 7 -1 5 -1 3 5 7 7 -1 6 -1 3 -1
6920 5 -1 6 -1 1 -1 3 6 -1 1 3 9 -1
5498 8 -1 3 -1 6 -1 3 8 -1 0 3 3 6 -1
7751 5 -1 5 6 -1
25336 0 0 9 -1 5 -1 3 6 10 -1
18953 0 0 1 14 -1 14 -1 0 4 14 -1 10 14 -1 0 1 14 14 -1 14 -1
28476 1 -1 6 -1 3 -1 6 -1 5 7 -1
21980 0 1 -1 2 9 -1 0 1 -1 14 -1 1 -1 14 -1 1 9 -1
20165 3 -1 6 -1 3 3 6 6 -1 3 3 6 6 -1 3 -1 3 6 -1
31672 0 -1 0 2 -1 0 6 16 -1 11 -1 0 0 0 5 6 10 -1 1 -1 0 -1 3 -1 0 -1
16055 0 1 10 14 -1 6 14 -1 5 -1 3 6 -1 0 6 -1 6 -1 3 -1
5622 0 -1 10 11 -1 0 13 -1
11718 12 -1 6 8 -1 0 8 12 -1 13 -1
2826 3 6 -1 3 6 -1 3 -1
20541 0 -1 10 -1 0 -1 13 -1 0 -1 4 -1 13 -1
777 1 14 -1
1156 6 12 -1 12 -1 6 12 -1 11 -1
28820 9 -1 1 -1 9 -1 1 -1 10 -1 0 8 -1
6983 0 10 14 -1 4 10 14 14 -1
11218 2 -1 13 -1 5 10 -1 5 6 -1 3 9 13 -1
30087 5 -1 1 6 -1 6 7 -1 6 7 -1 7 -1 1 6 -1
29124 0 -1 0 9 -1 0 0 0 2 2 2 5 16 -1 0 -1 2 -1
13578 0 -1
22567 0 3 3 5 6 -1 0 -1 11 -1 0 11 -1 0 -1
27645 0 -1
21946 5 -1 13 -1
13249 0 0 3 11 -1 6 -1 0 3 3 -1 6 -1 0 -1
3074 0 6 -1 0 -1 11 -1 0 11 -1
24583 0 3 9 14 -1
12941 3 6 6 -1
28053 0 0 13 13 -1
29616 0 -1 1 5 -1 0 -1 5 -1 5 6 6 -1
18942 0 -1 0 11 -1
12541 0 -1 2 -1 1 -1 2 -1 4 -1
2070 0 -1 9 -1
22395 12 -1 6 12 -1
24737 0 10 -1 1 -1
14498 5 -1 0 -1 1 -1 0 -1 1 -1 0 9 9 -1 0 0 9 -1 9 -1 10 -1 0 0 10 -1
31135 5 -1 12 -1 6 8 -1 8 -1
17801 0 -1 10 -1 0 -1 0 16 -1
15068 1 6 6 8 8 -1
3663 0 10 -1 1 -1 0 2 14 -1 0 1 -1 3 4 5 10 -1 3 -1 1 -1 2 -1
2321 1 8 -1 8 -1 0 -1 0 11 -1 5 -1 0 -1 5 -1
7122 6 -1 3 6 7 -1
27303 3 8 -1 6 -1 3 -1 3 6 8 -1 3 3 6 6 -1 3 -1 6 -1 3 3 6 -1 6 -1 3 -1
20324 0 -1 16 -1 3 6 -1
12788 0 1 1 -1
236 3 -1
16138 6 7 7 -1 6 -1 3 -1 3 6 -1 13 -1
22155 0 -1 1 2 11 -1 10 -1
7070 0 1 6 -1
23538 8 -1
633 0 1 -1
5363 0 -1 1 5 -1 6 -1 0 5 6 6 -1 0 -1 6 -1 0 0 6 -1 0 3 6 -1 3 -1 0 -1
28544 8 -1 7 -1
21442 0 -1
28974 0 -1 0 1 -1 0 0 3 11 -1 1 -1 0 11 -1
16030 0 9 11 -1
14306 0 0 11 -1 0 1 -1
3629 0 -1 0 1 1 -1 0 -1 0 0 13 13 -1 13 -1 0 -1 13 -1 0 -1 13 -1
31683 0 -1 2 -1 0 0 1 2 2 11 11 -1 1 9 -1
1121 0 5 6 -1 5 6 -1
7871 0 0 1 -1 16 -1 0 -1 1 -1 0 -1
17603 14 -1
18512 1 3 -1
20508 13 -1 0 -1
17640 0 -1 7 -1 10 -1 16 -1 10 -1 0 7 7 -1 0 -1
21858 14 -1
16772 0 0 1 5 -1
13206 0 5 8 10 10 -1
4784 1 -1 3 -1 6 -1 3 -1 1 -1 7 -1 5 -1 7 -1 9 -1 1 7 7 -1 1 -1
8746 0 2 -1 0 -1
1799 0 -1
11335 6 12 -1 0 3 12 13 13 -1 12 -1 6 12 -1 12 13 -1 12 13 13 -1 12 -1 12 13 13 -1
30308 8 -1 3 3 3 3 6 6 8 8 -1 2 8 12 -1
10828 0 3 -1 0 -1 1 -1 13 -1 1 -1 2 -1 1 -1 0 0 13 -1 0 11 -1 1 -1
5462 11 -1 0 11 -1 0 -1
8831 5 -1 1 10 11 11 -1
12820 8 -1 1 7 7 7 8 -1 1 -1 8 -1 7 -1 0 8 -1 6 -1 0 6 -1
30586 3 6 7 -1
329 0 -1 1 -1 0 -1 1 -1 0 -1 0 1 -1 2 -1 0 -1 2 -1
25223 9 -1
30137 0 -1 7 -1 1 9 -1
18667 5 -1
21390 8 -1 1 3 9 -1 1 5 6 -1 4 -1
6546 0 1 2 -1
5802 0 1 -1 1 14 -1 4 4 5 7 -1 10 -1 2 -1
10250 0 -1 1 -1 0 -1 1 -1 0 1 -1 0 -1 1 -1
17460 0 0 3 -1 11 -1 0 6 -1 0 -1 0 3 5 6 -1
3221 0 -1 5 -1 0 5 -1 9 -1 1 -1 1 6 -1 5 -1
30275 0 6 12 -1 0 8 13 -1 3 -1 6 -1 3 6 -1 3 3 6 -1 3 3 3 6 6 6 -1
8045 0 0 1 -1
2661 6 12 -1 12 13 -1 12 -1 13 -1
11250 0 1 -1 0 1 3 -1
18875 5 -1 4 14 -1 6 14 -1 5 5 6 -1 5 14 -1
7733 0 0 1 3 -1 0 -1
15580 5 14 -1
28349 0 0 1 6 -1
20907 0 0 9 -1 1 -1 0 -1 1 -1 2 11 -1 2 4 4 -1
22894 11 -1 0 1 -1 0 2 -1 0 1 -1 1 3 -1
30362 0 7 -1 0 7 -1 0 0 0 7 7 -1 0 7 -1
1503 0 9 -1 0 7 -1 0 -1 7 -1 0 -1 7 -1 0 -1 5 6 7 -1
2727 3 3 3 6 6 -1 2 7 -1
3230 10 -1 0 13 -1 0 -1 1 -1 6 -1 0 6 -1 0 -1 2 -1 0 -1 3 -1 0 -1 6 -1
18983 0 1 -1
10529 3 3 6 6 -1 1 3 3 -1
29335 0 2 14 -1
4435 0 10 -1 0 -1 2 -1 0 -1 10 -1 0 1 14 14 -1 11 -1 3 13 14 14 -1
12531 2 -1 11 -1 1 -1 11 -1
5375 0 0 13 -1 13 -1 0 0 11 -1
16160 7 -1 6 -1 3 6 -1
30123 0 10 -1 0 5 -1 0 10 -1 0 5 10 16 -1
19832 12 -1 13 -1 5 -1 6 -1 5 -1 14 -1 12 -1 3 12 -1
1145 0 0 1 -1 6 -1 0 1 -1 0 1 -1 0 -1
7206 0 1 -1 2 -1 5 -1 0 2 14 -1 4 -1 0 -1
24885 0 11 -1 1 2 -1 5 -1
23846 0 3 6 -1 1 3 3 13 -1 13 -1
22001 0 -1 5 6 -1 2 3 -1
25771 0 -1 0 2 -1 2 -1 0 -1 11 -1 0 0 0 0 1 3 11 11 -1 1 11 -1
736 0 -1 13 -1 0 -1 0 13 13 -1
15770 3 6 6 7 -1 3 6 7 -1 3 -1 7 -1 12 13 -1 12 13 -1
19746 0 -1 0 10 -1 1 -1
13349 0 5 -1
18531 0 0 1 14 -1 5 -1 5 5 6 6 -1
29003 0 12 13 -1 12 13 -1 12 -1 0 1 -1
16257 2 12 -1 13 -1 12 -1
16919 7 -1 1 7 -1
29992 0 -1 0 1 3 3 -1 1 -1 0 0 1 1 -1
20560 0 1 5 10 11 16 -1 0 -1
6847 5 -1 2 5 11 14 14 -1
21659 12 -1 12 13 -1 12 13 -1
29088 0 3 -1 0 1 6 -1 0 -1
2417 0 0 1 11 -1
21667 0 -1
8078 0 3 14 14 -1
27883 2 3 3 -1 1 3 3 5 6 6 -1 1 5 6 -1
28426 2 9 10 -1 5 -1 4 -1 0 -1 9 11 -1 9 -1 0 0 5 5 -1 0 2 3 3 6 16 16 -1 0 -1 0 0 1 13 -1 0 1 -1 0 1 -1 0 1 1 -1 0 -1 1 1 3 3 -1 1 3 -1
2771 1 1 2 7 7 -1 5 7 -1 1 -1 7 -1 1 2 -1
6769 0 -1
31744 11 -1 1 11 13 -1 11 -1 0 -1
15099 8 -1
13124 11 -1 1 1 1 5 9 10 11 -1 8 10 -1 2 -1 3 10 -1
15100 5 14 -1 4 -1 14 -1 5 -1 14 -1 6 -1 5 -1 14 -1 4 6 14 -1
15296 2 8 8 -1 11 13 -1 1 -1 8 -1 7 8 12 -1 1 -1
29974 0 -1 5 6 -1 5 6 -1 1 5 6 -1
10808 8 -1
11496 0 0 9 -1 6 9 -1
1097 0 -1 1 -1 1 11 -1 9 11 -1
1337 0 6 -1
21029 0 3 -1 0 0 13 13 -1
23041 1 11 -1
25644 0 -1 3 6 -1 3 -1 3 6 -1 3 6 -1 10 -1 3 -1 6 -1 10 -1 14 -1 10 -1 5 -1
321 0 0 9 -1
14886 1 -1 0 0 0 1 9 -1 11 -1 0 5 -1
3277 0 -1 13 -1
16913 0 9 -1 0 10 -1 4 -1
25362 0 0 16 -1 1 -1
11568 0 13 -1 0 2 -1 0 -1
12469 11 -1 0 1 -1
1056 0 -1 1 -1
22014 0 0 1 -1 1 -1 0 1 -1 0 -1 1 -1 0 -1 1 -1 0 -1 0 5 -1 0 3 3 -1 0 -1 1 -1 0 13 -1 0 13 -1 0 -1 13 -1 0 -1 0 13 13 -1 0 13 -1 0 -1 0 13 -1
13118 5 -1 5 14 -1 14 -1 5 -1 5 14 -1
29851 13 -1 0 -1 0 6 -1 0 6 10 -1
2309 3 -1 0 -1
21386 3 -1
3835 0 -1 0 13 -1
661 14 -1
3142 11 -1
9179 5 -1 6 -1 5 5 6 -1 6 -1 5 -1
29073 0 -1 6 -1 1 6 -1 0 6 -1
24976 0 -1 13 -1 10 13 -1 0 0 10 -1 13 -1
10000 10 -1 0 1 -1 2 -1 0 -1
2892 0 -1 13 -1 0 -1 0 0 13 13 -1
28200 0 -1 3 3 6 7 -1 0 -1 3 -1
27263 0 -1
2607 5 -1 6 -1 5 -1
17410 0 -1 6 -1 0 0 0 0 6 6 6 -1 0 0 6 11 -1 0 11 -1 11 -1 0 -1
7284 0 -1 0 3 -1 0 0 1 1 -1
3594 0 -1
30610 5 14 -1
2040 1 14 14 -1
7259 0 6 -1 11 -1
29935 0 -1
13572 12 -1 6 8 12 13 13 -1 8 -1 6 -1 3 12 -1
11947 0 1 -1 0 0 0 1 1 1 -1
18633 0 12 12 -1
21085 0 -1
3891 0 7 7 -1
23520 0 0 1 -1 0 1 1 -1 0 0 1 3 -1 0 0 0 13 13 -1
12908 0 0 11 -1 13 -1 0 -1 0 13 -1 9 -1 0 -1 0 1 11 -1 0 0 3 6 -1 0 -1 11 -1
26621 5 5 6 6 14 14 -1 5 5 6 14 -1
13334 6 6 8 8 8 -1
25156 0 -1 0 1 -1 3 -1 0 0 5 -1 6 -1 2 -1 0 6 -1 0 2 6 -1
12391 1 9 11 -1 6 -1 3 -1
11077 5 6 -1 5 -1 1 4 9 14 14 14 -1
24243 3 6 -1
28629 5 6 9 11 -1 9 -1
13656 11 -1 0 1 10 11 -1 2 11 -1 2 -1 16 -1
18959 5 5 6 -1 6 -1 5 -1 6 -1 6 9 9 -1 6 6 9 -1 8 -1
23910 7 9 -1 0 13 -1
8747 0 -1
9672 0 10 11 -1
24621 1 -1
6400 3 10 -1 1 -1 3 -1 0 -1
14344 6 -1
30243 12 -1 0 1 1 12 13 14 -1 1 13 -1 0 1 1 3 6 14 -1 3 3 6 13 14 -1 9 -1 6 -1 5 -1 14 -1 1 4 7 -1 5 -1 10 -1 2 -1 1 5 6 9 11 13 -1 14 -1 2 -1 6 -1 0 7 -1 4 5 9 -1 10 13 -1 1 3 11 -1
15743 0 -1 6 -1 0 6 -1 0 6 -1 0 -1 6 -1 0 6 -1 0 2 -1
27608 0 -1 0 10 -1 0 1 -1 0 0 1 1 11 -1 0 0 4 -1
7346 0 11 -1 0 6 -1 0 11 -1 0 0 6 6 -1 6 -1 0 6 -1 0 -1
31517 0 -1 10 -1 0 -1 0 1 3 6 6 -1 3 -1
13248 0 -1 0 2 -1 2 -1 0 0 1 -1 1 -1
29115 0 2 -1 0 1 -1 0 -1 0 1 -1
31756 0 -1 1 -1 0 -1 0 1 1 -1 0 1 -1 0 -1
17850 0 0 1 5 -1
24154 0 10 -1 0 -1 0 1 -1 6 -1
9303 0 3 6 -1 1 1 3 3 -1 3 6 -1 3 6 6 -1 3 -1 0 4 8 -1 0 1 6 8 -1
5782 6 8 -1 3 4 -1 3 -1 6 8 -1
3620 0 0 0 6 6 -1 6 -1
25978 0 0 2 4 -1
17901 3 -1 3 6 6 -1 3 6 -1 3 -1 3 3 6 6 -1
14322 0 -1 0 0 1 3 10 -1 0 -1 1 3 -1
9780 6 8 -1 0 -1 6 -1 0 -1
445 0 13 -1
28344 7 -1 1 -1 7 -1 3 -1 3 4 7 9 -1
29568 5 5 14 -1
4348 4 14 14 -1 9 9 14 -1 14 -1 5 -1 10 14 -1
22111 0 2 3 -1 0 1 -1
12887 1 4 -1
19110 8 -1 4 -1
17340 6 8 -1 8 -1 6 11 -1 3 -1 8 -1 1 -1 11 -1 5 -1
13142 2 -1 1 1 14 -1 0 -1 0 1 1 4 7 -1 0 1 -1 4 5 7 -1
31026 12 -1
15772 0 -1 1 -1 2 -1
8500 0 2 -1 4 -1 13 -1 0 -1 9 -1
18530 0 -1 0 13 -1 0 0 7 9 13 -1 4 -1
28835 0 -1 0 3 -1 3 -1 0 2 -1 0 3 5 -1 5 6 -1
29836 0 3 -1
13455 0 -1
9096 0 1 1 -1
8063 0 -1 0 1 -1 11 -1 0 10 -1
15441 0 -1 2 -1 0 1 2 7 11 13 -1 1 -1 6 -1
12277 1 -1 3 -1
772 11 -1 0 1 1 9 -1
1876 0 1 -1 0 2 -1
16121 0 6 -1
768 5 6 -1
13488 1 -1
22141 6 -1
2581 0 10 13 -1 0 0 3 -1
18243 0 -1 11 -1
11179 8 -1 6 -1 8 -1 6 -1 8 -1 1 3 3 -1 1 -1 6 -1 3 -1
1126 0 1 -1 11 -1 0 5 -1
10646 0 1 5 -1 1 5 8 11 -1 1 5 -1
652 0 -1 1 -1 0 -1 1 -1 6 -1 0 3 -1
9624 8 10 11 11 -1
17386 12 -1 6 6 6 6 12 12 12 12 13 -1
17673 7 -1 0 -1 7 -1 0 7 -1 0 -1 7 -1
14625 0 1 -1 11 -1
29772 0 11 -1 0 16 -1 1 -1
15180 0 11 11 -1 0 -1 0 0 11 11 -1
11636 1 5 9 -1 3 -1 0 -1
12395 1 5 -1 1 -1 3 3 6 -1
11008 13 -1 0 2 2 8 10 16 -1 0 -1
29527 0 1 -1 0 -1
12555 3 -1
20170 0 -1 1 5 -1 3 6 -1 3 6 -1 6 -1 3 6 -1 1 -1 2 -1
18380 0 1 9 -1 0 1 10 -1
29952 3 -1 11 -1 14 -1 9 -1
20423 0 6 -1 0 0 1 6 6 -1
2426 6 8 11 -1 3 11 -1 8 -1 10 -1 5 8 8 -1
9359 6 8 -1 3 6 8 8 -1 8 -1
24009 0 1 9 -1 5 10 -1
19343 0 -1 0 3 10 13 -1 0 1 2 2 -1
27311 0 -1 0 0 5 11 11 -1 2 9 -1 0 -1 6 -1
9864 2 6 6 -1 0 3 14 -1
14019 0 -1 5 -1 0 -1
11681 1 3 3 6 -1 3 -1 6 -1 1 -1 0 3 -1
23471 0 -1 0 4 -1 0 4 -1 4 -1 0 -1 4 -1 0 -1 0 4 -1 4 -1
24830 1 5 5 6 6 -1
226 0 -1
23179 0 4 5 11 -1 5 11 -1
12949 2 4 11 -1 0 0 0 0 4 4 4 -1 1 -1 0 11 -1 0 -1 4 -1 0 -1
8752 3 -1
9406 0 10 -1
28213 1 3 -1 3 -1 1 3 6 -1 0 -1 3 6 -1 0 -1 0 3 6 -1
17199 5 5 6 6 -1
31426 0 -1
30437 14 -1 0 9 -1 5 -1 0 9 -1 5 -1 0 5 11 -1
5816 0 3 3 6 -1
14776 0 5 -1 0 5 -1 8 -1 0 2 -1 0 7 -1
986 0 13 -1 0 0 0 9 10 16 -1 0 -1
25123 0 0 13 -1 11 -1 0 0 16 -1 0 11 -1 0 0 11 13 -1 0 13 13 -1 0 -1
28391 4 5 9 -1 10 -1 4 9 -1
27925 0 11 -1 0 1 1 11 -1
4928 0 2 -1 0 1 -1 2 -1
22282 6 -1 3 3 5 -1 0 3 6 6 -1
16054 0 -1 1 -1 0 -1 1 -1 0 0 9 10 -1 0 -1 10 -1
1357 6 7 12 13 -1
13554 0 3 3 6 -1 0 0 0 3 3 3 6 6 -1 0 3 6 -1
14899 0 -1 0 7 -1
9608 0 -1 0 0 1 5 -1 1 -1 0 3 -1 3 6 -1 0 0 1 -1 0 10 -1
1498 0 0 5 5 -1 9 -1 7 -1 9 -1 9 10 -1
21929 11 -1 2 -1 5 16 -1 3 16 -1 6 -1 3 -1 11 16 -1 2 10 -1 1 9 -1
23636 1 -1
24465 0 -1 1 -1 6 -1 0 1 3 -1 0 -1 0 1 -1
3373 1 3 13 -1 0 0 5 -1
26988 7 -1 6 -1 3 -1 6 -1 3 -1 3 6 6 7 -1 3 -1 7 -1 9 -1 1 -1 1 2 9 -1
28726 6 8 8 -1 3 -1 8 -1 6 -1 3 6 8 8 -1 6 8 -1 3 8 -1 6 -1 3 8 8 -1 6 6 8 -1
18437 12 13 -1
3206 0 0 2 -1 9 14 -1 5 -1
4465 0 2 -1
19539 11 14 -1 9 -1 5 14 -1 5 6 -1
31247 8 -1 3 3 6 6 8 -1
14874 6 -1 3 6 -1 3 -1 1 -1 5 7 -1
4416 1 -1 5 6 7 -1 1 -1 4 7 -1 7 -1 1 -1 5 -1
12104 1 6 -1 3 -1 6 -1
14953 8 -1 12 -1 13 -1
24593 3 -1 5 -1 0 6 -1 5 -1 11 -1 5 -1 0 9 -1 0 -1
7124 14 -1 9 14 -1 9 -1
27566 0 10 -1
4167 1 -1 3 -1 6 -1 3 11 -1
10599 0 0 11 -1 0 11 -1 2 -1 0 -1 0 11 11 -1 0 11 -1 0 0 1 3 -1 0 -1
9907 0 3 -1 0 9 -1 0 9 -1 3 -1 3 9 -1 2 9 -1 0 3 -1
10360 0 -1 1 -1 0 11 -1 1 -1 0 1 11 -1
18766 0 0 10 13 -1 0 -1 9 -1 0 1 -1 0 -1 9 -1 0 -1 0 11 -1 0 11 -1
26041 6 6 7 12 -1
24006 0 7 -1 7 -1
22618 0 -1 0 6 13 13 13 -1 0 1 -1 0 -1
21133 0 8 -1 1 -1 1 10 10 -1 0 11 16 -1
549 0 0 13 13 -1
12185 0 -1 2 5 6 -1 0 -1
24309 3 -1
2044 1 3 6 -1 6 -1 3 3 6 -1
20984 0 1 -1 2 -1
5881 3 -1 2 -1
1003 3 -1 3 6 -1 3 3 6 6 -1 1 3 6 -1 1 3 -1
9376 0 -1 11 -1 0 -1 0 11 11 -1
6215 5 -1 5 6 -1
23339 0 2 -1 0 -1
23459 0 -1 9 -1 0 1 -1
903 0 3 -1 0 13 -1
20353 5 12 -1 8 13 -1 8 -1 6 -1
16201 0 10 13 -1 1 11 -1
25730 0 -1 1 -1 0 1 13 13 -1 13 -1 0 6 -1 13 -1
20275 0 -1 0 10 -1 0 0 1 1 3 3 13 -1
31779 0 -1 6 -1
10362 0 11 -1 0 2 -1 0 1 1 -1
21516 14 -1
25143 0 -1 2 11 -1 1 11 -1 0 -1 1 11 -1 0 -1 11 -1 0 -1
9008 0 -1
3088 0 0 2 -1 5 6 -1
7589 8 -1 6 6 8 8 -1 0 -1 1 -1 0 -1 0 3 3 6 -1
15258 0 -1 11 -1 0 0 10 -1 7 -1
8183 1 9 -1 5 9 14 -1
5017 0 -1 11 -1 14 -1
9749 6 -1 5 -1 6 11 -1 6 8 8 -1 10 -1 1 5 5 -1 1 1 5 11 -1 6 8 -1 0 1 -1
15434 0 10 -1
2180 0 -1 11 -1 0 -1 9 -1 0 10 -1
22145 0 0 3 3 -1 0 -1 0 0 1 3 4 -1 0 -1
5299 0 -1 10 -1 4 -1 0 -1 0 4 -1 1 -1
12374 0 9 -1 0 1 -1 9 -1
18915 0 1 -1 0 -1 6 -1 0 -1 0 6 -1 6 -1 0 -1
23181 0 10 -1 1 -1 0 4 -1 0 0 3 11 -1 0 -1 1 -1 0 0 0 0 1 1 2 2 -1
30203 2 -1 0 3 6 -1 0 -1
18234 0 0 10 -1
12468 0 0 11 -1 11 -1 0 -1 0 13 -1 13 -1 0 3 6 -1 0 0 3 9 -1 3 -1
27340 9 -1
1333 5 -1 0 5 5 6 6 -1 1 1 3 -1
24715 0 1 1 -1 0 1 -1 0 -1
14348 1 10 -1
4412 5 9 14 14 -1 9 14 -1 5 6 14 14 -1 5 -1
21802 0 -1 11 -1 0 -1 1 6 -1
29017 0 13 -1 0 10 -1 0 -1 0 3 3 -1
5403 12 -1 13 -1 12 -1 13 -1 12 -1 6 12 13 -1
17726 0 -1 9 -1 14 -1
3957 13 -1
18842 8 -1
1331 8 11 -1
27920 5 -1 3 3 6 6 -1 6 -1 3 -1 6 -1 3 6 -1 3 -1 3 6 -1 6 -1
22891 8 -1 2 8 -1 1 -1 1 2 -1 6 -1
7250 0 -1
21506 5 6 -1
17239 0 1 -1 0 -1 0 0 1 1 1 -1 0 4 -1 1 4 -1 0 1 4 -1
20480 0 5 -1 0 2 -1
7388 5 -1 0 2 5 -1 2 5 5 15 -1 0 14 -1 11 -1 1 -1 13 -1 1 2 6 9 10 -1 0 1 1 4 4 5 7 -1
1185 7 -1 1 3 5 -1 3 3 3 6 6 6 -1 3 6 -1 3 6 -1
28847 3 11 13 13 -1
15515 0 1 -1 0 1 -1 0 -1
28691 1 -1 14 -1 0 1 -1 1 1 4 5 7 -1
8764 0 -1 6 -1 0 3 6 -1 0 3 13 -1 13 -1
1144 6 12 12 -1
22360 12 -1 5 -1 1 10 -1 8 -1 7 -1 6 -1 3 11 -1
21599 0 13 -1 1 5 -1 13 -1
5680 0 1 -1
14924 8 -1 1 -1
8150 0 -1 0 3 5 -1 0 10 -1 0 9 -1 0 -1 1 -1
4301 1 3 4 5 10 -1
26338 0 0 13 -1
29854 0 1 -1 0 1 -1
31262 0 -1
20664 0 -1 9 -1 0 11 -1 9 -1 0 -1 0 1 -1 1 -1 0 -1 0 1 11 11 -1 0 0 11 -1
14979 0 -1
24474 0 -1 2 -1 0 0 2 2 -1 0 0 1 -1
5434 0 1 11 11 16 -1 1 3 -1 10 -1 0 11 -1 10 -1
28326 0 10 -1 0 -1 1 -1
25732 0 -1 0 1 6 -1 1 -1
28942 0 10 -1 13 -1 0 -1 3 -1 6 -1 0 -1 0 1 9 -1 0 -1 1 5 -1 0 1 -1 0 0 13 13 -1
12962 0 0 11 11 -1 0 -1 11 -1
26539 0 7 7 -1 0 0 7 7 -1 0 0 7 -1
24822 5 -1 14 -1 5 6 -1 5 -1 14 -1 5 6 -1 7 -1
28879 1 9 13 -1
22041 12 -1
166 0 2 10 -1
11613 9 -1 0 1 -1 0 -1
18905 0 -1 5 -1 1 10 -1 3 -1 3 5 6 -1
17123 5 -1 0 0 11 -1 0 11 -1 0 13 14 14 -1 4 -1 0 1 14 -1 1 14 -1 0 6 -1 3 -1 6 -1 3 3 6 -1 3 6 6 -1 3 3 6 -1 3 6 -1 0 1 3 3 6 6 -1
23480 0 0 5 9 -1 5 -1 0 5 -1 1 3 -1 9 -1 0 -1
27433 3 -1 3 6 6 -1 3 -1 3 6 6 -1
28662 0 0 1 3 3 -1 0 2 -1 3 6 -1
21485 0 -1 0 0 0 0 9 10 11 11 -1
9086 0 -1
25967 0 0 1 4 -1 0 0 4 4 4 -1 0 -1
3045 5 6 -1 5 6 -1
7716 1 -1 3 -1 6 -1 3 -1 6 -1 3 -1 3 6 -1
4268 0 -1 13 -1 0 1 -1 0 1 -1 0 0 13 -1 0 0 3 10 -1
6229 1 -1 13 -1 1 3 6 12 -1
25316 3 -1 8 -1 3 -1
25712 3 -1 3 6 -1 3 3 3 3 6 6 6 6 6 -1 3 3 6 -1 3 6 -1 3 6 -1
22261 13 -1 2 2 13 -1
13645 1 7 8 -1 7 -1 8 -1 7 -1 3 -1 8 -1 7 -1 14 -1
2476 0 11 -1 11 -1
2322 2 11 11 -1
28678 0 -1 13 -1 0 -1 3 -1 0 -1 0 1 5 -1 0 -1 0 10 -1 13 -1 0 -1 0 1 -1 2 -1 0 14 -1 6 -1 5 5 6 -1
15251 0 6 -1 0 3 3 -1
25835 8 -1 3 -1
29085 12 13 -1 0 5 -1 0 1 5 13 -1 12 -1
15619 0 -1 12 -1 8 12 13 -1 0 13 -1
2861 0 -1 0 1 2 9 -1
10484 2 -1
27765 6 -1 3 -1 6 -1 3 -1
27955 10 -1 0 0 5 6 11 -1 0 6 -1 0 -1
7934 0 1 -1
20953 0 8 -1 1 -1 0 2 8 11 16 -1
27410 1 1 2 -1 2 -1 1 -1 0 -1 11 -1 1 1 13 14 -1 14 -1 10 -1 6 -1
27288 3 -1 1 -1 1 3 3 11 16 -1 3 7 -1
17775 3 -1 1 -1
19072 5 6 13 -1 6 -1 13 -1 5 6 -1 1 5 -1 6 -1 10 16 -1
30963 0 -1 3 -1 14 -1 1 1 1 2 2 3 7 -1
2494 0 1 1 -1 0 -1
31582 0 1 -1 0 11 -1 0 -1 9 -1
11340 12 -1 12 13 -1
6746 2 9 10 11 16 -1 10 -1
26018 12 -1
15575 3 -1 0 0 0 0 11 11 13 -1
25591 11 -1
743 0 1 13 -1 0 -1
22571 0 -1 0 12 -1
5484 13 -1 12 -1
12244 0 3 -1
22004 0 11 -1 0 -1
22190 8 11 -1 3 6 8 -1 3 8 -1 6 -1 3 -1
4130 0 6 8 -1 3 -1 6 8 -1 0 3 -1 6 8 -1
25750 6 12 12 12 13 -1 6 -1 12 -1
9394 10 -1 4 -1 13 -1 0 5 -1
2741 0 -1 0 5 -1 11 -1
4523 8 -1
31327 0 -1 1 10 -1 16 -1 10 -1 16 -1
22322 0 -1 3 -1 6 -1 3 3 6 -1
9069 0 -1 0 0 3 3 6 9 -1 0 5 -1 0 -1
4939 0 0 10 -1 0 2 11 -1 0 3 -1 0 -1
21533 0 -1 5 -1 0 -1
12636 1 -1 14 -1 0 1 4 9 -1 0 4 -1 5 9 10 14 -1 2 6 11 13 -1 0 1 5 -1
1233 0 -1 2 -1 0 -1 1 6 -1 0 -1 3 -1 0 3 -1
13888 0 1 11 -1
1725 0 6 -1
29362 8 -1 0 -1 6 -1 3 -1
8181 0 0 13 -1
22239 8 -1 0 -1 0 3 6 -1 0 0 0 5 8 8 -1 9 -1 0 3 6 -1 3 3 6 6 -1 3 5 -1 6 -1 3 -1
29639 8 -1 0 -1 0 1 1 11 11 -1 1 -1
11470 0 -1 6 -1 0 3 5 5 6 -1
1352 3 6 6 -1 3 -1
16758 3 5 -1 3 -1
9840 0 -1 11 -1
29867 0 4 -1 1 -1 3 -1 0 6 -1 1 -1 5 -1
17455 0 0 0 0 0 9 10 10 11 -1 2 -1
10264 0 11 -1 0 -1
31623 3 6 7 -1 3 7 -1 6 -1 3 -1 11 -1 1 -1 13 14 -1 14 -1 7 -1
21270 6 -1
18367 3 -1
25022 8 10 -1 0 -1 0 5 -1 0 5 -1 8 -1
16522 0 -1 3 -1 2 13 -1 3 -1 0 -1 0 1 3 -1 0 1 -1 6 -1 0 6 -1
30293 3 6 14 -1 6 -1 1 1 3 3 -1
519 0 -1
25989 1 -1 10 16 -1 1 10 11 -1 1 -1
21323 3 -1 5 9 -1 0 -1
1570 0 -1 1 -1 0 13 -1 0 1 -1 11 -1 2 -1 5 9 -1
23029 0 -1 14 -1 1 -1 14 -1
22696 0 -1 10 -1 0 -1 0 9 11 -1
5661 5 5 7 -1 6 -1 5 -1 14 -1 5 6 -1 0 6 -1 5 5 6 -1
28659 4 -1 0 -1 9 -1 4 -1 0 -1
14578 7 11 -1
12754 1 9 10 14 -1 10 -1 9 14 -1
25163 12 -1 0 0 12 -1
19823 0 14 -1 1 14 -1 10 -1 2 11 14 14 14 -1 0 0 1 13 -1
1833 0 0 10 -1 1 -1 0 0 1 -1 3 -1
8697 8 11 -1 12 -1 13 -1 7 8 8 10 -1
808 0 -1
21371 0 5 6 6 14 -1 0 -1
15113 0 0 1 -1 0 1 1 3 5 13 -1
28269 7 -1 1 6 9 9 -1 1 2 -1 5 10 -1
9360 0 1 5 -1 0 -1 0 1 10 -1 0 11 -1 0 -1 3 -1
18883 0 -1 0 6 8 -1 3 -1
817 14 -1
6369 0 0 0 1 2 5 -1 0 4 6 -1
27356 0 -1 11 -1 0 -1 1 1 13 -1
3046 0 -1 0 13 13 -1 0 -1 0 1 13 -1
27776 0 -1 0 10 -1
8801 8 11 -1 0 -1 10 13 -1
565 0 -1
25920 0 11 -1
23187 0 -1 0 0 1 1 -1 11 -1
30663 5 6 -1 10 14 -1
14647 2 7 -1 4 5 10 -1 2 -1 9 -1 6 -1
582 0 6 -1
13080 1 5 11 -1
8886 3 -1
14374 0 -1 7 -1 0 0 7 -1
31069 3 -1
15751 2 -1
21069 0 0 2 3 -1 0 -1 10 11 -1
24259 0 5 -1
14047 0 10 -1 0 -1 11 -1 0 -1
15288 0 3 -1 0 13 -1
5767 11 -1 8 11 -1 8 -1 5 8 12 -1 12 -1
22296 0 2 -1
18956 0 11 -1 0 1 -1
23278 12 -1 6 12 -1 0 -1 0 13 -1 12 -1 6 -1
29958 0 -1 1 -1 0 -1
8766 0 1 -1 3 -1 1 3 3 6 13 -1 0 -1
26132 0 1 13 14 14 -1 1 6 -1 1 6 -1 14 -1 1 -1 14 -1 0 1 6 9 14 -1 7 9 13 14 -1 5 10 -1 2 -1 4 -1 9 -1 1 6 -1 11 -1 0 -1 3 9 -1 5 7 -1 4 -1
9558 11 -1 1 -1 3 -1 11 -1
25687 2 -1
21679 0 0 9 -1 0 10 14 14 -1 2 -1 0 0 14 -1 0 4 -1 2 14 -1 0 -1 14 -1 0 1 -1
25019 0 -1
1749 0 2 -1 0 -1 0 1 3 -1
31313 1 11 11 12 -1 13 -1 11 -1 13 -1 0 0 8 11 -1
19070 0 5 10 -1
30278 0 1 -1 0 9 -1 0 -1 11 -1
4881 0 -1 0 9 10 -1 0 10 -1 0 5 -1
15141 2 -1 0 -1 13 -1 0 -1
25074 0 -1 13 -1 6 13 -1 0 -1 2 6 16 -1
158 0 0 2 -1 0 16 -1 0 1 1 -1 2 -1 10 -1
8428 0 1 -1 2 -1 2 9 11 -1 5 -1 0 -1
83 5 -1 0 -1 6 -1 0 1 11 -1 0 -1 6 -1 0 6 -1 0 6 -1
15306 5 -1 1 -1 4 5 -1
2129 0 -1 1 -1
19518 8 -1 0 6 -1
4877 8 -1 3 -1 0 6 8 8 -1
11474 0 -1
25374 8 -1 7 8 -1 7 -1 5 7 8 -1 8 -1
25866 6 -1 3 -1 6 -1
21421 0 -1 10 -1 0 13 -1 0 -1 0 1 -1 1 -1 0 -1
5599 0 13 -1 0 -1 13 -1
13609 8 -1
3923 0 5 -1
20007 0 3 3 6 6 7 -1
24415 0 5 -1 1 -1
19556 8 -1 6 8 9 11 -1
14936 0 1 11 14 -1 2 -1 1 -1 9 11 16 -1 10 11 -1
30276 1 3 9 -1 1 -1 1 9 -1
16135 5 -1
25611 0 5 -1
11575 5 -1 8 -1
28353 1 5 5 6 14 -1 5 -1 1 1 5 5 -1 0 -1
20093 7 -1
2744 13 -1
7843 6 7 -1 3 -1 3 6 -1
25440 6 12 13 -1 12 -1 12 13 -1
8051 0 -1 0 1 10 -1 0 1 -1 11 -1 0 11 -1 0 -1
10041 11 12 -1 5 7 11 -1 0 8 11 -1
10873 4 10 -1
2574 0 9 13 -1 0 9 10 16 -1 0 -1
208 1 -1 7 -1 11 -1 1 2 2 2 10 13 -1
13217 0 -1 0 13 -1 0 13 -1 3 6 -1 6 -1 3 -1
27136 1 1 3 11 -1 1 13 -1 6 -1 1 3 -1 3 6 -1 6 -1 3 -1 9 -1
6356 8 11 -1 3 -1 1 -1 6 -1
25666 6 -1
15577 4 -1 0 -1 0 5 -1
4777 0 11 -1 16 -1 1 -1 0 -1
2210 5 -1 14 -1 5 14 -1
2694 0 -1 1 3 -1 0 -1
29086 0 -1 0 9 -1 0 1 10 -1 1 11 13 -1
20130 6 12 12 -1 6 -1 6 12 12 -1 6 -1 12 -1
5715 0 1 -1 0 1 -1 0 2 -1 0 16 -1 0 0 10 -1
19096 0 11 -1 0 11 -1 0 -1
1656 3 -1 9 -1 1 3 6 -1
19325 5 6 -1 3 7 -1 3 6 -1 3 6 -1
16857 0 0 11 -1 5 -1 0 -1 5 -1 0 0 5 -1 5 -1 0 0 5 -1 0 1 5 6 -1 0 -1
25892 0 -1 0 1 -1 1 -1 0 0 1 -1 0 0 1 1 -1
29565 0 13 -1 6 -1 0 -1
6946 8 14 -1
6849 0 -1
21615 0 6 -1 0 -1 6 -1
5168 0 10 -1
2912 1 -1 10 14 -1 10 -1 1 -1
5639 0 1 2 8 8 -1 0 -1 11 -1 1 -1 1 9 -1 0 3 -1 9 -1 3 -1
30485 3 -1
25341 7 -1 1 7 -1
30004 13 -1 0 -1 13 -1 6 -1
3519 0 5 -1 0 0 1 1 12 13 13 -1
30635 0 5 -1 11 -1
8940 0 10 -1 0 1 -1 0 0 1 -1 0 0 0 1 1 11 -1
31131 0 9 16 -1
27324 3 -1
22074 5 14 -1 2 -1
29752 0 0 9 11 -1
20816 1 5 6 8 8 -1 3 -1 1 2 5 -1
21334 11 -1
26831 0 1 5 8 8 8 -1
6553 13 -1 0 -1 5 15 -1
13970 3 12 12 -1
8964 0 1 9 -1
29965 0 -1 3 -1 0 -1 3 -1 0 0 0 5 9 9 -1
18293 0 -1 4 -1 0 4 -1
7744 0 0 13 -1
1447 0 3 -1 8 -1 7 8 -1 0 11 -1 0 5 -1
2353 0 1 -1
11927 0 -1
28988 0 4 -1 0 0 10 -1 3 -1 0 -1 7 -1 1 -1
11944 0 -1 0 2 -1 0 2 -1
23936 0 1 2 3 5 12 13 -1 0 -1
157 0 -1 0 6 16 16 16 -1 0 0 9 -1 2 -1
947 0 13 -1 0 -1 13 -1 0 -1 13 -1 0 13 -1 0 -1
15881 7 -1 3 6 -1 0 3 5 6 6 -1
4046 12 -1 6 -1 0 6 12 -1 0 -1 12 -1 0 6 12 -1
31395 1 2 3 -1 7 -1 1 7 -1 0 -1 3 -1 4 -1
3847 7 -1
29080 0 3 -1
23833 0 -1 2 -1 0 -1 0 10 -1
12576 8 -1 3 6 8 -1 0 3 -1
21162 1 3 3 4 6 10 -1
8609 0 -1 10 -1
9271 11 13 -1
13855 6 8 -1 1 8 -1 8 -1
16126 0 3 -1 3 -1 0 -1 10 -1
6773 0 0 0 1 4 5 -1 5 -1 0 -1 4 -1
20538 0 -1 0 1 -1 0 13 -1 5 5 5 6 6 -1 6 -1 5 -1 0 -1
4505 3 6 -1
5795 0 0 13 -1 8 -1
5160 8 -1 0 6 -1 3 -1 3 6 -1 1 6 -1 3 3 6 -1
15738 0 -1 0 11 -1
10039 0 -1 3 -1 0 13 -1 0 -1
2448 0 1 -1 0 -1 0 1 -1 0 6 -1 10 -1
12913 0 8 -1 3 6 6 -1 3 -1 3 6 -1
27002 0 6 -1 0 2 -1 0 1 -1 3 -1 0 -1 0 3 -1
22214 3 8 -1
20787 0 -1 3 6 -1 6 -1 0 3 11 -1 3 6 -1 0 6 11 -1
27357 0 -1 0 1 8 -1 8 -1 0 -1
1051 0 -1 0 1 -1 6 -1 0 -1 1 -1 0 -1 0 11 -1 0 3 16 -1 6 -1
25894 3 6 -1
3882 0 -1 1 -1
9822 2 -1 1 1 14 14 14 -1
7331 0 -1 4 -1 0 4 -1 0 0 4 -1 0 4 4 -1
12019 0 0 1 8 -1 1 -1 0 0 1 1 -1 9 -1 0 0 9 10 -1 0 10 -1
3809 3 -1 0 -1
252 5 -1 1 2 9 -1 1 1 5 9 10 14 -1
19335 0 0 0 1 1 -1 0 1 -1 0 13 -1 0 2 -1
20833 0 -1 9 9 11 -1 7 -1 1 -1
351 0 -1 2 -1 0 -1 0 2 -1 3 -1 0 -1
28881 7 -1
31752 0 1 2 2 11 11 13 13 16 -1 11 -1
14775 0 -1 1 9 10 -1 2 -1 1 -1 5 -1 5 6 6 -1 5 -1 9 -1
22725 5 -1 0 -1 0 6 6 -1
732 12 -1
2982 0 1 16 -1 0 -1 2 -1 0 11 -1 0 10 -1
23338 0 -1 0 0 1 11 -1
10889 0 13 -1 0 0 0 13 13 -1
11159 0 3 6 10 -1 0 3 -1 14 -1
708 0 -1 1 -1 0 10 -1 1 9 -1 0 -1
25688 8 11 -1 5 5 6 -1 5 6 -1 5 6 -1
9588 0 14 -1
25467 0 1 -1 2 -1 1 -1 2 -1 1 2 -1 1 2 -1
27623 11 -1
568 3 -1 8 -1 3 3 5 -1
10606 7 -1 2 -1 7 -1 13 -1 7 -1 6 -1 3 -1 6 -1
6366 5 -1 0 0 5 10 -1 1 -1 10 -1 4 -1
13214 11 -1 1 -1
9471 0 0 0 10 10 13 13 -1 0 13 -1 0 13 -1 0 0 13 -1
31432 0 -1
30756 5 -1
1408 1 7 14 14 -1
11379 4 -1 9 -1 1 -1 14 -1 13 -1 9 -1 2 -1
5717 0 0 11 -1 6 -1 0 -1
25805 0 1 8 -1 0 0 6 -1 6 -1
5201 6 12 -1 6 12 -1
2563 14 -1 5 -1
4773 0 10 -1
20943 0 -1 6 -1 0 -1 6 -1 0 -1 6 -1 0 6 -1
6524 13 -1 0 13 -1 0 -1 13 -1 0 13 -1 0 -1 13 -1 0 -1 0 13 -1
8805 0 5 11 -1
2528 0 5 -1 1 10 -1 5 -1 1 -1
14423 11 -1 1 5 5 6 6 11 -1
21060 5 -1 4 5 14 14 14 -1 4 -1 1 4 5 14 -1
24080 13 -1 0 -1
11042 0 -1
19489 3 8 9 -1 1 -1 5 -1 6 -1 2 -1
17141 0 -1 2 10 11 -1
16221 8 -1 3 3 6 8 8 -1
15927 11 -1 0 6 -1 11 -1 0 6 -1 6 11 -1
26628 0 4 -1 2 14 -1 14 -1 5 5 6 14 -1 14 -1 5 14 -1 10 -1 14 -1 9 14 -1 9 -1 4 14 -1 4 14 14 -1 9 -1 14 -1 9 14 -1 1 14 -1 2 -1 14 -1
14543 0 1 -1 1 3 9 -1 1 1 3 5 -1 1 -1
20144 0 -1 2 -1
24296 5 -1 1 -1
24599 5 -1 5 5 6 6 6 -1 5 6 -1 5 -1
1112 8 12 -1 12 -1 8 -1 0 7 12 12 -1 1 -1 11 -1 12 -1 12 13 -1 13 -1 6 -1
10068 1 -1 0 -1
27581 0 -1
9284 0 2 9 -1 1 -1
10474 0 1 1 -1 9 -1 6 -1 1 9 -1 9 -1 0 1 -1
15193 0 2 -1 0 -1 0 13 -1 9 -1
3306 0 10 -1 0 5 10 -1
16065 0 4 -1
23634 0 8 -1 3 6 -1 0 0 3 6 8 -1 0 -1
25951 0 -1 1 -1
7596 2 -1
9373 9 -1 1 -1 1 6 9 9 -1
27026 0 -1
18076 5 -1 1 4 14 -1 5 -1
14018 0 16 -1 11 -1 5 10 -1
31696 0 1 -1 0 -1 3 -1
6190 0 -1
21613 0 0 11 13 -1 0 0 13 -1 3 -1 0 -1
19511 0 2 8 -1 1 8 11 -1
6896 5 -1
28242 0 1 11 -1 0 0 0 1 3 -1 8 -1
15704 6 -1 5 7 -1
26586 0 2 -1 0 16 -1 0 -1 5 -1 0 0 0 0 5 16 16 -1 16 -1
4713 3 13 -1
19377 13 -1
9127 6 -1
10405 0 -1 0 5 6 -1 1 -1 0 -1 0 11 -1
14627 0 -1
20638 0 1 14 -1 5 7 -1 4 -1 6 9 10 -1 2 11 13 -1
28008 1 1 13 -1 9 -1 16 -1 1 7 7 10 -1
11036 1 5 8 -1 1 14 -1 2 14 -1 14 -1
4695 0 -1 11 -1
1640 3 3 3 5 6 6 -1
2057 5 -1 1 2 14 14 -1 10 -1 11 -1 0 10 14 -1
13563 0 -1 13 -1
22161 6 -1 8 12 -1 6 -1
8759 1 11 -1 0 3 -1
8644 9 -1 0 -1 1 11 -1 0 -1
2170 4 -1 1 -1 1 3 -1
24312 1 8 -1
7953 0 1 -1 1 -1 0 -1 6 -1 0 0 6 -1
4359 0 -1 1 6 -1 3 -1 6 -1 3 6 -1 0 3 -1 11 -1
23516 0 -1
11743 0 1 5 8 -1 3 -1 1 5 -1 6 -1 9 -1 1 1 9 9 -1 1 5 -1
26384 5 -1
9044 8 -1 0 -1 6 -1 0 -1 0 0 3 3 3 -1 13 -1
3911 0 -1
3298 0 5 -1 2 -1 1 1 2 5 16 -1
30325 1 -1 14 -1 3 6 -1 6 -1 0 3 3 6 -1 5 5 9 -1 1 7 -1 5 -1 2 7 -1
21341 0 3 -1 0 3 -1
20339 5 14 -1 1 -1 0 -1 0 3 -1
29161 0 -1 11 -1 0 0 11 -1 0 11 -1 9 -1
28265 1 11 -1 11 -1 13 -1 11 -1 1 11 13 -1
17822 9 11 13 -1 13 -1 3 -1 1 11 -1
13825 5 6 -1 3 -1 6 -1 3 6 -1 3 -1 3 6 -1
18780 0 0 1 1 5 -1 1 -1 11 -1 0 -1 0 6 13 -1 3 3 9 -1
22841 0 10 -1 0 -1 1 -1
22785 5 14 -1
14212 8 -1 1 -1 5 5 6 -1 6 14 -1
15807 0 6 -1 3 6 -1 3 -1
2326 0 -1 0 1 1 -1 6 -1 0 3 3 -1
28930 0 -1 11 -1 0 -1 0 11 -1 11 -1
6080 0 1 -1 0 -1 1 -1 1 3 -1 0 1 11 -1 11 -1 0 1 1 -1 2 11 -1 0 -1
10607 0 0 0 3 3 11 11 -1
6720 0 -1 1 -1 0 -1 0 1 -1 5 -1 0 -1
1152 3 3 6 -1
30516 0 -1 13 -1 0 13 -1 0 0 1 -1 9 -1 13 -1
8612 0 0 10 13 -1
27520 2 13 -1 7 -1 3 -1
8715 0 10 -1 0 0 10 10 16 -1 0 0 0 2 10 13 -1
16928 0 -1 5 -1
31204 0 1 5 6 -1 5 -1 3 -1 6 -1
8231 0 1 -1
4061 0 0 5 6 6 14 -1
9836 8 -1 4 5 -1 0 8 -1 6 -1
13739 2 3 3 10 14 -1
27880 0 1 -1 0 5 5 -1
10499 11 -1 0 13 -1
9141 0 -1
779 8 10 11 11 13 -1 3 -1
22076 1 -1
18892 7 11 -1 6 -1 3 -1 3 6 -1 7 -1 2 -1 11 -1
17571 0 11 -1 0 -1 0 5 -1
24850 2 2 3 3 5 5 6 6 6 11 -1
16127 0 3 9 -1 3 -1
23564 1 6 -1 1 3 3 3 6 6 -1 1 -1 3 9 -1
8812 0 0 13 16 -1 0 -1 13 -1 0 -1
30884 5 -1 14 -1 10 -1 5 6 14 -1 5 6 14 -1 4 14 -1 1 5 5 6 6 -1
18629 6 -1 12 12 12 13 13 -1 7 13 -1 8 -1
25425 0 10 -1 0 -1 0 0 1 2 -1 4 9 -1 0 -1 0 3 -1 0 3 3 11 -1 0 -1
5983 0 -1 0 13 -1 0 11 -1 6 -1 0 -1 6 -1 0 -1 0 1 11 -1 0 -1
27663 4 -1 1 4 14 14 14 -1 9 -1 1 14 -1 6 9 14 14 -1 5 -1 14 -1
29339 1 2 11 11 -1 1 -1
25127 0 0 3 3 6 6 6 8 -1 3 -1
12150 0 1 -1
7579 0 0 5 8 -1
23905 6 8 -1 0 12 -1 1 1 5 -1
24615 0 -1 0 13 -1
22850 1 1 3 6 11 -1 4 5 5 10 -1
30647 3 -1
15044 3 -1
6647 0 -1
17125 4 5 5 -1 4 -1 4 4 8 8 -1 8 -1 3 4 -1 4 -1 4 5 8 -1 4 -1
30928 5 -1 6 9 9 14 -1 0 6 9 10 -1
3001 11 -1 0 9 -1 0 -1 2 -1 0 0 0 2 3 10 -1
7365 0 0 2 11 -1 0 13 -1
13763 5 -1 6 -1
24741 0 -1 0 0 0 1 1 1 4 -1 0 -1
31143 5 -1 6 -1 5 12 -1 13 -1 3 -1
5215 0 -1
18393 3 -1
8497 3 7 8 -1 6 -1 3 -1 3 6 -1 7 8 -1
2140 0 0 1 -1 0 1 1 -1 0 -1 1 -1 0 -1 10 -1
336 0 11 -1 0 -1 13 -1
10991 0 13 -1
11762 0 1 -1 0 6 -1 0 0 0 6 6 -1 0 0 5 5 -1 10 -1 0 -1 6 -1 0 -1 1 -1 0 -1
19683 0 0 6 -1 1 -1 0 -1 0 0 1 9 -1 0 5 -1 1 -1 0 0 0 1 1 4 -1
10722 1 3 -1
27397 7 13 -1 12 -1 7 -1
18432 3 -1 1 -1 0 3 3 5 6 -1
13803 3 -1 1 -1 6 -1 1 3 3 3 6 -1 3 6 6 -1 3 6 -1 0 3 -1 0 1 -1 1 -1
28643 0 0 10 -1 13 -1
18736 0 1 10 14 -1
15169 8 -1 0 0 3 3 6 -1
28170 0 -1
1216 0 0 6 6 -1
28833 2 -1 0 0 1 1 -1
20242 5 5 6 14 -1 5 -1 6 -1 5 -1 9 -1 4 14 -1
28323 0 1 3 3 -1 1 -1 0 0 1 2 4 10 -1
24654 5 -1 0 -1 0 5 12 -1 0 0 12 13 -1 0 13 -1 0 13 -1
14547 0 6 -1 0 -1
27570 0 0 1 11 -1
901 0 3 -1 1 -1 0 -1 0 1 1 -1 0 -1 0 9 13 -1 0 -1 0 3 -1 1 -1 0 -1 1 -1 0 0 11 11 -1
26881 1 2 7 13 -1
6987 4 -1 1 -1 0 1 1 5 7 7 -1 1 -1 1 5 -1 5 5 6 -1
16832 6 -1
18709 9 -1 0 -1 0 9 11 -1 0 0 9 13 -1 0 1 -1 0 -1
658 3 -1 3 6 6 -1
4443 6 -1 3 6 -1 3 3 6 -1 6 -1 3 3 6 -1
20885 6 -1
23610 0 -1 0 10 -1 1 -1 0 0 2 11 -1 0 0 13 -1
21524 6 10 -1 10 -1 14 -1 9 -1 5 14 -1 14 -1 5 -1 13 -1 4 -1 14 -1 1 14 -1
7702 0 0 0 3 3 6 6 -1 7 11 -1
13859 6 -1 0 -1 0 6 -1
2218 6 -1
18186 0 0 0 0 6 6 9 16 -1 5 9 -1
17584 6 7 -1 3 3 7 -1 3 6 6 -1 3 -1 3 6 6 7 -1 3 -1 6 -1 3 7 -1
4549 5 -1
13512 7 -1
28222 12 13 -1 2 5 6 -1 3 6 -1
7737 13 -1
3529 12 13 -1 8 -1 2 -1
15195 0 -1
3513 1 3 -1 5 9 14 14 -1
17488 2 -1 1 9 11 11 -1
20432 0 13 -1 0 0 6 -1 0 3 -1 13 -1 0 -1 0 5 -1
25851 0 4 14 -1 0 11 -1 9 -1
4624 0 -1 1 4 -1 1 4 -1 1 3 -1 2 -1 2 13 -1
20956 8 10 -1 1 -1 9 -1 1 1 3 10 -1 1 -1
31033 0 0 9 9 9 -1 6 -1 0 -1 6 -1 0 9 -1 0 -1 0 0 6 6 -1 0 0 6 9 -1
26104 0 5 -1 11 -1 1 -1 1 2 3 6 6 -1 6 -1 3 -1 6 -1 3 -1
21474 0 8 -1 3 6 -1
26209 0 0 1 1 -1 0 -1
4728 7 8 -1 7 12 -1 0 12 -1 6 -1 10 -1 7 -1 2 3 7 12 -1
4222 1 -1
991 0 1 -1 2 -1
9871 2 9 -1
20436 0 -1
5381 0 -1 0 1 11 -1 0 -1 1 -1 0 1 -1 0 -1
18311 0 5 -1 14 -1 7 -1 4 -1
29778 7 10 11 -1 1 -1 11 -1
22220 0 -1 0 1 -1 0 0 1 3 5 -1 0 -1
7111 6 -1 12 -1 12 13 13 -1 12 -1 0 -1
31311 8 -1
1636 5 14 -1
3356 5 6 -1 5 5 6 6 -1 5 -1
14860 0 -1 0 3 -1 0 3 -1 1 -1
5701 0 -1
570 0 -1 1 -1 1 2 -1 2 -1 1 -1 1 2 -1 1 5 9 9 -1
20743 0 1 16 -1 0 13 -1 0 0 1 -1
25888 3 -1 0 1 -1 1 11 14 -1 0 -1
26303 0 -1 0 9 -1 0 11 -1 1 -1 1 5 -1 0 10 -1
30788 2 -1 0 -1
28644 0 -1 16 -1 0 -1 6 -1 0 -1 6 -1 0 -1
27267 0 10 -1
31119 9 -1 1 -1 10 -1 2 -1 1 10 -1 1 6 -1 9 -1
3674 2 -1 0 -1
19978 0 -1 2 -1
5882 1 5 5 9 -1 5 5 6 -1 5 9 -1 0 1 1 9 -1 5 6 -1
28235 0 3 3 -1 0 -1 0 3 -1 0 3 -1 0 3 -1 1 4 -1
18698 0 2 10 14 14 -1 9 -1 0 1 1 1 6 6 14 14 14 -1
8262 0 -1 13 -1 2 3 13 -1 12 -1 0 -1
1952 6 8 8 -1 0 1 -1 3 -1 0 -1 3 -1 0 -1
12243 0 16 -1 0 -1 0 0 9 9 11 -1 7 -1
14321 0 0 1 -1 2 -1
1241 1 3 13 -1
24144 0 1 14 -1 5 -1 6 -1 5 6 -1 5 -1 5 6 -1
24913 11 -1 3 -1 1 3 -1 1 -1 9 -1
15331 0 -1 0 1 7 9 -1 10 -1 1 -1 0 -1 11 -1 1 -1 2 13 -1 5 -1
1980 2 -1 0 -1 0 2 -1 2 -1
5192 0 -1 13 -1 0 12 -1
28730 0 -1 0 10 -1 0 0 2 7 10 -1 0 -1
20444 0 0 12 12 -1 0 6 -1 13 -1
7023 3 6 -1
26656 5 -1 1 9 9 -1
16053 5 -1 6 -1 5 -1 13 -1
23513 5 -1 14 -1 6 -1
486 0 -1 0 0 3 11 11 -1
29140 0 11 -1 0 0 6 6 -1 0 0 6 11 -1 0 6 -1
15367 0 -1 0 1 -1 0 10 -1 3 -1 0 -1
4289 1 -1
25079 1 1 1 3 3 3 6 6 14 14 -1
23702 10 -1 14 -1
62 0 1 5 -1 3 -1 0 1 5 9 -1 0 5 -1
10040 0 0 1 1 1 3 13 -1
18737 0 1 -1 13 -1 0 -1
16168 0 5 -1 6 -1 0 0 6 -1 0 0 5 6 -1 6 -1 0 -1 0 5 -1
15512 0 0 16 -1
7917 0 1 1 13 -1
23216 0 -1
23912 8 -1 0 -1 0 5 6 6 9 -1 0 8 -1
13822 0 -1 4 -1 0 -1 0 0 0 1 6 10 -1 0 4 -1 9 -1 14 -1 5 14 -1
23161 12 13 -1 12 -1
30948 0 -1 1 -1 0 -1 2 -1 0 0 1 -1 1 10 -1 0 -1 1 -1
13617 6 13 13 -1 0 -1
23479 0 0 0 5 9 9 -1 0 1 -1 3 -1 0 5 9 -1 0 -1 1 -1 9 -1 0 9 -1
6940 0 -1 0 1 3 6 -1 0 0 5 -1
26434 0 1 -1 0 -1 0 1 1 7 -1 0 -1
3671 4 -1
15602 0 0 1 -1 1 -1
2368 0 0 3 6 -1 0 6 9 16 -1 9 -1 0 -1 5 -1 6 -1 5 -1 5 6 -1 5 6 -1 0 6 -1 0 10 -1 0 5 -1 5 -1 6 -1 0 -1 1 3 13 -1
30569 3 -1 1 -1
25240 0 -1 0 0 1 11 -1 0 2 -1 1 3 3 14 14 14 14 -1 3 3 14 -1 9 14 -1 14 -1 5 -1
1297 1 10 -1 4 -1
5394 12 -1 11 12 13 -1 12 -1 11 -1 12 -1 11 -1 12 -1
31130 1 3 3 6 6 -1
31578 10 11 13 -1
25843 2 11 11 -1 6 11 -1
17633 0 -1
6354 1 -1 14 -1 5 5 6 6 -1
17877 0 6 -1 0 0 1 -1 11 -1 13 -1 0 11 -1
6681 12 -1
16232 0 0 6 -1 10 -1 0 -1
9223 0 5 5 5 6 9 14 -1 6 -1 5 -1
31023 0 0 11 11 -1 11 -1
21765 0 0 0 3 10 -1 0 2 2 -1 0 -1
10736 5 14 -1 5 6 -1 5 6 -1 5 -1 14 -1 5 -1 14 -1 4 -1 4 13 14 -1
9650 0 1 5 8 8 9 10 -1 0 1 -1
3591 1 -1 3 -1 6 -1
3922 1 -1 0 0 0 5 5 11 -1 5 -1 0 -1 2 3 5 7 -1
974 2 -1 1 7 -1 0 -1 0 1 7 -1
18467 0 8 -1 6 -1
10 0 0 1 2 14 -1
27697 3 -1
10334 8 -1
11999 0 1 -1 13 -1 0 4 -1 0 -1
15497 3 6 -1 3 -1 3 7 -1
10961 0 5 6 -1
24713 0 6 -1 0 -1 9 -1 0 -1 2 -1 0 1 -1 0 -1
7801 13 -1 0 11 -1
13189 3 6 -1
5365 0 -1
30863 1 5 5 -1 1 2 -1
12648 0 0 1 1 -1 0 -1 0 1 -1 0 1 1 -1 0 -1
17577 11 -1
13181 1 14 -1
7029 7 -1 1 -1
12481 5 -1 0 -1
28303 0 0 7 7 -1 7 -1 0 -1 7 -1 0 -1 7 -1 0 -1
4442 0 7 -1 0 -1 6 -1
25804 12 -1 0 10 -1 1 -1
14060 11 -1
23620 7 -1 0 -1 7 -1 0 0 7 -1 7 -1
21153 0 1 -1 6 -1 0 3 -1 0 -1 3 -1 0 0 1 2 -1
11846 0 -1 0 0 1 2 14 16 -1 13 -1 0 -1
3355 5 -1 0 3 5 6 -1 0 0 5 6 -1 10 -1 0 2 -1
4400 0 -1 13 -1 0 -1 0 1 11 -1 0 13 -1 0 1 -1
9509 0 2 -1
5057 0 -1 0 5 5 11 -1
13946 3 -1
27638 5 -1 2 14 -1 2 4 14 -1 2 6 -1 2 3 -1
21286 8 -1 8 10 10 -1 8 -1 1 -1 1 8 8 -1
14017 0 3 -1 0 -1
30843 5 9 -1
5010 0 2 -1 1 -1
5638 5 -1 0 -1 0 6 6 -1
16486 0 1 -1
19557 3 8 -1
24174 6 6 8 8 -1 3 -1
20903 1 9 -1
30061 0 0 0 12 12 12 -1 0 13 -1 13 -1 0 13 -1
15272 0 -1 3 -1 6 -1
27172 7 -1 6 12 -1 12 -1 12 13 -1 13 -1 6 12 12 -1
8773 0 -1 13 -1 0 -1 13 -1 0 0 13 13 -1 0 13 -1 0 13 -1 0 -1 13 -1
15072 7 12 -1 13 -1 7 7 12 13 -1 12 13 -1
19013 1 5 -1 5 6 -1
27375 16 -1
16943 0 0 1 14 -1
30231 0 -1 11 -1 0 -1 1 -1 0 11 11 -1
20337 0 -1
9727 0 1 -1 0 0 0 1 11 -1 1 -1 0 9 -1 0 0 1 11 -1 1 -1 0 3 -1
15532 0 2 -1 0 1 -1 0 -1 0 1 -1 1 -1 0 -1 0 1 -1
7719 0 -1 0 0 0 0 0 1 2 6 9 16 -1 0 3 -1
9646 8 -1 0 0 0 5 5 -1 0 5 5 -1
15695 1 -1 0 0 10 -1 0 11 -1 11 -1
30799 1 1 2 6 -1 6 -1 1 -1 1 6 -1
23600 0 -1 1 5 -1 5 6 -1 6 -1 5 14 -1
16626 5 -1 0 10 -1
16136 2 2 4 -1
14501 0 9 -1 0 -1 1 -1 0 -1 1 -1 0 2 -1
7708 1 -1 6 -1
12849 0 1 -1 0 1 -1 0 -1 0 1 11 -1 0 0 1 -1 9 10 -1
8686 0 0 0 0 10 11 11 13 -1 0 -1 1 -1 9 -1
6831 0 8 -1 8 -1 0 8 -1 0 -1
27989 0 1 3 -1
4581 0 -1 0 6 6 -1 0 0 6 -1 0 0 6 6 6 -1 0 -1 6 -1 0 -1 0 6 -1 0 6 -1 0 6 -1 6 -1 0 6 -1 0 0 0 6 6 -1 6 -1 0 -1 0 11 -1
29454 0 1 -1 0 1 6 -1 0 6 -1
6252 6 -1
14081 0 0 1 2 -1
7681 0 -1 11 -1
10282 1 -1 6 -1
3319 0 13 -1 0 -1 13 -1 0 -1 13 -1
16902 3 -1
2066 1 -1 0 9 15 -1 0 4 5 13 15 15 -1
9143 0 -1
24132 0 1 -1 1 -1 9 -1 1 9 -1 1 -1 1 1 3 3 -1
17449 0 -1 0 5 13 -1 9 -1
6966 7 -1 3 -1 6 -1
14830 0 -1 1 1 5 6 9 9 -1
7052 3 -1 3 6 -1
5262 0 10 -1 3 8 -1 13 -1 5 -1
11655 6 -1 10 14 -1
16281 1 -1 5 -1 1 6 -1 3 -1 3 6 6 -1 3 6 -1 1 3 14 -1 0 -1 5 -1 4 -1
15055 0 6 -1 13 -1
4368 5 6 13 -1
23037 6 -1
12861 0 -1 0 10 11 -1 0 -1 0 11 -1
19415 0 0 0 1 16 -1 2 3 -1 1 -1 2 10 -1
16984 0 -1 0 0 1 1 -1 1 -1 0 0 1 -1 0 11 -1 0 11 -1 0 11 11 -1 13 -1 0 -1 13 -1 0 -1 0 13 -1 13 -1 0 0 13 -1
19506 0 -1 10 -1 0 11 -1 0 -1 0 2 -1
29755 0 0 1 1 -1 0 -1
6350 1 5 9 -1 0 1 5 5 9 9 9 -1
23172 0 0 0 0 1 9 10 -1 0 0 0 1 1 1 -1 1 -1
3784 0 16 -1
26369 11 -1 7 -1
7807 0 0 2 -1 2 -1 0 2 -1 11 -1 2 2 9 -1 2 11 -1 10 16 -1
11608 0 -1 11 -1 0 1 1 2 -1
5541 0 0 0 6 11 -1
8441 7 10 10 16 -1 7 13 -1
8706 3 -1 0 3 -1
24691 0 -1 0 10 -1 1 -1 0 0 1 -1 0 5 -1 0 3 -1 3 -1
231 0 3 6 -1 0 6 -1 3 3 6 -1 6 -1 3 -1 3 6 -1 0 6 -1
13071 0 -1 14 -1 13 -1 14 -1 2 2 10 14 14 14 -1 5 14 -1 0 0 0 1 1 -1
7631 12 -1 7 13 -1 7 -1 3 -1 6 -1 3 6 -1 3 -1 6 7 -1
5236 15 -1 0 0 0 2 3 -1 0 5 -1
1310 0 -1 1 -1 5 -1 1 -1 3 -1 1 -1
24319 5 -1
6581 0 8 -1
19547 0 1 -1 4 -1 0 4 -1 0 0 0 1 11 -1
9908 0 1 -1
2373 0 -1 0 1 -1 0 1 -1 0 1 -1 1 -1 0 -1 1 -1 0 0 0 1 1 1 -1 0 -1 0 0 1 1 2 -1
9661 0 0 6 6 -1 0 6 -1
13158 0 0 13 -1 0 13 -1 3 13 -1 0 -1 13 -1 0 5 -1 3 6 6 -1 3 -1 10 -1 16 -1 0 0 13 -1 1 -1
19800 1 6 -1 6 6 7 7 7 -1
19527 3 -1 3 13 -1 3 13 -1
24836 0 -1 9 -1
20971 2 3 5 -1
4640 0 -1 11 -1
12569 1 -1
2525 0 5 -1 1 3 -1 4 -1
10981 0 1 -1
6492 8 -1
324 2 14 -1 5 -1 5 6 14 -1 14 -1 4 -1 14 -1 2 -1
27676 0 5 -1 6 -1 0 6 -1 0 -1 6 -1 0 6 -1 0 6 -1 0 6 -1
26740 1 -1 3 4 4 -1 7 -1 4 -1 5 7 -1 7 -1
6409 3 -1
4441 1 8 8 -1 3 -1 1 -1 11 -1 1 1 9 -1
89 0 1 -1 9 14 -1 5 6 14 14 -1 5 -1 1 14 -1 5 -1 10 -1
24712 0 -1
921 0 11 11 -1 0 6 -1
16487 0 1 3 5 7 -1
31613 0 1 -1 0 1 -1
16181 0 -1 1 -1 0 11 13 -1 2 9 10 -1 0 5 5 6 6 -1
30267 5 -1 6 -1 5 6 -1 0 2 3 5 5 6 6 9 -1 9 -1
29280 0 10 -1 2 5 -1 0 0 0 6 6 -1 0 1 -1 1 -1
28693 0 0 1 3 4 -1 0 5 9 -1
16359 3 7 -1 4 -1
29638 6 8 -1 8 11 -1
625 7 -1 3 -1 6 -1 3 7 -1 3 3 6 6 -1 3 -1
25864 0 -1 0 0 2 3 13 -1 1 -1
9712 4 -1 0 -1
17982 1 1 3 3 3 6 6 -1
1753 0 0 10 -1 4 -1 0 13 -1
5273 4 5 9 -1 1 -1
3311 3 14 -1 14 -1 3 6 -1
26343 0 1 11 -1 0 -1 0 0 4 11 -1 1 11 -1
19734 2 5 -1
13695 0 3 -1 5 -1 0 1 -1 0 3 5 5 6 -1
27739 2 9 10 -1 5 -1 4 -1 1 4 7 -1 0 14 -1
28760 5 6 9 11 -1 6 9 -1
14747 6 -1
14334 0 -1 0 1 5 -1
4975 5 8 -1 0 3 -1
15085 12 -1 1 7 -1 7 -1 3 6 -1 1 -1 6 -1 3 -1 6 -1
2346 0 5 -1 5 6 -1 5 -1 5 6 -1 6 -1 5 -1
31506 0 -1 3 -1
22169 3 5 6 -1 3 -1 0 1 6 -1 5 -1 0 -1 0 1 -1 1 -1
30675 0 -1 10 -1 0 -1 1 -1 0 -1 1 -1 0 -1 1 -1 0 1 -1 0 -1
22818 3 6 6 8 8 -1 3 3 6 6 -1 3 -1 0 1 -1 3 -1 3 6 -1 3 6 6 -1 3 -1 3 6 -1 1 -1 3 6 -1 1 -1 3 3 3 6 6 6 -1 3 -1
1061 0 -1
25737 0 -1 0 2 -1 2 -1
2018 1 2 -1
29873 0 0 0 1 1 -1 1 -1 0 1 -1
2474 0 12 -1 3 6 -1
29737 0 10 -1 0 0 6 9 -1 3 -1 0 -1 3 6 -1 0 -1
14277 1 -1
5342 0 11 -1 0 0 1 13 -1 1 5 -1 3 -1 1 -1 0 -1
15115 8 -1 0 -1 1 2 -1 5 -1 8 -1 0 -1 1 3 6 11 -1 2 5 -1
11046 0 1 5 7 -1 6 7 -1
22600 14 -1 5 5 6 6 14 -1 2 9 -1
12409 8 12 -1 8 12 -1 8 12 -1 5 8 -1
19321 0 3 -1
4282 0 6 -1 0 6 -1 0 6 -1 8 -1
15416 8 -1 3 6 8 -1 6 -1 0 6 -1 1 5 -1 4 8 8 -1
22316 0 1 6 -1
10408 0 -1 16 -1 0 -1 9 -1
13636 13 -1
5406 0 -1 13 -1 0 -1 0 13 -1 0 11 -1
10626 0 0 0 1 9 10 -1
29395 0 3 11 -1
7984 2 10 -1 5 9 -1
4156 3 5 -1 6 -1 3 -1 6 -1 3 3 6 6 -1 3 -1
11951 0 -1
18135 0 10 -1 0 -1 14 -1 6 -1
28679 0 -1 11 -1 0 -1
27527 0 -1 1 -1 0 0 2 -1 3 -1 0 9 -1
20669 0 -1 0 0 1 1 -1 0 1 5 -1
14638 0 13 -1 0 1 -1 0 1 -1 0 -1 3 -1 0 -1
10038 3 -1
26037 0 -1 1 -1 0 1 -1 3 6 -1 1 3 -1
22524 0 1 -1
7625 12 -1 12 13 13 -1 0 12 13 -1
2822 3 -1 9 -1 1 -1
8890 0 0 1 10 13 -1 0 1 -1 0 0 0 5 9 -1 5 -1 0 5 -1
14580 1 9 -1 1 -1
30 0 7 -1
18378 8 8 11 -1 11 -1 8 11 13 -1 12 -1 8 13 -1
7085 8 12 12 13 13 -1
3097 0 0 6 -1 3 6 -1 6 -1 3 3 4 -1 4 -1
27665 5 6 -1
30684 0 -1
11793 13 -1 1 2 6 -1
19949 12 13 -1 12 -1 13 -1 12 -1
28135 0 0 6 12 -1 13 -1 3 -1 13 -1 12 -1 0 -1
235 0 13 -1 0 0 1 -1 1 4 5 5 14 14 14 -1 0 -1 13 -1
28547 1 -1 1 3 -1 3 -1 3 6 6 -1
7347 3 5 6 -1
27924 0 0 0 9 11 -1
27155 5 -1
24398 3 3 6 -1 0 -1
28416 1 3 9 14 -1 5 9 -1 9 -1
26368 1 -1 5 -1 7 -1 5 -1 6 -1
25182 5 -1
26781 5 5 6 -1 12 -1 6 6 12 12 -1 13 -1
25580 0 -1 1 11 -1 5 -1 6 -1 1 5 6 -1 1 -1 9 -1 5 -1 5 6 -1 6 -1 5 -1 6 11 -1
24889 0 0 9 -1
12691 11 -1
16527 0 10 -1 0 -1
19000 6 -1
21086 0 -1 0 0 9 11 -1
8774 0 -1 11 -1
2430 3 -1 0 0 3 3 -1 0 -1 3 -1 0 -1 0 3 3 -1 0 -1
318 0 0 1 1 4 -1 4 -1 0 1 -1
11029 0 0 5 -1 1 1 11 -1
8260 0 0 5 -1
20257 4 8 8 -1
7087 12 -1
30901 0 -1 0 1 3 -1
20502 0 -1 11 -1
26944 0 -1 1 -1 9 -1
14152 13 -1
30677 0 11 -1 0 13 -1 0 1 -1
26074 0 -1 1 -1 0 -1 0 1 -1 1 -1
21259 0 0 10 -1 0 1 -1 0 1 -1 0 1 -1 1 -1 0 0 1 -1 1 -1 0 1 -1 0 -1 0 1 1 -1 3 -1 1 1 3 3 -1 6 -1 3 -1 13 -1
25943 1 -1 3 3 10 10 14 -1
15557 8 -1 1 -1 0 1 6 8 10 10 -1
16614 0 11 -1 0 0 11 13 -1 0 -1 0 0 13 13 -1 13 -1 0 0 0 13 13 -1 0 7 -1 7 -1 0 0 7 -1 7 -1 0 7 -1 0 -1 11 -1 0 13 -1 0 -1
14894 0 8 -1 1 -1
7050 0 1 2 -1
31365 2 16 -1
31704 0 3 11 -1
2272 0 -1 0 1 -1 1 -1 0 1 -1
22863 0 4 -1
13121 8 -1 0 -1 6 -1 0 0 6 6 -1 0 -1
25383 0 8 -1 2 -1 8 -1 0 -1 0 8 -1 11 -1 0 -1 4 -1 9 -1
14697 0 -1 6 -1 0 0 6 -1 6 -1
21322 0 0 4 -1 0 10 11 -1
14990 10 -1
19080 0 -1
28830 0 -1 0 0 9 10 11 -1 0 -1 0 0 3 3 10 -1 0 -1
22134 0 -1
6805 0 -1 0 1 3 3 6 6 -1
16490 5 5 5 6 6 -1
12561 0 5 5 -1 0 1 4 5 13 -1
25398 0 11 -1 0 0 0 5 5 -1 5 -1 3 10 -1 10 -1 0 10 16 -1 10 -1 16 -1 10 -1 10 16 -1
25454 0 1 5 -1 0 -1 0 2 -1 3 6 -1
5118 0 -1
22401 0 5 -1
8156 0 10 -1 0 11 -1
28229 13 -1 0 0 13 -1 0 9 13 -1 0 -1
5089 11 -1 0 10 11 -1
15673 0 2 5 -1
16291 0 6 -1 6 -1
12920 1 -1 0 1 1 3 -1 0 -1 1 -1 0 -1 2 -1 0 -1 0 1 1 -1 0 16 -1 0 -1
24078 0 -1 1 3 -1 1 2 3 5 -1 1 2 -1
24606 0 -1
10536 8 -1 7 -1 8 -1 6 -1 8 -1 6 -1
10432 11 12 12 -1 2 8 12 12 13 13 -1
4022 3 -1 0 3 -1
29070 0 -1 16 -1 0 16 -1 0 0 9 -1 0 14 -1 1 10 16 -1
24519 0 -1
22886 1 2 -1 0 11 -1 0 1 10 11 -1
18442 1 3 5 -1 0 3 -1
24843 0 -1 2 -1 0 0 9 -1
10944 2 5 14 14 -1
2855 0 -1 1 9 -1 3 5 9 9 11 -1 1 -1 10 -1
8663 0 6 -1 3 3 6 -1 6 -1 3 8 -1 0 -1 3 -1 6 -1
10676 0 0 6 6 11 11 -1 0 -1 11 -1 0 1 11 -1 11 -1 0 6 -1
12173 0 -1
18401 7 8 -1
19564 3 5 -1
30314 1 -1
17484 0 -1 13 -1 0 13 -1
8109 8 -1 6 8 -1
4913 2 8 -1
29334 0 1 -1 0 -1 1 3 -1 1 -1 0 -1 11 -1 1 -1
25845 5 -1 13 -1 6 12 -1 12 -1 0 -1 0 6 -1
1587 8 -1 0 3 8 -1 0 -1 8 -1
3091 0 0 1 9 -1 0 -1 0 1 -1 3 -1 0 13 -1
21021 3 6 -1
19833 0 1 -1 13 -1
27817 8 -1
25399 0 0 10 11 -1 11 -1
16759 0 -1 11 -1 1 -1 0 11 -1 0 3 6 13 -1 0 5 10 -1 0 -1
24411 3 7 -1 3 5 6 7 -1 6 -1 3 -1 7 -1 3 6 -1
14972 0 -1 13 -1 0 16 -1 0 13 -1 0 -1 0 1 -1 1 -1
26173 0 -1 1 -1 0 0 13 13 -1 0 -1 9 -1
22470 0 -1 13 -1 0 0 6 -1 0 6 -1
12794 0 -1 0 6 -1 3 -1 6 -1 3 -1 6 -1 0 -1
27970 0 -1 0 0 0 1 1 1 -1 6 -1
18803 0 3 -1
831 6 13 13 -1
7129 0 -1
20641 0 12 12 -1 0 -1 12 -1 0 -1
23002 6 7 -1 3 6 -1 3 3 3 6 6 -1
23802 0 0 0 1 10 -1 0 0 11 11 11 -1
7142 0 -1 1 2 -1 4 5 -1 0 -1 6 14 -1 3 -1
2880 0 3 11 -1 1 -1
9196 0 3 -1
344 0 -1 0 9 -1 9 -1
21958 0 -1 6 -1 0 0 6 -1 0 0 6 6 -1
4527 8 -1 6 -1 0 6 -1 3 -1
