265
5671 0 -1 9 -1 3 13 -1
9080 3 -1
8146 0 -1
31463 2 5 -1 9 10 -1 6 11 -1 1 13 -1 0 -1
28022 0 1 2 6 9 11 -1 2 -1
1830 4 -1 0 -1
9177 6 -1
10486 0 -1
3893 7 -1
17914 4 -1 0 -1
16199 1 -1
6302 6 -1 3 -1
18952 0 0 3 -1
26675 5 13 -1 1 -1
15321 0 0 9 9 -1 0 1 -1 9 -1
4716 0 -1
7800 5 -1
13060 6 9 -1 13 -1
23449 1 -1
13263 1 5 -1 1 3 3 6 -1 7 -1
12790 1 13 15 -1 1 13 -1
31410 0 7 -1
10065 4 9 -1 2 3 6 -1
24332 3 -1
24667 8 -1
22575 10 16 -1
7225 3 9 -1
16431 0 0 0 0 11 11 11 11 -1
30045 10 -1
10473 11 -1 0 0 11 -1 0 11 -1
27710 0 -1
21831 0 5 -1
30977 0 2 -1
25600 0 -1
19941 0 4 -1
15931 6 -1
23681 0 3 -1 0 -1
8401 2 2 3 -1
344 3 -1
9834 0 -1
2693 0 0 3 6 -1
19595 0 0 0 11 11 -1
1257 3 -1
22209 1 1 7 7 -1
5558 0 6 16 -1 0 -1
17915 0 0 11 -1
30793 10 -1
9590 6 -1
16690 6 -1
29746 11 13 -1
18930 0 -1
7524 0 -1 2 -1
16783 0 6 -1
26584 12 -1 8 -1
15813 3 -1
15998 0 -1
19852 0 -1 0 0 0 0 6 6 6 6 -1 6 -1 0 0 6 -1 0 6 -1
2457 7 9 -1 11 13 -1
6494 0 0 13 -1
4525 0 -1
10619 0 -1
23373 0 4 6 -1 6 -1
9595 3 6 -1 3 6 -1 3 -1 6 -1 3 -1
30552 0 5 13 -1
26429 11 -1 1 11 -1
5102 0 1 -1 1 -1
8554 0 -1
1837 1 -1 9 -1
23129 9 -1
11461 6 11 -1
23408 1 5 10 16 -1
10771 13 -1
10078 1 4 10 -1
19431 0 -1
2399 14 -1 0 -1
22449 13 -1 6 -1
179 0 -1
14162 3 6 -1
29955 5 9 -1
25775 6 -1
31534 14 -1 11 -1
12026 1 -1 7 -1 1 -1 4 5 -1 10 -1 6 9 -1 11 13 -1 1 2 -1
29921 0 -1
19008 1 -1 0 2 -1 0 10 -1
9559 5 -1
30672 0 0 5 -1
31717 6 9 10 -1
20623 1 1 10 -1
1894 0 -1
23749 0 -1
10701 0 -1
3128 0 1 -1 0 -1 6 -1
14350 0 -1 1 -1 1 5 5 9 -1 1 6 11 -1 11 -1
4090 14 -1 0 4 -1
12741 6 -1
2557 6 -1 0 -1 6 -1 0 -1
4643 2 -1 10 -1
12411 1 1 7 7 9 12 14 -1 5 14 -1 1 2 11 -1
24666 12 -1
13640 0 -1
6519 5 -1
21688 9 -1 2 -1
2552 0 0 0 1 2 11 -1
18790 5 6 -1 6 -1 5 -1
18980 1 -1 0 1 1 14 -1
22967 0 -1
28920 0 -1
16890 3 6 -1
96 7 9 -1
24660 1 3 3 6 -1
4426 1 -1
9812 1 -1 0 -1
10063 0 -1
10326 7 -1
20374 5 -1 0 -1
10690 4 -1
25475 7 10 -1
12264 1 3 7 7 -1
17572 0 -1 10 -1 13 14 -1
2126 9 -1
31371 0 5 -1
26088 5 6 -1 0 1 -1
404 0 5 -1
20282 0 13 -1
16597 0 0 1 -1
8435 0 1 1 13 -1 1 7 7 14 -1 5 -1 4 7 10 -1 2 -1
18260 0 -1 2 -1 0 -1 1 -1
7164 5 6 -1
26991 11 13 -1 11 -1 0 -1 0 11 -1 0 11 -1 11 -1 0 13 -1 13 -1 0 0 11 13 13 13 -1 0 -1
2282 0 3 -1 0 -1
2345 1 -1
31360 4 14 14 -1
11730 5 -1
25289 0 0 0 1 11 -1
25094 1 3 4 5 13 -1 3 3 9 13 -1
30882 1 -1
8880 7 -1 0 1 1 4 -1 1 14 -1 2 9 11 13 -1 10 -1 4 5 -1
14000 5 -1
7292 5 -1
10270 1 1 2 3 7 8 8 8 -1
11554 0 -1 0 0 9 9 -1 9 -1 0 0 9 -1
2795 6 -1
12230 1 -1
21230 9 -1 0 9 -1
16490 5 -1
6185 0 2 11 -1
1365 13 -1 0 -1
12348 11 -1 0 -1
23975 0 5 -1
24649 0 3 -1
7699 11 -1
28435 0 0 9 -1
23419 0 0 1 -1 10 -1
24805 0 6 -1
8054 13 -1
12221 4 -1
22695 9 -1
28290 9 -1
1536 1 2 4 -1
8061 3 6 -1
30298 1 -1
2017 3 -1 3 6 -1 0 3 6 -1 0 -1 3 6 -1 0 -1 0 3 3 -1
405 0 -1
28631 3 -1
4673 0 5 6 -1 0 -1
23239 3 -1
15000 1 -1
19920 1 11 -1 8 -1 0 -1 0 1 1 8 8 -1
844 0 2 9 -1
19159 13 -1
31216 0 13 -1 1 3 -1
12035 11 -1
13422 0 1 6 -1
29100 0 -1
396 3 9 -1
8974 8 11 13 -1
598 0 0 6 -1
31483 0 -1
28408 0 -1 11 -1
21357 10 -1
20261 3 3 6 -1
20434 0 9 -1
5132 9 -1
18814 2 -1
30303 1 3 6 6 -1
26938 0 11 -1
3106 0 -1
25041 13 -1
24683 12 -1
2749 0 2 -1
11647 6 -1
29090 0 1 1 3 3 -1
6993 7 -1 0 3 -1
22367 5 8 11 11 -1
27164 0 -1
6806 0 -1
20529 0 -1
16167 4 -1
28244 0 -1
31528 10 -1
21469 0 13 -1
28164 9 -1
23792 2 -1 2 4 -1 0 13 -1
11424 13 -1 0 3 -1 2 -1
26308 4 8 -1
24 3 6 -1
23282 9 -1
29323 6 -1
13650 0 3 6 -1
31736 5 -1
28781 0 -1 6 13 13 -1
9623 0 -1
24287 5 -1
25397 0 6 6 9 -1
4079 0 1 -1
4727 0 -1
24523 3 10 -1
29033 0 1 1 13 -1
22453 7 8 -1
10110 0 -1
25307 0 -1
20217 5 -1
20573 0 -1
16609 0 4 -1
18118 13 -1
21914 0 0 3 -1
20055 6 -1 0 -1
103 3 -1
20642 0 1 -1
14030 2 12 -1
8013 4 -1 0 -1 0 10 -1 10 -1
4053 10 -1
29097 0 -1
1915 2 3 10 -1
29132 3 6 9 -1 1 10 -1 0 5 6 11 -1
575 3 6 -1
403 13 -1
4324 11 -1
21565 8 -1
4068 6 -1 3 -1 3 3 6 6 -1 6 -1 3 3 6 -1
30907 3 6 -1
4551 6 -1
15390 11 -1
26599 0 -1
23588 13 -1 0 0 1 11 -1
4089 8 -1
1968 3 8 8 -1
2500 3 6 -1 3 -1 6 -1 3 -1
12938 0 13 -1
28529 0 13 -1
11513 3 -1
3758 0 -1
31400 0 -1
9264 1 -1
26598 0 0 3 10 -1
1957 3 -1 3 6 -1
4048 0 0 1 5 9 13 -1
26243 0 -1
4820 0 -1 0 1 -1 1 -1 0 11 -1
23782 3 -1
2731 10 -1 0 -1 13 -1
23991 0 0 2 3 -1
25627 1 -1
7439 3 6 -1
2373 0 -1
