67
25627 0 1 -1
13640 1 4 -1
15931 3 -1
28920 0 13 13 -1 0 -1
18980 11 -1 13 -1 2 4 5 9 10 -1
25307 13 -1
4643 6 11 -1
11647 0 -1
16167 0 0 0 4 4 -1 0 4 4 -1
7439 6 -1 3 -1
14162 7 -1
18814 0 -1
18118 1 9 -1
7800 5 5 6 6 6 -1
4551 1 -1
2457 1 -1
1957 2 2 9 -1
26584 7 13 -1
20374 0 5 -1
14350 13 -1 9 -1 10 -1
8013 0 0 10 -1
9080 3 5 6 6 9 9 -1 0 13 -1
23239 0 -1
2731 0 -1
29921 1 -1
5102 0 1 3 -1
23681 3 -1 0 -1
8880 7 -1
30882 0 -1
28781 6 -1
21565 7 -1
575 7 -1
16597 1 -1
30045 1 1 10 -1
2749 0 -1
3893 0 13 -1 0 -1 13 -1
3758 0 0 4 4 -1
4324 0 0 2 -1
4820 0 -1
12264 0 1 1 7 -1
9595 6 -1 3 -1 10 -1
12411 11 -1
18260 0 -1
31534 5 -1
29323 3 -1
19920 0 1 -1
18930 13 -1
23282 9 14 -1
12026 14 -1 0 5 -1
15390 0 -1
4048 0 -1
2500 10 -1
4716 3 -1
25475 13 -1
7524 0 3 -1 0 0 1 -1
8435 6 9 13 -1 7 7 9 -1
31371 0 0 3 -1
2795 3 -1
26429 0 1 11 13 -1
3128 0 -1 1 13 -1
25289 0 11 -1
21469 0 13 13 -1 0 0 13 13 -1 0 -1
26243 0 1 5 6 -1
20529 0 11 -1
23419 0 0 0 10 16 -1 16 -1
29033 1 15 -1 0 -1
9834 1 -1
