1589
26711 12 -1 13 -1 8 -1
11317 6 13 -1
27295 3 6 7 -1 6 7 -1 3 -1 5 7 -1 5 7 7 -1 3 6 -1 1 7 9 -1
18352 3 -1 6 8 -1 8 -1
25449 0 0 0 1 1 -1
24275 8 -1 0 -1
10042 5 6 -1 5 6 -1
6208 7 12 12 13 -1
15095 1 10 -1
5503 0 1 -1 0 1 -1 0 0 1 9 -1 0 0 1 1 -1
5190 5 6 -1
10271 3 8 -1 4 8 -1 3 -1
2219 8 -1 3 -1
5812 5 -1 0 -1 0 13 -1 0 2 -1 1 -1 0 -1 11 -1
20828 11 -1
19098 0 -1 0 0 2 10 -1 0 1 -1
4536 0 -1 9 -1 9 10 11 -1 0 2 10 -1 11 -1 0 -1 1 -1 11 -1 0 -1 0 2 11 -1 11 -1
27089 0 -1 0 1 1 -1 0 -1 1 -1 0 0 1 16 -1
30000 0 -1 13 -1 0 10 -1 0 -1 0 0 13 13 16 -1
20728 0 10 -1 0 1 -1 0 11 -1 0 -1 11 -1 0 -1 16 -1
15121 7 -1 5 -1 13 -1 5 -1 5 7 13 13 13 -1
21871 8 -1 0 13 -1 0 1 -1 0 4 -1 0 5 -1 1 -1
26738 9 -1
15851 6 -1 0 3 -1 0 2 -1
9280 0 13 -1 0 -1 0 13 -1 0 13 -1
5477 8 -1 3 -1 5 6 8 -1
574 5 10 11 13 -1 6 -1 5 -1 8 -1 0 -1 4 -1
20378 4 7 -1
14440 1 -1
22038 8 -1 0 2 3 5 6 10 11 -1 2 4 -1 8 -1 0 4 -1 6 -1 3 -1 8 -1 0 -1 0 3 4 4 6 8 -1
29299 5 5 6 7 12 14 -1 10 -1 4 14 -1
11788 0 3 -1 0 0 5 -1 1 4 -1 4 4 5 -1
1691 14 -1 5 6 -1
29556 0 -1
20981 0 0 6 -1 1 2 -1 0 0 1 -1 0 6 -1
30933 6 6 12 12 12 13 -1 0 1 6 -1 0 -1 13 -1
18504 0 -1 10 -1 0 4 -1 4 5 -1 0 -1 0 11 -1
10444 0 16 -1 1 1 16 -1 13 16 -1
22002 5 -1 5 6 -1 14 -1 9 -1
4406 11 -1 0 1 16 -1 3 -1
10253 0 1 1 2 5 11 -1 0 1 -1 1 11 -1
2408 0 3 -1 5 6 6 -1
8312 0 1 -1 13 -1 0 -1 0 1 11 -1
5725 0 11 -1
1421 0 -1 10 -1
16154 5 9 -1
16077 11 -1 0 1 9 11 -1 0 10 -1 0 -1
21422 0 1 6 -1 0 -1
13438 0 -1 0 0 6 6 6 -1
21240 14 -1 1 -1 2 5 13 14 14 14 -1 5 14 14 -1
11200 0 0 6 -1 6 -1 0 -1 6 -1 0 -1 0 13 -1 0 4 11 -1 13 -1
10632 4 14 14 -1
22746 0 0 3 -1
10631 0 -1 1 3 3 6 6 -1 1 3 3 6 -1
6551 7 -1
19086 5 -1 1 -1 0 1 14 -1 1 4 5 9 -1 10 11 -1 2 7 13 -1
5790 6 12 -1 3 -1 6 -1 1 3 -1 3 -1 1 -1 3 -1
4612 2 4 14 -1 14 -1
5522 0 -1 2 5 -1
2644 0 2 -1
15174 0 11 -1 0 -1 6 -1
27348 0 -1 1 1 11 11 -1 2 -1 1 -1
1363 4 -1 0 10 -1
5513 0 6 -1 3 -1 3 6 -1 1 -1
26128 0 3 -1
4849 6 -1
7371 1 -1
5531 0 0 5 5 5 6 6 16 -1 0 -1
13445 0 11 -1 0 -1 0 9 -1 2 -1
15418 2 8 -1
5204 5 12 -1 6 12 13 -1 12 13 -1 6 12 -1
17269 13 -1 0 3 -1 0 1 -1
8911 13 -1 0 0 0 1 9 11 -1 0 2 -1
23595 13 -1 0 13 -1
26492 0 -1 8 -1
16715 0 -1 1 9 -1 7 10 -1 10 -1 1 9 -1
28705 1 9 -1 2 -1 0 10 -1 9 -1 10 -1 0 1 2 -1
9761 0 0 9 13 -1 0 9 -1 0 6 -1 3 11 -1 0 0 1 -1 11 -1 0 1 -1 0 -1 1 -1 0 -1 1 -1
29168 0 0 1 10 13 -1
20571 0 0 9 -1 9 -1 0 11 -1
7587 1 15 -1
7954 0 -1 0 6 -1 0 6 -1 0 11 -1 6 -1 0 -1 2 -1 0 0 10 -1 6 -1
1998 0 2 -1 0 4 14 -1 4 -1
8191 1 5 5 -1 0 -1 5 -1
5206 0 0 13 -1 1 -1 0 0 0 1 1 -1
10367 1 -1
10490 0 -1 10 -1 2 -1 9 -1
7903 0 -1 9 -1 13 -1 0 0 0 1 2 -1
14945 0 -1 0 1 1 9 9 -1
21198 0 -1 1 1 7 -1 3 -1 14 -1 1 -1 11 -1 3 6 13 -1 2 9 10 -1 4 4 5 7 -1
29536 13 -1
27829 2 -1 1 1 14 -1 0 1 4 7 -1 5 -1
24180 0 -1 0 2 -1 0 3 16 -1
6298 0 0 1 -1 0 1 -1 0 0 0 1 1 2 11 -1 0 0 1 1 -1 1 -1
26497 0 -1 11 -1 0 -1 0 16 -1
2905 1 7 7 -1 13 -1 6 -1
20517 3 3 3 3 6 6 6 6 -1 1 -1 7 -1
17620 0 0 6 -1 0 1 -1 6 -1
29799 8 -1 3 7 -1 12 -1 8 -1 3 -1 8 -1
19312 0 9 -1 1 10 -1 0 -1
25907 0 -1 0 3 6 -1 13 -1 0 -1
15007 1 9 -1 1 3 -1 3 -1 9 -1
11789 6 -1
6480 0 9 -1 9 -1 0 -1 9 -1 1 -1
9382 0 5 -1 0 -1
20658 0 -1 0 0 1 9 10 -1
13495 0 0 11 -1 0 5 -1 10 -1 16 -1
17965 0 0 13 -1 13 -1
1838 6 12 -1
6070 0 11 -1
12511 8 -1 0 -1 0 0 0 1 13 13 -1
3900 0 -1
13506 0 -1
23425 0 -1 2 -1
8982 12 -1 0 0 0 7 7 7 7 -1 0 -1 0 7 7 -1 0 7 -1 0 -1 7 -1 0 7 -1 0 7 -1 0 7 -1 0 7 -1 0 0 7 12 -1 12 -1 0 -1 13 -1 0 -1 13 -1 0 0 13 -1 13 -1 12 -1 0 12 -1 0 12 -1 0 0 12 12 -1 0 0 12 -1 0 0 12 12 -1 12 -1 0 -1 0 0 12 12 -1 0 12 12 -1 0 0 12 -1
3285 8 -1 6 -1 8 -1
25585 8 12 -1
14194 0 -1 1 -1 2 14 -1
15415 0 0 0 6 6 6 -1 0 6 -1 0 -1 6 -1
29762 13 -1
20684 5 -1 5 6 14 -1
5940 2 -1 3 8 -1
20690 0 -1 11 -1 9 -1 11 -1 0 -1 0 11 -1 0 5 10 -1
23254 13 -1 2 13 -1 1 10 -1 1 -1
17080 0 0 13 -1 2 -1
1393 0 10 -1
28867 0 16 -1 0 13 -1 0 10 -1 0 13 -1 0 -1 11 -1 0 -1
9285 3 -1 6 -1 1 3 -1 3 6 -1 3 4 4 10 14 -1
18093 0 -1 1 -1 6 -1 0 -1 6 -1 0 0 1 11 -1
18551 0 13 -1 13 -1
5719 3 -1
7818 5 -1 0 -1 13 -1 0 13 -1 0 0 13 -1 0 13 -1 13 -1 0 -1 13 -1 0 13 -1 0 -1 5 -1
25505 5 5 8 9 -1
17701 0 0 1 13 -1 0 0 3 13 -1
7318 0 0 10 -1 0 3 5 -1 0 -1 1 -1
920 0 6 -1 0 -1 0 0 6 11 -1
30971 0 3 7 -1
8889 3 5 6 6 -1 5 5 6 -1 6 -1
15325 5 -1
5853 11 -1
7496 6 8 -1 7 -1
25158 0 9 11 -1 9 -1 2 -1 0 10 -1 9 -1 0 1 -1 6 -1 5 -1 6 -1
2185 0 0 1 3 -1
28216 0 9 -1 0 -1 0 5 11 -1 5 5 6 -1 5 6 -1 0 5 -1 0 -1 0 0 2 5 11 -1
11870 0 6 -1 0 -1
6667 0 0 8 8 -1
8902 0 -1
745 0 1 -1 0 13 -1 0 0 10 13 -1 0 -1
16970 0 1 -1 2 10 -1 16 -1 9 -1
19502 5 -1 12 -1 6 12 -1 7 13 -1 2 3 -1 13 -1
14753 0 -1 1 10 -1 1 2 10 -1 0 0 0 0 0 1 1 5 11 -1 11 -1
3467 0 0 11 -1 2 -1 0 -1 11 -1 0 2 11 -1
10824 5 7 -1 6 -1 6 7 -1 7 -1 6 -1
21472 9 10 -1 14 -1 4 -1
11065 0 1 -1 0 13 -1 0 0 3 3 -1 0 -1 10 -1
5096 0 -1 0 6 6 -1 0 0 1 11 -1
15199 0 0 6 6 8 -1 3 6 6 -1 3 6 -1
13527 0 0 2 2 -1 0 2 -1 0 -1
4900 0 -1 0 0 5 5 -1 0 5 -1 1 -1 0 -1 1 -1 5 -1
646 0 10 -1 0 1 -1 0 5 -1
20760 1 -1 3 -1 6 -1
24252 0 -1 0 1 -1 1 -1 0 1 -1 0 11 -1
18880 0 -1 0 1 6 7 -1 0 0 0 2 2 9 -1
2338 0 6 -1 0 6 -1
18757 8 -1
19894 0 -1 13 -1 0 3 6 -1 3 6 -1 3 6 -1 3 6 6 -1 3 6 -1 3 3 6 -1 1 -1 3 -1 3 6 -1 6 -1 3 -1 6 -1 3 -1 6 -1 3 -1 0 3 3 3 6 6 6 -1 3 6 6 -1 3 -1 6 -1 3 6 -1 3 3 6 -1 6 -1 3 6 -1 3 -1
17747 0 0 1 2 -1 0 1 -1 0 -1 11 -1 0 -1 0 1 11 -1 0 -1 1 -1 0 -1
22676 0 12 13 13 -1
4495 5 5 6 -1 6 -1 5 -1 0 0 10 -1 0 2 -1 0 1 -1 16 -1 2 9 -1 0 1 -1 1 -1
12142 8 -1 0 4 6 -1 3 -1 2 8 11 -1
19023 0 -1 0 1 1 -1 0 9 -1 0 2 -1 0 2 10 -1
4996 6 8 8 -1 3 5 -1 3 8 -1 1 -1
6317 0 5 6 -1 0 5 -1 6 -1
1795 12 -1 6 -1 12 12 13 -1 12 12 13 13 -1
3176 5 -1 7 -1 0 1 -1
26721 0 0 0 0 11 11 11 16 -1
22348 0 -1 0 10 13 -1 0 -1 0 0 0 1 11 13 -1 0 1 -1 0 6 16 16 -1 0 16 -1 16 -1 0 -1 11 -1
24310 0 0 10 -1 1 -1 0 -1
5929 5 -1 6 12 -1
6917 1 13 13 -1 1 -1 0 1 1 13 14 15 -1
2478 0 3 -1 3 6 -1 1 3 6 -1 3 6 -1
29807 0 -1 0 1 2 -1 0 6 -1 2 -1
21656 0 0 0 6 6 6 -1
29739 0 -1 2 -1 0 -1 5 -1 5 6 -1
884 6 14 -1
31666 0 -1 1 -1 3 -1 6 10 11 -1 3 9 -1 0 -1 0 1 2 7 -1 0 1 -1
17971 0 1 -1 0 1 -1 1 1 7 7 -1 0 0 3 11 -1
8182 0 7 -1
19158 0 6 -1
13351 0 9 -1 0 -1
13585 0 -1 10 -1 0 10 -1 0 0 5 -1 3 -1 0 -1 3 -1 0 11 -1 0 -1 3 -1 0 -1 0 3 3 -1
4439 0 -1 13 -1 0 -1 0 5 13 -1 0 3 -1
13185 1 7 -1 2 7 7 -1 13 -1
23063 7 -1 1 1 6 -1
14268 0 -1
26629 0 -1 0 10 -1 0 10 -1
22504 0 2 14 -1 0 9 -1 0 9 -1 0 -1 0 9 9 -1
10206 3 8 -1 8 -1 1 8 -1 1 6 -1 1 1 1 2 6 -1
544 1 -1
17046 0 1 -1 0 1 5 9 -1
2538 0 -1 7 -1 6 -1 0 1 3 4 5 13 -1
447 4 8 -1 0 3 -1 0 -1 3 -1 2 -1 8 -1 1 -1
22021 1 4 -1 9 -1 13 -1 9 10 -1 3 -1 4 -1 0 4 13 -1 1 1 11 -1
2263 0 14 -1 0 1 10 13 -1 0 -1
28923 14 -1
5550 0 0 0 0 1 1 1 2 2 4 10 -1
21380 0 0 0 11 11 11 -1 0 11 -1 0 -1 11 -1
12991 8 -1
3686 0 3 -1 0 -1 3 -1 0 -1 11 -1 0 -1
30656 0 0 0 6 6 6 -1 0 0 6 6 -1 0 -1 6 -1
22697 0 -1 0 1 -1 0 2 2 -1
10841 0 1 -1 13 -1 0 1 1 5 -1 3 -1
19451 0 10 -1 0 0 3 -1 0 3 -1
28807 0 1 6 10 16 -1 0 0 1 2 13 -1 10 -1 0 -1
22588 5 -1 1 -1 1 2 5 -1 2 10 -1
21450 4 -1 0 3 -1
17303 5 9 -1 14 -1
31445 0 -1 10 -1 0 1 -1 1 9 -1 0 10 -1 1 3 -1 0 -1
9940 0 5 -1 0 -1 0 6 -1 6 -1 0 0 6 -1 6 -1 0 6 -1
14326 0 -1 5 -1 0 1 -1 9 -1
23150 0 6 -1 0 6 -1 0 -1 0 1 6 -1 0 -1
21346 0 1 1 11 13 -1
23828 0 8 -1
29904 0 1 -1 0 1 3 10 -1
5924 0 11 -1 0 7 -1 0 13 -1 0 0 13 -1
14474 0 0 0 1 13 -1 0 0 1 1 -1
28124 0 2 -1
22391 0 6 -1
11302 0 -1 11 -1 0 0 11 -1 11 -1 0 -1 11 -1
30133 0 0 5 5 -1 0 -1
6769 0 1 -1 0 1 6 6 16 -1 0 1 9 -1
22795 7 -1 1 1 3 3 3 6 10 14 16 -1
11316 0 8 -1 5 9 -1 2 -1 5 -1 6 8 8 10 -1 0 -1 5 -1
3366 0 -1 11 -1 0 -1
29883 14 -1 1 -1
28480 0 -1
16810 0 0 16 -1 0 0 3 10 16 -1 6 -1 3 -1 3 3 3 6 6 6 -1
11209 6 11 -1 3 -1 3 6 11 -1 6 -1 3 6 11 -1
16232 1 -1
12247 0 0 13 -1 0 13 -1 0 13 -1
6129 0 -1 0 16 -1
30363 8 11 -1 8 -1 5 -1 3 -1 8 8 11 11 12 12 -1 12 -1 8 -1 12 -1 7 -1
19440 0 11 11 -1 1 -1 6 11 13 14 -1 2 3 10 -1 5 9 -1
25079 5 -1
9190 11 -1 0 0 0 11 11 11 -1 0 6 -1 11 -1
15742 1 -1 0 1 9 -1 1 -1 1 14 -1 0 1 11 14 -1 1 -1 1 5 7 10 14 14 -1 2 -1 4 -1 6 9 -1
20930 0 -1 1 -1
3744 0 1 -1 0 3 -1 2 -1
6914 0 -1 6 -1 0 0 5 5 6 6 -1 5 6 6 -1 5 -1 0 -1 5 -1 0 -1
13329 0 -1 3 6 -1 6 -1 0 3 -1 6 -1 3 -1
23209 2 -1 0 -1 11 -1 0 1 -1 1 5 -1 1 -1 11 -1
30246 5 6 -1
2200 0 -1 0 1 1 6 6 -1
6090 0 3 -1 11 -1
18754 7 -1 0 0 1 1 1 1 14 -1
29446 0 -1 0 1 -1 0 0 9 10 11 -1 1 -1 0 -1 1 -1
15469 2 -1
19940 1 1 1 1 2 10 14 14 14 14 -1
8701 0 3 5 -1 0 -1 9 -1 0 -1 0 1 9 -1 0 -1
28973 0 1 -1 1 6 9 -1
10364 3 -1 0 6 -1 3 -1 3 6 -1 3 6 -1 3 6 6 -1 3 -1
3413 0 11 -1 0 -1 11 -1
27931 0 2 -1 0 -1
19346 0 3 -1
18304 0 -1 0 0 1 2 2 13 -1
2481 1 -1 6 -1
2866 9 -1 0 -1 9 -1 0 0 0 1 1 9 -1
13985 8 -1 1 7 -1 11 -1 1 -1 8 -1 1 11 -1 1 11 -1
3683 6 -1 3 3 3 6 6 -1
18480 0 5 -1 6 -1
17711 1 -1 11 -1 1 6 7 10 -1 11 -1 2 -1 11 -1
18611 0 0 0 5 5 9 -1 0 -1 0 1 3 -1 6 -1
21322 0 -1
19739 7 -1 4 7 7 9 -1 9 -1
11237 0 13 -1
10727 8 11 -1
20112 0 -1 1 -1 0 1 -1 0 -1 6 -1 3 3 6 -1 6 9 -1 3 6 -1 6 -1 3 -1
21959 0 6 -1 1 3 3 3 6 -1
20079 3 3 6 11 -1
3331 0 11 -1
2295 5 -1
21557 12 -1 0 -1 0 12 -1 12 -1 0 -1
21827 6 -1 5 -1 5 6 -1 0 -1 10 -1 0 -1 0 3 3 6 -1 0 -1 16 -1 0 0 1 6 6 -1 1 -1 0 -1 3 -1 0 -1 13 -1
10741 2 -1 6 14 -1 5 14 -1
22977 2 -1 8 12 -1 6 8 -1 12 -1
29794 8 11 11 -1 8 -1 8 8 11 11 -1
27533 0 4 6 11 -1
1556 5 6 -1 1 14 -1 4 5 -1 5 -1
5805 0 2 -1
31468 8 -1 2 8 -1 0 9 10 14 -1 4 -1 0 8 -1
11867 0 11 -1 0 3 -1 0 11 -1
31126 0 0 1 10 -1 0 -1 1 -1 0 -1 0 1 2 -1 0 -1 0 0 9 16 -1 2 -1 0 3 -1 3 -1 0 -1 0 1 4 -1 0 0 11 -1 10 -1
23126 0 1 -1 0 1 -1
28707 0 -1 1 -1
773 0 5 -1 6 -1
25364 0 11 -1 0 10 -1
17619 5 5 6 6 14 -1 14 -1 5 6 -1 5 -1 6 -1
11276 0 -1 0 11 -1 0 11 -1 11 -1 0 -1
31211 7 -1 3 -1 1 7 -1 1 9 -1
6824 8 -1 12 -1 7 -1 10 -1 1 -1 9 -1 6 8 12 -1 8 -1 0 -1 1 7 11 -1 3 -1
4564 0 -1
18878 9 -1
23057 0 -1
27790 0 3 -1 0 0 10 11 -1 0 1 -1 0 -1
24082 0 6 -1 0 3 6 -1 3 -1 7 -1
720 0 3 -1 0 -1 5 -1 1 -1 5 11 -1 9 13 -1 6 -1 2 3 4 -1 1 5 7 10 -1 1 11 -1 14 -1 2 9 11 -1 16 -1 10 -1 0 1 1 13 -1 9 -1 2 11 -1 5 -1 4 -1 7 -1 1 4 10 -1 1 14 -1
30852 0 0 2 11 -1 0 2 -1 0 0 11 -1 4 -1
7272 0 5 -1 0 5 -1 0 -1 0 1 5 -1 0 1 -1
30624 0 1 -1 6 -1
31309 0 -1
28699 5 -1
22485 6 8 -1 3 6 -1 3 -1
20095 0 2 -1 0 0 3 -1
23416 8 -1 7 -1 8 -1 0 0 6 13 -1 0 -1 1 -1 3 -1 1 1 3 -1
30662 0 -1 0 2 -1 2 3 -1 11 -1
23762 0 -1 1 11 -1 13 -1 11 -1 1 -1 0 -1
10297 0 5 6 9 14 -1 6 -1 5 -1 6 -1
357 14 -1
22424 0 1 -1 0 0 1 -1 1 -1 0 0 0 1 1 1 -1 0 -1 1 -1 0 -1 2 -1 0 -1 16 -1 0 7 -1
23527 0 5 5 6 13 14 -1 3 -1 0 0 2 14 -1 1 -1 0 -1 2 -1 0 -1
29277 0 5 -1 0 1 -1
10714 0 5 -1
21221 6 -1 12 -1
7421 0 8 -1
30920 6 -1 0 6 -1 0 -1 11 -1 6 -1 1 6 -1 1 -1 0 6 -1
4677 0 -1
22256 1 -1 0 6 -1 3 6 -1 3 -1 0 0 1 3 -1
3974 7 -1 0 -1 0 7 -1
174 0 -1 2 -1
6555 0 0 0 5 5 10 -1 0 0 4 11 11 -1
12316 3 6 8 -1
16095 0 -1 0 3 4 -1 11 -1 0 -1 1 4 -1 0 -1
25859 0 9 -1 0 1 2 -1 6 -1
26053 13 14 -1
1164 5 -1 0 -1 3 -1 0 -1
24578 5 -1 5 6 6 -1 5 5 6 -1
5317 0 -1 2 -1 4 -1 2 14 -1 14 -1
23888 0 0 0 0 10 10 13 13 -1 0 -1 0 13 13 -1 0 -1 1 -1 0 3 -1 0 13 -1
15746 0 1 -1 0 1 -1
21474 3 4 6 6 7 -1 1 -1
17241 0 0 1 -1
14854 14 -1 4 14 -1 4 4 5 14 14 -1
14420 0 0 11 13 -1 0 0 2 -1 13 -1 0 -1 0 0 3 13 -1
12548 11 -1 0 -1 0 9 13 -1 0 1 11 -1
21951 0 13 -1 0 -1
11247 0 -1 1 9 -1 1 -1 5 -1 1 -1 0 4 13 -1
4977 8 -1
3266 0 -1 2 -1
5128 0 0 7 7 7 -1 0 -1 0 0 7 7 -1
25752 0 -1 13 -1 0 13 -1
12920 0 1 -1 1 -1 0 0 1 -1
9764 0 -1 5 -1 1 3 10 -1 2 6 -1
12934 2 13 -1
10773 0 13 -1
13048 0 -1 3 6 6 -1
10081 0 1 -1 0 -1
25261 0 0 5 -1 5 9 -1
24502 1 3 5 6 8 12 13 -1 8 -1 12 12 13 -1
3938 0 -1 0 2 -1
8275 6 9 -1
26073 0 1 -1 11 -1 7 -1 0 11 -1 3 6 13 14 -1 10 -1 2 4 9 -1 5 -1 1 -1 0 1 1 14 -1 1 11 -1 0 -1 7 13 14 -1 1 2 -1 0 13 14 14 -1 2 6 10 -1 4 9 -1 5 -1 0 1 4 -1
19320 0 1 -1
15846 0 -1 1 -1 0 3 -1 1 -1
17587 0 1 1 -1 4 7 -1 1 5 -1 2 6 9 10 13 -1
20351 2 -1 5 14 -1 14 -1
8343 1 5 -1 14 -1
6513 3 6 -1
31277 14 -1 13 14 -1 9 -1
18662 12 12 13 -1 12 13 13 -1 12 -1 13 -1 12 -1 12 13 -1
30505 8 -1 3 6 -1 3 12 13 -1 8 -1 12 -1
4435 6 -1
16446 0 -1
15594 0 -1 3 6 10 -1 3 -1 6 -1 0 -1 1 6 -1 0 3 -1
21965 0 6 -1
29199 13 -1
6768 0 13 13 -1
22767 8 -1 2 -1 7 -1 5 -1 6 -1 5 -1 6 -1 0 3 5 8 -1 2 4 9 11 -1 3 -1
11024 0 -1
3883 3 6 8 -1 3 3 3 8 10 11 -1
26182 5 14 -1 0 -1 3 -1 0 -1 0 13 -1
970 12 13 -1 6 -1 5 8 -1 6 10 -1 5 6 -1
13706 1 1 7 -1
10659 2 -1 0 4 8 -1 1 3 -1
29628 1 -1
26244 3 12 -1 0 -1 11 -1 9 -1 6 9 -1 1 9 -1
20358 5 6 -1
21661 0 6 8 -1 1 7 7 -1 1 -1 7 -1 1 1 6 7 -1
17048 0 -1 2 -1 0 10 -1
17994 3 6 12 12 13 -1 12 -1
7850 0 -1 0 11 -1
20307 0 1 -1 0 10 16 -1 0 10 -1
9599 0 -1 6 -1 0 0 5 6 -1 5 6 -1
12097 5 -1
20134 10 13 -1
15341 1 3 4 10 10 11 -1
23397 0 -1
8456 2 8 8 -1
12523 1 3 -1 0 -1 0 5 15 -1 0 3 13 15 -1 15 -1 3 15 -1
19692 1 5 -1 0 -1 5 -1 0 -1
15470 0 -1
21206 13 -1 0 2 -1 0 -1 2 -1 0 -1 0 2 -1
20665 0 3 -1 0 -1 3 -1 2 -1
25370 1 3 10 13 -1 3 6 -1
10947 0 -1 0 3 5 11 -1 3 5 -1 3 3 6 6 6 -1
8159 0 0 3 11 -1
30361 3 -1 1 7 11 -1 9 -1 1 3 -1
1424 0 -1
15570 5 -1 5 5 6 6 -1
14853 0 1 -1 0 0 0 3 10 -1 0 0 1 1 -1 1 -1
27198 1 3 6 -1 3 3 6 6 -1 1 -1 3 -1 6 -1 3 -1
21753 0 4 -1 9 -1
7730 0 -1 0 4 -1 0 0 10 11 -1 1 -1 0 -1
29144 0 0 5 9 9 -1 2 -1
2536 6 -1 0 0 0 11 11 -1
9450 0 0 0 1 1 5 -1 0 -1
2869 11 -1
5560 9 -1
18159 0 -1 1 11 -1 13 -1 3 3 6 6 -1 2 9 -1
25973 1 11 -1 6 -1 3 -1 1 3 3 6 11 -1
8390 0 1 -1
13971 8 -1 3 -1 1 5 5 9 11 13 -1 1 -1
9972 1 -1 1 4 14 -1 0 1 1 -1 4 -1 1 5 6 7 -1 2 9 10 13 -1 11 -1 1 14 -1
11777 0 5 -1 0 -1 0 5 5 6 -1 0 1 5 -1 6 -1 5 6 -1
2912 1 3 3 6 -1
4771 0 0 11 -1 5 -1 0 -1 0 5 5 -1
1269 0 9 -1 0 -1
14256 1 -1
14053 7 -1 6 9 -1
5860 0 3 6 -1 3 6 -1 3 6 6 -1
3764 1 -1
25254 0 1 -1
22203 5 5 9 14 -1 6 -1 5 -1
4282 0 0 6 -1
7105 5 -1 5 6 -1 6 -1
2503 0 11 -1 6 9 -1 9 -1 6 -1 9 -1
17825 0 2 16 -1 1 2 -1 0 2 5 -1
7188 0 11 -1 0 -1 1 -1 0 -1 1 -1
16427 11 -1 0 2 13 -1
15269 0 -1 9 -1 1 -1 0 5 -1 1 -1 6 -1 1 5 9 -1
1931 0 -1 10 -1 0 3 6 -1 3 6 -1 0 9 11 -1
9589 0 1 -1 0 0 2 2 -1 0 0 10 -1
621 6 9 9 -1 6 -1
9985 0 -1 1 -1 9 -1
2088 5 -1 6 -1 5 -1
12322 5 9 11 14 14 -1 11 -1 14 -1
18472 4 -1 0 -1
21049 0 0 4 5 5 5 10 10 10 -1
15964 0 -1 1 -1 0 1 -1 0 1 -1 0 -1 1 -1 0 -1 0 1 -1 1 -1 0 5 -1
27631 8 -1 6 -1
23869 3 6 -1
6849 7 -1 10 16 -1 4 5 -1
14380 12 12 13 -1 12 13 -1 12 13 -1 0 4 13 -1
23994 0 1 -1 0 0 0 1 1 -1
20241 0 1 -1
23434 0 -1 0 3 3 5 5 6 -1 0 14 -1
13762 11 -1 0 0 1 -1 0 0 6 6 15 -1
6380 3 -1
30825 12 13 -1 12 13 -1 8 -1
16624 5 -1 7 7 13 -1 13 -1 7 -1 1 2 3 3 11 -1
23729 0 0 6 16 -1
3254 0 6 -1 0 6 -1 0 0 0 6 6 6 -1 0 -1
28466 0 -1 6 -1 0 -1 6 -1
3924 4 8 -1 3 -1 8 -1 4 8 -1 4 -1
7968 0 -1 1 10 -1 0 16 -1 3 11 -1
30183 0 11 -1 0 -1 0 1 1 -1
19457 3 -1 0 13 -1 9 -1
1302 0 1 13 -1 0 0 0 1 1 -1
9641 0 -1
23957 0 11 -1 2 9 -1
10540 12 12 13 -1 3 8 -1 3 6 -1
18739 0 1 1 -1
28708 5 -1 9 14 14 -1
2854 6 -1 1 3 -1
21885 0 4 -1 1 -1 4 5 -1
5145 0 -1 6 -1 0 -1 3 14 -1 1 5 -1 0 -1
25324 4 -1 1 -1 0 -1 1 14 -1
661 1 1 9 -1
2260 0 -1 1 -1 0 1 3 5 6 7 7 -1 5 7 -1
7265 0 -1 1 -1 0 5 10 -1 0 -1 0 1 2 -1
30555 0 -1 1 3 5 -1 3 6 -1 6 -1
15494 3 -1 0 1 8 16 -1 1 13 -1 11 13 -1 2 -1
14013 0 -1 0 6 -1
16424 0 -1 11 -1 0 9 14 -1 1 3 6 11 13 -1 2 9 -1 10 -1 5 -1 4 -1 4 7 -1 0 1 1 1 5 14 -1 15 -1 5 -1
20882 0 -1 0 13 13 -1 0 13 -1 0 2 -1
26576 0 10 -1 0 -1 1 -1
26480 0 -1 0 3 9 11 -1 5 -1 3 5 9 -1
22851 3 -1
21782 0 0 1 -1
17864 12 -1 6 -1 12 -1 6 -1
7974 4 -1 0 -1
9643 8 -1 7 -1 8 -1
30601 3 -1
1066 3 6 -1 3 -1 6 -1
8842 0 -1 1 14 -1 1 -1
24139 1 7 -1
28132 0 -1 0 2 3 -1
20046 0 -1 5 -1 0 -1 1 5 9 -1
18982 0 1 -1 0 0 0 1 5 5 -1 6 -1 5 -1 0 -1 11 -1 0 -1
20157 3 6 -1
6506 8 -1 4 -1 7 -1 10 -1 5 7 -1 4 5 -1
11258 3 -1 10 -1 3 4 -1
25792 0 3 -1
13260 0 2 -1
26410 0 10 14 -1 9 14 -1 0 -1 0 4 -1 0 1 -1 11 -1 4 -1 7 -1 0 4 5 6 -1
25182 1 3 -1
10979 0 3 6 -1
24790 3 12 -1 0 2 8 -1 10 13 -1 1 3 -1 8 -1 3 -1 11 -1
8816 0 -1 3 -1 11 -1 6 -1 1 6 -1 1 3 -1 3 6 -1
30846 0 -1 5 -1 1 -1 1 5 5 -1
5685 0 -1 0 16 -1
19201 6 -1
30609 1 2 -1 0 1 14 14 -1 11 -1 2 14 -1 7 -1 2 4 5 10 -1 6 -1 9 -1
8228 1 -1 5 -1 0 1 5 11 -1 1 -1 3 -1 6 -1 2 11 -1 1 -1 5 -1 0 -1 1 -1 5 -1 1 7 -1 1 1 5 -1 3 3 6 6 -1 1 1 5 -1 7 -1 1 -1 5 -1
3927 0 -1 1 -1 0 16 -1 16 -1 0 3 -1 0 -1 1 -1 0 0 1 -1 1 -1 0 -1 1 -1 0 -1 1 -1 0 -1 0 13 -1
4186 1 3 5 6 -1 1 3 -1
8754 1 8 -1 5 -1 1 -1 1 3 9 -1
9968 1 -1 3 6 -1 6 -1 3 6 -1 0 2 3 -1 1 13 -1
19238 0 11 -1 0 -1 6 -1 0 6 -1 0 -1 6 -1 0 -1 1 -1 6 -1 0 0 6 -1 0 6 -1
3824 0 10 -1 0 5 -1 5 6 -1 2 -1 0 1 -1
25979 0 7 11 -1 7 8 -1 7 -1 1 7 -1 8 -1 7 7 12 -1 1 11 13 14 -1 3 6 -1 2 -1 9 -1 4 10 -1 5 7 -1 1 4 -1 0 1 -1 1 11 14 -1 13 -1 2 -1
13718 2 -1 1 13 -1 8 -1 0 -1 5 13 14 -1
17130 13 -1
9935 0 5 -1 4 -1 1 -1 5 -1 1 -1
6049 0 5 -1 0 -1 5 -1 3 6 -1 0 -1 5 -1 0 -1 0 5 -1
19831 4 4 8 -1 0 8 -1 0 4 4 8 -1
15897 12 -1 12 13 -1 13 -1 12 13 -1 12 13 -1 12 12 13 -1 13 -1 12 -1
22849 0 7 -1
6110 0 1 -1
228 0 0 2 10 13 -1 0 -1
4288 1 -1
23077 10 14 -1 2 4 14 -1
25858 0 -1 13 -1 0 -1
23403 8 -1 11 -1 1 2 2 11 -1
25764 3 7 -1
27220 0 0 13 13 -1 0 13 -1 0 -1 7 -1 0 7 -1 0 -1 7 -1
30567 0 12 13 -1
24532 0 -1
13363 0 -1 5 -1 0 4 5 -1 1 -1 5 -1 6 -1 3 -1 6 -1
1747 0 2 -1 0 3 -1 0 3 9 -1 0 -1 0 1 -1
5530 0 1 -1 0 0 3 3 -1
26278 0 -1
26110 13 -1
692 0 -1 11 -1 0 -1 11 -1 0 1 -1 16 -1
30369 11 -1
27297 4 -1 8 -1 4 8 12 -1
4858 8 -1 6 -1 3 8 -1 3 -1 6 -1 3 -1
10650 6 7 -1 3 -1 3 11 -1 7 13 -1
49 5 -1 5 5 6 14 14 -1 14 -1
7544 1 5 -1 9 -1 8 -1 6 8 -1
4503 8 -1 0 11 -1 0 -1 3 -1 0 0 1 -1
6968 0 1 -1 0 10 -1 0 -1 1 -1
13404 0 -1 0 6 -1 1 -1 0 -1 0 1 -1
26262 0 0 11 -1 6 -1 0 0 6 -1 6 -1 0 14 -1
26237 0 0 2 3 -1 0 3 -1 0 2 5 -1
4303 0 0 3 3 -1 0 0 3 -1 10 -1 0 -1 1 -1 0 0 3 -1
8837 0 9 -1 3 -1 5 6 -1
25651 0 -1
28318 0 -1 6 -1 0 0 2 13 -1 0 2 2 11 14 -1 11 -1 0 14 -1
13200 0 16 -1 0 1 -1
16892 0 10 13 16 -1 0 -1
3530 5 9 -1
8505 0 -1 0 1 -1 3 5 -1 3 5 9 -1
4935 1 6 -1 3 -1 6 -1
1127 0 -1 0 0 1 5 -1
6663 0 -1 1 10 11 -1
18249 0 1 11 -1 1 2 -1
4381 0 9 9 -1 0 0 1 -1
12539 3 5 -1 0 11 13 -1 13 -1
11262 0 13 -1 0 -1 3 -1 3 13 -1 0 -1 9 -1 0 -1 1 -1 0 -1
598 0 -1 0 1 -1 0 0 7 7 7 -1 0 -1 7 -1 0 1 -1 0 -1 0 0 1 1 7 -1 0 13 -1 0 0 13 -1 0 3 13 -1 0 6 -1 0 -1 0 0 6 13 13 -1 13 -1 0 13 -1 0 13 -1 0 13 -1 0 10 -1 0 0 1 9 -1 0 9 -1 0 -1 9 -1 0 9 -1 0 -1 0 14 -1 0 0 10 10 -1 0 0 10 10 10 -1 0 -1 0 5 5 -1 0 -1 0 2 -1 2 -1 0 0 9 -1 9 -1 0 -1 1 -1
16130 6 -1
29976 5 -1 14 -1 1 -1 7 -1 5 6 10 -1 5 5 5 6 6 -1
3614 0 -1 11 -1 0 1 -1 1 3 6 -1
6195 6 12 12 13 -1 13 -1 5 -1
18266 4 -1
27301 6 -1
8798 0 1 -1 9 -1 2 5 -1 0 4 11 -1 2 -1
9543 0 -1
15899 1 -1 0 -1 11 -1
10969 0 0 0 7 7 -1 7 -1
28981 0 9 -1 13 -1 0 0 1 -1 3 -1 0 -1
16703 0 -1 6 -1 0 -1 0 1 6 -1 1 -1 6 -1 0 0 6 -1 0 1 -1
27683 0 -1 10 -1
4002 1 1 5 -1 0 13 -1
3301 0 5 -1
12616 7 8 -1 4 10 13 -1
13825 2 8 -1
10043 14 -1
13799 0 7 7 -1 0 0 1 7 -1 0 0 0 0 1 1 1 -1
22724 7 -1 4 -1 1 2 -1 6 -1
14197 0 -1
3551 0 -1 0 0 3 6 -1
16616 0 -1 10 -1 0 1 -1
20536 3 6 -1
14032 0 0 7 7 -1
22946 1 -1 11 -1
3772 0 -1
28192 0 -1 9 -1 0 9 -1 0 -1 0 2 -1 9 -1 0 0 0 1 9 -1 1 -1
15808 12 -1 6 8 -1
3949 1 5 -1
28961 11 -1 3 13 -1 6 -1 9 -1 2 5 10 -1 4 7 -1 1 1 4 14 -1 1 -1 0 1 -1 5 15 -1 5 -1 15 -1
26433 9 -1 5 -1
30179 3 3 6 -1 3 6 -1 6 -1 3 -1 3 6 -1 3 6 -1 3 6 -1 6 -1 3 3 3 6 6 -1 6 -1 3 -1 3 6 -1 6 -1
1690 8 -1
27241 13 -1 5 5 13 14 -1
10069 1 7 -1 7 -1
26658 6 13 -1 13 14 -1
30990 0 -1 5 5 6 6 -1
15465 12 -1 6 -1 3 6 12 -1 1 -1
22497 0 0 1 -1 2 -1 11 -1 13 -1 0 12 -1 13 -1
9020 0 1 -1
4919 5 5 6 6 10 -1 0 13 -1
18283 0 -1 13 -1 0 -1
8358 0 1 1 3 6 -1
28794 7 -1 0 7 -1 0 -1 7 -1 0 -1 7 -1 0 7 -1 0 -1 7 -1 0 0 7 7 -1 0 0 7 -1 7 -1 0 -1 0 0 0 7 7 7 7 -1 0 -1 0 0 7 7 -1 7 -1 0 -1 7 -1 0 7 -1 0 0 7 -1 0 7 -1 7 -1 0 -1 0 7 7 -1 0 0 7 -1 7 -1 0 7 -1 0 -1 7 -1
20771 0 2 -1 11 -1 0 -1
20072 0 11 -1 0 -1 16 -1 0 -1 0 10 -1
18581 3 -1 9 -1 2 -1 3 -1 6 -1 3 -1 13 -1
8596 0 11 -1
28667 0 0 3 6 -1 0 2 -1 0 3 -1 0 -1
23025 0 0 1 11 -1 0 -1 0 1 1 -1 0 -1 0 11 11 -1 0 -1 6 -1 3 -1
12553 0 0 2 10 11 -1
9847 3 6 -1
24379 0 4 -1
30044 8 -1
9613 7 -1 7 12 -1 12 13 -1
5022 14 -1 0 -1
3244 0 6 -1 0 3 -1
31219 0 12 12 -1 0 -1 1 -1 13 -1 0 1 -1 12 -1
26338 11 -1 0 -1 11 -1 7 11 -1 0 -1 0 11 -1 11 -1
28891 0 0 0 1 1 6 -1
20141 8 12 13 -1 7 -1 2 -1 1 10 -1
24037 0 9 -1 0 9 11 11 -1 1 14 -1
5344 2 11 -1
15958 0 -1
14150 0 0 1 6 -1 0 6 -1 0 -1
30868 0 -1 10 -1 0 -1 11 -1 0 -1 9 -1
12835 6 12 12 -1 0 13 -1
28252 11 11 13 -1 1 11 13 -1
20341 0 0 11 -1 2 -1 0 0 1 4 -1 1 14 -1 0 -1
27610 0 0 2 2 11 -1 0 1 -1
917 0 1 -1 0 3 11 16 -1 0 0 10 13 -1 6 -1
2384 0 -1 0 13 -1 13 -1 0 -1 13 -1 0 13 -1 0 13 -1
19715 0 -1 5 -1
8123 5 6 -1 5 6 -1 5 -1 14 -1
7199 0 -1 0 1 10 10 10 16 -1 3 10 -1 0 10 -1
22657 1 2 6 7 8 8 8 -1 8 -1 4 -1
10929 0 2 -1
5610 0 10 -1 0 0 1 -1 0 1 -1
15997 3 5 6 9 9 -1
24637 0 2 10 -1
31722 3 13 -1 3 -1
12953 3 -1 0 10 10 -1 3 -1
14595 0 0 9 10 -1
16785 0 -1 1 3 -1
26269 0 -1 9 -1 0 9 -1 0 9 -1 0 -1
21095 1 3 -1
23090 11 -1 1 3 -1 1 10 -1 6 -1 3 -1 8 -1
26191 11 -1 8 9 -1 9 -1 2 8 9 -1 3 8 -1 2 -1 8 -1
27551 2 8 8 12 -1
60 0 13 -1
21094 6 -1 8 -1
1264 2 -1 0 -1 10 -1 0 10 -1 0 -1
10099 0 5 -1 7 -1 9 -1 10 -1
11293 0 -1 9 -1 5 -1
4263 1 -1
30232 8 -1 6 -1 8 -1 6 -1 1 -1
4654 0 7 11 -1 13 -1
29596 0 8 -1 8 -1
2084 0 -1 0 10 -1 1 -1 0 -1
14131 12 -1 0 0 6 -1 6 -1 0 0 6 -1 13 -1
26898 5 7 -1 0 6 -1
5635 1 1 4 8 12 -1
4653 5 -1 6 -1
30702 3 6 -1
22834 7 -1 3 4 5 14 -1 1 1 7 7 -1 5 5 6 7 8 14 -1 5 6 6 6 8 14 -1
10792 1 -1 3 3 6 -1 1 4 5 5 14 -1 9 -1 1 -1
21896 6 9 9 -1 6 9 -1 1 -1 1 5 -1 9 -1 3 6 -1 3 7 9 -1
7053 1 10 -1 5 6 -1 5 -1 6 -1
12997 0 -1
23292 6 -1 3 -1
24193 0 0 10 -1 0 0 1 6 13 -1 0 1 -1 0 -1 1 -1 0 -1
22408 0 -1 0 1 3 -1 0 0 1 1 -1 0 -1
15888 0 14 -1 0 14 -1 9 -1 0 -1 14 -1 0 -1
11881 1 -1 14 -1 4 -1 2 14 -1 9 -1 1 -1
19974 0 6 6 6 8 8 8 -1
461 8 11 -1 3 8 -1 8 -1 4 -1 0 8 -1 0 1 -1 8 -1 4 -1 8 -1 0 4 8 -1 6 -1 0 6 -1 0 8 -1
27029 0 -1 0 9 11 -1 0 -1 5 -1 0 -1 0 5 5 -1 0 -1 0 1 5 -1 0 0 10 -1 0 1 3 -1
3146 6 8 -1 3 6 8 -1 1 3 6 -1
17788 11 -1 1 3 5 11 -1 11 -1 14 -1
23094 0 -1 6 -1
30238 5 -1 6 -1
26093 0 0 1 1 2 9 -1 0 -1 16 -1 0 0 2 -1
23776 0 -1 0 3 4 10 13 -1 10 -1 0 -1 0 0 6 6 -1 10 13 -1 6 13 -1
30689 3 5 6 -1
24062 0 1 -1 0 -1 0 1 -1
14852 0 13 -1
17584 6 -1 3 7 7 13 -1
10282 0 -1 0 6 -1 6 -1 0 1 5 6 -1
9569 3 6 -1
26293 5 5 6 14 -1 10 -1 14 -1 5 -1 14 -1 9 -1 14 -1 9 -1 14 -1 2 2 14 -1 14 -1
10639 0 0 0 13 13 -1
16471 0 -1 10 -1 16 -1
4506 2 -1 0 0 1 2 -1 3 -1 1 -1
23321 5 6 8 8 11 -1
9517 0 1 2 -1 1 -1 0 0 0 5 10 -1 2 -1
13100 1 9 -1 1 9 -1 1 1 5 -1 5 -1
3816 9 -1
28838 0 0 1 1 1 11 11 -1
27564 0 0 1 1 4 -1 0 -1 1 -1 0 0 1 1 6 -1 0 1 2 6 -1 5 -1 0 1 -1
1958 0 7 -1
1614 0 0 0 10 16 -1 0 1 -1 1 -1 0 -1
28962 0 13 -1 0 11 -1 0 11 -1 0 9 -1
21865 0 0 11 -1 1 -1 1 10 10 16 -1
30500 0 0 6 10 -1 0 1 -1
12037 0 -1 0 16 -1 0 9 -1
6284 1 3 -1 2 -1 3 -1 2 -1
23928 0 11 -1 0 -1 10 -1
8836 0 13 -1 0 -1 0 0 1 1 -1
7677 11 -1 0 -1 6 -1
12809 3 7 -1 8 -1
14212 6 -1 5 -1
6066 5 -1 6 -1 5 -1 6 12 13 -1 6 -1 3 3 6 -1 1 6 -1 2 -1 1 -1
7145 0 5 6 7 8 8 -1
31173 0 -1
20400 0 0 2 -1 0 3 10 -1 5 -1
20060 8 -1 0 8 -1 0 6 -1 3 8 -1 0 -1
19866 0 5 -1 0 3 6 6 -1 1 5 -1 0 5 14 14 -1
19740 0 3 3 -1 0 0 10 -1
3165 0 -1 1 -1 0 -1
31298 0 0 0 0 1 1 3 6 16 -1
31004 0 -1 0 9 -1 0 3 -1
13008 1 5 -1 1 14 -1 14 -1 1 14 -1 0 1 1 4 -1
28291 3 -1 3 6 -1 6 -1 3 3 3 3 3 6 6 6 6 6 -1 3 -1 0 -1 16 -1 3 -1 6 -1 3 6 -1 3 6 -1 3 3 6 -1
11633 0 3 -1 1 11 -1 1 3 11 -1 3 -1 11 -1 1 -1 1 3 11 -1 3 7 -1 1 -1 0 -1 1 3 11 -1 1 9 14 -1 6 11 -1 0 1 9 11 -1 7 -1 3 -1 0 -1 0 3 7 11 -1 0 -1
7103 0 13 -1 2 -1 1 -1 0 -1 2 -1 0 -1
8440 6 9 -1
2333 0 1 7 -1 10 16 -1
27888 0 0 6 6 8 -1 0 6 8 -1 6 -1
30259 3 -1
10737 0 6 -1 3 -1 0 -1 3 -1 6 -1 0 0 5 13 -1 0 1 -1
12132 0 -1
25189 0 1 -1 2 -1 1 -1 1 2 9 -1 6 -1 0 -1 1 -1
11469 5 5 6 -1 14 -1 5 14 -1
21348 0 -1 0 0 6 6 -1 0 6 -1 0 3 -1 0 6 -1 6 -1 0 -1 0 0 6 6 6 -1
20674 0 0 11 13 -1 0 0 7 10 -1
23926 0 0 0 1 9 -1 1 -1 0 0 1 1 -1 0 16 -1 0 -1 0 2 9 -1 0 -1 2 -1 0 -1 0 2 -1 2 -1 0 2 -1 0 -1 0 1 1 -1 0 0 1 1 -1 0 1 -1 0 0 1 -1 1 -1 0 1 -1 0 -1
25519 0 1 -1 0 3 9 11 -1 9 -1
23021 14 -1 1 -1 14 16 -1 11 14 -1
12575 15 -1
30490 0 -1 0 0 1 1 14 -1
13174 0 -1 0 10 -1 1 -1
12071 0 1 4 14 -1
14337 0 -1 0 10 -1
5321 4 -1 1 -1 0 -1 14 -1 1 -1 11 13 -1 3 -1
20851 0 5 -1 1 -1
3834 13 -1
9142 2 -1 6 11 13 -1
19797 11 14 -1 1 -1 1 3 9 14 -1
9534 0 9 -1 0 9 -1 0 -1 4 -1 7 -1 1 -1
11149 0 1 -1 9 -1
28558 0 0 5 6 -1 9 -1 0 1 -1 0 2 -1 2 -1
29155 0 11 -1 11 -1 0 -1 0 2 11 -1 11 -1 0 -1
28636 0 11 -1 0 2 9 -1 0 0 2 -1 2 -1
31708 0 -1
19912 0 -1 0 1 11 -1
29513 0 -1 0 0 13 13 -1 13 -1
23288 5 -1
13217 13 -1
13485 0 8 -1 5 -1
7232 5 14 -1 5 -1
22351 7 -1
29255 4 -1 3 6 -1 3 6 -1 3 3 6 6 -1 6 -1 3 -1 3 6 -1
30123 10 -1 0 1 10 -1 0 5 -1 5 -1
24866 1 1 3 11 -1
30897 2 14 14 -1 9 13 -1 10 -1 16 -1
24335 8 -1 6 -1 8 -1 4 -1 8 -1 2 -1 1 8 8 -1
4305 0 6 12 -1
25609 0 -1 1 -1 0 -1 0 9 11 -1 0 -1 0 5 6 -1
12203 0 -1 6 -1
2317 0 -1 0 1 3 5 -1 0 11 -1
20442 0 -1
25269 0 -1 4 -1 0 0 1 5 -1 0 3 6 -1 1 3 -1
667 3 6 -1 3 6 -1 1 6 -1 1 3 3 -1
21599 0 11 -1 1 2 10 13 13 -1 0 0 4 5 9 13 -1
30539 8 -1 6 -1 6 8 -1
16738 0 0 6 13 -1
26164 0 -1 0 0 0 0 2 9 11 13 13 13 13 13 -1
18437 5 11 12 -1 8 12 -1 4 -1
24056 0 3 -1 0 1 -1 0 3 -1
4775 0 -1
29650 12 -1 6 8 12 -1 12 -1 13 -1 12 -1 13 -1 12 -1 13 -1 0 12 13 -1 0 13 -1
29290 0 0 9 10 16 -1
14219 0 10 -1 0 0 3 -1 0 16 -1 11 -1
6732 5 -1 0 -1
4679 0 10 -1 0 -1
16542 12 12 13 -1 13 -1
17677 0 1 -1 0 -1 6 -1 0 -1 1 11 -1
25539 0 -1
27139 6 -1 1 -1
30493 0 4 -1 4 5 5 14 -1
9893 0 0 1 14 -1
20390 6 8 -1 8 -1 0 5 -1 5 6 -1 1 6 13 -1 13 -1
19729 0 0 0 1 16 -1 0 0 0 1 1 10 -1
320 1 5 9 -1 1 -1 0 3 5 9 -1 1 9 -1 1 -1 5 6 -1 9 -1 1 6 -1
11929 0 0 1 10 -1 0 6 -1
24994 8 -1
16504 0 -1 2 -1 5 10 -1 0 5 6 -1
25396 10 13 16 -1 0 0 1 11 -1
8462 0 10 -1 0 0 1 -1
28317 7 -1 3 -1 6 12 -1 7 12 12 13 -1
29616 0 5 5 6 -1 5 -1 1 6 -1 5 -1
11837 0 5 6 -1
31408 0 0 13 -1 0 10 13 -1 0 13 -1
7483 1 -1 8 9 -1 1 2 3 -1 3 -1
17892 0 2 11 -1 6 -1 3 3 6 -1
2417 0 0 0 1 1 11 11 -1
9881 0 0 2 2 -1 0 10 16 -1 10 -1
18867 3 8 -1 3 12 -1 3 -1
31337 0 3 5 6 -1
9544 0 6 -1 6 -1 0 6 -1 0 0 11 -1
9027 0 0 0 4 4 10 -1 0 1 3 -1 0 4 4 -1
12806 6 12 -1
19446 7 -1 1 -1 7 11 -1 7 -1
27235 14 -1 5 -1 14 -1 5 6 -1
23005 0 3 6 -1 0 -1 11 -1 5 7 11 -1 0 13 -1 0 5 -1
18832 0 -1 0 11 13 -1 0 -1 5 10 -1 5 -1 1 -1 0 5 -1
3553 0 -1 11 -1 7 -1 1 -1 7 -1 1 1 2 6 -1 6 -1
12530 0 13 -1
7169 2 -1
18149 0 -1 11 -1 0 1 -1 2 -1 16 -1
22377 0 0 6 8 -1
30660 5 -1 0 3 6 8 -1 0 3 -1 0 -1 6 8 -1 8 -1
14621 0 5 8 -1 0 -1
5383 0 0 10 -1 4 -1 0 4 -1 0 -1
24588 0 9 -1 1 6 -1
15467 0 -1 9 -1 0 -1
10898 0 11 -1 0 -1
28173 0 -1
19307 0 0 3 10 -1 0 -1 11 -1 0 -1
13510 0 1 -1 0 1 -1 0 1 -1 0 -1
7805 0 -1 6 -1
17730 3 3 6 -1 6 -1
3194 11 -1 6 -1 7 -1
14276 13 -1
28120 0 10 11 -1 0 -1 3 -1 0 -1
15178 0 0 1 -1
25878 5 5 9 9 -1
7285 0 1 2 -1 5 9 -1 6 -1 0 -1 2 -1 9 -1 0 -1 1 -1 0 2 -1
12384 0 -1 0 0 0 0 6 6 11 13 -1
22928 1 11 13 -1 9 -1
17478 1 2 -1
19006 0 -1 6 -1 1 5 -1 3 6 -1 0 5 -1 0 7 -1 0 0 0 7 13 14 -1
14164 0 0 1 1 -1 0 0 1 1 -1 10 -1 5 -1
19885 3 -1
2222 12 13 -1 12 13 -1 9 12 -1
17347 3 -1
23891 2 13 -1 10 -1 5 -1 1 2 3 4 6 13 -1 6 13 -1 11 -1 13 -1
15361 8 -1 6 -1 8 -1 6 -1 0 -1 3 6 -1
1508 0 -1 11 -1 0 -1 5 -1 0 1 -1 0 11 11 -1
21954 0 -1 0 0 3 3 -1 0 0 10 11 -1
30721 7 10 -1
22017 0 0 10 16 -1
15656 0 3 -1 0 -1 3 -1 0 -1
12533 1 -1 5 -1 1 5 14 -1
11723 0 1 11 -1 2 -1
2464 13 -1 9 -1 11 -1
2674 0 0 1 -1 0 1 3 5 -1 0 -1
9126 0 -1 0 1 9 -1 6 -1 1 9 -1 1 -1
23311 2 -1 0 -1 2 -1 0 -1 0 0 10 14 -1 2 14 -1
20596 14 -1 10 -1 14 -1 1 3 4 -1 1 3 5 14 14 -1 14 -1
6737 0 -1 0 10 14 -1 2 -1 14 -1 0 1 -1 14 -1
24899 0 -1 1 5 -1 0 1 -1 6 -1 0 1 -1 10 11 -1
2134 0 13 -1 0 -1 0 3 11 -1 0 0 11 -1 0 11 -1
19814 0 9 -1 0 1 10 -1 0 -1
24422 0 5 5 10 -1 5 10 -1
7088 5 5 6 6 -1
13486 1 1 2 5 8 10 12 -1
2258 0 1 -1 11 -1
23722 12 12 13 13 -1
23816 1 -1
23590 0 9 -1 1 -1 0 2 -1 2 -1 0 0 11 -1
23505 3 5 8 8 -1 0 3 3 8 8 8 -1
26348 5 6 -1 5 6 -1 14 -1 5 14 -1 5 -1
20031 13 -1 10 -1 5 6 -1 5 5 6 -1 11 -1
1900 11 -1 0 0 6 -1 3 -1 9 -1 3 -1
3885 0 1 -1 0 -1
7465 0 9 9 10 13 -1
2289 0 0 1 -1 0 1 10 -1 1 -1 0 2 -1 0 -1
18712 0 0 3 3 -1
21350 0 -1 1 -1 0 -1
7495 12 -1
8367 8 -1 3 8 -1
31232 1 2 -1 0 14 -1 1 2 -1 1 -1 14 -1 2 13 -1 1 -1
14039 0 0 4 -1
12671 11 -1 0 -1 1 2 -1 0 1 -1 0 -1
19141 10 14 -1 14 -1 3 -1
10153 0 5 5 -1 0 -1
13631 0 11 -1
28745 8 -1 3 6 -1 1 -1 3 -1 1 -1 3 8 -1 3 8 -1 6 -1
16717 0 0 13 -1 0 1 -1 1 -1 0 2 -1
29214 0 -1 0 13 -1 13 -1 0 3 6 -1 0 6 -1 0 3 3 5 -1 0 11 -1
1983 0 -1
8679 6 -1 13 -1
23978 0 -1 16 -1 0 10 -1
417 0 11 -1
3143 0 0 13 -1 0 1 -1 1 11 -1
7073 0 0 10 -1 0 1 -1 1 -1 13 -1 0 13 -1 0 13 -1 0 13 -1
29220 5 -1 6 12 -1 6 12 -1 8 12 12 13 -1
7799 0 11 -1 0 2 3 6 -1 2 -1 11 -1 0 -1 0 11 -1
14145 0 0 2 13 -1 0 -1 13 -1 0 -1
7688 6 13 -1 0 -1 3 6 -1 3 -1 3 13 -1 6 -1 3 -1 6 -1 3 6 -1 3 -1 3 6 6 -1 3 6 -1 3 -1
31344 0 3 10 10 -1
10086 12 -1 0 6 -1 0 0 12 12 -1 6 -1 0 -1 0 0 0 3 6 8 -1 8 -1 0 -1 8 -1 7 -1 0 -1
2894 0 2 -1 0 10 -1 0 -1 0 9 -1 1 -1
14314 3 6 -1
23473 0 11 -1 1 5 -1 5 9 -1 5 10 -1
20625 0 3 -1 0 1 1 2 3 6 6 10 -1 1 2 -1
30064 5 -1 5 6 6 -1 1 -1
5083 0 16 -1
14988 0 0 0 1 1 2 11 13 13 -1 1 -1 0 0 6 -1 13 -1
10927 12 -1 0 12 -1 0 12 -1 0 0 12 12 -1
14068 0 0 9 -1 16 -1 0 -1
4600 1 3 6 11 -1
19293 2 -1
143 4 8 -1 0 -1 5 6 -1 5 6 -1 3 5 8 -1 8 -1
8669 0 13 -1
31295 0 1 -1
19249 0 -1 0 6 14 -1 0 -1 0 10 -1 10 -1 0 4 5 -1 5 -1 10 -1 0 3 3 5 5 6 11 -1 3 6 -1
17053 0 0 11 -1 1 11 -1 0 -1 0 0 0 3 3 5 11 -1 0 -1 5 -1
24846 0 0 2 -1 0 1 2 -1 0 5 9 -1
19200 3 8 -1 6 -1 3 8 -1 3 3 8 -1 7 -1 5 -1
31244 0 0 13 -1
20554 2 -1 1 -1 11 -1
27058 8 -1 5 -1 1 -1 0 3 6 6 8 -1 6 -1 3 -1
14258 2 4 5 -1
23643 1 3 -1 5 -1
10391 5 6 -1 14 -1 0 1 -1 0 -1 7 -1
7654 0 1 3 -1 1 1 2 10 -1 0 -1
18764 0 13 -1 0 0 1 -1 0 11 -1
17842 5 -1 11 -1 1 -1 9 -1 0 8 -1 1 3 8 9 9 -1 2 -1 3 -1 5 -1 6 -1 7 -1 1 7 -1
22725 0 5 -1 0 -1 6 -1 0 3 5 -1
7019 8 -1 8 8 9 11 -1 9 -1 8 -1 3 -1 2 8 8 -1 5 -1 3 -1 8 -1 3 -1
28150 5 6 -1 14 -1 5 -1
22912 0 -1 10 -1 0 13 -1 0 13 -1 0 2 -1 0 -1
7709 8 11 -1 1 -1 5 7 -1 1 -1
30337 0 1 -1
3256 0 -1
23632 0 11 -1 1 -1
2024 3 -1 6 -1
4980 3 6 -1
8845 0 -1 1 -1
1921 0 0 1 1 3 -1 0 0 3 11 -1
4008 0 1 -1 0 1 -1 0 0 4 9 -1 0 -1
18990 3 8 -1 6 -1 3 -1 6 -1 3 -1 3 3 6 6 -1
11082 0 -1
27571 1 -1
22314 0 -1 0 0 1 1 -1 0 0 1 1 -1
28852 9 -1 0 -1
6076 11 -1 0 6 -1 11 -1
29569 12 -1 0 6 6 12 -1 9 -1 0 -1 3 12 -1
28176 0 -1 13 -1 0 3 -1
2095 0 10 11 -1 0 0 3 10 11 -1
2575 9 -1
21912 0 0 13 13 -1
2765 1 9 -1 2 6 9 10 -1
4237 0 0 1 9 -1 0 0 0 1 11 11 -1 0 -1
24119 0 2 -1 3 4 -1
14248 3 3 6 6 -1 3 -1 3 6 -1
7392 0 -1 1 6 -1 0 0 1 6 -1 13 -1 0 13 -1
22540 8 -1 3 3 6 6 8 -1 3 6 -1
3990 0 -1 5 9 14 -1
26752 1 4 7 -1
18235 0 -1 0 13 -1 4 -1
21686 0 1 1 3 -1 0 -1
5189 0 -1
20138 0 3 6 8 -1 0 3 -1 0 -1
14836 0 2 -1 2 14 -1 5 -1 13 14 -1 0 -1 14 -1 0 2 -1 0 -1
12720 0 8 11 -1 0 1 2 2 3 14 -1 2 8 -1
31296 3 -1
18410 0 9 11 -1 0 0 9 -1 0 1 9 -1 0 11 -1 0 7 11 11 -1
2627 3 7 -1 0 3 3 7 -1 13 -1 0 -1 3 -1
19331 0 -1
28959 0 0 0 1 1 11 -1 0 -1
30269 8 -1 2 2 11 -1 8 -1
8018 5 14 -1 5 14 -1
301 3 6 -1 3 6 -1
12915 0 3 -1
2144 0 1 1 5 10 13 -1 0 -1 5 -1
23896 0 1 -1 1 9 -1 0 1 -1 0 -1 0 1 13 13 -1 9 -1 0 0 0 1 4 9 13 -1
13589 0 -1 11 -1 10 11 13 -1
16364 1 11 11 14 -1 1 -1 1 11 -1 11 -1 1 1 11 -1 1 11 11 -1 4 11 -1 1 11 -1
31579 0 13 -1 0 -1 6 -1
20876 6 -1 1 3 -1
13312 0 -1
6 0 10 -1 0 0 1 4 -1 0 5 -1 5 -1 0 -1
28825 0 -1 4 10 -1
8201 5 -1 0 -1 6 -1 0 -1 6 -1 0 5 -1 0 -1 6 -1
3617 0 -1 4 -1 0 -1 4 -1 11 -1 4 5 10 13 -1
24026 0 0 10 13 -1 0 -1 13 -1 0 0 13 -1
17210 3 3 3 6 7 7 -1 3 6 7 -1 3 -1 3 5 6 -1
1497 0 5 -1
18393 3 4 4 4 8 8 -1 8 -1 0 3 4 4 -1
15126 0 -1 0 1 9 -1 13 -1 0 -1 1 -1 0 -1 8 10 -1
18051 11 13 -1 11 -1 13 -1 1 1 11 11 -1
30745 3 -1 0 0 0 0 3 4 4 -1
8064 3 -1
12067 2 -1 0 1 1 9 -1 0 -1 0 1 -1
6847 1 1 5 9 -1
11184 8 -1 3 -1
18124 11 -1 13 -1 11 13 -1 11 -1 7 14 -1 12 -1 11 -1 7 12 -1 11 -1 0 -1 5 -1
14942 0 0 7 -1 0 7 -1 7 -1
15989 0 3 13 14 14 14 -1 3 14 -1 3 14 -1 4 14 -1 5 14 -1
18323 0 -1 0 11 -1
17752 0 11 -1 0 1 -1
7760 8 -1 6 -1 8 -1 7 -1 3 3 6 6 -1
635 0 1 -1 0 -1
22705 0 -1 6 -1
13460 9 9 14 14 -1 14 -1 2 9 14 -1
2754 0 -1 0 1 -1 0 1 -1
2615 0 5 -1
4444 0 -1 10 -1 0 0 0 1 5 11 -1
18096 0 8 -1 4 -1 0 -1 0 4 -1 0 4 10 -1
3550 0 10 -1 1 11 -1 2 -1 0 -1
20039 0 7 -1
7340 0 -1 3 -1 0 6 6 -1
13680 0 2 -1 9 -1 1 1 2 3 -1 3 6 -1 0 11 -1 1 -1
12697 0 -1 5 -1
7039 0 0 6 6 6 8 13 -1 2 -1 12 -1 6 12 13 -1
31027 5 -1 1 -1 1 6 8 8 -1
7425 5 -1 14 -1 10 14 -1
16257 11 -1 12 12 13 13 -1
8913 0 1 -1 0 0 1 -1 1 -1
6103 0 9 -1 0 -1 1 -1 0 1 11 -1 6 -1
12609 0 10 -1 0 -1 1 2 9 14 -1
21172 0 -1 0 1 -1
14875 0 3 -1 2 -1
10280 0 0 6 11 -1
30771 8 -1 6 -1 0 8 14 -1 1 -1 14 -1 3 -1 3 14 -1
4424 0 -1 9 -1 10 -1 9 -1 0 -1
1412 0 1 10 -1 0 1 2 13 16 -1
21447 5 7 8 -1 3 8 -1 5 -1 5 6 -1 6 -1
13871 5 -1 10 -1 2 9 -1 2 2 9 10 -1 1 2 9 -1
5131 0 -1 0 4 4 -1
4640 0 1 9 -1 0 1 9 -1 0 1 1 2 9 11 -1
28851 1 3 3 -1 1 -1
14565 2 -1
299 11 -1 1 -1
16531 0 0 2 8 8 8 9 13 -1 12 -1 0 6 8 13 13 -1
17851 0 0 0 3 3 -1 0 3 3 -1 0 -1
4428 2 -1 5 14 14 -1
12231 0 -1 1 -1 0 -1 4 -1 0 -1
25832 1 -1 1 6 -1 6 9 -1 1 1 1 6 6 -1 0 -1 7 -1 0 0 1 11 11 -1 6 -1
28875 0 0 3 3 -1 0 -1
27162 6 8 -1 3 8 -1 6 -1 1 3 6 -1
8633 8 12 -1 0 8 -1 6 -1 0 -1
15605 10 -1
30137 0 1 1 2 3 -1 0 9 -1 0 -1
17552 0 0 0 0 1 2 10 13 -1
24903 0 1 5 -1
6310 0 5 -1 4 9 -1 1 9 -1 5 -1
20838 0 -1
6306 9 -1
28711 0 0 1 13 -1
1152 2 5 11 -1
18574 1 5 -1 1 -1 3 -1
3829 0 -1
2026 0 -1 0 5 -1
11848 5 5 10 -1 2 2 5 9 9 14 -1 9 -1
6674 0 9 -1 0 -1 0 1 3 11 -1 1 -1 2 9 9 -1 1 -1
2997 0 6 16 16 -1 6 -1 0 11 -1
3133 0 -1 0 0 9 11 -1 0 1 -1 0 1 -1 1 -1 0 1 -1
24941 0 -1 3 6 -1 6 -1 3 -1
16693 0 9 -1
28859 1 3 -1 3 -1
27087 0 0 10 -1
15950 0 -1 13 -1 0 5 -1 0 -1 1 -1 14 -1 1 3 3 6 6 -1
14313 5 -1 0 5 -1 6 -1 0 -1 0 0 6 6 -1 0 0 5 5 -1 3 -1
27108 1 -1
24437 0 10 -1 0 -1 3 -1
21882 6 -1 1 3 -1
14796 5 14 -1 4 -1 14 -1 5 14 -1 5 -1 6 -1 5 6 14 -1
6166 0 -1 1 10 -1
2847 7 14 16 -1 6 -1 16 -1 6 -1 16 -1 6 10 16 -1 16 -1
11087 11 -1 8 11 -1 1 -1 9 -1 1 -1 5 -1 1 3 -1 1 13 -1 8 -1
11941 5 -1 8 9 -1
12230 0 3 6 -1
29296 0 -1 0 10 -1 0 0 0 1 1 3 -1
2300 0 0 10 16 -1 0 3 -1 0 13 -1
15291 0 -1 0 1 10 -1 13 -1 0 1 10 16 -1 1 5 -1 0 -1 13 -1 0 13 -1
30221 3 6 -1
10863 0 3 -1 6 -1 0 3 -1 3 3 3 6 6 -1
29815 0 -1 13 -1
28421 3 -1 1 -1 0 -1
6950 0 1 5 -1 3 6 -1 3 -1 1 3 -1 1 -1
27365 0 13 -1 0 13 -1 0 2 -1 0 -1 10 10 13 -1 0 -1 10 13 -1 13 -1
13660 0 6 -1 0 3 3 6 -1 0 0 13 -1
27709 0 -1 4 11 -1 11 -1
15300 0 -1 0 4 4 -1 0 4 -1 0 0 4 4 -1 0 4 -1 0 -1 0 4 -1 0 4 -1 4 -1 0 0 4 4 -1 0 4 -1 0 4 -1 0 4 -1 0 -1 4 -1 0 0 0 4 4 -1 4 -1 0 -1 0 0 4 4 -1 4 -1 0 0 4 -1 4 -1 0 -1
21919 0 -1
6532 0 0 11 -1
25945 0 9 -1 0 -1 11 -1 0 1 -1 6 -1
17079 1 9 -1 1 9 -1 2 -1 10 -1 3 -1
31088 0 -1 9 -1 0 1 6 -1 14 -1
30460 5 -1 5 6 -1 5 5 6 6 6 -1 5 14 -1
17593 8 -1 6 8 -1 1 -1 1 8 -1
14735 0 1 3 -1 11 -1 6 -1 3 6 -1
1343 8 -1 7 8 12 -1 12 -1
20011 0 -1 1 -1
28362 0 -1 5 -1 0 -1 0 1 10 -1 0 0 16 -1 9 -1 0 -1 0 9 -1 9 -1 0 -1
19979 0 16 -1 1 16 -1 0 -1 0 11 -1
15761 10 -1 1 14 -1
28521 0 2 -1 0 1 10 -1 0 0 2 10 -1 0 -1
27660 2 -1 6 -1 5 -1 2 2 5 5 6 -1
21690 1 -1 0 9 9 -1
17503 0 -1 1 -1 0 13 -1 0 0 1 -1 13 -1 0 -1
5696 4 6 14 -1 5 14 -1 4 5 14 -1 14 -1 2 14 -1 2 4 6 -1 5 -1 14 -1
21135 0 -1 0 0 1 11 -1 0 9 -1 3 -1 0 1 -1
29521 2 12 13 13 -1
14089 8 -1 3 -1
9497 12 -1 5 -1 12 -1 11 -1 14 -1 5 11 -1 5 14 -1 10 11 12 13 -1 12 -1
14910 0 0 10 -1 0 10 -1 0 9 -1
5611 5 -1 14 -1 6 9 14 -1 5 14 -1 5 14 -1 5 14 -1
15877 7 -1
11515 0 -1 11 -1 0 -1 5 6 -1 0 1 -1 11 -1 16 -1 5 -1 0 -1
23840 0 -1 0 3 -1 2 -1 0 -1 2 11 -1 2 -1 9 -1 2 -1 1 2 2 4 9 -1 2 -1 0 -1 0 1 9 14 -1 14 -1
23739 5 -1 13 -1 12 -1 6 -1 12 13 -1 12 13 -1 12 -1
7346 6 -1 0 -1
5930 10 -1 0 0 4 4 -1 1 -1 0 1 2 -1 1 -1 0 4 -1 0 -1 2 -1
29641 1 5 5 -1
146 0 -1 1 -1 3 -1 1 5 -1 0 1 -1
25495 0 0 13 -1 10 13 -1 0 5 6 -1
31215 0 -1 10 -1 0 -1 9 -1 0 1 -1 0 -1
30814 0 0 0 11 11 -1
27214 3 -1 1 3 -1 3 13 -1
29985 11 -1 13 -1 2 -1 0 4 11 -1 0 13 -1
45 0 5 5 9 10 -1
5469 6 -1 0 -1 6 -1 0 -1 0 0 6 11 -1 11 -1 0 0 0 1 1 1 6 13 -1
27398 1 -1 11 -1 1 10 11 11 -1 1 -1 11 -1
28937 0 11 -1
10450 3 6 -1 0 3 -1
19441 0 -1
22750 0 0 0 1 11 16 16 -1 0 -1 1 -1 0 -1 4 5 10 -1 14 -1 4 -1 14 -1 10 -1 4 -1
31516 0 -1 4 -1 0 3 -1
31421 0 0 2 -1 0 0 1 9 10 -1 0 -1 1 -1 0 1 -1
11703 0 -1
24355 0 0 6 11 -1 0 -1 0 11 -1 11 -1
11924 7 -1 0 7 -1
4695 1 -1 3 -1 0 -1 0 1 4 -1 0 1 4 13 -1 2 -1 5 10 -1 16 -1 10 -1
8386 0 2 14 14 -1 5 14 -1 10 -1 14 -1
16761 0 -1 0 10 -1 1 -1 4 -1 0 1 4 11 11 -1 0 0 5 -1
3602 0 5 -1 5 9 -1
15250 0 0 2 -1
13505 0 0 13 13 -1
29924 13 14 -1 13 14 -1 0 -1
7563 0 0 9 -1 0 0 1 2 9 -1 0 -1
18109 0 11 -1 0 0 6 11 11 -1 0 11 -1 0 -1 11 -1 0 -1
8864 0 1 3 5 14 -1 9 14 -1 2 9 14 14 -1
18386 0 7 -1 7 -1 0 -1 7 -1 0 7 -1
17052 8 -1 6 -1 7 8 12 -1 6 12 -1 13 -1 12 -1
10696 0 -1 2 9 -1
27934 0 -1
25256 1 3 3 3 3 5 6 6 -1 6 -1
30169 0 -1 11 -1 0 0 3 -1
29863 0 3 -1
12268 3 -1 3 6 -1 14 -1
20335 0 -1
10518 0 0 1 -1
1649 0 -1 11 -1
18456 3 -1
9990 5 -1 8 -1 2 -1 5 8 8 10 -1 5 5 10 13 -1
1634 0 1 4 4 -1
30289 5 5 6 -1 6 -1
7209 0 1 1 3 5 -1 1 -1 0 1 1 3 5 -1 1 -1 11 -1
16812 0 13 -1 0 -1 0 3 -1 1 3 -1 0 0 3 5 7 -1
22020 8 11 -1 0 0 5 6 11 -1 1 5 -1
19972 0 -1 1 -1 2 -1 4 -1 0 2 13 -1 1 -1 0 4 -1 1 2 4 13 13 -1 0 1 2 4 -1 14 -1
6231 0 -1 0 11 -1 0 11 -1 3 -1 0 -1
29998 0 -1 0 1 -1 0 5 16 -1
13682 1 5 5 -1 1 -1 1 3 -1 1 5 6 9 -1 3 -1 3 3 6 6 -1 6 -1 3 -1 6 -1 3 -1 6 -1 3 6 -1 3 6 -1 3 6 -1 3 3 6 -1 6 -1 3 6 -1 3 6 -1 3 -1
23623 5 -1 1 -1 0 -1 0 1 1 -1 0 -1 1 -1 0 -1 1 -1 0 -1 1 -1 0 0 1 -1 1 -1
714 9 -1 3 6 -1 1 3 6 9 -1 3 -1 9 -1
16694 0 1 -1 9 -1 4 -1
13296 0 6 -1 0 -1 0 1 -1 0 11 -1 5 13 -1 2 5 6 -1 0 -1
10531 0 0 12 12 -1 0 12 -1 0 12 -1 0 12 -1 12 -1
29990 0 -1 2 -1
21858 2 -1 1 -1 7 -1 12 -1 6 -1 12 -1 13 -1 0 0 13 14 -1 1 -1
11122 0 1 -1
29928 3 -1 0 -1 3 -1
14591 0 1 3 9 11 -1 7 -1
14299 0 0 4 4 -1 0 0 0 10 11 -1 4 -1 0 14 -1 4 -1
23612 3 -1 8 -1
7109 10 -1
1450 0 0 3 6 -1 2 -1
15977 0 2 4 4 4 -1 1 -1 0 1 4 -1
22035 0 -1 3 6 -1 3 3 6 14 -1
30557 4 6 -1 3 6 -1 3 3 6 -1
1530 0 3 -1
25307 10 -1
28598 6 -1 3 -1
23101 0 -1 9 -1 0 -1 9 -1 0 9 -1
20626 0 0 1 -1
7343 5 -1 4 4 5 -1 0 -1 4 5 -1 15 -1 4 5 -1
13646 0 -1
7123 5 -1
31199 5 -1 8 -1 6 8 -1 0 0 3 8 -1
10785 7 8 -1 7 8 8 12 12 -1 8 -1
5563 0 1 -1 0 -1 0 9 -1
23130 0 -1 11 -1 0 3 -1
3125 7 -1 9 -1 3 11 -1
30530 0 11 -1
1708 14 -1
9131 0 6 -1
17001 0 2 11 -1 0 -1 2 -1 10 -1
2917 12 -1 6 6 8 8 -1 3 -1
29490 0 1 -1 0 1 10 -1 11 -1
15616 7 -1 6 -1 3 7 -1 3 -1 3 6 -1 7 -1 3 -1 7 -1 3 7 -1 3 6 -1 6 7 13 -1 3 -1
3169 10 -1 16 -1 5 -1 6 -1 5 -1 6 -1
23020 8 -1 0 -1
24354 11 14 14 -1 11 14 -1 11 14 -1 2 -1
25314 7 -1 1 10 -1 1 -1 7 -1 1 7 8 10 -1 8 -1
11835 6 9 -1 6 -1 7 9 -1
16145 0 -1 1 -1 0 1 2 11 -1 1 -1 0 1 2 -1
380 5 -1
4355 0 0 5 -1 0 3 -1
7932 16 -1 0 -1 1 -1 0 0 1 1 1 11 -1 0 -1 11 -1 0 1 -1
6851 9 -1 11 -1 2 -1
14963 8 -1 6 -1 8 11 -1 8 8 11 -1 1 -1
11938 5 -1 0 3 6 10 -1
6804 1 13 -1
2827 0 -1 3 6 -1 0 3 -1 3 3 6 6 -1 6 -1 3 -1 0 0 1 -1
29256 0 1 3 -1 0 0 0 1 1 1 10 -1
20544 0 -1 9 -1 0 -1 1 -1 0 -1 5 -1
7485 0 0 1 2 10 16 -1 11 -1 0 -1
14183 0 9 -1 0 1 -1 1 1 14 -1 7 -1 4 5 10 -1 9 -1 2 11 -1 6 13 -1 1 2 -1 16 -1 10 -1 9 -1 0 0 1 10 14 14 16 16 -1 1 -1 0 1 -1 14 -1 1 -1 1 4 7 7 -1 1 1 2 4 5 9 -1 4 6 10 -1
5892 0 -1 10 -1 13 -1 0 0 13 -1 6 -1
2011 1 1 13 -1 2 13 -1 1 3 -1
22064 5 -1 5 6 -1 16 -1
9717 13 -1 0 -1 13 -1 0 0 6 13 -1 0 13 -1
17315 0 5 -1 0 5 -1
30872 0 -1 0 0 1 1 -1 9 -1
28836 0 0 9 -1 0 2 -1 0 0 2 2 2 -1
17845 0 0 1 1 8 -1 0 1 8 -1 3 3 3 3 6 6 6 6 -1 3 -1 6 -1 3 6 -1 3 3 3 6 6 6 -1 3 -1 6 -1
10458 0 0 1 1 -1 0 0 11 -1 16 -1 0 -1
20397 9 -1 1 9 -1
1078 6 -1 9 -1 0 1 11 13 -1
30382 0 -1 0 9 11 -1 0 0 11 -1
17812 0 0 1 -1 0 2 -1 9 11 -1 0 9 -1
27446 11 13 -1 11 -1 9 13 -1 11 13 -1 11 -1
16826 4 6 14 14 -1
26255 0 -1
28933 0 -1 0 6 -1
14270 0 -1 0 11 11 -1 0 -1
19375 0 -1 0 0 1 10 13 -1 0 0 7 7 -1
23503 0 14 -1
21986 0 1 2 16 -1 10 -1
27413 1 -1 3 -1 1 5 -1
10382 0 -1
21992 12 -1
23633 5 -1 6 -1 5 -1 6 -1
11174 0 -1 1 -1 14 -1 0 -1 1 3 13 14 -1 6 13 -1 3 -1 6 -1 9 -1 3 -1 7 9 -1 3 -1 6 -1 14 -1
20273 0 -1 11 -1
19060 3 -1
7992 1 13 -1 1 -1 2 9 10 -1 4 -1
31451 2 -1 0 -1 0 3 -1 1 -1 6 -1 0 3 -1 0 0 0 1 1 5 13 -1 1 5 -1
12427 0 2 -1 0 -1 13 -1 0 -1 0 1 5 10 10 -1 0 -1
7120 3 -1
23330 5 14 -1 5 5 5 6 6 14 14 -1
17245 8 -1 1 8 -1 12 -1
5509 8 -1 5 6 -1 8 -1 3 -1 8 -1 0 -1 3 -1 0 1 7 -1 7 -1 5 8 -1
5078 9 14 -1 2 9 14 -1 5 14 -1 14 -1 10 -1 14 -1 5 5 6 14 -1
25774 5 5 6 6 14 -1 5 -1 2 7 -1
4469 0 -1
10335 5 11 -1
28992 0 -1 0 16 16 -1 0 10 -1 0 0 10 10 -1 10 16 -1 0 -1
29448 0 11 -1 0 5 -1
398 1 4 8 9 -1
12979 0 1 9 -1 0 1 -1 0 11 -1 0 -1
975 6 -1 0 -1 0 5 -1
8499 0 0 11 11 -1 0 5 5 5 6 -1 5 10 -1 10 -1 5 -1 0 -1
12823 0 1 10 -1 0 6 -1 1 -1
5414 5 -1 6 -1 5 5 6 -1 4 -1
30236 0 0 2 -1
11333 5 -1 5 5 6 6 -1
27553 5 5 5 6 6 -1
23811 5 -1 6 -1 5 5 6 -1 6 -1
8903 2 -1 10 11 13 -1 4 5 7 9 -1
20950 1 2 -1 13 -1 0 -1 3 -1
22492 0 3 -1 2 9 -1 0 9 -1 0 1 -1 2 10 -1 2 -1
22512 0 -1 0 3 6 -1 3 6 -1
18489 0 0 13 -1 0 1 1 -1
10846 0 1 -1 0 0 1 -1 1 -1 1 10 -1
4298 7 11 -1 11 14 -1 11 -1 7 11 14 -1
24538 0 0 2 -1
27864 0 -1 0 1 10 -1 0 -1
4867 2 5 14 -1
4821 0 0 10 -1 9 -1 0 1 -1 0 3 -1 0 -1
2692 0 -1 10 -1 0 -1 11 -1 0 -1
9886 0 -1 9 -1 3 3 6 9 -1 1 2 2 -1
6366 6 8 -1
12535 0 14 -1 5 -1 0 3 -1
1704 0 -1 0 1 10 -1
7628 0 1 3 7 -1
28802 2 3 3 5 6 6 13 -1 1 -1
4139 0 1 -1 0 -1 0 1 -1 11 -1 0 -1
9197 6 7 -1
31013 0 0 11 -1 0 10 -1 0 11 -1 3 -1
25154 0 -1 3 6 9 -1 3 9 -1 6 9 -1
1218 7 -1
16166 0 6 -1 3 3 6 -1 1 5 -1 1 -1 1 11 -1 3 -1
6395 1 2 2 3 3 5 8 11 -1
3635 0 0 6 -1 6 -1
25831 0 3 -1 0 1 13 -1 0 -1 0 10 -1
24531 12 13 13 -1
29988 9 -1
7026 0 10 11 -1 0 -1 0 16 -1 1 -1 13 -1 0 0 1 7 -1
23159 0 3 6 6 -1 3 -1 0 -1
17381 5 -1 3 6 -1 1 1 3 4 7 7 -1
31693 0 -1 1 -1 0 -1
11955 12 13 -1
5436 0 10 13 -1 0 -1 13 -1
9189 6 -1 3 -1
16435 8 -1 0 13 -1 6 -1 0 1 5 6 -1
6792 4 8 -1
21478 0 -1 5 -1 0 -1 0 11 -1 0 11 -1 11 -1
30728 0 2 -1 0 -1 0 1 -1
21099 0 11 -1 0 0 1 -1 3 -1 0 -1 0 1 5 -1
18656 5 -1 6 -1 5 5 6 14 -1
28893 5 -1 9 -1 6 -1 6 9 9 -1 14 -1
22238 0 0 1 11 -1 0 6 6 11 -1 0 -1
16544 11 -1
952 12 -1 7 -1 5 -1
22624 0 -1
14529 0 -1
1131 0 0 9 -1 13 -1 0 0 3 -1 13 -1
24351 0 -1 0 0 1 1 1 2 -1 0 -1 1 -1
26147 0 -1 10 -1 0 1 -1 0 0 1 11 -1
20504 8 -1 6 8 -1 4 13 -1 0 -1 6 -1 3 -1 3 6 -1 3 6 -1
16286 11 -1
15165 0 -1 5 -1
14871 0 2 -1 0 -1 1 5 11 -1 6 13 -1 5 -1 13 -1 5 6 7 13 -1 1 7 13 -1 11 -1 5 11 -1 1 3 6 -1 0 5 13 -1 7 -1 2 -1 0 -1 5 11 -1
22476 0 -1 0 11 -1 10 -1
12710 7 12 12 -1
9258 5 -1 6 -1
16635 0 -1 9 9 11 -1 0 -1
26714 0 -1
24045 1 5 -1 9 14 -1 14 -1 5 -1 1 4 -1 4 5 -1
896 0 0 1 6 -1 6 -1
428 0 10 -1 16 -1 0 0 1 6 -1
28323 0 0 1 1 -1
27256 1 5 -1 1 14 -1 0 -1 14 -1 1 5 -1 1 -1 5 -1 3 6 -1
7470 10 14 -1
20589 12 13 -1 12 13 -1 3 8 -1 8 -1 3 -1 8 -1 13 -1
28484 14 -1
19344 5 -1 2 -1 1 -1
5381 4 -1 0 -1 4 -1
19915 0 5 8 -1 3 -1 0 0 10 -1
11345 12 -1 13 -1 0 1 6 13 -1 13 -1 0 -1 1 -1
3387 0 -1 0 0 10 10 -1 0 11 -1 0 3 4 -1 0 1 -1
31355 0 -1 0 0 2 13 -1 1 -1 0 2 -1
15185 1 1 7 -1
5746 13 -1
10241 0 -1 9 -1
22808 0 -1
13056 0 2 -1 0 1 -1 13 -1 1 -1 1 13 -1 1 2 -1 0 3 -1 11 -1
21973 0 6 -1 0 -1 0 0 6 6 -1 6 -1 0 6 -1 1 -1
21579 5 -1 5 5 6 6 -1
6830 0 2 -1 3 3 6 -1 6 -1 3 -1 2 -1
20539 3 -1 0 -1 11 -1 0 13 -1 0 0 4 -1
267 10 -1 0 -1 0 2 -1
23695 4 -1 10 -1 1 -1 3 6 -1 3 6 6 -1
19071 0 1 1 3 5 5 5 5 -1 0 0 5 -1
10141 0 -1 9 -1 1 -1
7349 0 5 -1 5 14 -1 1 -1 14 -1 6 -1 5 -1 1 5 -1
24924 1 7 14 -1
3805 0 -1 0 4 4 -1
24887 0 0 1 5 10 -1 0 1 3 -1
22212 6 -1
20502 0 2 -1
22465 0 0 2 10 -1 0 -1 16 -1 0 0 9 -1
8539 0 0 11 -1 11 -1 0 -1 9 -1 0 10 -1 0 -1 0 10 -1 0 4 -1
27421 0 -1 0 1 3 13 -1 1 6 -1 1 -1
13736 3 6 6 7 8 12 -1 3 -1 7 -1 8 -1
18389 6 12 -1 3 -1 6 -1 3 -1 3 13 -1 12 -1 7 -1 1 -1 1 7 -1 5 -1 7 -1
1774 2 11 11 -1
3414 0 0 0 3 5 5 5 -1
3166 0 12 13 -1 14 -1 3 -1
13346 0 6 7 -1 3 -1 0 3 -1 6 -1 0 3 -1
10264 0 11 -1 10 -1 0 0 0 1 1 11 11 -1 0 1 -1
24679 0 -1
30063 0 6 -1 0 -1 6 -1 0 -1
28856 0 13 -1 0 10 -1 0 -1 11 -1 0 -1 1 -1 0 10 -1
8614 0 11 -1 0 1 9 -1 2 -1 0 11 -1
20486 16 -1
7530 0 3 3 6 13 -1
20922 0 0 1 10 -1 0 0 1 1 -1 0 1 11 11 -1 0 -1 0 11 -1 0 11 -1 1 11 -1 0 11 -1 0 -1 0 11 11 -1 0 11 -1 0 -1 1 -1 0 -1 5 -1 0 -1 11 -1 0 11 -1
10012 1 7 -1 14 -1 1 -1 0 -1 1 7 -1 1 -1 4 5 -1 7 -1 0 4 5 7 -1 0 7 -1
27723 6 11 -1 3 -1 3 6 -1 11 -1 3 -1 11 13 -1
8424 1 13 -1 1 14 -1 1 4 14 14 -1
31053 0 4 10 13 -1 0 0 4 4 -1 11 -1 0 -1
21400 0 0 2 11 -1
14069 0 -1 1 -1
24229 2 -1
23536 0 -1 13 -1 0 10 -1 0 6 -1 3 -1
22982 6 8 12 12 -1
23554 0 -1 11 -1 2 -1 0 1 -1 0 -1 9 -1 11 13 -1 0 0 0 3 6 11 11 -1 11 -1 0 11 -1 0 -1 11 -1 1 -1
15170 0 12 -1
29297 3 10 11 -1
11234 0 1 -1
23961 0 0 9 11 16 -1
20762 3 -1 0 -1 8 -1 0 -1 11 -1 0 0 6 8 -1 6 8 -1
9068 0 0 3 7 7 -1 6 -1 0 -1 3 -1 0 -1 0 6 6 -1 0 3 -1
21687 0 0 0 1 9 11 11 -1 0 0 9 9 -1 3 -1
3023 0 -1 3 3 6 -1 0 3 -1 6 -1 3 -1
31102 0 0 0 4 5 5 5 6 6 -1
19855 0 -1
11404 1 3 3 9 13 -1
31258 0 -1 9 -1 0 3 -1 0 5 -1 1 -1 0 0 3 -1
18638 0 0 0 5 6 11 14 -1 6 -1
15249 0 -1
14731 5 -1 6 -1
10955 0 0 1 6 -1 0 1 -1 6 -1 0 11 -1 0 0 6 -1 0 6 -1 6 -1 0 -1 6 -1 0 -1 6 -1
9120 0 -1 3 -1
25268 0 -1 9 -1
9039 0 6 13 -1 13 -1 7 -1 0 -1
17543 8 12 -1
6092 0 -1 1 2 -1 1 2 2 3 4 11 -1
24397 5 5 6 -1 6 -1
1526 0 0 1 10 -1
4827 0 -1 0 1 11 -1 0 -1 5 -1 3 -1 6 -1 3 -1 0 5 11 11 -1 1 -1
31248 7 -1 1 7 -1
1574 0 -1 0 0 10 16 16 -1 5 11 -1 0 -1 0 5 5 -1 0 -1 0 5 -1 10 -1
21360 0 -1 0 13 -1
5571 6 7 8 9 -1 3 -1 6 -1 3 6 -1 3 6 7 -1 8 -1 6 7 -1 3 -1 6 7 -1 3 -1 6 7 -1 3 -1 7 12 -1
120 0 0 0 1 9 9 -1 6 -1
24232 1 -1 1 11 -1 6 -1
15518 0 0 0 3 6 13 -1 10 -1
7659 1 11 11 -1 1 -1 2 4 11 11 11 -1
1125 0 0 10 16 16 -1
30729 3 5 -1 1 3 3 5 6 6 -1 1 3 5 -1
24368 5 6 -1 5 6 -1
26783 0 0 2 5 9 -1
17860 1 -1 3 -1 1 -1 1 5 13 -1 1 -1 9 -1 1 -1
24228 0 -1 0 9 -1 0 11 -1
18735 1 5 5 6 9 9 -1 1 5 9 9 -1 0 -1
2596 0 0 3 6 -1
1832 8 -1
24964 5 -1
19290 0 6 6 11 12 12 12 13 13 -1 8 -1
1863 1 5 14 -1 1 -1 5 6 6 14 -1 2 4 5 -1 1 -1 2 -1
18543 0 0 1 11 -1 0 9 10 13 -1 0 -1
5515 0 13 -1 1 -1 0 -1 1 -1 1 3 -1 5 -1 1 -1
19921 0 9 -1 14 -1 5 -1 14 -1 5 6 6 -1 10 14 14 -1 4 14 -1 5 6 9 -1 14 -1 0 0 11 -1
25245 0 0 1 -1
17807 0 1 -1 0 1 -1 0 0 1 1 10 -1
2568 0 11 13 -1 11 -1 11 13 -1 13 -1 11 -1 0 11 -1
7611 11 -1
13343 5 6 -1
13861 0 -1 0 10 -1 0 10 -1 1 -1 0 3 -1 0 -1 3 -1 0 -1 3 -1 0 -1 11 -1 0 -1 3 -1 0 -1 3 -1 0 3 -1 0 -1
16423 1 -1 0 1 -1 0 1 -1 0 9 -1 0 -1
31739 0 -1 0 0 6 11 -1 0 6 -1 0 6 6 -1
28339 5 -1 14 -1 5 6 -1 6 -1 3 -1 3 6 10 -1
30584 5 -1 1 -1 14 -1 0 -1 1 4 -1 7 -1 1 10 -1 5 -1
24230 5 5 6 11 -1
18053 0 3 5 8 -1
10397 0 -1 10 -1 10 16 -1 13 -1 0 10 -1
18522 0 0 0 3 13 -1
30162 5 -1 5 9 -1 9 10 -1 2 9 -1 9 -1 2 -1 9 -1
23834 8 -1 0 -1 11 -1 0 -1 8 9 -1 0 8 -1 0 -1 8 -1
10375 0 -1 1 -1 0 0 1 -1 0 11 -1
18256 0 -1 2 -1 0 13 -1
5951 0 12 13 -1 4 -1 1 -1 0 6 -1
10623 8 -1
21619 0 -1
6783 1 5 -1
42 5 -1 0 6 -1
16071 0 0 11 11 -1 0 0 0 0 11 11 11 11 -1 0 -1
25812 0 0 0 0 2 10 13 -1 1 2 -1
28204 1 5 5 6 -1 1 5 13 -1
19614 0 -1 0 0 1 1 -1
12272 6 9 -1 9 -1 5 14 -1 5 6 6 -1 5 14 -1
3848 0 4 11 -1 0 1 4 -1 1 -1
11297 0 2 -1 0 -1 11 -1 0 1 -1
8463 0 1 -1 7 -1 0 1 -1 1 -1 0 1 -1 13 -1
21640 0 -1 1 -1 0 11 -1 11 13 -1 0 9 -1 0 3 6 -1
19077 0 -1 0 11 11 -1 0 -1
13988 1 5 -1
13228 0 8 -1 8 -1 0 1 -1 1 -1 3 -1
26604 0 8 -1 5 -1
12387 0 -1 3 6 7 -1 7 -1
20661 0 -1
9681 0 -1 3 -1 0 -1
23657 0 0 0 11 13 -1 0 13 -1 13 -1
1734 12 -1 6 -1 12 -1 0 -1 0 0 6 6 6 -1
19294 3 -1 3 6 -1
4273 13 -1
6614 0 -1 13 -1 2 16 -1
9406 0 2 -1 0 -1
5883 1 -1
21609 8 -1
28648 1 -1 0 -1
12146 3 -1 0 1 -1 1 14 -1 4 7 -1 1 5 -1 9 10 -1 2 -1 6 -1
7416 2 3 4 5 10 -1 0 2 -1 1 3 10 14 -1
23747 0 7 -1 7 -1
29654 0 10 -1 0 4 13 -1 1 9 -1 6 6 9 -1
2468 8 -1 0 0 3 3 5 6 6 6 11 -1 8 12 -1 0 -1 0 9 11 13 -1 2 5 -1 3 -1 3 3 6 6 -1 0 2 5 6 8 -1 3 -1 3 6 6 -1 3 3 3 6 6 -1 5 11 -1 4 9 13 -1 9 -1 13 -1 9 -1
13374 3 -1 0 5 -1
12618 0 10 -1 1 10 -1 0 6 -1 3 -1 6 -1 0 3 3 6 10 13 -1 10 -1
364 3 -1 3 13 -1 3 13 -1
1564 5 6 -1 5 -1 6 -1 5 5 6 -1 6 -1
5801 0 2 9 -1 2 5 -1 5 10 -1 5 -1
20683 0 -1
7399 0 -1 1 5 -1 1 1 5 5 -1 4 -1 1 -1 1 2 14 14 -1 0 -1
4803 11 -1 0 0 1 -1 3 -1 0 3 8 10 -1 0 8 -1
11914 0 -1
15670 0 0 1 1 -1 0 -1
1908 7 -1
5914 1 5 11 -1 1 1 1 11 13 -1 2 -1
3655 0 1 -1 1 9 -1
28361 0 -1 11 -1 0 10 -1 0 -1 1 -1
10585 0 5 -1 0 6 -1 0 5 6 -1 5 -1 0 -1 6 -1
16041 0 1 -1
21434 0 8 -1
1469 0 -1 1 11 -1 1 9 -1 1 3 -1
5302 8 -1
13945 6 8 -1 6 -1 0 12 13 -1 0 13 -1 0 6 13 -1 1 -1
22581 0 6 9 -1
16556 0 16 -1 0 -1 0 3 10 -1 0 1 -1
4159 0 0 1 -1 0 5 11 -1
16719 5 7 -1 1 -1 9 -1 5 -1 6 -1 5 8 -1 7 -1 1 5 9 -1 4 5 5 9 -1 7 8 -1 5 -1 3 5 6 -1
6528 0 7 7 -1 0 0 7 7 -1 0 7 -1
14748 0 -1 11 13 14 14 -1 13 -1 14 -1
31469 7 -1 8 -1 3 13 -1
22583 0 -1
25934 1 11 11 -1 1 -1 10 11 11 -1 11 11 13 13 -1
6108 0 3 3 5 6 6 -1 0 1 -1 0 1 6 6 -1 0 3 -1
15776 3 7 -1 3 7 -1
22667 0 -1 0 0 5 10 16 -1 0 -1
22939 1 9 11 -1
22568 13 -1
7437 0 1 -1 0 -1 6 -1 0 -1
17934 0 -1 11 -1 0 1 -1 0 -1 10 -1 0 -1 1 -1
29440 0 -1 11 -1 0 11 -1
11983 6 8 -1 8 -1 1 -1 3 -1 1 -1
6648 0 5 8 -1 0 8 -1 0 6 -1
8122 0 -1 0 0 6 6 -1 0 6 -1 0 6 -1 6 -1 0 -1 6 -1 0 6 -1 0 -1
1653 0 -1 0 0 13 13 -1 13 -1 0 -1 0 13 -1 13 -1 0 -1 2 -1 0 -1
18709 0 3 -1
112 0 4 -1 0 1 -1 0 0 1 1 6 -1 0 -1 1 6 -1 0 -1
27033 8 10 -1 8 -1
16893 0 3 3 5 6 -1 6 -1
17466 0 0 1 5 -1 6 -1 5 6 -1 5 9 -1
7834 1 11 -1 3 16 -1 9 -1 1 7 -1 4 -1
13364 0 1 -1 0 -1 0 0 2 3 -1 1 -1 0 -1
2785 0 2 10 -1 14 -1 0 1 11 -1
145 5 -1 5 6 -1 9 14 -1
13517 0 0 10 -1 13 -1 0 0 5 5 -1
9556 0 -1 6 -1 0 -1 6 -1 0 0 6 -1 0 0 6 6 6 -1
12346 2 14 -1 1 14 14 -1
14014 3 -1
15053 12 12 13 -1 8 12 13 -1 12 12 13 -1
21794 0 0 0 2 11 -1 13 -1 0 1 -1 0 -1
10471 0 13 -1 0 0 0 11 11 -1 11 -1
12090 0 -1 0 5 -1
6461 0 5 -1 9 -1
25587 0 1 -1 0 -1 7 -1 0 0 7 12 -1
29597 0 5 6 -1 0 5 -1
7507 14 -1 1 -1 14 -1 2 10 14 -1 14 -1 5 14 -1
13612 0 4 -1
5549 2 8 -1 0 8 -1 6 -1 3 -1 0 3 -1 0 0 3 -1 1 5 -1
4880 0 1 -1 0 9 -1 0 -1 0 11 -1 0 1 16 -1 11 -1 0 11 -1
24746 0 1 -1 0 3 -1 0 -1
3784 9 -1
2950 9 -1
19878 4 5 10 -1
25348 0 10 -1 0 -1 16 -1 0 1 -1 0 11 -1
1713 0 -1 11 -1
486 0 11 -1 0 -1
21204 0 -1 0 16 -1 0 1 -1 1 11 -1 10 -1
3197 0 -1 1 2 3 3 3 6 6 -1 3 10 -1
28089 0 -1 0 6 -1 0 3 -1 11 -1
23990 5 -1
14125 0 -1 13 -1 0 -1 1 -1 0 -1 0 0 1 3 -1
26464 0 -1 0 0 0 7 7 7 7 -1
5781 0 8 11 -1 2 -1 1 -1 4 -1 1 3 3 -1
18470 5 9 -1
16588 0 -1 0 11 13 -1 0 0 1 10 11 -1 3 -1
26153 0 -1 3 -1 0 -1
23289 0 1 3 6 -1
