3179
11777 1 13 -1
21224 0 -1
12689 0 -1 1 2 3 9 -1 0 -1
25961 0 -1 0 6 -1
7940 0 0 1 2 3 -1
675 1 -1
25873 0 -1
13058 0 0 1 14 -1 0 1 2 6 8 8 -1 0 0 8 -1
18530 0 -1
13968 0 -1 1 -1
10744 0 3 -1
19403 0 -1
14851 5 14 -1 1 1 3 -1 6 -1 11 -1 5 -1
22884 12 -1
9172 0 -1 10 -1 0 1 -1 6 -1 0 -1 6 -1 0 -1 0 1 -1 5 -1 0 -1
25854 0 -1 0 11 -1 0 10 -1 0 0 2 10 -1
19121 0 -1 0 9 10 -1 3 -1 0 13 -1 0 13 -1
20221 0 -1 1 -1
22649 1 1 2 3 -1
22403 0 -1 1 14 -1 1 -1 1 14 -1
3527 0 0 11 11 -1 3 -1 0 -1 4 -1
30867 0 7 7 -1 0 -1 7 -1 0 7 -1 0 -1 0 0 7 7 7 -1 0 -1 0 7 7 -1 0 -1
4682 1 -1 0 -1 0 0 0 1 1 2 -1
28706 0 13 -1 0 0 11 -1 3 -1
8804 0 0 13 -1 0 1 13 -1 0 -1 0 1 10 -1
11333 6 -1 5 6 -1
11416 4 13 -1
17785 0 -1
30167 1 -1 2 -1
23594 7 -1 3 6 6 -1 3 3 13 -1 3 7 13 -1 13 -1
28385 6 10 16 -1 3 5 6 16 -1
3140 0 -1 13 -1
22854 0 7 -1
4268 0 1 -1
12023 0 8 -1
14549 3 -1
21387 0 -1 9 10 14 -1 9 -1 14 -1 0 9 -1 16 -1
26320 2 3 11 13 -1 8 -1 3 -1
10927 0 -1
13789 0 -1
3384 0 -1
13365 0 13 -1 0 0 0 13 13 -1 13 -1 0 13 -1 14 -1 13 -1 10 -1
13746 1 -1
28611 4 5 10 11 -1
30742 5 14 -1 5 -1 14 -1 5 6 14 -1
23655 0 0 6 -1 0 6 6 -1 0 6 -1 0 0 6 -1 0 6 6 -1 0 -1 6 -1 0 -1 11 -1
31279 0 -1
30605 0 -1 0 10 -1 11 -1 0 1 -1 0 -1 0 0 0 11 11 11 -1
21820 9 -1 0 3 -1
5810 0 -1 1 6 -1 0 0 1 1 6 -1 3 6 -1
3998 14 -1 5 -1
25336 1 -1 5 -1 1 -1 0 -1
2997 0 1 -1 1 -1 0 1 -1
17144 5 5 6 6 -1 3 -1 5 -1 3 -1
27955 5 -1
16068 10 -1 0 1 -1 6 -1 0 -1 0 6 -1 6 -1 0 6 -1
19439 1 -1
30906 0 1 -1 0 -1 6 -1 3 -1 1 -1 3 -1 3 6 6 -1 5 -1 6 -1 5 5 6 -1 5 6 -1
9570 5 6 6 -1 5 -1 0 -1 6 -1
23053 13 -1
13316 0 2 -1 1 -1 0 -1 0 1 11 -1 1 2 -1
17578 13 -1 0 -1 13 -1 0 -1 13 -1 0 -1
25372 0 -1 0 0 10 11 16 -1 10 -1 0 11 -1
26068 0 6 -1
28532 1 1 9 -1 1 9 -1 9 -1 1 -1
12779 0 5 -1 3 6 6 -1
4729 1 -1 3 6 -1 3 -1 1 3 -1 6 -1
13979 0 11 -1 0 -1 0 13 -1 1 -1 0 -1 9 -1 0 -1 9 -1 0 0 0 0 13 13 13 -1 13 -1 0 -1
4449 5 -1 5 5 8 8 8 12 -1 12 -1
20740 4 -1
22653 11 -1 0 13 -1 0 13 -1 6 -1
2032 1 1 7 7 -1 9 11 -1 11 -1
17569 12 -1 6 -1 0 6 12 -1 0 6 -1
30151 0 -1 16 -1 10 -1 0 1 16 -1 0 -1 2 -1 0 -1 0 3 6 6 11 -1 3 3 6 -1
22095 0 -1 11 -1 0 -1
5099 0 1 -1
29937 0 0 0 1 6 -1 1 -1
4766 13 -1 6 13 -1 6 -1 13 -1 6 13 -1 6 13 -1 6 13 -1 6 -1 13 -1
20598 0 0 11 -1 1 -1 0 6 -1 0 10 -1 9 -1 0 -1 9 -1
3157 7 -1 3 3 6 6 7 -1 2 3 7 7 -1
15533 0 1 7 -1
19140 0 -1 0 1 14 -1 0 0 1 -1 0 1 1 -1 0 3 10 -1 1 -1
6812 0 -1 1 5 5 -1 1 1 5 -1 0 0 6 6 -1
24763 0 3 -1
13547 0 -1 0 1 3 5 -1 1 -1 0 -1 1 -1
8302 1 1 5 8 11 -1 3 6 6 -1 3 -1 1 -1
24312 1 4 -1 1 8 -1
6867 0 0 1 9 9 -1 0 0 0 5 6 6 11 11 -1 11 -1 0 0 6 -1 6 -1 0 -1 0 6 11 -1 6 -1 0 -1 6 -1 0 6 -1 0 -1 11 -1 0 6 -1
4997 9 -1 0 13 -1 0 3 -1
813 0 -1 1 9 -1
2909 0 -1
23866 10 -1 0 -1 3 13 -1 1 5 -1 1 5 -1 0 -1 0 3 11 -1
26208 0 0 0 1 1 -1 0 1 -1 1 -1 0 -1 13 -1 0 0 2 13 -1 0 -1 0 1 2 -1
17539 13 -1
27831 0 -1 0 13 13 -1 11 -1 0 0 1 2 -1
22719 0 10 -1 5 -1 6 -1 0 5 -1 6 -1 5 -1 5 14 -1
10392 0 1 1 3 5 -1
21506 5 6 -1 0 5 -1 6 -1 0 -1
22704 0 3 9 -1 3 6 -1 6 -1
12323 0 8 -1 1 9 10 13 16 -1
8370 0 0 2 8 -1 9 -1
25962 0 3 -1 0 0 1 -1 0 10 -1 6 -1
18998 0 -1 5 9 -1 5 6 9 -1 9 -1
10947 3 -1
18352 6 -1
3378 5 6 -1 5 6 14 -1
30226 0 -1 6 -1
1991 0 2 2 11 -1
13378 0 -1 10 -1 0 -1 10 -1
355 0 -1 3 5 -1 0 -1 2 10 13 -1
3318 0 -1 1 -1 1 6 -1
6297 0 -1 0 1 3 3 -1
21511 0 1 -1 0 -1 1 -1 6 14 -1 3 -1 1 14 -1
24239 0 6 13 -1 0 0 5 6 13 13 -1
26257 3 -1 0 0 6 -1 6 -1 0 1 -1 1 -1
25647 0 -1 0 1 2 -1 0 0 0 0 1 9 10 -1
7599 0 -1 1 -1 6 -1 0 3 -1
9649 10 -1 1 -1 3 -1 11 12 -1 8 14 -1 11 12 -1
1401 5 -1
14190 0 -1 9 -1 0 6 -1 0 3 3 6 13 -1 1 -1 0 4 -1
24486 3 -1 1 1 2 3 -1 3 -1
14006 8 -1
27211 0 -1 0 0 1 10 -1
1719 0 1 -1 0 10 -1
7547 0 -1 0 7 -1 7 -1 1 7 -1 0 -1 0 1 -1
2006 0 1 -1 0 -1 0 0 1 1 1 -1 0 0 0 1 5 -1
9015 5 5 5 6 6 -1
31188 0 0 1 -1 0 1 11 11 -1 0 1 10 -1
24211 4 5 5 -1 0 -1 0 1 9 -1 3 -1
5828 0 -1 0 3 3 6 6 6 -1 0 6 -1
28972 0 14 16 -1 1 2 3 3 5 6 -1
8820 5 -1 5 6 -1 5 6 -1 9 -1
17624 0 -1 10 -1 11 -1 0 0 1 1 2 -1 11 -1 0 -1
27585 0 14 -1 1 4 16 -1 5 7 -1
2092 0 -1 3 6 -1 3 6 -1
31009 0 0 1 -1 0 9 -1 11 -1
28402 0 0 0 0 1 2 2 9 10 -1
24023 0 0 9 10 -1
1655 8 -1
13421 6 12 -1
12149 0 0 10 -1 2 -1 0 -1 0 1 -1 5 -1 0 -1 3 -1 0 -1
28560 0 -1 9 -1 0 -1
26758 0 -1 13 -1 0 0 0 1 10 11 11 -1 0 -1
4038 5 6 8 -1
9661 9 -1
22890 0 0 11 -1 3 -1 0 -1 0 11 -1
17312 0 1 -1
17584 3 3 6 6 -1
7476 9 11 -1 11 -1 2 10 11 11 11 13 -1
15484 13 -1
21108 0 -1 6 -1 0 3 6 6 -1
30746 1 -1 0 1 -1 0 -1 1 -1
14871 2 11 -1 7 -1 2 5 7 -1 11 -1 2 7 -1 5 -1 6 11 13 -1
8306 0 -1 0 0 3 10 11 -1 0 3 6 -1
9061 0 13 -1
23004 6 -1 3 6 -1 13 -1 0 6 -1
24668 0 1 -1 3 -1
11924 0 7 -1 0 -1
29922 0 0 0 9 13 13 -1
12250 1 9 -1 1 -1 3 3 9 -1
16950 0 9 -1 0 13 -1
2511 3 -1
1218 1 -1 7 -1 1 9 -1 1 1 6 7 7 -1
7631 3 -1 3 6 -1
16988 8 -1 6 8 -1 6 6 8 -1 8 -1 6 8 -1 6 8 -1 6 -1 8 -1 6 -1 6 8 -1 8 -1 6 6 6 8 8 -1 8 -1 6 -1 6 8 -1 6 8 -1 8 -1
13877 1 5 9 -1
15635 0 13 -1 0 -1 0 13 -1 0 13 -1 13 -1 0 0 1 6 -1
6089 1 10 -1 11 -1 1 -1 13 -1 6 13 -1 9 -1 2 -1 1 11 -1 13 -1 6 -1 2 -1 9 -1 10 -1 4 5 7 -1 2 10 -1 2 -1
2760 0 -1 2 -1 0 -1
29091 0 11 -1 0 11 -1
29193 0 3 3 3 5 6 6 8 -1 6 -1 3 6 -1 3 -1 6 -1 3 -1 6 -1
14329 7 -1 1 1 7 -1 0 6 7 -1 1 1 7 7 13 -1
27122 0 11 -1
16582 0 1 7 -1 1 9 -1 5 10 -1 4 -1 2 6 -1 1 11 13 -1
13609 5 -1 1 8 -1
28590 5 -1
31048 8 -1
8190 0 -1 10 -1
29222 5 -1 5 6 6 -1 5 -1
21889 3 -1 1 5 5 13 -1 5 13 -1 9 -1 5 -1
6790 0 -1 13 -1 0 -1
170 0 -1 11 -1 0 -1 0 11 -1
26842 0 -1 6 -1 0 0 0 0 6 6 6 6 -1 0 -1 6 -1 0 -1
4802 0 -1 1 -1
6938 2 -1 0 -1 2 -1 0 -1 2 -1 0 0 2 2 -1
22240 0 2 5 10 -1
25098 0 6 -1 0 -1 0 6 6 -1
9602 11 -1 12 -1
9418 1 9 -1 1 1 3 9 -1 1 5 -1
9653 0 1 -1 10 14 -1 14 -1
18104 0 4 -1
2840 0 0 1 -1
19384 0 -1 5 5 9 13 13 -1 1 3 11 13 -1 13 -1 11 -1 3 -1
23029 5 13 14 -1
2369 0 -1 0 0 0 5 10 13 -1 0 0 11 16 -1
12022 5 -1 9 -1 1 5 5 -1 9 -1
10103 11 -1 0 -1 5 -1 0 -1
22636 0 -1 6 -1
16113 0 0 0 9 14 -1 1 -1 0 1 1 2 5 5 -1
1428 0 3 -1
23554 11 -1 13 -1 0 0 0 1 1 13 -1 0 1 11 -1 0 -1
10894 0 14 -1
8138 0 3 -1 0 -1 0 3 -1
13081 0 11 -1 0 0 1 -1 1 -1 0 -1
12707 0 11 -1 0 0 0 1 9 11 -1
15526 0 0 1 14 -1 0 -1 2 14 -1 0 0 1 5 -1 5 -1 0 5 -1
24505 0 -1
476 0 0 3 10 -1 5 -1
22672 0 -1 5 -1 5 6 -1 0 5 5 6 6 -1 13 -1
23721 0 0 1 3 6 6 -1
25621 0 -1 0 1 8 -1 1 8 -1 0 1 2 4 -1 8 -1 0 1 -1 0 8 -1
24986 0 1 -1 1 1 3 10 11 13 16 -1 0 11 13 -1 11 -1
18836 3 -1
21865 0 -1
5367 1 -1 0 -1 1 -1 0 0 1 -1
10633 6 8 -1 8 -1 2 -1 8 -1 0 -1 1 5 5 10 11 -1
30391 0 0 10 13 -1 0 0 2 -1 0 1 2 -1 0 -1 1 -1 2 -1
29107 0 4 -1 4 -1
13541 0 -1 13 -1 0 -1
28324 11 -1 6 -1 3 -1 11 -1
3660 0 -1 0 5 -1
13814 0 0 13 13 -1 0 -1
23936 3 -1 1 -1
7752 0 1 -1 1 1 3 6 13 -1
6599 0 0 10 -1 9 -1 0 9 -1 0 13 -1
2819 0 0 1 -1
8997 5 -1 0 -1 5 -1
27754 0 6 -1 0 6 -1
16742 2 -1 0 0 1 2 -1 0 -1
14046 0 13 -1 11 -1 0 -1
5769 5 5 6 -1
593 2 12 -1
16306 0 1 -1 1 3 6 9 -1
6748 0 -1
18031 1 1 14 -1 14 -1 4 -1 14 -1
10914 0 0 6 6 8 8 -1 8 -1 7 -1
23081 0 1 -1 0 13 -1 0 -1 0 3 -1
23948 0 -1
31297 0 5 -1 0 -1 5 -1 6 -1 5 -1 5 6 -1 6 -1
14005 0 -1 0 6 -1 5 6 -1 5 -1 9 -1 5 -1 5 6 -1
3841 1 -1 0 -1 11 -1
8940 0 1 -1
12380 1 13 -1
7919 0 -1
30363 12 -1
18864 0 -1 13 -1 0 -1
20008 14 -1
28000 0 -1
769 0 14 14 -1
20035 2 5 -1 11 -1 2 6 14 -1
328 5 -1 0 5 -1 0 0 5 -1 0 13 -1
29205 10 14 -1 4 14 -1 4 -1
28863 0 0 16 -1 11 -1 0 -1 3 -1
31732 0 -1 0 16 -1
23054 0 1 -1 6 -1 0 1 1 3 -1 0 6 -1 5 -1 6 -1
569 0 3 -1
24681 6 -1 11 13 -1 1 14 -1 0 5 13 14 -1 1 4 -1 6 13 -1 6 -1
17561 0 -1 3 -1 3 6 6 -1 3 3 6 -1 3 6 -1
29262 2 6 -1 3 -1 6 -1 3 -1 5 -1 10 16 -1 10 -1
12947 0 7 -1 7 -1 0 0 7 -1
7253 1 -1 0 0 1 -1
7760 3 7 8 -1
25307 0 0 1 -1 0 1 -1 1 -1
27403 0 -1 2 -1 0 2 -1 5 14 -1 5 6 -1 6 -1 5 14 -1
17766 0 1 -1
13564 5 -1 4 -1 6 7 -1
1235 8 -1 3 3 6 6 6 -1 3 -1 3 6 -1 6 -1 3 -1 6 -1 3 -1
2556 2 -1 0 -1
22778 10 -1 0 0 13 -1 13 -1 0 0 0 0 1 4 13 -1
83 0 -1
2970 11 -1 0 0 1 1 -1 0 5 -1 0 -1
307 0 3 14 -1
24926 0 -1
12748 8 -1 10 -1 0 -1 1 9 -1 10 -1 5 -1 4 8 -1
5244 1 -1 2 4 -1
30560 0 -1 0 0 1 13 -1 0 13 -1
18534 5 5 6 6 -1 5 9 -1 6 9 -1
6473 0 0 0 3 5 11 11 -1 7 -1
7105 5 6 -1 5 6 -1 5 -1
7512 0 0 11 -1 1 -1 0 -1
17 0 -1 13 -1 0 10 -1 13 -1 0 1 13 -1 0 4 11 -1 9 10 -1 5 -1 4 6 -1
12232 0 -1 10 -1
17636 0 -1 10 -1
21466 0 0 9 11 -1 0 0 9 10 -1 0 0 0 3 11 -1 11 -1 0 -1 5 -1 5 7 -1
9594 3 -1
1071 0 14 -1
9689 0 0 9 -1 10 -1 0 1 -1 0 1 -1 0 -1
23280 13 -1 2 -1 3 -1 5 -1 0 3 -1 0 0 0 1 3 5 -1 0 0 0 0 2 2 16 -1 0 0 0 9 10 10 -1 0 5 10 10 -1 5 -1 0 3 -1
9305 7 -1
3497 0 -1 0 11 11 -1 0 11 -1 0 11 -1 0 1 11 -1 0 -1 1 -1 0 -1
2519 0 -1 0 0 5 5 -1
15783 0 13 -1 0 1 13 -1 0 10 11 -1 5 -1 5 9 -1
13468 0 0 3 13 -1 0 6 -1 0 3 -1
16375 9 14 -1 1 3 9 -1 0 -1 1 9 -1
27102 0 -1 4 -1 0 3 9 10 -1 0 -1 14 -1 6 -1 5 5 5 6 6 14 14 -1 10 -1 1 4 4 14 14 14 -1
14300 0 -1 0 2 -1
2214 6 8 -1 6 8 -1 6 8 -1 6 8 -1 8 -1
20147 0 0 2 -1 0 10 -1 9 -1 0 -1 0 16 -1 0 1 -1 1 -1 0 0 1 11 -1
15364 0 1 3 3 -1 0 1 1 16 -1 1 6 -1 0 0 1 -1 0 0 1 3 -1 3 -1 6 -1 0 3 -1
5319 11 -1 0 0 11 -1 0 1 13 -1 0 13 -1 0 -1 0 13 -1
21614 0 0 3 -1
8004 0 1 9 -1 1 -1 0 10 -1 13 -1
5389 5 -1
9591 0 5 -1
24640 0 -1
22327 3 -1 6 -1 3 -1
25161 12 -1 0 1 -1 5 -1 1 -1
20180 3 6 8 -1
30832 0 -1 1 1 1 5 9 -1 1 3 -1 0 -1 5 -1
5702 6 -1 0 -1
20880 0 0 1 -1 1 -1 0 -1 0 2 9 -1 0 0 11 -1 11 -1 0 -1 0 3 -1 11 -1
6197 8 10 -1 13 -1
21074 0 -1 3 9 9 -1
10462 0 0 1 3 -1 1 10 -1 0 0 10 -1 11 -1
16512 3 -1
3438 3 -1
9662 0 11 -1
13401 0 -1 10 -1
24187 1 9 9 -1 5 6 9 -1 8 9 -1 1 -1
7666 8 8 12 -1
7367 5 -1
17506 0 0 1 -1 0 1 9 -1 0 -1
9186 0 -1 13 -1
14148 3 -1
31347 1 6 -1
4254 1 -1 0 2 -1
6430 1 4 14 14 14 -1 6 -1
4985 3 -1 3 6 6 -1
10413 0 -1 3 -1 0 -1 0 0 2 12 -1 0 13 -1 12 -1
9564 0 1 10 -1
15761 0 1 10 -1 7 10 14 -1 1 5 10 14 -1 0 1 1 1 14 -1 0 1 14 -1 1 -1 2 4 5 7 10 -1 9 -1 6 11 13 -1 1 -1 0 -1 0 1 3 14 -1 1 -1 0 1 3 3 14 -1 7 -1 4 -1 5 10 -1
2050 0 -1 9 -1 6 -1 3 3 6 -1 6 -1 3 9 -1 3 6 -1 1 3 5 -1
26225 0 -1 0 5 13 13 -1
20996 0 -1 3 -1 0 -1
22487 0 5 10 -1
4416 9 -1
26388 0 -1 0 11 -1
17433 0 -1 2 3 3 3 6 6 -1 2 -1
12439 0 3 -1 3 -1
5259 5 14 -1 5 -1 4 6 -1 3 -1 1 -1 3 5 -1
30201 0 14 -1
11060 5 5 6 -1
2497 1 -1 3 3 6 6 -1 1 3 -1 1 3 -1
19943 0 1 11 -1 5 -1 0 -1 13 -1
13791 0 2 -1 1 2 -1 0 1 -1 2 -1 1 -1
25634 7 -1 1 5 -1 1 -1 6 -1 3 6 -1 3 6 -1 3 3 6 -1
20744 0 0 1 11 -1
28268 7 13 -1 7 11 -1
23386 11 -1 7 -1
11310 0 -1 0 1 2 3 6 -1 3 6 -1
13831 0 -1 9 -1 2 -1 1 1 9 9 -1 3 9 9 -1
16344 0 -1 0 7 -1
639 6 -1 0 6 13 13 -1
7396 0 1 -1
20951 3 -1
23364 0 -1 9 -1
26741 5 5 5 6 6 -1 6 -1 5 5 6 -1
18908 3 6 -1
28068 0 11 -1 1 11 -1 11 -1
9221 0 -1 1 -1
9938 0 0 0 1 2 2 -1
24388 1 6 -1 0 -1 1 1 6 14 -1 0 1 -1 14 -1 1 14 -1 4 -1 1 7 -1 5 -1 10 11 -1 2 -1 9 13 -1 1 7 11 13 -1 5 -1 4 -1 9 10 13 -1 11 -1 1 -1 2 -1 0 1 1 14 -1 1 6 -1 0 1 14 -1 1 14 -1 1 2 -1 1 -1 14 -1 1 9 -1 11 -1 7 -1 4 5 -1 10 11 -1 13 -1 0 -1 1 -1 1 6 -1 1 1 6 14 -1 0 1 14 -1 1 -1 1 13 -1 14 -1 1 -1 13 -1 1 7 -1 4 -1 5 -1
20214 13 -1 0 -1 0 0 1 16 -1 0 11 13 -1 0 -1 5 -1
6704 0 0 13 -1 13 -1 0 13 -1 0 -1 1 -1 0 -1 0 1 13 -1 13 -1
23755 11 -1 1 -1
1329 9 -1
1985 8 -1
5870 3 -1
859 0 0 9 10 16 -1 10 10 16 16 -1 1 6 -1
6699 4 11 -1 11 -1
16898 1 -1
15347 0 0 13 -1 1 -1 0 -1 1 -1 0 1 -1 0 -1 0 10 -1
15963 0 0 1 -1 1 -1 0 0 13 13 -1
11906 0 4 -1 0 4 -1 0 -1
7135 0 0 1 3 -1 11 -1 0 2 -1 0 11 11 -1
11388 2 -1 0 -1 1 -1
118 0 10 -1 0 -1 0 2 11 -1 0 0 11 -1
7312 0 -1 10 -1 0 7 -1
7544 0 -1 1 9 -1
30032 0 3 12 -1
523 0 -1 0 2 2 -1 0 -1 3 -1 0 -1
27307 1 3 6 -1
21901 0 -1 11 -1
27913 0 -1
3165 1 -1 0 3 -1 0 -1
5159 1 -1
27542 0 -1 0 0 10 11 11 -1 0 -1 0 11 -1 3 -1 0 -1 3 -1 0 -1 11 -1
9646 0 8 -1
29122 0 5 11 -1 4 5 -1 0 5 -1 0 5 -1 0 -1
15637 0 0 13 -1 13 -1 0 0 1 11 -1
11493 8 -1 5 -1 0 3 -1 0 -1 1 5 9 -1
27867 0 13 -1 3 -1
752 12 13 -1
4157 5 -1 10 14 14 -1 5 -1
20649 6 -1 0 -1
22674 0 2 -1 0 -1 13 -1 0 0 0 2 10 13 13 -1
9441 0 8 8 10 -1 0 -1 15 -1 0 3 3 11 -1 0 3 -1
19930 0 0 0 1 6 6 -1 6 -1 0 -1 0 6 -1 0 6 -1
17096 0 0 11 -1
30117 0 5 5 -1 0 5 -1 0 -1 5 -1 0 -1 0 5 -1
14791 0 8 -1 0 0 2 2 8 8 11 -1
15015 8 -1 11 -1 8 -1 0 8 11 -1 0 4 4 -1 0 -1 3 6 -1 3 6 6 -1 3 8 -1
28112 0 -1 1 -1 11 -1
28366 5 -1
16771 0 2 11 -1 2 -1 2 5 5 10 -1
7084 0 4 5 -1 1 3 5 5 -1 1 5 -1
19676 0 5 10 -1 6 -1 0 5 -1 0 3 3 6 -1
4632 0 1 -1 3 5 -1 1 -1 9 -1
19566 11 -1 0 0 10 11 -1 0 0 1 -1
18658 1 16 -1
5483 0 1 -1 2 7 -1 1 -1 1 3 8 -1 0 -1
12148 0 3 -1 0 3 -1 0 -1 1 -1 0 10 -1 0 -1 1 -1
14907 3 -1 6 -1
13637 6 -1 3 -1
11850 0 -1 0 6 13 -1 0 6 -1
25863 8 -1 0 1 -1 0 -1
3704 0 -1 9 -1
17580 0 0 1 9 10 10 -1
13970 8 -1 1 3 6 7 -1
26585 0 0 5 10 -1
7894 0 4 8 -1
14415 0 -1 14 -1 2 10 -1 3 6 -1 0 2 3 6 -1
27784 3 6 9 10 -1
27947 1 5 6 -1
8395 0 -1
6384 0 0 9 14 16 -1
5665 1 3 4 11 -1 2 4 -1
30861 0 -1
22504 0 -1
14669 0 1 -1 0 -1 0 1 -1 0 2 -1
799 0 3 -1
17935 0 -1
4915 5 -1 1 -1 1 14 -1 0 -1 1 -1 7 -1 4 -1
882 13 -1 0 13 -1
27458 6 -1 3 -1 0 3 -1
19843 0 6 11 -1 0 1 -1 0 0 11 -1 0 13 -1 6 -1 3 -1
17582 8 -1 0 10 -1 0 0 0 8 11 -1 11 -1 0 8 -1
21452 0 -1
26384 11 -1 3 -1
26009 0 -1 1 -1
28759 5 9 -1 1 5 -1
1098 3 6 6 -1 3 -1
26856 0 0 10 -1 0 1 -1 1 -1 4 -1 5 -1 0 0 3 3 4 -1 0 -1
27598 5 5 8 8 -1 0 3 5 5 -1 3 -1
20674 13 -1
14706 11 -1 0 0 11 -1
25637 1 3 3 6 9 -1
25368 0 3 16 -1
10329 0 9 -1 0 0 9 -1 9 -1 0 -1 0 9 -1 1 -1 0 -1 0 1 -1 0 1 -1 1 -1
26502 0 14 14 -1 0 13 -1
2148 5 7 7 11 14 14 -1 5 9 -1 5 -1
15431 7 -1
9452 0 -1 0 2 3 -1 3 6 -1
3796 0 11 -1 9 14 -1 5 -1 5 9 14 14 -1
30420 0 0 3 -1 11 -1 0 6 -1 3 -1 0 6 -1 3 -1
11773 0 -1 3 6 -1 3 6 10 16 -1 10 -1 7 -1
29409 0 -1 5 11 -1 0 1 5 5 7 11 11 -1 7 -1
27689 0 0 1 1 -1 0 -1 1 -1
6150 0 11 -1 0 -1 1 11 11 -1 1 1 1 5 9 -1
1011 5 -1 1 6 6 -1 4 -1 3 13 -1 13 -1
15919 0 -1
9740 3 -1
30848 1 -1 4 -1 1 1 4 4 -1
10804 0 -1 2 -1 0 0 1 1 11 -1
30910 1 6 -1
3150 3 6 -1
8521 5 -1
4106 0 5 5 -1
11095 0 -1 0 1 -1 0 0 1 3 -1 11 -1 0 -1
15894 3 -1
12 0 0 1 -1
14154 8 -1 10 -1
27483 0 -1 3 3 5 6 6 -1 7 13 -1
23611 1 8 11 -1 0 1 8 11 -1 0 -1
26200 0 0 3 -1 0 0 9 13 -1
15375 5 -1
9048 0 2 -1
24354 14 -1
20892 0 1 -1 1 5 -1 1 -1 1 3 -1 0 -1 0 7 -1
20405 5 -1 0 5 -1 0 -1 0 5 8 -1 10 -1 0 -1
21496 0 -1 3 6 14 -1 1 7 -1 0 0 1 1 14 -1 7 -1
10658 6 13 -1
23405 0 -1 1 5 -1 1 -1 0 -1
31209 0 -1 0 11 -1 1 11 -1 11 -1 0 -1 0 11 -1 11 -1 0 -1
5958 0 0 9 -1 0 13 -1 2 -1 0 -1
7570 1 3 11 -1 1 -1 1 11 -1 3 11 -1 3 -1
2308 9 -1
10643 0 -1 0 0 1 11 -1 0 1 1 -1 0 13 -1
20437 1 -1
3521 12 -1 12 13 -1 6 -1 12 -1 6 -1 6 12 12 -1 6 -1 12 -1
27891 0 -1 1 3 -1 4 -1 1 -1 0 -1 0 1 1 10 -1 0 -1 11 -1 0 -1 3 6 -1 0 0 1 3 6 13 -1
16498 6 -1 3 -1 3 6 -1
12584 0 0 11 -1 0 6 9 10 -1
18136 0 -1 1 14 -1 2 14 -1 5 -1 9 14 -1 0 -1 9 -1
28548 0 -1 1 10 -1 3 6 -1
6549 5 13 -1 5 13 -1 5 -1 13 -1 5 5 13 -1 10 14 -1 5 14 -1 5 14 14 -1 6 -1 5 6 -1 5 -1 4 14 -1 1 -1 9 14 -1 4 5 14 14 14 -1 11 14 -1 1 -1
20393 0 -1 0 1 6 16 -1 0 5 -1 0 0 1 4 5 6 -1 0 6 6 -1
1865 1 3 3 6 -1 7 -1 0 -1 7 -1 0 -1 11 -1
6405 10 -1 14 -1
7887 0 -1 1 5 -1
12168 0 -1 0 1 1 -1 0 1 -1
5600 3 6 -1 3 -1 1 -1
18536 0 -1 4 -1 0 4 -1
1029 0 0 3 3 -1 0 1 -1 0 -1 3 6 -1
9926 0 -1 5 -1 1 7 -1 1 1 5 7 -1 7 -1 5 -1
15023 0 13 -1 0 -1 0 13 -1 0 0 13 13 -1
24913 1 -1
26998 5 -1 6 -1 5 6 -1 5 5 6 -1
24842 0 0 0 1 1 9 13 -1 0 1 9 -1
9730 0 4 -1 0 0 1 4 5 -1
31208 0 0 7 7 -1 0 7 -1 0 7 -1 0 12 -1
5325 9 -1
603 5 5 6 6 -1 5 -1 9 10 -1 16 -1 10 -1
31762 0 0 13 -1 3 -1 0 -1 0 0 1 5 5 -1
23607 0 10 -1 0 -1
29191 0 -1
686 5 8 -1 6 -1 3 -1 1 -1 1 3 -1 6 -1 1 3 -1 3 -1 5 8 -1 4 -1 8 -1 1 -1 5 -1
21939 0 8 -1 0 6 -1 0 1 -1 0 0 1 1 -1
16173 0 -1 0 3 13 -1 0 2 -1 0 11 -1 0 1 -1 0 0 2 13 -1
27660 5 -1 2 -1
13097 5 -1
1215 0 5 5 -1 9 -1
772 1 -1 0 9 -1 0 9 -1 1 -1 0 -1 1 -1
15241 0 3 -1 3 -1 0 -1 5 -1
7428 8 -1 5 7 12 -1 8 11 11 -1 8 -1 12 -1 7 -1 2 8 13 -1 7 12 -1
1009 0 -1 13 -1 3 -1 0 -1 10 -1 13 -1
8390 0 2 -1 0 0 1 11 -1 9 -1
2250 8 8 10 -1 10 -1 0 8 -1 8 10 -1 0 -1 3 -1
28221 0 1 -1 0 -1 1 -1
30612 2 -1
7374 0 -1 1 5 5 6 9 9 -1
16795 0 1 -1 0 -1 0 0 4 5 -1 11 -1 2 -1 7 -1
11371 5 -1 5 9 -1 1 9 -1 5 9 14 -1
26347 0 0 6 -1 3 -1 0 6 -1 0 0 0 1 6 -1
11840 0 -1
10013 8 -1 0 1 9 -1 1 -1
28885 0 5 -1 5 6 -1 0 -1
14349 6 -1
24967 0 -1 0 1 3 5 -1 5 -1 0 -1 0 5 5 -1
27931 1 -1 4 -1 0 0 1 -1 0 2 -1
14537 0 -1 1 -1
25665 12 13 -1
20542 7 -1 0 0 9 10 -1 0 5 -1
14204 0 9 -1 0 -1 9 -1 0 -1 0 0 1 1 -1
1867 1 -1 3 3 6 6 -1 6 -1 3 -1
22975 1 13 -1 0 0 0 5 10 -1 13 -1
31241 13 -1 0 -1 0 0 1 2 13 -1 0 -1 1 2 -1
30140 9 -1 0 0 1 3 -1
29374 0 -1
8236 0 1 -1 11 -1 0 0 11 11 -1 0 -1 11 -1
21857 0 -1 15 -1 0 0 15 -1 0 15 -1
29600 1 -1 11 -1 2 -1
18591 0 1 -1 1 -1
23612 3 8 -1 3 -1
25370 6 -1
8126 0 0 1 -1 0 1 5 -1 9 -1 1 -1 5 -1
3585 0 10 -1
7730 4 -1
18051 11 -1 1 -1 11 -1 1 11 -1 1 -1
9464 14 -1 6 11 -1 6 11 14 -1
9637 0 10 -1 11 -1 0 -1 0 1 3 -1 0 5 -1 0 -1 3 -1 5 -1
30886 0 -1 11 -1 0 11 -1 10 -1 1 10 -1 1 -1 5 10 -1 1 -1 14 -1
4022 0 0 6 -1
18789 0 0 11 11 -1
20172 0 -1 13 -1
28397 0 -1 5 9 -1 0 5 -1 1 1 10 10 14 -1 1 -1
10968 0 -1 1 -1 0 -1
8136 1 -1
16137 6 12 12 -1 6 -1 3 3 3 6 6 12 13 -1 12 -1
8304 0 8 -1 7 -1 9 -1 1 7 -1 7 -1 5 -1 7 -1
9733 1 3 9 9 -1 3 6 9 -1 5 -1 3 -1 1 6 9 -1 1 2 3 9 -1 3 9 -1
13696 0 5 11 12 -1 0 5 5 -1 0 6 -1 3 -1 3 6 -1 0 -1 0 12 13 13 -1
12754 1 3 3 5 5 6 6 -1
17300 0 0 1 5 6 -1 0 2 -1 1 -1 6 -1
10605 5 -1 3 -1 0 -1
16402 11 -1 4 -1 4 10 16 -1 4 5 14 15 -1 2 4 -1 4 -1
24836 0 -1 0 1 -1 13 -1 0 -1
9010 12 13 -1 12 12 13 13 -1
10664 0 0 2 3 5 7 11 14 -1
1030 0 2 9 -1 0 -1
8803 0 7 -1 1 -1 0 -1 16 -1 1 -1 6 -1 1 -1 1 3 -1 0 1 2 -1
17477 0 0 0 1 6 6 -1
7175 0 0 10 -1 0 10 -1
24728 12 13 -1 6 13 -1
9947 0 -1
31238 10 16 -1
27500 0 -1 9 -1 0 -1 9 -1 0 -1 1 -1
24096 3 -1
20030 0 -1
14341 0 5 -1 1 -1
16244 3 8 -1
23132 0 1 -1 1 5 -1 1 14 -1 5 -1 1 -1 3 -1 9 -1 1 -1 0 14 -1 1 6 13 -1 0 6 -1 1 1 2 13 -1 1 -1 1 6 -1 0 -1 13 -1 6 11 -1
15207 5 9 -1 5 -1
3827 0 -1
28697 3 -1 5 -1 3 -1 3 10 -1 13 -1 3 5 12 -1
17843 0 5 -1 5 -1 1 -1 5 -1 1 3 -1
28782 0 14 -1 1 -1
28276 7 -1 0 7 -1 0 -1
6166 0 -1 1 -1 0 -1
13061 0 -1 0 3 4 10 -1 1 4 -1 5 -1 0 4 -1 1 -1
7728 3 -1 0 -1 0 6 -1
25451 0 1 -1 0 0 0 1 10 -1 0 5 10 -1
10570 0 -1 1 -1 6 -1 1 3 9 -1 1 -1 1 5 -1 2 -1
5317 2 6 -1 6 -1 1 9 -1 1 3 6 -1
21909 1 3 -1 0 0 11 -1
6105 0 -1 1 5 -1 1 5 -1 5 -1
26992 1 10 -1 14 -1 5 5 6 6 14 -1
672 3 8 -1 6 -1 3 3 3 6 6 -1
20944 0 0 1 -1 5 -1 6 7 -1
16811 5 12 13 -1 3 6 7 -1 1 5 6 -1
27434 7 -1 0 0 7 7 -1
12131 5 -1 5 6 -1 6 -1 5 -1 8 10 -1 8 -1
26338 0 -1
7754 3 11 -1
21490 6 8 -1 8 -1 6 8 -1
10999 0 0 0 1 9 -1 9 -1 0 -1 0 2 -1
6417 14 -1 1 -1 14 -1 13 -1 14 -1 13 -1 14 -1
12078 0 13 -1 0 -1 5 -1 0 6 -1
14196 0 -1 1 -1 11 -1
24287 0 -1 3 6 -1
23190 8 -1
31154 3 -1
5125 0 0 10 -1 0 0 10 13 -1
6787 0 0 1 13 16 -1 0 -1 1 -1 3 -1
29232 1 -1 0 0 9 -1
26394 0 6 8 8 9 -1 1 -1 11 -1 9 -1 2 -1 5 6 -1
23825 5 -1 6 -1 1 3 5 5 7 9 14 -1
25391 3 -1
5763 5 8 -1 0 6 -1 3 6 -1 3 -1 3 6 -1
29421 0 11 -1 0 -1 11 -1 0 -1 16 -1 0 10 -1 0 -1
21192 5 -1 0 0 8 8 14 -1 8 -1
3764 0 14 -1
14903 0 0 2 2 -1 9 14 -1
5041 1 14 -1 14 -1 11 -1 14 -1 13 -1 2 10 14 14 -1 14 -1
8626 0 -1 3 -1 0 -1 0 7 -1 0 13 -1
10278 0 13 -1 0 1 6 14 -1 5 -1 0 5 -1 5 6 -1 0 1 5 6 -1 0 -1 1 -1
4524 3 6 6 6 7 13 13 -1
12234 0 -1
20671 0 1 -1
21692 0 0 13 -1 0 13 -1 0 0 1 4 6 -1 0 0 1 -1
15041 3 3 6 7 8 -1 1 -1 8 -1
15595 0 -1 5 -1 11 -1 0 9 -1 10 16 -1
29550 0 9 11 -1 2 -1 9 10 11 16 -1 5 -1
26321 0 -1 1 5 -1
3240 1 6 -1 3 -1 3 6 14 16 -1 5 9 9 -1
24424 0 9 -1 0 6 9 10 10 16 -1 5 10 -1 0 11 -1
9728 0 1 -1
1999 0 -1
1471 0 -1 3 6 -1 3 6 -1 1 3 -1
6065 0 -1 3 10 11 -1 5 -1 0 10 -1
5359 0 7 -1 7 -1 0 -1 0 0 5 7 7 -1 6 -1 0 -1 6 -1 0 0 5 6 -1 0 -1 5 -1 0 0 0 5 7 7 -1 0 7 -1 0 7 -1 0 -1 0 0 0 0 7 7 7 7 7 -1 0 0 7 7 -1
17057 0 0 7 13 -1 0 7 -1 7 -1 0 -1 1 5 -1 1 7 -1
2684 0 -1 1 -1 0 1 -1 0 -1 1 -1 0 -1 0 1 -1
6314 0 13 -1 0 -1 0 1 10 -1 0 -1
5060 0 8 -1
22917 0 -1 0 6 10 -1 0 3 -1 0 10 11 -1
4212 0 0 1 8 -1 0 0 1 1 8 -1 1 -1 0 -1
929 1 9 -1
15051 6 -1
11183 0 2 -1 0 3 -1 0 -1 1 -1
6235 0 0 7 11 16 -1
4019 2 -1 2 5 -1 5 -1 0 -1 5 5 6 -1 9 -1
18835 0 -1 10 -1 0 -1 0 1 -1
15587 0 -1 8 -1 3 9 -1 6 6 14 -1 5 -1 6 -1 4 5 5 -1 3 9 -1
21377 0 1 -1
21556 5 -1
1274 0 10 -1 1 -1 0 11 -1 0 10 -1 0 0 1 -1 11 -1
25226 0 -1 0 13 13 -1 0 10 -1 0 -1 3 -1 0 -1 0 16 -1
22788 0 -1 1 -1 0 1 1 2 2 -1 1 -1
1499 8 -1 6 6 8 -1 0 6 8 -1
12068 1 -1
14337 4 -1 0 -1
8724 0 9 -1
4244 0 -1 1 -1 0 -1 0 1 9 -1 10 -1 0 1 -1 0 1 -1 0 -1
24188 0 0 0 0 2 11 11 -1 1 -1
31538 2 -1 6 8 -1 3 8 -1 6 12 -1 6 12 12 -1
6635 0 10 -1 0 0 0 2 2 9 10 -1
28414 0 13 -1
18065 0 0 9 -1 6 11 -1
4775 3 6 -1 6 -1 3 -1 2 2 11 -1 16 -1
12140 3 5 5 -1 5 6 -1
3404 5 -1 5 6 6 -1 5 6 -1 1 9 -1 1 3 -1
19601 1 7 -1
1251 0 0 7 -1
18682 0 9 -1 5 6 -1 5 6 -1
17021 11 -1 3 11 -1 3 -1 8 12 -1 2 2 3 8 12 -1
299 13 -1 5 10 11 -1
473 0 13 -1 0 0 13 -1
22451 0 -1 3 -1 0 0 6 -1 3 -1 0 3 -1 0 -1 0 6 6 -1 0 -1
18745 2 11 -1 1 7 -1 1 7 -1 4 -1
8574 14 -1
9856 2 -1 10 -1 0 3 -1 0 0 0 1 2 3 13 -1 4 9 -1
10899 9 13 -1 6 -1 6 9 -1 3 -1 10 -1 3 13 -1
12088 4 5 14 -1 14 -1 9 -1 1 1 3 -1 11 -1 1 -1 2 -1 5 10 -1
9866 0 8 13 13 -1 0 -1 10 -1 0 -1 8 -1 3 -1
20185 0 -1 0 1 10 -1 10 -1 0 5 -1 1 -1 0 2 -1 11 -1
20495 1 5 7 -1 1 6 -1 0 1 5 5 7 14 -1 6 8 -1 0 8 -1
14747 1 -1
22903 0 -1 1 -1 0 1 11 -1
11376 10 -1 3 5 10 -1 5 6 6 9 -1 0 11 -1
12893 0 11 -1
25294 0 -1 1 -1 0 -1 1 2 -1
10181 8 -1
25655 0 1 -1
26077 4 -1
22322 3 6 -1 6 -1
6619 0 -1 0 5 -1 0 5 -1 0 1 1 -1 0 0 9 9 -1 0 -1 0 9 -1 9 -1
353 13 -1 0 0 7 -1
3258 2 3 -1 0 1 5 -1
21128 0 -1 1 -1
13522 0 5 9 -1 1 -1
15859 0 1 7 7 -1
19704 0 -1 13 -1
29678 0 -1 2 -1 0 2 3 -1 2 2 3 4 -1
588 7 -1 6 -1 3 -1 6 -1 3 7 -1 3 6 7 -1
7412 1 -1
23872 0 0 0 7 7 7 -1 0 7 -1 0 7 -1 0 -1 7 -1 0 7 -1 0 7 -1
21994 0 1 3 -1
8469 0 -1 0 0 1 11 16 -1 0 1 -1
14050 0 -1
28824 0 0 13 -1 0 13 13 -1 0 13 -1 0 -1
16539 0 7 8 -1 0 7 -1 0 7 -1 0 -1
27837 0 -1
13102 0 1 -1
15970 0 3 -1 2 -1 0 0 10 -1 1 -1 0 -1 6 13 13 -1
25815 0 3 4 -1
15666 0 11 -1 0 -1 3 -1
3126 0 11 -1 0 1 10 -1 1 -1 0 10 13 -1
17253 0 11 16 -1 0 2 13 -1
590 12 -1 0 -1 12 -1 0 12 -1 0 0 0 12 12 -1 12 -1 0 13 13 -1 0 13 -1 0 -1 12 13 13 -1 0 -1 0 13 -1 13 -1 4 8 -1 0 8 -1 0 -1 4 -1 0 4 -1 0 -1 0 4 -1 0 4 4 8 -1 0 0 4 -1
24542 8 -1 6 -1 0 -1 0 6 -1 8 -1 0 6 -1 6 -1
11852 0 0 13 -1 6 -1 0 2 13 -1 10 -1
2088 14 -1
19609 1 -1
14774 0 -1 0 1 6 -1 0 6 -1 11 -1
12017 6 14 -1
22510 0 2 9 -1 5 -1 1 9 -1 3 6 -1 1 3 5 9 9 11 -1
4220 5 6 -1 5 -1 4 -1
3166 3 6 6 -1 3 -1
4953 0 -1 13 -1
22484 0 -1 9 -1 0 0 1 -1 0 2 4 9 13 -1 13 -1 0 13 -1 0 1 4 -1 0 4 -1
16656 0 0 9 -1
10360 2 -1
7618 0 -1 3 3 3 6 6 -1 3 6 -1
20807 5 -1 14 -1
7180 0 0 0 1 1 10 -1 0 -1 13 -1
25433 0 -1 0 0 1 3 16 -1 0 1 -1 0 0 9 11 13 -1 0 -1
6647 2 14 -1
28007 0 -1 14 -1 0 1 -1 0 -1 0 6 10 -1 0 -1 1 -1 0 1 11 -1 1 -1
28250 0 10 -1 0 4 -1
4546 8 -1 6 8 -1
5142 1 -1 0 -1 1 -1 0 1 -1 0 -1 0 1 -1 0 1 -1 3 -1 0 -1 3 -1 0 0 1 -1 1 -1 0 1 -1
6340 3 -1
29052 0 16 -1 0 -1
17242 0 -1
3941 1 4 4 -1
28110 0 11 -1 0 -1 1 -1 0 0 1 1 -1
13230 0 -1 2 -1 0 -1 2 -1 0 -1 0 1 2 -1
12759 5 6 -1 5 -1 5 6 -1 6 -1 5 6 14 14 -1 14 -1 5 6 -1
25419 0 0 5 5 9 -1
21937 12 13 -1 12 13 -1 12 -1
13875 0 0 10 10 -1
29477 0 16 -1 0 -1 3 -1 0 -1 10 -1
7683 0 -1 10 -1 0 -1 16 -1 0 -1 2 -1 0 11 -1 13 -1 0 13 -1 0 13 -1 0 -1
14593 0 1 2 -1 0 4 10 -1 4 -1 1 -1 5 -1 0 -1 1 16 -1
19500 0 -1 5 -1 1 3 -1 0 3 9 11 13 13 -1 0 -1
3679 12 -1 13 -1
1415 0 9 -1 0 6 9 -1 9 -1 0 9 -1
23953 0 11 -1
21860 0 3 -1 0 -1 13 -1 0 -1
6057 6 6 8 8 8 -1 6 6 6 8 8 -1 8 -1 6 -1 6 6 8 8 -1 6 6 6 8 8 8 -1 8 -1 6 -1 8 -1 6 8 -1 6 -1 6 8 8 -1 6 6 6 8 8 -1 8 -1 6 -1
11408 7 -1 0 7 -1 0 -1 7 -1 0 0 0 7 7 -1
1397 0 -1 0 1 3 -1 0 -1 1 -1 0 3 -1 0 -1 1 -1 1 7 -1
4541 0 -1 3 -1 0 0 3 3 -1 0 -1
10547 0 0 0 13 13 -1
12145 0 -1 10 -1 0 -1 1 -1
28703 0 0 1 2 -1 13 -1 3 6 -1 3 3 3 3 6 6 6 6 -1 3 -1 6 -1 3 6 -1 3 -1 6 -1 3 6 -1 3 6 -1 3 6 -1 3 3 6 -1 6 -1 3 -1 6 -1 3 6 -1 3 -1 6 -1
6794 1 3 3 -1 0 1 -1
25735 8 -1
24042 11 -1 1 -1 2 11 -1 2 2 11 -1
26339 1 -1 0 1 -1 0 -1 0 13 -1 1 -1
12792 0 0 5 8 11 -1
13177 0 -1 1 -1 1 2 -1 0 -1 6 -1 0 0 3 -1
10916 0 -1
1196 6 7 -1 7 -1
31218 12 -1 8 -1 6 -1
18686 0 5 -1 0 -1 0 5 -1
27248 12 -1
5082 0 5 -1
25959 0 -1 5 -1 0 -1 1 -1 0 5 -1 0 9 -1
945 0 0 0 1 13 -1 13 -1 0 13 -1 0 -1 2 -1
1910 0 3 -1 0 2 9 -1 11 -1 2 -1 1 2 -1 1 -1
375 6 8 -1 3 6 8 8 -1
7282 7 -1 0 7 -1
28111 0 0 11 11 -1 0 -1
23307 0 -1 1 -1 5 -1 0 -1 2 -1 5 -1 2 -1 0 -1
9778 0 11 -1 0 9 -1 0 1 -1 10 -1 0 -1
9132 9 -1 5 -1 6 -1 5 -1 1 5 -1 6 -1
6881 0 -1 1 -1
26954 0 16 -1 0 10 -1 0 9 -1
5134 0 -1 4 -1 0 -1 0 0 0 4 4 4 4 -1
15558 2 9 9 9 11 -1 5 5 9 -1
15045 1 -1 0 0 10 -1 0 3 3 6 8 8 10 -1 3 -1
12220 9 -1 6 6 9 9 10 14 14 -1
20059 0 -1 5 -1 0 6 -1 5 -1
18437 13 -1
20 8 -1 0 6 8 -1 6 -1 0 -1 1 1 3 3 6 -1
19459 0 -1
6392 3 -1 0 1 14 -1
212 0 -1 0 10 -1 6 -1 0 3 11 -1
29390 0 -1 0 0 0 5 10 11 11 -1 0 5 -1
19412 0 1 14 -1
4174 12 13 -1 7 -1
21376 0 11 -1 0 0 1 1 3 5 10 -1
1524 0 13 -1 0 -1 0 0 1 3 13 -1
15398 15 -1 1 15 -1 4 -1 15 -1 4 15 -1 4 -1
5458 0 0 1 10 11 -1 0 10 -1 0 3 -1
29471 3 6 -1 0 3 3 6 6 -1
22319 1 1 5 5 -1 5 -1 1 -1 7 -1
573 1 -1
31610 0 0 9 -1 0 1 9 -1 0 0 5 5 -1
7143 6 12 12 -1 12 12 13 13 -1
6947 7 -1 13 -1 0 5 -1 0 7 13 -1 1 -1 7 12 -1
27612 4 14 -1 2 5 7 10 10 -1 9 -1 1 6 11 13 -1 0 -1
23400 0 -1
27467 3 -1 6 -1 3 -1 3 6 -1
4615 0 1 1 5 -1
10838 5 6 -1 5 -1 0 -1
3928 0 1 -1
1487 0 0 0 1 10 -1 0 1 -1
13517 10 -1
10135 0 0 1 2 -1 0 13 -1 3 -1
26643 0 0 11 -1 11 13 -1 6 -1 3 -1
6717 5 -1 1 9 -1
5035 0 -1 1 2 -1 5 -1 1 -1 0 -1 3 -1 0 11 -1
2161 0 1 -1
8458 0 1 1 -1
11927 6 -1 0 -1 3 -1 0 -1
14408 0 0 5 6 6 -1 0 -1
1246 3 -1
12657 0 3 -1 0 0 3 -1
24200 0 1 -1 0 0 0 3 3 13 -1 0 -1
2925 0 6 8 -1 0 3 3 8 -1 6 -1 5 -1 6 14 -1 3 -1 8 -1
1403 8 -1 0 8 -1 0 -1 8 -1
16825 0 11 -1
6237 6 8 12 12 -1
23426 0 -1 0 5 5 6 -1 0 5 -1 6 -1
5523 5 12 13 -1
12077 13 -1
9249 0 0 13 13 -1 0 0 0 1 2 -1 1 -1 0 -1 13 -1 0 -1 0 4 -1 13 -1 0 -1 13 -1 0 -1 13 -1 0 1 -1 0 5 -1
12703 0 -1 0 14 -1 1 -1 1 13 13 -1 1 -1
21658 0 0 10 -1
2893 0 3 -1 2 -1 1 2 -1
29617 5 -1 8 -1 2 8 -1 3 5 -1 3 4 6 -1
23049 1 11 11 11 13 -1 13 -1 11 13 -1 6 11 13 -1
7928 8 12 -1
25970 5 -1 0 14 -1 0 5 -1 0 -1
26508 13 -1 3 -1 0 -1 6 -1 0 0 6 14 -1 14 -1
8464 1 10 -1 0 -1 5 6 -1 5 -1 5 6 -1
27561 6 9 14 -1 5 5 6 -1 9 -1
30546 0 1 -1 0 -1
16333 0 1 9 -1 3 5 6 -1 6 -1 6 14 -1
26040 0 -1
20352 3 -1 7 -1 13 -1 12 -1 12 13 -1 13 -1
4856 0 6 -1 0 6 -1 0 -1 6 -1 0 1 6 6 -1
598 0 -1 10 -1
2703 0 6 -1 3 -1 0 6 12 12 -1 7 -1
18467 1 8 9 -1
21958 0 6 -1
4263 11 -1 1 1 11 -1 10 -1 1 10 -1 11 -1
24679 0 1 -1
5081 1 7 -1 7 -1 3 4 10 16 -1
15648 3 5 -1
22164 6 8 -1 1 6 8 12 -1 5 5 6 -1
6163 5 -1 7 13 14 -1 1 3 6 7 -1 3 -1
21479 16 -1 0 5 -1 16 -1
9180 0 0 1 -1
8375 0 13 -1
936 0 0 13 -1
17693 0 -1 0 1 3 -1 0 -1 6 6 9 -1 9 -1 0 -1 9 -1
18448 3 -1 1 -1 2 -1 1 4 -1 0 1 -1
27215 2 -1
28200 0 -1
21397 8 -1 6 -1 6 8 -1
18406 11 -1 2 5 11 -1 5 11 -1 5 11 -1 5 11 11 -1
12338 3 -1 0 9 -1 5 9 9 11 -1
2288 0 0 2 10 -1 0 1 -1 0 -1 5 -1 0 0 0 5 5 -1
16650 0 6 -1 0 -1
11207 0 -1 0 6 -1 0 3 9 -1 0 2 -1 0 9 -1 9 -1
21603 11 -1 1 -1
24879 3 -1 1 7 -1 13 -1 1 1 2 -1 2 -1
12711 5 5 5 5 6 6 6 6 8 -1
24555 5 5 5 6 6 -1 5 6 8 -1 12 -1
17480 0 6 -1 3 -1
17330 0 10 11 -1 1 -1 3 4 10 10 -1 0 1 -1
30232 3 3 7 -1 8 -1 3 -1 7 8 -1
29063 0 3 -1 6 -1 3 3 6 6 -1 3 -1 3 3 6 6 -1 6 -1 3 6 -1 3 -1 6 -1 3 6 -1 3 -1 6 -1 3 -1
7953 6 -1
15870 0 -1 0 9 -1 5 -1 14 -1 9 14 -1
25756 0 -1
19152 0 -1
13489 0 6 -1 0 11 -1 0 -1 1 11 -1
4387 0 1 5 -1
29910 0 -1
4365 0 -1
5556 0 -1 10 -1 0 0 0 3 11 14 -1 14 -1
1348 1 14 -1 0 1 1 7 14 -1 4 5 -1
30914 0 0 13 -1 9 -1 0 0 9 -1
3203 7 -1 0 -1 7 -1 0 7 -1 0 7 -1 0 0 7 -1 7 -1 0 0 7 7 -1 0 -1 7 -1 0 -1 0 7 -1
23025 0 1 -1
5549 1 -1 5 -1
24942 4 7 7 -1
12239 11 13 -1 0 0 6 9 10 12 12 13 13 -1
26600 0 0 0 0 0 0 1 1 1 5 13 -1
9156 0 1 -1 0 0 0 1 1 -1
24794 0 13 -1 0 -1 10 -1
1822 0 -1 0 11 -1
28660 3 6 8 -1 6 -1 0 3 3 8 -1
24463 0 -1 0 5 -1 1 -1 0 1 5 6 11 -1 7 -1
30354 1 5 5 -1 3 5 -1 3 -1 5 -1 3 5 -1
7501 0 1 -1 1 -1 8 -1 0 -1
20342 8 -1 3 -1 8 -1 3 -1 4 -1
25000 5 14 -1 13 -1 1 -1
16533 0 -1
31081 0 -1 2 -1 0 -1 4 10 13 -1
19314 0 0 1 8 -1 1 2 2 16 -1 6 -1 11 -1
8361 5 -1
17731 0 1 3 6 -1 1 -1 6 -1 1 2 -1 6 -1
9094 0 0 13 -1 13 -1 0 0 10 13 -1
24604 3 5 8 -1 8 -1 12 -1 12 13 -1
14041 0 -1 0 5 13 -1 3 6 -1 3 -1 0 -1
1087 0 0 6 -1 0 13 -1 9 -1 14 -1 2 -1 2 14 -1 14 -1 2 -1
11518 8 -1 0 10 -1 8 -1 0 8 -1
7444 0 1 9 9 13 13 -1
28787 10 -1 3 -1 2 -1
28916 12 13 -1
25525 0 0 0 1 5 13 14 -1 3 6 -1
20130 12 13 -1
3958 0 10 -1 0 -1 1 -1 0 3 9 9 11 11 -1 0 -1
21897 5 8 -1 6 8 -1 3 -1
27229 5 5 6 -1 6 -1 5 -1 5 6 -1
9500 4 5 9 12 14 14 14 -1
22186 0 -1 0 2 11 -1 0 0 1 1 -1
12756 3 -1 1 5 -1
17172 0 5 -1 1 5 5 9 9 -1 1 -1 9 -1
13400 0 -1 11 -1 0 0 3 6 6 11 -1 3 -1 6 -1
27285 3 5 5 6 8 -1 3 8 -1 5 8 -1
28173 6 -1 3 -1 0 -1 11 -1 0 11 -1
13083 0 0 1 3 8 -1
6342 7 -1 5 -1 5 6 -1 5 6 -1 7 -1 1 -1 7 -1
18145 0 6 -1 3 -1 0 0 5 -1
3476 0 1 9 -1 0 11 -1 9 -1 2 11 -1 0 -1 4 -1 1 -1
8462 0 0 3 6 13 -1
6494 0 7 -1
3353 0 0 3 -1
8606 7 -1
25311 0 -1
26734 0 1 -1 0 -1
14758 5 5 14 -1 5 6 -1 6 -1 5 -1 5 6 -1
6920 1 5 -1 3 -1
1751 0 0 11 -1 2 -1
19988 1 -1 0 1 1 14 -1 5 7 9 -1 4 10 -1 2 6 -1 1 1 11 14 -1 0 1 13 14 -1
4334 0 8 -1
481 0 2 -1
5596 12 -1 13 -1 1 -1 0 3 6 -1 3 -1
23347 0 3 -1 0 0 5 5 -1
11688 1 -1 13 -1 5 -1 0 1 1 -1 2 -1
18364 0 2 13 -1 16 -1 0 0 1 -1 0 1 -1 1 -1 0 -1
15136 0 4 -1 4 -1 0 -1
22576 0 -1 0 1 -1 0 0 4 4 -1
16475 0 -1 1 -1 0 0 1 -1 0 0 1 13 -1 0 3 13 -1 0 -1
8023 0 5 -1 5 6 -1 0 0 6 6 -1
11314 7 -1 0 -1
16038 1 14 -1 1 -1 1 1 14 14 -1 1 14 -1
19912 6 -1 0 3 9 -1 0 -1 1 -1 0 -1 1 -1
18878 11 -1 7 9 -1
27580 1 2 3 5 8 10 10 11 -1 9 -1
25534 0 0 5 -1 6 -1 3 6 -1 3 -1 0 1 9 -1 5 9 -1 1 3 6 -1 1 6 -1 3 6 9 -1 3 3 6 -1 1 5 -1 9 -1 5 11 -1 9 -1
15953 0 -1
25340 0 1 14 -1
17035 0 -1 0 1 13 -1
12600 0 -1 5 -1 0 0 2 3 -1 3 -1
7628 0 5 5 6 -1 6 -1
18677 6 -1 3 -1
5519 0 0 2 -1
6840 0 5 5 14 14 -1 0 14 -1
26975 0 -1 1 -1
9211 3 6 -1 0 10 -1
11151 1 -1 2 13 -1 10 -1 4 7 -1 5 -1
24102 0 -1 1 5 9 -1
31121 0 -1
21969 0 -1
28724 0 0 13 -1
18981 0 0 10 13 -1
9750 8 -1
10339 0 5 -1 0 -1 5 -1 0 0 2 5 -1
29060 0 -1
13232 0 6 10 -1
31665 0 11 -1 0 -1 0 11 -1
10915 7 -1
25179 8 -1 6 -1
15546 0 10 -1 0 11 -1 0 0 11 11 -1
19458 0 1 -1 0 11 13 13 -1 0 0 2 11 -1 1 10 -1
31573 2 8 -1 1 -1 6 8 11 11 13 -1 3 -1
19174 0 0 6 6 -1 0 -1 0 6 -1 1 -1 6 -1 0 6 -1 0 -1 6 -1 0 0 6 -1 6 -1 0 6 -1
1195 0 10 -1
21911 0 0 11 -1 1 11 -1 0 0 11 -1 0 11 -1 11 -1 0 -1 0 11 11 -1 0 11 -1 9 11 -1 0 -1 0 6 11 11 -1 0 6 -1 6 6 11 -1 0 -1 11 -1 0 -1 2 -1 11 -1 0 -1 11 -1 0 11 -1 6 -1 0 -1 0 0 6 11 11 11 -1
28907 5 -1 0 1 -1 0 4 5 -1
2021 0 -1
24218 0 3 -1 0 7 10 -1 0 7 10 16 -1
22158 8 -1 0 8 -1 0 7 -1 3 14 14 -1 2 -1 8 -1 0 5 11 14 14 -1
27847 5 -1 0 -1 1 -1 0 -1 3 -1
12102 0 -1 9 -1 0 2 -1
2879 5 14 -1 5 -1
22995 1 -1 0 -1 1 3 6 -1 1 3 -1 1 3 6 -1
20036 6 8 12 -1 0 -1 5 -1
30214 0 -1 0 0 6 10 -1 0 1 1 -1 0 6 -1 0 3 -1
23375 13 16 -1
24179 0 0 10 11 -1
30805 0 -1 1 -1 0 -1
21056 0 1 -1 0 1 -1 0 0 11 -1 3 3 6 -1
30176 0 -1
1258 6 -1
4620 0 11 -1 0 -1 11 -1 0 0 6 11 -1
14141 0 5 -1 1 6 -1
20262 0 -1 0 0 1 9 -1 0 1 -1 0 9 -1 1 -1
4490 0 -1 1 -1 0 3 -1
5649 0 5 -1 0 5 -1 0 -1
47 13 -1 0 -1 1 -1 16 -1 6 -1
29902 2 -1 1 3 -1 1 6 -1 1 6 -1 1 3 -1
25589 0 0 0 1 11 16 -1 0 1 -1 0 11 -1 0 -1 10 -1 13 -1
3492 1 3 -1 7 -1
6352 9 -1 0 0 9 -1
27518 0 0 6 6 -1
7943 0 -1 0 1 5 -1 0 5 6 6 -1 1 -1 0 1 -1 0 -1 1 -1
16660 0 -1 0 3 -1 1 -1 0 -1 0 0 9 10 -1
15537 0 8 -1 1 4 -1
21205 1 -1 0 3 -1 0 0 3 -1
26839 0 2 13 -1 10 -1
22591 13 -1 0 -1 11 -1
9804 5 8 8 10 10 16 -1 16 -1
1326 0 3 3 6 -1 0 0 3 3 6 6 -1 3 -1 3 6 -1
13194 0 5 -1 6 -1 1 5 11 -1 5 7 -1 5 -1 6 -1
9046 0 -1 0 1 -1 0 1 -1 0 1 -1
13804 0 -1 2 -1 0 1 -1 0 2 5 -1 4 -1 1 2 2 -1 1 -1
25458 0 -1
20166 1 7 -1 0 -1
10089 7 8 -1 1 8 -1 7 7 12 -1 1 -1
2561 8 -1 0 0 8 11 -1
17350 12 -1 8 -1 0 -1 11 -1 2 3 -1
12224 0 0 0 3 6 6 7 8 -1 0 0 6 6 -1
18315 0 11 -1 0 10 -1 2 -1 0 10 -1 0 -1 4 -1
8979 0 1 13 -1 0 1 -1 0 -1
31671 0 3 -1 0 1 -1 0 -1 1 -1 0 13 -1
25191 5 -1 5 5 6 10 14 -1 5 6 -1 5 6 -1 5 7 -1
13442 0 -1 0 5 5 -1 1 -1
30334 0 5 -1 0 1 -1
30254 0 1 2 -1 1 4 11 -1 0 5 -1
25696 10 -1
24497 0 -1 0 0 0 1 3 9 -1 3 -1 0 -1
16765 0 11 -1 0 -1 1 6 -1 0 -1 13 -1 0 13 -1
12959 6 -1 0 -1 0 2 6 -1 6 -1 0 -1
19833 0 -1 0 11 -1 0 10 13 -1
31303 0 -1
13399 0 -1
22817 0 1 8 10 -1 1 -1 3 -1 6 -1 3 -1
5042 3 8 -1 7 -1
23707 8 -1 3 -1 8 -1 7 -1 1 -1 6 -1 3 -1 8 -1
13162 0 -1 2 9 -1
10905 0 -1 0 0 0 11 11 13 14 -1 0 -1 0 13 -1
26639 0 9 -1 14 -1
17858 0 0 10 -1
14209 3 6 6 9 -1 0 5 9 -1 5 -1 9 -1
20125 0 -1 1 3 -1 0 -1 2 -1 0 -1 10 -1 2 -1
26561 0 -1 10 13 -1 0 -1 1 -1
23486 5 11 -1 0 3 -1
14029 1 -1 0 -1 1 -1 0 1 1 5 -1 0 2 -1
24136 2 -1 0 2 -1 0 -1 2 -1 0 -1 2 -1 0 2 -1 0 2 -1
18708 0 2 -1 0 -1
3154 3 -1
2849 0 1 5 -1
293 5 8 12 -1 12 13 -1 8 -1 11 -1 12 13 -1
28818 5 -1
28261 6 -1 0 -1 6 -1 0 0 5 6 6 10 11 -1
29649 0 -1 0 13 -1 14 -1 4 -1 0 7 14 -1 14 -1 10 -1 14 -1 0 13 14 -1 1 -1
9831 4 -1 0 13 -1 4 -1 0 -1 0 4 4 -1 0 -1
16847 5 -1 0 5 5 6 -1
16569 1 -1 0 0 1 1 8 -1 10 -1
4668 12 -1 6 7 12 -1 7 13 -1
18858 0 -1 14 -1 0 10 -1
4618 1 -1 1 6 11 -1 2 -1
29495 1 3 3 6 8 -1
21696 3 3 6 6 -1 9 -1 0 -1 1 -1
5506 3 8 -1 1 1 1 3 8 9 9 11 -1
5028 2 -1 2 12 13 14 -1 6 12 -1 3 -1 1 -1 3 -1 3 3 3 6 6 6 -1
24473 0 0 0 9 9 -1 11 -1 0 -1
28752 0 -1 3 3 6 -1 3 6 -1 0 1 1 -1 0 -1 1 -1 1 5 -1 6 -1 0 1 3 -1 3 6 -1
30658 5 -1 2 -1 4 -1 3 6 -1
16995 5 11 -1 12 -1 0 9 -1 6 -1 0 0 6 6 -1
31413 0 0 11 -1 0 3 3 6 -1 0 -1 3 -1 0 -1 3 6 -1 0 -1 0 11 -1 3 -1 0 -1
14582 0 3 -1 1 -1 2 11 -1 10 11 16 -1 10 -1 16 -1
5202 0 0 0 1 16 -1 0 3 -1
30129 0 0 0 2 2 16 -1 0 0 3 -1
723 0 -1 9 -1
27633 1 -1 0 -1 1 -1 5 8 9 -1
29127 8 -1
12520 0 -1
915 7 -1 1 -1 1 1 7 7 10 10 -1
4605 5 -1 0 0 6 6 8 8 -1 0 -1 5 -1 0 -1 14 -1 0 1 -1 0 1 -1 0 -1 1 -1
28046 0 2 10 13 -1 0 1 3 5 -1 0 -1
14016 0 0 5 -1 0 5 -1 5 -1 0 -1
26629 0 0 1 13 -1
27433 3 6 -1
26045 5 14 -1 5 -1 4 10 14 14 -1
19322 0 -1 0 10 -1 10 16 -1 10 -1
29042 0 13 -1 0 13 -1
8799 0 1 -1
4649 11 -1
31010 0 0 0 6 6 10 -1
29054 0 -1 2 6 -1 1 -1 1 13 -1 3 7 -1 0 2 10 -1 2 9 -1 1 2 -1 1 -1 9 -1 2 -1 2 11 11 -1 14 -1 9 -1 4 11 -1 5 -1 0 1 4 -1
28269 0 4 -1 0 5 -1
1224 0 -1 1 -1 0 2 -1 1 -1
28869 0 0 0 1 1 1 1 2 -1
16672 0 12 12 -1
20267 0 1 -1 0 9 -1 0 -1 1 -1 0 -1 0 1 -1 0 3 -1 1 -1 0 3 -1 0 1 -1 0 -1
16791 12 -1 3 -1 3 6 6 -1 3 -1
19393 8 -1 0 -1 1 -1 5 -1 16 -1 1 -1 3 -1 0 -1
15498 1 -1 2 -1 1 -1 2 2 13 -1 5 -1
14056 0 -1
30036 0 -1 10 -1 0 -1 11 13 -1
16556 0 11 -1
16994 0 -1 5 9 -1 1 -1 0 5 -1
6694 13 -1 16 -1 3 -1 1 -1 5 7 -1 6 -1 5 -1 6 -1
17232 0 -1 1 6 -1 0 -1 0 0 1 3 5 -1
29321 1 2 2 -1
320 1 14 -1
22455 0 -1
22755 0 11 -1 1 5 6 -1
18813 1 -1 0 -1 1 -1 0 0 6 -1 6 -1
1567 0 0 3 11 11 -1 0 -1 2 -1 0 0 5 11 -1 0 -1
7938 11 -1
22744 0 -1
12122 9 -1 6 -1
25601 1 1 7 7 14 -1
17207 3 8 -1 0 0 13 -1 13 -1 7 8 8 -1 7 -1 8 -1
7217 0 16 -1 1 -1 0 2 5 6 16 -1 3 -1 0 11 -1 1 -1
15283 2 2 4 4 5 5 5 -1 5 -1 2 4 -1 2 -1 1 5 -1 5 -1 2 -1
16202 2 -1 8 -1 3 -1 3 8 -1 8 -1
12595 0 -1 0 0 13 13 -1 0 0 0 13 13 13 -1 0 13 -1 0 13 -1
20822 0 -1
12176 0 1 6 -1 0 6 -1 14 -1 0 -1
203 0 11 -1 0 -1 0 1 11 14 -1 0 3 -1
23201 1 -1
4372 0 10 -1 0 -1 0 4 -1 4 4 8 8 8 -1 9 -1
16683 0 -1
20620 2 -1 0 5 6 -1 5 6 -1
23984 0 9 -1 0 -1
16646 5 9 14 14 -1 2 8 11 -1
20592 3 10 10 14 16 -1 10 -1 14 -1 5 -1 5 6 -1 5 14 -1
22866 0 13 -1
31132 2 -1
15355 0 5 -1 7 -1 0 -1 3 6 -1 0 0 3 3 6 7 -1
30674 0 0 0 6 13 -1 13 -1 0 -1 1 -1 0 -1
19409 5 6 12 12 12 -1
7907 0 0 11 -1 3 11 -1 13 -1
1121 0 5 -1
29639 8 -1
21266 0 0 10 -1 0 0 9 13 -1 0 11 -1 11 -1
13953 14 -1 9 -1 2 14 -1 14 -1
3475 0 1 -1
1614 11 -1
26695 6 -1 5 6 -1 9 -1 6 -1
5626 2 3 -1 0 0 1 1 -1 5 -1 0 -1 9 -1
8313 0 -1 4 -1
25374 4 -1
11873 0 0 11 11 13 -1 0 -1 9 -1
29281 0 -1 11 -1
18572 0 -1 1 2 3 -1 0 -1 16 -1 1 2 -1 2 4 10 -1 0 -1
31147 14 -1 1 11 -1 9 10 13 -1 2 3 -1 4 5 -1 1 -1
16915 5 -1 2 -1 6 -1 0 -1
23803 13 -1 0 1 -1 0 1 -1 0 6 6 -1
23546 0 1 1 1 10 14 14 -1 5 -1 5 6 -1
3873 7 8 -1 1 13 -1 1 13 -1 13 -1 3 -1 5 -1
11594 0 -1 1 -1 9 -1
5475 0 5 -1
13969 5 8 -1 5 -1
28126 0 14 -1 0 -1 13 -1 0 -1 0 0 1 14 -1 14 -1
24630 0 9 9 -1
993 13 -1 0 -1 1 -1 0 0 11 -1
29090 0 0 1 2 -1 0 0 1 11 -1 10 -1 1 -1 0 -1 11 -1 0 2 2 9 10 -1 0 1 11 -1
16242 0 -1 11 -1 0 -1 0 0 1 1 2 -1 0 2 -1
9335 0 1 -1
13185 5 9 9 9 14 14 14 -1 9 -1
8837 3 5 6 -1
15411 0 11 -1 0 0 13 -1 1 -1 0 -1 3 6 6 -1 3 -1
12081 9 -1 1 9 -1 1 -1
3868 0 -1 0 11 -1 5 -1 0 13 -1 0 11 -1 0 -1
19646 0 -1 1 -1 1 3 6 -1 0 1 -1 0 1 -1
29259 0 -1 2 -1 2 11 -1 0 -1
28979 0 13 -1
16967 0 0 1 -1
21453 1 3 -1 0 11 13 -1 3 6 14 -1 2 9 10 -1 4 5 6 -1
14680 1 -1 1 5 5 6 -1 6 -1 1 -1 1 5 -1
24265 6 -1 0 13 13 -1
26376 0 11 11 -1
14241 5 -1 1 5 -1
1687 0 0 3 -1 0 0 3 10 -1 3 -1
23752 3 6 6 -1 3 -1
17332 0 6 -1 10 -1 0 6 6 -1 0 6 13 -1
30646 1 9 -1
31292 0 8 11 -1 0 -1
2025 0 -1 10 -1
18698 1 -1 14 -1 1 -1 3 -1 6 -1
23771 3 -1 0 6 -1 0 1 13 -1 0 1 6 -1
8617 11 -1 0 -1
8546 6 -1
13615 0 -1 0 1 10 14 -1 1 -1 14 -1
329 0 -1 0 3 -1
29346 5 11 -1
3940 6 9 -1
3967 0 16 -1
7004 13 -1 12 -1
5096 0 6 -1
7970 0 1 -1
21208 5 -1 14 -1 4 5 14 -1
19238 1 -1
7160 3 6 12 12 13 -1 1 5 -1
7335 0 0 1 6 -1 1 1 5 9 -1 0 0 10 11 -1 0 -1
23337 5 5 5 6 6 12 -1 5 -1
12108 5 -1 3 -1 6 -1 3 6 -1 3 -1 6 -1 3 6 -1 3 3 6 13 -1 6 13 -1 3 -1
11698 10 -1
10297 1 -1 5 -1 0 1 1 14 -1
24504 0 1 1 6 -1 1 2 -1 10 -1 16 -1 10 -1
22400 0 0 9 -1 0 9 -1 6 -1 0 3 -1 0 6 -1
2480 5 -1 0 10 -1 0 11 -1
22549 1 4 7 -1 0 1 1 4 5 14 -1 14 -1 0 -1 1 2 6 -1 2 5 11 -1 5 7 13 -1
11996 0 -1
25005 0 -1 5 -1 0 1 4 -1 5 -1 0 1 5 -1
22740 0 0 13 -1 11 -1 0 -1 2 9 -1 10 14 -1
19915 8 -1
2113 0 -1 2 -1 0 11 11 -1 0 -1
6333 0 -1 0 0 8 13 -1 13 -1 0 1 3 -1
1172 3 7 -1 7 -1 6 -1
22231 0 -1
28774 9 -1
6554 5 -1 14 -1 5 5 6 -1 6 -1 5 -1 14 -1 0 8 -1 1 5 -1 5 6 -1
30536 1 -1 0 9 -1 2 -1 0 9 -1 9 -1
17585 0 0 1 -1 1 -1 0 10 -1 0 10 -1 0 -1 5 -1 0 -1
14875 0 1 -1
16317 8 -1 0 7 8 -1 6 -1 0 -1 3 -1 0 -1 5 -1
28996 0 0 1 1 11 14 -1
2823 0 -1 2 -1 6 11 -1
16545 0 -1 4 -1 0 0 13 -1 0 4 -1
15268 0 2 10 -1 0 -1 1 -1
13333 5 14 -1 5 -1
19487 11 -1
15406 0 1 -1 0 -1 0 11 -1
6426 13 -1 8 12 -1 3 -1 3 8 -1
21932 0 11 -1 0 -1 11 -1 0 -1 0 11 11 -1 0 -1
13507 0 -1
28494 6 -1
23757 0 -1 6 -1 3 -1
31389 0 0 3 11 -1 0 11 -1 0 0 4 11 -1 0 10 -1
7130 8 -1
7451 0 9 -1
10259 7 11 -1 1 -1
21925 5 14 -1
6707 1 3 -1
13051 6 13 -1 11 -1 3 6 16 -1 3 13 -1 0 10 16 -1 13 -1 0 1 14 -1 10 -1 16 -1 0 5 -1 1 -1 14 -1 0 1 -1 5 -1 14 -1 1 -1 4 5 7 -1 14 -1 10 -1 2 -1 9 -1 6 -1
10194 0 -1 11 -1 0 -1 11 -1
18426 0 0 1 1 -1 0 1 -1 0 0 1 1 -1 0 0 1 1 -1
21470 6 8 -1
21876 4 -1 0 0 4 -1 1 -1 0 0 4 4 -1 0 4 -1 0 2 9 -1
8998 0 -1 0 1 1 -1
4982 0 -1 6 -1 0 -1 6 -1 0 0 6 6 -1
5252 1 3 3 6 6 6 6 -1
15596 5 -1
21258 1 3 -1 1 5 -1 1 13 -1 13 -1 1 -1
9743 0 10 -1
26646 5 -1 7 -1 1 7 -1
28009 0 0 5 11 14 -1
4467 9 -1 5 -1
12813 5 5 6 -1 3 -1
12840 0 13 -1 0 13 -1 0 -1 1 2 -1
28089 0 -1
17001 11 -1
22078 0 7 -1 7 -1 0 7 -1 0 -1 7 -1 0 -1 7 -1 0 -1 7 -1 0 -1 0 0 7 7 -1 7 -1 0 7 -1 0 -1 0 7 -1
16987 11 -1 0 1 7 8 10 11 -1
21472 6 -1 3 -1
25061 7 -1
14917 4 5 8 -1
6408 0 -1 1 -1 0 1 -1
20651 3 6 -1
28329 1 13 -1 2 -1 13 -1 2 -1 3 10 -1
26960 0 -1 0 1 3 3 6 -1 3 -1
25947 6 8 -1 6 8 -1 8 -1 3 -1 6 -1 3 6 -1 3 -1 6 -1 3 -1
23930 3 6 -1
2898 3 16 -1
30110 6 8 -1 0 11 -1 1 1 3 -1 7 -1 1 -1 11 -1
9562 0 -1 13 -1 0 -1 0 11 -1
23922 10 -1
19128 0 1 -1
13402 3 10 10 10 11 16 -1
14335 0 2 -1 9 -1 0 3 5 6 9 -1
25331 0 1 2 9 -1 1 -1 0 -1 1 1 5 -1 1 10 -1 0 0 0 5 14 -1 0 5 -1 0 1 -1 2 -1
5970 6 -1
14283 0 -1 0 1 -1
20150 0 1 2 -1 2 -1 1 2 -1 0 1 2 -1
27391 1 -1 0 0 10 -1 0 0 1 1 -1 1 -1 0 -1 1 -1
31737 0 6 -1 0 1 -1
13350 0 9 -1 0 -1 1 -1 0 1 -1 9 -1 1 2 -1 11 -1 2 -1
25693 1 7 7 -1 6 -1 3 7 13 -1 1 7 -1 0 6 8 8 -1
20064 0 -1 7 -1 6 -1 1 3 3 6 -1 6 -1 3 -1
6225 3 3 5 -1 5 6 -1 6 -1 5 -1
6842 5 -1 14 -1 5 6 -1 6 14 -1 5 14 -1 5 -1
15898 0 -1 11 -1 0 -1 1 -1
23372 0 13 -1 0 0 3 3 11 -1 0 -1
27355 0 -1 0 1 6 -1 0 3 13 -1 0 -1 0 1 9 -1 0 -1 0 2 -1
17156 0 6 8 8 -1 8 -1 0 0 8 -1
10040 0 3 -1
18040 3 -1 0 1 2 -1 2 5 13 -1 1 -1 2 -1
27324 9 -1 0 -1
11766 5 6 -1
3531 0 -1 11 -1 14 -1 9 11 -1 16 -1 9 -1 0 -1 1 -1 6 11 13 -1 3 9 -1 2 -1 10 -1 5 -1 4 4 7 -1 0 1 14 -1 1 1 5 -1 11 -1 13 -1 2 9 -1 5 10 -1 2 4 7 11 13 -1 5 11 13 15 -1 13 -1 1 2 14 -1 10 11 13 -1 3 -1 2 3 9 10 -1 4 -1 5 -1 7 -1 1 -1 7 -1
3023 0 -1
1990 0 -1 9 -1 1 9 -1
26895 0 0 16 -1 11 -1
16239 0 5 -1 0 0 5 6 -1 6 -1 0 5 -1 0 -1
21361 0 5 -1
6630 0 -1 3 8 -1
17811 0 -1 6 7 -1 3 -1 3 3 3 6 6 7 7 -1
19042 13 -1
17094 0 -1 1 -1
31197 0 -1 1 5 11 -1 6 -1 3 -1 5 -1 2 -1
15344 3 3 6 6 -1
24989 1 13 -1 0 1 -1 5 -1 0 1 1 3 6 -1 1 13 -1 0 -1 13 -1 0 13 -1
18570 0 0 10 -1 0 4 9 -1 0 -1 0 1 -1 0 1 -1 1 -1 9 -1 0 -1 1 -1 0 -1 3 -1 0 -1 0 10 10 -1 0 -1 10 -1 0 -1 0 5 -1 5 -1 0 -1 5 -1 0 4 -1 0 0 4 -1
6885 10 -1 0 -1 11 -1
1352 0 0 3 6 -1 0 -1
31175 1 -1
2105 8 -1
7579 1 -1 3 5 6 6 10 -1 3 -1
13698 0 6 -1
11593 0 2 -1 0 -1 1 -1
8498 8 -1 3 5 -1 3 6 -1 4 6 9 9 9 9 14 -1
8674 0 -1 0 1 -1 1 -1 0 -1
24487 0 1 14 -1 14 -1 1 4 14 14 -1 0 13 -1
3392 0 -1 0 11 -1 16 -1
19033 1 3 -1
14803 0 -1 1 -1
6663 13 -1
16933 1 5 -1 1 3 -1 6 -1 3 -1 6 -1 3 7 9 -1 5 -1 9 -1
11035 0 13 -1
7604 11 -1 1 13 -1 11 -1 11 13 13 -1 11 -1 11 13 -1
23878 0 0 9 -1 4 -1 0 3 -1 0 14 -1 10 -1
24415 0 5 -1 0 5 -1
22437 0 13 -1
16499 5 -1 1 1 5 6 9 -1 5 15 -1 5 -1 1 3 5 6 10 -1
29666 13 -1 0 13 -1 0 0 13 -1 9 -1 0 0 9 -1 13 -1 0 9 -1 0 9 -1 0 0 0 9 14 -1 0 9 -1 0 9 -1 0 9 -1 0 9 -1 0 9 9 -1 0 -1
25599 0 -1 0 10 -1 0 0 0 0 3 3 3 6 -1
11569 0 6 -1 0 -1
4558 8 -1 0 6 -1
18606 0 16 -1
6724 0 1 6 -1 3 6 -1 3 -1 6 -1 0 3 5 -1 6 -1
17805 1 -1 10 -1
17604 0 -1 9 -1 0 -1 0 1 -1 6 10 -1 0 1 -1
21414 0 -1
5931 9 11 -1
3002 3 6 7 -1
20792 0 -1 9 -1
10025 0 -1 3 -1 0 -1 0 3 -1 13 -1 0 0 0 5 9 11 -1
22517 0 0 10 -1 0 2 2 -1 0 4 -1
2583 5 -1 8 -1 3 5 8 -1 8 -1 12 12 13 -1
5173 10 -1 0 5 -1 0 1 -1 0 1 2 -1 0 1 -1 0 3 -1 1 3 -1 0 1 -1
17795 0 -1 0 2 6 6 6 -1 0 0 6 -1
3046 0 -1
18770 5 -1
18198 8 -1 6 -1 0 -1 3 -1 9 -1 3 9 -1
5391 0 -1
21013 14 -1
27537 5 6 -1 6 -1 5 5 6 -1
28894 5 -1 6 -1 3 6 -1 3 -1 1 3 6 -1 3 6 -1 1 -1 3 -1 1 -1
10764 0 1 -1 0 1 -1
16057 1 -1
18842 3 -1 11 -1 3 -1
6627 0 0 1 2 3 6 -1
2437 8 -1 0 -1 5 6 8 8 -1
18807 0 1 -1 0 -1 0 0 1 2 2 -1
3712 5 -1 5 5 6 14 14 -1 6 -1 2 4 14 14 -1
5268 6 -1 3 6 -1 3 -1 1 3 6 7 -1 6 -1 3 6 -1
31282 5 5 8 14 -1 14 -1 8 -1 3 -1
20573 0 6 -1
24459 0 -1
26020 0 0 13 13 13 -1
20108 5 -1 0 1 -1 0 -1 1 -1
22627 0 -1 0 3 -1 0 11 11 -1 0 3 -1
18034 0 -1 10 -1 1 -1 11 -1 0 2 -1 1 -1
21175 0 -1 0 0 1 1 4 5 10 16 -1 1 2 -1
21862 0 -1 1 11 14 -1 10 13 -1 16 -1 3 -1
10004 7 10 -1
15323 8 -1 0 -1 1 -1 6 9 -1 3 3 6 -1 5 -1 6 8 -1
24735 0 -1
11941 8 -1 3 8 -1 3 3 14 -1 6 -1
17574 1 2 -1 14 -1 1 -1
31376 0 -1 10 -1 0 16 -1 0 -1 0 1 11 -1 0 -1 2 -1 0 2 -1 0 -1 0 2 -1 0 1 -1 0 1 9 9 -1 0 0 9 -1 9 -1 0 3 -1 1 -1 0 1 -1 13 -1 0 -1
28533 0 0 1 2 -1 0 -1
30049 0 0 3 -1 16 -1 0 11 -1 0 -1 0 1 -1 0 3 10 -1
24222 0 13 -1 11 -1 10 -1
10237 7 8 12 -1 0 -1 6 -1 3 -1 0 3 6 -1 8 -1 7 -1
5047 7 -1
3037 5 5 6 6 -1 5 8 -1 6 -1 8 -1
21418 12 -1 12 13 13 -1 12 -1 13 -1 12 12 12 13 13 -1
24491 0 -1 11 -1 0 -1 7 11 -1
23194 0 16 -1 1 9 13 -1 0 -1
24095 0 0 5 -1 5 -1
10558 0 10 13 -1
16580 4 -1 1 7 14 -1 4 -1 0 5 14 -1 6 -1
14889 6 7 -1 3 -1 6 -1 3 -1 6 -1 3 7 -1 12 13 -1 13 -1 12 -1 7 -1 6 -1 3 -1 3 6 6 -1 3 7 12 -1
22440 6 -1 5 6 -1
12647 5 -1 8 -1 0 8 -1 0 10 10 -1
23720 0 1 -1
4147 0 -1
18487 0 -1 1 9 11 11 -1
5464 0 -1
20489 0 -1
25426 0 9 -1 0 -1 1 -1
19449 7 8 8 12 -1 12 -1 7 -1 8 12 -1 7 7 8 12 -1 8 -1 7 7 8 8 12 12 -1 7 12 -1 8 -1 7 12 -1 8 -1
16386 0 9 -1 0 1 3 9 -1 0 -1
969 2 -1
13242 5 6 -1 5 5 5 6 6 6 -1 1 -1 5 -1
3054 0 0 11 -1
15775 6 -1 3 -1
3192 6 9 9 -1 6 -1 6 9 -1 6 9 -1
5967 0 -1 16 -1 0 -1 9 -1 0 -1
14953 12 13 -1
24371 5 8 -1 2 8 -1 12 13 -1 6 -1
4715 6 8 8 -1 6 -1 8 -1 6 -1 8 -1 3 -1 8 -1 3 -1
6851 10 -1
6192 0 0 0 1 1 -1 1 14 -1
12643 0 0 0 0 11 11 11 11 -1 0 11 -1
1878 0 6 -1
13069 0 5 -1 9 -1 0 9 -1
3117 0 0 1 11 -1 0 0 1 -1
17165 8 -1 3 -1 8 -1 8 12 -1 1 12 -1 8 -1 1 1 8 -1
28571 0 0 1 5 10 -1 6 -1 0 -1 13 -1
1240 0 0 0 1 10 -1 5 -1 0 -1 0 9 -1 0 0 1 1 11 -1 0 -1 11 -1 0 0 9 -1 1 3 -1 1 1 3 -1 3 -1 0 -1
27381 0 7 -1 0 7 7 -1 0 7 -1 0 0 7 -1
18325 0 -1 5 -1 4 11 -1 11 -1 4 9 11 -1
29912 7 11 -1 7 11 -1 1 -1 5 11 -1
3096 0 7 -1 5 -1 0 -1 5 -1 0 5 5 6 6 -1
11930 1 -1
2307 0 -1 0 5 5 -1 0 -1 0 5 5 -1 0 5 -1 0 -1 6 -1 0 1 3 -1 0 1 -1 0 -1
20925 1 4 -1 1 3 4 9 11 -1 2 10 16 -1
9530 1 -1 0 11 -1 0 -1 3 -1 0 0 5 -1
12782 0 -1
10841 1 -1 1 3 5 6 -1 13 -1 1 -1 3 -1 1 -1
21475 6 8 11 -1 5 8 -1
1708 5 -1 10 14 -1 4 5 9 14 14 -1 1 6 -1
2425 0 0 1 -1 2 -1
7244 0 0 6 -1
28372 0 3 -1 0 10 -1 10 -1 0 -1 0 5 10 -1
27943 1 3 5 -1 9 -1 1 -1
8851 2 -1
30419 2 -1
395 0 -1 1 7 -1 9 -1
9969 0 1 3 -1 1 -1 11 -1
22404 0 4 -1 0 -1 0 1 1 -1 0 0 1 4 13 -1 5 -1 3 16 -1 6 -1 3 -1 1 -1
20057 0 1 -1 0 1 -1
10328 5 -1 5 6 -1 5 6 -1
1510 3 7 -1
6824 6 -1 0 10 -1 4 5 -1 11 -1 8 11 -1 9 -1 3 8 -1 6 10 12 12 -1
8431 2 14 -1
7681 0 -1 0 10 -1 0 3 -1
2464 8 -1 0 0 11 11 -1 3 -1
21359 0 -1
19144 1 3 6 -1 1 7 -1 1 7 -1
1144 6 7 7 12 13 13 -1
7478 0 13 -1 0 4 6 -1
6403 10 -1 0 1 13 16 -1 1 -1 4 -1 1 -1
1434 5 -1 14 -1 3 4 6 10 14 -1 6 -1 3 -1 3 6 -1 3 11 -1
31262 1 -1
22879 0 -1
25530 0 -1 0 6 -1 0 6 -1 0 6 -1
9009 7 -1 1 3 6 6 -1 3 6 -1
13685 6 -1 5 11 -1
9844 0 -1 6 -1 3 -1 0 3 6 -1
5287 0 0 13 -1 9 -1 0 0 9 -1 0 13 -1 13 -1 0 -1 0 2 -1 0 0 1 1 -1
2429 1 -1 11 -1 1 2 -1 1 1 2 -1
22633 0 -1 2 -1 0 2 -1
9714 0 11 -1 0 6 9 -1 3 -1 9 -1 3 -1 10 -1
7405 0 1 10 -1
23087 5 6 -1 5 6 14 -1 5 9 -1
22703 0 1 -1 0 5 9 -1 0 9 -1 5 5 9 -1
25136 0 10 -1
3487 0 -1 16 -1 0 11 -1 0 -1 10 -1
15966 0 -1
17732 0 -1 0 1 1 11 14 -1 7 -1 3 6 -1 0 0 5 5 6 -1 0 1 4 5 6 -1 0 0 0 0 0 4 5 5 5 5 -1 5 -1 3 -1
9830 3 7 8 -1
11174 1 10 -1 5 -1 2 4 5 11 13 -1 5 6 13 -1 1 13 -1 15 -1 6 13 -1 13 -1
691 14 -1 10 -1 10 14 -1
22827 5 -1
10445 2 13 -1 0 2 -1 1 14 -1 14 -1 2 -1 1 -1 13 14 -1 6 11 -1 2 -1 3 10 -1 9 -1 6 -1
810 5 5 6 6 -1 5 -1 6 14 -1
2936 0 1 5 5 8 -1
3630 0 1 3 6 9 -1 10 -1
18703 13 -1 0 -1
30974 5 6 -1
28231 0 0 0 1 16 -1 0 1 5 -1
14274 5 -1
30774 0 9 -1 0 0 5 6 -1 2 -1
5933 6 -1 0 6 11 -1
2045 0 0 16 -1 0 3 -1
29991 0 -1 6 -1 3 -1 6 -1 3 -1
7268 5 6 -1 5 6 6 -1 5 5 6 -1
30095 0 -1
22010 1 1 3 5 -1 1 10 -1 10 16 -1
25442 0 5 -1 0 -1 0 0 1 3 -1 0 1 1 11 -1
14956 0 1 -1 13 -1 1 13 -1 0 -1 1 -1 13 -1
10903 5 14 -1
12200 1 3 8 11 11 -1 7 13 -1
30569 0 1 1 1 5 5 10 11 -1
12935 1 5 14 14 -1 2 2 5 6 14 14 -1
24881 6 -1 3 6 -1
24399 0 6 -1 0 6 -1
28224 8 -1 10 14 -1
9208 0 1 -1
3413 0 1 -1 0 -1 1 -1 0 11 -1
5788 0 0 11 -1 11 -1 0 0 11 11 -1
30390 3 -1 2 6 -1
26753 2 4 14 -1 1 14 -1 14 -1 10 -1 7 -1 7 10 -1
4043 0 -1 9 -1 2 -1 1 -1 11 -1 0 11 -1
10956 0 0 1 2 -1
18967 0 0 5 11 11 14 -1 11 14 -1 1 6 9 10 13 -1 2 4 5 7 -1 0 -1 1 4 -1
27574 0 1 14 -1 14 -1 13 -1 14 -1
9773 0 -1 0 0 1 13 -1 0 0 5 13 -1 11 -1 0 -1 1 11 -1
24474 9 -1 0 1 16 -1
16786 0 6 10 -1 0 10 -1 0 -1 16 -1
27025 0 1 -1
157 0 -1 1 -1
22005 0 -1
12279 0 13 -1
21873 12 -1 12 13 13 -1 12 13 -1
17171 0 -1 1 -1
3012 0 3 -1 1 1 14 -1 0 0 1 3 3 6 6 14 -1
5348 0 -1 13 -1 11 -1 0 11 -1 0 -1
29782 7 -1
26519 7 8 -1 8 12 -1 7 8 -1 8 -1 7 8 -1
7233 11 13 -1 11 -1
30170 1 -1
2310 3 6 -1 3 -1
30856 0 0 6 -1 0 3 10 -1
22689 12 -1 0 -1 12 13 -1 0 13 -1
26196 0 -1 1 5 14 -1 6 -1 5 5 6 -1 14 -1 6 -1 5 13 -1
9014 3 -1 3 6 6 -1 3 -1 6 -1
11415 0 -1 0 1 11 -1 2 -1 0 -1
14641 0 13 -1 0 -1 0 2 11 -1 0 -1
14526 0 0 13 13 -1
11066 0 3 -1
6673 0 0 2 5 -1
29274 4 -1 13 -1 4 10 -1
15111 10 -1 0 1 11 -1
10793 0 -1 3 -1 6 -1 3 -1 5 -1
2708 0 0 1 -1 0 1 -1 0 1 1 -1 2 11 -1
14688 5 -1
7719 0 3 -1
19305 0 1 1 -1 0 -1 0 3 10 13 -1 0 4 10 -1 0 -1 0 11 13 -1
25243 2 -1 0 -1 1 -1 1 13 -1 13 -1 0 -1 3 -1 0 -1
25659 0 -1
20811 8 -1 5 -1 14 -1 2 4 9 10 14 14 14 14 -1 4 14 -1
8922 0 1 -1 0 -1 1 1 1 13 13 -1 2 -1
26981 2 -1 5 -1
21982 0 -1 0 10 -1 9 -1 0 -1 0 3 -1
10264 11 -1 0 -1 11 -1
12887 1 1 3 -1
8003 0 13 -1 0 3 -1
7964 0 1 -1 0 0 1 10 -1
4217 4 8 -1 4 8 -1 0 -1 8 -1
21405 0 9 -1 0 10 -1 0 -1 0 10 -1 13 -1
27987 7 -1 5 -1 5 7 -1 3 5 6 -1
30341 0 3 -1 0 -1 3 6 -1 3 10 -1 0 3 -1
5361 0 2 -1
31054 0 0 0 9 13 -1
10696 6 -1
21242 1 3 3 6 8 -1 3 6 8 -1 6 -1
14402 0 -1 11 -1
27538 0 -1 0 1 13 13 -1 0 -1
27329 0 6 -1 0 0 0 6 6 -1 6 -1 0 6 -1
29941 1 1 6 7 7 -1
27735 0 10 -1 0 -1
2469 0 5 -1 0 -1
17738 4 -1
6948 5 10 -1 5 6 6 -1 3 5 6 -1 3 -1 6 -1
23852 0 0 1 -1 5 -1 0 0 15 -1
9291 5 -1 0 1 -1 0 0 1 1 -1 0 0 0 1 1 1 -1 0 -1
29930 0 0 9 -1 5 -1 1 5 5 6 6 -1
25432 0 10 -1 0 -1 0 1 -1 1 -1 0 0 1 -1 1 -1 0 -1 0 1 -1
4513 7 -1
29221 0 3 6 -1
24412 11 13 14 14 14 -1 2 -1
5887 3 13 -1 3 8 -1 3 4 -1
26945 1 1 3 -1
5815 0 9 -1 0 13 -1 0 16 -1 0 -1
22446 0 2 2 9 10 -1 0 10 -1
26690 5 -1
6398 5 14 -1 5 -1 6 -1
16015 3 -1 3 6 -1 5 -1
25250 0 13 13 -1 0 0 0 4 4 -1 13 -1
27511 0 9 -1
19357 0 0 11 11 13 -1 0 0 0 11 11 11 -1 0 13 -1
7581 0 -1 1 2 9 -1 0 -1
1807 6 8 -1 3 7 8 -1
24759 0 -1
30772 0 11 11 -1 1 1 2 6 11 -1 3 -1 8 -1 0 13 -1
28950 1 -1 1 11 -1 9 -1
21893 0 0 0 13 13 -1 11 -1 0 -1
10045 0 -1 2 -1
2002 5 -1
18571 7 11 -1
7191 1 -1 0 -1
8445 0 0 1 -1
30189 0 -1 0 0 1 13 -1
12908 0 -1
5037 0 0 6 6 -1 0 -1 6 -1 0 -1 6 -1 0 -1 6 -1 0 0 6 6 -1 0 -1 6 -1 0 -1 6 -1 0 0 0 6 6 6 -1 0 6 -1 0 0 6 -1 0 6 6 -1 0 -1 6 -1 0 -1
18774 1 3 -1 1 3 3 -1
11733 0 1 11 -1
7254 0 0 0 0 0 9 9 9 10 11 11 16 -1
30277 0 -1 10 -1 0 1 -1 9 -1 0 -1
12760 0 -1 0 0 11 11 -1 11 -1 0 11 -1 1 -1 0 1 13 -1 1 13 -1
231 0 3 13 14 -1
9154 14 -1 9 -1 5 -1 5 6 -1
31562 6 7 -1 3 -1 3 3 6 6 6 -1
27108 0 -1 0 1 3 6 8 -1 7 -1
18144 3 -1 1 3 6 6 -1
1187 3 6 -1 3 3 6 -1 8 -1 5 7 -1
17848 0 1 -1 1 9 -1 1 -1 1 10 10 -1 1 -1
4045 12 -1
2917 3 6 12 -1
20930 0 9 -1 1 2 11 -1 11 -1 1 -1
1767 0 -1
24932 1 -1
3749 3 8 8 -1 1 5 6 6 -1
15363 5 -1 1 -1 0 9 13 13 -1 0 -1 0 13 -1
382 8 -1
17185 1 14 -1 0 1 1 -1 1 13 -1 1 14 -1
17451 0 -1
26038 0 6 -1 3 6 -1 3 -1 0 -1 3 -1
3840 5 -1 5 5 6 6 -1
21082 0 1 -1 0 13 -1 1 -1 0 1 2 -1
15343 5 -1 0 6 -1 0 0 6 -1 5 -1 0 6 -1
3920 5 -1 0 8 -1
16437 3 -1 0 -1 7 -1 0 -1
28880 0 5 6 8 -1 0 0 0 6 8 -1 8 -1
4104 0 -1 0 0 2 5 11 -1
16659 1 1 2 2 -1
369 0 12 -1
18499 0 10 -1 0 0 13 -1 0 1 -1 13 -1
13950 0 -1 0 1 3 3 13 -1 6 -1 0 -1 3 6 -1
19622 0 3 -1 9 -1 0 -1 9 -1 1 14 -1
16731 5 -1 0 -1 10 -1 0 10 -1 0 0 10 10 -1 0 10 -1 0 -1 0 3 9 -1 0 -1 10 -1
11230 0 13 13 -1
12354 10 -1
21298 6 -1 3 -1 1 3 6 -1 10 -1
26105 0 8 11 -1
9329 3 6 8 -1
16586 0 -1
31432 0 9 -1 1 -1 0 -1 0 1 -1
7474 0 -1
1070 10 -1
30398 11 -1 1 -1 11 -1 0 2 -1 9 -1 0 13 -1
6864 12 -1 6 12 12 13 -1 12 13 -1 12 13 13 -1 12 13 -1 12 -1
4328 0 -1 0 0 10 11 11 11 -1 1 5 -1 0 0 1 5 -1 0 0 3 -1 5 -1
8845 13 -1 0 1 -1 0 1 5 -1
9655 0 8 -1 8 -1 0 -1 8 -1 0 0 8 -1 11 -1 0 11 -1 0 -1 11 -1 4 -1 0 0 4 -1 0 4 -1 4 -1 0 0 4 -1 4 -1 0 4 -1
955 14 -1 1 -1 9 -1
11791 0 0 11 11 -1 0 1 6 -1
10704 2 11 13 -1
5353 0 0 2 9 -1
10787 5 -1 6 -1 5 7 11 -1 1 7 -1 1 -1 1 7 7 -1
23100 0 -1 3 4 -1 3 -1 0 1 -1 0 -1
8909 0 6 8 -1 5 8 -1
124 3 -1
13034 1 -1 0 -1 1 -1 3 -1
2237 0 -1 3 -1
11879 0 1 1 9 13 -1 13 -1 0 -1
22680 0 -1 3 8 12 -1 2 8 12 -1 3 12 -1 5 -1 0 8 8 -1 7 7 8 -1 11 -1 8 12 12 13 -1 3 -1
7735 0 -1 1 -1 0 -1 10 -1
460 5 -1 0 -1 6 11 -1 3 -1
16687 11 -1 2 11 -1 5 -1
10590 5 6 7 8 8 10 -1 8 -1
27845 11 -1 0 -1 10 -1 0 -1 9 -1
18544 1 -1 0 1 1 2 9 11 -1
9341 0 -1 1 -1 9 -1 0 9 -1 0 -1 1 -1 0 11 -1 9 -1
30460 5 -1
25925 2 -1 0 1 -1 0 0 11 -1 0 13 -1 10 -1 1 -1
275 4 10 14 -1
24002 3 -1 0 -1
15863 1 6 9 -1 3 6 -1 6 -1 3 10 -1
20954 0 0 6 -1
7166 0 0 1 -1 16 -1 0 -1 10 -1 9 -1 0 9 -1
18852 0 11 -1
29512 0 -1 10 -1 0 -1 1 -1 9 -1 3 -1 0 10 -1
11997 8 -1 3 4 5 -1
7456 0 -1
30196 0 1 11 -1 11 -1
1371 6 -1 0 -1
19797 0 -1 1 1 3 14 -1
30121 0 8 9 -1 0 -1 8 -1 0 -1 2 -1
28040 0 14 -1 13 -1 14 -1 0 9 14 -1
1168 1 -1 0 0 1 1 2 2 9 -1
26152 0 -1 0 13 -1 0 13 -1 5 -1 0 0 16 -1 0 9 -1 13 -1
25509 8 -1 0 -1 0 8 -1 8 -1 0 8 -1
5601 0 -1 0 6 6 -1 10 -1
26219 9 -1 5 5 6 6 9 9 -1 9 -1 6 -1
8630 0 4 -1 3 -1 4 -1 14 -1 4 -1 1 -1 0 -1 1 11 13 14 -1 2 6 -1 9 10 -1 5 -1
6657 0 -1 1 -1 2 -1 1 -1 11 -1 0 -1
15322 13 -1 0 3 6 -1 3 8 -1 0 8 -1 0 3 -1
31485 0 -1 1 -1 11 -1 13 -1
15256 0 -1 0 6 -1 1 -1 1 3 -1 0 -1 0 13 -1
18933 6 7 -1 3 -1 6 -1 0 1 5 6 -1
25940 0 0 11 -1 11 -1
11389 0 8 -1 7 8 -1 3 6 -1 3 3 6 11 -1 8 -1
4697 1 5 -1 0 -1 8 -1
1559 0 -1 0 1 -1
10038 3 6 6 -1
2081 0 13 -1 0 -1 13 -1 0 -1 13 -1 0 -1 13 -1 0 3 -1 0 -1 3 -1 0 -1
19993 5 -1 4 -1 6 -1 3 3 6 -1 4 -1 4 5 -1 5 -1 3 6 -1
18377 4 8 -1
4087 0 2 8 11 13 -1
22124 7 -1 0 -1
25105 0 5 -1 0 1 2 10 -1 0 -1 2 -1 0 3 -1
10475 0 11 -1 0 -1 6 -1 0 -1 11 -1 0 6 13 -1 13 -1 6 13 -1
10666 0 10 -1 1 13 -1 0 5 -1
22860 1 -1
11725 0 10 -1 0 0 10 -1 3 -1 16 -1
29082 7 -1 5 7 -1 5 -1
331 0 6 -1 5 5 6 6 9 -1 5 5 6 6 6 -1 5 6 -1
2738 8 -1 0 -1 6 -1 0 -1
14097 0 -1 0 16 -1 1 -1 3 6 -1 3 6 6 -1 3 -1 1 -1
10616 0 -1 0 3 3 6 -1 0 3 5 11 -1 0 11 -1 0 -1 12 -1 3 -1 0 -1
7790 0 -1 3 6 -1 0 -1
26830 0 -1
15737 2 -1
20426 0 0 6 6 6 -1 0 -1
25228 0 0 1 13 -1
30699 0 1 -1 6 -1
27342 0 13 -1 0 -1 1 -1 1 10 -1 0 -1
23723 1 11 -1 2 -1 10 -1
3181 0 -1 3 -1 6 -1 3 -1 1 3 6 -1 3 -1 0 -1
14275 3 -1 0 -1 0 2 -1 0 2 -1
5197 8 -1 8 12 -1 8 12 -1 7 12 -1 8 -1
7259 0 0 6 6 6 -1 0 -1
1460 0 10 -1 14 -1 5 -1 14 -1 2 -1 14 -1 1 10 -1 0 1 5 -1
23407 0 -1 6 -1 0 -1
16894 0 8 -1 0 0 1 9 -1 0 -1
21262 6 7 -1
30878 0 -1 2 -1 0 1 -1 0 -1
11465 0 3 -1
23641 0 -1
24740 0 -1 0 1 -1 2 -1 0 0 1 11 -1 0 -1
6596 0 2 4 5 -1 3 -1
13658 5 -1 0 5 -1
6443 1 -1 11 -1 0 1 10 11 -1 1 11 -1
19294 1 3 6 -1
4747 0 -1
25211 2 -1 3 5 5 6 6 14 -1 6 -1 3 -1
23842 12 -1 0 1 6 8 -1 3 3 3 6 14 -1
1943 1 3 5 -1
14100 12 -1
65 0 -1 1 -1 9 -1 1 3 -1 1 -1 1 3 -1 1 3 -1
15115 4 -1
29371 0 1 1 9 -1
29335 0 11 -1 0 11 -1
16805 1 4 5 9 -1 5 -1 1 4 -1
5747 0 3 3 6 8 -1 12 -1
8000 0 -1 1 13 -1 0 1 3 -1
9795 0 7 -1
12367 0 -1 0 0 6 6 10 -1
5650 5 -1 5 6 6 6 14 -1
9351 0 -1
31603 10 -1 2 6 -1
17092 0 0 0 1 10 -1 0 1 -1 11 -1 0 13 -1 0 -1
23716 5 6 -1 3 -1 6 -1 3 -1 6 -1
7046 0 -1 1 -1 0 0 16 -1
15076 8 12 -1 13 -1 6 -1 5 8 13 -1 6 -1 1 3 5 6 -1 6 -1 3 -1 1 3 6 -1 3 -1
23553 3 -1 3 3 5 5 6 -1 3 6 -1 3 -1 3 6 -1 3 6 -1 6 -1 3 -1
11704 8 -1 0 3 8 -1
29188 0 11 -1 0 1 2 11 -1
22009 5 -1
4205 13 14 14 -1
15868 0 -1 0 0 0 1 1 13 13 -1 0 -1 0 13 -1
24832 0 -1 1 -1 0 -1 0 1 -1 11 -1 0 -1 0 1 5 -1 0 0 11 -1 13 -1 0 -1
6069 0 1 -1 13 -1 2 -1
5411 14 -1 5 14 -1 11 -1
24494 0 10 -1 0 0 1 -1 6 -1 0 -1
19433 0 6 -1 0 13 -1 0 1 1 5 7 -1 1 -1 11 -1
18538 0 -1 0 3 13 -1 0 0 13 -1 1 -1
11120 0 14 -1 7 -1 14 -1
22139 3 8 -1
8627 6 12 12 -1 6 13 -1 6 12 -1
21132 2 -1 0 10 -1
10660 1 -1
26899 1 -1 1 7 10 -1
5312 1 5 -1
23935 0 10 -1 1 -1 0 -1 13 -1
6590 13 -1
1176 3 3 13 -1
17833 5 -1
5178 0 -1 0 11 -1 1 5 -1
24851 0 -1 0 1 9 -1
23438 0 0 1 4 13 -1
6547 0 0 0 0 1 5 11 -1 0 11 -1 13 -1
21621 0 -1 0 10 -1 1 3 10 14 14 -1
27967 0 -1 0 13 13 -1
11973 10 -1
26022 0 16 -1 0 1 -1 0 -1 1 -1 0 -1 7 -1
6515 0 1 -1 0 -1 0 13 -1
13606 3 6 -1
30964 0 -1
21781 3 7 8 -1 11 -1 3 -1 3 11 11 -1 1 -1 11 -1 1 -1 11 -1 1 1 11 -1 1 11 -1 1 1 11 11 -1 10 -1 1 1 11 -1 1 10 11 -1
606 2 -1 0 -1 1 10 -1 8 9 -1 3 -1 0 -1 6 -1 2 -1
28226 0 -1 2 -1 0 1 16 16 -1 1 -1 16 -1
27178 4 -1 5 -1 6 10 -1
12049 3 3 6 -1 3 6 6 -1 3 6 -1 3 3 6 -1 1 6 -1 6 -1 3 -1 1 6 -1 3 -1 3 6 -1 6 -1
11828 0 -1 0 11 -1 9 -1 0 0 1 1 -1
3925 0 1 -1 0 9 16 -1 1 -1 10 -1 8 -1 0 -1
12398 8 -1 5 8 12 -1
14913 3 3 6 -1 0 0 1 1 9 10 13 -1
18405 1 -1
17550 3 7 -1 11 -1
16377 1 3 -1 9 10 -1 3 -1
24709 0 -1 0 0 1 1 16 -1 0 -1 1 -1 0 -1 4 -1
16647 5 6 -1
27918 3 6 6 -1 3 -1 3 6 -1 6 -1 3 -1
13267 13 -1 0 -1 13 -1 0 1 3 -1
11154 11 -1 0 -1
2574 1 -1 0 -1 1 7 -1 3 3 6 6 -1
21439 0 10 -1 11 -1 0 -1
20949 0 0 5 -1 9 -1
16790 0 3 -1
9281 7 -1 0 -1
18359 11 -1 1 11 -1 1 -1
11717 0 0 10 -1
27582 1 3 6 -1
13389 10 -1 0 10 10 16 -1
8927 0 -1 10 14 -1 14 -1 2 -1 2 14 14 -1 1 -1
19036 0 0 11 -1 11 -1
25114 0 -1 1 -1 0 -1 0 13 -1 0 0 1 5 11 -1 1 -1
10665 1 3 3 -1
3082 5 -1 1 11 13 -1 0 14 -1
17102 1 2 3 -1 1 2 2 10 -1
8836 0 0 1 3 -1
2106 8 -1 6 -1 3 8 -1 6 -1
25277 0 -1 1 2 -1
11340 6 -1 12 13 -1 12 -1
11947 0 1 -1
9097 5 6 -1 3 10 -1
15912 0 -1 1 -1
9569 6 -1 0 1 -1 0 -1
23016 0 -1
21011 0 5 14 -1 6 -1 5 -1 14 -1
2332 0 6 -1 1 2 -1 0 13 -1
10996 0 2 -1
542 12 -1
2896 2 -1 7 -1 1 7 -1 6 -1 0 -1 6 -1 0 3 6 -1 2 3 -1 2 3 -1
8152 0 -1 13 -1 0 -1 9 -1 11 -1 13 -1
29268 6 7 8 -1 3 3 3 6 7 7 -1
28698 0 -1 11 -1 0 -1 5 13 -1 5 13 -1 13 -1
21803 0 0 0 0 1 10 13 -1
18 0 -1 7 -1 0 -1 7 -1 0 7 -1 0 -1 7 -1 0 -1 7 -1
18921 0 1 -1 0 -1 0 1 5 -1
5733 0 0 9 -1 0 9 11 -1 0 2 -1
13017 0 -1 16 -1 0 6 -1 16 -1 0 9 -1 0 -1
11629 0 -1 1 11 -1 11 -1 1 11 -1
7034 8 11 -1 2 8 -1 8 -1 6 8 12 12 -1
20837 1 -1
6433 0 -1 9 -1 0 5 6 -1 5 -1
28176 0 1 1 13 16 -1
7227 13 -1 0 -1 0 2 13 -1 0 2 -1 0 -1 1 -1 0 -1
29162 0 -1 9 -1 10 -1 0 -1 0 0 7 9 -1
3241 0 1 -1 0 -1 1 -1 2 -1 0 10 -1
13672 0 8 -1 0 2 -1 0 -1 8 -1
2926 12 -1 0 13 -1 6 -1
12144 11 -1
20396 0 7 -1
1089 0 -1 11 -1 2 -1
29788 0 -1 5 -1 0 -1 5 -1 0 -1 5 5 7 14 -1
3914 6 -1 0 -1 3 -1
8156 0 1 -1 0 6 11 -1 0 11 -1 11 -1
17049 0 -1
16422 0 -1 9 -1 0 0 11 -1
3079 0 -1
7804 0 -1 0 9 -1 9 11 -1 0 -1
10219 0 -1 0 11 -1 13 -1 0 -1
7799 1 -1
25902 0 0 10 11 -1 0 11 -1
2450 14 -1 10 -1
57 0 -1
22505 9 -1 14 -1 10 14 -1
14727 0 -1 13 -1 5 13 -1 5 -1
1541 0 13 14 -1 0 5 -1 0 -1 0 11 14 -1 0 0 13 14 -1 0 -1
8934 7 16 -1 1 3 -1
10651 0 1 8 -1
28647 0 0 10 -1 0 16 -1 3 -1 0 -1 4 -1
14433 0 10 -1
28462 0 1 -1 3 3 6 -1 0 1 13 -1
99 0 1 1 3 7 -1
29541 1 3 8 -1
24878 6 10 16 -1 1 -1 13 -1 3 -1 10 -1 0 5 5 6 -1 5 6 -1 6 -1 7 -1
11030 0 0 2 2 5 11 14 -1
26722 0 -1 3 6 -1 3 -1
17954 0 -1 2 13 -1 6 13 -1 0 -1 1 -1
26402 2 13 -1 3 9 -1 0 -1 16 -1 1 -1 0 1 -1 2 -1
3797 0 0 13 -1 0 13 -1
6516 8 -1 0 6 -1 5 -1
30040 9 -1 1 -1 5 9 14 -1
13012 2 -1 0 -1 6 -1 3 3 6 -1 0 -1
30600 0 5 5 6 -1 6 -1
29914 0 -1 1 -1 3 -1 0 1 -1
26500 0 1 -1
5228 7 -1 3 6 8 8 -1 0 -1 0 14 -1
28204 5 -1 3 3 6 6 -1 3 9 -1 10 11 -1 4 5 10 -1
6945 0 13 -1 1 -1 0 -1
2416 1 -1 0 -1
16781 3 8 -1 1 -1 2 3 11 13 -1
815 5 -1
27267 0 -1
11988 5 -1 5 6 -1 0 5 6 -1 6 -1
9078 0 6 8 -1
5347 0 0 0 10 13 -1 4 5 13 -1 16 -1
29811 8 -1 6 -1
4107 0 9 -1 0 5 10 -1 0 10 -1 2 -1
2633 5 -1 6 -1 5 -1
12092 0 -1
23238 5 6 -1 5 5 6 6 -1 5 6 -1 5 -1
12143 7 -1 4 5 -1 3 -1
18613 3 11 12 -1 0 3 3 11 13 13 -1
2129 0 -1 0 1 1 -1 0 -1
19983 5 -1 3 5 6 6 -1 6 -1
5984 2 14 -1 5 6 14 -1 4 12 -1
17762 0 1 10 14 -1 1 14 -1
13632 0 -1
7889 0 11 -1 0 -1
23727 0 -1 1 -1 0 0 1 -1 1 1 13 -1 0 4 -1
8958 3 -1 1 14 -1 14 -1 4 -1
23831 1 -1 0 -1 1 -1
19414 2 7 -1 13 -1 8 12 -1 13 -1 3 7 12 -1 9 10 -1
4841 0 0 6 -1
27834 5 -1
6754 5 -1 5 6 11 -1
30544 12 -1 0 6 12 12 -1
5882 2 -1 5 10 -1
21155 0 8 -1 3 -1 0 -1 0 0 3 3 13 13 -1 13 -1 0 -1 13 -1 0 7 8 8 -1 0 -1
6708 2 5 -1 1 2 3 13 -1 1 -1 0 9 -1
4908 0 5 -1 9 -1 5 -1 5 5 6 6 14 -1
28565 0 -1 5 -1 0 0 1 6 9 13 13 -1 0 -1 10 -1 0 -1 9 -1
28175 0 -1
14305 5 6 -1
17626 5 -1 1 11 -1 3 3 6 -1
18645 0 0 5 5 5 -1 0 -1 5 -1 6 -1 3 6 -1 3 -1 6 -1
20985 0 -1 10 -1 0 -1 1 11 -1
26085 0 -1
8634 0 1 2 14 -1 1 -1 7 -1
6102 9 -1 6 9 -1 4 -1 0 -1
7622 1 -1 0 -1 0 10 11 -1
21133 16 -1
28798 5 -1 0 3 -1 10 -1
28526 0 9 -1 0 -1
29147 0 10 -1 0 -1 5 10 10 -1 0 -1
22019 0 -1 0 11 -1
29025 0 1 1 14 -1
28840 1 7 7 -1 1 -1 6 -1
20340 1 -1 0 -1 4 -1 0 0 4 -1 4 -1 0 3 -1 4 -1 0 4 -1
17305 0 -1 0 1 1 14 -1 0 11 -1
12697 0 5 -1
8068 5 -1 0 -1
29913 0 -1
20802 10 -1 0 -1 3 3 5 6 10 -1 3 -1 0 5 5 10 -1 6 -1 3 -1 0 1 10 -1 1 -1 0 10 -1 1 -1 0 0 5 6 10 11 -1 5 10 -1 10 -1
1973 0 -1 8 -1 0 -1 1 -1 3 -1 4 -1 0 4 -1
3284 0 8 -1 1 14 -1 14 -1 1 -1 9 -1 1 1 9 -1 1 1 3 5 -1 14 -1
29803 4 -1 0 2 3 -1
28420 0 1 -1 0 -1 1 3 3 6 -1 6 -1 1 3 14 -1 0 0 1 1 14 14 -1
7178 0 -1 0 1 1 2 4 -1 0 -1
27533 0 -1
16140 0 -1 13 -1
23569 12 -1
5262 0 -1
13873 0 13 -1
29601 0 -1 3 -1 3 6 -1
3340 13 -1 0 -1 6 -1 0 0 6 -1
26844 0 -1
5673 6 -1
5487 5 -1 6 -1 5 -1 5 6 -1 6 -1
21044 0 -1 10 -1
29106 0 -1
10385 0 -1 3 -1 0 6 -1 0 -1 0 3 -1
12844 0 -1 1 -1 0 -1 4 -1 0 -1 2 16 -1
11671 0 0 3 6 -1
3474 1 3 3 -1 1 1 3 3 -1
7788 0 -1 1 -1 0 0 1 -1 1 1 9 -1
31601 0 3 -1 0 -1 0 0 3 11 -1
3224 0 4 -1
30753 6 8 8 -1 3 -1 8 -1 3 -1 6 8 -1 3 8 -1 3 6 8 8 -1 8 -1 6 -1
14007 0 0 9 -1 11 -1 0 11 -1 1 11 -1 0 -1 9 -1 6 -1 3 -1 9 -1
3125 3 3 6 6 7 -1 1 3 7 -1
7843 1 -1 1 7 -1
16197 0 -1 5 -1 0 0 0 0 3 11 13 -1
22559 0 4 -1 4 -1 0 -1 1 -1 1 2 -1 0 0 1 -1
6183 5 5 6 14 -1 6 -1
18734 0 16 -1 6 -1 0 16 -1 11 -1 0 11 -1 1 11 -1 0 -1 0 9 -1 11 -1 0 10 -1 0 -1
97 7 -1 0 -1 0 7 -1 0 7 7 -1
20584 4 8 12 12 13 -1
16602 0 -1 12 13 -1 6 12 12 12 13 13 -1
28958 4 6 -1 3 -1 4 9 -1 9 -1
25264 7 -1 1 -1 6 -1 0 3 -1 6 -1 3 -1 0 6 -1
16588 11 -1
29609 0 1 -1 0 -1 3 -1 0 -1 0 1 -1
19194 5 9 -1 1 4 4 7 -1 0 1 -1 14 -1 2 4 -1
29863 0 10 -1 10 -1
3477 3 6 -1 1 1 5 -1 10 -1
30757 0 -1 6 -1 0 -1 0 1 2 10 -1 0 -1 4 -1
12562 3 3 6 10 10 16 16 -1
25550 0 5 -1 3 -1 3 3 6 6 -1
29948 0 -1 1 9 10 -1 0 1 13 -1
15849 7 -1 1 1 3 -1 3 -1 7 -1 2 16 -1 9 -1 13 -1 11 -1 8 -1 1 2 7 9 -1
5496 0 11 -1
29876 0 13 -1
19762 5 14 -1 10 -1 5 6 -1 0 5 6 -1 0 6 -1 6 -1 3 8 -1 6 -1 8 -1 0 -1 14 -1
23290 12 -1 12 12 13 13 -1 2 13 -1
4785 11 -1 1 11 -1
29316 8 -1 0 -1 2 -1 1 -1 2 3 -1 5 -1 1 -1 8 -1 0 -1
29724 0 1 -1 10 -1 0 -1
16417 1 -1 0 -1 1 11 -1 3 3 6 9 13 -1 2 -1
26165 1 -1 0 -1 1 5 -1 1 3 5 6 11 -1
17518 0 3 -1 0 -1 0 2 -1 1 -1 0 -1 3 -1 0 -1
25281 4 -1 0 -1
29429 0 11 -1 0 0 3 10 -1 6 -1 3 -1 3 6 6 -1 0 3 -1 0 1 9 -1
10109 0 7 -1 5 6 -1 0 -1 1 -1
1850 1 -1 1 3 -1
11715 0 -1
29190 0 0 11 13 -1 0 5 13 -1 6 -1 3 -1 9 -1 3 -1
15609 0 12 -1 6 -1 0 8 12 -1 0 12 -1
6011 0 6 -1 0 6 -1 0 6 -1
19408 2 -1
19210 0 8 -1 3 -1 3 6 6 -1 0 1 -1 14 -1
25043 0 0 11 -1 5 -1 0 5 -1
2280 0 2 -1 0 0 1 2 -1
6922 0 0 7 7 -1 7 -1
2762 3 -1 12 -1 12 13 -1 8 -1 1 3 3 6 11 -1 6 -1
1325 5 -1 3 6 -1 3 -1 3 6 -1
17179 2 -1 0 1 14 -1 11 14 -1 6 13 -1 5 10 -1
3952 0 2 -1 0 -1 0 0 2 2 2 -1 0 -1
1698 0 -1 0 3 5 -1 0 6 -1 3 -1 0 3 -1
11037 6 -1 3 -1
16758 5 -1 3 -1
3931 1 1 3 14 -1
8903 1 -1
20606 0 0 0 0 2 7 7 7 8 8 -1 7 -1
3717 0 3 -1 0 0 0 0 1 3 10 11 -1
18301 0 -1 1 11 -1 0 2 9 16 -1 1 11 -1
8879 9 -1 0 1 9 -1 0 0 2 9 -1 9 14 -1 14 -1 9 -1 1 -1 0 -1 5 -1 6 -1 1 -1 6 -1 1 6 -1 0 0 4 -1 1 -1 1 9 -1 9 -1
468 0 0 6 -1 6 -1 3 6 -1
5466 0 -1 0 5 -1 0 5 -1 0 5 -1 0 5 -1
25733 0 7 7 -1 0 0 0 7 7 7 -1 0 -1 0 7 7 -1 0 -1 7 -1
8668 0 10 -1 0 1 -1 0 -1 1 -1 0 0 11 -1 3 6 -1
19838 0 3 -1 0 16 -1 0 0 3 -1 0 3 11 -1
30296 3 -1
29270 0 0 1 1 3 -1
29363 0 14 -1 6 -1 5 -1 5 6 -1 1 -1
14439 0 -1 13 -1 0 -1 10 -1 1 -1 0 -1
13035 12 -1 13 -1 3 12 13 -1 1 12 -1
24723 0 -1 2 -1 3 -1 0 -1 1 -1
23346 0 0 2 10 -1 0 0 1 2 13 -1 0 5 -1 0 0 9 -1
29815 0 -1 0 13 -1
24908 0 0 11 16 -1 0 8 -1 0 0 8 8 11 -1
21140 2 11 -1 11 -1
7770 6 9 -1
2618 8 -1 0 1 -1 11 -1 11 13 -1 13 -1 11 -1 2 3 -1 0 1 3 8 11 -1 0 -1
13893 5 -1 0 -1 5 -1 0 -1 5 -1 0 5 -1 0 5 -1 0 0 5 5 -1 0 -1
20424 5 -1 0 1 2 -1 9 -1 11 -1
607 0 7 -1 0 3 -1
18643 0 -1 0 5 5 -1 0 5 -1
4464 0 -1
30768 0 -1 11 -1 0 3 6 -1 0 5 -1
29804 0 -1 0 10 13 -1 0 -1 5 -1 0 12 -1 0 -1
7099 7 8 12 -1 3 7 -1 1 6 12 13 -1 0 8 -1 1 -1 0 -1 1 8 12 -1
10975 12 13 -1 12 -1 12 13 -1 13 -1 3 12 -1 6 -1 3 -1
21026 0 1 -1 1 -1
16971 0 -1 0 5 10 -1 0 -1 0 0 0 2 3 13 -1
14808 0 13 -1
1221 0 -1 0 3 13 13 -1 0 -1 13 -1 0 -1 13 -1 0 -1 0 0 13 13 -1
1052 0 -1 1 -1 9 -1 0 1 -1 1 -1
8743 0 -1 0 6 -1 0 6 6 -1 0 -1 0 6 6 -1
21070 0 2 -1 0 -1 10 -1
26915 12 -1
5209 0 -1 0 7 -1 0 1 -1 7 -1 7 13 -1 1 -1 7 -1 1 -1 7 -1 0 -1
30257 1 -1
22342 3 -1 12 -1 13 -1 3 5 -1
4689 3 5 -1 5 -1 5 16 -1
19596 6 -1 0 0 6 -1 0 6 6 -1 0 0 0 6 6 -1 6 -1 0 -1 0 11 -1
30237 0 0 0 9 10 11 16 -1 11 13 -1
4774 3 6 -1 3 12 -1
28029 0 10 -1
30648 9 -1 1 -1 0 9 -1
10383 0 14 -1
3024 0 6 -1 0 -1
22834 4 7 -1
31168 0 -1 6 -1 0 2 6 -1 9 -1 2 9 -1
29596 0 11 11 13 -1
3245 0 -1
25532 0 0 0 1 3 3 6 13 -1 0 13 -1
30838 1 4 -1
18016 0 -1
2220 0 1 -1 2 -1 0 -1
13146 0 9 -1
8774 16 -1 5 -1
7731 0 0 1 -1 0 1 -1
19961 8 -1 6 6 8 -1 8 -1 2 7 -1 1 7 -1 8 -1
31019 2 -1 1 -1 13 -1 0 1 1 2 13 -1 1 -1 2 -1
28666 5 -1 8 -1 0 5 5 -1 0 5 8 -1 8 -1 0 -1
1706 0 5 -1
24667 8 8 11 -1
19349 5 -1
102 0 -1 0 1 2 -1 0 2 -1 0 10 -1
13079 7 -1
5062 7 -1
26980 10 -1 0 1 -1 13 -1 0 0 10 10 -1
28147 0 -1 0 0 6 6 -1 0 6 -1 1 -1 0 1 -1
21510 0 -1 0 7 9 11 -1
9535 3 14 -1
29014 6 -1 3 -1
17735 0 6 8 -1 3 -1 6 -1 3 -1 6 -1
21948 0 -1 0 6 -1
17099 0 -1 9 -1 0 13 13 -1
20303 3 -1 0 0 3 -1 5 -1 0 -1 9 -1 0 -1 0 5 -1
18451 0 5 9 -1 1 9 -1 0 2 -1 2 -1 0 -1 0 11 -1
15782 0 -1 2 3 6 -1 3 6 -1 3 3 6 6 -1 3 -1
1869 0 -1 0 1 2 9 -1 5 10 10 -1
7475 1 9 -1 1 -1 9 -1
10357 0 -1 0 9 -1 5 -1
3431 0 0 0 1 11 11 -1
29130 0 -1 1 -1 9 -1 1 3 -1 1 1 2 -1 1 2 2 -1 1 -1 9 -1
25112 3 6 -1
15601 0 2 3 16 -1 0 2 -1
18160 0 0 3 6 -1 3 -1
17213 1 -1 0 16 -1 0 0 0 1 7 -1 7 -1
18937 0 8 -1 8 -1 0 3 -1 0 5 -1 5 -1 0 5 -1 0 -1 5 -1 0 -1 5 -1 0 0 5 -1 14 -1
29356 0 -1 0 1 -1
29772 1 11 -1 0 -1 1 -1
8199 0 0 0 9 11 -1 11 -1 0 -1 16 -1
11732 5 -1 2 8 8 -1 6 6 8 8 -1 4 6 8 8 -1
722 0 1 6 -1
28555 3 6 -1
15091 0 5 -1 11 -1 5 6 -1 5 5 6 9 -1
21611 1 5 7 -1 3 -1 3 6 -1
16389 0 0 13 -1 13 -1
2981 9 -1 14 -1
11880 5 6 -1 5 5 6 -1 6 -1 2 5 -1
6382 0 10 -1 0 -1 6 -1
28127 0 -1 13 -1 0 13 -1 0 -1 13 -1
6145 0 9 -1
9892 5 -1
25013 10 14 -1 5 5 6 6 14 -1 5 6 14 -1
9111 0 0 9 -1 0 3 11 -1 0 -1 5 -1 0 5 -1
1716 0 -1 10 -1 0 -1 0 4 -1 13 -1 0 -1 0 4 13 -1
14833 0 -1 6 -1 0 0 1 3 6 -1 0 3 -1
13852 5 6 -1 1 3 5 6 14 14 -1
17072 8 -1 4 -1 8 -1
1278 6 -1 1 3 14 -1 5 -1
29228 0 8 -1 0 1 -1 1 -1 11 -1 9 -1 2 -1 0 7 -1 1 11 -1 7 -1
21993 2 10 14 14 -1 3 14 -1 2 11 14 14 -1
29093 1 2 11 11 -1
5618 0 0 0 1 1 1 -1
5461 0 1 4 -1 3 6 -1 0 6 -1 0 3 6 -1
28618 11 -1 0 0 2 11 -1 0 -1 0 11 -1 11 -1 0 -1
6841 0 9 10 -1
7924 1 9 11 -1 1 -1
3450 0 0 10 -1 3 13 -1 0 0 13 -1 1 4 -1
13105 0 -1 0 0 1 1 -1 2 -1 0 -1 1 -1 0 -1 3 -1 0 -1 1 -1 0 -1 3 -1 0 -1 5 -1
339 0 -1
2951 13 -1 0 11 -1 1 -1 11 -1 4 5 -1 2 2 10 -1 0 0 1 -1
19029 0 13 -1 9 -1 13 -1 0 -1 11 -1
28394 0 0 8 13 -1 0 2 13 -1 0 4 -1 0 0 0 5 5 -1
29238 0 -1 0 8 -1 3 -1
23032 0 0 0 2 9 -1 10 -1
9960 0 -1 0 13 -1 0 0 11 11 13 -1 0 -1 11 -1 0 13 -1
795 12 -1 6 -1 6 12 -1 3 -1 3 6 -1
21804 9 -1
7567 1 9 -1 0 1 2 -1
18751 9 -1 3 8 -1
4403 0 0 13 -1 13 -1
29000 0 10 -1 1 -1 0 5 10 -1 11 -1 1 5 -1
31278 0 1 -1 0 10 -1
23034 5 14 -1 5 6 -1 6 14 -1
19230 3 6 -1 3 3 3 3 6 6 6 6 -1
13776 7 -1 1 7 -1
27958 0 -1 10 -1 0 11 -1 0 -1
12425 5 -1 5 12 -1
22670 0 0 0 10 11 13 -1
5198 11 -1 1 -1 1 11 -1 2 -1 16 -1 5 5 6 -1 6 -1 0 5 -1 1 3 -1
6933 0 10 -1 0 -1
4103 7 -1 5 -1 0 -1 1 -1 0 -1 5 -1 5 6 -1 1 -1
27487 12 13 -1
7930 0 -1 14 -1 1 -1
4897 8 -1 3 6 -1 3 -1
9496 0 -1 2 -1 0 -1 0 2 -1 2 11 14 -1 0 3 11 -1
25554 1 -1 0 14 -1 1 -1 7 -1 4 5 -1 9 -1
17356 10 -1 0 4 -1 0 5 -1 0 -1 0 1 5 -1 0 0 10 10 -1 0 5 -1 0 5 -1 0 -1 5 -1 0 -1 0 0 5 5 -1
1791 0 0 1 1 -1 0 1 9 10 -1
10318 0 -1
15539 0 1 -1 11 -1 3 -1 0 5 -1 1 -1 3 5 -1 1 9 11 -1 5 -1
8597 3 -1
19168 3 -1 0 -1 6 -1
16843 2 5 -1 6 -1
21978 1 -1 0 0 2 -1 11 -1 0 -1 1 -1 0 0 1 -1 1 -1 0 -1 1 -1 0 -1 0 2 2 -1 0 -1 2 -1 0 -1
5647 0 5 -1
26149 4 -1
22639 0 -1
132 0 0 0 0 0 11 11 11 11 -1 11 -1 0 11 -1 0 -1 11 -1
20583 0 0 10 -1
30741 4 -1 0 0 1 -1 0 1 3 -1 0 -1 1 -1 0 -1 16 -1 0 0 10 -1 0 1 1 -1 0 6 -1 0 4 5 -1 0 -1
4123 0 1 1 2 2 3 5 16 -1 3 -1 10 -1 16 -1 11 -1 9 -1 2 -1 13 -1 1 1 11 14 -1
27382 3 6 -1 3 6 -1 3 3 6 6 -1
20608 0 -1 1 -1
3624 5 6 -1 5 5 6 -1 3 11 -1 8 -1
16939 0 -1 0 0 1 6 6 6 6 7 7 13 13 -1 0 3 10 -1 10 -1
10074 0 -1 0 1 7 -1
16336 0 9 -1 0 0 6 -1
7007 0 0 2 -1
7675 1 3 -1
25783 7 -1 5 -1 7 -1
18241 0 -1
7062 1 -1
9448 1 1 2 -1 0 -1 0 8 10 -1
31555 3 8 -1 7 -1
24874 6 -1 8 -1
21766 7 -1
21004 8 -1 0 -1 0 3 6 8 8 -1 0 0 8 8 -1 0 -1 3 -1 0 1 -1 3 -1
14414 0 11 -1
24196 1 5 -1 1 -1
25564 10 -1
16302 8 -1 6 -1 6 12 -1 7 12 -1 2 -1 7 13 -1 3 -1
11487 0 0 0 8 8 8 8 -1
17088 8 -1 7 -1 9 -1 2 3 8 11 12 13 -1
27717 0 10 -1 0 2 -1
9374 4 -1 4 7 7 -1 4 -1 7 -1
2507 0 -1 1 -1
17183 8 -1 0 10 -1 0 -1 5 8 13 -1 0 8 10 -1 0 8 8 12 -1
11458 0 -1
27020 0 1 -1 6 -1
13211 7 -1 0 7 -1 0 -1 0 7 7 -1 0 0 7 -1
23682 0 14 -1 5 14 -1 1 14 -1
20296 0 -1 0 9 -1 0 1 -1
30830 1 -1
28596 0 -1
852 12 13 -1
4675 0 -1 2 -1
25317 5 -1 8 -1 6 -1 8 -1 0 6 8 11 -1 0 6 -1 3 6 -1 3 -1 7 -1
29974 1 5 5 -1
27698 1 5 5 -1 1 5 -1 1 -1 1 5 5 -1 1 1 5 5 -1 1 -1 5 9 -1
26910 8 -1 0 -1 1 -1 0 8 11 11 13 -1
27247 0 5 -1 5 9 -1
9182 0 1 -1 0 0 6 -1 6 -1 0 0 10 11 11 11 -1 0 -1 9 11 -1 1 -1 11 -1 1 13 -1
12926 0 -1
28227 6 -1
11353 7 -1
29728 0 3 6 11 -1 6 -1 0 3 6 11 -1 3 -1
9095 8 -1 7 -1 5 -1 6 -1 5 -1 5 5 6 6 7 -1
5913 7 -1 1 5 -1 6 -1
11845 0 -1 14 -1 1 1 14 -1 14 -1
1214 8 -1 3 6 -1 6 -1 1 3 3 6 10 -1
7671 0 -1 10 -1 0 0 0 11 13 -1 1 -1
12130 0 -1
4957 0 -1
7001 3 6 6 9 -1 2 3 -1 9 -1 8 -1
14265 6 9 -1
15738 3 11 -1
14909 0 0 9 -1 0 9 -1 0 1 -1 5 -1
24041 0 -1 6 -1 0 -1 6 -1
16980 0 -1 0 2 -1
513 0 3 -1
22606 5 5 6 -1 6 -1 5 5 6 -1 13 -1 6 -1
21662 1 -1 5 -1 6 -1 1 -1 11 -1 1 1 5 -1 11 -1 1 -1 5 6 -1
27081 0 0 0 1 11 -1
30506 3 5 11 13 13 -1 12 -1 3 6 13 -1 6 -1
29393 0 9 -1
19537 0 5 14 -1 3 5 -1 0 3 5 5 5 -1
3935 0 -1 2 -1 0 -1 0 0 1 5 11 -1
27829 9 -1 2 -1 6 -1 10 13 -1
13335 0 -1 5 6 9 -1 9 -1 3 6 -1
8994 0 13 -1 4 16 -1
78 0 0 0 10 11 11 -1 0 11 -1 0 0 1 11 11 -1
7993 0 5 -1
1637 0 0 0 13 13 -1
6668 0 -1 5 -1 0 0 5 -1 0 5 5 -1
13008 5 7 -1 10 -1 2 9 -1 6 11 -1 1 13 14 -1 0 -1
621 9 -1 1 -1
12158 3 -1 6 -1
10384 0 0 5 6 -1
201 0 -1 4 5 -1 5 -1 1 -1 1 3 5 -1 3 6 -1
11012 1 -1 4 -1 0 -1 4 -1 1 -1 0 5 -1
15765 1 6 -1 5 -1 5 6 -1 6 -1
4770 0 -1 1 3 -1 13 -1 3 -1 0 3 13 13 -1
3949 1 -1
27018 1 1 1 1 3 5 5 9 9 14 -1 1 -1
7834 5 6 -1
6802 12 -1 13 -1
10652 0 -1 2 2 6 9 9 -1
29303 1 -1 0 -1 10 -1 9 -1
90 0 3 13 -1 0 -1 0 0 3 3 -1
30666 0 0 0 1 13 -1 1 -1 0 -1 0 2 -1
3499 3 -1
10941 0 11 -1 0 6 -1
15687 0 -1 9 -1 6 9 -1 14 -1 6 -1
9836 4 8 -1
3808 11 -1 9 -1 11 -1
10710 3 5 -1 6 -1 5 -1 2 5 5 6 8 14 -1 1 3 -1
14944 0 1 13 -1 0 3 5 6 -1
20881 1 2 2 16 -1
3183 0 -1 1 10 -1 0 -1 13 -1 0 -1 1 -1 6 -1 0 -1 1 -1 13 16 16 -1 0 -1 1 -1
8740 0 -1 5 -1 0 5 -1
20897 6 12 -1
6273 8 -1 6 8 11 -1
5838 0 16 -1 13 -1
17700 0 11 16 -1
26143 9 -1 14 -1
1721 0 -1 1 -1
564 0 -1 6 -1
17641 0 11 -1 0 0 11 11 -1 0 0 11 -1 11 -1
25519 0 0 9 9 -1
26724 0 -1 6 -1 0 1 1 6 -1 16 -1 0 1 -1 0 -1 0 2 -1
19842 0 0 0 0 0 1 1 11 11 -1
17178 0 3 -1
834 0 -1 0 11 -1 0 13 -1 2 -1 0 -1
7267 0 10 -1 0 0 1 3 -1 5 -1 0 1 -1 0 0 1 -1
20344 0 -1 1 -1 2 -1 0 -1
77 14 -1 4 11 14 -1 9 -1 1 -1 5 6 -1
29748 8 -1 11 -1 7 -1 6 -1 3 6 -1
24924 1 5 5 7 -1
7593 0 -1 0 1 2 -1 0 0 16 -1 1 -1 0 1 -1 0 5 -1 0 -1
13994 3 3 6 6 -1 6 -1
8184 1 -1
15620 0 -1 8 -1 3 -1
3119 0 8 -1
31523 0 10 -1 2 -1 0 -1 0 0 1 13 -1 0 3 -1 13 -1 0 -1
26340 0 0 1 1 16 -1 2 -1
6649 3 6 7 8 -1 7 -1 0 8 -1
18592 8 -1 6 -1 0 1 5 6 8 -1 3 -1 0 13 -1 1 3 -1 1 6 9 -1 0 -1
3769 0 12 13 -1 0 0 12 12 -1 0 -1 0 13 -1 12 -1
24687 8 -1 0 6 -1 0 -1 0 3 6 -1 0 3 3 6 6 11 -1 3 6 -1
9443 5 -1 9 -1 0 5 12 -1 0 0 5 9 9 -1
16042 0 -1 0 0 1 1 -1 0 0 2 10 -1
7203 0 4 5 -1 3 -1
8526 8 -1 6 6 8 -1 0 -1 8 -1
28584 5 8 -1 1 1 9 9 -1
10421 8 -1 4 -1 8 -1 4 -1
31545 11 -1 0 -1
29755 2 -1 0 -1 0 9 -1 11 -1 0 -1 9 -1
12992 1 14 -1 0 1 13 -1
30351 0 -1 1 5 -1 0 -1 5 14 -1 5 9 11 -1 5 7 -1
16444 5 -1 1 -1 14 -1 0 1 1 -1 4 5 7 -1 0 4 5 9 -1 10 -1 6 -1 2 -1 11 -1 1 -1
8067 0 16 -1 0 -1 13 -1 3 -1 0 3 11 13 13 -1 0 1 -1 0 -1 0 10 13 -1 0 1 -1 0 -1 3 -1 0 -1 5 -1 0 -1
21012 0 9 -1 1 9 -1 0 -1 1 9 10 -1 16 -1 1 3 10 -1 3 6 -1
19480 10 -1 1 -1 3 -1 6 -1 1 3 -1 14 -1 2 3 -1
16249 0 -1 2 -1
26353 0 10 -1
11307 0 8 -1 1 14 -1 0 5 6 -1
29243 5 5 6 -1 6 -1 1 5 5 6 -1 1 3 -1
8506 12 -1
5754 2 8 -1 1 -1
4553 0 -1 1 -1 13 -1 0 10 -1 1 -1
22000 9 -1 1 3 9 9 -1 0 1 5 10 -1 9 10 -1
31141 0 14 -1 11 -1 0 -1 11 -1
21793 0 5 -1 10 -1 0 -1 1 3 3 -1 0 -1 0 3 11 -1
9135 0 10 -1
25025 0 -1 0 0 9 11 -1
21562 5 8 -1 0 1 8 9 -1 8 -1 1 -1
22887 10 -1
30655 0 16 -1 0 0 1 1 3 -1
14428 0 5 9 -1 1 -1 5 -1 0 9 -1 1 1 1 5 6 6 -1 5 -1 6 -1 6 9 9 -1 0 -1 5 -1 6 9 -1 1 6 9 -1 0 -1 5 5 9 -1 1 -1 9 -1 1 1 9 -1 0 1 -1 0 5 -1 6 9 -1 0 1 5 -1 6 -1 5 6 -1
12712 7 8 -1 0 7 8 8 -1 8 -1 0 -1
11815 9 -1 6 -1 9 -1 5 6 -1 9 -1 5 5 9 9 -1 5 9 -1 5 -1 1 5 -1 1 -1 5 -1
22179 12 -1 6 6 12 -1
23443 8 -1 3 8 8 10 -1 0 0 8 13 -1 0 0 5 8 -1 1 -1 0 -1 1 8 -1 0 1 -1 0 -1
11535 5 5 6 6 -1 5 -1
9349 1 2 -1
17265 0 1 -1 1 3 6 -1 0 3 -1 6 -1 0 3 -1
22929 7 -1 0 1 -1 9 -1 5 -1
2714 0 0 9 -1 2 -1 0 -1
26546 0 -1 0 3 -1
12399 0 1 7 -1 0 1 5 -1 1 -1
6126 3 -1 2 7 8 11 -1 8 -1
26425 0 -1 0 10 -1 0 9 -1 0 11 -1
6550 1 1 5 -1 5 11 -1
13190 6 8 -1 0 0 3 8 -1 0 8 -1 7 8 11 -1 5 -1 7 -1 5 7 10 -1 16 -1 10 -1 16 -1 8 10 -1 7 -1 8 -1 7 -1 8 -1 1 3 3 7 8 -1 7 8 -1 7 8 -1 1 -1 5 7 -1
28675 3 -1 3 6 -1
2065 1 -1 0 -1 0 1 1 4 -1
12325 0 -1 13 -1 0 3 -1 13 -1 0 -1 0 0 0 13 13 13 -1 13 -1 0 0 13 13 -1
5123 0 0 9 11 -1 0 0 0 2 5 -1 0 5 -1
27034 0 13 -1 0 9 -1 10 -1 0 -1 0 2 -1
26220 0 0 1 2 -1
28321 0 11 -1 14 -1 10 11 -1 1 -1 11 -1 1 -1 0 11 14 -1 11 -1 10 -1 1 6 11 13 -1
26256 0 0 1 1 5 5 6 -1
7526 0 1 -1 0 -1 0 11 -1 2 -1 2 4 -1
807 1 1 4 8 -1
28664 3 6 -1 3 -1 3 6 -1
30953 0 5 5 5 9 13 -1 6 -1 3 5 -1
10936 0 -1 0 5 -1 1 5 -1 9 -1 1 -1
4882 5 -1 6 -1 5 -1
13761 9 -1
24586 0 6 -1 0 -1 5 -1 9 -1 0 -1
7766 0 0 0 1 9 -1 14 -1 0 1 -1 0 -1
29148 3 -1 9 -1
1705 5 -1
19629 0 1 3 6 6 -1
31066 0 -1 3 -1 0 -1 0 1 5 -1 0 -1 1 -1 5 -1
5659 0 -1 3 -1 0 -1 0 3 -1 3 -1
10794 5 6 -1 5 5 6 8 12 -1 13 -1 7 -1
18701 3 -1 6 -1
2943 0 10 -1 0 0 0 1 3 6 -1 0 13 -1
27362 0 -1 10 -1 0 10 -1 0 10 -1 0 0 10 10 -1 0 -1
19968 0 -1 1 -1 10 -1
6319 8 -1
17765 10 12 -1
19759 2 8 -1
6807 10 14 -1
4589 0 6 8 -1
9659 1 -1 0 0 1 11 -1
20688 2 -1 0 14 -1
19083 1 -1
30905 0 -1 2 -1 0 -1 2 -1 0 -1 0 0 0 1 2 9 -1
19831 0 0 8 -1
4033 0 0 2 11 -1
26608 5 -1 5 6 -1 6 -1 2 5 14 -1 6 -1 5 -1
31065 0 -1 0 5 5 -1 0 -1 0 4 -1 0 4 -1 4 -1 0 -1 4 -1 5 -1 9 -1
162 0 -1 10 -1 0 0 1 3 6 -1 9 -1 1 -1 0 -1 11 -1
30349 7 -1 2 9 10 -1 2 -1 9 -1
6130 0 -1 1 6 -1 0 -1
1997 0 0 9 -1 5 -1
17034 0 3 -1 0 -1 0 10 -1 0 1 -1
15480 10 -1
23398 0 -1
28941 1 7 -1 8 -1 6 -1
20641 0 13 13 -1
14310 0 -1 1 -1 0 -1 1 -1
15647 0 9 11 -1 9 -1 0 -1
1469 1 11 -1
16301 1 14 14 -1 1 1 5 -1 1 5 5 -1 3 -1 1 3 6 -1
8949 1 3 4 -1 4 -1
30513 0 1 -1 0 -1 0 13 -1 1 1 5 13 13 13 -1
23498 3 5 -1 1 5 -1 2 -1 1 -1 3 13 -1 8 -1 1 -1
14389 0 -1 9 -1 5 6 6 6 14 14 -1 5 -1 14 -1
1497 1 5 9 -1 1 9 -1
11251 13 -1
4992 1 -1 3 -1 1 -1 3 -1 1 5 -1
2590 5 6 -1
3153 8 -1
26748 0 -1 13 -1 0 0 11 -1 10 -1 0 4 -1 0 0 4 -1 1 -1
10554 0 13 -1 0 2 2 -1
4924 0 -1 0 2 -1
4408 0 2 -1 0 -1
25315 8 -1 0 -1 0 8 -1 0 8 -1
3306 0 5 -1 0 -1 5 -1
5257 6 -1 0 3 -1
27792 5 -1 6 -1 5 -1 5 6 -1 6 -1 5 6 -1
1711 0 -1 10 16 -1 10 16 -1 0 1 7 7 -1 0 -1 10 -1
19342 5 -1
960 0 -1 0 10 10 -1 1 -1 3 3 13 -1 3 6 -1
21499 5 -1 2 8 8 -1 8 9 -1
14897 0 0 0 2 14 14 16 -1
4030 0 -1 0 0 0 0 1 11 11 11 -1
25503 0 -1 3 6 -1 1 3 6 9 -1 1 -1 9 -1
27150 13 -1 11 11 13 -1 0 -1
12319 0 0 0 0 6 6 6 -1 0 3 3 6 -1
1977 13 -1
5117 12 -1 13 -1
4186 1 3 -1 6 -1
31288 0 -1 0 1 -1 0 1 -1 0 1 -1 3 3 5 -1
4731 5 -1 5 6 14 14 -1 5 -1 6 -1
21094 6 -1 7 -1
1599 5 8 -1 8 -1
27035 0 12 -1 0 -1
24215 0 1 9 -1 0 0 1 4 10 -1 11 13 -1 4 -1
12275 0 8 -1 0 3 -1 6 -1
26201 0 13 -1 0 -1 13 -1
14643 0 2 10 -1 1 3 5 -1 1 -1 1 1 2 2 9 -1
10054 0 11 -1 0 0 11 11 -1
14262 8 -1 0 5 6 6 8 8 -1 0 -1 14 -1
19099 6 12 12 -1 5 12 13 13 -1 14 -1
11844 0 1 -1 0 1 -1 0 0 1 -1 0 1 -1 0 1 1 -1 0 -1 0 0 1 1 -1 0 0 1 5 -1 1 -1 0 -1 0 1 1 -1 0 4 -1 1 -1 4 -1 0 1 -1
6823 5 -1 9 -1 2 5 -1 2 9 -1 1 5 9 -1 5 6 9 -1 7 9 -1
22650 6 8 -1 6 8 -1 8 -1 6 -1 8 -1 6 -1 8 -1 6 6 8 -1
6303 0 -1 6 -1 0 -1 3 -1 10 -1
19736 0 -1 1 -1 14 -1 1 -1 0 -1 1 -1 16 -1 1 10 -1 9 -1 1 2 -1 0 14 -1 0 1 1 -1 0 -1 0 0 1 1 14 -1 0 0 1 14 14 16 -1 0 -1 14 16 -1 9 -1 10 16 -1 16 -1 1 -1 1 14 -1
2629 0 -1 2 8 -1
12208 8 -1
21215 0 -1
8762 1 11 -1 0 -1 0 1 -1 0 0 0 1 11 11 -1 1 -1 0 1 -1 11 -1 0 11 -1
13434 0 11 -1 14 -1 1 9 10 14 -1 14 -1
20259 12 -1 3 13 -1 3 -1 13 -1 3 12 -1 3 12 -1
24394 11 -1 2 3 6 -1 10 -1
27214 13 -1
29643 0 0 0 11 11 -1 0 11 -1 0 11 11 -1 0 5 -1
7370 0 11 -1 0 11 -1
17206 0 12 -1
19261 0 -1 5 9 -1 0 1 5 5 9 -1 1 -1 5 -1
3011 0 0 2 2 -1
31394 12 12 13 -1 0 1 8 -1
16419 7 9 -1
26409 0 1 -1 0 3 -1
15896 12 -1 8 -1 3 -1 8 -1 2 -1 8 12 -1 3 -1 8 -1
25375 0 -1 13 -1 3 -1 0 -1 1 -1 3 -1 1 -1 0 13 -1
18435 0 1 -1 9 -1
22646 0 0 0 0 1 1 16 -1
5490 1 5 11 -1 5 -1 1 1 3 5 -1 5 -1
22691 6 8 -1 8 -1 3 -1 13 -1 3 8 -1 13 -1
4192 0 11 -1 0 6 -1 0 10 -1 0 0 3 16 -1 11 -1 0 11 -1
6343 0 1 5 -1 1 5 -1
27107 0 -1 1 -1 0 -1 1 -1 0 13 -1 0 1 -1
23085 0 3 -1
16312 2 9 -1 5 5 6 10 16 -1 0 1 3 -1
29564 0 -1 0 0 13 13 -1 0 13 13 -1 0 -1 13 -1
3930 8 -1 1 1 5 6 -1
10737 0 11 -1 0 0 1 11 -1
19122 7 -1 6 -1 3 8 -1 6 -1
443 1 -1 3 3 6 -1
21093 0 4 -1 0 1 5 -1 0 5 -1 0 0 1 3 -1 0 4 -1 4 5 -1
27245 0 0 1 -1 3 5 -1
23598 10 -1 14 -1 1 2 14 -1 3 -1 1 11 -1
15203 0 9 -1 1 1 3 -1
28924 1 -1 0 10 -1 0 0 3 13 -1
13490 0 11 -1
24510 0 0 1 10 -1 11 -1
9425 5 6 -1 5 6 -1 1 5 -1 5 6 -1
194 0 -1
14619 0 1 -1
15151 0 -1 1 -1 0 -1 0 0 1 13 -1
164 0 11 -1 11 -1 0 -1 11 -1 13 -1 6 13 -1 11 -1
13594 0 -1 3 3 5 6 -1 3 -1 6 -1
3433 0 1 -1 0 1 -1 0 1 1 -1
13868 0 13 -1 0 10 -1 1 -1 0 2 10 -1 0 0 0 0 1 11 13 -1 1 -1
847 0 3 10 16 -1
28136 0 -1 0 5 5 -1 0 -1 9 -1
26707 0 -1 1 -1
20228 2 -1 8 -1 7 12 -1 1 8 11 11 -1 8 -1 12 -1 7 -1
18792 8 -1 0 6 8 -1 6 -1 3 8 8 -1 3 -1
1265 7 -1 1 3 -1 1 -1 0 1 3 -1 1 8 -1 3 -1
7817 7 8 11 -1
3532 5 -1 3 6 7 -1 3 6 -1
8448 0 -1 0 10 -1
7337 0 5 -1 4 -1
17982 3 -1
30821 3 14 -1
7174 7 8 -1 0 -1 0 8 -1 7 8 -1
25875 0 0 11 -1 0 3 10 -1 0 -1
27322 0 1 -1 0 -1 0 0 9 11 -1
3946 5 6 -1 5 -1 6 -1
9093 0 -1
2815 0 1 2 -1 1 16 -1
31312 1 13 13 -1
10782 11 -1 3 -1 8 -1
1613 0 1 -1 0 0 13 -1 13 -1 0 0 1 -1 0 1 13 -1 0 13 -1 0 -1 0 10 -1
28052 0 2 -1 13 -1 0 0 1 11 -1
11750 0 -1 1 -1 0 -1
15036 1 -1 2 5 -1 1 5 -1 3 -1 1 -1
27876 0 -1
16664 0 -1 0 2 -1
9518 1 -1 14 -1 9 14 -1 10 -1 14 -1 9 -1 1 -1 2 -1
1947 3 -1 6 -1
1237 0 1 6 -1 6 -1 0 6 -1 0 0 0 1 9 -1 1 -1
23172 0 -1
11587 9 -1
8813 0 1 -1 0 0 1 1 -1
12002 3 -1 11 -1 8 -1 3 11 -1 3 8 -1 8 -1
5997 0 1 -1 6 -1 0 6 -1 0 0 6 -1 1 -1 0 6 -1 0 -1
31225 0 -1
24884 0 0 0 0 13 13 16 -1
25449 1 -1 0 -1 9 -1 0 -1 0 3 11 -1 0 -1 0 10 -1 3 -1 0 0 1 1 16 -1
3658 0 4 10 11 -1 0 10 -1
14924 1 1 3 8 8 8 10 -1
8756 0 -1
5881 1 9 -1 9 -1 0 5 5 6 -1
16630 14 -1 7 -1 14 -1
19199 0 -1 1 -1
23067 7 8 -1 1 -1 3 6 6 -1
26176 10 -1 1 3 10 -1
21988 0 0 1 -1
24978 0 3 -1 13 -1
6234 0 0 2 -1 3 -1
3381 0 0 0 1 3 3 6 -1 2 5 -1 13 -1 3 5 13 -1 1 1 1 5 5 6 -1
6742 1 -1 1 7 -1 1 7 9 -1 1 -1
22096 0 1 10 -1 0 1 -1 0 -1 1 -1 1 2 -1 2 -1 5 -1
28025 2 2 5 -1 6 -1 3 -1 6 -1
8440 5 -1
27468 8 -1 0 1 6 -1 0 0 2 6 8 -1 3 -1
3869 0 -1 7 -1 11 -1 7 -1 0 11 -1 11 -1 7 -1 11 -1 0 -1 11 -1 0 -1 11 -1 0 -1 11 -1 0 0 11 -1
2400 0 -1 9 -1 0 -1 11 -1
26876 0 0 6 -1 0 6 -1
30740 0 0 1 3 3 11 -1
13955 5 8 -1
20188 0 -1 0 11 -1
6109 0 10 -1 0 -1 1 -1 0 11 16 -1 6 -1
25914 0 1 -1 0 1 -1 0 -1 0 10 -1 1 -1
8181 2 13 -1
19264 5 -1 0 -1 0 10 -1 6 -1
978 3 -1
22942 6 -1
4989 0 1 -1 0 13 -1 0 2 -1 0 0 1 13 -1
15929 0 -1 3 6 -1
24544 0 -1
6025 1 1 11 -1 3 -1 6 -1 1 3 -1
13738 0 0 11 -1 1 -1 0 -1
26951 11 -1 0 -1
15629 13 -1 0 6 -1 0 -1
31180 0 -1 0 15 -1 0 0 13 15 15 -1 0 -1 13 -1 0 -1 15 -1
18096 0 0 3 6 11 -1 0 1 3 -1
14932 5 -1
17864 6 12 -1
8069 0 0 0 3 9 -1 0 16 -1 9 -1 0 -1
13707 1 1 9 11 -1
6538 0 -1 0 0 5 10 11 -1 0 0 9 11 -1 0 11 -1 0 -1 0 11 -1 5 -1
23120 3 -1 0 8 -1 3 -1 10 -1 5 6 13 -1
5774 0 1 -1 3 -1 1 -1
20200 3 -1 3 13 -1
24493 6 -1 3 -1
18211 0 11 -1
26437 11 -1 3 3 6 7 9 -1
24507 0 0 5 -1 0 1 -1 5 -1 5 6 -1 5 6 14 -1 0 -1
19336 0 10 11 13 -1 4 -1 0 5 11 14 -1
14378 1 -1
770 0 0 13 -1 11 -1 14 -1 9 -1 14 -1 2 -1 14 -1 2 -1
19690 1 -1 0 14 -1 1 7 -1 0 -1 1 4 -1 1 14 -1
25461 0 -1
25648 14 -1
2741 0 5 10 -1 0 0 5 6 -1
30593 0 -1 3 6 6 -1 3 3 6 6 -1 3 -1 3 3 6 6 -1 6 -1
4015 0 6 -1
9792 0 -1 10 -1 0 16 -1 0 -1 0 9 -1 0 2 -1
23241 0 0 6 -1 6 -1 0 -1 11 -1 0 6 -1 0 6 -1 0 -1
3534 6 8 8 -1
20689 2 11 -1 0 -1 1 -1 5 -1
8663 3 -1
4576 1 -1 7 -1
1400 3 -1 0 -1
9355 2 -1 13 -1 2 7 8 12 -1 7 8 12 13 -1 2 -1 13 -1 7 8 12 -1 2 -1 8 13 -1
14193 0 6 8 8 -1 5 -1 8 -1
14238 0 6 -1 3 6 -1 0 3 6 -1 3 -1 3 3 6 6 -1 6 -1 3 -1 11 -1 3 6 -1 1 -1 3 6 -1
1390 0 5 -1
31055 1 5 -1 1 5 -1 14 -1
31196 2 3 9 14 14 -1
21267 0 1 -1 0 -1 1 13 -1 3 13 -1 3 -1 13 -1
3715 0 0 1 -1 10 -1 0 -1 0 1 2 -1 0 -1
1980 0 -1 9 -1 0 -1 11 -1
15236 0 1 9 -1
5684 11 -1
17884 16 -1 10 -1 0 2 -1
29339 1 11 11 -1 1 5 11 -1 11 -1
30469 1 11 11 -1
30357 0 9 -1 0 6 -1
5272 10 -1 0 -1 5 10 -1 5 -1 0 0 0 0 1 1 2 16 -1 0 11 -1 0 -1
11478 0 -1 13 -1 0 -1 3 6 -1 13 15 -1
7353 0 -1 13 -1 0 13 -1 0 0 4 -1 0 0 1 2 9 -1 0 0 10 -1 0 13 -1 11 -1 0 -1
13171 0 -1
3455 10 -1 0 0 14 -1
29352 0 -1 13 -1 0 -1 0 2 9 -1 0 -1 11 -1
2923 0 10 -1 0 1 10 -1
630 0 1 10 -1 0 -1 0 1 -1 0 1 5 -1 0 -1
27874 3 -1 0 11 -1 0 5 6 13 -1
4584 0 0 7 -1 9 10 13 -1 9 -1
18022 0 11 11 -1 0 -1 10 -1 0 13 -1 0 9 -1
16434 1 2 13 -1 1 11 -1 0 -1 13 -1 0 -1
30038 1 -1 3 6 6 -1 3 -1 3 6 7 -1
12633 0 1 -1 0 -1 11 -1 0 -1 11 -1 0 -1 0 11 11 -1 0 -1 1 -1 0 9 -1 7 -1 0 0 15 -1 15 -1 0 15 -1 0 15 -1
28580 0 1 -1
20276 0 -1 13 -1 0 -1 9 -1 0 -1 0 10 -1 6 -1 3 -1
25352 1 5 -1 1 9 -1
18963 0 -1 1 11 -1 11 13 -1 0 4 5 6 -1
4712 1 -1 8 -1 6 -1 3 8 8 -1
30138 0 -1 6 -1
27680 0 5 -1 6 -1 5 -1 6 -1
1615 6 -1 3 -1
12701 0 0 2 3 -1
7885 12 -1 13 -1 1 4 4 5 8 14 14 -1 0 6 11 13 -1
11825 5 8 -1 8 -1 7 -1 1 -1 3 -1
13571 0 10 -1 0 0 13 -1 2 -1 0 -1 0 3 4 5 -1
24466 0 -1 2 10 13 -1 0 -1 2 -1
10104 0 -1 13 -1 0 -1 6 -1 0 0 6 13 -1 0 -1
14307 8 -1 7 8 11 12 -1
11476 13 14 -1
4428 1 10 14 -1 14 -1
27555 0 1 -1 6 -1 0 -1 0 3 6 -1 0 6 -1
12576 0 3 -1 0 -1 8 -1 2 -1
811 1 -1 0 0 1 11 11 13 -1 13 -1 0 -1 1 3 6 11 -1
8735 5 6 -1 5 5 6 -1 6 9 -1 9 9 11 -1 6 -1
14988 0 -1
12676 0 0 1 -1
26349 0 -1 1 -1
22379 0 3 8 -1
5606 3 -1 1 -1 11 -1
8734 0 13 -1
30429 0 1 -1
21811 11 -1 0 11 -1
14497 0 -1
10081 1 -1
14855 0 1 -1
21916 0 -1
19689 0 0 9 9 -1
27206 7 -1
19273 7 -1 1 1 7 -1
11573 8 -1 6 8 11 -1 3 -1 3 6 -1
14139 0 9 -1 0 -1 5 -1 1 9 -1 0 5 9 -1 0 -1 5 -1 1 2 5 -1 5 -1 0 15 -1 5 9 -1 10 -1 14 -1 10 -1 2 14 -1 1 5 14 -1
28091 1 1 3 9 10 -1
22943 0 3 -1 8 13 -1 0 0 0 3 6 8 -1 12 13 -1
13767 5 -1 12 -1 0 8 -1 3 -1
10612 0 0 1 -1 0 10 13 -1
8425 0 -1 0 1 3 3 9 11 -1 1 -1 9 -1 1 9 -1
727 0 11 -1
1587 0 0 12 12 -1
22511 0 -1 0 9 -1 9 -1
22826 0 10 -1 0 -1 1 -1
12459 8 11 -1 1 11 -1
18106 0 -1 0 2 -1
16645 0 8 8 -1 9 11 -1 1 3 8 -1 3 9 -1 7 -1 1 -1 0 14 -1 1 -1 3 -1
27027 1 2 11 11 -1
9231 1 6 -1 1 6 -1
18169 3 -1
31118 0 -1 11 12 -1 13 -1
17939 8 -1 3 -1 6 12 -1 3 12 13 -1 13 -1 12 -1
18817 0 1 -1
25203 0 12 -1 1 -1 13 -1
22715 1 14 -1 1 -1 0 1 -1 4 -1 1 -1 5 7 9 -1 10 -1 2 -1 6 13 -1 11 -1 1 1 14 -1 1 14 -1
23600 0 -1 5 -1 0 11 -1
26016 0 -1 11 -1 13 -1 0 9 -1
9008 0 3 -1 10 -1 0 10 -1 0 10 -1
11945 2 -1 3 10 -1
30585 0 -1 5 8 -1 3 -1 10 -1
28038 5 14 -1 5 6 14 -1 5 5 6 14 -1
14230 0 -1 10 -1 0 16 -1 5 6 -1 6 -1
30106 6 -1 3 3 6 6 -1 3 -1
12007 1 3 6 -1 7 -1
16323 0 0 1 -1 0 0 2 2 10 16 -1 0 0 5 10 -1
9674 0 -1
3162 0 -1 1 -1 0 0 2 11 -1 0 9 10 -1 11 -1 9 -1 3 6 11 -1 11 -1 1 1 2 2 7 -1 0 -1 0 1 10 -1 0 -1 4 9 10 -1
27965 0 10 -1
6846 10 -1 16 -1
30210 0 -1 0 10 -1 5 -1
16100 0 7 -1 0 7 -1 7 -1 0 7 -1 0 7 -1 0 7 -1
14890 5 -1 10 -1 0 0 2 11 -1
14926 0 -1 9 -1 10 -1 1 -1
10031 0 3 7 8 8 -1 0 6 -1
30693 0 5 -1 11 -1
20408 0 5 -1
28237 1 -1 11 -1
17441 0 5 -1 0 -1 0 0 0 1 1 10 -1 11 -1
11862 0 0 6 6 8 8 -1 0 -1 0 8 11 -1
7393 8 -1
10911 10 -1 3 12 -1 3 6 -1 3 6 12 -1
31145 0 2 -1
19466 5 8 -1 8 -1 3 6 11 13 -1
30217 0 10 -1 0 -1 3 -1 0 3 -1 0 -1 13 -1 0 -1
11788 4 10 -1
28650 0 10 -1 0 0 10 11 -1
21631 0 -1 11 -1
23675 10 -1 0 11 -1 0 -1 9 -1 0 1 10 -1 1 -1
19718 15 -1 5 -1 15 -1 5 5 15 -1 15 -1
12974 11 -1 2 9 -1 11 -1 2 2 11 11 -1 13 -1
11839 0 0 5 5 14 -1 1 2 3 -1 1 11 -1 13 -1 0 13 -1 3 -1
30291 5 5 14 14 -1 6 -1 5 14 -1
5781 1 -1
25911 3 6 7 -1 7 -1 3 6 -1 7 -1 3 6 -1
1667 0 -1 0 3 3 -1 0 5 -1 0 1 11 -1
20658 0 -1
28825 11 -1 0 -1
29813 0 -1 9 10 -1 0 3 6 -1 0 5 -1
10620 0 3 -1 1 5 -1 0 1 5 5 -1 0 5 -1 0 -1 5 -1 6 -1 0 1 -1 0 -1 1 -1 0 0 0 1 5 5 -1 1 -1 0 1 5 -1
15170 0 13 -1
19663 0 0 8 8 -1 1 -1 0 -1 0 1 8 -1
7996 0 13 -1 0 -1
21374 9 -1 5 -1 6 -1
23958 1 3 9 -1
19343 1 -1 13 -1
21859 5 6 10 -1 5 10 14 -1 14 -1 4 -1
26645 0 -1 2 -1 0 5 -1 2 -1 0 1 -1 9 -1 4 15 -1 15 -1
22208 12 -1 0 -1 6 6 8 8 12 12 13 -1 6 7 -1
6898 5 -1 5 6 -1
22513 0 4 5 6 -1
6143 0 -1 6 -1 0 -1 0 3 -1 5 5 6 -1 0 -1 5 -1 5 6 -1
18441 0 10 -1 0 11 -1 0 -1 0 0 13 13 -1 0 13 -1 0 13 -1
12708 0 4 -1 0 -1 0 0 2 2 -1
14998 1 1 3 -1
23710 8 -1
10071 7 -1 1 6 -1 3 -1 3 6 -1 1 1 3 -1
829 6 -1 0 0 5 6 -1 0 -1
10294 0 1 3 3 -1 0 -1
8376 6 -1 11 -1 6 -1 11 -1 13 -1 0 11 -1
3966 0 0 9 -1
33 6 -1 9 -1 6 -1 5 -1 0 9 -1
1960 5 -1 6 -1 0 -1 5 -1 0 0 6 -1 5 -1 0 -1
19895 0 0 1 1 -1 0 -1 0 0 2 9 -1
4938 1 -1 0 0 13 -1
28780 0 1 -1 3 6 -1 3 -1 2 -1
3904 0 9 -1
30438 0 -1 3 -1 0 0 0 3 9 -1 1 -1 0 1 -1
8147 0 5 14 -1 9 -1 1 9 14 14 -1 6 -1 0 0 3 6 -1 0 -1 9 -1
9485 0 -1 2 -1 0 0 10 11 -1 0 11 -1 0 -1 2 -1 10 -1 10 16 -1
1453 13 -1 0 13 -1 0 0 13 13 -1 0 13 -1 0 0 13 -1 0 13 13 -1 0 -1 0 6 -1 6 -1 0 6 -1 0 -1 6 -1 0 -1 6 -1 0 -1 6 -1 0 -1 6 -1 0 13 -1
29887 0 16 -1 11 13 -1
14578 1 7 -1
18342 0 5 10 13 -1 0 1 4 5 10 -1 4 -1
13 1 -1 9 -1 11 -1 10 -1 5 6 9 -1 9 -1 1 -1
4708 0 0 0 2 2 11 -1 0 0 1 1 -1 0 6 -1
30407 1 -1 11 -1
9705 0 6 -1 0 -1 0 6 6 -1 0 -1 0 6 -1 3 -1 0 -1 6 -1 0 -1
2311 5 -1 0 9 -1 0 1 2 5 9 16 -1
24970 0 -1
18107 0 10 -1 0 -1 0 1 10 -1 0 -1 0 1 10 -1
17200 0 -1 1 2 -1 0 0 1 11 -1 2 -1
30265 5 -1
14749 6 -1
13966 0 1 -1
15807 1 1 14 -1 0 3 6 -1
8468 5 -1 5 5 6 6 -1 6 -1 5 6 -1 5 -1
11437 0 -1 0 6 -1 0 0 2 2 9 -1 3 -1 0 1 -1 0 0 6 -1 6 -1 16 -1
24067 0 1 -1 10 -1 0 -1
26463 0 8 -1 11 -1 0 -1 0 0 9 11 -1 1 -1 5 -1 1 11 -1 8 -1
6808 5 -1
9901 0 -1 0 11 -1 0 11 -1 11 -1 0 -1 0 6 11 -1
25173 1 1 2 13 -1 11 13 -1
9006 0 3 -1 5 7 -1 3 5 7 9 -1 6 -1 5 6 -1 5 -1
30266 1 -1 0 -1 0 9 -1 0 0 11 11 -1 3 6 -1 3 6 -1 0 6 -1
11220 0 13 -1 0 0 13 -1
18069 0 16 -1
8538 0 3 -1
5372 7 -1 5 7 -1
23462 6 -1 0 5 5 6 -1
4606 0 10 -1 0 0 1 6 -1 3 -1 6 -1 0 11 -1
4185 0 2 11 -1 0 1 2 -1 0 -1 2 -1 0 2 -1
6445 1 -1 6 7 -1 6 7 -1 1 -1 6 -1 1 6 -1 1 -1 6 -1
6557 6 -1 8 -1 6 -1 3 8 -1 3 6 6 8 8 8 -1
8508 0 -1 1 3 14 -1 0 11 -1 3 13 14 -1 0 0 0 0 1 1 1 1 1 2 2 3 5 6 6 13 13 14 -1
13691 0 10 14 -1 4 5 10 14 14 -1 0 13 -1
7606 3 -1 5 -1 8 -1 6 6 8 -1 8 -1
19185 5 6 -1 5 6 -1 5 -1 5 6 -1
20184 0 1 3 -1 11 13 -1
18783 0 5 -1 0 8 -1 13 -1 0 4 5 -1 2 -1
27477 0 6 6 -1 0 -1
15190 1 2 14 14 14 -1 9 14 -1 1 2 14 -1
11379 10 -1 5 -1 4 -1 5 -1 1 3 4 -1
16278 8 -1 6 -1 0 12 -1 8 -1
26627 0 0 6 -1
14298 7 -1 6 9 -1 6 9 -1 9 -1
24229 0 0 0 1 9 -1
22934 4 14 14 -1 5 -1
10124 1 1 7 10 16 -1
20291 0 -1 1 -1 1 1 13 13 -1 3 13 -1 1 -1 4 -1 0 -1
10587 0 -1 1 -1 10 -1 13 -1 0 0 1 11 -1 0 1 -1
12984 5 -1 0 9 -1 1 -1 3 3 6 -1 0 -1 0 3 -1 0 3 11 -1 0 5 -1 6 9 -1 0 0 1 5 -1
19586 1 11 -1
21537 5 6 -1
8666 0 10 -1 1 -1 0 -1 0 1 -1 1 -1
17555 0 1 3 -1 6 -1 0 -1
23061 0 0 2 10 -1
14243 1 5 -1 11 -1
22602 0 2 -1
7568 0 0 2 9 -1 0 -1 10 -1
1344 0 0 5 5 6 10 -1
15186 0 -1 5 -1
13957 0 11 -1 0 -1
24800 0 -1 0 1 3 5 13 -1 0 1 1 6 -1 1 5 -1
20092 6 -1
24600 0 -1 6 -1 0 0 1 -1 0 0 1 11 -1 2 -1
6796 5 -1 5 5 6 6 -1 6 -1 5 -1
12124 11 -1
13306 4 14 14 -1 4 7 9 14 -1 4 -1
6255 1 -1 1 5 9 -1 5 -1 10 -1 5 9 9 -1
31163 0 13 -1 0 11 -1 0 -1 3 3 13 -1
14126 0 0 3 3 13 -1 0 -1
24198 1 -1 0 14 -1 0 1 1 11 -1 14 -1 0 1 -1 14 -1
6499 2 -1
20751 0 -1
27225 0 -1 4 -1 0 4 -1 0 0 0 1 1 -1 3 -1 6 -1
15194 0 -1
1785 0 -1 5 11 -1 5 11 11 -1 6 -1
28218 3 6 -1 3 -1
28970 1 -1 14 -1
24359 0 0 1 1 -1 0 0 1 1 2 -1
6669 5 14 -1 1 -1 5 6 14 -1 6 14 -1 9 -1
12321 0 3 -1
10201 1 1 2 2 -1
24647 0 1 8 11 -1
23352 0 10 -1 0 -1 0 1 -1 10 -1 0 -1
2540 0 16 -1 2 -1 0 1 -1 0 9 -1 0 -1
11514 8 -1
21143 3 5 -1 0 5 6 -1 0 1 7 13 -1
673 8 -1
30431 0 -1 13 -1 0 3 -1
11956 0 6 -1 3 -1 1 -1 0 -1 1 11 -1 0 3 -1 6 -1
12615 0 -1 2 -1 14 -1 2 -1
29546 8 -1 0 0 16 -1 1 8 -1 0 -1 1 3 -1
20749 1 -1 8 12 -1
12846 13 -1
13780 0 -1 1 -1 0 -1
13687 3 6 -1 3 5 6 -1 1 -1 0 5 -1
23659 1 -1 3 3 6 -1 0 5 -1 3 3 6 -1 3 3 6 6 -1
7432 0 0 11 -1
6016 5 6 -1 5 -1 1 1 3 3 -1 1 -1 14 -1
18010 0 0 0 1 2 2 2 3 -1
27755 0 -1 11 -1 0 -1 0 0 3 10 -1
17355 4 -1 0 -1 4 -1 0 0 10 -1 4 -1 0 0 1 -1 5 -1 0 13 -1 0 -1 14 -1
13004 2 3 14 -1 14 -1
8294 0 5 -1 0 -1 0 0 4 10 -1
7437 6 -1
7665 0 11 -1 0 1 2 9 -1
11940 0 0 10 13 -1 1 12 -1 0 1 -1 0 16 -1 0 0 13 -1 1 -1 13 -1
18278 0 0 6 -1 0 13 -1 6 -1 0 -1 0 6 -1
14984 0 0 6 -1 11 -1 0 6 -1 0 -1 5 -1 0 6 10 -1
15426 6 14 -1 3 -1 3 6 -1
4519 0 -1 0 10 -1 2 10 -1 16 -1 10 -1
24826 0 0 11 11 -1 13 -1 0 11 13 -1 0 -1
29458 0 0 1 2 11 -1 11 -1 1 11 -1 0 -1 13 -1
4991 0 -1 0 1 5 -1
20842 5 11 -1 10 -1
6068 0 -1 1 -1 11 -1
5449 0 -1
13305 0 -1 4 -1 0 -1 0 0 0 1 1 10 13 -1 0 0 13 -1 0 0 0 10 10 16 -1 4 -1
31580 5 6 -1 3 -1 3 5 6 13 13 -1 3 -1 1 5 13 13 -1
16720 5 -1 6 -1 5 -1
23833 0 1 -1
22254 11 -1 8 -1 1 -1 14 -1 1 1 1 14 14 -1
23144 3 3 6 9 -1
28049 11 13 -1 11 11 13 -1 13 -1 11 13 -1 11 -1
3671 5 14 -1 14 -1 4 -1
11639 0 0 3 10 -1 0 0 0 0 1 1 2 -1
4409 0 -1 0 2 2 -1 0 -1 11 13 -1
12021 0 5 6 -1 5 -1 6 -1 0 1 5 -1 0 -1
23310 7 -1 0 -1 7 -1 0 -1 7 -1 0 0 7 -1 0 0 7 7 -1 0 7 7 -1
580 0 1 3 3 6 -1
16410 3 3 8 8 8 8 8 12 12 12 -1 3 8 12 -1
21519 0 14 -1 2 -1 14 -1 9 -1 5 14 14 -1 1 -1 14 -1
15582 1 5 -1 0 3 5 5 5 6 6 -1 0 1 -1 0 1 2 5 -1
19625 0 -1 11 -1 0 2 -1 0 -1 1 11 -1 0 0 11 -1
25302 0 0 9 -1 0 6 -1 6 -1 0 3 -1 6 -1
21014 0 0 1 1 -1 3 9 -1 3 -1 0 -1 3 -1
21559 1 -1 11 -1 2 -1 0 9 -1
27126 0 10 -1 0 -1
24979 6 12 -1
15942 0 1 -1 0 -1
30874 0 3 -1 3 9 -1 0 9 -1
12064 10 -1 0 1 -1
16414 7 9 -1 6 -1 3 14 -1 13 -1
14828 1 -1 0 -1 14 -1 0 1 14 -1 1 -1 0 -1 0 0 1 11 11 13 -1 14 -1 1 -1 0 13 -1 11 -1 0 0 1 11 -1 14 -1 1 -1 0 13 -1 11 -1 0 -1
15586 1 -1 2 11 13 -1 10 -1 1 -1
30996 9 -1 0 6 -1 0 -1 6 -1 0 0 6 -1 6 -1
17906 0 0 6 6 6 -1
16000 6 8 -1 3 -1 6 -1 12 -1 13 -1
31202 5 5 7 7 7 -1 7 13 -1 1 -1 6 7 -1
28074 0 -1 4 -1 0 -1 4 -1
25540 0 -1 1 13 -1 2 9 -1 0 3 13 -1 11 -1 0 -1 1 -1 11 -1 10 -1
5154 0 -1 1 3 -1 1 3 -1 6 -1 13 -1
2010 0 0 3 -1 0 13 -1 6 -1
11435 0 1 13 -1 0 -1 0 10 13 13 -1 6 -1 0 3 13 -1 0 -1
8876 3 -1 6 -1 1 4 14 -1 5 10 14 14 -1 9 14 -1 14 -1 9 10 14 -1
11551 0 0 9 -1
26280 0 5 -1 0 9 -1 11 -1 1 11 -1
29659 1 1 2 9 9 11 -1
2498 0 0 2 6 11 -1
16220 7 11 -1 1 -1
3195 3 -1 1 -1 11 -1 1 -1 11 -1
10659 0 1 1 11 14 -1 0 -1
2231 2 8 -1 2 3 8 -1 3 11 -1
11863 8 -1 2 -1 8 -1 1 7 -1 2 -1 9 -1 6 -1 9 -1
237 10 14 -1 2 14 -1
19179 6 -1
8163 0 0 13 -1 3 -1 0 -1 0 0 4 4 13 -1
8442 0 -1
4357 1 1 9 -1 0 1 5 -1
1529 0 -1 9 -1 0 0 0 1 9 -1 0 1 11 -1 0 11 -1 0 -1 1 -1 0 -1 1 -1 0 -1
22805 0 16 -1 11 16 -1
30623 1 7 -1 7 -1 1 -1 1 1 5 13 -1
18816 0 0 1 -1 1 -1 0 9 -1
16309 6 13 -1 13 -1
24177 8 -1 0 -1 5 -1 6 -1 3 8 -1 6 -1
27522 6 -1 3 6 -1 3 3 3 6 6 -1 6 -1
3722 0 0 1 1 1 11 13 13 -1 0 -1
21356 1 7 -1
18667 0 6 13 -1
18146 0 13 -1 0 -1 11 -1
18890 2 11 -1
7296 0 -1
3209 0 0 2 11 -1
1142 0 -1
1733 0 3 6 6 -1 0 1 2 3 -1 1 1 3 3 6 -1 0 -1 2 4 10 -1
16724 0 -1
23015 0 -1 3 -1 0 -1 2 -1 0 -1 2 -1 0 1 -1
2412 0 8 -1
25657 0 2 -1 1 4 -1 3 -1 1 -1
19779 3 6 -1
20198 0 -1
11806 0 11 -1 0 0 6 11 -1
28185 1 3 3 -1
16036 0 -1 1 -1
18601 0 -1 5 6 -1 0 -1 0 5 -1 5 6 -1 0 -1 0 5 5 6 6 -1 0 -1 0 5 -1 5 -1 6 -1 0 -1 0 5 -1 0 5 -1 5 -1 0 0 2 2 5 11 -1 1 -1 0 0 2 2 5 11 -1
18189 0 1 -1 0 1 -1
10341 5 -1 6 -1 5 -1
31020 6 8 8 -1 0 -1 3 6 -1 6 -1
16549 0 5 5 -1
10912 0 1 -1 1 1 7 -1 1 3 13 14 -1 11 -1 3 6 13 -1 2 10 -1 5 9 -1 4 -1 7 -1
21402 1 -1 9 -1 3 4 -1 1 5 -1
20337 10 -1 1 -1 0 3 -1 0 -1 0 1 -1
19845 0 13 -1 0 12 13 -1 12 13 13 -1
28442 0 5 -1
28065 0 -1 0 3 11 -1
16755 0 -1 6 13 -1 0 2 13 -1
7711 0 -1
9105 1 -1
24838 1 -1 0 0 1 -1 1 -1 3 -1 0 1 9 -1
10692 0 0 1 6 -1 0 6 -1 0 1 10 -1
5460 7 -1 3 5 -1 3 6 -1 5 9 -1
15208 0 0 10 13 -1 0 2 -1
18183 0 -1 0 13 -1
14254 6 -1 6 13 -1
1180 13 -1 0 11 -1 0 -1
24400 1 13 -1 3 6 6 -1 3 -1 1 -1 3 -1
21645 0 1 1 6 6 8 -1 1 -1 6 -1 7 -1 6 -1 1 8 -1 0 -1 1 8 -1
12177 0 -1
6125 0 -1 0 1 -1
11197 0 -1 6 -1 3 7 -1 0 -1 7 -1 3 -1 0 3 6 -1 0 6 7 -1 0 -1 3 -1 7 -1 3 -1 0 6 -1 1 3 6 11 -1 11 -1 3 -1
20287 8 -1 3 -1 3 6 -1
25822 0 2 9 -1 0 -1 1 -1 11 13 -1
23052 0 -1 1 -1 9 -1 10 -1 3 -1 1 -1 3 -1 1 -1 0 -1
24012 3 6 6 -1 3 -1
7797 0 -1 0 0 7 7 11 -1 0 -1 0 1 -1
314 0 -1 0 13 -1 3 -1 0 0 3 5 -1 0 -1
10119 3 6 14 -1 11 14 -1 2 3 6 14 -1
2458 2 -1 0 2 -1 0 -1
6116 12 -1 6 -1 6 12 12 -1 13 -1 12 13 -1 12 -1
1598 0 0 3 -1 0 1 10 11 -1 2 10 -1 16 -1 0 -1
7113 0 -1 0 1 2 11 -1
27394 3 3 6 6 -1
26656 1 -1
22265 0 -1
23714 0 -1 6 -1 0 6 -1 0 0 6 11 -1
12838 3 3 3 6 6 -1 6 -1 3 3 6 -1
14133 0 0 6 -1 6 -1 0 -1
93 0 -1 11 -1 0 11 -1 13 -1 11 -1
30041 0 -1 1 -1 0 -1 0 5 -1 0 0 1 5 -1
23135 5 -1 5 6 6 -1
21240 2 -1
18706 0 -1 2 9 10 -1 5 9 11 13 -1
28980 5 -1 0 0 5 6 -1 6 -1 0 5 -1
27232 0 5 -1
27063 0 1 -1 0 1 2 -1 0 10 -1 0 1 -1 3 -1
21447 5 -1 6 -1 3 5 5 6 -1 8 -1
30659 5 9 -1 5 -1 14 -1 1 2 3 5 -1 0 -1 0 15 -1 5 -1 0 -1 1 5 -1
9222 2 3 8 10 13 -1
10678 0 1 1 3 14 -1 6 -1 3 6 -1 3 -1
24285 0 -1
16918 0 2 -1 1 -1 13 -1 0 1 -1 5 -1 10 -1 1 -1
2198 5 6 -1 0 -1
15821 0 -1 11 -1 0 -1
17931 0 3 -1 0 1 -1 3 -1 0 -1 3 6 -1 0 1 3 -1
16199 0 -1
4776 0 -1 0 1 11 -1 0 -1 1 -1 9 11 -1 0 10 -1 1 2 -1 9 -1 0 -1 11 -1 0 11 -1
24909 0 -1 5 -1 0 3 -1 0 3 6 11 -1
16421 11 -1
9035 11 -1
11798 0 16 -1
14286 8 11 -1 5 -1 8 12 -1 3 5 8 -1
12316 3 3 6 -1
5354 2 7 8 -1 7 -1
746 0 0 10 13 -1
10628 1 7 -1 5 -1 6 8 10 12 13 -1 0 -1
7146 1 1 10 10 -1
20028 3 -1 1 -1 2 5 9 10 -1 4 -1
18164 0 -1
11244 0 16 -1
26786 0 -1 0 0 1 9 11 -1 0 13 -1 0 1 -1
5225 0 3 5 -1 5 -1
11771 0 -1 6 -1 0 -1 5 -1 0 6 10 -1 5 -1 0 6 6 -1 0 5 -1 6 -1 1 -1
27764 12 -1 6 12 -1
11586 0 2 -1 0 -1 1 6 -1 0 -1
27778 1 -1 6 -1
27060 0 13 -1 0 -1 1 -1 2 4 -1
24938 14 -1 6 -1 5 -1 6 -1 4 4 14 14 -1
22194 1 13 -1 2 13 -1 1 -1 1 4 -1 10 -1 6 -1 3 -1 6 -1 2 3 -1 1 -1 1 2 2 -1 10 -1
4376 5 -1 6 -1
10412 0 0 1 3 3 -1 0 -1 4 -1 0 -1
19120 0 -1
31380 0 -1 0 6 -1 0 2 -1 11 -1 0 0 3 -1
15508 0 8 -1 1 -1 10 -1 1 1 10 -1
9236 0 -1 0 6 -1 1 -1 6 -1
11708 0 1 -1 0 13 -1 0 13 -1
972 8 -1 1 7 7 -1
3519 0 13 -1 6 -1 0 -1 13 -1
8515 12 -1
16751 0 10 -1
28051 0 1 1 2 -1
27257 0 1 3 -1 5 6 -1
6436 12 -1 6 -1
7521 0 -1
31605 0 -1 0 3 3 -1 0 -1 3 -1 0 -1 3 -1
7677 2 4 6 11 -1 11 -1 7 -1 1 -1 7 -1
12169 0 -1 0 13 13 -1 0 -1 13 -1 0 -1 3 6 -1 3 6 6 -1
9092 0 1 -1 0 0 9 -1 0 1 9 -1 0 3 6 -1 6 -1 0 -1
11694 0 -1
6670 0 9 10 -1 0 2 -1 0 1 -1
3523 0 -1 5 9 -1 1 -1 9 -1
6409 2 -1 13 -1
6712 0 11 -1 1 13 -1 1 -1 4 9 11 -1 0 3 6 -1 1 -1
5614 0 16 -1 3 -1 6 -1 2 -1 1 -1 0 -1 0 11 -1
21411 0 6 6 9 9 -1 9 -1
8153 1 -1
11062 5 -1
18985 0 13 -1 0 4 10 10 -1 0 3 10 -1 1 -1 0 1 10 -1
30802 5 -1 3 6 9 9 -1 1 6 9 9 -1
1892 1 -1 0 1 -1 0 1 -1
17026 0 1 -1 0 0 0 1 2 10 -1 0 0 2 16 -1 2 -1
13317 0 -1 3 -1
21894 0 1 -1 0 -1 1 2 -1 0 -1 1 -1
7053 5 -1 3 4 6 8 -1
31250 0 1 -1 0 -1 1 14 -1 1 11 -1 2 10 13 -1 9 -1 4 5 -1 7 -1 0 1 -1 11 13 -1 9 -1 2 -1 4 5 10 -1 7 11 -1
16138 0 0 6 6 -1
5784 13 -1 0 0 7 13 -1 3 6 -1 3 -1 5 -1 7 -1 0 -1
15246 0 -1 13 14 -1
27190 0 5 9 -1 0 5 -1 3 -1 1 5 5 9 -1
27402 0 0 1 3 10 -1 1 -1 3 -1
16932 0 0 11 -1 5 -1 0 5 6 -1 6 -1 0 -1 0 3 -1 6 -1 3 -1 3 6 -1 0 -1
9299 0 0 7 -1
1374 0 2 -1 0 -1 1 -1 0 3 3 6 6 -1 3 13 -1
25927 0 7 -1 3 10 -1 10 -1 16 -1 10 -1 0 -1 1 -1
13124 1 -1 3 10 -1 2 7 -1
27173 0 0 5 6 8 8 -1 0 1 -1 0 1 5 8 -1 0 -1 1 -1 0 8 -1 0 1 1 -1 0 -1 0 8 8 -1 6 8 -1 0 11 -1 1 -1 0 0 3 11 -1 0 16 -1 0 16 -1 9 -1 0 -1 0 9 -1 11 -1 8 -1 5 -1 0 -1 0 1 1 -1 0 1 5 -1 5 -1 3 14 -1 1 3 6 8 11 -1 1 -1 0 7 -1 1 -1 0 -1 6 -1 0 -1
14789 0 -1 11 13 -1 0 -1 0 13 -1 0 0 0 1 3 3 10 -1
11391 0 0 0 1 1 2 -1 0 1 -1
21552 0 -1 1 -1
15858 0 -1 1 16 -1 5 -1
19913 0 1 -1 0 1 -1 0 -1 0 14 -1
10551 0 -1 0 9 -1 10 -1 0 -1
4568 0 -1 1 2 11 -1 10 -1 0 10 -1
4491 6 6 8 8 -1
22643 0 9 -1 0 -1 14 -1 1 -1 14 -1 1 -1 13 14 -1 14 -1 3 -1 0 3 -1 13 -1
10224 1 -1 0 1 -1 0 0 0 0 1 1 1 -1
31701 0 -1 0 1 -1 1 -1 0 5 10 -1 0 6 -1
31467 5 6 -1 5 -1 9 -1
18924 6 -1 0 6 -1 0 -1
3900 0 6 -1 6 -1 0 -1 2 -1
151 12 -1 0 0 12 -1 12 -1
9272 0 0 13 -1 0 13 -1 13 -1 7 -1 0 -1 13 -1 0 -1
27944 0 -1 0 0 4 6 6 9 14 -1
11923 6 -1 3 -1 0 -1 3 -1 1 -1 0 -1 1 6 6 -1 3 6 -1 1 3 6 -1
283 11 -1
18627 10 11 -1 11 -1 2 8 -1 6 7 -1
22790 3 -1 6 -1
17364 5 -1 5 6 -1 6 9 12 -1 12 12 13 13 -1
7785 0 1 -1
31183 12 -1 6 -1 8 12 12 13 13 -1 13 -1 12 -1 13 -1
29398 12 -1 8 -1 6 -1
22052 3 5 6 -1
27563 0 13 -1
184 1 14 14 -1
2044 3 6 6 -1
31642 5 7 7 8 12 -1
31527 0 1 8 11 -1
30635 0 0 3 -1
23847 0 0 7 7 -1
23446 13 -1 0 -1 1 -1 11 -1
25427 0 0 2 -1 3 -1 0 1 1 2 11 -1 0 -1
12046 6 -1 0 1 3 10 13 14 -1 3 6 -1 3 6 -1
31339 11 -1 0 0 11 -1 0 0 11 11 11 -1 0 -1 0 11 -1 11 -1 0 0 11 -1
5903 0 -1 0 1 6 -1 11 13 -1 2 14 -1 0 0 13 -1 1 13 -1
20708 0 -1 2 -1 0 2 -1 0 -1 0 2 9 -1 0 -1
14173 9 14 -1 2 -1 3 -1 3 6 -1
11836 0 -1 13 -1 0 -1 1 -1 1 3 5 6 -1 6 -1
6732 0 6 6 -1 0 -1
1421 0 1 14 14 -1
18378 1 -1 8 -1
31187 0 -1 11 -1
29242 0 -1 1 -1 0 -1 0 2 -1
28285 0 -1 1 2 3 9 11 -1
7431 0 -1 0 1 -1 13 -1 0 -1
