3179
10317 0 0 10 -1 3 -1 0 -1 3 -1 0 -1 0 11 -1
7767 1 -1 14 -1 0 -1 1 4 7 -1 1 -1
18064 0 0 1 6 -1 0 0 1 3 6 10 -1
10539 6 -1 8 -1 6 -1 3 6 13 -1
11776 5 -1
21644 1 1 1 5 11 11 -1 4 11 -1
16004 0 4 13 -1 0 4 4 5 10 13 13 -1
24993 5 -1
20018 3 3 3 6 6 -1
5523 7 -1
3654 0 0 0 0 3 10 13 13 -1
8283 0 -1 3 6 -1 3 -1 0 -1 0 6 -1 1 -1 0 1 3 -1 0 -1 0 1 -1
19692 1 -1 1 5 -1
28390 0 5 -1 1 3 -1 1 -1 3 -1
10363 10 -1 4 -1 16 -1
24658 12 -1 13 -1 12 -1 13 -1 12 -1
25735 6 -1 1 7 7 8 -1
20313 5 5 6 6 8 -1 6 8 -1 0 1 -1
18283 0 1 2 -1
4660 2 16 -1 1 -1
14087 0 -1 0 6 -1 6 -1 0 -1 0 6 -1 10 -1 0 0 6 10 -1 0 0 6 -1 6 -1 0 -1 0 6 -1 6 -1 0 10 -1 0 0 6 -1 5 -1 0 6 -1 0 -1 5 -1 0 6 -1 0 0 6 6 -1 0 -1 5 -1 6 -1 0 6 -1 0 -1 6 -1 0 -1 5 6 -1
31455 0 3 9 -1 5 -1 6 -1 5 -1 9 10 16 -1 10 -1
2098 0 -1 0 11 -1 11 -1 0 -1 0 11 11 -1
23228 0 -1 0 9 10 -1 0 1 2 14 -1 0 1 -1 0 1 -1 0 0 3 -1
27767 1 -1
29297 1 -1 3 11 -1 3 5 -1 3 11 -1 1 1 5 13 -1 13 -1 11 -1
8871 2 -1 14 -1 2 -1 14 -1 9 -1 14 -1 9 -1 14 -1 2 9 -1 14 -1 2 14 -1 2 -1 1 1 1 2 2 14 14 14 -1 11 14 -1 14 -1 11 -1
25332 0 1 -1 0 13 -1 0 0 13 -1 0 13 -1 11 -1
30797 5 10 14 14 -1
12812 1 6 -1
2510 13 -1 0 0 1 1 1 2 2 -1 0 1 -1
31036 0 -1 0 3 3 -1
15692 5 8 -1 2 8 -1 2 -1 8 -1 1 -1 5 8 -1
10698 0 3 -1
26089 0 4 -1 4 -1 1 -1 1 4 -1 11 -1 5 -1
25753 7 -1 5 -1
11372 7 -1 0 -1 3 5 6 -1
21842 0 -1
13094 1 -1
31365 1 1 2 -1
19825 0 1 -1
28458 1 2 9 -1 0 0 1 6 6 -1
16148 0 0 1 -1 0 1 1 -1 0 -1 1 -1
17332 6 -1
4423 4 -1
15982 0 11 -1 0 1 1 -1 13 -1 5 -1
14410 0 6 8 -1
1210 1 14 -1 1 4 5 -1 1 -1
21518 12 13 13 -1 3 12 -1
14814 10 -1
23187 0 0 3 -1
18906 0 16 -1 0 13 -1 0 13 -1 13 -1
6080 9 -1
9102 9 -1 0 6 13 -1
384 0 -1 0 1 16 -1
22131 0 -1 10 -1 0 -1 0 3 16 -1 0 3 -1 0 -1 11 -1 13 -1 6 -1 13 -1 11 -1 2 -1
20672 0 -1 10 -1 0 13 -1 0 -1
7009 1 3 -1
2111 6 9 -1
5802 0 1 13 -1 1 13 -1 14 -1 1 1 5 -1 1 5 -1 5 -1 0 1 -1 0 -1 1 14 -1 0 1 1 -1 4 -1 0 1 5 -1 1 5 -1 14 -1 0 1 1 5 5 -1 1 -1 1 9 -1 11 -1 1 11 -1 1 -1 2 -1 11 -1 6 -1
17987 0 -1 0 4 -1 4 -1 1 -1 0 5 10 -1 6 -1 5 10 -1
3780 0 0 2 15 15 -1 5 10 -1
834 3 -1 0 -1
14530 11 -1
15445 3 13 -1
17281 0 0 1 -1 0 13 -1 6 -1 13 -1 0 6 -1 0 -1 0 6 -1
20419 7 -1
25900 1 7 -1 1 7 -1
1413 0 -1 1 -1 0 0 1 -1 0 2 -1 11 -1 0 -1
744 0 0 5 6 -1 0 6 -1 5 -1 0 -1 6 -1 0 -1 5 -1
1293 0 1 -1
7235 0 -1
13600 0 10 -1 16 -1 10 -1 10 13 -1 13 -1 10 -1 13 -1 0 10 -1
6479 0 5 5 -1 0 -1 5 -1 0 -1
18127 0 -1 1 7 -1
29754 0 -1 4 -1
1513 6 8 -1 8 -1
21263 0 5 -1
8783 1 5 -1 3 3 5 10 10 -1 6 -1 1 3 -1 3 -1
5603 0 11 -1
21949 0 5 -1
12612 0 -1 11 -1
4082 0 -1 0 11 -1 1 -1 0 4 13 -1 6 6 13 -1 13 -1
31661 0 13 -1
24434 0 2 2 -1 0 -1 2 -1 0 0 2 -1 0 2 -1
9300 1 -1
11066 1 -1
29590 10 16 -1 10 16 -1 0 0 1 13 -1
21558 7 -1 0 -1
26637 5 5 8 8 12 -1
27616 0 -1 11 -1 0 0 11 -1
1389 11 -1 0 -1
21972 5 6 6 -1 5 -1 6 -1 5 -1 6 -1 5 -1
21688 5 9 -1
7321 13 -1 0 -1
497 0 -1 0 1 14 14 -1
22558 0 -1 2 -1 0 2 -1 0 1 -1 0 -1 0 1 -1 1 -1 0 0 1 -1 9 -1 16 -1 0 9 -1
31576 0 9 -1
27748 0 8 -1 0 13 -1 13 -1 0 -1 8 -1 0 0 0 13 13 -1 13 -1
22792 10 -1 4 -1 10 -1 4 -1
16997 0 -1 10 -1 16 -1
28685 1 3 7 -1
31728 14 -1 0 10 14 -1 4 14 -1 0 -1
19394 0 -1 1 -1 0 -1
18570 4 -1
17170 0 -1 0 3 5 6 14 -1 6 -1
8720 4 5 -1 4 -1
2809 13 -1
6377 0 13 -1
9466 0 -1 0 1 1 13 -1 0 0 13 13 -1
21872 0 0 13 -1 0 9 9 13 -1
2830 7 -1
11849 5 9 -1 1 2 5 9 -1 14 -1 5 6 9 -1 3 -1 6 -1
2529 0 0 0 1 5 9 -1
15060 8 -1 0 -1 0 8 -1 0 8 -1
5499 13 -1 9 -1
14780 2 3 10 11 -1
31750 0 11 -1 12 -1 0 -1 12 -1 0 -1 13 -1 0 -1 0 13 -1 13 -1
1775 8 10 -1 8 10 -1
31373 0 0 11 16 -1 0 10 -1 0 1 -1 0 -1 1 -1
16052 6 8 -1 8 -1 3 -1
22857 0 10 -1
29925 0 -1 4 -1 0 1 -1 0 1 -1 0 -1 1 -1 0 0 1 -1
885 0 -1
24125 6 -1 5 5 6 -1
3039 1 -1 2 -1
4169 0 5 5 -1 6 -1
24851 0 10 -1 4 -1
21058 0 1 -1 1 9 -1 11 13 -1 2 11 -1
14203 6 8 -1 0 2 3 -1
22577 0 1 11 -1
206 15 -1
12529 5 6 6 -1
7272 0 0 1 -1
17543 12 13 -1
30836 0 -1 3 6 -1 3 6 -1
25690 1 2 10 13 16 -1 0 -1
20424 4 -1
29859 0 0 4 -1
17679 0 13 -1 0 -1 4 -1 0 3 -1 0 7 -1
27134 8 -1 8 11 -1 0 -1
17280 0 0 11 -1 11 -1
12656 5 6 14 -1 9 -1 5 14 -1 10 14 -1
13063 8 -1 0 -1
10227 6 -1 3 -1 0 -1 11 -1 0 13 -1 5 -1 1 6 -1
1982 0 5 -1 0 5 5 -1
24890 7 -1
22575 0 1 2 11 11 -1 0 1 9 -1 1 -1
28149 13 -1
2402 0 -1 0 11 -1 3 6 -1 2 -1 9 -1 1 4 -1
613 5 11 11 13 -1 13 -1 5 11 -1
3826 0 -1 0 1 10 -1 0 16 -1 0 -1 0 7 11 -1 0 0 1 11 -1 0 1 -1 0 5 -1 0 5 10 -1 0 -1 0 5 -1
27069 1 9 16 -1 3 -1 3 9 -1 4 -1
8122 11 -1
939 0 -1 16 -1 0 0 13 -1 1 -1 0 13 -1
12299 1 -1 0 -1 1 -1 0 -1 0 1 1 -1 0 1 -1 0 16 -1 0 2 -1
5188 1 6 -1
26873 0 0 4 4 -1 0 3 -1
30411 5 -1 14 -1
18576 0 -1
14109 0 0 1 2 11 -1 0 0 9 13 -1
20450 1 1 2 -1
24533 1 10 -1 0 5 14 -1 14 -1 0 1 6 -1 0 -1 0 4 -1 0 4 4 -1 4 14 -1 14 -1 4 14 -1
2384 0 13 -1 0 -1 13 -1 0 -1 0 13 -1 0 13 -1 0 13 -1 0 13 -1 0 10 -1 0 4 4 -1 0 -1
8301 1 -1 9 -1 5 -1 7 -1
641 0 1 8 -1
11198 1 -1
31601 9 -1
6263 0 0 2 -1 16 -1 0 11 -1 0 -1 11 -1
18307 0 6 -1 0 -1
2913 0 -1 1 -1 6 -1 0 -1
18313 0 -1 3 -1 0 0 10 -1 1 -1
5845 0 0 0 13 13 -1 0 13 -1
13633 5 -1
17362 0 3 6 -1 0 3 6 -1 0 -1 3 -1 0 -1 3 -1 0 -1
6654 1 1 1 5 6 9 9 9 -1
19475 1 9 -1 0 1 1 5 -1 1 11 -1 0 1 10 -1 10 -1
5385 1 1 7 10 13 -1 10 16 -1 5 -1 1 10 -1
31565 0 -1
22826 0 -1 0 3 -1 10 -1
26846 3 -1 13 -1 3 -1 1 -1
2195 0 -1 0 1 -1
2941 0 10 -1 16 -1 7 -1 1 -1 11 -1
11924 0 7 -1 0 7 7 -1 0 7 -1
4120 0 5 -1 1 6 -1 3 -1 3 6 6 -1 3 -1
8232 1 -1
10671 8 8 11 -1 4 -1 2 -1
5826 5 5 6 14 -1 6 9 10 14 14 -1
6512 1 5 6 14 -1
2043 0 0 1 1 -1 11 -1 1 9 -1 0 0 1 1 9 -1
17136 0 11 -1
7189 0 6 -1 1 -1 6 -1 0 -1 6 -1
30418 0 -1 1 -1 0 -1 1 13 -1 1 2 5 -1 3 6 6 -1 3 -1 10 -1
7425 2 2 4 8 8 -1
27459 6 8 13 -1
8603 1 -1
8449 1 -1 3 6 -1
29201 0 6 8 -1 0 3 3 3 6 6 8 -1 6 -1 3 -1 6 -1
17972 0 10 -1
12360 0 1 -1 0 0 2 2 -1
19803 0 13 -1
9230 0 0 6 8 13 -1
20603 0 -1 2 3 -1
4362 0 -1
22973 0 1 1 7 7 -1 0 9 -1 5 13 -1 1 5 -1
14565 11 -1 1 2 3 3 6 6 -1 1 11 -1 2 -1
8999 13 -1
20716 11 -1
18465 0 0 0 1 1 10 10 -1
20834 6 -1 0 0 6 12 -1
844 0 9 -1
1464 0 8 -1 5 6 -1 5 6 -1 5 -1 0 -1 1 -1 0 1 -1
21184 5 6 14 -1 5 -1 6 -1 14 -1
2936 6 -1 1 3 -1 3 -1 6 -1 3 -1 5 -1
25773 7 -1
4314 8 -1 3 6 7 -1 5 -1 3 8 13 -1 7 -1
11716 0 13 -1 0 -1 0 1 -1 0 9 -1
9013 7 8 8 -1 7 -1 7 8 -1 8 -1 4 -1 8 -1 4 4 8 -1 4 8 -1 4 8 -1 4 8 8 -1 3 -1 9 -1
11519 0 -1 2 -1 0 -1 10 -1
27805 0 3 5 6 9 -1
7525 0 -1 0 9 -1 10 -1 0 -1 9 -1 0 0 9 -1 0 9 -1
17950 0 -1 6 -1
2246 0 1 -1 0 -1 0 16 -1
12040 0 13 -1 0 -1 14 -1 1 -1 14 -1 1 -1 14 -1 0 -1
11531 1 -1
19556 3 -1
23237 1 -1 0 -1 13 -1 0 -1 13 -1 0 -1 0 13 -1 1 -1 0 2 -1 0 -1 1 -1 0 -1
3124 0 3 6 -1 0 -1
4620 0 3 11 -1
26068 0 -1
31354 7 8 -1 7 8 -1 1 7 -1
24093 3 -1 10 -1 3 -1
10496 0 -1 3 -1 3 6 -1
8154 13 -1 0 3 -1 3 6 6 -1
27328 0 -1 16 -1 0 11 -1
29876 9 9 10 11 11 16 -1 13 -1 2 -1 0 1 3 5 9 -1
30412 7 -1 1 11 14 -1 13 -1 7 -1 1 -1 5 7 -1 1 13 -1
13007 0 11 13 -1 0 13 -1 0 -1 1 -1
23016 3 -1 0 -1 3 -1 0 -1 14 -1
10518 0 11 11 -1
24450 5 -1
5066 5 -1
11367 0 13 -1 0 0 3 7 -1
1225 0 9 14 -1 0 5 -1 2 14 -1
4962 0 -1
9601 5 -1
23953 5 -1 0 5 -1
16655 0 -1 0 3 6 -1 0 -1 0 0 1 4 13 -1 5 -1 0 -1 2 -1 0 13 -1 0 1 -1 5 -1
326 0 -1 5 -1 1 -1 0 9 -1 1 -1 0 -1 9 -1 0 1 -1 5 9 -1
2193 5 8 10 11 -1
23090 0 9 -1 13 -1
13942 0 -1 0 2 -1 2 -1 9 -1 2 9 -1 0 1 -1
15719 8 -1 5 8 -1 11 -1 6 -1 0 -1
20933 8 -1 3 8 -1 1 -1
7043 0 0 5 -1 0 5 -1 5 -1 0 5 15 -1 5 -1
20336 0 1 1 1 2 3 5 7 -1
23538 3 6 -1 1 -1 3 -1 1 -1 6 -1 0 -1 14 -1 3 6 -1
22267 3 8 -1 0 -1 3 -1 0 8 14 -1
10980 0 1 -1
19895 0 0 9 9 11 -1
29414 1 -1
1331 0 8 -1 0 1 -1 0 2 2 -1
16885 5 -1 6 -1 0 -1
26481 0 13 -1 0 1 -1 1 -1
8665 0 1 -1 0 1 1 -1 1 11 -1 7 -1
23637 12 13 -1 0 6 12 13 -1 12 -1 0 13 -1
10384 3 -1 0 0 3 6 -1
22007 6 12 12 -1 5 -1
1101 0 3 6 -1 13 -1 0 -1
21565 2 5 7 -1 3 -1
726 0 0 6 -1 6 -1 0 3 6 -1
12248 0 -1 2 -1 0 2 -1 0 -1 0 0 2 2 2 -1 0 -1 2 -1 0 0 2 2 -1
28981 0 13 -1
7954 0 3 6 -1 0 3 -1
19477 0 1 -1 5 6 14 14 -1 5 -1
25896 11 -1
11061 0 -1 3 -1 6 -1 3 3 6 6 -1
434 0 -1 1 -1 1 4 13 -1 8 -1 1 -1 0 -1
14827 6 -1
1877 0 1 -1 0 3 -1 0 1 -1 1 -1 10 -1
21886 7 -1 1 3 3 6 6 10 -1
25170 14 -1
17421 3 11 -1 0 -1
5783 0 2 14 14 14 -1 0 11 -1 11 -1 0 -1 0 6 -1 5 -1
6549 4 -1 9 14 -1 14 -1 5 6 14 -1
2662 0 -1
20741 5 9 -1 5 -1 6 -1 5 5 6 6 -1
29784 0 14 -1 0 9 -1 0 10 -1 0 -1 0 10 -1 0 9 -1 0 9 -1 9 -1 0 -1 0 9 9 -1 0 -1
25061 5 -1 5 14 14 -1 5 -1 6 -1 5 13 -1 5 -1
21078 0 1 -1
26802 0 1 11 -1 0 5 -1 1 14 -1
444 6 -1 0 -1 0 6 -1
266 0 -1 11 -1 0 0 11 -1 10 -1 11 -1 0 -1 11 -1
19741 0 1 1 14 -1
13330 0 3 -1 0 3 -1
18584 1 1 5 11 13 -1 0 5 9 -1
20028 2 -1
26674 0 9 -1 0 -1 6 -1 0 13 -1
18850 0 10 13 14 -1 14 -1 5 9 14 14 -1
15056 3 -1 1 3 8 10 -1
394 0 9 -1
4510 0 3 10 16 -1 6 -1
29199 0 -1 5 6 -1
23441 0 0 0 6 6 -1 0 3 -1 6 10 16 -1
19115 1 -1
11944 2 -1 0 -1 2 -1
17848 5 -1
22865 0 -1 0 1 2 11 13 13 -1 0 -1 0 13 -1 13 -1 0 -1 0 13 -1 13 -1 6 -1 0 11 -1
17192 0 -1
2875 10 -1 14 -1 4 -1 3 14 -1
18927 11 -1 1 13 -1 1 6 11 -1 3 -1 11 -1 2 2 9 11 -1
6954 0 4 -1 5 10 -1
7787 3 7 -1 3 -1 7 -1 3 -1 3 7 -1
18298 0 1 -1
31589 5 16 -1
18986 0 0 11 -1
7576 1 13 -1 2 -1
19022 6 -1 5 -1
6131 0 -1 3 -1 0 0 3 3 -1
29357 0 -1
15253 0 -1
13041 7 -1 6 -1 3 3 6 -1 7 -1
4469 0 -1
18890 0 11 -1 0 -1
14073 0 0 0 1 1 2 -1
4881 0 16 -1
20967 12 -1 13 -1 12 -1 0 13 -1 0 -1
10319 0 13 -1
1424 9 -1 0 11 -1 0 0 1 1 11 -1
13647 1 -1 11 -1
124 6 -1 1 3 3 3 6 6 -1
12046 5 10 10 14 -1 1 5 -1
7172 0 1 -1 0 -1 1 -1
1763 0 13 -1
7238 0 6 -1
27238 7 -1
16111 0 10 -1 1 -1 0 0 9 -1 1 -1
7232 0 0 1 14 -1 1 -1 0 -1
1805 7 8 10 -1 7 -1 7 13 -1
6508 0 -1 0 1 -1 16 -1 0 3 -1 11 -1
14933 0 -1 3 6 7 -1
8368 8 -1
9912 0 -1 3 -1 0 -1 9 -1 0 -1 0 9 -1 9 -1 0 -1 0 9 9 -1 0 -1 0 9 -1 9 -1 0 -1 0 9 -1 0 9 -1 0 9 -1
31542 0 -1 5 6 -1 5 -1 6 -1 5 -1 0 -1
2247 5 -1
7605 1 3 3 10 -1
1432 0 11 -1 5 -1
9457 0 11 -1 9 14 -1 1 6 11 13 -1 3 9 -1 2 -1 5 10 -1
15522 0 16 -1 0 1 16 -1 0 -1 3 -1 6 -1 0 -1
31550 14 -1
13604 0 6 16 -1
9634 1 -1 0 1 10 11 -1 5 -1 0 -1
8451 0 13 -1 0 1 -1 0 -1 11 -1 1 -1 13 -1 0 1 1 -1 0 16 -1 10 -1 16 -1 0 -1 0 1 5 -1 0 0 3 -1
10082 5 -1 1 -1 5 -1 0 1 -1 5 -1 0 0 5 5 -1 0 -1
27214 3 9 -1 3 -1
25218 8 -1
1019 0 0 1 -1 1 1 1 6 7 13 -1 0 13 -1 0 1 -1
15195 0 2 11 -1 0 1 6 -1 3 -1 0 -1
19459 3 -1
2991 1 7 -1 9 -1
18612 1 11 -1 1 11 -1 5 -1 6 -1 2 -1
26472 0 8 8 -1 0 0 1 8 -1 0 0 1 1 -1
29289 0 -1 0 1 -1 0 0 1 1 -1 3 -1 0 1 -1 0 -1 0 1 -1
6227 5 -1
4360 3 6 -1 3 3 6 6 -1
28066 1 1 7 7 -1 1 1 7 7 9 -1 1 7 -1
18130 0 0 10 10 -1 0 9 -1 0 -1
18998 5 9 -1 5 -1 6 -1 5 9 -1
28314 5 5 6 -1
6469 6 -1
22217 0 -1
25247 0 -1 1 -1 1 3 6 13 13 -1 0 6 -1 3 6 -1 9 -1 1 -1
4672 0 -1
18097 6 -1 3 3 6 -1
21903 5 5 6 -1 6 -1
15989 6 -1
1438 6 -1 1 3 8 -1 5 14 14 -1 4 14 -1 4 -1 3 12 14 -1 13 -1
6665 1 -1 0 -1 1 -1 0 -1 1 -1 0 1 -1 0 -1
18045 0 8 -1 3 6 -1 1 3 3 3 4 4 6 6 -1
2106 3 9 -1
11316 9 -1
27725 7 -1 0 13 -1 0 0 7 -1
18431 0 -1 1 5 -1 0 1 5 5 -1 6 -1 3 5 6 -1
29128 0 -1 1 -1
6025 9 -1 1 3 -1
1525 0 11 -1 11 -1 0 1 9 -1 0 11 -1 0 1 -1
20457 6 -1
3736 11 -1
29142 0 5 -1
22163 13 -1 1 1 1 7 7 7 -1 1 7 -1
4386 3 4 -1
25315 8 -1
17241 0 1 13 -1 0 -1 11 -1
24212 0 -1 2 -1 0 0 11 11 -1
12657 13 -1
23383 0 0 13 13 -1 1 -1 0 -1
6669 1 14 -1 14 -1
29419 1 -1
7726 0 1 2 -1 0 -1
2905 3 7 -1 3 6 -1
10831 0 11 -1
31496 1 13 -1 0 -1
7798 12 -1 3 7 8 -1 4 4 7 12 13 -1
1378 0 -1 0 10 -1 2 -1
18820 3 12 -1 3 -1 10 -1
3621 0 3 -1 0 0 11 11 -1 0 0 11 -1 11 -1 0 -1
14423 6 -1
1079 8 -1 12 -1
22518 12 -1 13 -1 12 -1
15564 7 -1 5 14 -1 6 9 14 -1 5 -1
27131 0 -1
23959 0 6 -1 0 0 1 6 11 -1
19447 1 -1
4618 3 -1 10 -1 1 6 -1
1052 3 -1
11175 3 -1
31573 1 -1
25309 0 8 11 -1 0 6 8 -1 11 -1 13 -1 0 13 -1 3 -1
8989 10 -1 5 14 -1
9525 7 8 12 -1 1 5 8 8 11 11 -1 12 -1 7 -1 2 10 -1 1 -1 6 8 8 9 12 -1 0 1 6 7 11 -1 0 3 10 -1 4 -1 5 -1 11 -1 8 -1 11 -1 9 -1 3 6 8 12 -1 1 10 11 -1 12 12 13 -1 13 -1 6 7 12 -1 13 -1 6 -1 13 -1 0 -1 1 1 7 7 -1 11 14 -1 1 13 -1 2 3 6 -1 10 -1 1 4 5 9 -1 0 1 -1 1 14 -1 1 9 11 -1 2 -1 10 -1 4 5 12 -1 7 -1 1 2 5 9 14 -1 1 2 11 -1 11 -1
11781 5 9 -1
11413 0 -1 0 1 -1 11 -1 0 1 -1 0 -1
24968 0 2 -1
26945 1 5 -1
8917 5 6 -1
11619 0 -1
4794 5 -1 0 -1 6 -1 0 -1
20794 0 0 10 -1
21585 0 -1 0 1 1 -1 0 13 -1 13 -1 0 -1
17162 0 -1
436 5 -1 0 -1 0 7 -1
8923 3 -1
27672 1 3 3 5 5 6 11 -1
1751 11 -1 2 11 -1 2 -1 0 2 -1
19709 3 6 -1 3 -1 3 6 -1 6 -1 3 -1
4179 2 -1 16 -1 2 -1
5298 0 -1 10 -1 0 -1 0 9 -1
13809 0 1 5 -1
21642 5 -1 5 14 -1 3 -1 1 3 8 -1 1 10 -1 2 3 8 -1
21523 1 8 -1
7703 9 -1
2599 0 -1 0 1 2 3 9 9 11 13 -1
26109 1 7 16 -1 1 2 -1 11 -1 2 -1
25985 0 10 -1 11 -1
4848 0 -1 0 5 -1
28343 0 13 -1 0 16 -1 0 0 0 0 3 3 3 -1 11 -1 0 -1
7359 1 5 5 9 -1 1 1 9 9 -1
26460 0 0 2 11 -1 5 10 -1
28297 0 0 0 13 13 13 -1
10142 13 -1 1 6 -1 2 4 10 -1 1 7 14 -1 0 4 -1 0 0 1 2 14 -1 14 -1
7163 0 3 7 10 -1
15010 8 -1
22021 13 -1 0 -1 11 -1
19931 0 10 -1 0 3 6 -1 13 -1 0 13 -1 0 -1
17581 2 10 -1 9 -1 10 -1
29236 0 -1 1 1 14 14 14 -1 2 3 11 14 14 14 -1
14415 3 6 6 14 -1 3 -1 0 3 3 6 6 -1 14 -1
26186 1 1 6 6 8 8 13 -1 7 -1 1 8 -1
19851 0 8 11 -1 0 0 8 13 13 -1 0 -1 13 -1
1847 0 -1 7 -1 1 -1
20803 0 -1 7 -1 0 7 -1
14470 1 -1 0 1 4 -1
905 14 -1 3 -1 14 -1 1 -1 14 -1 10 16 -1
30665 0 13 -1 0 -1 0 1 -1 0 0 1 1 -1 9 -1 0 -1 0 10 -1
27984 0 5 -1
21507 1 2 -1 13 14 -1 1 -1 9 14 -1 5 -1 0 -1 2 4 6 11 13 -1 10 -1 1 4 7 -1 0 1 -1 14 -1
17219 0 0 10 11 -1 3 -1 0 -1 0 4 5 -1 1 -1 4 -1
5948 1 5 -1
15585 10 -1 4 -1 10 -1
27096 3 3 6 6 -1
30780 12 -1 13 -1 0 0 10 12 -1 6 -1 3 -1 1 -1 3 -1
184 13 -1 14 -1 2 10 14 -1
2949 0 2 -1
22769 5 -1 6 -1 5 -1 0 8 -1 6 -1 0 -1 6 -1
16945 0 -1
27158 14 -1 0 -1
6086 0 -1 10 -1 0 0 9 -1
2470 0 3 -1 0 0 3 -1 0 1 -1 0 3 -1
19196 3 3 6 -1 6 -1 3 -1 3 6 -1 9 -1
28680 0 1 4 10 11 -1 2 16 -1 5 -1 0 -1 0 0 1 3 14 -1
1060 0 2 5 -1 6 -1 0 0 9 -1
5763 4 -1
378 1 4 -1
27688 0 10 -1 1 -1 9 14 -1
24468 0 0 0 1 9 -1 1 -1 0 1 -1 0 1 -1 0 0 3 -1
19674 3 -1
20613 1 -1
13725 0 8 10 11 -1
12994 0 -1
28545 5 -1 0 5 5 6 -1
31729 0 0 0 2 11 -1
4681 0 0 0 1 13 -1 0 1 -1 1 -1 0 11 -1 0 -1 10 -1 0 11 -1 0 13 -1 0 -1 0 11 -1
26888 1 14 -1 14 -1 1 -1 13 14 -1 3 14 -1 14 -1 4 14 -1
3130 0 -1
30390 1 -1 10 -1 16 -1 4 -1
31529 7 -1 0 -1 7 -1 0 7 -1 0 -1 7 -1 0 -1
20088 0 -1 5 -1
9028 5 -1
15838 3 -1
20523 0 -1 0 1 -1
15842 0 -1
24722 0 -1 6 -1 0 6 -1 0 6 -1 0 6 -1 0 6 -1 0 0 0 6 6 14 -1
8242 0 -1 0 3 3 6 -1
3983 0 -1 0 10 -1
6830 6 -1 3 6 -1
6762 0 -1 3 -1
12194 3 6 -1 3 -1 9 -1
12187 4 14 -1
28552 0 -1 0 0 1 5 14 -1 0 -1 5 -1 5 6 -1 5 6 -1 0 0 1 -1 13 -1
8830 3 -1 0 6 -1
1288 0 -1 1 -1 0 -1 1 -1 0 1 -1 0 -1
6564 1 -1 0 1 13 -1 1 -1
2252 0 1 16 -1
29253 3 6 -1
7709 5 7 -1
16469 1 12 -1 3 -1 5 6 -1 6 7 -1 7 -1 0 -1
6787 0 -1
292 0 1 -1 5 5 14 14 -1
8509 9 -1 8 -1 0 -1
11297 0 -1 0 11 -1
29544 0 -1 2 -1 14 -1
21544 11 -1 9 -1
2020 0 9 -1 0 5 -1
27966 0 0 5 -1
16086 0 3 6 -1 3 3 6 -1 6 -1 3 3 6 6 -1 3 6 -1 0 3 3 6 -1
548 0 0 9 -1
21520 13 -1
16229 0 -1 5 15 -1 0 9 -1 5 -1 9 -1 0 1 5 10 -1 5 -1
2555 0 -1 5 -1 0 5 -1 0 -1 0 1 -1
29139 6 -1 5 -1 0 -1 11 -1 2 -1 1 -1
6113 5 -1 4 11 -1 3 10 -1 10 -1 4 13 -1 13 -1 1 7 13 13 -1
1469 9 -1 0 1 2 -1
431 0 -1 10 -1
11138 14 -1
26143 0 -1
21689 2 -1 5 -1
28679 0 -1 5 14 -1 14 -1 0 -1 1 3 -1 0 -1
19103 2 8 -1 3 3 6 6 6 8 -1
17378 0 1 -1 2 -1 0 -1 0 0 2 2 -1 2 -1
17333 1 -1 3 -1 0 3 -1
12434 3 7 10 -1
18917 0 11 -1 0 0 11 11 -1
8309 8 -1 0 1 -1 0 1 8 -1
5703 10 -1 0 -1
15964 11 -1
12170 0 -1 5 -1
9549 0 2 -1
26613 0 -1 1 -1 6 -1
3131 11 -1 0 0 11 -1 11 -1
30020 10 13 -1 0 1 11 -1 0 -1 1 -1 2 -1 0 0 5 -1 10 -1 0 3 6 14 -1
28681 0 -1 5 -1 0 5 -1 0 5 -1 9 -1 0 -1
10680 8 11 -1 8 -1
17442 0 -1
14182 0 2 -1 0 1 -1
26149 7 -1 16 -1
13478 5 -1
8430 3 -1 6 -1 3 -1 0 5 6 -1 3 6 6 -1 3 -1 6 -1
13213 1 5 11 -1 0 6 -1 5 -1
4657 10 -1 11 -1 7 8 -1 6 -1 0 -1
29592 0 10 -1 0 0 1 -1 9 -1 1 -1 14 -1 9 -1 14 -1 0 1 2 2 3 -1
9894 3 8 -1 8 -1 3 8 -1
3531 1 14 -1 0 1 2 11 -1 11 -1 16 -1
5712 0 1 -1 3 6 -1
4855 0 0 6 6 -1 0 0 6 6 -1 3 -1
17419 6 -1 3 -1
1685 6 -1 5 -1
26839 4 -1 3 5 -1 0 1 -1
11420 1 -1 1 1 3 5 5 -1
11282 0 0 1 -1
12378 9 -1 14 -1
2192 7 12 -1 7 13 -1 2 8 -1 7 10 -1
26936 12 -1
1481 0 13 -1 0 13 -1 0 1 -1 0 11 -1 0 0 1 10 -1 0 0 2 10 11 -1 0 -1
15007 3 9 -1
24228 0 -1
11407 5 11 -1 1 8 -1
30889 4 -1
25361 0 2 4 -1
23062 5 -1
13118 5 5 6 14 -1
2927 9 14 -1
24007 0 8 -1 2 -1 0 6 -1 3 -1
29082 1 -1
11220 0 11 -1
12145 0 11 -1 0 -1 0 5 -1
22736 0 -1 0 5 -1
26377 3 6 -1 0 0 1 -1
24747 0 3 6 -1 0 -1 3 6 -1
18593 0 -1 0 0 1 2 10 -1
11517 1 14 -1
6375 0 -1 0 0 0 0 0 3 6 6 6 13 13 -1 0 -1 11 13 -1 0 -1 11 -1 0 11 -1 0 0 13 -1
17850 0 -1 0 1 5 -1
2667 0 -1 1 -1 0 0 1 -1 0 1 -1
26664 14 -1 5 -1 5 6 -1 14 -1 1 4 7 14 -1
7441 0 1 1 11 -1
2534 11 -1 0 0 0 13 13 -1
13489 13 -1
2409 0 0 6 7 -1 0 10 -1
27987 5 7 -1
8707 0 -1 0 3 -1
14065 0 -1 0 2 -1 13 -1 0 0 2 13 -1 0 -1 11 -1
26577 13 -1 0 0 13 -1 1 13 -1 0 13 -1 0 -1
19645 0 2 -1 10 -1 0 1 9 11 -1
28838 0 11 13 -1
29307 6 8 -1 1 8 -1 0 8 -1 1 -1 1 3 -1 1 3 -1
9620 5 -1 3 -1 7 -1 3 -1
31579 3 6 -1 0 0 3 6 -1
29354 0 -1 16 -1 9 -1
9521 0 0 5 5 -1 0 0 0 5 10 10 11 -1 0 9 -1 0 -1
25370 3 -1 6 -1
3547 1 1 3 3 -1 1 1 3 3 3 -1
1540 0 -1
142 0 0 11 -1 0 9 -1 10 -1 0 1 -1
11681 3 6 13 -1
2702 5 9 -1 4 14 -1
13994 3 -1
25129 9 -1 1 6 -1 1 -1 3 9 -1 1 6 -1 1 -1
3428 5 8 11 -1 3 12 13 -1 2 8 8 12 13 -1
19894 3 -1
19560 0 0 6 -1 0 5 11 -1 13 -1 0 -1 0 2 -1 11 -1
24448 0 -1 0 10 10 14 14 -1
5068 6 8 8 11 12 -1 7 8 -1 13 -1 1 13 -1
3564 0 -1 11 -1 0 -1
541 0 -1 11 -1 0 0 11 -1 0 3 -1 1 -1 0 0 10 -1
3904 0 5 -1
6034 1 14 -1 9 -1 4 5 14 14 -1 14 -1 4 14 -1 9 -1
20207 0 0 0 0 6 6 9 9 -1
10890 3 -1
18162 2 5 7 -1 1 -1 1 7 -1
25577 8 -1 12 13 -1 8 -1 0 12 13 -1
27275 1 2 9 -1 9 -1 2 13 -1 9 -1 0 -1 1 -1 0 3 9 -1
8727 0 -1
27145 3 13 13 -1 3 -1
8176 3 -1
28572 0 11 -1 0 9 9 14 14 -1 0 9 10 14 16 -1
25820 0 8 -1
31669 0 0 0 5 10 -1 0 0 5 10 -1
9337 0 9 -1 0 -1 1 -1 0 -1
17009 0 10 -1 0 4 10 -1 0 4 -1
13235 0 -1
28121 5 -1 0 -1 0 5 -1 5 -1 0 0 5 -1
23855 8 -1 6 -1 3 -1 7 -1 12 13 -1 3 6 -1
4921 0 -1 0 0 1 10 16 -1 0 0 3 -1
24845 6 -1 0 -1 6 -1 16 -1
16960 0 -1 1 -1 0 -1 9 -1 0 -1
11486 8 -1 7 -1 13 -1 7 -1 13 -1 7 -1 8 -1
7758 0 -1 1 -1 1 3 6 -1 9 -1
22710 0 -1 3 10 -1 1 -1 13 -1
6381 0 -1 0 3 3 5 6 6 -1
29982 5 -1 9 14 14 -1 6 -1 5 -1 1 14 -1 9 14 -1 3 8 -1
23252 0 -1
14872 8 11 -1
27073 3 -1
4380 0 -1 1 3 -1 0 1 2 -1
12522 0 -1
22387 0 5 -1 1 9 -1 1 3 9 -1 0 5 -1 0 0 1 1 5 9 -1 0 -1
12721 0 0 16 -1 3 -1 0 13 -1 0 -1 1 -1
16996 0 13 -1 6 -1 0 -1 6 -1 0 13 -1 0 0 13 -1
12807 0 11 -1 5 7 -1 1 11 -1 5 10 -1
21694 5 -1
10002 0 -1 9 -1 0 11 -1 0 -1 3 6 -1 0 -1
646 6 10 -1
28939 0 -1
973 0 0 1 11 -1
23482 1 -1 0 1 5 -1 1 6 10 14 14 -1
29898 0 -1 5 6 -1 5 6 9 -1
11411 13 -1 0 -1
29120 0 13 -1 0 -1 11 -1
16894 8 -1
5118 3 -1 0 11 -1
24927 0 -1
20043 0 -1 5 -1 1 1 3 5 -1 5 -1 3 5 -1
27099 0 -1 1 -1 4 -1 1 2 -1 0 5 -1 0 0 1 3 6 11 -1
14740 0 -1 0 0 13 13 -1 0 13 13 -1 0 -1
30878 0 2 3 -1
9963 0 0 0 0 4 4 4 4 4 10 13 -1
15682 1 11 13 -1 1 5 -1
16289 13 -1
23043 0 -1 6 -1 3 -1 0 0 3 6 6 -1 0 3 -1 1 7 7 -1
7051 8 -1 7 -1
22447 6 8 8 -1
11719 1 -1 3 -1 10 -1 14 -1 10 -1
18404 15 -1
24334 1 3 -1 1 3 3 -1 1 11 -1
1573 3 6 7 10 -1 5 -1 11 -1
24794 0 0 1 11 13 -1 0 0 3 -1
14489 0 11 -1 0 11 -1 0 -1 0 4 11 -1 0 1 -1 0 9 -1
27870 0 1 3 6 -1 0 1 -1
2634 0 -1 1 -1 0 0 0 6 11 -1
26925 1 1 3 4 5 10 14 14 -1
7603 3 -1
15496 2 -1
24102 0 -1 0 5 9 14 -1 9 -1 1 -1 3 -1
15380 0 0 11 13 13 -1
29248 14 -1 1 2 -1 0 10 10 -1 0 10 -1 1 -1 7 -1
6723 0 9 -1
3050 0 3 3 9 -1
19191 5 -1
24480 1 1 4 5 6 6 -1
4644 11 -1 1 11 -1 1 6 -1 3 -1 1 11 -1 1 11 -1
2752 0 -1 1 -1 2 -1 1 -1
14152 0 -1
5272 0 11 -1
13890 1 1 3 3 4 14 14 -1
9915 1 -1
29965 1 -1 1 7 -1
15514 3 6 -1 2 -1 9 -1
24239 0 0 3 3 -1
14594 3 7 -1 1 -1 7 -1 1 3 -1
6984 5 5 6 9 9 -1
7046 16 -1 0 -1
14767 0 -1 1 -1 0 0 1 3 -1 0 1 3 6 16 16 -1 0 3 -1 0 -1 3 -1 0 0 11 -1
6149 3 6 -1
2630 3 -1 6 -1 3 3 6 6 -1 3 -1
10591 8 11 -1
24121 0 0 2 -1
20006 0 -1 11 -1 0 -1
17890 5 6 9 -1 9 -1 5 -1 9 -1 6 9 -1 6 -1 9 -1 1 6 9 -1 9 -1
29563 11 -1 1 -1 11 -1 1 -1 13 -1 1 11 13 -1
30667 5 -1
14830 6 -1 1 9 -1 3 -1
12852 3 -1 3 8 12 13 13 -1 8 12 -1
27506 5 6 -1 0 1 5 -1 10 -1
9494 5 10 -1 0 5 10 11 -1 6 -1 0 -1
6647 2 -1
22245 0 -1
6983 9 -1 2 14 -1 14 -1
18223 0 0 7 -1 7 -1 5 11 -1 1 1 11 -1 11 -1
19462 5 -1
21929 1 -1
26009 0 -1 0 0 1 1 -1
27862 0 0 11 -1 0 1 -1 2 -1 0 -1 2 -1
24984 10 -1 5 -1 0 1 -1
5438 1 -1 1 10 -1
14628 0 1 13 -1 0 -1
12307 5 5 6 6 -1 5 -1 6 -1 7 -1 1 5 7 -1 9 -1
24525 0 -1
22363 6 8 -1
17541 5 6 8 -1 3 3 6 6 6 9 9 -1 6 -1 9 -1 4 -1 10 -1 5 5 5 10 10 -1 6 -1
30788 1 13 -1
2865 0 -1 6 -1 1 -1 0 -1 11 -1
151 0 -1 6 -1 12 -1 0 0 6 -1 13 -1
24703 3 -1
13058 8 -1
19771 13 -1 0 -1 5 -1 0 1 -1
5841 8 12 -1 0 8 -1
4053 0 2 -1 0 -1 3 -1 5 -1 6 -1
11594 1 -1 0 1 1 3 -1
6378 1 -1 1 3 -1 0 -1 13 -1 0 -1
3685 0 11 -1 0 0 13 -1
10916 0 1 1 3 5 -1 10 -1 0 4 -1
19118 0 -1
2874 0 -1 9 -1 0 5 14 14 14 -1
2268 9 -1
13325 1 2 11 -1 1 -1 1 2 11 -1
24490 2 10 -1 8 -1 6 -1 0 -1 0 14 -1 14 -1 11 -1 0 -1
3687 11 -1 11 14 14 -1
22978 0 1 3 -1 0 13 -1
17156 8 -1
1863 10 -1 3 -1
29531 0 0 0 6 6 6 -1
31134 0 0 1 5 6 10 13 -1 1 -1 0 -1
28739 0 12 -1 13 -1 5 13 -1
15802 0 -1 0 9 -1 1 -1 0 0 1 -1
19231 0 10 -1 0 -1 13 -1 0 -1 4 -1 0 1 6 -1
11963 0 0 1 2 -1
4003 0 3 -1
27115 0 -1 9 -1 0 -1 11 -1
21900 7 -1
3859 0 -1 11 -1 0 10 11 11 -1 4 -1 9 -1 1 5 11 -1 9 -1 11 -1
14929 8 -1 5 -1 6 -1
6192 1 -1 10 11 -1 9 -1 4 11 -1 2 -1 16 -1 5 13 -1 10 14 -1 4 5 6 -1
13784 0 0 0 1 5 -1
31220 0 1 -1 0 1 -1 1 11 13 -1
26989 0 2 13 -1 0 -1 1 -1
9326 1 2 -1 0 1 14 -1 4 5 7 -1
4730 0 -1
11723 0 1 11 11 -1
11142 11 -1 1 3 3 9 11 -1 9 -1 0 -1 0 9 -1
23308 3 -1
3515 0 -1 2 -1
26007 0 10 -1 0 1 -1 0 1 -1
3869 13 -1 0 0 4 7 7 11 -1 11 -1 0 -1 11 -1
24749 0 0 2 9 -1 0 1 -1
1550 12 -1 0 3 10 -1 0 1 11 -1 12 -1 13 -1
19639 0 -1
15806 5 12 -1 2 3 5 12 13 13 -1 8 -1 3 -1 12 -1
13531 5 -1 0 1 2 2 -1 2 -1 1 -1 2 -1 1 11 -1 2 -1 11 -1 1 6 9 11 13 -1 3 -1 6 -1 3 9 -1 1 2 -1 9 -1 10 -1 5 10 11 -1 4 5 6 10 -1 1 1 7 9 10 14 -1 3 3 6 6 9 11 11 -1 9 -1 0 10 -1 1 5 11 -1 6 9 -1 3 -1 1 1 2 3 5 10 11 13 -1 2 15 -1 1 1 11 14 14 -1 2 6 11 13 -1 3 -1 3 6 -1 5 9 10 -1 4 7 -1 0 1 1 3 4 6 10 11 -1
2610 0 5 -1 0 9 -1 0 -1 10 -1 16 -1 0 10 -1
26106 5 -1 0 5 -1 1 -1
5406 0 1 -1
31125 0 -1 0 0 1 9 -1 0 5 -1
15223 2 -1
10546 1 7 -1 3 -1 1 -1 14 -1 1 3 7 14 -1
26993 0 6 -1 0 -1 3 -1 0 -1 6 -1 3 -1 0 -1 0 3 6 6 -1 0 3 3 -1 0 0 3 3 6 -1 0 -1 0 6 -1 0 0 3 3 -1 0 3 -1 3 -1 0 3 -1 0 3 -1 0 -1 3 -1 0 0 0 3 3 3 6 -1 0 0 3 6 -1 0 3 6 -1 0 0 0 3 3 3 -1 0 3 -1 0 3 -1 3 -1 0 -1 6 -1 0 3 -1 0 3 6 -1 6 -1 0 0 0 3 3 3 -1 3 -1 0 -1 6 -1
1930 1 -1 3 4 -1 1 -1 1 5 -1 3 -1 1 -1 3 9 -1 1 -1 9 -1
26676 0 -1 5 -1
30899 2 3 -1
20153 6 -1
9072 1 3 6 -1 3 3 6 -1 5 6 -1 3 5 6 -1 3 -1 5 6 -1 3 -1 6 -1
23121 0 0 3 10 -1
479 0 -1 1 -1 0 0 1 -1 13 -1
12879 12 13 -1 8 -1 5 10 14 -1 5 5 6 14 -1 5 6 14 -1 9 14 -1 4 -1 14 -1 4 14 -1 5 14 -1 10 14 -1
4534 0 -1 0 11 14 -1
9204 0 0 3 -1 0 1 -1 0 11 -1
9745 0 1 -1 0 0 0 11 16 -1 1 -1
5574 4 -1
11105 11 -1
26301 0 -1 5 6 -1 0 -1 5 -1
12495 0 -1 10 -1
20641 0 -1
4491 3 8 -1
4738 0 0 9 -1 0 0 1 2 2 -1
22879 4 14 -1
22129 5 -1
17328 0 -1 16 -1 0 -1 0 10 -1 0 10 -1 1 -1 0 1 -1
1041 13 -1 0 0 13 -1 13 -1 0 -1 13 -1
8732 4 -1
3229 0 10 14 -1
27368 12 13 -1 6 12 13 -1 3 -1
3191 5 -1 5 6 -1 6 -1
999 0 -1 1 -1 0 1 10 -1 0 -1 1 -1 0 1 -1
8691 0 3 -1 0 -1
28504 11 12 -1 8 -1 3 8 9 -1
21441 0 2 -1 0 -1 0 2 -1 0 2 -1 16 -1 0 0 5 -1 3 6 -1 13 -1 3 -1 0 -1 2 -1
3370 1 9 -1
20836 0 1 13 -1 9 11 -1 2 -1 0 3 -1
21709 5 -1 6 -1 5 6 -1 5 5 6 -1 0 1 5 9 -1 10 -1 11 -1 0 -1
14004 0 -1 1 -1 0 -1 5 14 -1
23945 0 10 -1 7 -1 1 1 6 7 -1 9 -1
4182 1 -1
20830 1 -1
4803 3 -1 0 8 10 -1
9639 1 5 -1 0 -1
2472 0 1 -1 2 -1 1 -1 0 0 2 -1
19341 6 -1 5 -1 0 -1
27151 0 0 4 4 -1 0 4 -1 0 0 4 -1
10099 9 -1
28019 13 -1
28620 1 -1 0 13 -1 0 6 -1 13 -1 0 -1 6 -1 0 0 3 -1 3 -1
31162 0 -1 11 -1 0 16 -1 0 2 -1 0 -1 0 11 13 -1 0 -1 0 10 -1 13 -1 0 9 -1
9709 0 -1
7251 8 11 -1 2 8 -1 2 2 2 8 8 -1 8 -1 2 8 -1 2 -1 2 2 8 8 8 -1 2 -1 8 -1 2 8 -1 2 -1 2 2 8 8 -1
23686 2 -1 0 3 13 -1
29452 0 -1
58 2 -1 11 -1 0 2 2 -1 0 0 0 2 11 -1
6745 0 13 -1 0 -1 4 -1 0 -1 2 -1 0 -1 0 1 -1
17753 0 -1 1 9 -1 0 -1 1 -1
27904 11 -1
7665 0 1 13 -1 0 -1 9 -1
6343 1 -1 9 -1
1081 0 -1
27249 1 2 -1
4739 0 -1 0 9 -1 0 0 3 13 -1 0 13 -1
7653 2 -1 1 4 4 5 -1
15339 0 1 -1
31681 0 -1 5 -1 0 -1 0 11 -1 3 -1 0 10 -1
21436 5 -1 0 0 9 -1 10 -1 0 5 -1 0 0 4 9 -1 0 -1 4 -1 0 -1
20092 3 -1 0 -1
301 8 14 -1
30484 0 -1 0 1 -1 0 1 1 -1 0 1 -1 0 -1 0 4 -1 14 -1 0 -1
11229 0 5 -1
11044 10 -1 1 10 -1
10954 1 -1
18098 1 5 -1 1 3 6 -1 3 6 -1 6 -1
15046 0 3 -1 0 0 1 -1 1 -1 0 1 2 -1 7 -1
22687 0 1 -1 0 10 11 -1
7976 4 8 10 11 -1 1 -1 13 -1 11 -1 4 8 -1 11 -1
10821 0 0 11 11 -1 0 -1
674 0 8 -1
2386 11 -1
18547 0 -1 1 -1 0 0 0 2 10 -1 16 -1
27968 0 0 4 -1 0 4 -1 4 -1 0 0 4 5 -1 0 1 -1
19858 0 -1 0 4 10 -1 4 -1 0 -1 4 11 -1
18727 0 6 -1 1 14 -1
7080 9 13 -1
5373 0 6 -1 0 -1 6 -1
2204 3 6 -1
12650 1 3 -1 3 -1 1 3 6 -1 1 -1
14356 6 13 -1 6 13 13 16 -1 3 6 7 -1
4451 13 -1 1 13 -1 12 13 14 -1 10 -1 14 -1
21913 0 -1
2140 9 -1 11 -1 0 -1
28464 0 0 1 11 -1 0 3 -1
7850 0 1 -1 10 -1 0 1 -1
28309 8 -1 6 -1 3 -1 8 -1 1 4 5 5 6 -1
19157 3 -1 5 5 6 -1 6 -1 5 -1 6 -1 5 -1 8 11 12 -1
21508 0 10 -1
2439 0 9 -1 2 -1
17051 0 5 6 6 -1
14024 0 2 -1
6609 0 8 -1
14659 0 -1
5791 9 -1
27512 0 0 1 -1 16 -1
8182 1 4 -1 1 4 14 -1 4 -1
13502 3 6 -1 4 -1 3 -1
4642 0 -1 9 -1 0 -1 3 9 9 -1 3 9 -1
4966 0 -1 0 1 -1 0 11 -1 11 -1
23253 0 13 13 -1 0 13 -1 0 -1 12 13 13 -1 12 -1 13 -1 12 13 -1 0 12 13 13 -1 0 13 -1
6574 8 -1 3 4 6 -1 6 -1 3 13 -1 1 3 -1
8038 0 1 -1
26844 13 -1
6747 0 -1
5181 0 3 -1 1 2 -1 0 -1
15286 0 0 11 13 13 -1 0 13 -1 11 -1 0 -1
22802 13 -1 0 -1 0 11 13 -1
457 0 11 -1 0 -1 0 2 11 -1 0 11 -1
6794 1 1 1 3 3 3 3 -1
21861 1 3 -1
8249 0 9 -1
8907 0 -1 0 1 -1
2138 1 3 3 -1 6 -1 3 -1 6 -1 3 -1 3 6 -1 6 -1
3008 1 -1 11 13 -1 0 -1 2 11 -1
30218 0 -1 0 1 2 -1 0 -1 1 -1 0 -1 0 1 -1 0 1 2 -1 0 0 10 -1
17741 0 13 -1 13 -1
97 0 0 7 -1
4906 5 -1 0 0 5 -1
21312 0 -1 13 -1 1 -1
17187 0 -1 1 -1 1 3 -1 0 -1
24647 0 -1 1 -1 0 8 -1
30735 3 5 5 -1 3 3 3 3 3 3 5 6 6 6 6 7 -1
11244 13 -1
18550 5 14 -1
21340 0 3 -1 0 -1 10 16 -1 14 -1 0 10 16 -1 5 -1 0 -1 7 14 -1
20913 9 -1 0 -1 0 9 9 -1
17905 0 8 -1 1 -1 0 -1 11 -1 0 -1 0 11 -1 0 2 -1 9 -1
24026 9 -1
30018 7 8 12 -1 2 -1 1 9 10 -1 6 -1 8 -1
18951 5 7 -1 1 -1 5 -1 4 -1
4079 0 -1
9763 0 12 -1
20378 4 -1 1 -1 0 1 -1 14 -1
22001 5 -1 0 5 -1 1 -1 10 -1
26655 0 11 -1 0 0 3 -1 0 5 5 -1 0 -1
27793 8 11 -1 0 2 2 -1
4373 0 0 5 5 -1
19439 0 -1
27048 0 9 -1 0 -1
11699 0 -1 7 -1 0 -1
4177 0 -1 11 -1 0 -1 11 -1 0 11 -1
13443 0 1 -1 0 -1
23951 0 10 -1 0 -1
28321 4 5 10 -1 1 4 7 14 -1
1559 0 1 6 -1
16021 0 -1 11 -1 9 -1 0 -1 11 -1 0 9 -1 0 9 -1
16454 8 11 -1 4 10 16 -1 4 16 -1
940 8 -1 2 11 -1 9 -1 6 13 -1 13 -1 1 2 2 9 -1 2 11 -1 1 -1
15632 10 -1 10 16 -1 5 16 -1 7 -1
7754 0 -1 0 3 -1
18085 5 -1 3 -1 7 -1
28123 0 10 -1 0 -1 1 -1 0 0 16 -1 0 11 -1 0 9 -1 2 -1 0 3 -1 0 -1 3 -1 0 0 11 -1 0 4 -1 0 4 -1
12857 0 0 13 13 -1 2 -1
25612 5 6 -1 3 -1
5348 0 11 -1 0 11 -1
3393 0 1 -1
2784 0 -1 5 9 -1
14265 2 4 5 10 -1 1 4 7 14 -1
7840 0 -1 0 0 0 1 1 1 1 3 5 9 10 -1
18682 6 9 14 -1 9 -1
2866 0 -1
31055 2 4 7 -1 1 6 9 11 13 -1
9909 3 10 14 -1
16131 0 -1 9 -1
30930 3 6 -1
4626 2 5 5 6 14 14 14 -1 4 -1 14 -1
18388 0 -1 0 2 -1 4 -1
18518 0 -1 1 -1
16522 0 -1
30712 0 -1 0 9 -1 11 -1 0 9 -1
30779 8 -1 2 5 11 -1 10 -1
16593 0 11 -1 0 1 13 -1 0 -1 0 3 -1 0 3 -1
3720 0 0 1 2 -1 0 -1 2 -1 0 -1 0 2 -1 2 -1
22858 5 -1 14 -1 1 -1 5 5 6 6 -1 6 14 -1
15932 7 -1 5 8 -1 9 -1 12 -1 7 8 12 -1 6 -1 8 -1 6 -1 6 8 -1 3 -1 13 -1 3 8 -1 7 -1 10 -1 7 -1
20541 4 -1
27704 0 -1 1 1 9 -1 1 2 9 -1 9 -1 1 1 9 -1
25151 5 14 -1 14 -1
5488 16 -1
4251 0 1 -1 0 9 -1 0 -1 0 2 2 -1 0 -1 0 2 -1 0 2 2 -1 0 2 -1
136 0 -1 0 10 -1 0 0 2 2 -1
23103 0 5 6 -1 0 -1
25804 5 -1 1 4 8 12 -1
15762 0 1 2 -1 1 3 5 6 10 -1
4271 5 -1 0 -1 5 -1 0 -1 5 -1
3732 0 0 5 5 -1 0 3 6 -1 5 -1 0 -1 5 -1
6470 0 13 -1
15477 10 10 16 16 -1
28108 0 -1 9 -1
19016 4 10 -1
5724 1 -1
26959 5 6 -1
8711 3 9 11 -1
15391 13 -1 0 -1 3 -1
27412 0 -1 13 -1 0 -1
23139 7 -1 1 -1 1 7 -1 7 -1
21680 0 0 1 1 -1 0 9 9 -1 1 -1 4 -1 0 13 14 -1
24607 0 -1 13 -1 0 0 1 13 -1 0 -1 0 5 -1
28793 13 -1 0 -1
24715 2 -1 0 -1 2 -1
21957 3 -1 6 -1
8113 12 13 -1 0 -1 6 -1 0 -1 1 -1 0 -1
27250 5 -1 3 -1
10184 0 1 8 -1 0 6 11 -1 0 6 -1 0 -1 0 13 13 -1 0 16 -1 0 -1
11004 5 -1 6 -1
11344 0 0 10 -1 0 3 -1 3 -1 0 -1 0 3 3 6 -1
1467 0 11 -1 0 1 5 11 -1
29639 0 11 -1
25470 0 0 6 -1
12609 2 11 13 -1
27558 0 -1
10162 0 -1 2 -1 0 -1 0 2 2 -1 0 -1
10577 0 0 5 5 5 -1
229 11 -1
4948 8 -1
19519 0 -1
25451 0 5 -1
17285 5 -1 0 -1 3 6 6 -1 3 6 -1 3 6 -1
30138 0 0 2 -1 0 1 2 -1 3 6 -1 0 -1
5893 0 7 -1 7 -1
8022 0 -1 3 -1 0 6 -1 3 -1
2794 1 3 3 6 8 -1 6 -1 3 6 -1 3 -1 6 -1 3 -1 3 3 6 6 -1
27906 1 10 -1 0 1 -1
16635 0 -1
1238 13 -1 5 6 14 -1 5 -1 5 6 -1 5 14 -1 4 14 -1
28005 1 -1 0 -1 1 -1 0 11 -1 0 -1 11 -1 0 -1
14556 0 -1 1 7 -1
30142 0 1 1 3 7 -1 7 -1
23403 1 2 -1 2 -1 11 -1
25708 9 10 -1 9 -1 2 -1
1785 3 6 11 -1
3102 0 11 -1 0 -1 1 -1 0 -1 3 -1 0 -1 1 -1 0 1 -1
13952 0 3 6 8 13 -1 13 -1 0 13 -1 12 13 -1
2979 0 10 -1 1 -1 2 -1
17189 8 -1 3 10 -1 3 11 -1
11463 3 5 6 11 -1 3 -1 1 3 6 -1
30693 0 -1 3 14 14 -1 3 -1
21271 0 -1 1 9 -1 9 -1 1 -1 5 -1 3 -1
31197 1 7 9 -1
31447 5 5 5 6 6 -1 5 6 -1
17886 0 5 -1 0 6 -1 4 -1 0 0 1 5 -1 0 6 -1 1 -1 0 -1 0 1 -1 5 -1 0 -1
30908 8 -1
25767 6 8 -1 3 -1 5 -1 8 -1
20108 0 -1
62 0 -1
4970 0 6 8 -1 3 -1 12 -1 3 5 8 8 -1 3 -1
11561 9 -1
14813 9 14 14 -1 6 -1
14231 0 5 -1 0 -1 7 -1
16604 8 -1 0 6 8 -1 0 0 1 1 -1
2151 11 -1 2 2 11 -1 11 -1 2 11 -1 2 -1 11 -1
13776 1 -1 3 6 -1 3 6 8 8 -1 3 6 7 -1
5722 0 8 -1 0 0 7 8 8 8 -1 0 0 8 11 13 -1
12892 3 -1
4616 0 1 10 -1
7982 1 -1 4 -1 1 5 5 5 6 14 14 -1
25010 0 0 1 2 9 -1 0 -1 9 -1 0 1 9 -1
29969 7 12 -1 8 -1 7 8 12 -1 7 12 -1 13 -1 3 -1 7 8 12 -1
24672 0 8 13 -1 0 0 11 13 -1 0 -1
24974 6 -1
18881 0 -1
26800 12 -1 13 -1 8 12 12 13 13 -1 8 12 -1 0 1 12 -1 8 -1 12 -1 0 1 3 13 -1 3 3 6 6 -1
29491 13 -1 2 -1
3557 5 -1
18614 5 13 -1 5 5 13 -1 3 5 13 -1
3975 4 -1 0 1 3 -1
31221 5 6 -1
3730 0 -1
11054 0 0 11 11 -1
27187 5 8 11 11 12 -1 2 12 -1 8 12 -1
699 0 13 -1 0 0 10 -1 0 0 4 4 13 -1
2459 6 -1
4208 13 -1 0 -1 13 -1 0 13 -1 0 -1 0 13 -1 13 -1 0 -1 0 13 -1 13 -1 0 -1 0 13 13 -1 0 13 -1
31391 0 13 -1
10037 0 2 -1 0 1 -1
24972 0 9 11 -1 2 -1 1 5 9 -1 9 -1 1 -1
24205 0 1 9 -1 0 -1
28048 14 -1 9 10 14 -1 1 14 14 -1 5 14 -1 1 4 -1 1 -1
27878 0 -1 0 10 -1 0 0 0 1 11 13 -1
10464 0 0 16 -1
524 5 -1
23518 0 13 -1
648 0 0 8 -1 11 -1
23315 3 -1 12 -1 6 12 -1
15868 0 15 -1
9498 0 10 -1 0 3 -1 0 -1 5 -1 0 0 1 -1
27111 4 5 -1
29356 0 0 1 1 1 -1
8466 13 -1
4205 5 14 -1 7 14 -1 7 -1
1654 12 -1 0 -1 0 3 3 6 13 13 -1 3 -1 0 -1
23470 0 7 -1
10042 3 -1 1 5 5 6 6 8 12 -1
9531 5 -1 5 6 -1 14 -1 1 4 -1
1565 0 -1 1 11 -1 9 -1 1 -1 7 -1 9 -1
25073 0 1 2 -1 0 1 -1 0 1 -1 0 -1
27353 0 10 -1 0 -1 0 1 3 6 -1 0 13 -1 0 -1
18596 0 -1 0 0 1 1 10 13 -1 1 6 -1
21738 13 -1 0 -1 0 13 -1 0 13 -1 13 -1 0 0 13 -1 13 -1 0 0 13 -1
9807 2 5 -1
5785 0 1 9 11 -1 5 -1
20843 0 0 1 6 -1 6 -1 0 0 13 -1
23689 0 13 -1 0 -1 11 -1
3152 5 -1 6 -1
25133 13 -1
21237 3 -1
20569 0 -1 1 -1 0 -1 0 9 -1 1 -1 0 -1
28035 2 -1 0 -1
24349 1 11 -1 2 -1 1 13 -1 1 -1 0 0 0 1 10 -1
19747 0 9 -1 0 -1 5 -1 6 -1
2099 0 -1
31638 0 -1 1 4 14 -1 5 14 -1 0 1 -1
30252 0 -1 0 1 -1
2337 11 -1 0 -1 7 -1 3 5 5 6 -1
22271 9 11 -1 9 -1 2 13 -1
5112 6 7 -1 3 -1 6 -1 1 3 3 3 6 -1
10599 9 -1
30739 0 0 0 1 11 -1 9 -1 0 -1
3421 7 8 -1 8 8 11 12 -1 7 -1 8 -1
31111 1 3 -1
28257 0 -1
595 0 -1
9510 0 -1 0 11 -1 0 16 -1 10 -1 0 -1
4853 0 -1 0 1 5 9 -1 1 3 -1
7739 11 -1 0 -1
18926 3 5 7 8 11 -1
19628 12 -1 6 -1 3 3 6 6 12 13 -1 3 -1
10997 0 -1 6 9 -1 3 -1
27577 0 -1 0 10 -1
18412 0 -1 0 10 13 -1 13 -1 0 -1 10 -1 0 0 13 -1
26934 3 -1 0 1 -1 6 -1 1 -1
27630 0 0 1 10 -1 0 1 13 -1 1 -1 13 -1
30682 9 14 -1 5 5 5 6 6 6 14 -1 5 6 -1 9 -1
29854 0 0 1 1 -1
10746 5 6 -1 5 6 -1
11050 11 -1 0 -1 7 -1 0 1 -1 5 -1
30284 6 -1
251 8 -1
27308 2 10 -1
15603 3 6 7 7 8 8 -1 1 -1
27901 0 3 6 -1 0 3 -1
23286 0 -1 3 6 -1 0 3 3 6 -1 0 5 -1 0 5 -1 0 5 -1 0 9 -1
12427 13 -1
19702 1 -1 0 1 1 2 6 -1
10030 8 -1 0 -1 0 0 6 6 8 12 -1 3 12 -1
23106 13 -1 0 0 0 2 6 8 -1 2 4 -1
4694 0 11 -1 1 -1 0 0 1 -1 1 -1 0 -1
14371 0 3 6 6 -1
28886 0 -1 0 5 13 -1 13 -1 5 -1
2044 3 6 -1
9116 5 -1 0 6 -1 0 5 -1 0 -1 5 -1
17761 0 10 -1 9 -1
243 0 0 6 11 -1 9 10 -1
5825 0 10 -1
302 12 -1
14224 6 8 -1 1 3 8 -1
15099 0 6 6 8 -1 0 0 6 6 6 8 -1
9158 0 5 -1 5 -1 0 -1 5 -1 0 -1 0 3 5 -1 0 0 1 -1 0 1 -1 0 1 13 -1 0 -1 0 13 -1 0 6 13 -1 0 6 -1
31149 5 -1 8 -1
3398 0 -1
12548 0 -1 1 -1
6548 0 1 1 -1 6 -1 3 -1 3 3 6 6 6 -1 3 -1 3 3 6 6 -1 6 -1 3 3 6 6 -1 3 -1 6 -1 3 -1 3 3 6 6 -1 6 -1
25727 0 -1 0 10 -1 2 -1 0 13 -1 0 -1 0 7 8 10 -1
26235 0 -1 10 -1 0 -1 9 -1 0 -1 1 9 -1
25179 8 -1
25169 0 -1 1 -1
3122 5 -1 6 -1
16854 0 2 10 -1
9843 5 -1 6 -1 5 -1 2 3 -1
2803 0 0 0 1 1 -1 0 1 11 -1 0 -1
22654 0 0 0 0 1 1 9 11 13 13 -1
29894 0 -1 0 5 -1
16721 8 -1 0 1 8 -1 4 -1 8 -1 0 3 4 6 14 -1
5168 5 -1
18716 6 -1
2588 0 6 13 -1 13 -1 2 -1 0 -1
26710 5 5 6 -1 3 6 -1 8 -1 2 3 -1 8 -1
26728 1 -1 9 -1 14 -1 7 7 9 -1
18224 0 13 -1 0 -1 6 -1 0 -1 0 11 -1 0 6 -1
4513 0 1 -1
19566 11 -1
27028 8 -1 1 6 8 -1 3 6 -1
17875 7 -1
22698 0 0 0 1 13 13 -1
18867 3 7 7 13 -1
28640 0 -1 0 13 -1 0 0 0 11 11 11 -1 3 11 -1
30356 0 6 -1 0 0 0 1 4 5 -1 0 6 -1 6 -1 0 0 6 -1 0 0 6 6 -1
10145 0 10 -1 0 -1 0 0 5 10 -1
17967 6 7 8 -1 3 6 -1
24020 0 9 -1 0 1 1 2 5 -1
22342 14 -1
31383 0 0 0 10 13 -1 0 13 -1
7088 5 11 -1
15122 2 -1
9284 1 3 10 -1
14491 11 -1 5 -1 5 6 6 -1 5 -1 6 -1 5 5 6 -1
24612 9 -1
12085 3 12 -1
12268 1 -1 0 1 7 -1
22807 0 -1
25118 1 4 -1
21764 0 11 -1
10761 0 -1
22491 6 -1 0 5 -1
5303 2 -1 9 -1 11 -1
21048 1 -1 3 -1 4 8 -1 12 -1 8 -1 4 -1 8 -1 4 -1
7779 0 -1
13406 0 -1 1 2 7 -1 4 -1 0 -1 0 3 -1 1 1 2 2 -1 1 -1
18705 0 -1 0 8 -1 0 8 -1 8 -1
14213 5 6 -1 5 5 6 6 9 -1 5 -1
21572 1 5 -1 5 5 9 -1 4 -1
22751 0 -1
30500 0 0 5 6 10 -1
3488 0 1 -1 0 -1 0 1 -1 4 -1 0 0 4 4 14 -1
463 0 0 13 -1 0 11 13 -1 13 -1 0 1 13 -1
10106 0 5 -1 6 -1 0 6 -1 0 -1 0 6 -1
31127 1 -1 1 3 -1
5801 13 -1
3678 0 -1 5 -1 14 -1 10 14 -1 0 13 -1 3 3 5 6 -1
21114 0 -1 5 -1 5 6 -1 6 -1
29064 1 3 3 3 6 6 6 7 -1 2 -1 1 1 3 3 6 6 6 9 9 11 -1 9 -1 6 9 -1
4983 1 13 -1 6 -1 13 -1 6 -1
30129 0 3 -1
13231 0 1 -1 0 1 -1
28377 11 -1 10 -1 1 -1 9 -1 3 -1 6 9 -1 5 9 -1 1 6 -1
9572 11 -1
30521 1 -1
6244 0 5 -1 0 1 13 -1 7 -1
14625 0 -1 1 10 10 16 -1 0 1 -1
28594 0 2 3 -1 0 -1 3 -1
12697 0 5 -1 0 0 5 5 -1
16920 0 -1 0 0 0 1 1 1 -1
12963 1 -1 0 0 2 -1 1 1 3 6 -1 3 6 -1 3 -1 6 -1 3 6 -1 3 6 -1 3 -1 6 -1 3 -1
26299 7 -1 7 12 12 12 13 -1
27324 13 -1
28682 0 0 3 8 9 -1 0 -1
16096 1 3 -1
19644 6 8 8 -1 6 -1 0 -1 6 -1 0 -1 3 5 6 9 -1 5 -1
20920 2 12 -1
4647 0 -1 11 -1 0 -1 1 -1 0 -1 9 -1 0 -1 3 -1 0 1 6 -1 0 -1 0 6 -1 6 -1 0 1 -1
28368 0 -1
6726 13 -1 14 -1 1 3 -1 14 -1 3 -1 1 5 -1
8512 0 -1
12982 5 10 -1
21166 5 -1
1029 1 -1
80 11 -1 3 6 13 -1 2 10 -1 4 5 9 -1 7 -1 0 1 1 4 14 -1 1 -1 11 -1
27914 1 -1 0 6 -1
25295 7 -1 1 -1 1 7 -1 7 9 -1 1 -1 7 -1 1 -1
30433 0 5 -1 1 -1 0 6 -1 0 -1
3697 8 -1 0 -1
1679 0 -1 2 13 -1 0 13 -1 0 -1 13 -1 0 -1
19780 0 -1 11 -1
16093 0 0 1 -1 13 -1 0 -1
30435 1 8 -1 1 6 8 -1
6525 0 13 -1 11 -1 1 -1 0 11 -1
23442 3 5 -1 3 6 -1 0 1 8 -1 7 9 -1
30636 3 -1
11546 0 -1
11497 8 11 11 13 -1 2 -1 1 -1
28412 7 -1
1367 1 -1
26207 1 -1 14 -1 9 -1
27814 10 -1 5 -1
7884 0 14 -1 0 2 -1 10 14 -1
8902 3 -1 0 -1 1 -1 0 1 -1
10872 0 0 4 -1 1 -1 0 1 -1 0 0 1 -1
20047 5 -1 5 6 -1
16335 4 -1 0 1 1 4 11 -1 5 -1
17090 0 -1 3 -1 0 1 -1
30914 0 9 -1
17427 1 1 5 -1
28359 7 -1 0 7 -1 0 -1
14419 0 1 5 -1 5 -1 0 1 -1 14 -1 5 14 -1
25202 5 -1 0 10 -1 0 -1 0 10 -1 0 2 5 5 -1 0 -1 3 -1 0 5 -1
11553 0 1 9 -1 2 11 -1
12946 0 -1
422 1 -1 0 -1 4 -1 0 -1 0 4 4 -1 8 -1 0 2 9 -1
8082 0 0 1 1 -1 0 0 11 -1 9 -1 0 0 9 -1 0 0 9 9 -1 9 -1 0 0 0 0 0 2 3 3 3 3 -1 0 -1
17728 0 -1 1 -1
22248 0 5 -1 5 -1 0 -1 5 -1 0 -1 11 -1
19119 0 -1 0 12 12 13 -1 0 0 12 -1
3108 0 8 -1 1 -1 11 -1 3 6 6 -1 3 -1 6 -1
1412 0 -1
26389 1 -1 0 -1
7727 0 -1 0 6 7 -1 0 5 -1 5 -1 0 -1 5 -1
24693 0 1 9 11 11 11 -1 0 1 11 -1 1 -1 11 -1
31281 0 -1
25777 0 4 -1
20788 0 1 6 -1 0 3 -1 1 -1 0 -1 1 9 -1 13 -1 2 3 10 -1 13 -1
20780 5 7 8 12 -1
14016 5 -1 0 -1 0 5 -1
8423 8 -1
2658 6 -1 14 -1 5 14 -1
20415 0 10 -1 0 1 3 -1 5 10 -1 10 -1
10055 0 -1 0 1 -1 0 13 -1 1 -1
2357 1 3 -1
14291 0 0 1 1 9 10 10 11 -1 0 0 10 -1 1 -1 9 -1 0 1 6 -1 3 -1 0 -1
14960 0 -1 13 -1
12276 1 10 -1 14 -1
5258 0 -1 1 -1
3908 12 -1 0 0 0 0 12 12 12 -1
8966 0 13 -1 0 -1 0 1 -1 10 -1 0 -1
20631 9 -1 10 -1 3 5 6 9 16 -1
15957 5 10 -1 5 -1 5 10 -1 3 4 5 6 -1 3 -1 6 -1 3 -1 5 6 -1 1 -1 3 5 -1 5 6 -1 3 9 -1
2762 3 -1
21874 1 1 1 6 13 -1
19675 6 -1 3 10 -1
5822 0 -1 0 3 10 -1 0 0 1 -1 2 -1 0 1 -1 0 1 -1
31000 0 1 11 -1 0 -1 11 -1 1 11 -1
29591 11 -1
1204 0 -1 0 13 -1 9 16 -1 0 11 13 -1 0 11 -1 13 -1 0 1 -1 0 9 13 -1 0 -1 11 -1 13 -1 0 -1 16 -1 0 5 -1 0 -1
15977 0 -1
12454 0 8 9 -1 0 -1
12937 5 12 -1 8 -1
7290 0 1 -1 1 -1 0 0 1 4 -1 0 -1
5557 1 14 14 -1 13 -1 14 -1 10 -1 3 14 -1 14 -1
4654 0 0 0 4 13 -1
18599 0 -1 0 2 -1
9477 11 11 13 -1 1 13 -1 11 -1 1 -1 13 -1 10 -1
9429 0 1 1 5 -1 0 -1
5786 1 14 -1 14 -1
6197 6 -1
10365 0 1 -1
19326 0 6 -1 5 -1 5 5 6 6 6 -1
26683 0 1 5 9 -1 0 -1 5 -1
8398 1 2 -1
6090 0 0 3 6 -1
13997 0 -1 4 -1
27137 7 8 -1 8 -1 7 -1 8 -1 7 -1 6 -1 0 -1
24424 10 -1
21981 0 1 -1 0 -1 1 -1 0 1 -1
12555 0 0 1 16 -1
30508 13 -1 0 1 2 -1
13344 5 -1 0 5 -1
12988 0 -1 3 -1 0 -1
19857 0 11 -1
2430 3 -1
26948 1 -1 2 3 9 14 -1 2 -1
24420 0 -1 4 -1
24272 0 1 8 -1 0 1 14 14 -1 3 8 8 -1
1202 0 -1 6 -1 0 -1 6 -1 0 6 -1 0 6 -1 0 0 3 6 -1 0 -1
16073 0 -1 1 -1 0 -1
6730 8 -1 0 -1 6 -1 0 1 -1 3 -1
28150 14 -1
11301 3 -1
9365 16 -1
16079 0 -1 0 11 11 -1 0 -1 11 -1
10450 6 -1 0 0 6 -1
19704 0 -1
30545 1 3 -1
8563 5 -1 6 -1
30467 0 -1
10075 3 6 -1
17873 7 -1 1 -1 7 -1
18569 5 5 6 -1 0 -1
5604 0 -1 10 -1 0 0 13 -1 5 -1 5 6 -1 6 -1 5 -1
30048 1 9 -1 5 -1 10 -1
23015 0 -1 0 0 10 11 -1 0 3 -1
8213 0 -1 1 -1 14 -1
5577 2 -1
30289 1 5 -1 9 -1 3 3 9 -1
2835 3 9 -1 1 3 -1 1 -1
29395 12 -1
15781 0 0 10 11 -1 0 0 3 11 -1 0 -1
18958 11 -1
22351 4 9 -1 4 4 9 9 -1
27629 3 -1 13 -1
30455 8 -1 1 7 -1 5 6 -1
8206 0 0 10 11 -1
30306 0 3 9 -1 0 -1
15369 7 -1
20953 13 -1
8717 0 -1 3 -1 0 -1 0 6 13 -1 0 -1 13 -1
28033 2 10 -1 9 -1 5 -1 3 -1 1 -1
9891 1 13 -1 15 -1 1 -1 1 3 -1
30548 8 12 -1 5 6 -1 3 -1 6 -1 2 3 -1 3 -1
16979 3 -1
3377 0 -1
28718 0 -1 3 -1 0 -1 3 -1 0 0 3 -1
18688 0 -1 1 -1 0 1 -1 0 -1
21908 6 -1 3 -1
16644 0 3 3 6 -1
19230 3 6 6 -1 3 -1 8 -1
28389 0 0 2 6 -1 3 3 6 -1
15644 0 -1 3 -1 0 -1 0 10 -1 3 -1 0 -1 0 1 5 -1 0 11 -1
7416 0 -1 10 14 -1 14 -1
24841 0 0 9 16 -1 0 -1 0 1 3 -1
3206 0 2 -1 13 -1 1 -1 6 -1 9 -1 1 6 9 -1
21129 0 1 11 -1 0 -1 1 -1
16656 1 -1
25140 0 -1 0 6 13 -1 3 6 -1 0 3 3 11 -1 2 6 -1 0 13 -1 6 -1 0 3 11 -1 6 -1 0 3 13 -1
5472 0 0 5 -1 1 13 14 -1 9 10 14 -1
2925 0 3 6 -1
24259 0 5 6 -1 5 -1 1 -1 5 -1
25499 0 13 -1 0 0 0 2 10 -1 9 -1 0 -1
9057 6 -1 5 6 -1 5 -1 5 6 -1
12530 5 5 6 -1 6 -1 5 -1
27231 0 -1
27276 0 1 -1 3 10 -1 1 2 -1 0 1 4 -1 0 1 2 16 -1 1 2 -1 0 -1 1 -1 4 -1 5 -1 11 -1
30000 0 11 -1 0 13 -1
15862 5 -1 0 5 6 -1 1 -1 2 -1
26767 11 -1
30225 0 -1 0 1 7 10 13 -1 11 -1 0 7 13 -1 0 1 2 11 -1
12793 0 0 4 5 6 9 -1 9 -1 6 -1
23938 5 -1 3 6 -1
15042 0 8 -1 1 10 -1
16709 0 0 2 4 13 -1
782 5 5 6 -1 8 8 9 -1 3 -1
26916 6 7 8 -1 7 8 -1 6 -1 0 0 3 3 6 6 6 -1
14339 0 0 0 1 1 5 -1 9 -1 0 -1
10956 2 -1
5468 3 -1 8 -1
10921 6 -1
21342 11 -1 0 11 -1 0 -1 11 -1 0 0 11 -1 0 11 -1
23647 0 -1 2 -1
24567 3 -1 1 3 -1 1 6 -1
2302 0 10 -1
29084 1 7 7 -1 5 -1 7 -1
281 2 -1 0 13 -1 0 13 -1
19076 4 -1
11770 8 -1 3 -1
17594 0 11 -1 9 -1 1 -1 2 -1
5816 0 1 3 3 6 -1
24982 0 -1 0 1 -1 0 0 1 3 11 11 -1 13 -1 0 -1 13 -1 0 -1
12238 0 -1
7252 0 1 1 -1 0 0 9 -1 0 0 1 2 2 -1 0 -1 13 -1
25260 1 6 -1 3 6 -1 3 6 -1 3 6 -1 1 4 -1 1 3 3 6 -1
23519 0 -1 16 -1 0 0 3 3 6 -1
20526 0 -1 3 6 10 -1 1 3 6 -1
22507 0 -1 13 16 -1
24316 0 -1 0 10 11 -1 0 -1
15079 5 8 -1 7 8 -1 2 3 9 -1
12012 0 4 -1 0 -1 10 -1 0 -1 0 1 -1 11 -1 0 -1 0 4 -1 1 -1 0 11 -1
28124 0 2 -1 0 0 1 -1 1 -1 0 0 3 -1 1 -1
20990 6 -1 0 6 10 -1 0 0 10 10 -1
975 8 -1
17185 7 -1 1 4 5 10 -1
24084 0 -1 4 10 -1 0 -1
12962 3 6 -1 0 1 -1
23146 6 -1
21593 0 0 1 11 16 -1 0 1 16 -1 0 0 1 11 11 -1 11 -1
15248 0 1 -1
23632 11 -1 0 2 11 -1 11 -1 8 -1
14721 0 -1 6 -1 0 11 -1 0 0 3 -1 6 -1 0 -1 6 -1
4533 3 -1 8 -1
19968 0 -1 0 1 6 -1
9331 0 -1 1 -1
7210 0 -1
27776 0 0 3 11 11 -1
6717 5 9 -1 1 5 -1 4 5 5 -1
14447 0 -1
25431 0 10 -1
19799 0 -1 1 -1 0 -1 1 -1 0 -1 0 1 -1 1 -1
30079 3 6 -1 3 -1 3 6 -1 3 3 6 6 -1 6 -1 3 -1 3 6 6 -1 3 3 6 -1
11437 2 10 10 16 -1 2 10 10 -1
5125 13 -1 0 -1
13345 7 -1 5 14 -1 4 10 -1 1 4 -1
13702 3 6 7 12 12 13 -1 12 13 -1 6 13 13 -1
21326 0 1 -1 0 0 1 1 3 5 7 -1
20522 7 -1 0 -1 14 -1
11455 0 -1 1 -1
14906 0 -1 11 -1 10 16 -1 0 2 10 -1 0 -1
23495 0 5 6 -1 3 6 -1 3 -1 6 -1 3 13 -1 3 6 -1 1 -1 3 -1
17010 8 -1 3 -1 5 -1 3 -1 8 -1 5 -1 5 6 -1
18112 0 0 1 1 7 -1 1 -1 0 1 7 -1 1 7 -1 1 -1
11355 14 -1
17389 0 -1 2 5 10 -1 4 13 -1 0 -1 0 2 9 -1 13 -1 0 -1
11191 11 -1 8 -1 0 -1
7664 0 1 -1 0 0 1 -1 1 -1 0 1 -1 0 3 -1 0 0 3 3 -1 0 -1
19607 13 -1 6 13 -1
12222 12 -1 12 13 -1
25862 6 -1
100 0 0 0 1 1 2 13 -1 0 13 -1
23153 13 -1 0 6 -1 0 0 0 6 6 -1 6 -1
20946 0 5 -1 0 0 0 10 11 -1 3 5 -1
24615 1 5 -1 11 13 -1 0 -1 1 -1
25974 11 -1 0 0 11 -1 0 10 -1 5 -1
27153 0 16 -1 11 -1
12320 0 3 6 6 6 6 8 8 -1
14644 0 1 6 -1 0 1 3 3 -1 6 -1 3 -1 6 -1 3 6 -1
16173 0 0 6 -1
123 5 -1
29769 3 -1
5672 0 1 11 -1 0 2 -1 10 -1 0 -1
7274 5 5 9 14 14 -1 9 14 -1
28337 0 0 1 5 -1 0 -1 9 -1 0 4 -1 0 16 -1 10 -1
25507 0 0 0 6 11 14 -1 0 5 6 9 9 -1 6 9 -1
24915 13 -1 0 0 1 -1 6 -1
10536 3 -1 6 -1
18209 13 -1 0 0 0 0 0 11 11 13 13 -1 11 13 -1
21792 8 -1 8 11 11 11 13 13 -1 11 -1 8 -1 11 -1 8 -1
20687 0 0 5 5 -1 0 -1 1 3 -1 0 -1
10723 5 6 -1
7194 0 -1
25438 6 -1
5878 0 -1 0 6 -1 3 -1 0 -1 1 -1 0 0 3 -1 13 -1 0 0 1 3 3 -1
10820 3 -1 3 4 -1 4 -1 8 -1 10 -1 0 -1 1 10 -1
18239 0 -1 10 -1 0 8 -1
22627 0 -1
5664 0 5 7 -1
18293 0 -1
23845 0 10 -1
2944 0 1 -1 0 1 -1
12042 0 1 -1 0 1 -1 1 -1
5779 0 0 1 1 -1 1 -1 0 -1 1 -1 0 -1 1 -1 0 0 13 -1 10 -1 0 0 16 -1 1 -1 3 -1 0 0 1 9 -1
13694 1 1 3 -1
19877 0 11 -1 0 10 -1 1 -1 0 0 6 6 6 -1 0 -1
13533 0 -1 0 0 0 2 10 13 -1
25689 0 10 -1
19807 0 -1 0 0 9 13 -1 1 -1 0 -1 0 2 16 -1 0 -1 10 -1
4569 2 4 11 -1
12262 5 -1 1 1 2 -1
1859 3 6 -1 3 6 -1 1 -1 0 6 -1 3 -1 1 -1
21453 1 8 12 -1
5857 5 5 6 6 14 14 -1
5034 0 6 -1
4960 1 -1 0 0 16 -1 1 -1 0 16 -1
17199 1 9 -1
2420 9 -1 2 -1 1 3 -1 1 -1 0 5 -1 0 5 5 -1
27021 0 -1 10 -1 0 -1 14 -1 13 -1 4 4 14 14 -1 14 -1 13 13 14 -1 14 -1 13 -1 14 -1 0 -1
19170 3 -1 4 10 16 -1
7010 0 -1 13 -1 0 0 5 10 -1
18264 13 -1 3 -1 13 -1 3 -1
11754 3 8 -1 3 -1
20650 6 -1 0 -1 6 -1 0 6 -1 0 6 -1 0 6 -1
12066 2 -1
2618 8 -1
30224 0 -1 0 3 -1 3 -1 5 -1
24348 3 5 6 6 11 -1 3 -1
29410 0 0 11 -1 16 -1 0 0 10 13 -1 0 -1 11 -1
20580 1 9 -1 0 1 1 6 -1 0 -1
3208 14 -1 5 -1 13 14 -1 14 -1 9 -1 9 10 14 -1 14 -1 4 -1
22365 0 -1 0 1 -1 0 1 -1
28958 0 -1 1 -1 0 -1 1 -1 0 -1
2972 13 -1 0 0 8 -1
30194 0 0 0 10 13 14 14 -1 13 -1
12218 0 -1 0 1 13 -1 9 -1
3173 8 -1 7 12 -1 1 -1 8 -1 7 12 -1 5 -1 11 -1 5 7 8 8 11 11 12 -1 8 -1 11 -1 8 -1 6 -1 8 12 -1 0 1 7 11 -1 3 6 -1 0 -1 10 -1 4 5 -1 11 -1 8 11 -1 9 -1 8 -1 3 -1 6 -1 2 11 12 -1 6 7 12 12 12 13 13 13 -1 6 -1 13 -1
26605 0 -1 0 13 -1 6 -1 0 0 13 -1 0 6 6 -1 0 -1
12595 0 13 -1 13 -1 0 -1 13 -1 0 -1 0 13 13 -1 0 15 -1 0 13 -1
5968 0 -1
14270 1 -1 0 0 1 -1
29828 3 3 6 -1
29598 7 -1 3 6 6 -1 3 6 -1 3 12 -1 13 -1 12 -1
10512 2 -1 0 6 -1 0 0 11 -1
18225 0 0 2 11 -1
24729 0 1 3 9 9 -1
16144 5 6 -1 5 -1 6 -1
7891 6 -1
24583 0 6 9 -1 0 -1 6 -1 0 3 -1
25330 0 3 -1 1 -1 0 3 6 -1
9400 1 8 -1 1 12 12 -1 5 13 -1 13 -1
21937 12 13 -1 13 -1 12 12 13 -1
12456 0 1 3 9 11 -1 0 9 -1 1 5 -1
4802 0 3 -1
8878 0 13 14 -1 2 -1 13 14 14 -1 1 3 -1
17874 0 -1 0 1 -1
12645 11 11 11 13 13 13 -1
5740 5 -1
30038 1 -1
11468 0 -1 0 10 13 -1 0 -1 13 -1
10076 8 -1
30098 2 -1 0 0 0 1 1 7 -1 0 -1 0 1 7 -1
2126 1 -1 0 9 -1
6358 5 -1
13521 0 3 -1
2339 0 5 -1 1 9 -1 5 -1 1 6 -1 1 3 -1 3 -1
15686 0 1 8 -1
23903 0 -1 2 -1 0 10 -1 0 1 2 -1 10 -1 1 -1
19099 4 -1 14 -1
7515 0 3 14 14 -1 0 3 11 14 -1 0 11 -1 0 -1 11 -1 0 11 -1
12154 13 -1 0 -1 0 11 -1
3319 0 -1
15774 6 -1 1 -1 0 -1 3 6 -1 6 -1
22643 0 0 3 3 3 5 6 6 6 -1 0 6 -1
12127 1 -1
14925 0 -1 0 4 -1
11822 0 -1 0 10 -1 0 3 -1 0 1 -1 1 -1 0 0 3 -1 15 -1 13 -1 15 -1 13 -1 15 -1 13 -1 13 15 -1
1884 0 -1 0 13 -1 11 -1 0 11 -1 0 11 13 13 -1
23162 0 0 10 -1 0 1 1 -1 0 0 1 -1 0 5 -1 0 5 6 -1 5 -1 0 0 0 1 5 -1 1 -1 0 -1
7388 4 14 -1
11500 8 -1 3 -1 3 6 6 -1 3 6 -1 3 -1 6 -1 3 -1 3 6 -1
30115 0 0 11 -1 11 -1
28898 0 -1 1 6 -1 3 -1 3 6 6 -1 3 -1 9 -1 1 -1 5 -1
15833 0 -1 11 -1 0 1 -1 0 1 -1
3796 2 14 -1
30995 0 -1 1 -1 0 0 11 -1 0 11 -1
18461 0 -1 3 -1 0 0 11 -1 1 -1 0 -1 0 1 -1
18628 0 6 -1
23582 0 -1 11 -1
27114 0 0 1 -1
4781 11 -1 0 -1
1710 0 -1 10 -1 0 16 -1 0 -1 11 -1 0 0 1 -1 11 -1
31167 5 7 8 -1 3 8 -1
2894 0 1 -1
30083 0 0 1 9 -1 0 10 -1
9513 2 7 8 8 -1
17770 13 -1 3 -1
14884 0 -1 13 -1 0 3 -1 0 0 1 13 -1 0 -1 0 2 -1
26537 7 8 -1 3 3 5 6 -1 3 6 6 -1 3 -1
22153 2 -1
16220 1 2 11 -1 11 -1
4502 0 0 1 3 -1
8746 0 2 2 -1
13977 5 8 -1 0 -1 6 -1 3 3 6 6 -1 3 -1
8092 7 -1
16513 0 8 12 -1 3 5 6 -1
194 1 9 -1 1 9 -1 3 -1 5 6 -1 5 -1
20556 1 -1 1 2 6 -1
31320 1 -1 0 -1 1 -1 0 -1 11 -1 0 -1
3988 0 -1 3 -1 0 13 -1 0 -1 0 2 -1 11 -1
3857 12 13 -1
30063 0 1 6 -1 0 0 1 6 11 -1 0 -1 0 6 6 -1 0 -1
19832 13 -1 3 6 12 -1
18889 0 1 -1 14 -1 5 10 14 -1 0 2 5 -1 1 5 -1
4029 5 -1
30626 0 5 6 -1 5 -1 6 10 -1
5536 8 -1 6 7 -1 3 9 -1 8 11 -1
2826 3 6 -1 1 7 -1
5043 1 -1 14 -1
30630 9 -1 3 -1 6 -1 3 -1
5411 14 -1
21838 0 -1 0 5 5 -1 0 -1 6 -1 0 -1 6 -1 0 -1 5 -1 0 0 14 -1
28915 0 0 1 -1 10 -1
9201 13 -1
15239 0 -1 0 0 11 11 -1 3 -1 0 -1
24054 0 -1 13 -1 0 1 -1 11 13 -1 0 -1 0 1 -1
25492 0 -1 3 -1
28119 8 -1 5 -1
15352 0 -1 11 -1
30533 0 -1 10 -1
25248 0 0 5 -1
10725 0 0 7 -1
6591 13 -1
3630 9 -1 1 5 -1
29927 1 -1 1 3 6 -1 1 6 13 -1 0 -1
30067 1 3 7 9 10 -1
9610 0 0 9 16 -1 1 -1
20069 12 -1 8 -1
28068 0 1 11 -1 13 -1
30903 0 -1 1 -1
26030 0 1 -1 0 1 -1 0 -1 0 1 10 -1 0 -1
4772 0 1 2 3 9 11 -1 4 10 -1 13 -1
2391 0 -1 0 1 -1 0 0 1 9 16 -1
23422 8 -1 0 -1 2 -1 8 -1 0 1 8 -1 0 1 -1 4 -1
20154 0 -1 0 1 13 -1 0 -1 0 0 13 16 -1 13 -1 0 -1 13 -1 0 0 11 13 -1
10421 4 8 -1 0 0 5 5 -1
20566 9 11 11 -1 10 11 16 -1
596 0 -1 13 -1 9 -1 1 2 4 11 -1 8 -1 8 11 -1
31131 2 10 -1 0 1 -1
17868 9 -1
25888 11 -1 3 -1
24717 12 -1
1150 3 -1 8 -1 6 -1 0 0 13 -1 0 5 13 -1
13419 0 -1 12 -1
25613 0 -1 5 -1 1 10 -1
14437 0 -1 10 -1 0 0 9 -1
7505 13 -1
29978 11 -1 9 -1 1 5 8 11 -1 7 -1 1 13 -1
31434 0 1 -1 0 0 0 1 3 -1 3 -1 0 5 -1
18034 0 -1 10 -1
13878 0 -1 10 -1 0 -1 1 -1 3 -1 1 -1 0 -1 3 -1
26340 3 -1 0 2 -1
29633 0 9 -1 1 -1 9 -1 1 -1 3 -1 1 9 -1 0 0 2 3 9 -1
17968 8 -1 1 11 -1 5 11 11 13 -1
13527 2 -1
15783 6 -1
28686 6 6 8 8 8 -1 0 6 -1 3 -1 3 6 8 -1 3 4 -1
28791 10 -1 0 1 6 -1 0 6 -1 1 -1 0 -1 9 -1
13483 0 1 -1 0 0 0 1 1 -1 0 1 -1
21234 1 11 -1 11 13 14 -1 0 -1
30762 6 -1 5 -1 6 -1 5 -1 1 5 -1 1 -1
27592 4 5 -1
12256 0 1 1 1 3 5 -1 0 -1
3582 0 1 -1 0 -1 0 4 4 -1 0 0 0 0 0 0 1 1 4 13 13 -1
20141 9 -1 6 8 12 -1 8 -1 0 1 7 11 -1 6 -1 3 -1 0 4 10 -1 5 -1 8 -1 3 6 11 12 -1 10 12 -1 13 -1 12 -1 13 -1 12 -1 12 13 -1 6 -1 7 -1
21331 9 -1
1636 5 5 6 14 -1 9 14 -1
6061 11 -1
25825 8 -1 10 11 -1
19867 0 -1 0 11 -1 0 0 0 1 2 3 10 11 13 -1
815 13 -1 4 7 -1 1 7 -1 1 -1 8 -1 0 -1 1 -1
26407 0 0 0 3 3 6 6 -1 0 3 6 -1 5 -1 1 11 -1 0 9 -1 10 -1 0 13 -1 10 -1 0 0 3 6 9 11 13 -1 0 -1
1663 1 10 -1 0 -1
19559 0 -1 0 11 -1 9 -1 0 -1 2 -1 0 -1 2 11 -1 5 -1 0 1 11 -1 1 11 -1
13148 10 -1
26641 0 11 13 -1
24759 0 11 -1
24779 0 0 10 -1 1 11 -1 8 -1 0 -1 11 -1 3 -1
3752 0 0 6 -1 0 3 -1 0 3 -1
11713 0 -1 16 -1 1 13 -1 1 2 10 -1 4 5 10 16 -1
15220 8 -1 8 10 -1 5 -1 5 8 8 10 -1 4 8 -1
26321 5 6 -1 1 -1 7 -1 5 -1
3223 0 -1 0 11 16 -1
22138 0 0 3 -1 1 -1 13 -1 0 -1
1666 0 -1
7095 0 8 -1 3 -1
6114 1 -1 2 -1 0 0 3 8 8 9 13 -1
17524 3 -1
8542 1 7 7 7 8 13 -1 1 7 -1
14685 0 -1 1 -1 3 5 -1 0 -1 1 -1 1 3 5 -1
22209 5 -1 7 -1 1 -1 7 -1 5 -1 6 -1 5 6 -1
24022 11 -1 0 -1 2 -1 0 -1
12921 0 3 14 -1 3 -1
20978 0 3 6 -1
24405 8 -1 3 5 -1 3 3 8 -1 8 -1 5 -1
6429 3 5 -1 6 -1 5 14 -1
25254 1 -1
24856 0 -1 0 1 5 9 -1 0 -1 3 8 -1 0 -1 6 -1 1 3 3 5 -1 0 -1 10 -1 0 10 -1
19126 5 9 -1
15315 0 5 9 -1 0 5 9 -1
20648 5 -1
20848 0 0 5 5 -1 0 5 -1 0 0 5 -1 6 -1
12266 0 -1 1 -1 0 13 -1 0 13 -1 1 -1 13 -1 0 -1 13 -1 0 -1 0 13 13 -1
24684 3 -1
9085 0 1 11 -1
20663 0 -1 0 10 -1 0 13 16 -1 0 -1 0 0 11 13 -1
163 0 3 6 -1
16408 1 5 16 -1
25593 8 11 -1
7893 0 -1 1 -1 0 -1 0 1 -1 10 -1
5005 0 1 -1 0 13 -1 0 -1
31248 7 13 -1 8 -1
13298 0 -1 0 1 1 -1 6 -1 13 -1 0 2 -1
23448 5 -1
17227 8 -1 0 6 -1 0 3 6 -1 1 9 -1 6 -1
30851 0 2 -1 0 -1 0 0 2 2 3 -1
21296 0 6 -1 0 11 -1
19092 0 13 -1 13 -1 0 0 13 -1
14336 13 -1 0 0 11 13 -1 0 11 -1 0 3 -1
30842 0 0 7 -1 0 7 7 -1
29926 1 -1
17101 0 -1 1 -1 0 1 -1 13 -1
22840 0 2 -1 11 -1 0 -1
30941 6 7 12 -1
22230 0 6 -1 0 -1
22911 3 -1 2 11 -1 3 10 10 16 -1 10 -1 5 -1
30991 0 0 0 3 4 -1
11597 7 -1 6 -1 3 3 6 6 -1 3 -1 7 -1 3 -1
3077 0 -1 0 1 -1
15113 9 -1
14958 7 -1 3 6 -1
12490 0 -1 5 6 -1 3 -1
24065 3 -1 0 -1
24634 0 -1 4 -1 0 4 5 -1 15 -1
16688 3 -1
29251 3 -1 3 5 -1
27457 7 -1 13 -1 1 7 -1
7057 0 8 -1 1 -1 6 -1
15261 5 -1
18578 0 0 3 -1
2878 5 6 -1 5 6 -1
17463 0 -1 0 0 2 6 -1 3 6 -1
5856 0 13 -1 0 -1 11 -1
20358 6 14 -1
5444 0 1 1 -1
9384 0 -1 0 10 -1 13 -1 0 0 6 6 13 -1
11574 6 6 8 -1 8 -1 6 8 -1
18326 0 0 4 -1 0 1 -1 0 1 4 -1
5257 0 6 -1
343 0 -1 1 -1
2262 0 0 0 1 5 5 5 -1 11 -1 1 11 -1
20564 0 5 6 -1 0 0 0 5 6 -1 6 -1 0 5 -1
7028 0 4 -1 0 -1
17006 0 -1 13 -1 0 10 -1 0 1 -1 0 -1 1 -1
7715 0 -1 10 -1 0 2 -1 0 -1
5386 0 1 3 6 -1
30964 10 -1 0 0 0 0 9 11 16 -1 0 11 -1
27085 0 5 9 -1 9 -1
23316 0 0 8 9 10 13 -1 10 -1
13070 0 0 2 11 -1 2 11 -1 0 11 -1 0 0 2 2 3 -1 0 -1 11 -1
28800 0 6 -1 0 6 -1
336 0 13 -1 0 -1 13 -1 0 -1 9 -1 0 -1 0 13 -1 13 -1 0 -1
18730 0 1 11 -1 14 -1 0 -1 11 -1
8941 0 -1 1 -1 0 -1 1 5 -1 1 6 -1 3 -1 1 -1 3 6 -1
3996 0 0 0 1 13 -1
2768 0 -1
8204 5 -1 0 0 1 -1 0 9 -1 2 -1
12582 0 11 -1 0 0 10 -1 11 -1 0 2 -1 0 -1
20441 3 -1 0 -1 3 -1
30375 0 -1 0 10 -1 9 -1 0 0 9 11 13 -1 0 0 1 -1 13 -1 0 -1
14391 8 -1 5 -1 8 -1
15238 0 0 1 1 9 -1
12958 1 2 -1
8867 0 -1 6 -1 0 -1 11 -1 1 1 5 11 -1 5 -1 6 -1
7076 0 10 -1 0 -1 0 11 -1 0 9 -1 0 3 -1
26697 10 -1 1 -1 5 10 -1 10 -1 5 10 16 -1 10 -1
12830 0 10 -1 3 16 -1 9 -1
784 0 -1 0 0 1 1 1 2 11 -1 0 2 -1
19101 1 -1 14 -1 0 -1 2 -1
5887 5 -1 3 -1
3728 11 -1
24535 7 -1
30254 10 -1
30872 0 -1 1 -1 0 -1 0 1 -1 9 -1
27207 0 -1
10919 0 -1
22184 0 0 6 -1 5 -1 13 -1
1347 0 2 -1 16 -1 0 -1
18643 0 1 5 -1 0 5 -1 5 -1 0 5 -1 0 5 -1
20939 11 -1
89 4 -1
12235 0 3 -1 1 -1 0 10 13 16 -1 10 -1 16 -1 5 -1
31352 6 -1
13362 0 -1
8983 5 11 -1
14676 3 6 -1 3 -1 6 -1 3 3 6 6 -1 3 3 6 -1 3 6 6 -1 3 6 -1 3 -1 3 6 6 -1 3 -1
14982 0 -1 5 9 9 -1 0 -1 9 -1
30370 0 -1
25325 0 -1 13 -1 0 -1
29767 12 -1
26283 0 0 0 0 6 6 6 -1 5 -1
18646 0 -1 0 6 6 -1
5232 1 -1 1 3 -1 3 -1
11742 0 -1 11 -1 0 13 -1 13 16 -1 0 16 -1
24951 1 6 9 -1
21618 0 -1 0 13 -1 10 -1 0 10 -1 0 0 0 0 1 3 9 10 -1
21369 6 -1 1 5 -1
31622 0 11 -1 0 -1
1560 1 -1 1 11 -1 11 -1 5 11 -1 5 5 5 6 6 -1
22937 5 -1 0 0 11 11 -1 0 11 -1 0 -1 0 11 -1
6999 11 -1
6085 5 -1 6 -1 5 10 14 -1 6 10 14 14 -1
6442 0 4 -1 0 1 -1
7045 0 2 14 16 -1 0 -1 1 -1 0 3 11 -1
19399 0 -1
7580 5 -1 6 -1
10255 0 -1 10 -1 0 13 15 -1 0 0 13 15 -1 1 13 -1
10906 5 -1
1932 0 0 0 4 4 -1 0 4 4 -1 0 -1
13696 7 -1 1 -1 1 7 7 -1
325 3 3 3 6 6 6 7 12 -1 6 -1
30916 0 2 3 -1 0 11 -1 2 16 -1 11 -1 0 11 12 -1
13157 0 0 9 11 11 -1
10307 0 6 -1 0 0 1 4 5 9 11 13 -1
27689 0 -1 3 -1
12731 1 6 13 -1 3 3 6 -1 6 -1 3 -1 6 -1 3 -1 3 6 -1 6 -1 1 3 -1 3 -1
17971 0 -1
1396 12 13 -1 0 13 -1 0 -1 0 13 13 -1 0 -1
12641 7 -1 5 6 8 -1 13 -1
3844 1 1 7 -1 2 7 -1
1991 11 -1 2 11 -1 1 2 -1 5 -1 2 -1 11 -1 2 -1 2 11 -1 2 11 11 -1 2 -1
5427 6 -1
29945 3 -1 0 1 -1 0 -1 1 3 -1
1351 1 4 9 -1 6 -1
31387 0 0 1 11 -1
19905 0 -1 6 -1 0 -1 0 6 6 -1 0 0 1 -1 0 1 6 -1 0 -1 1 -1 0 -1
12924 0 -1 13 -1 0 0 13 -1 0 13 -1 13 -1 0 -1
7203 0 0 1 -1 0 10 -1
22707 1 -1 0 -1 0 1 -1 1 -1 0 -1 0 6 -1 0 6 -1
30720 9 -1 0 -1 1 -1 11 -1
7877 0 6 -1
8858 0 -1 9 -1
12447 0 -1 9 -1 0 0 0 1 3 6 -1
15898 0 16 -1
13352 0 1 5 -1 5 -1 6 -1 5 5 6 -1 5 6 -1
10469 1 -1 0 2 5 9 10 -1 0 2 -1
20129 1 -1 0 -1
16845 0 -1
18318 0 -1 1 -1 0 -1 5 -1
22510 0 -1
770 9 14 -1 14 -1
15245 1 11 -1
22030 0 1 -1 0 -1 0 1 1 1 9 11 -1 9 -1
20886 0 1 1 -1 0 8 8 -1
12773 4 -1 14 -1 3 -1
11777 0 -1 0 5 6 6 -1 5 -1
22785 6 -1 5 5 6 14 -1
7322 1 9 -1 0 1 -1
7319 8 -1 0 -1 3 6 -1 6 -1 3 3 6 -1 3 6 -1
5207 0 0 13 -1
4455 0 1 11 11 -1
26793 0 -1 1 10 -1 5 -1 0 1 4 13 -1 4 -1 0 -1 3 -1 0 -1 5 -1 14 -1 4 -1 5 -1 3 13 -1 1 -1 4 -1 5 -1 0 2 -1
14947 0 -1 1 7 -1 1 13 -1 1 3 3 6 6 -1 1 -1 0 6 -1 0 -1 3 6 -1
13638 5 -1 0 1 14 -1 1 -1 7 -1 4 -1 5 9 -1 6 10 -1 1 2 11 13 -1
5161 0 0 13 -1 0 1 9 10 11 13 -1
27119 0 -1 1 -1 0 -1
27094 9 -1 5 6 14 -1 6 -1 14 -1 6 14 -1
31629 12 -1 3 -1 7 -1 12 -1
7099 7 -1
3915 5 -1
2584 0 2 16 -1 2 -1
25392 0 1 5 5 6 7 -1 1 -1
23207 0 -1 5 -1 0 -1 2 5 -1 2 -1
2103 0 10 -1
843 0 0 0 0 0 1 1 4 10 -1 4 -1
30731 0 -1 3 -1
20256 0 -1 11 -1 13 -1 3 6 6 -1 3 -1
13551 5 -1 0 -1 0 11 11 -1 0 11 -1 2 -1 11 -1
31262 0 -1 5 -1 0 6 -1
8224 0 11 11 -1 0 -1 0 6 -1
15439 0 1 -1 11 -1
18179 0 1 -1 1 -1
17913 0 1 -1
19682 7 -1 1 2 -1 13 -1 1 7 -1
12094 4 5 15 -1 4 -1 0 5 -1 0 5 -1 0 15 -1
2756 12 -1
839 6 -1
6958 5 5 14 -1 5 14 14 -1
23451 0 5 -1 0 3 9 -1 9 -1
17131 8 -1 3 -1 8 -1
30625 9 -1 2 9 -1
29858 5 -1 14 -1 2 4 14 -1 4 14 -1 14 -1 5 5 5 10 14 14 -1
27294 0 -1 2 -1 0 1 -1
28967 5 6 14 -1 1 -1
22119 1 4 11 -1 1 4 11 -1 1 1 4 -1 4 -1 11 -1 4 -1 4 10 -1
17126 9 -1
31190 0 0 0 4 10 10 -1
14735 1 3 3 6 6 -1 3 -1 9 -1 2 3 -1 2 -1 1 2 -1
12639 0 10 16 -1 0 -1 10 -1 0 -1 1 -1
29477 0 -1
5839 12 -1 13 -1
15119 0 0 1 3 -1 0 0 6 16 -1 3 -1 0 0 1 11 -1 0 0 0 5 6 6 6 -1 0 6 -1 0 -1 0 0 6 6 -1 6 -1 0 6 -1 0 6 -1 0 -1
7215 0 -1 1 -1 0 0 1 -1 0 3 6 11 -1 14 -1
1300 0 -1 13 -1 0 13 -1 0 0 13 -1
22987 0 11 -1 11 -1
13421 6 8 12 13 -1 0 -1 0 3 6 8 -1
22312 3 -1 4 10 -1
18765 3 3 3 6 6 11 -1
7206 0 0 0 1 1 1 13 -1
12778 7 -1 0 -1 0 7 -1 7 -1 0 -1
28816 0 -1 10 -1 0 -1
1889 16 -1
6816 1 5 -1 0 1 -1 1 4 7 14 -1 5 -1
10977 1 -1
26297 0 -1
17612 1 -1
7519 13 -1
9122 0 -1 3 -1 0 -1 3 -1 0 -1 6 13 -1
20091 13 14 14 -1 2 14 -1
18212 1 -1 5 -1
11613 1 -1 0 -1
23656 0 2 -1 0 3 -1
8257 0 6 -1
29587 0 -1 1 9 -1 0 -1 0 3 9 16 -1
31464 2 7 7 8 -1
28289 6 -1 3 3 6 -1 3 6 -1 3 6 -1
20467 0 -1
4740 0 0 1 2 -1 0 0 1 -1 1 -1
4409 0 5 -1
10636 1 1 3 7 8 -1
23318 0 0 6 6 8 -1 0 -1
3227 0 11 -1
25964 0 0 3 4 -1 0 -1 4 -1
27509 0 13 -1 0 13 -1
29704 13 -1 0 10 -1 0 -1 13 -1 0 -1 0 0 0 1 2 3 -1 3 6 -1 6 -1
26843 1 1 3 6 -1 3 6 -1
19843 0 3 6 7 -1 0 5 -1
19818 0 -1 0 10 -1 0 2 13 -1 0 2 -1
14264 0 -1 6 -1 0 13 -1 0 -1 0 13 -1 1 -1 11 -1
12408 0 -1 2 -1 13 -1
27930 0 3 -1 6 -1 0 1 3 16 -1 0 -1 3 -1 0 3 6 11 -1
5581 0 11 -1 9 9 14 -1 9 11 -1 11 -1 1 -1 4 -1 1 -1
17070 11 -1 3 10 -1 3 -1 12 -1 12 13 -1
24559 0 13 -1 0 1 5 13 -1 1 3 6 -1 0 0 13 -1 11 -1 5 -1 0 0 13 -1
19470 2 3 -1 0 -1 1 -1
4637 8 8 12 -1 7 8 12 -1 7 12 -1 8 12 -1 7 8 -1 12 -1 7 8 8 12 -1 12 -1 7 8 12 -1 7 -1
13152 0 9 -1 0 3 -1 0 -1 10 -1
20757 0 1 -1
29851 1 13 16 -1
11906 4 -1 0 -1
15759 0 10 -1 3 6 -1 3 6 -1 0 -1
30456 0 -1 10 -1
23760 1 1 9 9 10 -1
19143 5 -1 4 14 -1 14 -1
22155 1 -1
16060 3 -1
4995 5 8 -1 11 -1 0 8 -1 0 1 10 -1 6 -1 0 -1 3 -1 1 -1 0 -1 3 -1 0 -1 1 -1 0 -1
1715 0 0 10 11 11 -1 0 -1 1 -1 0 -1 0 1 1 -1
1848 3 3 6 -1
10235 0 -1
16824 7 7 8 13 -1 13 -1
20060 3 -1
13220 0 -1
28388 1 9 -1 9 -1 1 -1
3282 8 -1
11148 9 -1 0 -1 9 -1 0 9 -1
5067 0 -1 1 -1 0 -1 1 9 -1
5306 7 -1
17455 0 -1 0 0 3 3 -1
14869 0 1 -1 3 -1
4889 0 0 0 0 0 1 3 3 5 6 -1
24728 0 5 6 13 -1 1 -1 7 -1 14 -1 7 -1 1 -1
24134 1 8 11 -1 3 -1
9344 0 -1 0 11 -1 10 -1 0 0 11 -1 11 -1 0 11 -1
18690 6 -1 3 -1
23513 2 5 14 -1 2 14 -1 5 14 -1
25359 0 0 1 2 2 3 -1
3545 14 -1 5 -1
13597 0 -1 3 14 -1
12417 0 -1 1 -1 0 0 1 1 2 2 -1
17412 1 -1 1 9 9 11 -1 11 -1
29794 0 -1
12989 5 -1 0 3 -1
283 1 -1 0 0 3 6 6 -1
28233 1 -1
26414 0 -1 0 1 6 -1 0 -1 0 1 2 -1 13 -1 1 -1
17568 0 -1 0 0 3 5 -1 0 5 -1 2 -1 0 -1 0 2 -1
10466 0 2 -1 0 -1 1 5 9 -1
22221 0 0 6 -1 0 1 1 3 7 -1 3 -1
6570 0 -1 11 -1 0 0 11 -1 11 -1 0 0 11 -1
4464 13 -1 0 -1 0 1 3 3 6 6 -1 0 -1
14507 1 7 14 14 14 -1
13834 6 -1 3 -1
21880 0 0 3 7 9 -1
30935 0 5 5 -1
18808 0 7 -1
13611 0 0 1 1 -1
13966 4 -1 0 -1
2210 5 -1 0 5 -1
30025 1 2 -1 0 1 14 -1 1 5 7 -1 4 -1 9 -1 6 -1
25404 0 1 -1 0 0 1 -1
2880 1 2 2 13 -1
4047 0 0 11 -1
1789 1 8 12 -1 6 -1 8 -1
5142 0 3 -1 0 -1
7961 0 -1 1 -1 0 2 -1 0 -1
18196 6 -1 0 6 -1 0 6 -1 0 1 5 -1 3 -1
15218 4 8 -1 13 -1 5 14 -1 2 8 -1 4 -1 4 8 -1
4365 0 0 1 3 6 6 -1 1 3 -1 3 -1
5138 0 -1
29902 3 -1
30369 1 -1 2 14 -1 0 2 14 -1 14 -1
7179 0 0 2 5 10 -1 0 3 -1 0 -1
22691 3 8 13 -1
23788 0 11 -1
7651 4 -1
11869 7 8 -1 13 -1
29381 0 12 13 -1 6 -1 0 -1 6 -1 3 6 -1 3 -1 0 6 -1 8 -1 4 8 -1 12 -1
29977 10 -1 4 5 -1
4793 0 -1 0 5 5 5 5 6 6 -1 5 6 -1 0 -1 0 6 -1
28356 5 5 6 -1 6 -1 0 5 -1
31171 0 -1 0 6 -1 6 -1 0 0 6 6 -1 0 6 -1 0 -1
14161 1 -1 0 0 4 13 -1 0 12 -1 1 -1 0 0 0 11 13 -1
16690 0 -1 0 10 11 -1 1 -1
23369 0 -1 1 -1 0 -1 0 11 -1 0 10 -1 0 1 1 -1 14 -1 1 6 -1
16516 0 -1 0 0 3 3 -1
9488 0 13 -1
30980 0 -1 1 3 13 -1 6 -1 0 -1 13 -1 3 -1 0 3 6 -1 3 9 -1 2 -1
7745 0 13 -1 0 13 -1 0 13 -1 0 -1 0 13 13 -1 0 -1 13 -1 0 -1 0 0 0 0 13 13 13 13 -1
24798 0 5 -1 1 -1 0 5 -1 0 -1 5 -1 0 -1 5 -1 2 -1 1 10 10 -1
11675 0 -1 14 -1 1 -1 0 8 -1 0 -1 8 -1
15297 5 -1 1 -1 1 7 -1
22011 0 -1 3 3 6 -1 3 6 -1 0 -1
26768 9 -1
6430 5 -1
5545 5 6 -1 3 6 -1 3 -1 6 -1
17677 4 -1
13935 0 5 -1 0 11 -1 11 -1 0 -1 11 -1
23355 5 -1 5 6 6 -1
27465 3 6 6 7 -1
13956 6 -1
19496 3 6 6 -1 0 3 3 6 -1 3 3 6 -1
20543 5 -1 0 -1
18863 11 -1
15710 0 0 0 2 11 11 -1 0 2 -1
6909 8 -1 6 -1
11883 11 -1
29030 0 0 6 -1 0 5 5 6 -1 0 1 -1
4217 6 -1 8 -1 0 -1 2 -1
7165 0 10 -1 1 2 5 9 -1 0 4 -1
6216 0 1 -1 0 1 -1
30053 0 0 3 -1 9 -1 7 -1
17177 3 -1
8607 0 -1 5 -1 0 -1
15776 0 0 6 6 7 -1
12932 1 6 11 -1 2 11 -1 1 -1
29051 1 -1 3 5 9 13 -1
19545 0 -1 1 10 10 11 16 -1 1 -1 0 10 -1 10 -1 0 -1
25799 9 11 -1
3356 4 14 -1 4 6 14 -1
14426 3 -1 3 6 -1 7 -1 8 -1
31692 0 8 -1 12 13 -1 13 -1 12 -1
11327 0 -1 10 -1 0 1 4 11 -1 1 -1 0 -1 0 4 11 -1
24540 6 -1 3 6 -1
14847 0 5 -1 5 5 6 6 -1
20165 3 6 -1 4 -1
30379 7 -1
8670 0 6 -1
2412 0 0 8 -1 0 5 8 -1
31539 0 -1
25244 5 -1 1 5 11 -1 1 3 5 6 11 -1
2352 0 -1 3 -1 1 3 3 6 -1
13907 0 3 -1 6 -1 3 10 -1 0 -1 3 -1 3 3 6 6 6 -1 3 -1 3 6 6 -1
10324 13 14 -1 13 14 -1 14 -1
9665 13 -1 0 -1 2 9 13 -1 10 -1
14516 3 6 -1 0 -1 6 -1 0 -1 6 -1 0 -1 0 6 -1 0 6 -1 0 0 5 6 -1
10093 0 0 10 -1
15076 6 -1 5 -1 6 -1
11720 0 11 -1 0 1 -1
13299 0 2 5 5 15 -1
1813 0 11 -1
27149 1 -1
3971 14 -1
23040 0 -1 0 11 -1 13 -1 0 -1 13 -1 0 0 13 -1 9 13 -1 0 5 -1 6 -1 5 -1
4578 0 -1 0 13 -1 6 -1 0 -1
12777 0 1 5 -1 5 6 -1 6 -1
19787 0 -1 0 0 1 3 -1 1 -1 0 -1 0 2 -1
30732 11 -1 1 2 -1 10 12 -1 12 13 -1
27668 0 10 -1 0 0 2 -1 0 1 -1 1 5 -1
24109 0 -1
10937 0 -1 0 2 -1 0 2 2 -1 9 -1 0 2 5 -1 2 -1 0 -1
23571 10 -1
3909 5 -1 1 -1 1 14 -1 7 -1 4 5 -1 0 1 -1 9 -1 10 -1 2 6 -1 1 13 -1 11 -1 1 -1 14 -1 0 7 -1
28015 3 8 -1 8 -1 0 3 6 6 -1 6 -1 0 3 3 6 -1
19265 9 -1 1 -1 1 5 11 -1
565 0 2 13 -1 0 -1 0 0 0 3 9 11 -1 0 10 13 -1 0 1 -1 0 -1
23720 6 10 -1 0 6 -1 7 -1
25846 3 6 6 -1
21117 0 2 -1
14048 3 6 -1 3 6 -1 6 -1 3 3 6 -1 6 -1
10137 8 -1 2 8 -1 11 -1 8 -1 0 -1 13 -1
17884 0 -1
30645 0 -1
27204 0 11 -1 0 10 -1 0 0 10 -1
24734 2 5 11 11 13 -1
280 5 -1 0 -1 1 10 -1
26371 6 -1 0 6 -1 0 -1 6 -1 0 5 -1 0 3 5 -1
27547 0 3 -1 0 10 -1 0 2 3 -1
22003 3 6 -1
5183 2 5 11 -1 11 14 -1
26291 0 6 -1 0 -1 0 0 6 6 -1 6 -1
29562 3 3 6 -1
8436 0 -1
29445 1 1 7 -1 0 1 8 -1
18109 0 11 11 -1 0 -1
28727 0 1 -1 0 0 1 11 -1 0 -1 0 0 11 11 11 -1 0 -1 0 13 -1 0 2 2 -1
22568 0 2 14 -1
24595 1 -1 0 9 13 -1 0 0 3 -1
27837 3 -1
11157 4 -1 3 -1
13900 7 -1 12 -1
14569 0 13 -1 0 -1 1 -1 0 -1
23545 11 13 -1 5 8 12 -1 0 -1 4 -1 13 -1
20784 9 -1 5 -1
11488 0 7 -1
21198 11 13 -1 2 9 -1 10 -1 5 -1 4 7 -1 1 -1
23524 8 -1
18251 5 -1
253 0 -1 13 -1 3 -1 0 6 8 -1 3 -1
27014 1 5 5 6 -1 5 6 -1
22478 5 -1
12072 0 -1
8987 11 -1 13 -1 3 6 11 -1 6 -1
29113 0 0 5 -1 11 -1
12207 6 14 -1
9880 3 6 -1 1 -1 3 -1 3 5 -1 3 6 -1 6 -1 3 3 6 -1 3 6 6 -1
28616 8 -1 11 -1
23065 0 -1 10 -1 0 -1 16 -1 0 2 -1 0 -1 0 1 5 -1 0 3 -1
22902 3 -1 5 -1
13565 8 -1 0 3 6 -1
20637 1 13 -1 0 -1 14 -1
4943 1 5 -1
31697 0 1 3 -1 13 -1
19017 11 13 -1
6215 5 6 -1 1 2 6 -1
26197 0 2 7 7 11 -1 0 9 -1
16343 8 -1 12 -1 8 12 13 -1 1 3 6 8 -1
20495 5 6 -1
2576 0 -1 2 16 -1 10 -1 11 -1 2 -1 1 3 6 -1 6 -1 3 3 6 -1 3 6 6 -1 3 -1 6 -1
21179 6 7 -1 3 6 -1 3 3 6 -1 6 -1 1 -1 6 -1 3 -1
30394 0 -1 5 -1
29314 0 -1 0 0 2 2 -1 9 14 -1
18297 0 0 1 5 6 8 11 -1
7892 12 -1
23885 3 6 -1
2256 3 7 7 12 -1
191 0 1 -1 9 -1 2 -1 10 -1 0 -1 10 -1 0 -1 7 -1
16147 13 -1
16763 4 7 -1 1 4 14 -1 0 1 5 -1 15 -1 5 -1
15883 2 5 5 6 6 9 -1
4874 0 11 -1
5100 0 3 -1 0 -1
10603 6 12 -1
23460 0 -1 0 1 9 -1 0 0 0 1 1 1 -1 0 0 1 1 2 2 -1
19437 6 -1
28470 0 5 6 -1 0 1 11 14 -1 7 -1 0 5 -1 15 -1 1 -1
25069 0 -1 2 10 -1 11 -1
25385 0 1 10 -1 0 -1 1 -1 0 -1 14 -1
16900 5 -1 5 14 -1 6 -1 5 -1 6 -1
25242 0 1 -1
11365 0 2 -1 2 -1 0 2 -1
29903 0 0 3 11 13 -1 0 -1 13 -1
153 0 -1 0 11 -1 6 -1 0 11 -1 0 11 -1 0 1 -1
19928 0 -1
18124 0 -1 0 11 11 -1 0 0 6 6 -1
16243 0 0 1 13 -1
6825 0 4 8 -1 5 -1 0 8 -1 4 -1 1 -1 4 -1
8441 7 -1
20370 1 3 -1
2152 0 -1 0 2 -1 1 -1
19011 0 9 -1 1 3 4 5 9 -1 14 -1 5 -1 6 14 -1
12845 11 -1 8 9 -1
328 13 -1 0 -1 13 -1 0 -1
16219 15 -1
14350 0 -1 5 -1 1 -1 0 1 1 5 9 11 16 -1 1 13 14 -1 2 -1 1 -1 10 -1 0 2 10 13 -1 9 -1 2 10 -1 4 5 -1 6 -1 1 7 -1
27258 1 3 3 -1 1 -1 3 13 14 -1 14 -1 3 -1
19185 6 -1
7734 1 -1 0 -1
17367 2 2 2 11 11 11 -1 5 -1 2 -1 11 -1 2 -1
19263 0 -1 0 0 1 10 -1 1 -1
5137 0 -1 4 -1 0 4 -1 0 -1 4 -1 0 -1 4 -1
21143 6 -1
23038 0 2 9 -1
24893 0 1 11 -1
6910 0 -1 0 0 11 11 -1 0 3 -1 11 -1 0 -1 11 -1 13 -1
15507 0 0 11 14 -1
13237 2 -1 3 -1
16189 0 13 -1 0 1 13 -1 0 -1 1 -1 0 13 -1
12714 0 -1 0 7 9 -1 1 -1 4 -1 0 0 0 9 13 -1 9 14 -1 9 14 -1 9 -1 0 -1 0 0 10 15 15 -1
29515 0 1 3 6 7 7 -1 3 -1 0 1 -1 7 -1
11111 0 -1 0 1 10 11 -1 0 10 -1
30520 0 1 4 -1 0 -1 0 0 1 2 -1 0 1 10 -1 0 0 1 -1 4 -1 0 -1
10866 5 -1
1119 1 13 -1 0 -1 11 -1 0 -1 11 -1
18653 0 3 -1 0 5 -1 0 5 5 13 -1 0 3 -1
5736 0 0 0 2 3 3 10 11 14 -1 2 2 3 3 5 -1 9 -1
2467 10 -1
2432 0 14 16 -1 9 13 -1 0 0 13 13 -1
5058 11 -1 0 5 -1 0 3 4 13 -1 1 -1
18757 5 6 8 12 13 -1 0 13 -1 2 8 -1 8 -1 12 -1 13 -1 1 2 -1
14377 0 1 -1 9 -1 0 10 -1 0 -1
12944 6 8 -1 8 -1
5551 0 -1
23721 0 8 -1
7566 0 13 -1 0 0 13 -1 0 10 13 -1 0 -1 0 11 -1 11 -1 0 -1 0 0 11 11 13 13 -1 1 -1 0 -1 0 13 13 -1 0 -1 0 1 11 -1
28138 0 5 -1 5 9 -1 0 5 9 -1 0 0 1 11 -1 5 -1
2919 0 0 1 4 11 11 -1
26200 0 -1 0 1 4 -1 1 14 -1
9588 0 0 13 16 -1 13 -1 0 5 -1
327 0 -1
20701 0 5 8 12 -1 9 11 -1 1 1 2 9 9 9 -1
13122 0 -1
4603 0 10 -1 0 2 -1 1 -1 2 4 -1
22578 0 -1 1 9 9 -1
9229 0 1 -1 6 -1 0 -1 0 6 6 -1 0 1 -1 0 6 -1 13 -1
26215 1 1 3 5 6 7 8 9 -1 1 6 -1 9 -1 4 -1 3 7 9 -1
11096 0 0 1 10 -1 1 4 -1 1 -1 6 -1
15335 3 6 8 -1 8 -1 3 6 -1 3 3 5 8 9 -1
208 10 11 16 -1
2474 3 13 -1 0 12 -1
7697 0 16 -1 0 -1 0 1 -1 13 -1 0 0 3 10 -1
31159 0 -1
19531 9 -1 0 13 -1 0 -1
24944 0 -1
12205 0 9 -1 0 3 -1
26751 0 -1
18994 9 -1 0 1 -1 0 0 0 2 3 -1
14739 6 -1 0 0 6 6 -1 0 -1 6 -1 0 1 -1 0 -1
23765 5 -1 6 9 -1 6 -1 9 -1 5 -1
1769 1 -1
322 9 -1
841 0 11 -1 1 -1 0 3 9 -1 9 -1
3202 0 13 -1
1865 0 -1 1 -1 3 14 -1
4528 2 5 -1 3 8 -1 3 13 -1 3 3 5 9 -1 2 3 -1 2 3 3 3 10 16 -1 3 16 -1 3 10 -1
20071 0 -1 1 -1 0 3 13 -1
6247 0 1 10 -1 0 2 -1 0 -1 0 1 2 -1 0 -1
20050 11 -1 1 2 5 9 11 -1
27437 2 -1 0 -1 16 -1 0 11 -1
2519 0 0 5 6 -1 0 5 6 -1
18511 0 4 -1
16598 0 -1
18248 11 -1 0 -1 0 1 -1 1 -1 0 1 -1 0 1 -1 0 1 -1 0 11 -1 0 0 11 11 -1 0 1 11 -1 11 -1 0 1 11 -1 0 11 -1 1 -1 0 1 -1 0 11 -1 0 -1 0 11 -1 1 -1 0 -1 1 -1 0 0 1 -1 0 0 1 1 4 -1 1 -1 0 11 -1 11 -1 1 -1 0 11 -1 0 0 0 1 1 11 -1 11 -1
19215 6 -1 5 6 -1
24456 0 3 -1 1 -1 0 6 -1
19246 12 -1
23214 1 11 11 -1 1 1 2 2 -1 2 -1
28884 0 -1 0 0 0 4 4 4 -1
20012 8 -1 1 -1 3 -1
5526 1 5 6 7 -1 1 -1 3 -1
25537 0 1 -1 10 -1 1 -1 2 11 -1
14281 0 -1 1 3 -1 0 1 -1 1 -1 0 11 -1 0 0 9 11 -1
24235 0 0 9 -1 0 5 -1
20010 0 -1 0 13 -1 0 0 1 9 -1 0 0 1 1 -1
15231 8 8 11 -1 3 8 -1 3 8 -1 7 -1 5 -1 8 12 -1 6 8 11 -1
25148 0 0 3 5 -1
29413 6 -1 3 3 6 6 -1
11957 5 -1 0 -1 3 -1 0 0 0 2 3 11 -1
18686 1 -1 0 -1 5 -1 0 -1 10 -1 0 5 -1 0 0 5 -1
20208 10 -1
4276 0 5 -1 0 5 -1
5092 2 -1 0 2 -1 0 -1
23708 0 7 -1 0 -1 0 0 1 7 -1 6 -1 0 -1 6 -1 0 0 6 -1 1 -1
16431 0 1 -1 0 0 1 -1 0 1 -1 0 13 -1 11 -1 0 -1
22931 0 2 14 -1 0 2 14 14 -1 5 14 -1 0 -1
13227 3 5 6 -1
1258 3 6 -1 3 -1 3 6 -1
12018 2 -1 0 -1 0 2 3 -1 0 -1
13929 0 1 -1 1 3 5 -1 1 -1 9 9 11 -1 10 -1
27596 5 -1
30358 0 -1 4 5 9 14 14 -1 0 -1 0 4 -1
9117 7 -1 0 0 7 -1 0 7 7 -1 0 0 0 7 7 -1
16486 0 3 -1 0 -1
4796 0 3 -1 0 1 -1 3 -1 0 2 -1
24769 1 2 5 5 5 9 -1
15312 5 14 -1 6 -1 5 -1
24213 0 -1 0 1 13 -1 0 -1 0 2 -1 0 0 2 3 -1 4 -1
27167 0 1 -1 0 6 -1 6 -1 0 1 6 -1 0 -1 0 6 -1 11 -1 0 1 6 -1 0 2 -1
26687 0 -1 0 11 -1
7644 0 -1
3706 0 -1
19527 13 -1
2632 0 5 6 -1
4588 8 -1 3 3 8 8 -1 0 -1 10 -1 14 -1 3 8 -1 8 -1 6 -1 0 -1 3 -1 6 8 10 -1 0 8 10 -1 0 3 -1 14 -1
9556 0 2 -1
22690 0 3 -1 14 -1 2 14 -1
17347 1 4 -1
29394 0 -1 3 -1 6 -1 3 6 -1
10951 0 1 13 -1 0 1 2 -1 0 -1 0 1 1 13 -1 11 -1 6 -1 13 -1
10721 1 1 9 10 -1 3 4 5 10 10 10 -1
2506 0 0 0 0 5 11 11 11 -1
17089 1 9 -1 0 3 13 -1 0 -1 3 9 13 -1 0 -1 3 13 -1 0 0 3 11 13 -1 3 -1
8151 0 -1 13 -1 0 11 -1
13436 0 -1 5 -1
21163 0 11 -1 0 -1
5176 1 2 -1 14 -1 0 -1 1 -1 2 4 5 7 -1
1655 0 6 -1
19585 0 -1 0 11 -1 0 5 6 10 -1 5 6 -1 5 -1 0 -1
4010 0 -1
18529 0 -1 13 -1 0 13 -1 0 -1 0 13 13 -1 0 -1 13 -1
9632 8 -1 7 -1 0 -1 7 8 -1 7 -1 0 -1
2109 0 0 0 0 4 4 4 -1 0 4 -1
12584 0 0 11 -1
6861 1 -1
16400 0 1 -1 3 -1
24616 0 5 8 -1
21345 0 -1 0 0 1 2 13 -1 0 0 11 -1
17120 1 9 -1 3 6 -1 6 -1 3 -1 3 6 -1 0 13 -1 6 -1
21721 0 0 16 -1 1 -1
17695 0 -1 9 -1 1 -1
19461 0 1 11 11 -1
29010 0 1 1 2 7 -1
5706 0 3 -1 3 6 -1 1 1 14 -1 13 -1 1 1 14 -1 10 -1
24881 3 6 -1
25476 1 -1 0 1 -1 0 -1
14343 0 10 -1 1 4 -1 3 -1 1 -1 2 5 -1 3 9 10 -1 11 -1 1 -1 3 -1 1 -1 0 0 0 1 1 8 -1 1 -1 1 3 -1
13123 5 -1 1 3 -1
5508 2 -1 1 -1 2 5 -1 1 -1 6 -1 1 2 -1
294 7 -1 0 -1 1 -1 0 1 -1 0 0 1 1 -1 0 0 5 -1 7 -1 0 -1 0 7 -1
19846 4 -1 3 -1
14904 0 -1 1 -1 16 -1 0 -1 0 1 -1 1 -1 0 1 5 16 -1 0 -1
23478 0 8 11 -1 0 8 -1 11 -1
23874 6 -1 4 5 14 -1 5 14 -1 9 -1
14381 0 1 12 -1
2370 0 9 -1 0 13 -1 0 -1
16697 11 -1 10 -1
30559 10 -1 0 13 -1 0 11 -1 0 13 -1 0 -1
25268 1 -1 5 -1 0 0 1 6 -1 6 -1
8507 0 10 -1 0 5 7 10 10 -1 5 -1 1 5 -1
22573 5 8 -1 1 -1
23624 0 16 -1 0 -1 0 2 -1 11 -1
21241 0 12 -1 0 12 -1 0 12 -1 12 -1 0 0 0 12 13 -1
22499 0 -1 0 9 -1
20100 0 -1 0 0 1 1 1 -1 0 -1 1 -1 0 2 -1
28586 0 1 -1 9 -1 11 -1 0 0 1 2 11 -1
31230 0 1 -1
21510 1 -1 7 -1
10471 0 -1
27027 9 11 -1 2 -1 11 -1
165 1 -1
6753 0 2 -1 1 11 -1 0 -1
2313 0 9 -1 13 -1
3464 5 9 -1 0 0 5 5 5 9 15 15 -1
19553 0 -1 2 -1 0 16 -1 0 -1 3 -1
31536 3 10 -1 0 0 9 -1 1 -1 0 0 1 -1 0 3 5 -1 0 -1
14831 0 -1 5 -1 3 3 5 6 6 14 -1 1 -1 5 -1
2061 0 5 5 9 -1
12487 5 -1
9041 0 5 -1 1 -1 0 -1 3 -1
7161 0 10 -1 0 -1 0 13 -1 13 -1 0 -1 3 -1 0 -1
15834 0 -1 5 -1
5555 8 -1
18934 1 -1 3 -1 1 -1 0 -1
9970 7 -1 3 5 10 -1 9 -1 4 -1 2 -1
5127 0 1 -1 7 -1 0 7 -1 0 -1 0 7 -1
8023 0 5 -1
12005 7 -1 7 12 13 -1 12 13 -1 7 12 13 -1
3095 10 -1
26114 1 3 -1
22071 3 -1 9 -1 2 10 -1 5 -1 4 -1 7 -1 1 -1 1 14 -1 11 -1 13 -1 2 -1 10 -1 9 -1 4 5 -1 7 -1 4 -1
3839 1 2 9 10 11 -1 1 -1 11 -1 2 -1 16 -1
16260 6 -1 0 -1 6 -1 3 6 -1
16195 0 -1 10 -1 0 -1 0 1 10 -1 0 -1 11 -1 0 11 -1
21105 8 -1 1 7 -1 7 -1 8 -1 0 5 7 -1 7 -1
13840 1 -1
20700 0 -1
10655 1 7 7 -1 11 -1
15731 0 5 11 -1
29785 0 3 3 6 -1 0 -1 1 -1 0 -1
13882 0 -1 0 5 -1
14015 0 10 -1 0 1 2 10 -1 0 -1 0 1 11 -1 0 3 5 -1 11 -1
2863 0 4 -1 1 4 -1 0 1 -1 0 -1
28374 0 -1
27713 0 -1 2 5 -1
517 8 -1 3 -1 3 8 11 -1 3 8 12 13 -1
20475 1 -1 0 0 0 0 1 2 2 -1 0 1 10 -1
2367 6 -1 3 -1 0 -1
15260 1 1 5 10 -1 0 1 -1
29740 0 11 -1 0 -1 10 -1 0 13 -1 0 -1
17684 0 0 6 -1
18652 0 6 6 13 13 -1 6 13 13 -1 0 -1 0 1 -1
3714 0 -1
25435 3 6 10 13 -1
18398 0 6 -1 0 -1 5 -1
28444 0 -1 2 5 -1 1 -1 0 9 -1 0 -1 1 2 2 -1 11 -1
3650 13 -1 12 -1 13 -1 12 -1 13 -1 12 -1
18676 3 -1 0 9 -1 5 9 -1
24676 0 0 13 -1 0 10 -1 1 -1 0 11 -1 13 -1 11 -1 0 0 11 -1
6844 0 1 2 -1 0 0 1 -1
21018 13 -1 1 -1
17857 0 10 -1 0 1 -1 0 1 -1 0 -1 1 -1 0 0 0 1 2 2 -1 7 -1 0 -1 11 -1 0 5 -1
935 0 -1 13 -1 0 0 3 -1 13 -1 0 0 1 13 -1 0 -1
12019 10 -1 0 -1
503 0 -1 1 -1 0 1 -1 0 -1
2861 0 -1
12243 2 -1
27263 14 -1
25604 0 9 -1 0 -1 10 -1 0 -1
25952 0 0 0 3 11 -1
8739 0 -1 3 13 -1 0 3 13 -1 14 -1 13 -1
21815 0 10 11 -1 0 -1
19588 0 2 13 -1
5752 1 -1 0 0 11 11 -1
9796 7 -1
30493 5 10 14 -1
26633 0 0 13 13 -1
10394 1 11 -1 1 3 6 14 -1 3 3 6 -1 3 6 -1 3 6 -1 3 6 -1
24499 0 -1
24222 0 -1
11637 0 8 -1 1 8 -1 8 -1 0 -1
2906 0 1 -1 0 11 -1 11 -1 2 -1 11 -1 7 -1 5 10 -1 5 6 -1
803 0 -1 6 -1 0 0 6 6 -1 0 0 8 8 -1 3 6 8 -1 0 3 6 -1 1 -1
31488 12 -1
6281 7 -1 1 3 -1 3 6 -1 3 6 6 -1 3 -1 12 -1
6742 0 3 -1 3 6 9 -1
3002 3 -1
25427 11 -1
19655 0 -1 2 -1 0 -1 2 -1 0 2 -1 0 0 1 -1
28182 1 13 13 -1
22753 13 -1 3 6 -1
15093 0 6 -1 1 -1 0 -1 3 3 6 6 6 14 -1
22763 0 6 -1 0 6 -1 3 -1 1 4 6 -1
24834 3 3 5 6 -1 3 6 -1
20929 4 -1
8610 0 0 4 -1
16369 0 0 11 13 -1 1 -1
16554 0 11 -1 1 -1 0 6 -1
27110 5 14 -1 9 -1
3170 0 -1 3 5 -1 0 0 1 1 -1 0 3 -1
11965 5 -1
9359 3 3 5 -1
12757 0 0 0 0 1 3 3 -1 11 -1
30969 0 -1 3 -1 6 -1 3 3 6 -1
3936 7 -1 0 -1 0 7 -1
29942 0 -1 0 1 -1 0 10 -1 0 13 -1 3 -1 0 -1 0 1 11 -1 3 -1 0 -1 5 -1
27802 1 -1 0 -1 3 -1 0 1 3 6 -1 3 -1 1 5 10 -1
3496 0 0 2 10 -1
1904 0 -1 13 -1 0 1 -1 0 10 13 -1 0 0 1 13 13 -1 13 -1
3251 5 -1 4 -1
24004 0 0 0 1 1 3 10 -1 1 -1
9146 4 8 8 -1
5835 0 11 -1 0 -1
30800 5 5 5 6 6 -1 0 1 3 -1 14 -1 5 -1
17880 7 -1 8 -1 6 -1 8 8 12 12 -1 2 7 -1 13 -1 3 7 -1 8 -1 12 -1 7 -1
27905 1 3 -1
4751 0 1 3 5 -1
13541 0 -1
13276 1 -1
12636 5 -1
25230 0 -1
23671 0 0 16 -1 0 16 -1
11287 1 6 13 -1
31513 0 10 -1 0 16 -1 0 9 -1 0 4 -1 0 -1
28120 11 -1 0 11 -1
28101 5 -1 0 -1 3 6 -1 0 -1 10 -1 0 -1
7714 0 6 -1 0 -1 1 -1 0 -1 6 -1 0 -1
26536 0 11 -1
5795 0 1 3 6 13 -1
29054 1 1 14 -1 0 2 11 14 -1 2 13 13 -1 11 -1 13 -1 2 5 -1
11878 0 6 -1 0 6 -1 0 -1 6 -1
10715 13 -1 6 -1 13 -1
3825 1 -1 11 -1 0 -1 0 11 -1 11 -1 0 -1
22400 0 -1 3 6 -1
12097 0 0 5 5 -1 1 -1 0 1 -1
22116 0 0 3 -1 16 -1 0 13 14 -1
8105 1 -1
1983 11 -1
5834 3 -1 3 13 13 -1 0 0 3 -1 0 3 -1
4489 0 3 -1 0 5 -1 10 -1
3009 0 8 -1
1836 0 0 1 1 -1
26799 0 0 6 6 7 13 -1
17073 0 1 -1 9 9 10 11 11 14 -1 10 11 -1 0 -1 0 14 -1
2146 0 -1 1 -1
7459 0 5 14 -1
16402 1 14 -1
13464 0 13 -1 0 0 1 2 -1 0 -1 0 9 -1 0 1 -1
3820 0 10 -1 0 -1 0 3 -1
12566 2 -1 2 14 -1 14 -1 1 1 2 3 14 -1 1 3 -1
25795 1 1 3 7 7 -1 3 6 -1 5 -1
16498 1 -1 3 -1 5 -1 3 6 -1
9850 0 -1 5 7 -1 0 0 6 -1 0 0 5 5 6 -1
4132 0 0 0 6 6 -1
22285 0 1 -1 0 13 -1
30320 10 -1 0 -1 0 10 14 -1 0 1 13 14 -1
24478 1 -1
4899 0 0 3 6 6 -1 1 3 -1 10 -1 16 -1
25416 0 0 1 5 8 8 -1 1 6 -1
11241 0 -1 14 -1 10 -1 1 2 3 4 11 -1 11 -1 6 6 11 -1 1 2 3 3 -1 0 1 13 -1
24248 0 -1 0 0 0 0 0 6 6 6 6 6 6 11 -1
25926 0 1 1 2 2 -1
23860 6 -1 0 -1 1 -1 0 -1
19352 0 -1 10 -1 0 5 11 -1 0 0 11 11 11 -1 0 11 -1
28966 5 10 -1
4206 1 -1 1 9 -1 3 6 -1 0 -1 1 -1 0 14 -1 0 5 -1 0 -1
12627 3 -1 0 0 6 10 -1 0 1 -1
8040 3 8 -1 13 -1
27095 0 -1
14955 0 3 5 6 -1 3 5 6 -1 1 -1 1 5 -1
22239 6 -1 3 -1
19540 8 11 -1
5602 5 6 7 -1 5 -1 6 -1 5 6 -1 5 -1 7 -1
29320 8 -1 1 5 -1 0 -1 1 6 -1 3 6 -1
11417 0 2 -1 0 -1
18707 0 13 -1 0 2 6 7 -1 3 -1 11 13 -1
10590 3 -1
16356 8 -1 0 -1
11789 6 13 -1 13 -1 0 6 -1 1 5 6 13 -1
26400 0 -1 16 -1 0 -1 3 -1 6 -1 0 -1
18195 0 0 1 1 -1
14667 1 4 9 -1
25886 0 5 9 -1
5357 10 11 -1
20876 3 -1
16502 0 -1 5 -1 9 -1 1 -1 3 -1 1 -1 5 6 -1 1 9 -1 0 -1 5 -1
1057 0 -1 0 0 5 10 -1 0 4 -1
806 0 1 -1 0 10 -1 0 -1 0 9 -1 0 11 16 -1 0 10 -1 0 1 -1 0 -1 1 -1 0 -1 0 13 -1
20800 0 2 3 5 -1 11 -1 0 1 5 -1
26072 0 1 9 -1 3 -1
24036 14 -1 5 -1 3 5 6 6 6 -1
2335 0 6 -1 3 6 -1
26830 13 -1 0 -1
14511 8 -1 0 -1 8 -1 0 0 7 -1 0 0 7 7 -1 7 -1 0 0 7 7 -1 0 7 -1 0 1 -1 0 0 0 1 1 1 -1 1 -1 0 0 9 13 -1 0 -1 13 -1 0 0 13 -1 8 9 13 -1
22524 0 -1 1 -1 0 1 -1 0 0 1 1 -1 0 0 1 1 -1 0 1 -1
12713 0 0 1 10 -1
15544 1 9 -1
5990 6 -1
21479 4 -1
10741 10 14 -1
4328 0 -1
6550 1 -1
16867 0 1 3 -1 1 -1 6 -1 3 -1 6 -1
23001 0 -1 11 -1 0 0 3 -1
4097 5 6 14 -1 6 10 13 -1 11 -1 1 -1 3 -1 1 -1 6 -1
25731 0 5 -1 1 -1 5 -1 0 5 -1 0 -1
13474 1 11 -1 0 11 -1 0 -1
6245 0 -1 9 14 -1 0 9 -1 11 -1 1 11 -1 0 11 -1 6 -1
4420 1 4 4 4 16 16 -1
30801 2 -1 4 10 13 -1 1 1 3 5 7 10 13 -1
24263 0 -1 0 6 -1 1 -1 11 -1 6 -1
31295 5 -1 1 -1 5 -1 0 -1 0 11 -1 1 4 -1 0 1 1 3 -1
5432 0 10 -1 0 0 1 1 -1 0 2 -1 0 -1 5 -1 6 -1 0 -1 5 -1 0 -1
27642 13 -1 12 -1 13 -1
2158 0 1 13 13 -1
25610 0 1 -1 0 13 -1 10 -1 6 14 -1 5 6 14 -1 5 -1 0 4 14 -1 0 1 1 -1
25783 5 7 -1 2 -1 8 -1 7 -1
7385 0 10 -1 0 -1 10 -1 0 -1 0 6 10 -1 0 3 -1 0 -1 6 -1 0 -1 11 -1
2213 0 -1
22077 3 -1
7857 0 0 11 -1 1 -1
22384 0 0 0 6 6 -1 0 6 11 -1 0 6 -1
6687 12 -1 6 -1 6 12 12 -1 12 13 -1
6510 10 -1 5 -1 4 -1 7 -1 0 11 -1 1 -1 2 -1 1 -1
27974 11 -1
14617 0 -1 11 -1 0 1 -1 6 -1 0 -1
15154 5 -1 14 -1 9 -1 5 6 14 -1 6 -1 5 -1
12801 5 6 10 16 -1
25172 3 -1 3 6 6 -1 3 6 -1
20357 3 -1 3 6 -1 6 -1 3 -1 6 -1 3 -1 6 -1 3 6 -1 3 -1
8623 3 7 -1
29235 0 -1 0 0 10 11 -1
21581 1 13 -1
5196 0 0 11 11 11 -1 0 -1 0 11 -1
3742 5 -1 1 -1 3 6 6 -1 3 -1 6 -1 3 -1
13557 13 -1
20385 0 -1
2431 0 5 -1 0 0 0 5 5 -1
16253 0 -1 10 -1 1 -1 6 9 -1 3 3 6 -1
23958 1 5 5 9 -1
25818 1 5 9 9 -1 5 -1 1 -1 1 3 5 9 -1
23791 0 -1
29996 0 0 0 1 1 2 -1 2 -1
13975 0 0 1 16 -1 16 -1 0 1 3 10 -1 3 -1
30195 1 1 3 7 -1 3 -1 1 -1
8598 0 -1 0 2 -1 0 2 2 -1
18639 0 -1 13 -1 0 -1 11 -1 1 11 -1 2 -1 13 -1
5695 0 10 -1 13 -1
15785 8 8 11 -1
17808 0 10 -1
6790 13 -1
915 1 -1
7135 0 -1
22789 0 13 -1
12090 3 13 -1 0 6 13 -1 1 6 -1
5971 11 -1 0 -1 2 -1 16 -1 9 -1 0 1 -1 1 -1 0 -1 0 1 -1 11 -1 0 -1 11 -1
10382 1 -1
17201 0 4 -1
9178 0 6 -1 0 -1
5938 3 11 -1 3 6 6 -1
3367 0 -1 9 -1 0 0 1 -1 11 -1 0 9 -1 0 11 -1
20070 0 1 -1 1 3 5 -1 0 13 -1 1 -1 13 -1
22546 5 11 -1 8 8 9 -1 7 -1 1 7 -1 3 -1
1190 0 11 -1 0 5 -1 0 13 -1 0 1 -1 3 -1 0 1 13 -1
17616 0 3 -1 3 6 -1
26554 0 -1 1 -1 13 -1 1 -1 5 -1
9586 0 -1
16214 3 -1 0 -1
8403 1 11 13 -1
4473 0 13 -1 0 -1
27076 0 -1 0 10 -1
18891 0 2 -1 0 13 -1 0 -1 13 -1 0 11 -1 0 -1 0 11 -1 0 11 -1 13 -1 0 0 11 -1 0 13 -1 2 -1 0 5 -1 6 13 -1
24029 0 11 -1
19677 0 -1 1 -1 13 -1 9 -1 2 -1 16 -1 2 -1
17959 2 13 -1
489 5 -1 3 -1 5 -1
25809 0 -1 0 1 11 -1 0 11 -1 0 0 1 -1
16185 0 10 -1 0 -1 6 -1
24332 2 -1
2780 12 -1 6 6 6 12 12 12 13 13 -1
313 0 -1
29845 2 -1 14 -1 9 10 -1
7230 0 -1 9 -1 0 -1 1 -1
8944 5 -1 0 1 5 -1
3829 0 6 -1
8850 0 -1 0 6 6 10 10 13 -1 0 -1 6 -1
23004 3 -1
8245 0 -1 9 9 14 -1
25983 0 6 -1 0 3 13 -1 0 3 16 -1 0 -1 4 -1
7819 0 -1
29256 1 -1
5208 0 6 9 -1 0 5 -1
9152 0 3 -1 0 1 -1 0 0 3 -1 5 -1 0 -1 3 -1 0 -1 0 11 -1
26245 0 -1 2 5 -1 3 6 -1
19673 0 1 -1 0 -1 0 13 -1 0 1 -1 1 -1 0 3 -1
21912 3 -1 10 -1
7613 5 7 -1 5 5 7 11 -1 7 -1 5 7 -1
23381 0 -1 1 -1 0 -1 0 1 11 -1 13 -1 0 -1 1 -1
12009 0 3 -1
30971 0 3 -1 10 -1 0 -1 3 3 11 -1
23130 0 -1 0 0 3 3 6 -1
23445 0 3 6 -1 3 -1 6 8 -1 0 -1 6 -1 3 -1
1235 3 3 6 6 -1
9379 0 -1 1 2 10 -1 5 10 -1 4 -1 0 0 1 11 11 13 13 -1
20518 0 -1 6 -1 0 6 -1 0 0 6 -1
26271 0 1 -1 0 1 6 -1
22929 0 0 1 -1
19073 7 -1 1 -1 10 -1 16 -1
30990 5 -1 6 -1
2295 12 -1 8 -1 0 16 -1 0 0 3 7 9 16 -1 7 -1
15370 4 -1 14 -1 2 -1
14601 6 -1 0 16 -1 6 -1
13448 0 1 1 -1
8834 3 8 -1 6 -1 3 -1
26520 0 -1
30068 0 1 -1
1606 11 -1 0 -1 10 -1
26238 5 14 -1 4 5 6 14 -1 5 6 -1
15951 3 3 6 6 -1
22107 11 -1 0 -1 1 -1 0 11 -1 0 11 -1 1 -1 11 -1
21200 0 2 13 -1
26319 1 -1 0 1 -1 0 -1 2 -1 0 -1
6746 1 2 3 9 -1
3606 5 6 -1
11826 16 -1 0 0 1 -1
21180 8 -1 0 6 -1
18314 8 -1 5 -1
17932 2 -1 1 -1 3 -1 3 6 -1 6 -1 3 3 6 -1 8 -1 0 -1 5 -1 6 -1 3 9 10 11 -1
19886 3 -1
19271 0 0 1 1 2 4 -1
24484 6 8 8 -1 0 -1 0 1 -1
7200 0 1 -1 1 5 -1 1 1 1 3 6 9 -1
3349 6 -1 3 -1 0 -1
8155 0 1 -1 0 1 -1 0 -1 0 13 -1 10 -1 0 -1 0 1 -1 1 -1 0 1 -1
10258 5 -1
29330 3 -1 3 8 -1 6 -1 8 -1 1 1 7 7 7 -1
27889 0 0 6 9 16 -1 2 -1 4 11 -1
25684 13 -1 0 0 5 13 -1 1 2 -1
27453 0 -1 5 -1 0 2 -1 0 -1
23288 6 -1 5 -1
6864 13 -1
478 0 -1 16 -1
15955 0 1 11 -1 6 11 -1 6 11 -1
3976 1 -1 0 -1 3 -1 0 -1 10 -1
30339 14 -1 2 -1
10978 0 5 -1 0 5 9 -1 0 9 -1
4233 9 -1
2107 0 -1
10593 6 -1 5 8 -1 5 6 -1
6694 5 -1 8 -1
16416 0 11 -1 0 11 -1 0 -1 0 1 3 -1 0 -1
11859 5 -1 0 1 -1 3 5 -1 0 5 -1 6 -1 5 -1 10 -1 1 -1 1 5 -1
25347 0 -1 0 3 3 6 -1 0 -1 3 -1 0 -1
28459 0 0 1 13 -1 0 -1 1 1 16 -1
6918 0 0 1 3 -1 10 -1 0 -1 9 -1 0 0 1 11 -1
11518 12 -1
18962 0 -1 1 -1 1 10 10 -1
19138 0 0 13 -1 13 -1 0 -1
9928 0 1 -1 0 -1 1 1 2 -1 14 -1
3632 1 5 8 -1
24821 0 -1 0 11 -1 0 8 -1 11 -1 0 11 -1 0 11 -1 0 -1 0 0 0 0 10 11 11 11 11 -1 10 13 -1 0 -1 0 11 -1
23920 5 -1 5 13 -1
7094 0 -1 0 16 -1 13 -1 0 1 -1 0 13 -1
7561 1 1 1 11 11 11 -1 1 11 11 -1 13 -1 1 11 -1
21144 3 -1 0 6 -1
27682 11 -1
4424 5 5 6 6 9 -1
16503 0 -1 0 1 -1 0 10 -1 9 -1 0 9 -1
4417 0 13 -1 0 -1 4 10 -1 0 -1 0 13 -1 0 13 -1 1 -1 0 -1 11 -1 0 -1 9 -1 0 -1 0 5 13 -1 0 5 11 -1 0 1 -1 0 -1 3 -1 0 0 16 -1 11 -1
15904 14 -1
26444 9 -1 1 -1 0 -1
28699 8 11 -1
7419 1 7 7 10 -1 3 -1 4 10 10 -1
18324 0 13 -1
16561 1 -1 0 9 -1 0 11 -1 9 -1 11 -1 0 1 -1 0 0 0 1 11 -1
18562 5 14 -1 5 6 -1
5300 0 3 5 10 -1
14115 0 10 -1
11807 0 6 8 -1
22810 10 -1
220 9 -1 0 -1 16 -1 0 11 -1 0 1 -1 0 -1
25112 3 6 -1
870 0 3 -1 0 3 -1
22842 1 -1 0 -1 0 0 1 5 11 -1 0 -1 16 -1
16029 0 -1 11 -1
14825 6 -1 5 5 6 -1 1 -1
26907 3 3 3 6 6 6 -1
14387 14 -1 6 9 14 -1 14 -1 5 -1
23808 0 -1 0 5 -1 0 1 -1
13970 12 -1
4250 8 -1 12 12 13 -1 8 12 -1 8 -1 0 6 -1 0 13 -1 0 -1
31075 0 0 5 5 -1 0 3 3 -1 0 3 -1
3960 4 4 9 -1
25326 0 0 3 6 -1
25841 0 0 1 -1 1 -1 0 0 1 -1 0 1 10 -1 0 -1 2 -1 2 16 -1 1 -1
28935 5 9 9 10 -1
31229 5 6 7 -1
24446 3 -1 7 -1 3 3 6 6 -1 7 -1 6 -1 3 7 -1 6 -1
13482 6 -1
12679 1 -1 0 -1 9 -1 0 10 -1 0 -1
26315 2 -1 0 -1 0 1 -1
22551 0 -1 11 -1 0 1 -1 0 -1 1 -1 0 -1 1 7 -1
2218 3 3 3 6 6 6 -1 1 9 -1
16715 0 -1
28722 0 -1 0 11 -1 0 1 -1 0 11 -1
5126 10 -1 0 9 -1 13 -1 9 -1
9599 7 -1
23555 0 0 13 13 -1 0 -1 0 3 11 -1 0 -1
22905 0 0 6 11 -1
21256 11 -1 14 -1
20688 9 11 -1 0 -1
17218 8 -1 0 6 11 -1 0 0 3 6 6 -1 0 3 -1
25852 0 -1 1 -1 0 -1 9 -1
4531 3 -1
30324 1 -1 1 2 3 -1 1 -1
3083 1 10 11 -1 0 -1 1 10 -1 1 14 -1 14 -1 1 -1 11 -1
3505 0 11 -1 10 -1 0 10 -1 0 2 2 -1 0 -1 3 -1
20927 0 0 0 3 3 -1
28977 5 6 -1
9631 0 -1 0 5 11 -1
21607 3 4 -1
12589 14 -1
25656 1 -1 14 -1
15254 0 -1 1 -1
18477 1 -1
18923 4 -1 4 9 13 -1 0 0 4 4 -1
7498 0 0 11 11 13 -1 0 -1 0 11 13 -1
30488 0 0 1 1 -1 13 -1 0 3 -1 0 -1
13856 5 -1 6 -1 5 -1 6 -1 8 10 -1 5 6 -1 5 -1 2 -1
20168 0 0 1 1 -1 0 0 0 1 1 -1 0 1 -1 0 1 -1 3 -1 0 -1
4184 0 -1 13 -1 0 -1 0 13 -1 0 0 0 5 11 13 -1
4831 13 -1 0 1 1 3 -1 14 -1 5 -1 6 -1 5 -1 4 14 14 -1
18903 5 14 -1
8358 0 1 3 -1 0 -1
26541 0 0 3 13 -1 0 0 3 -1 13 -1 0 0 3 5 -1 0 -1
6489 0 11 -1 0 6 -1 0 -1 2 -1 0 1 -1 0 -1
804 11 -1 0 -1 0 16 -1
18840 8 -1 6 -1
49 13 -1
23281 0 -1
19487 3 -1
4188 3 -1 0 -1
11106 0 -1 13 -1 0 -1 11 -1 0 0 1 -1 13 -1 0 -1
18049 12 13 -1 1 12 13 -1 12 -1
27652 1 -1 0 -1
5271 0 1 3 -1
7040 0 -1 5 6 -1 3 3 6 -1 5 -1 10 -1 5 -1
21254 0 11 -1 2 10 -1 0 -1 6 10 -1 3 -1 0 11 -1
4719 13 -1
1207 8 -1 0 12 13 -1 0 6 6 -1
18663 0 -1
22194 10 13 -1
25204 7 -1 8 -1
29134 0 1 2 -1 0 3 6 -1 6 -1 0 3 3 -1 0 0 3 -1
18961 2 5 14 -1 14 -1 2 -1 1 -1 2 -1 2 14 -1
17411 1 4 -1
21454 0 1 9 9 -1 2 -1 1 -1
17882 9 10 14 14 -1 10 13 -1 10 13 13 -1
1807 1 3 3 6 6 -1
22875 4 14 -1
1381 0 13 13 -1 0 -1
18874 0 -1 1 -1 0 5 -1 0 0 11 -1 0 11 -1 1 -1
23378 1 5 11 -1 13 14 -1
17519 0 1 -1 0 -1 10 -1 16 -1 0 -1
27362 0 5 10 -1
2689 5 5 6 -1 5 6 -1 8 -1
16208 11 -1 0 0 11 11 -1 0 -1 0 11 -1 0 0 10 11 11 -1 0 9 -1
1149 3 13 -1
19094 10 -1
26131 0 6 -1
11422 4 -1
27168 0 1 11 -1 5 -1
25484 8 -1 6 7 -1 3 -1 5 7 7 13 -1
16331 5 11 -1 12 13 -1
10126 5 8 -1
9808 0 0 0 1 2 -1 1 -1 0 -1 11 -1 9 -1
4221 0 6 7 -1 6 13 -1 7 -1 0 6 -1
2701 0 8 -1
14140 10 -1 16 -1 10 -1
10679 12 13 13 -1
27313 0 0 3 -1
14045 8 -1 0 6 11 -1 1 3 -1 10 -1
10205 2 -1 0 0 1 11 14 -1
1230 6 -1 3 -1 6 -1 3 -1 6 -1 3 -1 1 -1
14823 0 -1 0 4 -1 1 5 7 -1 1 -1
26274 0 0 6 -1
9412 0 -1 0 1 -1 0 0 6 6 9 -1
13869 3 3 6 -1
30205 1 6 -1
8210 0 1 -1
18754 1 7 -1 4 -1
11506 0 -1 0 0 1 13 -1 0 3 13 13 -1 0 0 11 13 -1
9576 2 3 6 -1
20659 0 -1 0 10 -1 10 -1 0 -1 0 10 -1
20205 8 -1 12 -1 7 -1 2 -1 13 -1 10 -1 13 15 -1 12 -1
29607 0 0 3 -1
24253 1 5 9 -1 9 10 -1 1 -1 9 -1 1 -1
8803 0 3 -1
11238 10 -1 11 -1 0 0 11 -1
1468 6 -1
14453 3 -1 6 -1 3 -1 6 -1 3 6 -1
7460 0 1 1 -1 0 9 -1 0 -1
22562 0 1 -1
28381 0 -1 0 16 -1 2 -1 0 6 -1 0 0 10 10 -1
26259 0 5 -1
4653 3 -1
10700 0 -1 0 1 7 11 -1 10 -1 0 -1
12224 0 -1 0 8 -1 2 -1 0 2 -1 0 0 7 -1
30278 16 -1 0 1 -1 1 3 -1 5 -1 1 -1
30238 1 -1
12683 6 8 -1 8 -1 0 -1 1 -1 0 0 5 8 -1
9761 1 5 5 -1 0 -1 0 0 1 13 -1 0 1 -1 1 -1
7775 0 -1
11428 0 11 -1 1 -1 0 -1 11 -1 0 -1 0 2 -1
12428 0 0 3 7 -1 0 6 -1
9543 16 -1
28951 0 13 -1 0 2 -1
30198 5 -1
1403 0 2 -1
24711 0 10 -1 0 -1 11 -1 0 -1
13657 0 -1 1 -1 0 3 -1 0 0 1 3 -1
773 0 0 13 16 -1
12081 0 -1 1 -1
8710 0 9 -1 0 5 9 -1 5 -1 0 5 -1 1 -1 3 -1 1 -1
441 0 10 -1 0 13 -1 0 13 -1 1 -1
27391 0 -1
27639 0 9 -1 0 0 10 -1 0 1 -1 0 1 -1
9860 7 -1
2 12 -1 6 -1 6 12 -1 6 12 -1 12 -1 6 -1 12 -1 6 12 13 -1
25531 0 -1 0 1 3 6 -1
31169 0 3 6 6 -1 0 0 3 15 15 -1
27159 1 3 8 13 -1
21676 5 -1
22872 3 6 -1
19572 0 -1 1 1 14 14 -1 14 -1 0 -1 1 -1 13 -1 0 1 -1 1 1 6 14 -1 5 -1 0 4 9 -1 2 -1 2 9 -1 0 1 4 10 -1
1499 0 3 -1
2624 2 14 -1 5 14 -1 2 -1 1 3 6 13 14 -1 6 7 -1 13 -1
2832 1 -1
17132 11 -1
8095 0 6 -1 0 -1 6 -1 7 11 -1 3 7 10 -1
26825 6 -1
28952 0 -1 0 5 -1 2 -1 0 13 -1
20058 0 0 0 1 9 -1
11717 0 1 -1
21509 15 -1
24976 0 4 -1
5633 5 -1 14 -1 5 -1 5 6 14 -1 10 14 14 -1 5 6 14 -1 5 -1 4 -1
19978 2 10 -1
12746 0 1 -1
13528 3 -1
7895 1 14 -1 14 -1 1 -1 11 13 14 14 -1
13671 0 6 -1
19622 5 -1 2 -1
21895 5 5 6 6 -1
21816 10 -1 0 -1 0 0 1 1 -1 1 -1
26639 1 9 9 -1
5582 14 -1 5 6 -1 4 14 -1 5 -1
27376 5 -1 8 -1
5027 0 0 0 1 1 2 9 9 -1 1 -1 2 -1
23326 1 3 3 7 13 -1 2 -1
19979 0 11 -1
24648 3 11 13 -1
21492 8 -1 0 1 1 5 5 8 -1 0 1 5 -1 6 -1 3 8 -1 1 6 -1 3 -1 3 6 8 -1 3 7 -1
6439 5 -1
747 0 0 1 -1
22284 0 -1 0 6 -1 11 -1 6 -1 5 14 -1 6 11 -1
24859 8 8 10 10 -1 8 10 -1
12664 2 2 14 14 -1
6346 0 -1
8673 7 15 -1 5 -1
15973 0 -1 11 -1 2 -1 0 1 1 -1 1 2 2 -1 0 1 -1 10 -1 0 -1 6 -1 0 0 1 1 -1 3 -1 6 -1
4313 1 7 7 8 9 -1 0 6 6 -1 0 3 5 9 -1
25511 0 0 0 1 1 8 -1
3811 0 -1 0 2 14 -1 2 9 14 -1 14 -1
19224 0 -1 0 0 1 1 9 10 -1 0 13 -1 0 0 11 -1
5684 0 -1 11 -1 0 8 -1 3 11 -1
1475 0 10 -1 0 -1 7 -1
5486 5 -1 0 5 5 6 7 8 -1
7526 1 -1 11 -1
20893 0 -1 0 10 -1
7618 2 -1
912 0 -1
23246 0 0 7 7 -1 0 7 -1
2652 0 -1 1 -1
11399 0 0 0 1 3 -1 3 10 -1 0 0 15 -1
17687 0 0 1 3 5 6 11 -1 0 5 6 -1 0 6 -1
11526 0 -1 10 -1 8 -1 0 -1 10 -1
13785 0 -1 13 -1 0 0 10 10 -1 0 0 13 -1
1015 0 0 2 11 13 -1 2 -1 1 -1 0 1 13 -1
21072 16 -1
7694 11 -1 4 -1
28794 0 -1 7 -1 0 -1 7 -1
1653 0 4 -1
21468 0 -1 0 0 5 5 5 5 6 6 10 -1
29406 0 -1 3 6 -1 6 -1 3 -1 3 6 -1 13 -1 0 -1
7771 6 -1
11588 0 -1 11 -1 0 0 11 11 -1
10031 8 -1
12271 0 0 1 3 -1 0 1 -1 0 -1
3901 1 3 7 -1 1 3 3 5 5 6 6 6 -1 7 -1
130 4 -1
21379 6 -1
14967 8 -1 6 -1 8 -1 6 7 -1 3 -1 1 6 -1
20365 1 -1 3 -1 1 3 5 6 -1
11701 6 11 -1 11 -1 1 -1 11 -1 0 1 -1
29582 0 -1 11 -1 0 -1 13 -1
19947 0 1 -1 0 1 -1 0 -1 2 -1 0 -1 0 2 -1 4 -1 0 0 2 4 -1 0 -1 13 -1 0 -1 0 0 1 13 -1 13 -1 0 1 -1 0 -1
14547 1 -1
17773 6 -1 0 -1 6 -1 0 -1
23628 3 8 -1
22369 11 -1 3 -1 8 -1
22 5 5 9 -1 6 -1 5 -1 5 6 -1 6 -1 5 -1
17595 1 -1 0 3 11 -1 11 -1
8035 3 5 -1 0 -1 0 0 1 16 -1
26166 0 1 6 -1
15835 5 14 -1 1 3 5 5 6 -1 1 3 -1
1421 0 3 14 -1
7221 0 -1
1137 0 10 -1 0 0 10 11 -1 0 -1 11 -1
29432 5 -1 1 5 -1 1 5 -1 5 5 11 11 -1 13 -1
217 11 14 -1 11 -1 14 -1
7058 0 13 -1 0 -1 0 0 13 13 -1
20786 1 -1 0 11 -1 2 11 -1 11 -1
4617 9 -1 2 -1 14 -1 5 5 6 -1 6 -1 1 1 5 9 14 14 -1
18620 0 -1
13449 0 -1 11 -1 2 -1 1 2 3 11 -1 1 -1
12209 5 8 -1 0 0 0 3 5 6 8 -1 1 8 -1 0 -1 5 14 -1 1 -1 0 5 -1 1 -1 5 -1
15638 0 1 -1
10555 0 11 -1
15628 0 -1 6 -1
27971 0 -1 0 2 2 -1 0 -1
25653 1 1 5 5 -1 1 2 7 8 -1 2 8 -1 1 -1
27929 5 -1 0 -1 5 -1 1 -1 7 -1 1 6 -1 1 7 -1 7 -1
3748 0 3 11 -1 0 13 -1
6567 0 -1 10 -1
7574 14 -1 1 14 -1 1 2 -1 14 -1 1 1 14 -1
6028 0 1 -1
11891 0 -1 5 9 -1 1 -1 5 -1 9 -1 0 -1 3 14 -1 9 -1
14141 3 3 6 -1 6 -1 3 -1 6 -1
17993 0 -1
6634 0 -1 1 -1 11 -1 0 -1
3861 0 0 0 5 5 -1 5 -1 0 -1 0 5 -1 0 5 -1
8229 0 8 9 -1
9500 5 9 14 -1
19884 0 1 -1 0 11 11 -1
9053 0 1 9 -1 0 1 5 9 14 14 -1
26074 0 -1 1 -1
28055 1 -1
11489 5 16 -1
14138 0 -1
4655 8 -1
16007 1 5 6 -1 2 3 4 -1
21513 0 9 -1 0 0 3 3 5 5 6 -1 6 -1 3 6 -1 3 -1
28000 2 10 11 13 -1
2511 6 -1 3 -1
26210 0 -1 0 1 1 -1 0 -1 0 1 -1 0 1 -1 13 -1
29348 0 -1 13 -1
31011 0 -1 1 -1 9 -1 1 -1 0 1 9 -1 2 -1
28328 0 5 -1
22263 0 -1
6402 0 0 6 -1 1 -1 1 3 -1
6393 0 -1
28968 5 -1
19746 0 11 -1 0 -1
18044 5 7 -1
21476 5 -1
1695 6 8 -1 3 8 -1 6 8 -1 6 8 -1 6 -1 3 8 -1 6 -1 3 -1 6 -1 3 -1
357 3 3 11 -1
26503 3 6 6 -1 3 -1 5 -1
18007 0 1 7 11 -1 1 7 -1 0 -1 1 -1 0 5 5 6 -1
31338 0 -1 0 1 -1
14535 8 -1 9 -1 3 8 8 9 -1
9277 0 0 6 -1 6 -1
21366 1 -1
8613 7 -1 3 3 3 6 6 6 -1
3409 1 1 1 4 9 10 11 13 -1 13 -1 1 -1
29533 3 -1 5 6 9 -1 5 6 -1
4007 2 -1
5561 0 9 -1 0 11 -1 0 -1 1 -1 1 9 -1 1 3 5 -1 1 6 -1
22424 0 -1 2 -1
23955 0 1 -1 0 1 -1 3 -1
15019 0 -1
7661 0 -1
2957 11 -1
10174 0 -1 2 -1 0 0 1 -1 0 1 1 9 -1 11 -1 0 3 13 -1 0 13 -1
25126 0 0 7 10 -1
15601 0 0 1 -1
27708 0 1 -1 0 -1 0 4 14 -1
6473 3 6 -1
19315 0 0 3 -1 6 -1 0 -1 6 -1 0 11 -1 0 -1
10613 0 10 -1
4635 0 -1 1 -1 0 0 11 11 -1
23853 0 -1 0 3 -1 0 1 -1 0 3 12 -1 6 12 -1
20172 0 13 -1 3 -1 0 14 -1
7553 0 5 14 -1 5 6 -1 5 6 6 -1
20562 0 9 -1 0 0 2 -1 1 -1 0 -1
4506 1 11 -1
25662 1 3 5 -1 1 3 -1 0 1 -1
10339 5 -1
14700 0 0 1 -1
1817 1 -1 3 -1 1 2 11 11 13 -1
1549 0 1 -1
19110 4 4 4 8 8 8 8 -1
19302 0 11 -1
16146 7 11 -1 3 -1 1 3 5 8 -1 3 -1 13 -1
30589 0 -1 0 2 9 -1 0 4 -1
20617 1 3 4 6 13 -1
30895 0 -1
28522 0 8 -1 3 6 -1 0 0 13 -1 3 4 5 6 8 8 -1 6 -1 3 8 12 -1
10392 1 -1 1 3 -1
18555 8 -1 2 6 8 -1 3 -1 8 -1
26870 0 6 -1 6 -1 0 -1
23584 0 -1 0 6 -1 9 -1 13 -1 0 -1 9 -1 3 -1 0 1 2 -1 0 1 -1 0 -1
982 0 1 -1 0 -1 13 -1 0 -1 0 9 -1 9 -1
23123 0 1 -1
662 0 1 5 -1 0 0 1 11 -1
31344 13 -1 6 6 13 -1
21493 5 -1 0 0 1 -1
20979 14 -1
6147 1 -1 3 6 6 -1 3 -1
29037 0 16 -1 0 11 -1
22936 0 13 -1 0 0 1 -1 4 -1 0 9 -1 0 -1 13 -1
26661 0 3 5 6 8 -1
7635 1 -1
30180 0 -1 11 -1 3 -1 6 -1 2 -1 11 -1 3 10 15 -1 3 -1
11626 0 -1 0 8 8 -1 0 -1 0 5 8 -1
12691 0 0 0 5 5 14 -1
4100 0 1 -1 1 -1 0 -1 0 1 1 -1
10490 0 -1 3 -1 11 -1 0 3 -1 1 -1 2 -1
15153 0 -1 0 1 16 -1 0 10 -1
11000 8 -1 2 8 9 -1 8 11 -1 8 -1 3 -1
13733 0 6 -1 0 -1
9293 1 -1 6 7 9 -1 6 -1 6 9 -1 9 -1 1 -1 9 -1
10443 0 -1 0 1 11 -1 14 -1 1 -1 14 -1 9 -1 5 14 14 -1 0 9 11 14 -1 0 11 -1
3896 3 3 6 11 -1
18259 0 0 6 6 -1 0 -1
22034 0 -1 0 0 5 5 -1
23895 3 -1 2 9 -1 1 3 -1 5 -1 5 6 -1 6 -1
26020 0 -1
13309 6 -1
31425 14 -1 5 -1 6 -1 5 6 -1
5573 0 13 -1 0 0 1 3 -1
14936 1 -1 3 13 -1 6 -1 2 9 -1
14539 0 5 9 -1 5 9 -1 1 -1 5 -1 1 9 -1 0 5 5 6 -1 0 6 -1
30549 10 16 -1
22659 0 1 11 -1 0 -1 0 1 3 -1 0 0 9 10 -1 0 3 -1
1159 1 9 11 13 -1 0 2 -1 5 -1
18905 5 6 14 -1
8388 7 -1 0 0 7 -1
10102 0 -1 3 -1
17725 0 -1 0 6 -1
3561 0 -1
13271 13 -1 0 0 3 3 3 6 -1 6 -1 0 3 -1 7 -1
20582 5 -1
24155 0 0 1 4 -1
25797 0 -1 0 0 0 1 3 6 -1 5 -1 0 -1 0 10 -1
21501 0 9 -1 0 -1 0 10 -1
29224 13 -1 0 1 -1 3 -1 1 -1 13 -1 0 -1 0 2 -1 0 3 13 -1 0 -1 1 -1
23297 1 6 -1
11070 1 6 -1 1 3 -1 4 -1 1 3 -1 1 -1 1 10 -1 1 4 10 -1 1 -1 1 2 -1 6 -1
29267 8 -1 6 -1 3 6 -1
21052 1 1 13 -1 1 1 4 4 -1
2117 5 6 -1 9 -1
19402 12 -1
14418 0 -1 0 0 9 11 14 -1
22787 0 -1
10931 0 -1 0 6 -1 5 6 -1 0 5 -1 0 6 -1 1 -1 0 6 -1 1 -1 0 -1
10004 7 -1 0 1 -1
7732 0 0 1 2 13 -1
21138 0 -1 3 -1 0 3 -1 0 -1
18048 0 0 3 11 -1 0 -1 0 3 -1 1 11 -1
25667 0 0 0 0 6 14 14 -1 0 0 0 5 6 9 -1
26909 1 -1 0 -1 0 1 -1 11 -1
15782 6 -1
20372 0 1 -1 0 -1
16839 1 -1 0 3 9 -1
5707 0 0 10 -1 0 0 3 4 4 11 -1
4447 12 -1 13 -1 12 -1 0 -1 0 13 -1 6 12 12 -1
1253 0 1 14 -1
4148 0 1 -1
15368 14 -1
5933 0 11 -1 6 -1 0 0 13 -1 10 -1 0 -1
5343 5 6 -1 5 6 -1
22669 0 10 14 -1 1 1 4 5 10 14 -1 14 -1
21349 0 -1
12381 0 10 11 -1
17091 0 5 6 14 -1 5 -1 1 -1 6 14 -1 5 11 -1 1 13 -1 2 -1 3 6 10 -1 4 5 5 6 6 7 9 -1 1 4 5 -1 0 1 1 1 14 -1 0 5 -1 0 -1 5 8 -1 12 -1 8 -1
28670 5 6 8 8 -1
9788 0 -1 0 11 14 -1
25760 4 -1 0 0 2 5 13 -1
7162 0 0 1 2 -1 1 -1
2714 0 0 9 11 -1 0 0 1 9 -1
6291 6 -1 0 -1 6 -1
18883 1 3 3 6 -1 0 -1 8 -1
7216 4 13 -1
22268 0 0 16 -1 0 5 10 13 -1 0 7 -1 1 -1
28093 3 5 -1
1584 5 6 -1 5 -1
8514 16 -1
30237 9 -1 0 -1 9 -1 13 -1 11 -1
29152 2 -1
5867 0 1 6 -1 0 0 7 11 -1
14233 0 6 8 11 -1 0 6 -1
8913 0 11 -1
5877 0 0 1 1 -1
12119 13 -1 1 -1 0 11 -1 4 11 -1 4 -1
28757 1 5 7 7 -1
21170 0 -1 0 1 11 -1 0 9 11 13 -1
16532 0 -1 1 13 -1 1 5 -1 0 -1 1 10 -1
27674 0 -1 10 -1 0 1 -1 0 -1 0 0 0 1 1 1 -1
27550 0 -1
14770 0 2 9 -1
29928 0 -1 3 -1 0 5 -1 1 -1 0 -1
3529 4 4 8 8 -1
21723 0 -1 6 -1 0 -1 1 -1 0 1 -1 1 2 -1 0 -1 1 -1
10159 1 3 -1 3 -1
1688 12 -1
18011 3 -1 1 1 9 -1
16623 0 0 0 10 11 -1 0 7 -1
18673 5 5 5 6 6 -1
19753 0 1 -1 0 -1 10 -1 0 -1 0 1 -1 0 0 1 1 -1 0 11 13 -1 0 -1
2524 0 1 -1 5 -1
7150 0 -1 2 11 -1
25645 0 11 -1 3 6 -1 0 3 3 6 -1 3 6 -1 6 -1 3 3 6 -1
6259 0 9 -1 0 0 3 -1 3 5 9 10 -1
22313 3 -1 3 6 -1 3 6 -1 2 3 5 6 -1
19492 11 -1 0 11 -1 0 0 11 -1 0 10 -1 0 5 -1
1157 0 -1 0 3 7 -1
