1589
2339 0 5 -1
26459 0 7 -1 1 -1 5 -1 6 -1 5 -1 0 5 6 -1
29561 0 -1 0 10 -1
24479 0 5 -1 6 -1 5 -1 5 6 6 -1
12867 5 -1
25828 3 5 12 -1 6 -1 5 5 6 -1 8 -1 8 13 -1 3 9 -1
18348 5 9 -1 2 -1 1 -1 5 9 -1 5 9 -1 1 9 -1 1 1 9 -1 5 -1 1 -1 1 5 -1 5 -1 1 -1 5 9 -1 1 5 9 -1 5 -1 1 -1 5 -1 6 -1 9 -1
22089 0 -1
23932 0 1 -1 6 -1 0 -1 6 -1
14823 2 7 -1
30386 0 10 -1 0 0 1 -1 13 14 -1
14264 0 13 -1
719 0 0 1 -1 0 1 -1 0 0 1 3 16 16 -1
22444 0 6 -1 0 6 -1
23182 3 -1 4 -1 1 5 -1 11 -1 2 3 -1 9 -1
10592 3 8 -1
29541 3 6 7 8 -1 8 -1 2 -1
28870 0 -1
28422 1 1 11 11 -1 2 4 11 11 -1 0 11 11 -1
5658 12 -1 6 -1 12 -1 6 6 12 -1 0 12 -1 5 7 -1 7 -1 0 12 -1
10680 0 6 8 -1 6 -1 0 14 -1 0 8 -1 8 11 -1 6 -1 0 0 3 6 8 -1 0 13 14 -1 14 -1 0 -1
13898 6 8 8 -1
10943 0 -1 0 0 1 10 -1 1 -1
18339 0 -1 1 9 -1 1 5 9 10 -1 0 1 -1
27091 0 2 -1 3 11 -1 10 -1
24945 3 6 -1
27353 0 7 16 -1 0 -1
26716 0 -1 6 9 -1 3 -1 5 -1 5 6 -1 9 -1 0 -1
27956 1 -1 11 -1
17189 1 -1 11 -1 10 -1
11580 0 0 1 7 -1
30038 3 7 -1
16397 3 -1
12698 1 11 -1 13 -1 3 12 -1
7807 10 16 -1 5 10 -1 10 -1 5 -1
22193 4 4 9 10 10 14 -1 2 -1 9 -1 1 3 4 -1
26258 0 8 -1 3 -1 0 -1 5 -1 0 1 -1 0 -1 3 -1 0 3 -1 0 0 3 -1
1470 0 -1
26363 6 -1 0 0 3 3 -1 3 6 7 -1 3 -1
24353 7 11 -1 7 -1 4 4 7 7 -1 4 7 -1 4 7 -1 4 7 -1
2752 2 -1 0 1 -1
17060 12 12 13 13 -1
15812 6 7 7 -1
30204 0 0 1 10 -1
18888 5 6 -1 5 6 -1 5 5 6 6 -1 5 -1
8711 8 -1
4095 3 5 6 -1
26150 9 14 -1
15873 0 -1
18092 0 11 -1 11 -1 0 11 -1
22217 1 -1 1 2 3 -1 2 9 -1 6 -1 3 6 -1 3 6 -1 3 -1 3 6 -1
19035 0 4 4 -1
27653 0 -1 4 -1 0 10 -1
22186 0 11 -1 0 -1
8017 6 -1 3 13 -1 3 3 3 6 6 -1 3 6 6 -1 3 6 -1 3 3 3 6 6 -1
28165 0 5 6 10 -1 0 0 0 2 10 -1 0 0 5 13 -1 13 -1 0 -1
6691 0 -1 3 -1 0 -1 13 -1 0 13 -1 0 -1
9938 0 1 -1 0 -1
15846 0 0 1 1 -1 6 -1
1827 0 -1 6 -1
3564 0 11 -1 0 0 11 11 -1 11 -1
7495 0 2 9 -1 11 -1 2 -1 0 5 13 -1
27807 1 3 6 -1 5 -1 1 -1
13718 2 -1
30448 6 -1 6 8 -1
3797 0 13 -1
24935 0 8 -1 8 -1 0 -1
3045 6 14 -1 5 8 -1 0 -1
19455 9 -1 1 4 -1
10977 0 0 1 5 -1 0 5 13 -1 0 0 5 16 -1
15049 6 -1
11300 3 -1 2 8 -1
28987 0 0 1 5 -1 0 10 -1 0 10 -1
31500 0 16 -1 0 -1 5 16 16 -1
26508 5 6 13 13 -1
14553 0 1 3 6 -1
20944 0 3 3 3 8 -1
17075 0 11 -1 0 -1 10 -1 0 2 -1 3 -1 0 1 -1 11 -1
21992 12 13 13 -1
2747 0 13 -1
5525 7 -1 13 -1 9 -1 0 -1
316 0 -1 1 -1 0 1 9 -1 1 -1
20718 0 -1
13031 0 1 -1 0 -1 1 -1
9843 8 -1 2 -1 8 -1 3 -1
20601 8 12 -1
4112 6 -1 0 0 5 5 6 -1
14208 3 -1 2 5 10 -1 4 -1
29723 6 -1 5 -1 8 -1 0 10 -1
22586 0 6 -1
25488 4 12 -1
10174 3 6 -1
7165 0 1 -1
4818 3 -1 3 13 -1 3 8 -1 6 12 -1 12 -1 2 3 -1
7640 3 -1 1 11 -1 5 -1 8 -1 2 -1 3 -1 0 1 8 -1
25152 0 1 14 -1 1 -1 4 7 -1 5 10 -1 9 -1 2 6 -1 13 -1 1 2 14 14 -1
6061 14 -1
485 0 -1 0 10 10 -1 13 -1 0 -1
29387 0 0 6 -1 5 -1 0 -1
10942 1 -1 13 14 14 -1 10 -1 14 -1 2 2 3 14 14 -1 2 4 14 14 -1 14 -1 5 -1
3674 1 -1 14 -1
12265 0 5 -1 0 -1 5 10 -1
6362 1 -1 0 1 11 -1 6 -1
7813 0 6 -1 3 -1
18732 5 14 14 -1 0 -1 5 -1 1 -1 0 -1 0 14 -1 1 -1
8675 2 -1
23762 0 1 1 11 -1
21271 0 -1 5 -1 6 -1 9 -1
21711 0 10 -1 0 -1 0 2 -1 0 1 1 -1
3730 0 0 1 10 16 -1 7 -1 1 -1
17122 0 0 0 1 10 -1 1 -1
28597 0 -1 2 11 -1 2 -1 13 -1 0 -1
25444 0 5 -1 9 -1
8317 5 5 5 6 6 14 14 -1 5 -1 4 14 -1 5 14 14 -1 5 -1 5 14 -1
27742 0 -1 0 5 5 -1 6 -1
29530 1 5 -1 14 -1 2 -1 1 14 14 -1 1 14 -1 9 9 14 -1 5 14 -1 14 -1
26159 1 2 14 -1
27336 0 0 1 13 14 -1 13 -1 0 3 14 -1 14 -1
1125 0 0 4 11 -1
18730 2 9 14 16 -1 10 -1 1 -1 0 3 6 11 13 -1 9 -1 2 4 10 -1 5 7 -1 1 14 -1 0 1 1 5 -1 11 -1
11880 1 -1 2 -1
13813 0 0 4 -1
11298 0 3 -1
13370 0 2 6 -1 0 2 -1
5623 7 -1 8 -1
20103 0 -1 1 6 -1 0 1 6 -1 0 -1 0 5 13 -1
3661 0 -1 5 -1
14129 8 -1
17380 0 1 5 13 -1 0 1 -1
8046 0 13 -1
23312 0 3 -1 3 3 6 6 -1
7912 6 12 -1 12 -1
8871 1 14 -1 4 -1 4 14 -1
1036 6 -1 0 -1 0 1 6 -1
1056 2 3 -1
262 1 2 -1
6756 10 -1
5052 0 -1 16 -1 1 -1 0 2 2 -1 0 -1 3 -1 1 -1 2 -1
14952 0 3 3 6 6 -1 6 -1 3 3 6 -1 3 6 6 -1 3 6 -1 3 6 -1
23298 0 10 -1 5 -1 0 5 -1 0 -1 5 -1 0 5 -1
20254 0 -1 6 -1 0 13 -1 0 -1 0 3 9 -1 0 -1
16877 5 -1 14 -1
3299 1 -1 14 -1 1 5 -1 5 14 -1 5 6 14 14 -1
30230 1 -1
2341 1 2 3 -1
10363 10 -1
23767 5 -1 1 5 5 6 9 9 -1
4433 0 1 -1 9 13 -1
26816 0 -1 0 10 -1 0 10 -1 0 1 -1 0 11 13 -1 0 -1 6 -1 0 -1 11 -1 0 1 -1 13 -1 0 -1
1543 5 -1 8 12 -1 8 8 11 -1
29351 0 0 2 9 -1 2 9 -1 10 -1 0 -1 0 1 1 -1 0 1 -1 0 -1 1 -1
26894 1 -1 2 -1 2 11 -1 1 11 -1 2 11 -1 11 13 -1
17298 13 -1
23348 8 -1 0 -1 0 5 -1 5 -1 0 -1 6 -1 0 -1
30268 0 0 1 -1 11 -1
25514 0 1 -1 1 -1 0 3 -1 3 6 6 -1 0 3 3 3 6 -1 0 6 -1 3 -1
23897 8 -1
18750 5 -1 5 6 -1
24274 13 -1 0 5 -1
12723 0 -1 1 -1 0 -1 0 1 1 -1
19984 0 -1 0 1 1 14 -1 0 2 2 14 -1
4709 1 -1
23700 0 1 -1
6495 0 1 11 11 -1 0 1 1 11 11 -1 0 11 -1
5830 0 -1
30602 0 -1
28502 0 -1 5 5 9 9 -1 5 -1 5 6 -1 6 -1
24566 0 -1
10137 8 12 -1 3 13 -1
28590 5 14 -1
19572 14 -1 4 -1 7 9 -1 10 -1 2 5 -1 13 -1 1 -1 11 -1 1 -1 14 -1
24585 1 9 9 -1 2 -1 2 5 -1 2 5 5 -1 0 5 9 -1 1 9 -1 1 -1 5 -1 1 -1 5 -1 5 9 -1
13054 0 -1 0 9 -1 0 0 1 1 -1 0 10 -1 5 -1 13 -1
3999 8 -1 0 -1 10 -1 3 5 6 13 -1
24765 0 0 2 -1 0 2 -1 0 0 2 2 -1
24694 0 10 -1 0 -1 0 5 -1 16 -1 1 -1 16 -1 0 -1
21521 0 -1
12360 0 -1 4 -1
15943 0 -1 1 11 -1
17369 10 11 -1 1 -1 11 -1 1 -1 13 -1
18459 13 -1 0 -1
25055 0 -1 10 11 -1 0 1 13 -1 3 4 9 -1
25994 11 -1 0 5 -1
30383 5 9 10 -1 4 -1 7 -1
25319 7 7 7 8 8 -1 2 7 11 13 -1
26031 0 13 -1 0 -1 13 -1 0 -1 0 13 -1 0 3 13 -1
30889 14 -1
23248 2 -1 0 1 -1 0 9 -1 0 -1 10 -1 0 -1 11 -1 0 -1 3 -1 0 -1
27009 0 -1 3 3 6 6 -1 0 0 7 11 -1
28979 0 11 -1 0 -1 0 11 -1
15017 11 -1
17492 0 -1
18148 0 -1 1 9 11 -1 2 -1 10 -1 2 -1
13325 9 13 -1
7175 10 11 -1 0 1 -1 3 -1 1 -1 5 -1 0 0 1 10 -1 0 1 -1
10565 2 -1
14734 0 -1 0 0 5 13 13 -1 0 0 13 -1
9616 9 -1 0 -1 9 -1 0 0 9 -1
10404 2 -1
8180 0 10 -1 1 11 -1 0 11 11 -1
26331 14 -1 2 11 14 -1 10 -1 11 -1 9 10 14 -1
30387 0 0 0 2 2 10 -1
8103 4 14 -1 3 -1
1399 0 0 6 -1 11 -1 0 6 -1 0 -1 6 -1
16058 16 -1
22422 0 0 5 10 -1
9476 5 6 -1
11499 0 1 11 -1 0 1 -1 0 -1 0 1 -1 0 0 0 10 11 11 -1
25974 0 6 -1 16 -1
2293 13 -1 1 15 -1 13 -1 1 -1
8342 0 13 -1 0 -1 13 -1 0 -1 0 2 -1 0 2 4 -1
26148 0 10 11 -1 1 3 10 11 -1 0 1 -1 0 0 1 2 10 -1 0 3 -1
30208 0 -1 2 -1 0 3 -1
29222 2 5 6 -1 9 -1
12557 2 -1
3954 0 0 1 6 9 9 -1 1 1 14 -1 9 -1
4116 0 -1 0 0 2 11 -1 2 -1 0 -1
12061 1 11 -1 2 4 14 -1 1 14 14 -1 5 6 6 -1 1 14 14 -1 9 -1 14 -1
30203 0 3 6 -1 0 2 2 -1 0 0 2 -1 2 -1
3789 0 6 -1
20361 0 13 -1 0 0 13 -1
26249 5 6 -1 0 3 -1 0 -1
14237 0 -1 0 0 11 11 14 -1 14 -1 0 0 2 11 14 -1
28570 0 -1 13 -1 0 -1 2 -1 0 5 -1 11 -1
16465 0 -1 1 -1 5 -1
1845 8 -1 0 -1 3 14 14 -1 5 14 -1
27507 3 -1
6063 12 -1 8 -1 1 6 8 -1 8 -1 3 -1 8 -1 2 13 -1
28407 11 -1
29424 0 2 3 -1 6 13 -1
31311 6 -1 3 6 -1 3 -1
4953 0 -1 0 3 -1 3 -1 0 -1 9 -1
20537 3 -1
30679 0 0 1 1 -1
10236 0 8 -1 6 -1 0 -1 10 16 -1
23690 0 6 -1 0 6 -1 0 1 -1 0 11 -1 0 1 -1 0 1 -1
3918 12 -1 2 11 -1 2 5 9 9 -1 11 -1 13 -1
20907 2 -1
25782 0 -1 0 1 1 2 -1
27024 5 -1 0 1 -1
27036 4 7 -1 7 -1 6 -1 3 6 -1 7 -1
1462 8 11 -1 6 -1 6 8 -1 6 8 8 -1 3 6 -1
6065 0 -1 0 1 3 -1
23630 0 0 1 10 -1
31458 0 -1 0 6 -1 0 6 -1
9715 0 -1 16 -1 0 -1 10 -1 0 -1
8398 0 -1 2 -1
7408 0 0 10 -1 0 0 1 2 -1
2499 0 1 -1 9 -1 1 -1 2 -1 1 4 11 -1
3702 11 -1 0 11 -1
12578 0 0 10 11 -1 0 11 -1 1 -1 0 0 1 10 -1 0 6 -1 1 -1 0 6 -1
27248 13 -1 8 -1 8 12 -1 12 13 -1 12 -1
13626 0 -1 6 -1
26407 0 1 -1
3536 0 -1 3 -1
7359 5 6 -1
9040 0 -1 13 -1 0 -1 0 1 -1 2 -1 2 8 11 -1
4725 0 10 -1 0 5 -1 0 5 -1 6 -1 0 1 5 -1 0 0 1 -1
10663 0 -1 11 -1 0 -1
15470 1 -1 0 1 1 3 -1 0 0 1 -1
26627 13 -1 0 0 7 13 -1
8143 0 9 -1 0 -1 10 16 -1 0 4 16 -1 11 -1
30681 6 7 -1 3 6 -1 3 6 -1 3 -1 3 6 -1 7 -1 8 -1
13777 13 -1
3269 5 8 -1 14 -1 4 -1 14 -1 4 14 -1
11269 0 1 -1 7 11 -1 9 -1 2 -1 10 -1 16 -1 5 -1
935 9 -1 0 13 -1 3 -1
14421 5 -1
26841 0 -1 10 -1
20493 0 -1 1 3 11 -1
28817 0 -1 10 -1 0 -1 0 0 11 11 -1 6 -1 3 -1
19888 0 -1
3675 0 -1
7448 0 -1 11 -1 0 0 0 1 11 -1
21761 1 -1 7 -1 12 -1
1579 12 -1 6 -1 6 7 8 12 -1 3 3 3 6 6 6 -1 3 3 6 -1 3 6 -1 3 6 13 -1 3 -1 3 3 4 6 6 7 -1
15305 12 -1
23094 0 -1
29806 0 -1 0 9 -1
12703 1 -1
12714 0 15 -1 0 13 -1 0 -1
20052 0 -1 1 -1 0 1 -1
15670 0 1 -1
11245 0 10 13 -1
24144 11 -1 0 13 -1
26110 2 5 5 -1 1 -1 4 -1
6173 5 5 5 6 14 -1 5 6 6 -1 5 -1
18285 0 6 -1 3 6 -1 0 -1 1 -1 10 -1 4 11 -1
24476 0 0 6 -1 6 9 -1
8599 0 0 1 1 9 11 -1
13406 0 -1
1589 0 1 -1
21551 5 9 -1 13 -1
10864 0 0 12 13 13 -1
16539 0 0 7 7 7 -1
8141 0 3 6 -1 0 1 2 -1
28498 1 5 14 -1
28871 0 -1 0 3 3 -1 0 0 1 3 -1
21810 0 10 -1 3 6 -1 0 -1
5537 0 0 1 -1 0 5 9 9 -1 5 6 6 14 -1
13911 4 7 8 -1
4207 1 -1
8559 0 11 -1 0 0 1 2 -1 0 -1 1 -1 0 3 -1 0 0 3 -1
19244 0 0 1 1 3 5 13 -1
22723 8 -1 0 -1 0 8 10 -1 0 0 13 13 -1
18640 12 13 -1 0 -1 14 -1 0 3 6 -1 3 -1
17516 0 -1 10 -1 0 0 13 -1 13 -1 0 13 -1 0 13 -1
17644 6 8 8 -1 5 -1
29366 12 -1 3 8 8 -1 1 -1 0 8 -1 8 -1
10411 0 13 -1 0 2 2 5 5 -1 0 1 3 -1 11 -1 14 -1
22035 14 -1 3 -1
16165 0 5 14 -1 14 -1 5 -1 14 -1 1 -1 0 14 -1
163 3 -1 6 -1
7264 0 0 1 1 -1 0 1 -1
22082 0 -1 1 -1 0 -1 1 -1 0 1 -1 0 0 1 -1 1 -1
12155 0 -1 0 3 6 -1 1 13 -1 0 -1
13152 0 5 -1 0 5 -1
25710 13 -1 11 -1 0 -1 0 0 11 11 11 -1
24766 12 12 12 13 13 13 -1 12 -1
29319 0 -1 5 -1 3 -1 8 -1
23566 5 5 6 -1 5 6 -1 5 6 -1
24463 5 -1
6989 13 -1
27121 16 -1
7117 1 1 2 -1
8037 0 0 2 -1 0 1 -1 1 -1
26583 7 14 -1 5 8 8 10 -1
23768 8 12 13 -1
1677 0 0 1 5 6 -1 0 3 5 13 14 -1
28889 0 -1 6 -1
26180 0 5 14 -1 5 -1
28292 0 0 1 -1
10367 0 -1 0 0 0 1 1 1 -1 0 1 -1
13914 0 -1
12858 0 1 -1 6 -1 0 3 9 -1 1 11 -1 1 2 -1 0 1 1 11 -1 0 -1 11 -1 0 -1 1 11 -1 0 11 -1 1 -1
21408 3 -1 0 3 -1 0 3 -1 0 0 10 -1 10 -1
17490 3 8 9 -1
2794 6 -1 3 -1 3 6 8 -1
1213 0 1 1 1 3 14 -1 7 -1 4 -1 9 -1 5 -1 2 -1 6 10 -1 13 -1 0 1 1 3 11 14 -1 1 -1
31071 1 5 14 -1 0 -1 7 -1 1 10 14 -1 2 -1 4 -1
12539 0 1 -1
21429 3 5 9 -1 2 -1
16927 0 1 -1 0 13 -1
27067 0 16 -1 10 16 -1 0 -1 0 1 10 -1 9 -1 0 10 -1
30408 7 -1 3 6 6 -1 3 -1 7 -1 3 4 -1 5 -1
23713 6 -1 0 -1 0 3 6 -1 0 3 -1 3 -1 0 3 -1
18879 4 -1 0 -1 4 -1 0 -1 4 -1 0 -1 4 -1
12301 10 -1 0 1 13 -1
22371 0 -1 1 -1 1 3 5 -1 0 1 -1 0 11 11 -1 0 11 -1
10814 5 -1 5 6 -1
22924 4 -1
30146 3 6 6 8 8 8 -1
2867 0 3 -1
9810 0 -1 0 1 -1
26955 8 -1 5 -1 0 3 3 5 6 6 -1 3 6 -1
17693 0 9 -1
1114 6 -1 3 6 -1 3 -1
10208 0 13 -1 6 -1 0 -1 3 -1 0 6 -1 0 -1 6 -1
3271 0 8 -1
7366 8 9 -1 8 -1
20098 13 -1 6 -1 13 -1
5563 3 -1
17659 0 11 -1 9 -1 1 -1
29023 0 -1 7 10 -1
20292 0 2 -1 0 0 0 1 1 -1
7572 0 0 9 13 -1
17501 0 11 -1 3 -1 0 1 -1 0 -1 1 -1
21956 13 -1 10 -1 13 -1 10 -1 0 10 -1 0 -1 1 -1
22014 0 13 13 -1 0 -1
18737 6 -1 3 -1 6 -1 0 0 2 -1 10 -1 0 13 -1 0 0 13 -1
28752 6 -1
16354 0 1 -1 3 5 6 -1 1 -1
9116 0 0 0 12 13 13 -1
1549 0 -1 0 6 11 -1 0 3 3 6 -1 6 -1 0 11 -1 0 -1
4963 0 -1 2 5 -1 1 -1 5 -1 1 -1 14 -1 5 9 14 -1
14686 0 0 3 -1 0 3 3 13 13 -1 0 -1 0 13 -1
1406 0 -1
31380 1 -1 3 -1 1 -1
31779 1 3 -1
16552 0 2 7 -1 2 11 -1
3853 0 -1 0 11 -1 0 3 -1
17828 0 10 -1 13 -1 0 -1
22387 0 14 -1
16480 13 -1
28623 4 -1
26487 0 -1 0 7 11 -1 0 -1
17484 0 -1 0 0 9 13 16 -1 0 -1
27474 0 1 9 -1 2 5 9 -1 0 10 11 -1
2892 13 -1
14201 0 -1 11 13 -1 0 -1 11 -1
12424 6 -1 5 -1 9 14 14 -1
7622 0 -1
18793 10 -1 0 0 4 9 -1 0 -1
22091 0 0 7 -1
1471 0 1 -1
20290 0 -1 1 -1 5 11 14 -1 14 -1 0 1 9 10 11 16 -1 11 -1 13 -1 3 6 -1 9 -1 2 4 10 -1 4 7 -1
26613 1 3 6 -1
16909 0 0 1 -1 0 1 1 -1
30913 1 -1 0 -1 0 1 13 -1
18551 0 -1 0 1 -1 0 13 13 -1
21746 0 2 -1 0 1 -1
26061 0 1 -1 0 5 15 -1 4 15 -1 0 1 4 15 -1
14184 0 8 -1
15302 0 0 0 5 5 -1
11805 0 -1 4 -1
27464 2 -1 10 12 -1
16113 0 -1
26923 1 -1 0 -1 3 -1 6 -1 3 6 -1 0 1 3 -1 1 2 14 -1
8959 0 0 0 7 7 7 7 -1
11497 5 8 -1 1 8 11 11 -1 7 8 11 -1
23796 0 0 2 -1 0 10 -1 1 -1 0 10 -1
23836 3 -1 0 -1
6433 1 9 9 -1
18549 0 -1 10 -1
2783 1 -1 1 1 10 14 -1
24651 0 11 -1
1059 5 -1 4 14 14 -1
5452 3 6 -1 7 -1
17817 0 2 3 3 4 13 -1
20534 0 1 1 3 -1 3 5 -1 1 -1
27261 0 10 -1 0 -1 9 -1 0 -1
12484 7 -1 3 -1 7 -1 3 -1 3 6 -1
17020 0 13 -1
16542 12 -1
24490 14 -1
8455 0 -1 10 -1 0 1 -1 10 -1 5 -1 6 -1 5 -1
15972 0 9 -1
27477 6 -1
21530 0 -1
3742 3 6 -1 1 3 -1
6565 7 -1 0 1 5 11 -1 1 6 -1 3 -1 5 6 6 -1 3 -1 6 -1 3 -1
4257 0 -1
18767 0 0 1 3 -1 0 0 1 3 -1
20791 0 1 -1 0 10 -1
6232 0 -1 10 -1 0 0 10 11 -1
29094 8 -1 3 3 6 6 -1 3 -1 6 -1 3 3 6 -1 3 6 6 -1
23200 0 -1 0 1 -1 1 4 -1 1 14 -1 6 -1 5 -1
11285 5 -1 8 -1 11 -1 1 11 -1 8 -1 0 3 6 -1 3 -1
4910 0 -1 1 2 13 -1 10 -1
19096 11 -1 0 11 -1 0 1 11 -1 0 11 -1 0 -1
7311 0 2 9 -1 0 13 -1
18741 0 -1 1 2 2 -1 1 -1 9 -1 1 -1 1 9 -1
31665 0 0 10 11 11 -1 0 -1
31236 0 -1
29385 0 3 -1
12929 1 11 -1
8788 0 -1
25449 5 -1
5064 6 8 -1 6 8 -1 0 0 6 8 -1 0 6 -1 0 6 8 -1
16864 1 9 -1 5 -1 1 2 -1 1 1 9 9 -1 0 -1
20389 8 -1 6 -1 5 8 -1 6 -1 9 -1 1 3 -1 1 3 9 -1
14765 1 8 -1
24178 5 8 -1
23269 0 0 1 9 9 -1 0 -1 0 9 -1 0 1 5 -1 3 9 -1
3459 0 0 0 13 13 -1 13 -1 0 -1
12361 3 6 -1
17744 11 13 -1 1 -1
5676 0 -1
8294 0 0 1 2 13 -1 0 -1 3 -1 0 0 1 -1 0 5 -1 1 -1
25942 3 5 -1
12385 5 14 -1 5 9 14 14 -1
7575 0 -1
15254 0 0 3 -1
19338 5 13 -1 3 -1
22805 1 16 -1
13606 7 -1 3 -1
10671 4 8 8 10 -1
29805 0 16 -1 0 -1 1 -1 0 11 -1 0 1 -1 0 7 -1 0 10 -1
8213 1 -1 6 -1 3 -1 6 -1 3 9 -1
28293 3 5 -1 0 -1 0 5 -1 5 6 -1 0 3 -1 0 1 -1 1 -1 0 0 10 -1
10243 0 -1
10130 0 1 1 -1 9 -1 1 -1 5 -1
330 5 5 6 9 9 -1 5 -1
25383 2 -1
9962 5 14 14 -1 1 -1 4 4 14 14 -1 14 -1
25641 0 6 -1 3 6 -1
26476 0 10 -1 9 -1 1 9 -1
21785 9 -1
31389 0 2 5 -1 11 -1 0 11 -1
7413 0 11 16 -1 0 2 -1
29926 0 1 5 5 -1
3600 0 -1 11 -1
20439 8 -1 0 6 -1 3 -1 0 -1 0 4 6 8 -1 7 -1
9046 1 -1 0 1 -1 0 -1 1 -1 0 -1 0 2 2 -1 0 -1 2 -1 0 -1
2861 0 6 11 -1
23263 10 -1 0 0 0 9 16 -1 0 9 9 -1
4841 0 6 -1
29161 11 -1
3707 0 -1 4 5 -1
2784 0 1 5 5 5 10 -1 5 9 -1
15822 12 -1
7915 13 -1
7339 9 -1 0 6 10 -1
12356 0 -1 0 3 6 -1
1846 0 0 1 6 -1
18998 11 -1
17061 0 2 3 6 9 11 -1 0 -1 9 -1
22475 0 13 -1
25145 0 -1 0 1 10 13 -1 0 2 -1 10 -1 2 -1
29897 0 0 0 13 13 13 -1
3346 0 3 6 6 -1 0 3 5 -1 1 10 11 -1
16318 0 0 1 10 14 -1 0 -1 0 1 1 -1
3066 0 -1
3286 5 -1
16306 1 9 -1 1 -1
591 11 13 -1
30062 0 5 -1 0 2 -1 0 0 14 14 -1 0 0 1 5 -1
6003 0 2 -1 0 0 1 2 -1 2 -1
24698 0 -1 5 -1 0 1 5 10 14 -1 5 -1
24237 0 -1 0 0 11 11 11 -1 1 -1 0 -1 0 3 11 -1 0 0 11 -1 11 -1
14373 0 0 10 -1
27391 11 -1 13 -1 0 0 1 1 1 11 -1 0 -1
28350 6 8 -1 8 -1
7474 10 -1
18429 4 -1 1 9 10 -1 2 4 -1 2 -1 11 -1
31057 6 -1 5 -1 6 -1
28998 3 6 -1
8108 11 -1 0 -1
16163 1 3 11 -1 11 -1 9 -1 4 5 -1 5 11 -1 3 -1
17100 0 -1
22653 0 13 13 -1 0 11 -1
31223 1 1 1 2 8 9 11 11 -1
18376 12 -1 12 12 13 13 -1 6 6 6 12 12 -1 12 12 13 -1
10755 8 -1 6 -1
29507 0 0 1 -1 1 -1 0 -1 0 9 -1
5001 0 -1 0 3 -1 0 5 -1 14 -1 0 -1 0 9 9 -1
29238 3 3 6 6 -1
30888 0 -1
27635 0 -1 0 10 -1 2 -1 0 0 0 1 9 16 -1 1 2 3 -1
1290 0 10 -1
4993 6 8 -1 3 8 -1
30177 0 -1
527 0 -1
28412 7 13 -1 10 10 16 16 -1
30499 1 -1 0 -1 1 -1 0 -1 0 1 9 11 -1 1 -1 0 -1 1 -1
4545 9 -1 1 -1 0 -1 6 -1 3 -1
16370 1 2 11 -1
17407 0 -1 1 -1
23308 2 -1
10115 0 -1 1 -1
9311 2 -1 1 -1
12803 0 -1 5 5 6 6 -1
9215 0 -1 2 -1 0 0 2 -1
20801 0 -1 13 -1 6 13 -1 5 6 -1 11 -1
10607 0 -1 3 -1
25715 0 -1
19817 0 -1 5 -1 0 -1 5 -1 0 0 0 0 5 6 6 -1 5 -1
3855 2 -1 1 4 -1 1 4 4 -1
22363 8 -1 3 3 5 14 -1 14 -1 5 6 -1 5 6 -1
24789 4 8 8 10 11 -1 1 11 11 -1 8 -1 11 -1 1 11 -1 8 -1
2079 0 0 5 -1 9 -1 0 0 1 1 -1 0 0 2 2 3 4 5 5 5 6 -1
11444 9 -1 1 1 9 -1 0 -1
19216 0 -1 2 -1 0 -1 2 -1
1218 7 -1
14381 0 0 9 -1 0 13 -1 12 -1
3313 12 13 -1 6 8 8 -1 10 -1 5 6 14 -1
17097 0 -1 5 -1 0 -1 0 3 -1
25696 0 11 -1 2 9 -1
309 5 5 6 -1 6 -1
30920 0 1 -1
14494 0 -1
24630 0 10 15 -1
9218 9 -1 8 -1 5 8 9 -1 3 -1 8 -1
4951 0 4 -1
10914 8 -1 7 -1 8 -1
19751 5 -1
24939 0 1 3 -1 0 1 2 -1 0 1 -1
31649 5 -1 0 1 1 5 5 9 9 -1 5 -1
10279 5 -1 5 6 6 -1 5 -1 7 -1 3 6 -1 3 3 6 11 -1
20761 0 9 -1
24171 0 -1 0 1 -1 1 14 -1 1 -1 4 -1 2 5 7 9 10 -1
24445 0 6 -1 0 3 -1
31264 0 0 0 2 11 -1 0 1 2 -1
26398 8 -1 3 -1 3 3 6 6 6 -1 3 -1 8 -1 3 -1 3 3 6 6 -1
10610 2 -1
24176 0 0 6 6 -1 0 0 11 -1
26896 0 11 -1
16452 0 16 -1 1 16 -1
18685 0 -1 0 1 5 -1 1 9 -1 10 -1
27812 8 -1
31314 0 3 6 -1 8 -1
19617 10 -1 6 -1
22342 4 -1 1 14 -1
25212 0 -1
17150 1 9 -1 1 -1
2537 1 -1 5 -1 5 6 -1 5 6 -1
5864 3 7 -1 3 3 6 13 -1 0 13 -1
28650 11 -1
895 9 16 16 -1
10204 0 13 -1 0 -1 3 -1 1 -1 0 -1 0 13 -1
23817 0 0 1 -1 0 1 1 -1 0 1 -1
27059 5 -1 7 -1 3 6 -1
849 0 -1 0 2 -1 3 -1 0 -1
3754 7 7 8 -1 9 -1 7 13 -1 3 -1
29996 0 -1
19374 0 -1 10 -1 9 -1 1 3 -1
6845 3 3 3 6 6 -1
12302 1 3 3 3 13 -1 3 6 -1 2 3 13 -1
29890 10 -1
4595 3 -1 0 -1 0 1 1 14 14 -1
24030 0 1 5 -1 0 -1 5 -1 0 1 -1 4 -1 0 1 -1 5 -1 0 -1
24401 0 0 0 0 13 13 13 -1
17446 0 1 9 -1 6 -1
25047 10 -1 1 14 -1 14 -1 0 -1 1 -1 14 -1 4 5 7 -1 9 10 -1
18932 7 -1
13820 6 -1 0 -1 1 3 5 -1
11418 11 -1
8616 12 12 13 -1 12 13 -1
27314 6 14 -1 9 -1
19926 0 8 -1 12 -1 8 -1 0 -1 0 8 -1
29840 14 -1 5 -1 0 -1
1588 0 0 3 11 -1 0 1 -1
3972 5 6 -1 5 5 6 14 -1 5 5 6 -1
64 1 -1 0 1 -1 0 -1
6822 3 6 -1
14315 12 -1
6123 0 6 -1 0 6 -1 3 3 6 -1 6 -1
19647 0 4 -1 0 -1 0 5 -1 5 -1
23342 8 -1 3 -1 3 6 9 -1 9 -1
29917 0 -1 10 -1 0 2 -1 0 13 -1
15102 3 8 -1 3 6 -1 6 -1
16193 0 -1
10746 5 6 -1
27699 0 0 6 -1
30510 0 5 8 10 14 -1 5 14 -1 4 8 -1
15159 0 -1 1 -1 0 -1 0 0 5 11 -1 5 -1 1 -1
20821 3 -1 0 0 1 4 -1
14049 0 -1 1 6 -1 0 11 -1 0 10 -1 0 0 5 -1
30769 1 1 2 4 5 5 8 -1
11305 11 -1 8 -1 6 -1 1 6 8 -1 6 8 -1 6 8 -1 8 -1 5 6 -1 1 -1 3 -1 3 3 6 6 6 -1 3 -1 3 6 6 -1 3 3 6 -1 6 -1 3 3 6 -1 3 6 6 -1 3 -1 3 6 6 -1 3 3 6 -1 3 6 -1 6 -1
27321 11 -1
6182 0 -1 16 -1 0 1 3 6 -1
24266 6 -1
25352 3 -1
28732 0 -1 0 9 -1
7246 6 -1
24250 0 -1 1 -1 6 -1 3 6 -1
9882 8 -1 3 -1 8 -1
30453 0 0 11 -1 11 -1
14540 5 5 13 13 -1
24365 8 -1 0 -1
13793 0 -1 3 -1 1 -1
19047 0 3 -1
29025 0 -1 0 1 1 -1
31196 9 -1
3360 11 -1 13 -1 11 11 11 13 13 13 -1 9 11 11 13 -1
14861 5 5 13 13 -1 5 7 9 -1
29930 11 -1
4661 14 -1 9 -1
25564 5 -1
5340 5 -1
19327 1 -1 5 -1
18777 0 -1 9 -1 0 -1 0 1 9 -1 0 -1 3 -1 0 -1 0 1 6 -1 0 -1 5 -1
23340 8 -1 6 -1
12277 0 -1
12365 0 9 9 -1 0 0 9 9 11 -1 0 -1 9 -1 0 -1 0 0 9 9 -1
26293 2 -1
22230 0 6 -1 0 6 6 -1 0 6 -1
27279 0 0 10 -1
1725 0 -1 0 4 4 -1 0 0 1 11 -1 0 -1 1 -1
13311 0 1 1 4 5 7 14 14 -1
15667 0 0 0 1 5 10 13 -1
1204 0 1 -1
23731 0 -1 5 -1
23157 0 9 -1 0 -1 13 -1 0 -1 1 -1 0 5 14 14 -1
15534 2 5 -1
24024 0 5 9 -1
18643 0 1 -1
17048 0 -1 8 -1 9 -1 8 -1 0 13 -1 0 10 -1 0 -1 7 -1 0 1 16 -1 0 -1
16413 1 2 -1 0 -1 1 -1
10106 0 6 -1
24118 1 9 11 11 -1 3 9 -1 0 -1
18277 1 2 3 6 -1 2 -1 7 -1
12713 0 -1
30091 0 -1 1 10 -1 0 0 1 11 16 -1 0 -1 0 2 -1
24405 14 -1
1244 1 5 14 -1 5 -1
26436 8 -1 9 -1 5 8 -1
4201 0 11 -1 10 -1 0 -1 10 13 15 -1 4 -1 0 4 4 15 15 15 -1 5 -1 1 -1 0 -1 11 -1 0 -1 11 -1 5 -1
12552 12 -1
3528 1 -1 3 3 6 -1 6 -1
14768 0 0 0 1 11 -1 1 9 16 -1
11366 0 2 -1 9 -1 0 3 -1
5367 1 -1 0 -1
13738 1 -1
29479 12 -1 0 0 5 -1 0 0 6 6 6 -1 5 -1 0 6 -1 0 -1 6 -1 0 -1 0 12 -1
5355 9 -1 1 3 5 -1 1 -1 3 -1 5 -1 9 10 -1
29911 1 3 -1 1 -1
18911 0 0 1 1 -1
28128 3 -1 0 -1 10 -1 0 13 -1 0 -1
7646 2 -1
22447 0 6 -1
19841 5 5 14 -1
23058 2 8 -1 8 -1 7 -1 3 6 -1 3 6 -1 6 -1
6882 0 -1 0 2 10 -1 0 0 0 2 2 -1
1531 1 -1
27817 8 -1
24011 1 -1
14496 13 -1
19622 4 -1 5 -1 6 -1
27873 0 -1
8052 0 -1
20895 0 -1 0 1 -1 1 -1 0 -1
11950 0 6 -1 0 -1 0 6 -1
25678 6 8 -1 0 -1
10524 0 -1 10 -1 0 -1 0 0 0 11 11 11 -1 0 11 11 -1 0 0 11 11 -1 0 -1 11 -1 0 9 11 -1 0 11 11 -1 0 0 11 -1 11 -1 0 -1 11 -1
21779 0 -1
10465 10 -1
31542 10 -1
6817 0 5 8 11 11 -1 0 -1 16 -1
19567 11 -1
1946 0 -1 10 -1
21701 0 -1
30852 0 -1
26190 3 -1
449 5 6 8 8 -1
11361 5 -1
15543 0 7 11 -1
11273 0 0 2 9 -1 1 1 9 -1 0 -1 2 -1 0 -1 0 2 -1 2 -1
29012 0 4 -1 0 -1 0 7 -1 3 -1
286 0 3 -1
29121 0 1 -1 11 -1 13 -1
7061 1 -1 1 9 -1 11 -1
2789 0 9 -1 5 9 11 -1 1 5 9 -1 5 14 -1
24431 0 0 3 5 -1 0 -1
25668 0 13 -1 0 10 11 11 16 -1 1 2 -1 0 10 -1
13510 6 -1 3 -1
7483 1 -1
17957 0 1 -1 0 -1 1 -1 1 1 3 3 -1
8444 5 -1
19114 0 5 -1 0 1 -1
17918 0 -1 0 0 1 3 9 -1 3 3 6 -1
4427 11 -1 0 -1 1 14 14 -1 0 -1 0 6 -1 6 -1 0 3 -1 3 -1
22915 1 -1 0 11 -1
15002 3 6 9 -1 9 -1 9 14 -1
31723 0 1 -1 0 -1
10102 1 11 -1
27937 0 1 2 2 11 -1 2 4 11 -1
25545 1 11 13 -1 6 13 15 15 -1 3 6 -1 5 15 -1 3 13 15 -1
23927 0 -1 0 2 -1 1 -1 0 1 -1 1 2 -1 2 -1 0 -1 11 -1 0 1 -1 0 -1 0 11 -1 0 9 -1
25574 5 -1
30523 0 3 -1 3 -1 6 -1
9978 0 -1 2 -1 0 -1
23170 10 10 16 -1 5 -1
1539 13 -1
23646 6 -1 6 13 -1
23976 5 -1 0 0 5 -1 0 0 1 5 10 -1
26580 0 -1
11046 1 -1 0 1 7 -1 0 7 -1
10640 0 -1 0 10 -1 0 1 -1 13 -1 0 -1 13 -1
13803 0 -1 5 -1 0 6 -1 3 -1 6 -1
13051 13 -1 0 1 11 -1
1007 5 -1 10 -1 1 9 10 -1 0 13 13 -1 1 5 -1 10 -1 13 -1
28221 1 2 -1 0 1 3 -1 10 -1 1 6 -1 0 -1
11280 0 1 -1 3 -1 1 -1 0 0 1 -1 13 -1
8968 0 5 -1 2 -1 0 1 5 9 -1
15966 0 2 -1 5 -1 0 13 -1 0 -1
4663 1 7 -1 5 -1 3 -1 1 7 -1
13583 8 -1 0 -1 3 -1 6 -1
26782 0 13 -1 0 1 -1 3 6 6 -1 3 -1
16211 11 -1
6365 0 -1 0 1 -1 0 0 0 1 1 11 -1 1 -1 0 -1
30085 7 -1 0 1 7 -1
15920 0 0 11 11 -1 11 -1 0 -1
4639 0 -1 3 16 -1 2 -1 0 -1
21104 0 6 -1 1 3 -1
28606 12 -1 0 -1 0 12 -1 12 -1
10541 3 -1
25990 0 -1 3 -1 0 -1 10 -1
30764 6 -1 3 5 6 7 7 9 -1 3 -1
24699 12 -1 8 -1 0 6 -1 1 3 3 6 13 -1 5 13 -1
14228 1 2 -1 1 8 -1
10772 0 -1 9 -1 0 0 10 -1
22897 7 11 14 -1 2 -1
21477 12 12 13 13 -1 8 12 13 -1 12 -1
13215 0 0 6 6 -1 0 -1
18065 0 -1 1 -1
13578 1 5 11 13 -1
17958 1 -1 0 -1
18438 0 2 -1 1 -1 8 -1 2 5 -1 1 -1
29181 0 0 0 10 11 11 -1
8985 3 11 -1
20363 0 -1 1 -1 0 1 5 -1 1 -1
3270 0 -1 0 7 -1 7 -1 5 -1 0 -1 5 -1 0 0 5 5 -1
2081 0 11 -1
27546 13 -1 0 -1 0 2 -1 2 -1
24355 6 -1
11379 4 -1
16130 4 -1 0 -1 5 -1
3601 9 -1 11 -1
21813 1 -1 1 11 11 -1
9197 3 7 -1 1 1 11 -1 7 -1 0 1 11 -1 2 -1
25708 5 -1 1 -1 0 -1 3 -1
30703 10 -1 2 -1
22996 1 6 8 8 -1 1 8 -1
15431 0 -1 7 -1 0 7 -1
23714 0 11 -1
25464 0 5 -1 0 5 6 6 -1 0 0 0 5 6 -1 0 5 -1
31639 0 -1 0 7 11 -1 13 -1 7 -1
22841 0 -1 0 1 -1 16 -1 3 -1 0 9 -1 0 10 -1 3 -1
16861 11 -1 0 -1 7 -1 0 -1 0 0 7 7 13 -1 0 3 -1
14918 0 3 11 -1 0 9 -1
18154 1 5 -1 1 7 -1
3532 3 -1 6 -1
6316 0 13 -1 0 0 13 -1 0 0 0 4 10 13 -1
9212 5 8 12 -1 5 -1 5 8 8 12 -1 12 -1
17313 0 -1 5 -1 0 -1
5370 0 0 13 13 -1
5520 0 7 -1 7 -1 0 -1 7 -1 0 -1
28235 0 -1
28912 0 1 10 -1 3 6 -1 3 -1 1 -1
27071 0 -1 7 -1 1 7 -1
9759 11 -1 1 -1 0 11 -1 1 9 -1
3552 0 8 -1
5967 0 1 -1 0 1 -1 13 -1
15293 1 5 -1 4 -1
18068 1 -1
13402 0 -1
16837 0 9 -1 2 10 -1 6 -1 13 -1 1 -1 7 11 -1 0 -1 1 1 2 13 -1 7 14 -1 0 0 0 7 7 7 7 -1 0 7 -1 1 -1 7 -1
28255 0 -1 3 -1 0 -1 11 -1 0 -1 0 9 -1 0 10 11 -1
15065 3 6 -1 3 6 -1
289 8 -1
2423 0 -1 1 -1
5183 0 5 -1 0 5 -1 9 11 -1 13 -1 2 9 -1 0 11 14 -1 2 9 13 14 -1 11 16 -1 0 13 -1
14226 4 11 -1
14875 0 11 -1 0 0 9 -1
4869 0 0 0 1 1 -1 10 -1
19658 0 -1
5356 5 -1
28539 0 -1 2 -1
14914 0 0 0 3 5 10 16 -1 10 -1 2 -1
15013 0 1 1 9 11 -1 0 1 2 9 10 16 -1
21547 1 2 2 -1
21790 0 -1 0 1 10 -1 0 3 -1 0 5 -1 0 -1 10 -1 0 -1
24858 0 12 -1 1 7 -1 1 7 -1 7 -1 5 -1
9480 0 8 -1 1 -1 0 1 10 -1
26206 7 -1 1 -1
18596 3 -1
22578 1 9 -1
1263 11 -1 2 2 7 -1
28805 0 10 -1 0 1 -1 0 11 -1 0 -1 1 -1
5312 1 1 3 4 -1 3 3 6 6 10 13 -1 0 -1
22169 0 -1
5134 4 -1 0 4 -1
11664 0 0 0 1 1 -1 0 13 13 -1 0 5 -1 0 -1 0 5 -1 5 -1 0 5 -1
19334 0 -1 2 -1 0 4 -1 0 -1
7337 1 -1 5 -1 1 4 4 5 6 -1 0 -1
24238 0 -1 5 6 -1 3 6 -1 3 -1
19882 0 -1 11 -1 0 -1 1 -1
19686 6 -1
30379 0 -1
25936 0 0 11 -1 1 3 -1 0 14 -1
1942 3 -1
9828 0 -1 0 3 -1 3 -1 0 -1 16 -1
20697 0 0 6 13 -1 6 6 14 -1
8282 5 -1
1791 1 10 -1
23709 0 5 -1 6 -1 5 6 -1
10447 0 13 -1
733 7 8 -1
25077 5 10 -1
25857 1 -1 0 -1 0 5 -1 1 -1 0 0 11 -1
3071 0 -1 4 -1 0 -1 10 -1 0 1 -1
5371 0 0 6 -1 1 3 3 5 -1
5050 2 3 -1 0 -1 0 0 1 1 5 6 9 -1
6281 0 -1 12 13 -1
29836 0 0 0 3 6 -1
29378 2 2 10 14 14 -1 2 11 -1 1 -1 2 -1
4580 3 -1 6 -1 3 -1 1 1 3 6 -1
31760 10 15 -1 1 -1
30442 6 8 8 -1
19101 0 -1 0 11 -1
23770 3 6 6 8 13 13 -1 3 -1 8 -1
26966 0 7 -1
26235 0 2 11 -1
14721 0 -1 0 11 -1 11 -1 0 3 -1 0 11 -1
4100 0 -1
8078 14 -1
30152 0 5 9 -1 13 -1
672 6 -1 3 -1
12275 3 -1
14306 1 -1 13 -1
23641 1 -1 0 -1 3 -1 0 1 -1 0 -1
24154 3 -1 6 -1 3 -1 0 -1
15889 1 4 4 5 -1 0 1 2 -1
25876 0 0 1 1 1 3 3 6 -1
7888 8 10 11 -1
25789 0 1 -1 0 -1 1 -1
15716 0 -1 6 -1 0 0 6 -1 0 6 -1 0 6 -1 0 0 6 6 6 -1
31294 5 -1 1 -1
1810 10 -1 0 0 2 -1 11 -1
13673 0 9 9 10 10 -1
4361 0 0 0 3 3 3 -1 4 -1
1620 0 10 -1 0 0 1 1 13 13 -1 13 -1
14461 4 -1 2 13 -1
18281 0 -1 10 -1 0 0 2 2 -1 0 9 9 -1
14713 0 11 -1
12619 5 8 -1
8565 10 10 13 13 -1 6 -1
6006 0 -1 0 0 1 3 -1 1 -1 13 -1 0 1 -1
8706 0 0 3 6 -1
11096 1 3 -1
25437 1 9 -1
13653 0 3 -1
14922 0 11 -1 9 -1 2 -1 0 4 -1
24499 0 0 0 1 6 6 6 -1
15465 3 -1 1 -1 1 5 7 -1 1 -1
18861 2 -1 10 -1 1 4 6 11 -1 3 -1
14642 0 -1 1 -1
18639 0 -1
19606 0 11 -1 0 -1 0 11 -1
1480 0 -1 1 2 9 -1 2 3 -1 2 -1 1 2 -1 10 -1 5 -1
28035 11 -1 0 -1 0 0 2 11 11 -1
31022 3 3 3 6 6 8 -1 6 -1 3 -1
11643 0 -1 3 -1 6 -1 0 2 -1 16 -1 0 -1
29267 3 6 -1 3 -1
12874 0 13 -1 0 -1 0 0 2 11 -1
5495 0 6 -1 2 -1 0 5 6 8 -1 0 6 -1 10 -1 0 -1
25106 0 11 -1 0 -1 0 5 -1 5 -1 0 0 3 -1 0 5 -1
28339 3 3 5 6 6 -1
9186 0 -1 0 13 -1 13 -1 0 0 13 -1
21223 0 0 10 10 10 11 16 -1
28135 6 -1 0 13 -1
477 1 -1
1382 1 -1
1804 11 -1
13533 0 11 -1
5721 0 -1
28013 0 9 -1 1 -1
12058 0 -1 0 9 10 -1
26429 0 -1 11 -1
24035 0 0 11 -1
11155 5 -1 5 6 6 -1 14 -1
12335 0 10 -1 0 13 -1
18688 1 1 6 -1 0 1 -1
26153 1 3 10 16 -1
9534 1 -1 6 -1 3 3 6 -1 6 -1 3 -1
7149 5 9 -1 5 -1 3 -1 3 5 9 -1 9 -1
9482 2 -1 0 -1 0 11 -1 0 5 -1 4 -1 0 -1 4 -1 0 -1 0 1 -1 1 -1 0 0 1 -1
14 0 -1 0 13 13 -1 0 -1 0 13 13 -1
28660 8 -1 0 8 -1 6 -1
30090 0 1 1 -1
21361 1 1 7 -1
9944 0 10 -1
5693 0 -1 0 0 1 1 6 9 -1 0 -1 0 5 -1 0 1 -1
6497 0 -1 0 3 -1 2 -1 0 0 10 -1 0 9 -1
27762 6 -1 0 5 6 -1 0 0 5 -1
4148 3 -1
26601 0 11 -1 0 0 0 6 6 -1
23033 5 -1 0 -1
1918 0 10 -1 1 -1 0 0 1 2 9 10 -1 6 -1 3 -1 0 0 1 -1 1 -1 1 5 5 9 -1
11074 0 0 1 1 -1
21596 0 1 -1
14409 5 -1
22019 1 -1 0 9 -1
11053 0 11 -1
21419 8 -1 7 -1
26067 0 10 -1 0 0 9 -1 0 11 -1 1 -1 0 1 -1
25389 0 0 3 6 -1 0 -1 3 4 -1 0 13 -1 0 0 2 13 -1 4 -1 0 -1 4 -1 0 4 -1 0 4 -1
18013 0 -1 3 -1 0 -1 1 -1 0 -1 16 -1 0 1 2 -1 0 3 -1
7588 7 -1 3 6 7 9 14 -1
20475 0 -1
26022 1 -1 3 6 6 -1 3 -1 6 -1 3 -1 1 -1 0 1 1 3 3 -1
5803 5 -1 14 -1 2 9 9 14 14 -1 14 -1
22279 16 -1 0 0 11 -1 3 -1 0 -1 10 -1
19204 0 10 -1
6599 0 13 -1 0 1 -1 0 1 1 13 -1
17792 5 -1 8 -1 6 -1 8 -1 0 -1 3 8 -1 6 -1 4 6 -1 6 8 -1 0 8 -1
25206 6 -1 8 -1 0 6 -1 6 -1
3318 0 1 5 6 -1 6 -1
24497 7 -1
31474 0 0 2 -1 1 -1 1 11 -1 0 10 -1 0 4 -1
10568 0 1 -1 0 -1 0 1 -1 1 -1
11596 0 13 -1 3 -1 0 -1 2 -1 0 0 0 6 10 13 -1 0 4 -1 0 -1 0 3 13 -1 0 0 1 4 11 -1
9580 0 -1 0 0 6 6 -1 6 -1 0 -1
5170 0 8 -1 0 8 11 -1 0 -1 0 8 11 -1
6695 7 -1
30806 1 1 14 -1 4 -1 7 -1 1 14 -1
10303 10 -1
29526 5 5 14 -1 4 -1 0 -1 4 -1 0 5 -1 3 -1
2566 0 -1 0 11 -1 0 3 3 10 -1 11 -1 0 -1
29203 0 -1 9 -1 16 -1 2 -1 0 4 16 -1 0 0 1 1 5 9 10 11 -1 4 -1 8 -1 0 -1
8523 0 11 -1 9 -1 6 -1
14917 2 6 6 13 -1
24470 1 -1 0 11 -1
19603 5 -1 3 -1
26831 6 8 -1
17739 8 -1 7 -1 3 3 6 6 -1 3 6 -1 3 6 6 -1 3 13 -1
6498 0 0 3 6 -1
21022 7 -1
30296 3 6 -1 6 -1 3 3 6 6 -1 3 -1 3 6 6 -1 3 -1 3 6 -1 6 -1 3 -1 3 6 -1 6 -1 3 -1 3 3 6 6 -1 3 6 -1 3 3 6 6 -1 3 6 -1
23203 5 8 8 -1 12 -1 3 8 -1
7762 11 -1 8 10 -1 1 10 -1 8 -1 0 -1 1 -1 13 -1 0 -1 3 -1
7554 1 1 2 3 13 -1
1953 1 -1
29848 0 6 -1
16502 0 1 9 -1 0 1 -1 5 -1
12594 0 0 9 13 -1 1 2 -1 11 13 -1 0 1 -1 9 -1
4614 0 0 3 -1
25543 0 -1 1 2 2 3 -1 1 1 1 2 2 3 -1
30466 3 3 6 6 -1
26083 5 7 -1
1784 0 8 -1 11 -1
21922 0 3 -1
18351 11 -1 0 16 -1 0 -1 1 11 -1 0 2 3 4 -1 0 3 -1 0 -1 0 3 5 -1 0 4 6 8 9 -1 0 11 11 -1 4 -1
24390 0 5 10 16 -1 10 -1 0 5 5 -1
15395 12 -1 3 -1 6 13 -1 12 -1 0 12 -1 0 -1
28740 13 -1 0 2 10 14 -1 14 -1 5 -1 2 10 14 14 -1 6 -1 3 4 -1 10 -1 0 -1 10 -1 1 -1 10 -1
5044 11 -1
11588 0 11 -1 0 -1 11 -1 0 -1
24581 7 11 -1 6 12 12 13 13 -1 7 13 -1
15547 11 -1 0 9 -1 0 0 2 6 13 -1 3 -1
5291 0 -1 0 10 10 -1 0 -1 0 16 -1
24757 7 -1
17619 5 -1 6 -1 5 -1 14 -1
10230 5 -1 6 -1
19346 0 1 2 -1 0 2 -1 0 -1 3 -1 16 -1
29951 0 2 -1 11 -1
29770 5 -1 6 -1 5 6 -1 5 -1 6 -1 5 -1 5 6 6 -1 5 -1 2 -1
25683 0 -1 1 -1 0 0 13 -1
5711 13 -1
4872 0 -1 5 6 14 14 -1 6 -1 5 -1 14 -1
26824 0 0 1 1 1 -1 0 0 0 1 1 -1
4631 3 -1
11884 0 -1 1 9 -1 1 9 -1 1 9 11 -1 2 -1 1 -1 11 -1 0 -1 2 -1 0 0 1 1 -1
13199 5 -1 12 -1 8 9 12 -1
26039 3 5 -1 6 -1
14620 0 -1
15052 5 5 6 -1 5 6 -1 3 9 11 -1 7 -1 3 5 7 8 -1 9 -1
8993 0 -1 0 6 16 -1 1 -1
4876 4 5 5 6 6 -1
21616 3 -1 5 6 -1 5 -1
25262 1 1 1 2 2 2 -1 1 2 -1
16064 0 11 -1 0 13 -1 0 0 1 -1
5227 2 -1
30955 5 -1
15752 0 11 -1
2049 0 0 3 9 -1 6 -1
7428 2 -1
2167 1 3 -1 1 -1 13 -1 1 13 -1 1 -1 1 13 -1 6 -1 3 3 6 -1 3 3 6 6 -1 3 6 -1 3 6 -1 6 -1 3 6 -1 3 6 -1 3 -1 1 1 1 3 9 -1 3 6 -1 3 6 -1 3 -1 6 -1 3 6 -1
6529 0 -1 11 -1
28508 0 0 0 0 0 0 1 5 9 10 11 11 -1 0 -1 11 -1 0 0 9 9 -1
9677 0 -1
554 0 6 -1 0 6 -1
31272 10 -1 13 -1 0 0 1 -1
19919 0 -1 2 -1 0 2 -1 0 0 1 9 -1 0 -1 0 1 -1 0 1 -1 1 -1 0 2 -1
974 0 5 -1
20774 0 0 1 -1
10425 8 11 -1 11 -1 3 4 4 8 8 10 11 -1 9 -1 13 -1 9 11 -1 2 -1 5 10 -1
6639 1 7 -1 1 8 -1 4 8 -1
13922 0 -1 13 -1
9227 0 0 10 -1 6 -1 3 -1 6 -1 3 6 -1 3 6 -1
27049 5 -1
5234 8 -1 0 0 1 8 10 10 11 -1 4 -1 0 4 8 -1
3930 3 3 3 3 6 6 6 -1
6971 0 11 14 -1
9268 0 3 -1
9431 0 -1 11 -1 14 -1 1 -1
13558 0 -1 1 -1 0 0 2 -1
9151 0 -1 1 -1 0 -1
24620 0 -1 0 9 10 -1 10 -1 0 13 -1 0 1 -1
1667 0 -1 0 10 10 -1 0 -1 3 -1
25481 7 -1
27892 0 6 -1 0 3 -1 10 -1 0 3 6 -1
21717 0 0 1 16 -1 13 -1
31592 9 -1 1 8 12 -1
24492 0 10 -1 0 -1 2 -1 0 -1 2 -1 0 0 1 -1 0 1 -1
5164 5 -1
18210 0 -1 5 6 -1 3 3 5 6 -1 5 -1 6 -1 3 -1
2403 11 -1
28989 3 3 3 9 9 11 13 -1 3 9 -1 3 -1 16 -1 10 -1 4 16 16 -1 8 -1 2 -1 3 -1
2668 0 -1
29947 0 -1 0 1 10 -1 1 -1 0 1 9 -1
16282 2 3 14 -1 5 14 -1
10725 0 0 1 6 11 -1 0 -1
7158 0 9 -1
12039 14 -1 5 -1
26589 0 3 -1 6 -1 0 3 -1
29158 0 -1
14589 6 -1 0 -1 6 -1 0 -1
31085 12 -1 13 -1 12 -1
20415 0 10 -1
28984 8 -1 6 -1
27349 0 9 -1 11 -1 0 -1 11 -1 1 1 11 11 -1 9 -1 3 11 -1
1449 0 3 3 6 6 -1
1153 9 -1
2759 2 5 8 8 -1
29750 8 -1 0 -1 16 -1 0 -1 3 3 10 -1
1458 12 -1 0 12 13 -1 13 -1 12 -1 13 -1
13262 12 13 -1 13 -1 12 -1 13 -1 12 -1
724 0 -1 6 -1 3 3 6 -1 1 1 3 -1
15578 0 0 6 13 -1 3 6 -1 0 3 -1 9 -1 0 -1 0 11 -1 1 -1
23098 0 3 6 -1 0 3 -1
20373 10 -1
3253 0 1 1 -1 0 -1 1 -1 0 -1
30742 5 9 14 -1
18115 0 -1 1 -1 10 -1 1 13 -1 1 13 -1 13 -1
1461 8 -1 0 -1 6 -1 3 -1 1 8 -1
23149 8 -1 4 5 8 -1 4 -1 4 8 -1
29588 3 5 6 -1 3 4 6 14 -1
2292 1 -1 1 3 6 11 -1 6 -1 3 -1 1 -1
8781 0 1 10 -1
11612 0 -1 0 2 -1
18660 5 6 -1
29540 0 0 1 11 -1 2 -1 0 2 -1 0 -1 10 -1
18259 0 0 6 13 -1
31503 5 6 -1 5 -1
17337 3 -1 3 8 -1 1 -1 7 8 -1 12 -1
6552 0 1 -1 0 1 -1 0 -1
1445 16 -1
13347 0 11 -1 0 3 -1 0 11 -1 0 11 -1 9 -1
11099 13 -1
23853 3 8 8 12 -1
4283 0 0 14 14 -1 0 14 -1 0 14 14 -1 0 14 -1 0 -1 0 14 14 -1 0 14 -1 0 -1 14 -1
10066 3 13 -1 0 -1 11 -1 5 -1 1 -1 5 -1 6 -1 5 6 -1 6 8 8 -1 3 -1
15936 0 3 -1 0 1 3 5 5 9 9 -1
23137 0 11 -1 1 -1 0 -1
10058 0 0 0 3 3 -1 3 -1 0 -1
26344 0 -1
12082 1 -1
27106 0 -1 0 16 -1
16099 7 -1
4863 3 6 -1
7327 8 -1 6 8 -1
16441 5 -1
11690 0 -1 3 -1 0 0 0 0 2 3 3 -1 3 -1
25931 11 -1 1 3 -1 3 11 11 -1 1 -1 3 -1 11 -1 4 11 -1 1 4 11 -1
26455 3 -1
22932 0 -1
15420 0 10 -1 0 10 -1 3 -1 0 10 -1 0 0 0 4 4 -1 0 4 -1 0 4 -1 4 -1 0 -1 4 -1 0 4 -1 0 -1 0 0 4 4 -1 4 -1 0 -1 4 -1 0 0 0 4 4 -1 4 -1
18158 0 13 13 -1 0 -1 0 0 13 13 -1 0 13 -1 0 13 -1
16294 0 -1 0 0 1 2 -1
21778 0 6 -1 3 -1 1 3 6 -1
11860 0 -1 1 2 11 13 -1 0 2 11 -1 11 -1 0 1 9 11 -1 0 -1 0 13 13 -1
10029 0 0 1 -1 10 -1
31528 0 -1 10 -1
8065 0 -1 10 -1 0 1 8 -1 1 6 -1 8 -1 0 -1 1 -1 3 8 -1
22289 0 -1 10 -1 0 9 -1 0 0 16 -1 0 2 9 -1 1 -1 9 -1 0 -1 0 1 9 -1
11691 0 0 0 1 1 2 2 11 13 -1
31109 7 -1
19292 0 -1
1729 0 -1 10 -1
12342 5 9 10 10 -1 4 4 4 5 5 -1 9 -1
3231 0 -1 4 -1 0 -1 0 2 13 -1 0 10 -1 0 1 -1 0 1 -1 0 0 1 -1 0 1 -1
6456 0 -1 5 9 14 -1 9 -1 6 -1 9 -1 1 -1
19118 0 10 -1
9277 0 -1
922 0 -1 0 0 1 3 6 6 -1 0 1 6 6 -1
21656 0 0 6 -1
30115 1 -1 9 -1
13183 0 0 3 3 -1
26998 11 -1
25251 8 -1
13048 3 8 -1 3 -1
12506 0 -1 0 11 -1 6 -1 0 -1 0 6 -1 3 -1 0 -1
7145 6 -1
20972 0 1 5 6 -1
26624 0 -1
3983 13 -1 0 13 -1 0 -1
14728 6 -1 3 -1
1789 1 -1 0 -1 11 -1 3 -1 0 10 -1 6 -1 5 8 -1 6 -1 2 11 12 -1 12 -1 12 13 -1 6 12 13 13 -1
6117 0 -1 0 1 -1 0 1 1 -1 0 0 1 -1 1 -1
24459 0 2 -1
22881 0 13 -1 0 13 -1 0 13 -1 0 13 -1
25551 13 -1 0 -1
22518 13 -1 12 -1 12 12 13 13 -1
25939 0 -1
5378 2 5 6 8 8 -1 1 3 -1
17454 6 -1 1 8 8 9 9 13 -1
24211 0 1 6 -1
9992 0 -1 13 -1 0 13 -1
7342 0 4 -1 4 -1 0 -1
31089 5 -1 5 6 -1 1 1 5 5 5 5 6 6 -1 0 -1 0 5 -1
6735 0 -1 8 -1
4196 2 -1
25794 0 3 4 13 -1
24089 0 -1 10 -1
16269 0 6 -1 3 6 -1 0 3 -1 6 -1 0 3 -1 3 6 -1 3 -1
17824 1 -1
17348 0 1 6 13 -1
4819 0 -1 0 1 -1 3 10 -1
4415 0 4 4 5 5 -1 4 -1 4 5 -1 0 5 -1
14933 3 6 7 -1 3 -1 6 7 -1
4811 1 1 3 -1
15926 13 -1 11 -1 13 -1
20023 0 0 3 3 6 6 -1 3 6 -1
363 0 -1 0 5 5 -1
9833 0 0 4 -1
20076 2 -1 0 -1 0 0 0 6 6 14 -1
21574 6 -1 0 -1 5 -1 0 0 1 5 6 -1
23264 3 11 -1 2 8 9 -1 0 2 14 -1 2 -1
13759 0 1 -1 10 -1
16374 8 12 -1 3 -1
17007 0 -1 2 -1 0 0 9 -1 9 -1 0 0 16 -1 10 -1 0 0 13 -1 10 -1 0 0 0 1 1 4 -1 1 -1 13 -1 0 13 -1 6 13 -1
13940 0 -1 2 -1
20632 6 -1 0 5 -1 6 -1 5 -1 6 -1 5 6 14 -1 6 14 -1 0 -1 6 -1 0 0 5 -1 5 -1 6 -1
18206 0 -1 13 -1 0 13 -1 0 -1 13 -1
25221 3 -1
21133 0 0 3 -1
9394 0 1 -1 0 0 1 1 -1 0 -1
14887 0 -1 3 -1 0 13 -1 0 0 10 -1 0 1 -1
24809 0 0 2 2 -1
24496 0 -1 1 -1 0 -1 0 9 10 -1 0 1 -1 0 0 3 -1
12691 6 -1
24811 0 3 10 -1 0 -1
24814 0 -1 0 0 0 3 6 6 6 11 -1 7 -1 3 -1
25576 0 7 -1 4 7 -1 4 -1 0 -1 4 -1
23075 0 1 -1
4780 11 -1
19956 0 5 -1 0 10 -1 0 3 10 -1
10443 0 -1 3 -1 0 -1 3 -1
26102 2 -1 4 10 -1 3 9 9 -1 6 9 -1 12 -1
14369 0 -1 0 10 -1
10618 1 2 3 -1
8292 0 10 -1 0 -1
30967 0 -1 1 -1 0 0 13 -1 0 1 -1 0 1 -1
22411 5 -1
287 2 -1
5597 0 1 10 -1 0 1 9 -1
29281 13 -1
31578 0 -1
25706 1 5 -1
795 6 13 -1
28872 10 -1 16 -1 1 -1 1 5 5 -1 1 5 13 -1 6 -1
12513 1 6 6 -1
7853 0 0 4 4 -1
2860 9 -1 14 -1 2 14 -1 5 9 14 -1 6 -1 3 -1 3 6 -1 3 6 6 -1 3 6 9 -1 5 -1 0 -1
10492 0 3 -1 3 6 -1
6993 13 -1
6067 1 -1 5 -1 6 10 -1
16925 0 3 6 6 -1 1 -1 0 -1
20798 6 -1 3 -1 6 -1 3 -1 6 -1 3 -1 0 5 -1
13495 10 -1
8525 0 -1 0 11 11 -1 0 -1 13 -1
16340 0 -1 0 0 0 1 3 10 11 -1
16285 0 1 -1 0 -1 3 -1 1 -1 0 -1 0 1 5 13 -1
5787 5 6 -1
8741 5 9 -1
3595 0 14 -1
6762 0 -1 3 3 6 -1 0 6 -1 0 4 -1
25933 1 -1
2272 0 -1 9 10 -1 0 -1
9781 0 -1
19722 0 7 11 -1 1 6 -1
29278 11 -1 0 8 -1 13 -1 0 2 -1 1 -1 13 -1 0 2 11 -1 0 9 10 -1 4 -1 13 -1 0 1 -1
19205 0 0 0 0 2 13 13 13 -1 0 -1 0 0 1 13 -1 0 13 -1
18728 0 11 -1 0 11 -1
10941 1 -1 1 11 11 -1 0 -1 11 -1
24948 6 -1 5 -1 8 -1 7 -1
3176 8 14 -1 2 -1
16262 8 11 -1 2 8 8 11 -1
6647 0 -1 0 1 -1
17472 5 -1 5 6 6 -1
23811 5 -1 5 6 -1
31465 1 1 14 -1 0 -1 14 -1 1 7 -1 2 4 5 10 -1 6 -1 1 11 13 -1 0 9 -1
19618 0 0 8 11 13 -1 0 -1 8 -1 0 8 -1
11763 0 -1 6 -1 0 0 7 11 -1 0 11 -1
13675 5 6 -1 5 -1
28954 0 -1 6 7 -1 3 -1 0 -1 4 -1 0 -1 4 -1
19633 0 -1 1 -1 0 -1 0 1 16 -1 0 -1
15805 1 -1
4490 0 -1
17260 3 6 -1 3 -1 3 6 -1
17789 0 10 -1 0 -1 16 -1 0 -1 9 11 -1 0 9 -1 1 -1 0 -1
28638 0 -1 0 13 -1 13 -1 0 -1 0 3 13 -1
23478 8 -1 0 -1 0 11 -1 11 -1
6212 0 7 -1 0 0 0 7 7 -1 0 7 -1 1 -1
4548 5 -1 11 -1 5 -1 11 -1
8802 6 -1
30814 0 1 11 -1
20793 0 3 -1 6 -1 0 0 3 6 -1 6 -1 0 3 -1 0 -1
20122 0 -1 1 -1
21252 0 0 1 11 -1 0 3 -1 6 -1 3 -1
31769 0 -1 0 5 -1 6 -1 0 6 -1 0 5 -1 0 0 5 5 -1
15390 0 -1 1 6 -1 0 -1 1 -1
2862 0 1 -1 0 -1 0 5 13 -1 0 -1 13 -1 6 -1
6210 5 6 -1
9185 0 -1
13549 3 5 5 6 8 -1
19173 0 1 5 -1
18517 5 5 6 14 -1
4946 0 2 -1 0 -1
18327 0 -1 10 -1 0 -1 1 -1
24601 0 0 6 -1
18718 0 0 0 10 11 -1 3 -1 0 0 3 -1
22423 5 -1
27370 8 -1 5 -1
17378 0 -1
5476 0 10 -1
12030 8 -1 0 -1 1 -1
3490 6 -1 5 -1
13568 0 -1
10817 3 -1 7 -1 4 -1
15603 3 6 6 -1 3 -1
21250 8 11 -1 1 8 -1 8 -1 1 2 5 8 8 11 -1
14516 0 6 -1 0 0 3 6 6 -1
22240 0 -1
7187 0 -1 1 -1 0 -1
15213 0 -1 1 -1
10172 4 -1
20466 6 -1 0 1 -1
8839 1 1 9 14 -1 0 1 -1 1 14 -1 9 -1
6950 6 -1 3 -1
6559 5 -1 0 -1
24119 6 -1
23597 0 -1 0 0 10 13 -1
2316 8 -1 3 8 -1 6 -1 0 5 6 8 -1 7 -1
13059 5 6 14 -1 9 14 -1 5 -1
25033 0 13 -1
13968 6 -1 0 -1 10 -1 0 -1 0 3 11 15 -1 0 15 -1 15 -1 0 0 15 -1
291 0 0 7 -1 0 7 -1
25940 0 0 11 -1 0 3 -1
20635 7 10 -1 3 6 7 7 12 -1 3 7 -1
21672 0 0 0 1 1 10 -1 0 -1 11 -1 0 -1 0 0 6 10 11 11 -1 3 -1
9023 0 5 -1
22338 0 5 -1 6 -1 0 4 5 5 10 -1 13 -1 10 -1
21083 11 -1
30196 9 -1
5384 0 -1 1 1 5 13 -1
9970 13 -1
3520 8 -1
789 0 8 16 -1
25520 0 1 5 -1 13 -1 1 5 13 -1
28155 10 -1
1318 0 -1
18104 0 -1 4 -1 0 4 -1 0 -1
30343 0 0 6 6 11 11 -1
18995 0 0 4 5 -1 0 -1 4 5 -1
7385 0 0 0 0 1 2 16 -1
19772 11 -1
22978 0 1 -1
8171 2 -1 14 -1
25935 1 9 -1
14591 1 6 -1 11 -1
31530 0 -1
21344 5 -1
8529 0 0 3 5 7 -1
14243 0 1 -1
8489 0 0 3 10 -1 0 10 -1
4440 0 5 8 -1 6 -1 1 1 3 -1
8726 5 6 -1
14260 0 3 13 -1 1 -1
3034 1 2 3 5 10 -1 0 3 5 -1
9208 0 9 -1
5650 5 6 -1 5 -1
31187 0 0 9 -1
21687 1 -1
7276 2 3 -1 5 5 6 -1 6 -1
11548 8 -1
18553 5 -1 1 -1 1 5 -1 5 -1 1 8 10 -1 1 5 5 -1
3505 0 -1
30578 3 5 -1 3 6 -1 3 6 -1 3 3 3 6 6 6 -1 3 -1
10302 0 1 6 -1
5217 0 0 1 10 11 -1 1 1 13 -1 4 -1 1 -1
28316 1 2 11 11 -1
5094 5 10 -1 1 -1
2487 14 -1 3 6 6 -1 3 -1
20186 0 -1
24958 5 9 -1 5 -1 3 -1
13609 5 8 8 -1
12537 0 0 1 3 6 6 9 11 -1 3 6 -1
27895 5 6 6 -1 5 -1
23990 14 -1 0 10 -1
11654 3 6 -1 0 3 3 6 -1 3 3 6 -1
18234 0 0 13 13 -1
10393 3 6 -1 1 3 -1
23451 0 -1 9 -1
26317 0 1 -1 10 -1 0 0 1 2 6 10 13 -1 3 -1 6 -1
4515 7 8 -1 1 -1 6 8 -1
26004 1 5 9 10 -1 4 14 14 -1
20860 0 1 -1 5 6 -1 0 2 -1 0 3 6 -1 3 -1 2 -1
11621 5 -1 5 14 -1 1 -1 3 -1 5 9 -1 6 9 -1
26092 3 -1 3 13 -1
19548 3 -1 0 10 -1 11 -1 10 -1 0 -1
23062 14 -1 2 -1
17264 13 -1 0 13 -1 0 -1 1 13 -1 0 5 6 9 14 -1 5 -1
22844 14 -1
1632 13 -1 1 -1
26686 0 -1 0 13 13 -1 0 -1
4011 8 -1 1 3 5 -1 1 13 -1 1 2 -1
4155 2 4 10 10 -1
3645 5 13 -1 0 1 3 6 6 -1
16292 3 13 -1 3 -1 3 6 13 -1 3 13 -1 3 -1
9184 0 0 2 5 5 5 -1
3274 0 -1 1 1 2 4 7 -1 0 1 1 1 14 -1
25060 0 -1
8936 0 7 -1
14486 1 -1 7 13 13 -1 0 -1 13 -1 0 3 -1 5 13 -1
4561 0 -1 0 5 11 14 -1 10 -1 10 16 16 -1 9 13 -1 9 -1
24292 12 13 -1 12 -1
14513 8 11 -1 8 8 11 -1
9146 10 -1 8 -1
7842 5 -1 2 -1
5395 0 0 1 -1 1 -1 0 10 -1 3 3 11 -1 0 2 9 -1
30975 0 1 5 -1 1 -1 1 13 -1 13 -1
24677 0 1 -1 10 -1 0 -1 1 3 6 -1 0 -1
13954 0 5 -1
11113 0 -1 13 -1 0 5 -1 0 5 6 -1 7 -1 10 -1
28857 0 0 10 -1 10 -1 0 -1 2 -1 0 1 2 -1 0 -1
15338 0 -1 0 1 4 -1 0 -1 0 2 16 -1 0 2 4 -1 0 -1 0 1 -1 1 -1
29354 1 -1 4 14 -1
28413 4 -1 2 -1
6567 0 0 2 -1 0 1 1 -1
29964 8 -1 7 -1
9624 0 0 6 -1
19951 0 -1 3 -1 3 6 9 -1
22502 10 -1 0 0 3 -1 1 -1 0 0 1 -1 1 -1
13248 0 2 -1 0 0 1 1 -1
3578 0 -1 0 13 -1
3543 1 10 -1 0 12 -1
31652 5 14 16 -1 5 6 -1 1 4 6 -1 1 3 -1
13662 1 -1 0 0 0 1 14 -1
27650 5 6 -1 2 5 5 5 6 14 14 -1
27318 1 7 8 -1 5 -1 6 -1 3 3 6 -1 3 6 -1 6 -1 3 -1 3 6 6 -1 3 -1 6 -1 3 -1 6 -1 3 -1
16 6 -1 3 -1 1 -1 3 -1 6 -1 1 -1
20034 0 1 2 2 11 14 -1 6 -1
28319 6 8 -1 8 -1 0 1 3 3 6 -1 0 1 1 -1
28955 0 -1
8028 0 1 16 -1 0 -1 2 -1 0 -1 2 10 -1
21709 2 -1
11714 3 -1 0 10 -1
20445 8 -1 0 8 -1
22661 3 -1
3434 0 0 13 13 -1 0 13 -1 0 -1 9 -1
28164 0 -1
27007 0 9 11 -1
5681 0 3 -1 1 -1 11 -1 9 -1 1 3 3 5 -1 6 13 -1
1849 0 2 -1 0 0 0 1 2 -1 0 10 -1
28999 2 -1 6 9 -1 10 -1 0 1 4 4 5 7 -1
24290 5 -1 3 -1 3 5 9 -1 0 -1 0 14 -1
18416 0 -1 6 -1 0 3 -1 0 1 10 14 -1 11 -1 0 6 -1
14611 0 1 -1 13 -1 0 -1 13 -1 0 -1 0 14 -1
5709 10 16 -1 9 -1 3 6 6 -1 3 -1 6 -1 3 -1
11008 6 -1
10899 13 15 -1
21017 0 0 13 -1 1 -1 2 9 -1 0 -1 1 -1
6665 0 0 1 9 -1 9 -1
10596 0 5 -1 0 5 -1 12 -1 7 8 -1 0 -1 7 -1
30527 11 -1 13 -1 11 -1
31431 0 0 11 -1
30380 0 5 -1 0 0 2 3 5 5 9 9 -1
25630 0 -1
5608 5 10 -1
19695 0 -1 6 -1 0 -1 6 -1
3130 1 -1 0 -1 13 -1
6815 5 -1 8 -1
10338 1 11 -1 0 -1 3 6 -1 0 -1
13693 0 0 10 -1 0 2 -1
29673 0 -1 0 0 1 9 10 11 11 -1 1 -1
17146 0 9 -1
12300 0 -1 2 -1 0 10 -1 0 0 3 -1
10397 0 6 -1
15708 1 3 -1
9958 8 -1 1 6 8 8 -1 5 7 13 -1 5 -1 5 13 -1 7 -1 8 10 -1 2 -1 1 2 2 3 9 -1 6 -1 3 -1 6 -1 3 -1 2 -1 8 10 10 -1
25074 3 6 -1
29401 3 -1
30187 0 -1 1 -1 0 0 1 1 -1 0 0 0 1 1 5 -1 0 -1 0 9 9 -1 0 0 9 -1
1929 6 7 8 8 -1 6 -1
28970 1 -1 3 -1 1 -1 1 5 -1
152 0 16 -1 0 -1 0 1 2 -1
1548 0 -1 5 -1 0 1 -1
115 0 3 -1
15718 3 -1 0 11 13 -1
4356 1 -1
17210 11 -1 3 5 -1
29838 0 1 11 13 -1 3 -1 3 10 13 -1 4 5 10 -1
4743 11 -1
7972 0 6 -1 6 -1 0 0 11 -1 1 -1
4240 11 -1
31680 0 -1
20882 0 6 13 -1 13 -1 6 -1
20454 0 -1 0 13 -1
22851 0 -1 6 -1 3 -1
2588 13 -1 0 4 9 -1
27864 11 -1 0 1 10 -1
1500 0 9 -1 10 -1 0 -1 5 6 -1 5 5 5 6 6 -1
20005 12 -1
10719 4 4 14 14 -1 14 -1
1823 7 -1
2921 11 -1 1 2 -1 5 11 13 -1 9 -1
953 14 -1 1 13 -1
23383 13 -1 0 -1
1586 0 13 -1 9 -1 1 2 11 16 -1
412 0 -1
4546 6 -1 5 -1
8155 0 0 3 13 -1
18086 5 -1 2 7 -1
15078 8 -1
4421 0 0 2 9 11 -1 9 -1
23808 0 1 1 -1 0 13 -1
5652 0 0 0 3 5 5 9 -1 0 -1 9 -1 5 -1 1 -1 0 1 3 5 9 -1
25838 0 1 -1 0 -1 2 -1
29771 3 3 6 -1
30359 3 3 8 12 -1 8 -1
9447 11 -1 1 11 13 14 -1 1 -1 2 -1 6 -1 9 10 -1 1 4 4 5 7 -1 1 2 -1 0 1 -1 0 14 -1 3 -1 0 -1 3 -1 3 6 -1
5851 5 -1 0 11 13 -1
19476 0 16 16 -1
9813 2 13 -1
5602 1 6 -1 3 -1 1 -1
12312 0 1 3 -1
4664 0 -1 2 -1 0 -1 10 -1 0 0 0 11 11 -1 0 5 -1 4 -1 0 -1 11 -1 0 -1 0 1 4 11 -1 0 1 -1 0 11 -1 4 -1
223 1 -1
12817 0 -1 1 -1 0 10 -1 0 0 11 -1
17363 0 0 3 -1
780 11 -1 0 -1 0 2 4 -1 0 5 -1 0 -1 4 -1
31059 6 -1 3 -1 0 -1
8442 3 6 -1
9159 0 0 1 11 -1 5 11 -1 0 6 11 -1 15 -1 0 -1
5717 11 -1 0 1 -1
1720 0 -1 10 -1 0 14 -1 3 5 14 14 -1 1 2 14 -1 6 -1
21987 0 -1 0 1 -1 0 0 1 1 -1 0 11 -1 0 13 -1 1 -1 0 -1 13 -1
20779 1 1 11 -1 1 2 11 11 -1 0 3 6 8 -1 0 -1
4385 5 -1
12827 3 4 6 -1 3 4 -1
28126 14 -1
7745 13 -1 0 -1
24973 9 -1 11 -1 9 -1 11 -1 2 9 -1 0 1 5 -1 5 6 -1
29895 0 6 8 -1
10449 0 -1 0 0 0 6 6 6 9 -1
1786 0 -1
7501 1 -1
13699 0 0 0 11 13 -1 11 -1 0 -1 0 13 -1 13 -1 0 -1
27000 5 6 -1 3 6 -1 3 6 -1
4366 0 16 -1 0 -1 1 -1 0 -1 1 3 -1 0 0 3 6 13 -1
26410 3 -1 5 -1
3196 6 12 -1 6 12 12 -1
16681 0 0 1 5 5 11 -1
10403 0 2 -1
920 0 3 -1
17453 0 -1 0 2 -1 0 1 -1 1 -1
11933 0 -1 7 -1
30831 6 -1 9 11 -1
653 1 -1 1 13 13 -1
9328 2 8 -1 2 -1 0 -1 6 -1
12041 6 9 -1
7434 5 14 -1 4 9 14 14 -1 1 -1 13 -1
22626 11 -1 0 10 -1 0 -1 1 -1
5345 0 -1 10 16 -1
478 0 0 0 0 2 3 13 -1
24193 1 -1
28825 11 -1 0 5 11 -1
31691 1 13 -1 1 -1 2 9 -1
11917 5 -1 6 -1 5 -1 2 6 -1 10 -1 0 10 -1 3 12 12 -1 0 13 -1
20659 0 1 -1
5690 0 -1 1 -1 0 0 1 1 -1 0 1 -1 0 -1 0 0 2 10 -1 4 -1
13865 0 6 6 -1 0 -1 6 -1 11 -1
10745 0 -1 0 1 2 -1 1 2 11 -1 6 11 -1 3 -1 6 -1 3 -1 1 9 -1 0 -1
18745 1 13 -1 12 -1
18408 0 -1 6 -1
17545 0 1 -1
17546 8 -1 0 3 -1 3 8 8 -1
20686 0 0 4 9 -1 0 11 -1 1 -1 0 2 5 -1 0 11 -1
16634 1 -1 5 -1 1 5 -1 1 -1 5 -1 5 6 -1 6 -1
27962 2 5 5 5 6 6 -1 5 6 6 -1
27217 0 -1 11 -1 0 0 10 -1
23695 3 -1
20854 0 -1
29500 0 3 -1 0 -1
2632 0 0 5 5 -1 0 -1
27949 2 7 8 8 8 9 -1 8 -1
16080 1 -1
27236 0 1 -1
25963 1 1 5 9 -1
26515 0 0 6 -1
30589 0 -1 0 1 -1 5 14 -1 9 -1 14 -1 0 5 -1
1898 6 12 -1 12 -1 6 8 -1 0 1 6 6 -1 3 -1
16587 13 -1 6 -1 3 -1 2 9 -1 4 5 10 -1
28195 0 0 1 11 -1 0 0 1 11 -1 5 -1 0 0 5 15 -1 0 -1
6199 1 -1 0 -1 2 5 13 -1
5906 0 0 7 -1 0 7 7 -1
10409 0 5 14 -1 0 5 -1
8369 0 8 -1
17945 1 -1 3 4 -1
29747 7 7 8 8 -1 8 -1 3 3 8 8 11 -1 3 8 -1 3 13 -1 8 -1 12 -1 13 -1
28489 0 -1 0 6 -1
27019 0 6 -1
7291 0 12 -1 0 -1 12 -1 0 -1 0 0 12 13 -1 0 12 13 -1
18261 0 -1 0 1 -1
31213 1 5 5 -1
18054 0 0 1 11 11 -1 1 11 11 -1 0 1 11 11 13 -1 13 -1 0 -1 11 -1
25224 5 6 -1 3 -1 6 -1 3 -1 3 6 -1 0 0 6 -1 5 -1
1948 0 -1 13 -1 0 -1
22433 0 1 -1 13 -1 0 0 11 -1
3119 3 3 6 6 -1
12263 0 11 -1 9 -1 0 5 6 -1 13 -1 0 5 11 -1
6042 0 -1 2 -1 0 3 11 -1
20703 0 1 -1 0 0 1 3 11 -1 0 0 3 -1
26254 6 -1
19022 5 6 -1
