20
1 13 14 -1 12 13 14 -1 3 -1 3 -1 13 -1 0 -1 14 -1 8 -1 0 8 14 -1 9 10 11 -1 0 -1 9 -1 12 -1 11 13 14 -1 0 14 -1 10 -1 11 -1 7 11 14 -1 10 -1 11 14 -1 2 -1
2 9 -1 0 -1 9 -1 9 -1 11 -1 8 14 -1 14 -1 1 -1 12 14 -1 1 -1 14 -1 8 14 -1 14 -1 6 13 -1 13 14 -1 10 14 -1 4 5 14 -1 9 11 13 -1 8 -1
3 11 14 -1 7 -1 1 5 -1 13 -1 1 3 6 -1 13 -1 4 -1 13 14 -1 11 -1 2 13 -1
4 10 11 14 -1 4 10 12 13 14 -1 2 3 10 13 -1 9 13 14 -1 6 -1 4 -1 8 -1 4 6 -1 0 -1 1 8 -1 11 14 -1
5 12 14 -1 3 6 11 12 -1 3 -1
6 12 14 -1 5 10 -1 5 -1 13 14 -1 14 -1
7 9 -1 0 -1 12 -1 6 8 14 -1 9 13 -1 1 2 -1 1 -1 3 11 -1 0 -1 9 -1 1 -1 9 12 14 -1
8 4 14 -1 4 -1 2 5 14 -1 5 -1 8 11 -1 14 -1 13 -1 2 11 -1 12 13 14 -1
9 12 13 -1 1 5 14 -1 12 -1 4 -1 4 6 13 -1 3 7 8 -1 2 9 10 13 14 -1 0 6 -1 11 13 -1 10 -1 12 14 -1 1 -1 8 -1 11 -1 4 -1 0 -1 4 -1 4 -1
10 7 -1 6 -1 13 14 -1 13 14 -1 12 -1 11 12 14 -1 3 7 -1 13 14 -1 8 12 14 -1 6 -1 14 -1 6 -1
11 12 -1 10 -1 7 9 11 -1 13 14 -1 4 13 14 -1 7 -1 5 8 10 -1 9 -1 3 -1 14 -1
12 9 -1 14 -1 3 -1 11 -1 0 1 -1 9 -1 11 13 14 -1 0 -1 7 14 -1 6 -1 13 14 -1 2 -1 11 -1
13 5 10 11 -1 0 9 -1 12 -1 13 -1 9 14 -1 5 -1 0 2 -1 1 -1 0 -1
14 4 -1 1 13 -1 9 -1 5 8 -1 10 -1 1 14 -1 6 -1 8 -1 5 12 13 14 -1 7 -1 12 -1 0 -1
15 12 -1 12 -1 0 7 12 14 -1 9 -1 14 -1 0 1 12 13 -1 10 -1 9 10 14 -1 11 -1
16 6 -1 11 13 -1 8 -1 10 -1 4 -1 12 14 -1 0 4 -1 9 -1 12 -1 14 -1 4 11 -1
17 2 5 -1 10 -1 3 -1 0 2 7 10 -1 10 14 -1 8 -1 12 -1 13 -1 2 -1 10 -1 13 14 -1 5 13 14 -1 13 14 -1 6 -1 7 -1 9 13 14 -1 2 -1 10 13 14 -1
18 9 11 -1 10 -1 5 -1 5 -1 5 12 -1 13 14 -1 14 -1 12 13 14 -1 11 -1 6 -1 3 -1 3 13 -1 9 -1 3 8 -1 8 14 -1 4 -1 11 -1 14 -1 9 -1 4 -1
19 5 -1 14 -1 14 -1 1 -1 6 -1 12 14 -1 11 14 -1 10 14 -1 1 -1 1 11 -1 1 11 -1 3 14 -1 0 10 -1
20 10 -1 13 -1 8 -1 11 -1 4 -1 6 11 -1 6 9 -1 13 -1 4 7 -1 1 -1 11 -1 0 -1 3 -1 1 6 14 -1 7 12 -1 9 12 -1 5 11 -1 6 -1 5 9 12 -1 7 -1 8 -1
