20
68 13 14 -1 10 -1 7 -1 3 -1 14 -1 10 11 -1 3 14 -1 14 -1 1 -1 0 13 14 -1 2 -1
97 14 -1 3 4 12 14 -1 1 14 -1 2 -1 4 -1 8 -1
98 11 12 14 -1 10 -1 5 14 -1 10 13 -1 0 9 14 -1 4 -1 9 -1 10 11 -1 11 -1 14 -1 14 -1 14 -1 12 -1 1 -1 0 10 13 14 -1 4 6 -1 2 -1 13 -1 9 -1 0 -1 7 10 -1 0 -1
99 6 12 14 -1 12 -1 11 14 -1 0 -1 10 -1 6 8 9 14 -1 9 13 -1 9 -1 8 -1 14 -1 5 -1
100 13 14 -1 13 14 -1 10 -1 0 10 13 -1 11 14 -1 5 -1 3 8 12 13 14 -1 7 -1
101 13 14 -1 13 14 -1 13 14 -1 8 -1 10 11 14 -1 11 13 14 -1 6 10 -1 12 13 14 -1 8 11 13 -1 4 6 9 14 -1 7 -1 7 -1 7 -1 1 -1 8 -1 10 14 -1 0 -1
102 13 -1 6 11 -1 9 11 14 -1 7 -1 12 -1 11 -1
103 4 13 14 -1 13 14 -1 1 -1 2 -1 4 5 6 10 -1 10 -1 4 7 -1 4 11 12 13 -1 4 -1 4 7 14 -1 2 -1 9 13 14 -1
104 4 7 14 -1 2 10 -1 12 13 -1 7 -1 3 -1 9 -1 4 -1 9 11 -1 7 12 -1 2 14 -1 14 -1
105 4 14 -1 12 -1 2 8 14 -1 13 -1 11 13 14 -1 4 7 11 13 14 -1 6 -1 0 -1 13 14 -1 5 -1 3 -1 13 -1 12 -1
27 1 -1 12 -1 6 -1
8 4 12 -1
60 13 14 -1 2 -1 11 13 -1 13 -1
106 4 -1 10 -1 11 13 -1 13 14 -1 13 14 -1 8 14 -1 6 11 14 -1 5 -1 7 8 -1 3 -1 3 12 -1 3 -1
47 8 -1 6 -1 12 14 -1 8 14 -1 9 -1 13 -1 13 14 -1 2 -1 1 10 11 13 -1
107 5 -1 6 14 -1 11 -1 11 14 -1 4 -1 8 -1 2 10 12 13 -1 8 -1 2 8 12 -1 8 14 -1 11 12 -1 3 7 -1 6 13 -1 8 12 -1 11 -1
108 3 -1 11 14 -1 14 -1
109 13 14 -1 14 -1 1 -1 7 14 -1 2 -1 8 -1 8 -1 3 13 -1 13 -1 6 10 -1 11 -1 8 12 -1
90 14 -1 9 11 -1 5 -1 10 -1 6 9 10 -1 10 12 -1 14 -1 4 -1
110 9 -1 7 -1 12 13 14 -1 7 -1 2 -1 9 -1 2 -1 10 -1 7 -1 8 -1 0 -1 0 -1 1 -1 12 13 14 -1 7 9 10 11 12 14 -1 4 -1 10 -1
