16
112 0 -1 13 14 -1 5 14 -1 0 8 -1 0 7 9 -1 13 -1 0 -1 14 -1 10 -1 12 13 -1 13 -1 5 -1 3 4 -1 0 10 11 -1 10 -1
113 2 -1 12 14 -1 1 -1 10 11 -1 12 13 -1 5 12 14 -1 2 12 -1 6 9 -1 12 -1 8 -1 10 -1
114 2 9 10 11 -1 6 7 -1 4 7 8 -1 7 -1 2 10 12 13 -1 12 13 14 -1 10 12 -1 10 11 12 13 14 -1 10 13 -1 6 -1 7 -1 2 -1
81 8 -1 8 -1 6 8 -1 2 -1
115 8 9 13 14 -1 8 -1 10 14 -1 9 -1 4 -1 13 14 -1 11 -1 13 14 -1 11 14 -1 3 6 -1
12 5 -1 2 13 -1 8 -1
59 3 -1 2 -1 11 12 13 -1 4 14 -1 10 -1
116 3 -1
31 11 13 14 -1 0 -1
117 5 -1 12 14 -1 4 9 -1 1 8 -1 8 9 10 -1 0 -1 1 13 14 -1 11 14 -1 9 -1 3 8 10 -1 8 12 -1 5 11 12 -1 8 13 14 -1 3 -1 12 -1 8 -1 14 -1
118 10 -1 13 14 -1 8 -1 10 -1 3 4 -1 9 -1 5 -1 6 -1 14 -1 7 14 -1 9 13 14 -1 8 -1 5 -1 9 -1 11 13 14 -1 5 12 14 -1 3 -1 9 -1
119 13 14 -1 9 -1 13 14 -1 13 14 -1 12 14 -1 14 -1
71 11 -1
73 14 -1 12 13 -1
120 0 8 -1 1 -1 5 14 -1 2 -1 9 11 -1 1 7 -1 12 13 -1 3 -1 2 -1 12 14 -1 10 -1 3 -1 7 -1 9 -1
121 4 14 -1 5 -1 2 10 -1 5 -1 6 14 -1 11 14 -1 9 -1 9 11 12 -1 6 11 12 -1 4 -1 0 -1
