17
24 14 -1 14 -1 0 9 -1 6 13 14 -1 9 13 -1 10 12 -1 10 13 -1 3 6 14 -1 2 5 13 -1 8 -1
122 3 -1 2 6 12 -1 11 -1 14 -1 12 -1 2 -1 3 9 -1 5 11 12 13 -1 1 -1 2 13 14 -1 10 13 -1 14 -1
123 9 -1 8 14 -1 2 -1 5 -1 6 9 -1 11 14 -1 11 -1 6 -1 5 11 -1 3 -1 1 14 -1 12 -1 5 -1 1 -1 6 -1 2 -1 1 -1 14 -1 1 11 -1 8 12 -1 9 13 -1 5 -1 7 -1 10 -1 11 13 -1
6 2 -1 10 14 -1 0 -1 8 -1
61 8 13 -1
124 1 -1 9 13 14 -1 2 3 -1 9 -1 14 -1 1 14 -1 7 13 -1 4 -1
121 2 -1
125 7 -1 12 13 14 -1 3 7 -1 4 13 14 -1 5 8 -1 10 14 -1 3 -1 0 -1 6 13 -1 1 -1 8 -1
126 8 -1 11 12 14 -1 10 -1 7 11 12 13 14 -1 10 -1 0 6 -1 1 6 10 -1 10 -1 13 14 -1 0 5 13 -1 5 -1 9 -1 11 -1 0 -1 8 14 -1 12 -1 10 -1
12 9 -1 7 -1
127 6 -1 9 12 14 -1 3 6 9 11 13 -1 7 -1 14 -1 14 -1 11 -1 4 9 13 -1 3 -1 12 14 -1 11 13 -1 6 14 -1 0 8 9 -1 8 9 11 -1 13 -1 3 6 -1 3 -1
88 1 -1 5 11 -1 6 8 -1 1 -1 7 13 14 -1 6 -1 8 -1 0 10 -1 1 10 -1 2 12 14 -1 5 -1 0 -1 11 -1 14 -1 13 -1 11 12 -1 12 -1 13 14 -1
128 8 11 -1 4 -1 11 -1 13 14 -1 8 13 14 -1 6 12 -1
129 2 -1 6 -1 2 -1 5 11 -1 0 -1 3 -1
130 10 -1 5 -1 1 4 -1 6 11 -1
131 8 -1 6 -1 13 -1 8 10 -1 13 -1 14 -1 13 14 -1 1 13 14 -1 11 -1 2 -1 1 14 -1 1 2 -1
7 0 1 -1 0 11 12 -1 14 -1 0 3 -1 2 10 11 -1 5 -1 8 -1 7 14 -1
