17
132 0 -1 3 13 -1 6 -1 9 -1 2 -1
133 6 -1
134 0 11 -1 12 -1 0 -1 6 -1
135 14 -1 14 -1 0 14 -1 13 14 -1 10 13 -1 11 -1 7 10 12 -1 8 11 -1 3 7 10 13 14 -1 2 -1 0 3 -1 3 -1
112 0 -1
136 11 -1 14 -1 1 -1 5 -1 9 10 13 -1 4 -1 1 -1 12 -1 11 -1 3 -1 3 10 11 12 14 -1 2 14 -1 5 10 12 -1 11 14 -1 14 -1 14 -1 11 -1 14 -1 14 -1 4 11 -1 4 -1 8 -1 12 -1
74 0 13 14 -1 11 13 -1 14 -1 5 8 11 -1 12 14 -1 1 -1 1 12 -1 6 -1
44 9 -1
137 4 5 11 14 -1 13 14 -1
138 11 -1
139 4 -1 7 14 -1 8 14 -1 11 12 -1 10 -1 1 -1 8 14 -1 7 -1 8 13 14 -1 12 14 -1 3 -1 10 -1 5 -1 9 14 -1 8 -1 2 -1 0 14 -1 9 -1
96 5 9 -1 4 -1 14 -1 10 -1 0 9 10 11 -1 0 -1 10 12 -1 4 -1 9 -1 12 -1 9 -1 11 12 13 -1 9 11 -1 3 -1
41 0 -1 10 -1 5 -1
72 3 -1
140 14 -1 10 -1 11 -1 5 12 -1 3 11 12 -1 1 4 -1
124 8 13 -1 6 -1 12 -1
39 3 -1 0 11 12 14 -1 14 -1 2 -1 5 -1 11 -1 1 9 11 -1
