19
9 11 12 -1
21 4 -1 5 9 -1 14 -1 11 -1 5 12 -1
3 2 -1
22 5 -1
23 14 -1 10 -1 7 -1 5 7 -1 12 -1 13 14 -1 3 -1 12 -1 13 -1 1 8 -1 13 -1 12 -1 3 8 11 -1 3 10 -1 10 14 -1 11 -1 1 5 -1
24 7 -1 6 -1 10 -1 9 -1 7 -1 13 14 -1 6 12 13 14 -1 11 14 -1 12 -1
15 4 6 -1
8 2 -1 10 13 -1
25 12 13 14 -1 9 -1 12 -1 8 -1 10 -1 1 5 12 13 -1 14 -1 13 14 -1 10 -1 2 -1 5 9 -1 1 -1 9 -1 5 -1 3 -1 10 -1 2 13 -1 0 5 6 8 10 11 -1 12 -1 11 -1
26 11 -1
27 0 -1 0 -1 4 -1 6 14 -1 1 -1 1 7 -1 7 13 -1 1 -1 4 -1 2 -1 1 -1 1 5 -1 0 11 -1 1 -1
28 12 13 -1 13 14 -1
29 11 -1 13 14 -1 8 10 -1 1 -1 11 14 -1 7 8 12 13 14 -1 6 9 -1 13 -1 14 -1 13 -1 8 -1 12 -1 5 -1 2 6 -1 0 6 -1 8 11 -1 9 -1 2 -1 0 -1 2 -1
14 1 2 -1 9 10 12 -1 3 12 -1 6 12 -1 11 -1 6 14 -1 8 -1 10 -1
30 11 -1 8 -1 1 11 13 -1 3 -1 5 -1 5 -1 0 -1 5 13 14 -1 12 14 -1 3 13 14 -1 12 -1 9 12 -1 13 14 -1 8 11 -1 7 -1 2 -1 10 -1 1 -1
31 11 14 -1 11 -1 13 14 -1 12 14 -1 8 10 13 14 -1 13 -1 7 -1 10 -1 3 10 -1 11 -1 3 7 -1 0 4 -1 12 14 -1 4 13 -1 5 -1 14 -1 8 -1 13 -1 3 -1
32 3 8 12 -1 1 -1 9 13 14 -1 1 14 -1 3 -1 9 12 13 -1 1 -1 9 -1
33 7 -1 3 -1 7 12 -1 7 -1
34 3 -1 5 -1 5 -1 14 -1 11 -1 13 -1 7 -1 2 9 -1 2 10 -1 8 -1 3 12 13 -1 8 -1 1 -1 7 -1 7 -1 6 -1 12 -1 2 10 13 -1
