16
35 1 -1 8 13 14 -1 13 -1 6 -1 7 13 -1 1 14 -1 0 2 -1 2 -1 3 -1 0 -1 5 8 13 -1 9 -1 1 6 13 14 -1 5 -1 12 -1 7 12 -1 13 -1
10 10 -1 4 12 14 -1 5 8 -1 0 2 8 13 14 -1 13 14 -1 6 -1 12 -1
36 4 9 -1 11 12 14 -1 7 14 -1 4 -1 7 9 -1 1 12 -1 11 13 -1
11 10 -1 11 -1 13 -1 13 -1 9 -1 12 -1 10 14 -1 11 -1 10 -1
37 12 -1 1 9 -1 5 12 13 -1 2 -1 3 6 -1 14 -1 3 6 9 -1 8 13 14 -1 9 11 -1 12 -1 11 -1 12 -1 10 -1 9 12 14 -1 5 8 -1
38 6 -1 12 13 -1 9 -1 1 12 13 -1 3 -1 14 -1 14 -1 14 -1 3 -1 7 14 -1
39 11 -1 12 14 -1 5 -1 2 9 10 -1 11 -1 5 9 -1 10 14 -1 13 -1 9 14 -1
19 8 -1 3 4 -1 10 -1 2 9 -1 12 -1
16 3 6 14 -1 12 14 -1 2 8 -1 4 -1 11 -1 14 -1 7 -1 14 -1 11 -1 2 -1 8 -1
40 12 -1 4 7 13 14 -1 14 -1 12 -1 11 12 -1 4 14 -1 5 -1 6 13 -1 1 2 10 14 -1 8 -1 0 -1
41 6 14 -1 5 -1 9 11 -1 6 11 -1 13 -1 11 -1 5 -1 2 6 8 -1 11 -1 7 9 13 -1 9 -1 2 -1 3 5 -1 11 12 -1 3 6 10 -1 6 9 11 14 -1
42 4 -1 0 12 -1 9 12 13 -1 9 10 -1 10 -1 1 -1 4 -1 10 -1 1 -1 3 11 -1 12 -1 14 -1
43 4 14 -1 8 -1 9 10 14 -1 9 14 -1 4 -1 2 6 8 -1 10 13 -1 3 -1 14 -1 12 13 14 -1 8 11 -1 8 14 -1 1 4 -1 12 -1 14 -1
44 1 2 -1 13 -1 3 -1 4 13 -1 13 14 -1 7 -1 5 -1 3 -1 5 -1 2 -1 12 14 -1 11 -1 11 -1 1 9 11 13 14 -1 13 -1 1 14 -1 6 -1 5 7 9 10 -1 5 12 14 -1
27 7 -1
45 5 14 -1 10 -1 2 -1 3 12 14 -1 2 8 -1 14 -1 6 -1 11 -1 2 5 -1 10 12 -1
