17
46 2 -1
19 6 -1 0 -1
47 14 -1 2 10 -1 5 11 -1 0 -1 5 -1 7 11 -1 5 6 8 -1 6 -1
48 10 -1 3 -1
49 1 -1 13 -1 1 -1 14 -1 6 -1 12 13 -1 13 -1 7 14 -1 6 14 -1 8 12 13 -1 1 8 -1 1 7 -1 8 -1 14 -1 13 -1 1 -1 6 -1 4 -1 12 13 14 -1
50 3 -1 9 -1 13 14 -1 13 14 -1 8 9 10 12 -1 10 11 14 -1 2 13 -1 7 -1 13 -1 11 14 -1 6 12 -1 9 11 12 13 -1
51 14 -1 1 -1 4 12 -1 10 -1 12 -1 7 13 14 -1 13 14 -1 10 12 14 -1 3 8 -1 4 7 -1 14 -1 2 11 -1 7 12 -1
52 1 9 10 -1 11 -1 10 12 14 -1 2 3 -1 13 -1 4 -1 1 13 14 -1 14 -1 10 -1 3 4 12 13 -1 10 13 14 -1 9 14 -1
35 6 9 -1 12 -1 9 -1 1 9 -1
5 11 -1 13 -1
53 14 -1 4 6 -1 8 -1 11 -1 0 7 -1 12 13 14 -1 14 -1 7 -1 3 -1 7 -1 12 -1 10 12 -1 14 -1 1 2 8 14 -1 11 -1 2 -1 3 -1 11 -1
54 12 13 -1 4 -1
36 12 -1 10 -1 10 -1 5 6 -1 11 -1 3 11 12 -1
55 9 10 -1 7 -1 0 -1 2 7 -1 5 -1 9 13 -1 0 -1 13 14 -1 12 13 14 -1 3 13 -1 3 4 -1 10 -1 13 14 -1 4 11 -1 8 11 -1 8 10 -1
56 8 -1 7 -1 8 -1 0 1 3 6 -1 1 2 3 -1 7 10 -1 3 -1 13 -1 13 14 -1 0 7 13 -1 6 14 -1 0 -1 6 8 10 -1
57 6 11 -1 8 -1 2 -1 12 -1 4 -1 4 -1 8 -1 7 -1 5 -1 12 -1 6 11 -1 2 13 -1 12 13 14 -1 14 -1 2 -1 10 -1 14 -1 14 -1 8 12 -1 1 -1
58 4 -1 13 -1 3 14 -1 8 10 -1 1 -1 7 -1 11 -1 8 12 -1 9 -1 13 -1 10 11 -1 13 -1 12 -1 5 -1 1 -1 5 7 -1 10 -1 5 14 -1 14 -1 8 -1 3 -1 5 -1 4 6 11 12 14 -1 2 -1
