12
67 9 -1 6 -1 12 -1 9 -1 13 -1 3 -1 1 -1 12 14 -1 1 -1 9 14 -1 13 14 -1 9 13 -1 1 -1 0 -1 3 -1 12 14 -1 5 -1 10 -1 9 -1
61 4 11 -1 8 -1 14 -1 7 11 12 13 -1 8 -1 8 -1 10 11 12 13 -1 14 -1 4 7 12 14 -1 14 -1 6 7 -1 4 8 -1
26 6 8 12 -1 9 14 -1 1 -1 5 -1 5 -1 8 -1 1 -1 3 -1 12 -1 4 -1 14 -1 5 -1 14 -1 5 -1 10 -1
68 1 14 -1 3 -1 6 -1
69 13 14 -1 5 -1 9 11 13 14 -1 4 11 -1 7 -1 3 -1 9 -1 6 13 -1 11 14 -1 4 -1 13 -1 8 10 -1 10 12 -1 8 -1 13 -1 10 11 -1
70 10 11 12 13 14 -1 2 12 13 -1 11 -1 12 -1
71 4 12 -1 1 10 11 14 -1 9 14 -1 10 11 -1 4 6 -1 10 -1
72 13 -1 0 -1 10 -1 2 13 14 -1 5 -1
40 2 -1 4 11 -1 12 13 14 -1
73 7 -1 5 -1 6 -1 7 -1 2 3 6 -1 2 -1 13 -1 9 13 14 -1 7 -1 8 -1
74 7 -1 12 14 -1 10 11 13 14 -1 9 -1 8 13 14 -1 9 14 -1 6 9 -1 12 -1 2 14 -1 13 -1
75 3 -1 11 -1 10 14 -1 3 9 -1 0 -1 6 13 14 -1 7 -1 3 -1 13 -1 8 14 -1 2 9 11 12 -1 10 -1 3 11 -1
