15
42 4 -1 11 -1 8 13 14 -1 11 -1 10 -1 8 14 -1 8 -1 0 11 -1 0 14 -1 10 11 13 14 -1
52 10 -1 14 -1 13 14 -1
1 10 -1
9 1 -1
18 11 -1 2 -1 14 -1 13 -1
76 14 -1 1 13 -1 8 13 14 -1 6 -1
77 11 13 14 -1 9 10 12 -1 8 -1 12 13 -1 4 5 10 -1 13 -1 7 -1
27 14 -1 1 -1 7 -1 12 14 -1 1 10 -1 7 -1 4 11 -1 12 -1 0 -1
78 8 -1 14 -1 6 -1 3 -1 10 13 14 -1 5 7 13 14 -1 6 -1 4 12 -1 4 -1 14 -1 2 -1 4 6 13 -1 6 8 -1 1 -1 11 14 -1 3 14 -1 0 -1 6 9 -1 2 -1
79 12 -1 14 -1 10 13 14 -1 1 12 13 14 -1 13 14 -1 9 14 -1 13 14 -1 8 9 -1 13 14 -1 10 -1 4 7 12 -1
80 4 6 -1 9 11 12 -1 3 10 11 -1 8 -1 9 11 14 -1 10 -1 3 13 -1 7 -1 10 14 -1 9 -1 6 14 -1 7 -1 8 14 -1 6 -1 4 -1
58 13 -1
81 10 -1 11 -1 3 -1 6 -1 8 11 13 -1 12 -1 7 -1 13 -1 9 -1 4 -1 10 11 -1 8 -1 5 -1 5 11 -1 7 -1 13 -1 11 -1 7 10 -1 4 -1 11 -1
12 2 7 -1 10 13 14 -1 3 -1 0 -1 9 14 -1 0 2 -1
82 5 11 13 -1 3 -1 11 12 14 -1 12 14 -1 10 -1 13 -1 0 -1 11 -1 8 14 -1 6 -1
