143
1 13 14 -1 12 13 14 -1 3 -1 3 -1 13 -1 0 -1 14 -1 8 -1 0 8 14 -1 9 10 11 -1 0 -1 9 -1 12 -1 11 13 14 -1 0 14 -1 10 -1 11 -1 7 11 14 -1 10 -1 11 14 -1 2 -1 10 -1
2 9 -1 0 -1 9 -1 9 -1 11 -1 8 14 -1 14 -1 1 -1 12 14 -1 1 -1 14 -1 8 14 -1 14 -1 6 13 -1 13 14 -1 10 14 -1 4 5 14 -1 9 11 13 -1 8 -1
3 11 14 -1 7 -1 1 5 -1 13 -1 1 3 6 -1 13 -1 4 -1 13 14 -1 11 -1 2 13 -1 2 -1
4 10 11 14 -1 4 10 12 13 14 -1 2 3 10 13 -1 9 13 14 -1 6 -1 4 -1 8 -1 4 6 -1 0 -1 1 8 -1 11 14 -1
5 12 14 -1 3 6 11 12 -1 3 -1 11 -1 13 -1
6 12 14 -1 5 10 -1 5 -1 13 14 -1 14 -1 2 -1 10 14 -1 0 -1 8 -1
7 9 -1 0 -1 12 -1 6 8 14 -1 9 13 -1 1 2 -1 1 -1 3 11 -1 0 -1 9 -1 1 -1 9 12 14 -1 0 1 -1 0 11 12 -1 14 -1 0 3 -1 2 10 11 -1 5 -1 8 -1 7 14 -1
8 4 14 -1 4 -1 2 5 14 -1 5 -1 8 11 -1 14 -1 13 -1 2 11 -1 12 13 14 -1 2 -1 10 13 -1 4 7 9 -1 1 3 -1 4 -1 11 -1 10 -1 14 -1 7 12 -1 12 -1 4 -1 4 12 -1
9 12 13 -1 1 5 14 -1 12 -1 4 -1 4 6 13 -1 3 7 8 -1 2 9 10 13 14 -1 0 6 -1 11 13 -1 10 -1 12 14 -1 1 -1 8 -1 11 -1 4 -1 0 -1 4 -1 4 -1 11 12 -1 1 -1
10 7 -1 6 -1 13 14 -1 13 14 -1 12 -1 11 12 14 -1 3 7 -1 13 14 -1 8 12 14 -1 6 -1 14 -1 6 -1 10 -1 4 12 14 -1 5 8 -1 0 2 8 13 14 -1 13 14 -1 6 -1 12 -1
11 12 -1 10 -1 7 9 11 -1 13 14 -1 4 13 14 -1 7 -1 5 8 10 -1 9 -1 3 -1 14 -1 10 -1 11 -1 13 -1 13 -1 9 -1 12 -1 10 14 -1 11 -1 10 -1
12 9 -1 14 -1 3 -1 11 -1 0 1 -1 9 -1 11 13 14 -1 0 -1 7 14 -1 6 -1 13 14 -1 2 -1 11 -1 2 7 -1 10 13 14 -1 3 -1 0 -1 9 14 -1 0 2 -1 5 -1 2 13 -1 8 -1 9 -1 7 -1
13 5 10 11 -1 0 9 -1 12 -1 13 -1 9 14 -1 5 -1 0 2 -1 1 -1 0 -1
14 4 -1 1 13 -1 9 -1 5 8 -1 10 -1 1 14 -1 6 -1 8 -1 5 12 13 14 -1 7 -1 12 -1 0 -1 1 2 -1 9 10 12 -1 3 12 -1 6 12 -1 11 -1 6 14 -1 8 -1 10 -1
15 12 -1 12 -1 0 7 12 14 -1 9 -1 14 -1 0 1 12 13 -1 10 -1 9 10 14 -1 11 -1 4 6 -1 0 -1 0 -1
16 6 -1 11 13 -1 8 -1 10 -1 4 -1 12 14 -1 0 4 -1 9 -1 12 -1 14 -1 4 11 -1 3 6 14 -1 12 14 -1 2 8 -1 4 -1 11 -1 14 -1 7 -1 14 -1 11 -1 2 -1 8 -1
17 2 5 -1 10 -1 3 -1 0 2 7 10 -1 10 14 -1 8 -1 12 -1 13 -1 2 -1 10 -1 13 14 -1 5 13 14 -1 13 14 -1 6 -1 7 -1 9 13 14 -1 2 -1 10 13 14 -1
18 9 11 -1 10 -1 5 -1 5 -1 5 12 -1 13 14 -1 14 -1 12 13 14 -1 11 -1 6 -1 3 -1 3 13 -1 9 -1 3 8 -1 8 14 -1 4 -1 11 -1 14 -1 9 -1 4 -1 11 -1 2 -1 14 -1 13 -1 14 -1 13 14 -1
19 5 -1 14 -1 14 -1 1 -1 6 -1 12 14 -1 11 14 -1 10 14 -1 1 -1 1 11 -1 1 11 -1 3 14 -1 0 10 -1 8 -1 3 4 -1 10 -1 2 9 -1 12 -1 6 -1 0 -1
20 10 -1 13 -1 8 -1 11 -1 4 -1 6 11 -1 6 9 -1 13 -1 4 7 -1 1 -1 11 -1 0 -1 3 -1 1 6 14 -1 7 12 -1 9 12 -1 5 11 -1 6 -1 5 9 12 -1 7 -1 8 -1
21 4 -1 5 9 -1 14 -1 11 -1 5 12 -1
22 5 -1 1 -1 4 -1 9 -1 3 11 -1 3 -1 2 3 13 -1 10 -1 1 13 14 -1 7 -1 5 -1 6 8 14 -1 2 7 -1 11 -1 14 -1 13 -1 6 7 -1
23 14 -1 10 -1 7 -1 5 7 -1 12 -1 13 14 -1 3 -1 12 -1 13 -1 1 8 -1 13 -1 12 -1 3 8 11 -1 3 10 -1 10 14 -1 11 -1 1 5 -1 1 -1 9 -1 4 -1
24 7 -1 6 -1 10 -1 9 -1 7 -1 13 14 -1 6 12 13 14 -1 11 14 -1 12 -1 14 -1 14 -1 0 9 -1 6 13 14 -1 9 13 -1 10 12 -1 10 13 -1 3 6 14 -1 2 5 13 -1 8 -1
25 12 13 14 -1 9 -1 12 -1 8 -1 10 -1 1 5 12 13 -1 14 -1 13 14 -1 10 -1 2 -1 5 9 -1 1 -1 9 -1 5 -1 3 -1 10 -1 2 13 -1 0 5 6 8 10 11 -1 12 -1 11 -1
26 11 -1 6 8 12 -1 9 14 -1 1 -1 5 -1 5 -1 8 -1 1 -1 3 -1 12 -1 4 -1 14 -1 5 -1 14 -1 5 -1 10 -1
27 0 -1 0 -1 4 -1 6 14 -1 1 -1 1 7 -1 7 13 -1 1 -1 4 -1 2 -1 1 -1 1 5 -1 0 11 -1 1 -1 7 -1 14 -1 1 -1 7 -1 12 14 -1 1 10 -1 7 -1 4 11 -1 12 -1 0 -1 1 -1 12 -1 6 -1
28 12 13 -1 13 14 -1
29 11 -1 13 14 -1 8 10 -1 1 -1 11 14 -1 7 8 12 13 14 -1 6 9 -1 13 -1 14 -1 13 -1 8 -1 12 -1 5 -1 2 6 -1 0 6 -1 8 11 -1 9 -1 2 -1 0 -1 2 -1
30 11 -1 8 -1 1 11 13 -1 3 -1 5 -1 5 -1 0 -1 5 13 14 -1 12 14 -1 3 13 14 -1 12 -1 9 12 -1 13 14 -1 8 11 -1 7 -1 2 -1 10 -1 1 -1 13 -1 2 5 8 9 -1 0 -1 2 -1
31 11 14 -1 11 -1 13 14 -1 12 14 -1 8 10 13 14 -1 13 -1 7 -1 10 -1 3 10 -1 11 -1 3 7 -1 0 4 -1 12 14 -1 4 13 -1 5 -1 14 -1 8 -1 13 -1 3 -1 11 13 14 -1 0 -1
32 3 8 12 -1 1 -1 9 13 14 -1 1 14 -1 3 -1 9 12 13 -1 1 -1 9 -1
33 7 -1 3 -1 7 12 -1 7 -1
34 3 -1 5 -1 5 -1 14 -1 11 -1 13 -1 7 -1 2 9 -1 2 10 -1 8 -1 3 12 13 -1 8 -1 1 -1 7 -1 7 -1 6 -1 12 -1 2 10 13 -1
35 1 -1 8 13 14 -1 13 -1 6 -1 7 13 -1 1 14 -1 0 2 -1 2 -1 3 -1 0 -1 5 8 13 -1 9 -1 1 6 13 14 -1 5 -1 12 -1 7 12 -1 13 -1 6 9 -1 12 -1 9 -1 1 9 -1
36 4 9 -1 11 12 14 -1 7 14 -1 4 -1 7 9 -1 1 12 -1 11 13 -1 12 -1 10 -1 10 -1 5 6 -1 11 -1 3 11 12 -1
37 12 -1 1 9 -1 5 12 13 -1 2 -1 3 6 -1 14 -1 3 6 9 -1 8 13 14 -1 9 11 -1 12 -1 11 -1 12 -1 10 -1 9 12 14 -1 5 8 -1 9 10 -1
38 6 -1 12 13 -1 9 -1 1 12 13 -1 3 -1 14 -1 14 -1 14 -1 3 -1 7 14 -1
39 11 -1 12 14 -1 5 -1 2 9 10 -1 11 -1 5 9 -1 10 14 -1 13 -1 9 14 -1 3 -1 0 11 12 14 -1 14 -1 2 -1 5 -1 11 -1 1 9 11 -1
40 12 -1 4 7 13 14 -1 14 -1 12 -1 11 12 -1 4 14 -1 5 -1 6 13 -1 1 2 10 14 -1 8 -1 0 -1 2 -1 4 11 -1 12 13 14 -1
41 6 14 -1 5 -1 9 11 -1 6 11 -1 13 -1 11 -1 5 -1 2 6 8 -1 11 -1 7 9 13 -1 9 -1 2 -1 3 5 -1 11 12 -1 3 6 10 -1 6 9 11 14 -1 0 -1 10 -1 5 -1
42 4 -1 0 12 -1 9 12 13 -1 9 10 -1 10 -1 1 -1 4 -1 10 -1 1 -1 3 11 -1 12 -1 14 -1 4 -1 11 -1 8 13 14 -1 11 -1 10 -1 8 14 -1 8 -1 0 11 -1 0 14 -1 10 11 13 14 -1
43 4 14 -1 8 -1 9 10 14 -1 9 14 -1 4 -1 2 6 8 -1 10 13 -1 3 -1 14 -1 12 13 14 -1 8 11 -1 8 14 -1 1 4 -1 12 -1 14 -1
44 1 2 -1 13 -1 3 -1 4 13 -1 13 14 -1 7 -1 5 -1 3 -1 5 -1 2 -1 12 14 -1 11 -1 11 -1 1 9 11 13 14 -1 13 -1 1 14 -1 6 -1 5 7 9 10 -1 5 12 14 -1 9 -1
45 5 14 -1 10 -1 2 -1 3 12 14 -1 2 8 -1 14 -1 6 -1 11 -1 2 5 -1 10 12 -1 2 -1 13 -1 14 -1 9 -1 11 -1 2 -1 7 -1 7 -1 4 9 12 -1 2 -1 6 14 -1 10 -1 6 12 -1 2 12 -1
46 2 -1
47 14 -1 2 10 -1 5 11 -1 0 -1 5 -1 7 11 -1 5 6 8 -1 6 -1 8 -1 6 -1 12 14 -1 8 14 -1 9 -1 13 -1 13 14 -1 2 -1 1 10 11 13 -1
48 10 -1 3 -1 5 -1 13 -1 0 -1 6 13 -1 5 -1 1 -1 9 13 -1 3 7 -1 2 9 -1 12 -1 1 -1 9 -1 7 -1 8 9 -1 11 14 -1 0 -1 9 -1
49 1 -1 13 -1 1 -1 14 -1 6 -1 12 13 -1 13 -1 7 14 -1 6 14 -1 8 12 13 -1 1 8 -1 1 7 -1 8 -1 14 -1 13 -1 1 -1 6 -1 4 -1 12 13 14 -1
50 3 -1 9 -1 13 14 -1 13 14 -1 8 9 10 12 -1 10 11 14 -1 2 13 -1 7 -1 13 -1 11 14 -1 6 12 -1 9 11 12 13 -1
51 14 -1 1 -1 4 12 -1 10 -1 12 -1 7 13 14 -1 13 14 -1 10 12 14 -1 3 8 -1 4 7 -1 14 -1 2 11 -1 7 12 -1
52 1 9 10 -1 11 -1 10 12 14 -1 2 3 -1 13 -1 4 -1 1 13 14 -1 14 -1 10 -1 3 4 12 13 -1 10 13 14 -1 9 14 -1 10 -1 14 -1 13 14 -1
53 14 -1 4 6 -1 8 -1 11 -1 0 7 -1 12 13 14 -1 14 -1 7 -1 3 -1 7 -1 12 -1 10 12 -1 14 -1 1 2 8 14 -1 11 -1 2 -1 3 -1 11 -1 7 14 -1
54 12 13 -1 4 -1
55 9 10 -1 7 -1 0 -1 2 7 -1 5 -1 9 13 -1 0 -1 13 14 -1 12 13 14 -1 3 13 -1 3 4 -1 10 -1 13 14 -1 4 11 -1 8 11 -1 8 10 -1
56 8 -1 7 -1 8 -1 0 1 3 6 -1 1 2 3 -1 7 10 -1 3 -1 13 -1 13 14 -1 0 7 13 -1 6 14 -1 0 -1 6 8 10 -1
57 6 11 -1 8 -1 2 -1 12 -1 4 -1 4 -1 8 -1 7 -1 5 -1 12 -1 6 11 -1 2 13 -1 12 13 14 -1 14 -1 2 -1 10 -1 14 -1 14 -1 8 12 -1 1 -1
58 4 -1 13 -1 3 14 -1 8 10 -1 1 -1 7 -1 11 -1 8 12 -1 9 -1 13 -1 10 11 -1 13 -1 12 -1 5 -1 1 -1 5 7 -1 10 -1 5 14 -1 14 -1 8 -1 3 -1 5 -1 4 6 11 12 14 -1 2 -1 13 -1
59 13 -1 2 -1 9 -1 1 11 12 -1 4 -1 7 -1 5 -1 6 -1 1 -1 5 14 -1 0 9 -1 12 14 -1 4 -1 6 11 -1 3 -1 2 -1 11 12 13 -1 4 14 -1 10 -1
60 8 12 -1 9 -1 7 14 -1 11 -1 0 -1 10 12 -1 13 14 -1 4 -1 13 14 -1 3 6 12 14 -1 5 14 -1 1 -1 13 -1 1 13 -1 2 8 -1 1 -1 13 14 -1 2 -1 11 13 -1 13 -1
61 9 11 13 -1 1 -1 7 8 13 14 -1 3 -1 4 11 -1 8 -1 14 -1 7 11 12 13 -1 8 -1 8 -1 10 11 12 13 -1 14 -1 4 7 12 14 -1 14 -1 6 7 -1 4 8 -1 8 13 -1
62 11 -1 8 13 -1 5 -1 3 7 -1 7 -1 3 5 -1 4 14 -1 2 -1 13 14 -1 12 -1 14 -1 0 3 7 13 -1 11 13 14 -1 5 -1 8 10 -1 12 -1
63 1 6 -1 13 14 -1 9 -1 10 12 13 -1 11 14 -1 6 -1 13 -1
64 8 -1 8 9 -1 9 -1 10 12 -1 0 -1 10 -1 5 -1 8 -1 11 -1 8 -1 14 -1 13 14 -1 12 13 -1 12 -1
65 0 -1 8 11 12 13 -1 11 -1 2 8 -1 2 -1 2 -1 0 -1 9 10 12 -1 12 -1 9 -1 8 -1 6 -1 5 -1 0 -1 7 12 -1 9 14 -1 13 14 -1 10 -1
66 12 -1 7 8 -1 11 13 14 -1 11 14 -1 13 -1 13 -1 11 -1 10 -1 7 -1 0 -1
67 9 -1 6 -1 12 -1 9 -1 13 -1 3 -1 1 -1 12 14 -1 1 -1 9 14 -1 13 14 -1 9 13 -1 1 -1 0 -1 3 -1 12 14 -1 5 -1 10 -1 9 -1
68 1 14 -1 3 -1 6 -1 13 14 -1 10 -1 7 -1 3 -1 14 -1 10 11 -1 3 14 -1 14 -1 1 -1 0 13 14 -1 2 -1
69 13 14 -1 5 -1 9 11 13 14 -1 4 11 -1 7 -1 3 -1 9 -1 6 13 -1 11 14 -1 4 -1 13 -1 8 10 -1 10 12 -1 8 -1 13 -1 10 11 -1
70 10 11 12 13 14 -1 2 12 13 -1 11 -1 12 -1
71 4 12 -1 1 10 11 14 -1 9 14 -1 10 11 -1 4 6 -1 10 -1 11 -1
72 13 -1 0 -1 10 -1 2 13 14 -1 5 -1 3 -1
73 7 -1 5 -1 6 -1 7 -1 2 3 6 -1 2 -1 13 -1 9 13 14 -1 7 -1 8 -1 14 -1 12 13 -1
74 7 -1 12 14 -1 10 11 13 14 -1 9 -1 8 13 14 -1 9 14 -1 6 9 -1 12 -1 2 14 -1 13 -1 0 13 14 -1 11 13 -1 14 -1 5 8 11 -1 12 14 -1 1 -1 1 12 -1 6 -1
75 3 -1 11 -1 10 14 -1 3 9 -1 0 -1 6 13 14 -1 7 -1 3 -1 13 -1 8 14 -1 2 9 11 12 -1 10 -1 3 11 -1
76 14 -1 1 13 -1 8 13 14 -1 6 -1
77 11 13 14 -1 9 10 12 -1 8 -1 12 13 -1 4 5 10 -1 13 -1 7 -1
78 8 -1 14 -1 6 -1 3 -1 10 13 14 -1 5 7 13 14 -1 6 -1 4 12 -1 4 -1 14 -1 2 -1 4 6 13 -1 6 8 -1 1 -1 11 14 -1 3 14 -1 0 -1 6 9 -1 2 -1 4 -1 8 -1 7 14 -1
79 12 -1 14 -1 10 13 14 -1 1 12 13 14 -1 13 14 -1 9 14 -1 13 14 -1 8 9 -1 13 14 -1 10 -1 4 7 12 -1
80 4 6 -1 9 11 12 -1 3 10 11 -1 8 -1 9 11 14 -1 10 -1 3 13 -1 7 -1 10 14 -1 9 -1 6 14 -1 7 -1 8 14 -1 6 -1 4 -1
81 10 -1 11 -1 3 -1 6 -1 8 11 13 -1 12 -1 7 -1 13 -1 9 -1 4 -1 10 11 -1 8 -1 5 -1 5 11 -1 7 -1 13 -1 11 -1 7 10 -1 4 -1 11 -1 8 -1 8 -1 6 8 -1 2 -1
82 5 11 13 -1 3 -1 11 12 14 -1 12 14 -1 10 -1 13 -1 0 -1 11 -1 8 14 -1 6 -1
83 14 -1 10 -1 14 -1 14 -1 0 -1 11 13 -1 5 8 -1 4 -1 2 -1 1 -1 2 -1
84 6 13 -1 13 -1
85 1 6 8 14 -1 7 -1
86 1 9 -1 12 13 14 -1 11 -1 3 14 -1 9 -1 13 -1 4 6 10 -1 6 7 -1 9 -1 11 -1 6 7 12 14 -1 4 -1 1 -1 11 -1 5 -1
87 6 -1 6 14 -1 12 14 -1 0 2 -1 11 14 -1 3 -1 13 -1 5 10 14 -1 6 -1 8 11 -1 1 5 11 -1 2 13 14 -1 13 14 -1 11 14 -1 13 -1 2 12 -1 10 14 -1 6 -1
88 7 -1 10 13 -1 1 -1 5 11 -1 6 8 -1 1 -1 7 13 14 -1 6 -1 8 -1 0 10 -1 1 10 -1 2 12 14 -1 5 -1 0 -1 11 -1 14 -1 13 -1 11 12 -1 12 -1 13 14 -1
89 13 -1 14 -1 14 -1 2 12 13 14 -1 8 14 -1 7 -1 8 -1 3 -1
90 0 -1 1 -1 7 -1 14 -1 13 -1 10 12 -1 8 9 -1 14 -1 9 11 -1 5 -1 10 -1 6 9 10 -1 10 12 -1 14 -1 4 -1
91 9 -1 7 14 -1 5 14 -1 5 -1 10 -1 0 10 11 -1 2 7 -1 14 -1 11 -1 8 -1 7 -1 12 -1 0 1 -1 14 -1 11 -1 1 -1 3 -1 4 -1 14 -1 11 14 -1 2 -1 2 -1 10 14 -1 7 13 -1 2 -1 3 -1
92 3 -1 5 13 14 -1 8 -1 14 -1 0 -1
93 5 -1 5 -1 0 9 11 -1 9 -1 14 -1 3 -1 1 -1 4 9 -1 7 12 -1 11 14 -1 10 14 -1 9 10 13 -1 13 14 -1 4 -1 1 -1 5 7 11 -1 5 -1 12 14 -1 1 -1 7 -1 8 -1
94 0 -1 10 12 -1 0 -1 4 12 14 -1 14 -1 13 -1 12 14 -1
95 8 -1 3 -1 12 -1 7 -1 5 10 -1 6 -1 12 -1 5 -1
96 14 -1 0 -1 12 14 -1 0 -1 0 -1 10 -1 5 9 -1 4 -1 14 -1 10 -1 0 9 10 11 -1 0 -1 10 12 -1 4 -1 9 -1 12 -1 9 -1 11 12 13 -1 9 11 -1 3 -1
97 14 -1 3 4 12 14 -1 1 14 -1 2 -1 4 -1 8 -1
98 11 12 14 -1 10 -1 5 14 -1 10 13 -1 0 9 14 -1 4 -1 9 -1 10 11 -1 11 -1 14 -1 14 -1 14 -1 12 -1 1 -1 0 10 13 14 -1 4 6 -1 2 -1 13 -1 9 -1 0 -1 7 10 -1 0 -1
99 6 12 14 -1 12 -1 11 14 -1 0 -1 10 -1 6 8 9 14 -1 9 13 -1 9 -1 8 -1 14 -1 5 -1
100 13 14 -1 13 14 -1 10 -1 0 10 13 -1 11 14 -1 5 -1 3 8 12 13 14 -1 7 -1
101 13 14 -1 13 14 -1 13 14 -1 8 -1 10 11 14 -1 11 13 14 -1 6 10 -1 12 13 14 -1 8 11 13 -1 4 6 9 14 -1 7 -1 7 -1 7 -1 1 -1 8 -1 10 14 -1 0 -1
102 13 -1 6 11 -1 9 11 14 -1 7 -1 12 -1 11 -1
103 4 13 14 -1 13 14 -1 1 -1 2 -1 4 5 6 10 -1 10 -1 4 7 -1 4 11 12 13 -1 4 -1 4 7 14 -1 2 -1 9 13 14 -1
104 4 7 14 -1 2 10 -1 12 13 -1 7 -1 3 -1 9 -1 4 -1 9 11 -1 7 12 -1 2 14 -1 14 -1 0 -1 3 -1 13 -1 11 -1 6 -1 10 -1 0 -1 4 13 -1
105 4 14 -1 12 -1 2 8 14 -1 13 -1 11 13 14 -1 4 7 11 13 14 -1 6 -1 0 -1 13 14 -1 5 -1 3 -1 13 -1 12 -1
106 4 -1 10 -1 11 13 -1 13 14 -1 13 14 -1 8 14 -1 6 11 14 -1 5 -1 7 8 -1 3 -1 3 12 -1 3 -1
107 5 -1 6 14 -1 11 -1 11 14 -1 4 -1 8 -1 2 10 12 13 -1 8 -1 2 8 12 -1 8 14 -1 11 12 -1 3 7 -1 6 13 -1 8 12 -1 11 -1
108 3 -1 11 14 -1 14 -1
109 13 14 -1 14 -1 1 -1 7 14 -1 2 -1 8 -1 8 -1 3 13 -1 13 -1 6 10 -1 11 -1 8 12 -1
110 9 -1 7 -1 12 13 14 -1 7 -1 2 -1 9 -1 2 -1 10 -1 7 -1 8 -1 0 -1 0 -1 1 -1 12 13 14 -1 7 9 10 11 12 14 -1 4 -1 10 -1
111 5 8 11 -1 10 -1 14 -1 0 -1
112 0 -1 13 14 -1 5 14 -1 0 8 -1 0 7 9 -1 13 -1 0 -1 14 -1 10 -1 12 13 -1 13 -1 5 -1 3 4 -1 0 10 11 -1 10 -1 0 -1
113 2 -1 12 14 -1 1 -1 10 11 -1 12 13 -1 5 12 14 -1 2 12 -1 6 9 -1 12 -1 8 -1 10 -1
114 2 9 10 11 -1 6 7 -1 4 7 8 -1 7 -1 2 10 12 13 -1 12 13 14 -1 10 12 -1 10 11 12 13 14 -1 10 13 -1 6 -1 7 -1 2 -1
115 8 9 13 14 -1 8 -1 10 14 -1 9 -1 4 -1 13 14 -1 11 -1 13 14 -1 11 14 -1 3 6 -1
116 3 -1
117 5 -1 12 14 -1 4 9 -1 1 8 -1 8 9 10 -1 0 -1 1 13 14 -1 11 14 -1 9 -1 3 8 10 -1 8 12 -1 5 11 12 -1 8 13 14 -1 3 -1 12 -1 8 -1 14 -1
118 10 -1 13 14 -1 8 -1 10 -1 3 4 -1 9 -1 5 -1 6 -1 14 -1 7 14 -1 9 13 14 -1 8 -1 5 -1 9 -1 11 13 14 -1 5 12 14 -1 3 -1 9 -1
119 13 14 -1 9 -1 13 14 -1 13 14 -1 12 14 -1 14 -1
120 0 8 -1 1 -1 5 14 -1 2 -1 9 11 -1 1 7 -1 12 13 -1 3 -1 2 -1 12 14 -1 10 -1 3 -1 7 -1 9 -1 5 7 -1 13 -1 5 -1
121 4 14 -1 5 -1 2 10 -1 5 -1 6 14 -1 11 14 -1 9 -1 9 11 12 -1 6 11 12 -1 4 -1 0 -1 2 -1
122 3 -1 2 6 12 -1 11 -1 14 -1 12 -1 2 -1 3 9 -1 5 11 12 13 -1 1 -1 2 13 14 -1 10 13 -1 14 -1
123 9 -1 8 14 -1 2 -1 5 -1 6 9 -1 11 14 -1 11 -1 6 -1 5 11 -1 3 -1 1 14 -1 12 -1 5 -1 1 -1 6 -1 2 -1 1 -1 14 -1 1 11 -1 8 12 -1 9 13 -1 5 -1 7 -1 10 -1 11 13 -1
124 1 -1 9 13 14 -1 2 3 -1 9 -1 14 -1 1 14 -1 7 13 -1 4 -1 8 13 -1 6 -1 12 -1
125 7 -1 12 13 14 -1 3 7 -1 4 13 14 -1 5 8 -1 10 14 -1 3 -1 0 -1 6 13 -1 1 -1 8 -1
126 8 -1 11 12 14 -1 10 -1 7 11 12 13 14 -1 10 -1 0 6 -1 1 6 10 -1 10 -1 13 14 -1 0 5 13 -1 5 -1 9 -1 11 -1 0 -1 8 14 -1 12 -1 10 -1
127 6 -1 9 12 14 -1 3 6 9 11 13 -1 7 -1 14 -1 14 -1 11 -1 4 9 13 -1 3 -1 12 14 -1 11 13 -1 6 14 -1 0 8 9 -1 8 9 11 -1 13 -1 3 6 -1 3 -1
128 8 11 -1 4 -1 11 -1 13 14 -1 8 13 14 -1 6 12 -1
129 2 -1 6 -1 2 -1 5 11 -1 0 -1 3 -1
130 10 -1 5 -1 1 4 -1 6 11 -1
131 8 -1 6 -1 13 -1 8 10 -1 13 -1 14 -1 13 14 -1 1 13 14 -1 11 -1 2 -1 1 14 -1 1 2 -1
132 0 -1 3 13 -1 6 -1 9 -1 2 -1
133 6 -1
134 0 11 -1 12 -1 0 -1 6 -1
135 14 -1 14 -1 0 14 -1 13 14 -1 10 13 -1 11 -1 7 10 12 -1 8 11 -1 3 7 10 13 14 -1 2 -1 0 3 -1 3 -1
136 11 -1 14 -1 1 -1 5 -1 9 10 13 -1 4 -1 1 -1 12 -1 11 -1 3 -1 3 10 11 12 14 -1 2 14 -1 5 10 12 -1 11 14 -1 14 -1 14 -1 11 -1 14 -1 14 -1 4 11 -1 4 -1 8 -1 12 -1
137 4 5 11 14 -1 13 14 -1
138 11 -1
139 4 -1 7 14 -1 8 14 -1 11 12 -1 10 -1 1 -1 8 14 -1 7 -1 8 13 14 -1 12 14 -1 3 -1 10 -1 5 -1 9 14 -1 8 -1 2 -1 0 14 -1 9 -1
140 14 -1 10 -1 11 -1 5 12 -1 3 11 12 -1 1 4 -1
141 8 -1 10 13 -1
142 13 14 -1 5 11 -1 9 -1 10 -1 4 7 14 -1 2 -1 2 11 -1 2 10 -1
143 3 8 -1 9 12 13 14 -1 14 -1 3 12 13 14 -1 5 -1 1 8 13 -1 4 -1 4 8 -1 3 -1 11 14 -1 7 -1 11 -1 12 -1 3 6 -1 6 -1 9 -1
