[[14]]
85
[[14], [3]]
47
[[14], [6]]
48
[[14], [8]]
55
[[14], [9]]
46
[[14], [11]]
59
[[14], [12]]
63
[[14], [13]]
68
[[14], [13], [14]]
55
[[14], [14]]
70
[[14], [14], [11]]
47
[[14], [14], [13]]
51
[[14], [14], [14]]
57
[[14], [14], [12]]
47
[[14], [10]]
60
[[11]]
69
[[11], [12]]
53
[[11], [14]]
54
[[11], [11]]
49
[[11], [13]]
47
[[11], [10]]
48
[[10]]
72
[[10], [14]]
57
[[10], [12]]
50
[[10], [11]]
48
[[10], [13]]
50
[[10], [8]]
48
[[7]]
59
[[7], [14]]
47
[[13]]
82
[[13], [11]]
51
[[13], [13]]
64
[[13], [13], [14]]
51
[[13], [13, 14]]
46
[[13], [14]]
69
[[13], [14], [14]]
51
[[13], [12]]
59
[[13], [8]]
51
[[13], [10]]
52
[[13], [9]]
48
[[13, 14]]
57
[[13, 14], [14]]
47
[[12]]
77
[[12], [9]]
46
[[12], [11]]
58
[[12], [12]]
53
[[12], [13]]
58
[[12], [14]]
63
[[12], [14], [14]]
51
[[12], [10]]
53
[[12], [8]]
48
[[9]]
61
[[9], [13]]
47
[[9], [14]]
53
[[9], [12]]
48
[[8]]
63
[[8], [14]]
48
[[8], [12]]
46
[[8], [13]]
46
[[3]]
58
[[3], [14]]
50
[[5]]
53
[[6]]
60
[[1]]
53
[[2]]
53
[[4]]
47
