[[14]]
113
[[14], [6]]
63
[[14], [8]]
72
[[14], [11]]
82
[[14], [12]]
89
[[14], [12], [14]]
62
[[14], [13]]
93
[[14], [13], [14]]
78
[[14], [13], [11]]
62
[[14], [13], [12]]
61
[[14], [14]]
100
[[14], [14], [11]]
66
[[14], [14], [13]]
71
[[14], [14], [14]]
81
[[14], [14], [12]]
67
[[14], [14], [10]]
64
[[14], [10]]
81
[[14], [10], [14]]
62
[[14], [7]]
62
[[14], [3]]
61
[[14], [9]]
62
[[11]]
94
[[11], [12]]
71
[[11], [14]]
76
[[11], [11]]
61
[[11], [13]]
64
[[11], [10]]
63
[[10]]
97
[[10], [14]]
78
[[10], [12]]
70
[[10], [11]]
67
[[10], [13]]
70
[[10], [8]]
61
[[7]]
77
[[13]]
107
[[13], [11]]
72
[[13], [13]]
83
[[13], [13], [14]]
66
[[13], [13, 14]]
61
[[13], [14]]
95
[[13], [14], [14]]
70
[[13], [14], [11]]
63
[[13], [14], [12]]
63
[[13], [14], [13]]
62
[[13], [12]]
80
[[13], [8]]
66
[[13], [10]]
68
[[13], [9]]
62
[[13, 14]]
75
[[13, 14], [14]]
64
[[13, 14], [13]]
61
[[12]]
104
[[12], [11]]
74
[[12], [12]]
68
[[12], [13]]
73
[[12], [14]]
81
[[12], [14], [14]]
64
[[12], [10]]
68
[[12, 14]]
61
[[9]]
79
[[9], [14]]
69
[[9], [12]]
63
[[9], [13]]
61
[[8]]
84
[[8], [14]]
65
[[8], [12]]
61
[[3]]
76
[[5]]
72
[[6]]
76
[[1]]
64
[[2]]
67
[[4]]
65
