[[2]]
49
[[2], [11]]
28
[[2], [6]]
22
[[2], [8]]
24
[[2], [10]]
24
[[2], [12]]
26
[[2], [13]]
30
[[2], [14]]
30
[[2], [9]]
21
[[2], [2]]
21
[[14]]
77
[[14], [0]]
30
[[14], [0], [14]]
22
[[14], [1]]
36
[[14], [1], [14]]
26
[[14], [1], [12]]
24
[[14], [1], [13]]
22
[[14], [2]]
41
[[14], [2], [11]]
24
[[14], [2], [12]]
21
[[14], [2], [13]]
24
[[14], [2], [14]]
24
[[14], [3]]
43
[[14], [3], [8]]
26
[[14], [3], [11]]
29
[[14], [3], [13]]
29
[[14], [3], [14]]
36
[[14], [3], [14], [11]]
21
[[14], [3], [12]]
32
[[14], [3], [10]]
27
[[14], [3], [9]]
21
[[14], [4]]
35
[[14], [4], [13]]
24
[[14], [4], [14]]
23
[[14], [5]]
37
[[14], [5], [14]]
21
[[14], [5], [13]]
22
[[14], [6]]
46
[[14], [6], [11]]
25
[[14], [6], [13]]
28
[[14], [6], [14]]
28
[[14], [6], [2]]
22
[[14], [6], [8]]
24
[[14], [6], [12]]
25
[[14], [7]]
39
[[14], [7], [2]]
21
[[14], [7], [11]]
26
[[14], [7], [13]]
26
[[14], [7], [13], [14]]
21
[[14], [7], [14]]
30
[[14], [7], [10]]
25
[[14], [7], [12]]
25
[[14], [7], [8]]
26
[[14], [7], [6]]
22
[[14], [8]]
51
[[14], [8], [6]]
25
[[14], [8], [8]]
23
[[14], [8], [9]]
22
[[14], [8], [11]]
28
[[14], [8], [11], [14]]
21
[[14], [8], [12]]
32
[[14], [8], [13]]
31
[[14], [8], [14]]
33
[[14], [8], [14], [14]]
23
[[14], [8], [14], [13]]
21
[[14], [8], [2]]
26
[[14], [8], [10]]
29
[[14], [8], [4]]
21
[[14], [9]]
42
[[14], [9], [11]]
27
[[14], [9], [12]]
29
[[14], [9], [13]]
28
[[14], [9], [14]]
32
[[14], [9], [6]]
25
[[14], [9], [9]]
23
[[14], [9], [10]]
27
[[14], [9], [8]]
21
[[14], [10]]
55
[[14], [10], [10]]
28
[[14], [10], [11]]
33
[[14], [10], [13]]
34
[[14], [10], [13], [14]]
23
[[14], [10], [14]]
41
[[14], [10], [14], [8]]
25
[[14], [10], [14], [14]]
27
[[14], [10], [14], [13]]
22
[[14], [10], [8]]
33
[[14], [10], [6]]
25
[[14], [10], [9]]
25
[[14], [10], [12]]
32
[[14], [10], [3]]
21
[[14], [10], [4]]
24
[[14], [10], [2]]
21
[[14], [10, 14]]
21
[[14], [11]]
55
[[14], [11], [8]]
28
[[14], [11], [11]]
28
[[14], [11], [12]]
33
[[14], [11], [13]]
27
[[14], [11], [14]]
32
[[14], [11], [10]]
30
[[14], [11], [6]]
26
[[14], [11], [7]]
21
[[14], [11], [9]]
21
[[14], [11], [2]]
21
[[14], [12]]
58
[[14], [12], [3]]
24
[[14], [12], [6]]
29
[[14], [12], [7]]
23
[[14], [12], [8]]
33
[[14], [12], [9]]
26
[[14], [12], [10]]
38
[[14], [12], [10], [11]]
23
[[14], [12], [10], [14]]
25
[[14], [12], [11]]
42
[[14], [12], [11], [12]]
23
[[14], [12], [12]]
35
[[14], [12], [13]]
36
[[14], [12], [13], [8]]
22
[[14], [12], [13], [13]]
24
[[14], [12], [13], [14]]
27
[[14], [12], [13], [11]]
21
[[14], [12], [13], [12]]
21
[[14], [12], [13], [10]]
21
[[14], [12], [14]]
41
[[14], [12], [14], [8]]
25
[[14], [12], [14], [10]]
22
[[14], [12], [14], [11]]
23
[[14], [12], [14], [13]]
25
[[14], [12], [14], [14]]
28
[[14], [12], [14], [12]]
25
[[14], [12], [14], [6]]
21
[[14], [12], [14], [4]]
21
[[14], [12], [1]]
22
[[14], [12], [2]]
23
[[14], [12], [4]]
25
[[14], [12, 13]]
24
[[14], [12, 14]]
32
[[14], [12, 14], [8]]
22
[[14], [12, 14], [11]]
22
[[14], [12, 14], [14]]
23
[[14], [13]]
62
[[14], [13], [2]]
28
[[14], [13], [3]]
30
[[14], [13], [3], [14]]
26
[[14], [13], [3], [12]]
21
[[14], [13], [6]]
30
[[14], [13], [7]]
29
[[14], [13], [7], [14]]
24
[[14], [13], [8]]
39
[[14], [13], [8], [12]]
23
[[14], [13], [8], [14]]
21
[[14], [13], [9]]
32
[[14], [13], [9], [14]]
22
[[14], [13], [10]]
39
[[14], [13], [10], [14]]
26
[[14], [13], [10], [11]]
23
[[14], [13], [10], [12]]
22
[[14], [13], [11]]
39
[[14], [13], [11], [12]]
22
[[14], [13], [11], [14]]
23
[[14], [13], [12]]
39
[[14], [13], [12], [11]]
24
[[14], [13], [12], [10]]
22
[[14], [13], [12], [12]]
22
[[14], [13], [12], [14]]
23
[[14], [13], [13]]
42
[[14], [13], [13], [8]]
25
[[14], [13], [13], [11]]
24
[[14], [13], [13], [13]]
29
[[14], [13], [13], [14]]
33
[[14], [13], [13], [10]]
24
[[14], [13], [13], [12]]
29
[[14], [13], [13], [9]]
22
[[14], [13], [13, 14]]
26
[[14], [13], [14]]
51
[[14], [13], [14], [8]]
28
[[14], [13], [14], [11]]
28
[[14], [13], [14], [13]]
29
[[14], [13], [14], [14]]
31
[[14], [13], [14], [10]]
25
[[14], [13], [14], [12]]
28
[[14], [13], [14], [4]]
22
[[14], [13], [14], [6]]
22
[[14], [13], [14], [9]]
21
[[14], [13], [1]]
25
[[14], [13], [5]]
22
[[14], [13], [4]]
26
[[14], [13], [0]]
21
[[14], [13, 14]]
42
[[14], [13, 14], [8]]
27
[[14], [13, 14], [9]]
24
[[14], [13, 14], [10]]
28
[[14], [13, 14], [11]]
28
[[14], [13, 14], [13]]
32
[[14], [13, 14], [13], [14]]
25
[[14], [13, 14], [13], [12]]
22
[[14], [13, 14], [14]]
34
[[14], [13, 14], [14], [12]]
21
[[14], [13, 14], [14], [14]]
21
[[14], [13, 14], [12]]
29
[[14], [13, 14], [3]]
21
[[14], [14]]
65
[[14], [14], [1]]
25
[[14], [14], [2]]
29
[[14], [14], [3]]
30
[[14], [14], [3], [14]]
25
[[14], [14], [3], [12]]
21
[[14], [14], [6]]
35
[[14], [14], [7]]
28
[[14], [14], [7], [14]]
23
[[14], [14], [8]]
41
[[14], [14], [8], [11]]
24
[[14], [14], [8], [14]]
24
[[14], [14], [8], [12]]
24
[[14], [14], [8], [13]]
22
[[14], [14], [9]]
31
[[14], [14], [10]]
41
[[14], [14], [10], [11]]
24
[[14], [14], [10], [14]]
26
[[14], [14], [10], [12]]
23
[[14], [14], [11]]
43
[[14], [14], [11], [14]]
23
[[14], [14], [11], [12]]
22
[[14], [14], [11], [10]]
22
[[14], [14], [12]]
43
[[14], [14], [12], [11]]
29
[[14], [14], [12], [14]]
28
[[14], [14], [12], [8]]
23
[[14], [14], [12], [10]]
24
[[14], [14], [12], [13]]
24
[[14], [14], [12], [12]]
23
[[14], [14], [12, 14]]
21
[[14], [14], [13]]
46
[[14], [14], [13], [8]]
25
[[14], [14], [13], [9]]
24
[[14], [14], [13], [10]]
25
[[14], [14], [13], [11]]
26
[[14], [14], [13], [13]]
30
[[14], [14], [13], [13], [14]]
21
[[14], [14], [13], [14]]
35
[[14], [14], [13], [12]]
28
[[14], [14], [13, 14]]
27
[[14], [14], [14]]
53
[[14], [14], [14], [6]]
25
[[14], [14], [14], [8]]
31
[[14], [14], [14], [11]]
31
[[14], [14], [14], [13]]
31
[[14], [14], [14], [14]]
34
[[14], [14], [14], [14], [14]]
23
[[14], [14], [14], [14], [13]]
21
[[14], [14], [14], [10]]
28
[[14], [14], [14], [12]]
34
[[14], [14], [14], [2]]
23
[[14], [14], [14], [4]]
25
[[14], [14], [14], [7]]
21
[[14], [14], [14], [9]]
21
[[14], [14], [4]]
29
[[14], [14], [5]]
23
[[14], [14], [0]]
22
[[11]]
64
[[11], [0]]
26
[[11], [1]]
29
[[11], [2]]
31
[[11], [3]]
31
[[11], [3], [14]]
25
[[11], [3], [11]]
22
[[11], [4]]
33
[[11], [5]]
31
[[11], [6]]
36
[[11], [6], [14]]
22
[[11], [6], [13]]
21
[[11], [7]]
32
[[11], [7], [14]]
25
[[11], [7], [11]]
23
[[11], [7], [10]]
21
[[11], [8]]
39
[[11], [8], [12]]
25
[[11], [8], [14]]
23
[[11], [8], [10]]
23
[[11], [8], [11]]
22
[[11], [8], [13]]
23
[[11], [9]]
35
[[11], [9], [14]]
24
[[11], [9], [12]]
21
[[11], [9], [13]]
21
[[11], [10]]
44
[[11], [10], [11]]
26
[[11], [10], [14]]
31
[[11], [10], [8]]
27
[[11], [10], [12]]
25
[[11], [10], [13]]
24
[[11], [11]]
44
[[11], [11], [11]]
25
[[11], [11], [14]]
25
[[11], [11], [12]]
25
[[11], [11], [13]]
25
[[11], [11], [10]]
25
[[11], [11], [8]]
22
[[11], [12]]
50
[[11], [12], [8]]
25
[[11], [12], [11]]
31
[[11], [12], [13]]
28
[[11], [12], [14]]
28
[[11], [12], [10]]
28
[[11], [12], [12]]
27
[[11], [12, 14]]
24
[[11], [13]]
43
[[11], [13], [2]]
21
[[11], [13], [8]]
25
[[11], [13], [11]]
27
[[11], [13], [13]]
30
[[11], [13], [13], [14]]
22
[[11], [13], [13], [13]]
21
[[11], [13], [14]]
33
[[11], [13], [14], [11]]
22
[[11], [13], [14], [14]]
24
[[11], [13], [14], [12]]
21
[[11], [13], [14], [13]]
21
[[11], [13], [10]]
29
[[11], [13], [12]]
27
[[11], [13], [7]]
21
[[11], [13, 14]]
26
[[11], [13, 14], [14]]
22
[[11], [13, 14], [13]]
21
[[11], [14]]
49
[[11], [14], [8]]
28
[[11], [14], [10]]
30
[[11], [14], [11]]
32
[[11], [14], [12]]
32
[[11], [14], [13]]
30
[[11], [14], [13], [14]]
21
[[11], [14], [14]]
35
[[11], [14], [14], [14]]
29
[[11], [14], [14], [12]]
23
[[11], [14], [14], [11]]
22
[[11], [14], [14], [13]]
22
[[11], [14], [14], [8]]
21
[[11], [14], [14], [10]]
21
[[11], [14], [2]]
24
[[11], [14], [9]]
22
[[11], [14], [4]]
25
[[11], [14], [6]]
24
[[11, 14]]
25
[[10]]
66
[[10], [0]]
28
[[10], [1]]
23
[[10], [3]]
30
[[10], [3], [14]]
22
[[10], [4]]
30
[[10], [5]]
31
[[10], [6]]
34
[[10], [8]]
44
[[10], [8], [11]]
24
[[10], [8], [12]]
23
[[10], [8], [14]]
23
[[10], [8], [13]]
24
[[10], [9]]
36
[[10], [9], [14]]
22
[[10], [10]]
33
[[10], [11]]
44
[[10], [11], [14]]
24
[[10], [11], [12]]
23
[[10], [12]]
46
[[10], [12], [11]]
24
[[10], [12], [14]]
27
[[10], [12], [8]]
26
[[10], [12], [12]]
22
[[10], [12], [13]]
26
[[10], [12, 14]]
21
[[10], [13]]
47
[[10], [13], [8]]
28
[[10], [13], [11]]
25
[[10], [13], [13]]
29
[[10], [13], [14]]
33
[[10], [13], [14], [14]]
21
[[10], [13], [12]]
26
[[10], [13], [10]]
23
[[10], [13, 14]]
28
[[10], [13, 14], [14]]
23
[[10], [13, 14], [13]]
21
[[10], [14]]
53
[[10], [14], [6]]
26
[[10], [14], [8]]
33
[[10], [14], [11]]
27
[[10], [14], [12]]
29
[[10], [14], [13]]
33
[[10], [14], [13], [14]]
23
[[10], [14], [14]]
37
[[10], [14], [14], [11]]
22
[[10], [14], [14], [14]]
23
[[10], [14], [14], [8]]
21
[[10], [14], [14], [13]]
21
[[10], [14], [2]]
25
[[10], [14], [4]]
23
[[10], [2]]
31
[[10], [7]]
28
[[10], [7], [14]]
22
[[10, 14]]
24
[[7]]
51
[[7], [2]]
29
[[7], [6]]
31
[[7], [6], [14]]
22
[[7], [6], [13]]
21
[[7], [8]]
33
[[7], [9]]
28
[[7], [10]]
34
[[7], [10], [14]]
25
[[7], [10], [12]]
21
[[7], [11]]
36
[[7], [11], [10]]
22
[[7], [12]]
35
[[7], [12], [11]]
27
[[7], [12], [8]]
21
[[7], [12], [12]]
23
[[7], [12], [14]]
22
[[7], [12], [10]]
21
[[7], [13]]
37
[[7], [13], [13]]
27
[[7], [13], [14]]
31
[[7], [13], [14], [12]]
22
[[7], [13], [8]]
25
[[7], [13], [10]]
24
[[7], [13], [11]]
23
[[7], [13], [12]]
25
[[7], [13, 14]]
22
[[7], [14]]
41
[[7], [14], [8]]
27
[[7], [14], [11]]
27
[[7], [14], [13]]
27
[[7], [14], [12]]
28
[[7], [14], [14]]
29
[[7], [14], [6]]
21
[[7], [14], [10]]
23
[[7], [1]]
22
[[7], [3]]
27
[[7], [3], [14]]
23
[[7], [7]]
27
[[7], [5]]
25
[[7], [4]]
23
[[0]]
37
[[0], [2]]
22
[[0], [8]]
26
[[0], [11]]
26
[[0], [12]]
28
[[0], [13]]
25
[[0], [14]]
31
[[0], [10]]
21
[[13]]
73
[[13], [0]]
28
[[13], [0], [14]]
23
[[13], [1]]
34
[[13], [1], [14]]
26
[[13], [1], [12]]
23
[[13], [1], [13]]
21
[[13], [2]]
39
[[13], [2], [11]]
22
[[13], [2], [14]]
23
[[13], [2], [13]]
22
[[13], [3]]
40
[[13], [3], [8]]
26
[[13], [3], [11]]
28
[[13], [3], [12]]
30
[[13], [3], [12], [11]]
21
[[13], [3], [13]]
28
[[13], [3], [13], [14]]
23
[[13], [3], [14]]
35
[[13], [3], [14], [11]]
23
[[13], [3], [14], [14]]
21
[[13], [3], [14], [13]]
21
[[13], [3], [10]]
24
[[13], [3], [9]]
21
[[13], [4]]
35
[[13], [4], [14]]
25
[[13], [4], [11]]
21
[[13], [4], [13]]
22
[[13], [5]]
33
[[13], [5], [13]]
22
[[13], [6]]
37
[[13], [6], [13]]
24
[[13], [6], [14]]
26
[[13], [6], [12]]
22
[[13], [7]]
38
[[13], [7], [14]]
31
[[13], [7], [10]]
24
[[13], [7], [11]]
25
[[13], [7], [12]]
24
[[13], [7], [8]]
24
[[13], [7], [13]]
22
[[13], [7], [9]]
21
[[13], [8]]
47
[[13], [8], [8]]
23
[[13], [8], [11]]
26
[[13], [8], [12]]
29
[[13], [8], [14]]
29
[[13], [8], [10]]
24
[[13], [8], [13]]
28
[[13], [8], [2]]
22
[[13], [8], [6]]
22
[[13], [9]]
44
[[13], [9], [11]]
23
[[13], [9], [12]]
27
[[13], [9], [13]]
27
[[13], [9], [14]]
31
[[13], [9], [9]]
21
[[13], [9], [10]]
24
[[13], [9], [8]]
22
[[13], [10]]
47
[[13], [10], [9]]
22
[[13], [10], [11]]
29
[[13], [10], [13]]
27
[[13], [10], [14]]
35
[[13], [10], [8]]
27
[[13], [10], [12]]
28
[[13], [10], [10]]
21
[[13], [10], [4]]
21
[[13], [11]]
46
[[13], [11], [12]]
30
[[13], [11], [14]]
30
[[13], [11], [8]]
23
[[13], [11], [11]]
27
[[13], [11], [7]]
21
[[13], [11], [13]]
24
[[13], [11], [10]]
24
[[13], [12]]
53
[[13], [12], [8]]
33
[[13], [12], [9]]
25
[[13], [12], [11]]
38
[[13], [12], [11], [12]]
21
[[13], [12], [12]]
37
[[13], [12], [14]]
40
[[13], [12], [14], [14]]
27
[[13], [12], [14], [12]]
23
[[13], [12], [14], [8]]
23
[[13], [12], [14], [11]]
21
[[13], [12], [14], [13]]
24
[[13], [12], [3]]
22
[[13], [12], [10]]
34
[[13], [12], [10], [14]]
21
[[13], [12], [13]]
33
[[13], [12], [13], [14]]
24
[[13], [12], [13], [8]]
21
[[13], [12], [13], [10]]
21
[[13], [12], [13], [13]]
23
[[13], [12], [6]]
23
[[13], [12], [7]]
25
[[13], [12], [1]]
21
[[13], [12], [4]]
21
[[13], [12, 14]]
28
[[13], [12, 13]]
23
[[13], [13]]
58
[[13], [13], [2]]
26
[[13], [13], [3]]
28
[[13], [13], [3], [14]]
25
[[13], [13], [6]]
26
[[13], [13], [7]]
28
[[13], [13], [7], [14]]
21
[[13], [13], [8]]
38
[[13], [13], [9]]
29
[[13], [13], [10]]
35
[[13], [13], [10], [14]]
22
[[13], [13], [11]]
38
[[13], [13], [11], [14]]
24
[[13], [13], [12]]
38
[[13], [13], [12], [11]]
22
[[13], [13], [12], [14]]
22
[[13], [13], [13]]
39
[[13], [13], [13], [8]]
22
[[13], [13], [13], [11]]
21
[[13], [13], [13], [14]]
27
[[13], [13], [13], [13]]
23
[[13], [13], [13], [10]]
21
[[13], [13], [14]]
47
[[13], [13], [14], [8]]
27
[[13], [13], [14], [11]]
25
[[13], [13], [14], [13]]
30
[[13], [13], [14], [14]]
32
[[13], [13], [14], [12]]
26
[[13], [13], [14], [2]]
21
[[13], [13], [5]]
22
[[13], [13], [4]]
23
[[13], [13, 14]]
44
[[13], [13, 14], [8]]
28
[[13], [13, 14], [10]]
27
[[13], [13, 14], [11]]
28
[[13], [13, 14], [13]]
30
[[13], [13, 14], [13], [14]]
22
[[13], [13, 14], [14]]
34
[[13], [13, 14], [14], [14]]
24
[[13], [13, 14], [14], [13]]
22
[[13], [13, 14], [12]]
28
[[13], [13, 14], [9]]
21
[[13], [14]]
63
[[13], [14], [2]]
28
[[13], [14], [3]]
29
[[13], [14], [3], [12]]
21
[[13], [14], [3], [14]]
25
[[13], [14], [5]]
22
[[13], [14], [6]]
31
[[13], [14], [7]]
30
[[13], [14], [7], [14]]
24
[[13], [14], [8]]
37
[[13], [14], [8], [14]]
23
[[13], [14], [8], [11]]
21
[[13], [14], [9]]
30
[[13], [14], [9], [14]]
22
[[13], [14], [10]]
33
[[13], [14], [10], [14]]
22
[[13], [14], [10], [12]]
21
[[13], [14], [11]]
39
[[13], [14], [11], [12]]
21
[[13], [14], [11], [14]]
22
[[13], [14], [12]]
40
[[13], [14], [12], [11]]
28
[[13], [14], [12], [14]]
27
[[13], [14], [12], [8]]
23
[[13], [14], [12], [12]]
21
[[13], [14], [12], [13]]
22
[[13], [14], [12], [10]]
21
[[13], [14], [12, 14]]
22
[[13], [14], [13]]
40
[[13], [14], [13], [8]]
25
[[13], [14], [13], [14]]
31
[[13], [14], [13], [11]]
23
[[13], [14], [13], [10]]
25
[[13], [14], [13], [12]]
23
[[13], [14], [13], [13]]
26
[[13], [14], [13, 14]]
24
[[13], [14], [14]]
47
[[13], [14], [14], [8]]
30
[[13], [14], [14], [11]]
30
[[13], [14], [14], [13]]
31
[[13], [14], [14], [13], [14]]
22
[[13], [14], [14], [14]]
37
[[13], [14], [14], [14], [13]]
21
[[13], [14], [14], [14], [14]]
22
[[13], [14], [14], [12]]
30
[[13], [14], [14], [10]]
26
[[13], [14], [14], [6]]
22
[[13], [14], [14], [4]]
21
[[13], [14], [14], [7]]
21
[[13], [14], [1]]
21
[[13], [14], [4]]
25
[[13], [14], [0]]
23
[[13, 14]]
53
[[13, 14], [2]]
25
[[13, 14], [3]]
26
[[13, 14], [3], [14]]
23
[[13, 14], [6]]
23
[[13, 14], [8]]
35
[[13, 14], [9]]
27
[[13, 14], [10]]
35
[[13, 14], [10], [14]]
25
[[13, 14], [10], [12]]
21
[[13, 14], [11]]
34
[[13, 14], [11], [14]]
21
[[13, 14], [12]]
38
[[13, 14], [12], [8]]
22
[[13, 14], [12], [11]]
26
[[13, 14], [12], [12]]
24
[[13, 14], [12], [14]]
27
[[13, 14], [12], [13]]
23
[[13, 14], [12], [10]]
22
[[13, 14], [13]]
41
[[13, 14], [13], [8]]
25
[[13, 14], [13], [11]]
25
[[13, 14], [13], [13]]
27
[[13, 14], [13], [14]]
33
[[13, 14], [13], [12]]
27
[[13, 14], [13], [10]]
25
[[13, 14], [13], [9]]
22
[[13, 14], [13, 14]]
26
[[13, 14], [13, 14], [14]]
21
[[13, 14], [14]]
43
[[13, 14], [14], [8]]
28
[[13, 14], [14], [11]]
27
[[13, 14], [14], [13]]
28
[[13, 14], [14], [13], [13]]
21
[[13, 14], [14], [14]]
32
[[13, 14], [14], [14], [13]]
23
[[13, 14], [14], [14], [14]]
22
[[13, 14], [14], [12]]
29
[[13, 14], [14], [10]]
25
[[13, 14], [14], [9]]
21
[[13, 14], [7]]
25
[[13, 14], [7], [14]]
21
[[13, 14], [5]]
21
[[12]]
71
[[12], [0]]
25
[[12], [1]]
35
[[12], [1], [14]]
26
[[12], [1], [12]]
23
[[12], [2]]
31
[[12], [3]]
34
[[12], [3], [14]]
27
[[12], [3], [11]]
22
[[12], [3], [12]]
23
[[12], [3], [13]]
21
[[12], [5]]
30
[[12], [6]]
37
[[12], [6], [14]]
22
[[12], [7]]
36
[[12], [7], [10]]
22
[[12], [7], [14]]
24
[[12], [7], [12]]
22
[[12], [8]]
44
[[12], [8], [8]]
22
[[12], [8], [11]]
26
[[12], [8], [14]]
29
[[12], [8], [10]]
25
[[12], [8], [12]]
27
[[12], [8], [13]]
27
[[12], [9]]
42
[[12], [9], [11]]
23
[[12], [9], [12]]
27
[[12], [9], [13]]
25
[[12], [9], [14]]
30
[[12], [9], [10]]
24
[[12], [9], [8]]
21
[[12], [10]]
49
[[12], [10], [10]]
23
[[12], [10], [11]]
29
[[12], [10], [14]]
37
[[12], [10], [14], [14]]
22
[[12], [10], [8]]
27
[[12], [10], [12]]
27
[[12], [10], [13]]
29
[[12], [10], [9]]
22
[[12], [10], [4]]
23
[[12], [11]]
53
[[12], [11], [14]]
30
[[12], [11], [8]]
27
[[12], [11], [10]]
25
[[12], [11], [12]]
31
[[12], [11], [13]]
22
[[12], [11], [6]]
21
[[12], [11], [11]]
21
[[12], [12]]
51
[[12], [12], [11]]
25
[[12], [12], [13]]
30
[[12], [12], [14]]
31
[[12], [12], [14], [14]]
23
[[12], [12], [8]]
24
[[12], [12], [10]]
25
[[12], [12], [12]]
28
[[12], [12], [6]]
22
[[12], [13]]
54
[[12], [13], [8]]
29
[[12], [13], [9]]
29
[[12], [13], [10]]
30
[[12], [13], [11]]
28
[[12], [13], [12]]
33
[[12], [13], [13]]
33
[[12], [13], [13], [8]]
21
[[12], [13], [13], [10]]
22
[[12], [13], [13], [14]]
24
[[12], [13], [13], [12]]
22
[[12], [13], [13, 14]]
23
[[12], [13], [14]]
41
[[12], [13], [14], [8]]
24
[[12], [13], [14], [13]]
23
[[12], [13], [14], [14]]
27
[[12], [13], [14], [14], [14]]
21
[[12], [13], [14], [12]]
24
[[12], [13], [1]]
21
[[12], [13], [4]]
23
[[12], [13], [6]]
22
[[12], [13, 14]]
31
[[12], [13, 14], [10]]
22
[[12], [13, 14], [13]]
21
[[12], [13, 14], [14]]
24
[[12], [13, 14], [12]]
21
[[12], [14]]
57
[[12], [14], [1]]
22
[[12], [14], [3]]
24
[[12], [14], [6]]
28
[[12], [14], [8]]
33
[[12], [14], [9]]
27
[[12], [14], [10]]
33
[[12], [14], [10], [14]]
21
[[12], [14], [11]]
31
[[12], [14], [12]]
39
[[12], [14], [12], [14]]
22
[[12], [14], [13]]
38
[[12], [14], [13], [9]]
22
[[12], [14], [13], [10]]
23
[[12], [14], [13], [14]]
28
[[12], [14], [13], [12]]
21
[[12], [14], [13], [13]]
21
[[12], [14], [13], [8]]
21
[[12], [14], [13], [11]]
21
[[12], [14], [13, 14]]
22
[[12], [14], [14]]
46
[[12], [14], [14], [10]]
23
[[12], [14], [14], [13]]
23
[[12], [14], [14], [14]]
30
[[12], [14], [14], [8]]
23
[[12], [14], [14], [12]]
25
[[12], [14], [14], [6]]
21
[[12], [14], [2]]
22
[[12], [14], [4]]
29
[[12], [4]]
34
[[12], [4], [14]]
21
[[12, 13]]
32
[[12, 13], [14]]
24
[[12, 13], [13]]
21
[[12, 14]]
42
[[12, 14], [8]]
25
[[12, 14], [10]]
25
[[12, 14], [11]]
29
[[12, 14], [12]]
28
[[12, 14], [13]]
26
[[12, 14], [14]]
32
[[12, 14], [14], [14]]
22
[[12, 14], [14], [12]]
22
[[12, 14], [2]]
21
[[9]]
56
[[9], [0]]
22
[[9], [1]]
28
[[9], [2]]
24
[[9], [3]]
28
[[9], [3], [14]]
24
[[9], [5]]
27
[[9], [6]]
35
[[9], [6], [11]]
21
[[9], [6], [12]]
21
[[9], [6], [14]]
22
[[9], [6], [13]]
21
[[9], [8]]
34
[[9], [8], [11]]
23
[[9], [8], [12]]
22
[[9], [8], [14]]
22
[[9], [8], [10]]
21
[[9], [8], [13]]
23
[[9], [9]]
34
[[9], [9], [11]]
21
[[9], [9], [12]]
23
[[9], [9], [14]]
24
[[9], [9], [10]]
22
[[9], [9], [13]]
21
[[9], [10]]
39
[[9], [10], [14]]
26
[[9], [10], [11]]
22
[[9], [10], [13]]
22
[[9], [11]]
39
[[9], [11], [11]]
23
[[9], [11], [12]]
23
[[9], [11], [14]]
27
[[9], [11], [10]]
24
[[9], [12]]
44
[[9], [12], [11]]
27
[[9], [12], [14]]
30
[[9], [12], [6]]
22
[[9], [12], [12]]
23
[[9], [12], [13]]
24
[[9], [12], [10]]
23
[[9], [13]]
45
[[9], [13], [8]]
24
[[9], [13], [9]]
25
[[9], [13], [10]]
29
[[9], [13], [11]]
28
[[9], [13], [12]]
28
[[9], [13], [14]]
35
[[9], [13], [14], [11]]
21
[[9], [13], [14], [14]]
22
[[9], [13], [14], [12]]
21
[[9], [13], [6]]
22
[[9], [13], [13]]
29
[[9], [13, 14]]
26
[[9], [14]]
48
[[9], [14], [6]]
24
[[9], [14], [8]]
23
[[9], [14], [9]]
25
[[9], [14], [11]]
29
[[9], [14], [12]]
33
[[9], [14], [13]]
34
[[9], [14], [14]]
34
[[9], [14], [14], [11]]
21
[[9], [14], [14], [14]]
22
[[9], [14], [10]]
25
[[9], [7]]
30
[[9], [4]]
26
[[9, 14]]
23
[[8]]
57
[[8], [0]]
23
[[8], [1]]
24
[[8], [2]]
33
[[8], [6]]
31
[[8], [8]]
35
[[8], [8], [14]]
21
[[8], [8], [13]]
21
[[8], [9]]
32
[[8], [9], [12]]
22
[[8], [9], [14]]
24
[[8], [10]]
39
[[8], [10], [14]]
27
[[8], [10], [12]]
22
[[8], [10], [13]]
24
[[8], [10], [8]]
23
[[8], [10], [11]]
21
[[8], [11]]
38
[[8], [11], [12]]
26
[[8], [11], [14]]
29
[[8], [11], [13]]
23
[[8], [11], [8]]
21
[[8], [11], [10]]
21
[[8], [12]]
44
[[8], [12], [11]]
26
[[8], [12], [8]]
25
[[8], [12], [10]]
24
[[8], [12], [14]]
27
[[8], [12], [12]]
22
[[8], [12], [13]]
25
[[8], [13]]
43
[[8], [13], [11]]
23
[[8], [13], [12]]
28
[[8], [13], [14]]
30
[[8], [13], [8]]
22
[[8], [13], [10]]
25
[[8], [13], [13]]
26
[[8], [13], [7]]
21
[[8], [13, 14]]
25
[[8], [14]]
44
[[8], [14], [11]]
24
[[8], [14], [12]]
30
[[8], [14], [13]]
31
[[8], [14], [13], [14]]
21
[[8], [14], [14]]
33
[[8], [14], [14], [14]]
21
[[8], [14], [2]]
22
[[8], [14], [6]]
22
[[8], [14], [8]]
24
[[8], [14], [10]]
24
[[8], [3]]
26
[[8], [3], [12]]
21
[[8], [3], [14]]
21
[[8], [5]]
24
[[8], [7]]
29
[[8], [7], [14]]
24
[[8], [4]]
27
[[3]]
54
[[3], [6]]
27
[[3], [8]]
36
[[3], [9]]
28
[[3], [11]]
37
[[3], [11], [14]]
23
[[3], [11], [12]]
21
[[3], [11], [10]]
23
[[3], [11], [11]]
21
[[3], [11], [13]]
21
[[3], [12]]
39
[[3], [12], [11]]
24
[[3], [12], [14]]
24
[[3], [12], [10]]
24
[[3], [12], [13]]
21
[[3], [13]]
39
[[3], [13], [8]]
28
[[3], [13], [11]]
25
[[3], [13], [13]]
30
[[3], [13], [14]]
32
[[3], [13], [12]]
23
[[3], [13], [10]]
26
[[3], [13, 14]]
24
[[3], [14]]
46
[[3], [14], [8]]
29
[[3], [14], [11]]
29
[[3], [14], [13]]
32
[[3], [14], [13], [14]]
22
[[3], [14], [14]]
31
[[3], [14], [14], [14]]
23
[[3], [14], [12]]
26
[[3], [14], [7]]
21
[[3], [14], [10]]
25
[[3], [10]]
35
[[3], [10], [14]]
24
[[3], [10], [8]]
21
[[3], [10], [13]]
22
[[3], [2]]
25
[[3], [3]]
25
[[3], [7]]
26
[[3], [4]]
24
[[5]]
49
[[5], [1]]
22
[[5], [2]]
27
[[5], [3]]
27
[[5], [3], [14]]
21
[[5], [5]]
25
[[5], [6]]
26
[[5], [8]]
32
[[5], [9]]
28
[[5], [11]]
34
[[5], [11], [10]]
21
[[5], [12]]
34
[[5], [12], [10]]
21
[[5], [12], [14]]
21
[[5], [12], [11]]
21
[[5], [13]]
37
[[5], [13], [13]]
23
[[5], [13], [14]]
25
[[5], [13, 14]]
23
[[5], [14]]
38
[[5], [14], [11]]
25
[[5], [14], [12]]
27
[[5], [14], [13]]
28
[[5], [14], [14]]
30
[[5], [14], [8]]
22
[[5], [14], [10]]
21
[[5], [10]]
28
[[4]]
44
[[4], [9]]
23
[[4], [11]]
31
[[4], [11], [14]]
21
[[4], [13]]
33
[[4], [13], [14]]
25
[[4], [13], [11]]
23
[[4], [13], [12]]
21
[[4], [13], [13]]
21
[[4], [13], [8]]
21
[[4], [13], [10]]
21
[[4], [14]]
35
[[4], [14], [11]]
27
[[4], [14], [12]]
23
[[4], [14], [13]]
24
[[4], [14], [14]]
29
[[4], [14], [8]]
22
[[4], [14], [10]]
22
[[4], [14], [4]]
21
[[4], [2]]
22
[[4], [4]]
24
[[4], [8]]
26
[[4], [12]]
28
[[4], [12], [11]]
21
[[4], [3]]
22
[[4], [10]]
26
[[4], [6]]
22
[[4], [7]]
21
[[4], [1]]
21
[[6]]
55
[[6], [2]]
27
[[6], [8]]
28
[[6], [9]]
28
[[6], [11]]
34
[[6], [12]]
36
[[6], [12], [11]]
22
[[6], [13]]
41
[[6], [13], [11]]
22
[[6], [13], [14]]
29
[[6], [13], [8]]
23
[[6], [13], [12]]
23
[[6], [13], [13]]
23
[[6], [13, 14]]
21
[[6], [14]]
40
[[6], [14], [11]]
22
[[6], [14], [14]]
27
[[6], [14], [8]]
22
[[6], [14], [12]]
23
[[6], [14], [13]]
24
[[6], [3]]
24
[[6], [3], [14]]
21
[[6], [7]]
24
[[6], [7], [14]]
22
[[6], [10]]
30
[[6], [6]]
22
[[6], [4]]
21
[[1]]
47
[[1], [1]]
24
[[1], [3]]
28
[[1], [3], [14]]
21
[[1], [6]]
26
[[1], [9]]
25
[[1], [10]]
27
[[1], [11]]
31
[[1], [12]]
31
[[1], [13]]
30
[[1], [13], [14]]
24
[[1], [13], [13]]
23
[[1], [13], [10]]
21
[[1], [13, 14]]
24
[[1], [14]]
39
[[1], [14], [11]]
23
[[1], [14], [13]]
23
[[1], [14], [14]]
28
[[1], [14], [12]]
22
[[1], [14], [6]]
22
[[1], [2]]
23
[[1], [8]]
23
[[1], [4]]
21
