[[2]]
75
[[2], [11]]
46
[[2], [8]]
39
[[2], [10]]
39
[[2], [12]]
44
[[2], [13]]
49
[[2], [13], [14]]
33
[[2], [14]]
52
[[2], [14], [14]]
36
[[2], [7]]
36
[[2], [2]]
39
[[2], [6]]
33
[[2], [9]]
34
[[14]]
122
[[14], [0]]
53
[[14], [0], [14]]
37
[[14], [1]]
58
[[14], [1], [14]]
45
[[14], [1], [12]]
35
[[14], [1], [13]]
38
[[14], [1], [10]]
33
[[14], [1], [11]]
34
[[14], [2]]
65
[[14], [2], [11]]
39
[[14], [2], [13]]
41
[[14], [2], [14]]
44
[[14], [2], [12]]
37
[[14], [2], [10]]
33
[[14], [3]]
67
[[14], [3], [8]]
39
[[14], [3], [11]]
46
[[14], [3], [13]]
46
[[14], [3], [14]]
52
[[14], [3], [14], [14]]
34
[[14], [3], [12]]
47
[[14], [3], [10]]
40
[[14], [4]]
56
[[14], [4], [13]]
36
[[14], [4], [14]]
40
[[14], [4], [11]]
35
[[14], [5]]
61
[[14], [5], [14]]
41
[[14], [5], [13]]
37
[[14], [5], [12]]
37
[[14], [5], [8]]
35
[[14], [6]]
69
[[14], [6], [11]]
42
[[14], [6], [13]]
44
[[14], [6], [14]]
45
[[14], [6], [8]]
40
[[14], [6], [12]]
43
[[14], [6], [2]]
33
[[14], [6], [10]]
33
[[14], [7]]
68
[[14], [7], [11]]
42
[[14], [7], [13]]
43
[[14], [7], [14]]
48
[[14], [7], [10]]
38
[[14], [7], [12]]
44
[[14], [7], [8]]
38
[[14], [8]]
81
[[14], [8], [6]]
37
[[14], [8], [8]]
35
[[14], [8], [11]]
46
[[14], [8], [12]]
49
[[14], [8], [13]]
50
[[14], [8], [14]]
53
[[14], [8], [14], [14]]
35
[[14], [8], [14], [11]]
34
[[14], [8], [14], [13]]
35
[[14], [8], [10]]
46
[[14], [8], [7]]
35
[[14], [8], [9]]
35
[[14], [9]]
68
[[14], [9], [11]]
44
[[14], [9], [12]]
48
[[14], [9], [13]]
46
[[14], [9], [13], [14]]
35
[[14], [9], [14]]
55
[[14], [9], [14], [12]]
33
[[14], [9], [14], [13]]
33
[[14], [9], [14], [14]]
35
[[14], [9], [6]]
35
[[14], [9], [9]]
38
[[14], [9], [10]]
45
[[14], [9], [8]]
35
[[14], [10]]
88
[[14], [10], [10]]
48
[[14], [10], [11]]
58
[[14], [10], [11], [14]]
36
[[14], [10], [13]]
60
[[14], [10], [13], [14]]
41
[[14], [10], [13], [11]]
33
[[14], [10], [13], [13]]
34
[[14], [10], [13, 14]]
34
[[14], [10], [14]]
67
[[14], [10], [14], [8]]
39
[[14], [10], [14], [14]]
46
[[14], [10], [14], [13]]
41
[[14], [10], [14], [11]]
38
[[14], [10], [14], [12]]
34
[[14], [10], [8]]
52
[[14], [10], [6]]
41
[[14], [10], [9]]
43
[[14], [10], [12]]
54
[[14], [10], [4]]
38
[[14], [10], [2]]
35
[[14], [10], [7]]
37
[[14], [10], [3]]
33
[[14], [10], [5]]
37
[[14], [11]]
88
[[14], [11], [8]]
46
[[14], [11], [11]]
49
[[14], [11], [11], [14]]
33
[[14], [11], [12]]
57
[[14], [11], [12], [14]]
33
[[14], [11], [13]]
53
[[14], [11], [13], [14]]
39
[[14], [11], [14]]
61
[[14], [11], [14], [14]]
44
[[14], [11], [14], [10]]
33
[[14], [11], [14], [11]]
34
[[14], [11], [14], [12]]
35
[[14], [11], [14], [13]]
35
[[14], [11], [10]]
53
[[14], [11], [6]]
44
[[14], [11], [7]]
40
[[14], [11], [9]]
39
[[14], [11], [2]]
39
[[14], [11], [4]]
33
[[14], [11], [3]]
35
[[14], [11], [5]]
35
[[14], [11, 14]]
36
[[14], [12]]
95
[[14], [12], [3]]
40
[[14], [12], [6]]
44
[[14], [12], [7]]
40
[[14], [12], [8]]
50
[[14], [12], [9]]
44
[[14], [12], [10]]
58
[[14], [12], [10], [14]]
34
[[14], [12], [11]]
66
[[14], [12], [11], [12]]
34
[[14], [12], [11], [14]]
37
[[14], [12], [12]]
53
[[14], [12], [13]]
56
[[14], [12], [13], [14]]
41
[[14], [12], [13], [10]]
33
[[14], [12], [13], [11]]
33
[[14], [12], [13], [13]]
37
[[14], [12], [14]]
68
[[14], [12], [14], [8]]
39
[[14], [12], [14], [10]]
41
[[14], [12], [14], [11]]
36
[[14], [12], [14], [13]]
42
[[14], [12], [14], [14]]
45
[[14], [12], [14], [12]]
35
[[14], [12], [2]]
41
[[14], [12], [4]]
39
[[14], [12], [1]]
34
[[14], [12], [5]]
35
[[14], [12, 13]]
39
[[14], [12, 14]]
51
[[14], [12, 14], [14]]
35
[[14], [12, 14], [8]]
33
[[14], [13]]
102
[[14], [13], [2]]
44
[[14], [13], [3]]
46
[[14], [13], [6]]
50
[[14], [13], [7]]
49
[[14], [13], [7], [14]]
33
[[14], [13], [8]]
59
[[14], [13], [8], [14]]
33
[[14], [13], [9]]
48
[[14], [13], [9], [14]]
35
[[14], [13], [10]]
65
[[14], [13], [10], [14]]
39
[[14], [13], [10], [11]]
36
[[14], [13], [10], [12]]
34
[[14], [13], [10], [13]]
33
[[14], [13], [11]]
67
[[14], [13], [11], [12]]
40
[[14], [13], [11], [14]]
44
[[14], [13], [12]]
65
[[14], [13], [12], [11]]
33
[[14], [13], [12], [10]]
34
[[14], [13], [12], [14]]
37
[[14], [13], [13]]
68
[[14], [13], [13], [8]]
36
[[14], [13], [13], [11]]
39
[[14], [13], [13], [13]]
42
[[14], [13], [13], [14]]
48
[[14], [13], [13], [10]]
34
[[14], [13], [13], [12]]
42
[[14], [13], [13, 14]]
44
[[14], [13], [14]]
84
[[14], [13], [14], [8]]
44
[[14], [13], [14], [11]]
48
[[14], [13], [14], [13]]
46
[[14], [13], [14], [14]]
54
[[14], [13], [14], [10]]
44
[[14], [13], [14], [12]]
46
[[14], [13], [14], [6]]
36
[[14], [13], [14], [9]]
34
[[14], [13], [1]]
37
[[14], [13], [5]]
41
[[14], [13], [4]]
40
[[14], [13], [0]]
33
[[14], [13, 14]]
65
[[14], [13, 14], [8]]
39
[[14], [13, 14], [10]]
43
[[14], [13, 14], [11]]
44
[[14], [13, 14], [13]]
50
[[14], [13, 14], [13], [14]]
38
[[14], [13, 14], [14]]
52
[[14], [13, 14], [14], [14]]
36
[[14], [13, 14], [12]]
42
[[14], [14]]
109
[[14], [14], [1]]
42
[[14], [14], [2]]
48
[[14], [14], [3]]
50
[[14], [14], [3], [14]]
34
[[14], [14], [6]]
57
[[14], [14], [7]]
51
[[14], [14], [7], [14]]
33
[[14], [14], [8]]
65
[[14], [14], [8], [11]]
37
[[14], [14], [8], [14]]
38
[[14], [14], [8], [12]]
34
[[14], [14], [8], [13]]
36
[[14], [14], [9]]
52
[[14], [14], [9], [14]]
36
[[14], [14], [10]]
71
[[14], [14], [10], [11]]
41
[[14], [14], [10], [14]]
44
[[14], [14], [10], [12]]
38
[[14], [14], [10], [8]]
35
[[14], [14], [10], [13]]
35
[[14], [14], [11]]
72
[[14], [14], [11], [14]]
47
[[14], [14], [11], [12]]
42
[[14], [14], [11], [10]]
36
[[14], [14], [11], [11]]
38
[[14], [14], [11], [13]]
35
[[14], [14], [11], [8]]
35
[[14], [14], [12]]
73
[[14], [14], [12], [11]]
41
[[14], [14], [12], [14]]
45
[[14], [14], [12], [10]]
37
[[14], [14], [12], [13]]
35
[[14], [14], [12], [8]]
33
[[14], [14], [13]]
80
[[14], [14], [13], [8]]
40
[[14], [14], [13], [9]]
34
[[14], [14], [13], [10]]
38
[[14], [14], [13], [11]]
47
[[14], [14], [13], [13]]
49
[[14], [14], [13], [14]]
61
[[14], [14], [13], [14], [11]]
33
[[14], [14], [13], [14], [13]]
33
[[14], [14], [13], [12]]
47
[[14], [14], [13, 14]]
45
[[14], [14], [14]]
90
[[14], [14], [14], [6]]
39
[[14], [14], [14], [8]]
52
[[14], [14], [14], [11]]
55
[[14], [14], [14], [13]]
56
[[14], [14], [14], [13], [14]]
35
[[14], [14], [14], [14]]
60
[[14], [14], [14], [14], [14]]
37
[[14], [14], [14], [14], [13]]
33
[[14], [14], [14], [10]]
46
[[14], [14], [14], [12]]
53
[[14], [14], [14], [2]]
37
[[14], [14], [14], [4]]
39
[[14], [14], [14], [7]]
35
[[14], [14], [14], [9]]
36
[[14], [14], [14], [3]]
35
[[14], [14], [14], [5]]
33
[[14], [14], [4]]
46
[[14], [14], [5]]
43
[[14], [14], [0]]
42
[[11]]
103
[[11], [0]]
41
[[11], [1]]
43
[[11], [1], [14]]
33
[[11], [2]]
51
[[11], [3]]
51
[[11], [3], [14]]
38
[[11], [3], [11]]
34
[[11], [3], [13]]
34
[[11], [4]]
49
[[11], [4], [14]]
33
[[11], [5]]
50
[[11], [6]]
57
[[11], [6], [14]]
35
[[11], [6], [8]]
33
[[11], [6], [12]]
33
[[11], [6], [13]]
35
[[11], [7]]
54
[[11], [7], [14]]
39
[[11], [7], [12]]
34
[[11], [7], [11]]
34
[[11], [7], [13]]
33
[[11], [8]]
60
[[11], [8], [12]]
35
[[11], [8], [14]]
37
[[11], [8], [10]]
34
[[11], [8], [13]]
34
[[11], [8], [11]]
33
[[11], [9]]
56
[[11], [9], [14]]
38
[[11], [9], [10]]
36
[[11], [9], [12]]
34
[[11], [10]]
69
[[11], [10], [11]]
40
[[11], [10], [14]]
48
[[11], [10], [8]]
37
[[11], [10], [12]]
37
[[11], [10], [13]]
39
[[11], [11]]
68
[[11], [11], [11]]
43
[[11], [11], [14]]
45
[[11], [11], [12]]
45
[[11], [11], [13]]
44
[[11], [11], [10]]
40
[[11], [11], [6]]
35
[[11], [11], [8]]
34
[[11], [12]]
77
[[11], [12], [8]]
36
[[11], [12], [11]]
49
[[11], [12], [13]]
43
[[11], [12], [14]]
50
[[11], [12], [14], [14]]
33
[[11], [12], [10]]
44
[[11], [12], [12]]
42
[[11], [12], [2]]
33
[[11], [12, 14]]
36
[[11], [13]]
71
[[11], [13], [2]]
35
[[11], [13], [8]]
39
[[11], [13], [11]]
44
[[11], [13], [13]]
47
[[11], [13], [14]]
56
[[11], [13], [14], [11]]
36
[[11], [13], [14], [14]]
35
[[11], [13], [14], [12]]
33
[[11], [13], [14], [13]]
33
[[11], [13], [10]]
45
[[11], [13], [12]]
45
[[11], [13], [7]]
33
[[11], [13], [6]]
36
[[11], [13, 14]]
44
[[11], [13, 14], [13]]
33
[[11], [13, 14], [14]]
35
[[11], [14]]
84
[[11], [14], [8]]
47
[[11], [14], [10]]
51
[[11], [14], [11]]
53
[[11], [14], [12]]
54
[[11], [14], [12], [14]]
34
[[11], [14], [13]]
53
[[11], [14], [13], [14]]
36
[[11], [14], [13], [13]]
34
[[11], [14], [13, 14]]
33
[[11], [14], [14]]
62
[[11], [14], [14], [14]]
44
[[11], [14], [14], [12]]
37
[[11], [14], [14], [11]]
37
[[11], [14], [14], [13]]
39
[[11], [14], [14], [10]]
35
[[11], [14], [2]]
41
[[11], [14], [9]]
39
[[11], [14], [4]]
35
[[11], [14], [6]]
42
[[11], [14], [7]]
34
[[11], [14], [1]]
33
[[11], [14], [3]]
33
[[11, 14]]
47
[[11, 14], [14]]
33
[[11, 13]]
35
[[10]]
104
[[10], [0]]
46
[[10], [1]]
40
[[10], [3]]
43
[[10], [4]]
47
[[10], [5]]
52
[[10], [6]]
54
[[10], [6], [12]]
33
[[10], [8]]
67
[[10], [8], [11]]
38
[[10], [8], [12]]
35
[[10], [8], [14]]
41
[[10], [8], [13]]
36
[[10], [9]]
55
[[10], [9], [14]]
37
[[10], [10]]
54
[[10], [10], [14]]
34
[[10], [10], [11]]
33
[[10], [11]]
72
[[10], [11], [14]]
46
[[10], [11], [12]]
41
[[10], [11], [13]]
34
[[10], [11], [11]]
34
[[10], [12]]
72
[[10], [12], [11]]
40
[[10], [12], [14]]
44
[[10], [12], [8]]
35
[[10], [12], [13]]
40
[[10], [12], [12]]
33
[[10], [12, 14]]
33
[[10], [13]]
76
[[10], [13], [8]]
44
[[10], [13], [11]]
46
[[10], [13], [13]]
46
[[10], [13], [14]]
55
[[10], [13], [14], [14]]
38
[[10], [13], [14], [11]]
35
[[10], [13], [12]]
44
[[10], [13], [10]]
38
[[10], [13], [9]]
34
[[10], [13], [2]]
34
[[10], [13, 14]]
46
[[10], [13, 14], [14]]
35
[[10], [13, 14], [13]]
33
[[10], [14]]
83
[[10], [14], [6]]
39
[[10], [14], [8]]
49
[[10], [14], [11]]
49
[[10], [14], [12]]
47
[[10], [14], [13]]
54
[[10], [14], [13], [14]]
37
[[10], [14], [13, 14]]
34
[[10], [14], [14]]
60
[[10], [14], [14], [11]]
37
[[10], [14], [14], [14]]
41
[[10], [14], [14], [13]]
36
[[10], [14], [2]]
38
[[10], [14], [4]]
33
[[10], [14], [9]]
37
[[10], [14], [10]]
37
[[10], [2]]
48
[[10], [7]]
51
[[10], [7], [14]]
37
[[10, 14]]
34
[[7]]
83
[[7], [2]]
44
[[7], [6]]
45
[[7], [8]]
50
[[7], [9]]
41
[[7], [10]]
54
[[7], [10], [14]]
34
[[7], [10], [12]]
33
[[7], [11]]
57
[[7], [11], [14]]
35
[[7], [11], [10]]
33
[[7], [12]]
60
[[7], [12], [11]]
42
[[7], [12], [14]]
36
[[7], [12], [10]]
33
[[7], [13]]
59
[[7], [13], [13]]
41
[[7], [13], [14]]
47
[[7], [13], [8]]
37
[[7], [13], [10]]
37
[[7], [13], [11]]
39
[[7], [13], [12]]
40
[[7], [13, 14]]
35
[[7], [14]]
63
[[7], [14], [8]]
39
[[7], [14], [11]]
43
[[7], [14], [13]]
45
[[7], [14], [12]]
41
[[7], [14], [14]]
45
[[7], [14], [10]]
39
[[7], [3]]
41
[[7], [7]]
42
[[7], [5]]
38
[[7], [4]]
36
[[7], [1]]
33
[[0]]
65
[[0], [8]]
42
[[0], [11]]
42
[[0], [12]]
46
[[0], [13]]
46
[[0], [13], [14]]
34
[[0], [14]]
51
[[0], [14], [14]]
35
[[0], [14], [12]]
34
[[0], [14], [13]]
34
[[0], [10]]
39
[[0], [2]]
33
[[0], [9]]
33
[[13]]
115
[[13], [0]]
44
[[13], [0], [14]]
33
[[13], [1]]
51
[[13], [1], [14]]
41
[[13], [1], [13]]
33
[[13], [2]]
62
[[13], [2], [14]]
39
[[13], [2], [13]]
34
[[13], [3]]
61
[[13], [3], [8]]
37
[[13], [3], [11]]
41
[[13], [3], [12]]
42
[[13], [3], [13]]
41
[[13], [3], [14]]
47
[[13], [4]]
51
[[13], [4], [14]]
37
[[13], [5]]
54
[[13], [5], [12]]
33
[[13], [5], [13]]
35
[[13], [5], [8]]
33
[[13], [5], [14]]
34
[[13], [6]]
61
[[13], [6], [13]]
37
[[13], [6], [14]]
37
[[13], [6], [12]]
38
[[13], [6], [11]]
33
[[13], [7]]
66
[[13], [7], [14]]
47
[[13], [7], [10]]
34
[[13], [7], [11]]
39
[[13], [7], [12]]
41
[[13], [7], [8]]
36
[[13], [7], [13]]
36
[[13], [8]]
75
[[13], [8], [8]]
35
[[13], [8], [11]]
42
[[13], [8], [12]]
43
[[13], [8], [14]]
49
[[13], [8], [10]]
36
[[13], [8], [13]]
43
[[13], [8], [6]]
35
[[13], [8], [7]]
33
[[13], [9]]
66
[[13], [9], [11]]
38
[[13], [9], [12]]
44
[[13], [9], [13]]
41
[[13], [9], [14]]
51
[[13], [9], [10]]
37
[[13], [9], [8]]
35
[[13], [9], [7]]
33
[[13], [10]]
77
[[13], [10], [11]]
48
[[13], [10], [13]]
47
[[13], [10], [14]]
54
[[13], [10], [14], [14]]
34
[[13], [10], [8]]
41
[[13], [10], [12]]
44
[[13], [10], [7]]
33
[[13], [10], [10]]
35
[[13], [10], [6]]
34
[[13], [11]]
77
[[13], [11], [12]]
49
[[13], [11], [14]]
52
[[13], [11], [14], [14]]
33
[[13], [11], [8]]
37
[[13], [11], [11]]
41
[[13], [11], [7]]
39
[[13], [11], [13]]
42
[[13], [11], [10]]
40
[[13], [11], [6]]
35
[[13], [12]]
84
[[13], [12], [8]]
44
[[13], [12], [9]]
36
[[13], [12], [11]]
52
[[13], [12], [12]]
46
[[13], [12], [14]]
57
[[13], [12], [14], [14]]
36
[[13], [12], [14], [13]]
33
[[13], [12], [10]]
48
[[13], [12], [13]]
44
[[13], [12], [6]]
35
[[13], [12], [7]]
39
[[13], [12], [3]]
33
[[13], [12, 14]]
42
[[13], [13]]
92
[[13], [13], [2]]
37
[[13], [13], [3]]
40
[[13], [13], [6]]
42
[[13], [13], [7]]
42
[[13], [13], [8]]
54
[[13], [13], [9]]
39
[[13], [13], [10]]
53
[[13], [13], [11]]
61
[[13], [13], [11], [14]]
38
[[13], [13], [12]]
60
[[13], [13], [13]]
63
[[13], [13], [13], [11]]
35
[[13], [13], [13], [14]]
44
[[13], [13], [13], [13]]
35
[[13], [13], [13], [8]]
33
[[13], [13], [13, 14]]
33
[[13], [13], [14]]
72
[[13], [13], [14], [8]]
36
[[13], [13], [14], [11]]
36
[[13], [13], [14], [13]]
44
[[13], [13], [14], [14]]
45
[[13], [13], [14], [12]]
37
[[13], [13], [5]]
36
[[13], [13], [4]]
33
[[13], [13, 14]]
67
[[13], [13, 14], [8]]
40
[[13], [13, 14], [10]]
40
[[13], [13, 14], [11]]
44
[[13], [13, 14], [13]]
49
[[13], [13, 14], [13], [14]]
37
[[13], [13, 14], [14]]
54
[[13], [13, 14], [14], [14]]
36
[[13], [13, 14], [14], [13]]
33
[[13], [13, 14], [12]]
44
[[13], [14]]
103
[[13], [14], [2]]
44
[[13], [14], [3]]
46
[[13], [14], [5]]
40
[[13], [14], [6]]
51
[[13], [14], [7]]
52
[[13], [14], [7], [14]]
33
[[13], [14], [8]]
57
[[13], [14], [8], [14]]
35
[[13], [14], [9]]
47
[[13], [14], [9], [14]]
35
[[13], [14], [10]]
59
[[13], [14], [10], [12]]
33
[[13], [14], [10], [14]]
35
[[13], [14], [11]]
68
[[13], [14], [11], [12]]
39
[[13], [14], [11], [14]]
44
[[13], [14], [12]]
68
[[13], [14], [12], [11]]
40
[[13], [14], [12], [14]]
42
[[13], [14], [12], [10]]
33
[[13], [14], [12], [13]]
33
[[13], [14], [12, 14]]
33
[[13], [14], [13]]
70
[[13], [14], [13], [8]]
38
[[13], [14], [13], [14]]
52
[[13], [14], [13], [11]]
39
[[13], [14], [13], [10]]
36
[[13], [14], [13], [12]]
39
[[13], [14], [13], [13]]
42
[[13], [14], [13, 14]]
42
[[13], [14], [14]]
79
[[13], [14], [14], [8]]
44
[[13], [14], [14], [11]]
43
[[13], [14], [14], [13]]
52
[[13], [14], [14], [13], [14]]
33
[[13], [14], [14], [14]]
56
[[13], [14], [14], [14], [14]]
37
[[13], [14], [14], [12]]
48
[[13], [14], [14], [10]]
38
[[13], [14], [14], [6]]
35
[[13], [14], [4]]
38
[[13], [14], [0]]
39
[[13], [14], [1]]
35
[[13, 14]]
82
[[13, 14], [2]]
38
[[13, 14], [3]]
40
[[13, 14], [6]]
38
[[13, 14], [8]]
54
[[13, 14], [8], [14]]
33
[[13, 14], [9]]
40
[[13, 14], [10]]
57
[[13, 14], [10], [14]]
39
[[13, 14], [10], [11]]
34
[[13, 14], [10], [12]]
33
[[13, 14], [10], [13]]
33
[[13, 14], [11]]
56
[[13, 14], [11], [14]]
37
[[13, 14], [12]]
57
[[13, 14], [12], [11]]
34
[[13, 14], [12], [14]]
35
[[13, 14], [13]]
68
[[13, 14], [13], [8]]
35
[[13, 14], [13], [11]]
41
[[13, 14], [13], [13]]
43
[[13, 14], [13], [14]]
51
[[13, 14], [13], [12]]
43
[[13, 14], [13], [10]]
39
[[13, 14], [13, 14]]
44
[[13, 14], [13, 14], [14]]
35
[[13, 14], [14]]
71
[[13, 14], [14], [8]]
42
[[13, 14], [14], [11]]
45
[[13, 14], [14], [13]]
49
[[13, 14], [14], [13], [14]]
34
[[13, 14], [14], [14]]
53
[[13, 14], [14], [14], [13]]
38
[[13, 14], [14], [14], [14]]
34
[[13, 14], [14], [12]]
46
[[13, 14], [14], [10]]
42
[[13, 14], [14], [7]]
34
[[13, 14], [7]]
43
[[13, 14], [5]]
35
[[12]]
111
[[12], [0]]
45
[[12], [1]]
51
[[12], [1], [14]]
40
[[12], [2]]
51
[[12], [3]]
51
[[12], [3], [14]]
38
[[12], [3], [11]]
34
[[12], [3], [12]]
33
[[12], [5]]
48
[[12], [6]]
56
[[12], [6], [14]]
33
[[12], [7]]
59
[[12], [7], [14]]
37
[[12], [8]]
64
[[12], [8], [11]]
38
[[12], [8], [14]]
43
[[12], [8], [10]]
37
[[12], [8], [12]]
34
[[12], [8], [13]]
39
[[12], [9]]
63
[[12], [9], [11]]
37
[[12], [9], [12]]
40
[[12], [9], [13]]
37
[[12], [9], [14]]
47
[[12], [9], [10]]
39
[[12], [9], [8]]
33
[[12], [10]]
74
[[12], [10], [10]]
37
[[12], [10], [11]]
40
[[12], [10], [14]]
52
[[12], [10], [8]]
38
[[12], [10], [12]]
39
[[12], [10], [13]]
43
[[12], [10], [9]]
33
[[12], [10], [6]]
33
[[12], [11]]
79
[[12], [11], [14]]
51
[[12], [11], [14], [14]]
38
[[12], [11], [8]]
40
[[12], [11], [10]]
45
[[12], [11], [12]]
47
[[12], [11], [13]]
42
[[12], [11], [6]]
37
[[12], [11], [11]]
40
[[12], [11], [9]]
33
[[12], [12]]
73
[[12], [12], [11]]
39
[[12], [12], [13]]
44
[[12], [12], [14]]
50
[[12], [12], [14], [14]]
33
[[12], [12], [10]]
39
[[12], [12], [12]]
42
[[12], [12], [6]]
33
[[12], [12], [8]]
33
[[12], [13]]
80
[[12], [13], [8]]
42
[[12], [13], [9]]
40
[[12], [13], [10]]
50
[[12], [13], [11]]
46
[[12], [13], [12]]
49
[[12], [13], [13]]
49
[[12], [13], [13, 14]]
34
[[12], [13], [14]]
63
[[12], [13], [14], [14]]
39
[[12], [13], [14], [12]]
34
[[12], [13], [14], [8]]
36
[[12], [13], [14], [10]]
34
[[12], [13], [14], [13]]
36
[[12], [13], [4]]
34
[[12], [13], [6]]
35
[[12], [13], [5]]
33
[[12], [13, 14]]
46
[[12], [13, 14], [14]]
35
[[12], [13, 14], [10]]
34
[[12], [14]]
87
[[12], [14], [3]]
36
[[12], [14], [6]]
41
[[12], [14], [8]]
49
[[12], [14], [9]]
45
[[12], [14], [10]]
56
[[12], [14], [10], [14]]
34
[[12], [14], [11]]
49
[[12], [14], [12]]
56
[[12], [14], [12], [14]]
34
[[12], [14], [13]]
61
[[12], [14], [13], [10]]
36
[[12], [14], [13], [14]]
44
[[12], [14], [13], [11]]
35
[[12], [14], [13], [12]]
34
[[12], [14], [13], [13]]
34
[[12], [14], [13, 14]]
35
[[12], [14], [14]]
70
[[12], [14], [14], [10]]
39
[[12], [14], [14], [13]]
41
[[12], [14], [14], [14]]
46
[[12], [14], [14], [12]]
37
[[12], [14], [14], [11]]
35
[[12], [14], [14], [8]]
34
[[12], [14], [2]]
34
[[12], [14], [4]]
39
[[12], [14], [7]]
36
[[12], [14], [1]]
33
[[12], [14], [5]]
33
[[12], [4]]
52
[[12], [4], [14]]
34
[[12, 13]]
49
[[12, 13], [14]]
38
[[12, 14]]
65
[[12, 14], [8]]
41
[[12, 14], [10]]
43
[[12, 14], [11]]
44
[[12, 14], [12]]
42
[[12, 14], [13]]
44
[[12, 14], [13], [14]]
38
[[12, 14], [14]]
52
[[12, 14], [14], [14]]
39
[[12, 14], [14], [10]]
35
[[12, 14], [14], [13]]
33
[[12, 14], [9]]
34
[[9]]
84
[[9], [1]]
41
[[9], [2]]
40
[[9], [3]]
42
[[9], [3], [14]]
34
[[9], [5]]
40
[[9], [6]]
46
[[9], [8]]
51
[[9], [8], [14]]
35
[[9], [8], [11]]
33
[[9], [8], [13]]
33
[[9], [9]]
52
[[9], [9], [12]]
37
[[9], [9], [14]]
40
[[9], [9], [10]]
33
[[9], [9], [13]]
33
[[9], [10]]
60
[[9], [10], [14]]
38
[[9], [10], [11]]
34
[[9], [10], [13]]
34
[[9], [11]]
60
[[9], [11], [11]]
35
[[9], [11], [12]]
36
[[9], [11], [14]]
42
[[9], [11], [10]]
40
[[9], [12]]
67
[[9], [12], [11]]
40
[[9], [12], [14]]
46
[[9], [12], [13]]
37
[[9], [12], [10]]
39
[[9], [13]]
65
[[9], [13], [9]]
34
[[9], [13], [10]]
42
[[9], [13], [11]]
40
[[9], [13], [12]]
38
[[9], [13], [14]]
50
[[9], [13], [14], [14]]
33
[[9], [13], [13]]
43
[[9], [13], [8]]
34
[[9], [13, 14]]
37
[[9], [14]]
74
[[9], [14], [9]]
38
[[9], [14], [11]]
42
[[9], [14], [12]]
49
[[9], [14], [13]]
52
[[9], [14], [14]]
50
[[9], [14], [14], [14]]
35
[[9], [14], [10]]
43
[[9], [14], [8]]
33
[[9], [7]]
48
[[9], [7], [14]]
33
[[9], [4]]
41
[[9], [0]]
33
[[9, 14]]
33
[[8]]
93
[[8], [0]]
36
[[8], [1]]
36
[[8], [2]]
43
[[8], [6]]
50
[[8], [8]]
53
[[8], [8], [14]]
34
[[8], [9]]
48
[[8], [9], [14]]
37
[[8], [10]]
63
[[8], [10], [14]]
40
[[8], [10], [12]]
34
[[8], [10], [11]]
35
[[8], [10], [13]]
38
[[8], [11]]
62
[[8], [11], [12]]
40
[[8], [11], [14]]
45
[[8], [11], [13]]
38
[[8], [11], [11]]
35
[[8], [11], [10]]
34
[[8], [12]]
65
[[8], [12], [11]]
41
[[8], [12], [10]]
37
[[8], [12], [14]]
42
[[8], [12], [13]]
35
[[8], [12], [12]]
33
[[8], [13]]
67
[[8], [13], [11]]
42
[[8], [13], [12]]
43
[[8], [13], [14]]
49
[[8], [13], [14], [11]]
33
[[8], [13], [10]]
41
[[8], [13], [13]]
43
[[8], [13], [8]]
34
[[8], [13, 14]]
40
[[8], [14]]
71
[[8], [14], [11]]
45
[[8], [14], [12]]
48
[[8], [14], [13]]
51
[[8], [14], [13], [14]]
33
[[8], [14], [14]]
53
[[8], [14], [14], [14]]
36
[[8], [14], [14], [11]]
34
[[8], [14], [14], [13]]
35
[[8], [14], [10]]
40
[[8], [14], [9]]
33
[[8], [14], [6]]
34
[[8], [14], [7]]
33
[[8], [14], [8]]
36
[[8], [3]]
41
[[8], [5]]
38
[[8], [7]]
50
[[8], [7], [14]]
34
[[8], [4]]
37
[[3]]
83
[[3], [6]]
38
[[3], [8]]
51
[[3], [9]]
39
[[3], [11]]
56
[[3], [11], [14]]
38
[[3], [12]]
57
[[3], [12], [11]]
35
[[3], [12], [14]]
35
[[3], [12], [10]]
33
[[3], [13]]
58
[[3], [13], [8]]
40
[[3], [13], [11]]
38
[[3], [13], [13]]
39
[[3], [13], [14]]
46
[[3], [13], [12]]
35
[[3], [13], [10]]
35
[[3], [13, 14]]
34
[[3], [14]]
65
[[3], [14], [8]]
40
[[3], [14], [11]]
41
[[3], [14], [13]]
43
[[3], [14], [14]]
49
[[3], [14], [14], [14]]
34
[[3], [14], [12]]
35
[[3], [14], [10]]
35
[[3], [10]]
49
[[3], [2]]
38
[[3], [3]]
36
[[3], [7]]
41
[[3], [4]]
34
[[3], [5]]
34
[[5]]
81
[[5], [2]]
44
[[5], [3]]
42
[[5], [5]]
37
[[5], [6]]
41
[[5], [8]]
53
[[5], [9]]
44
[[5], [11]]
52
[[5], [11], [10]]
33
[[5], [11], [14]]
34
[[5], [11], [12]]
33
[[5], [12]]
57
[[5], [12], [14]]
35
[[5], [12], [10]]
33
[[5], [13]]
57
[[5], [13], [13]]
37
[[5], [13], [14]]
42
[[5], [13], [11]]
33
[[5], [13], [12]]
33
[[5], [13, 14]]
35
[[5], [14]]
62
[[5], [14], [11]]
39
[[5], [14], [12]]
40
[[5], [14], [13]]
45
[[5], [14], [14]]
45
[[5], [14], [10]]
36
[[5], [10]]
49
[[5], [7]]
37
[[5], [0]]
33
[[5], [1]]
35
[[4]]
70
[[4], [11]]
51
[[4], [11], [14]]
35
[[4], [13]]
50
[[4], [13], [14]]
39
[[4], [13], [11]]
36
[[4], [13], [13]]
33
[[4], [14]]
56
[[4], [14], [11]]
42
[[4], [14], [12]]
36
[[4], [14], [13]]
40
[[4], [14], [14]]
44
[[4], [2]]
34
[[4], [8]]
37
[[4], [12]]
44
[[4], [10]]
42
[[4], [6]]
38
[[4], [7]]
34
[[4], [3]]
33
[[6]]
86
[[6], [2]]
44
[[6], [8]]
48
[[6], [9]]
43
[[6], [11]]
57
[[6], [11], [14]]
36
[[6], [12]]
60
[[6], [12], [11]]
38
[[6], [12], [14]]
35
[[6], [13]]
62
[[6], [13], [11]]
37
[[6], [13], [14]]
47
[[6], [13], [12]]
34
[[6], [13], [13]]
38
[[6], [13], [8]]
36
[[6], [13], [10]]
35
[[6], [13, 14]]
34
[[6], [14]]
62
[[6], [14], [11]]
41
[[6], [14], [14]]
46
[[6], [14], [12]]
38
[[6], [14], [13]]
42
[[6], [14], [8]]
35
[[6], [14], [10]]
34
[[6], [3]]
37
[[6], [7]]
41
[[6], [10]]
48
[[6], [6]]
36
[[6], [0]]
33
[[6], [5]]
35
[[1]]
72
[[1], [1]]
35
[[1], [3]]
36
[[1], [6]]
37
[[1], [9]]
38
[[1], [10]]
47
[[1], [11]]
50
[[1], [11], [14]]
34
[[1], [12]]
45
[[1], [12], [14]]
33
[[1], [13]]
50
[[1], [13], [14]]
41
[[1], [13], [13]]
36
[[1], [13], [10]]
36
[[1], [13, 14]]
37
[[1], [14]]
62
[[1], [14], [11]]
38
[[1], [14], [13]]
41
[[1], [14], [14]]
43
[[1], [14], [12]]
35
[[1], [14], [10]]
38
[[1], [2]]
40
[[1], [8]]
38
[[1], [7]]
38
