[[14]]
88
[[14], [3]]
48
[[14], [6]]
48
[[14], [8]]
57
[[14], [9]]
47
[[14], [11]]
60
[[14], [12]]
65
[[14], [13]]
70
[[14], [13], [14]]
57
[[14], [14]]
73
[[14], [14], [11]]
48
[[14], [14], [13]]
53
[[14], [14], [14]]
59
[[14], [14], [12]]
49
[[14], [10]]
61
[[11]]
70
[[11], [12]]
54
[[11], [14]]
55
[[11], [11]]
50
[[11], [13]]
48
[[11], [10]]
49
[[10]]
74
[[10], [14]]
59
[[10], [12]]
52
[[10], [11]]
49
[[10], [13]]
52
[[10], [8]]
49
[[7]]
60
[[7], [14]]
48
[[13]]
85
[[13], [11]]
52
[[13], [13]]
65
[[13], [13], [14]]
52
[[13], [13, 14]]
47
[[13], [14]]
72
[[13], [14], [14]]
52
[[13], [12]]
61
[[13], [8]]
53
[[13], [10]]
52
[[13], [9]]
48
[[13, 14]]
59
[[13, 14], [14]]
49
[[12]]
79
[[12], [9]]
47
[[12], [11]]
59
[[12], [12]]
55
[[12], [13]]
60
[[12], [13], [14]]
47
[[12], [14]]
65
[[12], [14], [14]]
53
[[12], [10]]
54
[[12], [8]]
49
[[12, 14]]
47
[[9]]
62
[[9], [13]]
48
[[9], [14]]
54
[[9], [12]]
49
[[8]]
65
[[8], [14]]
49
[[3]]
60
[[3], [14]]
52
[[5]]
55
[[6]]
60
[[1]]
54
[[2]]
53
[[4]]
49
