[[14]]
20
[[14], [0]]
10
[[14], [3]]
11
[[14], [6]]
12
[[14], [6], [14]]
10
[[14], [8]]
11
[[14], [8], [14]]
10
[[14], [9]]
12
[[14], [9], [14]]
10
[[14], [11]]
15
[[14], [12]]
15
[[14], [12], [11]]
10
[[14], [12], [14]]
10
[[14], [12, 14]]
10
[[14], [13]]
15
[[14], [13], [11]]
11
[[14], [13], [13]]
10
[[14], [13], [14]]
14
[[14], [13, 14]]
13
[[14], [13, 14], [14]]
10
[[14], [14]]
17
[[14], [14], [11]]
12
[[14], [14], [13]]
11
[[14], [14], [14]]
13
[[11]]
17
[[11], [9]]
10
[[11], [11]]
11
[[11], [12]]
11
[[11], [13]]
11
[[11], [13], [14]]
11
[[11], [14]]
15
[[11], [14], [11]]
11
[[11], [14], [14]]
10
[[10]]
14
[[10], [9]]
10
[[10], [11]]
10
[[10], [13]]
11
[[10], [14]]
14
[[7]]
10
[[0]]
13
[[0], [14]]
11
[[13]]
18
[[13], [8]]
10
[[13], [9]]
13
[[13], [9], [14]]
10
[[13], [11]]
13
[[13], [13]]
13
[[13], [13], [14]]
10
[[13], [13, 14]]
12
[[13], [14]]
18
[[13], [14], [11]]
11
[[13], [14], [14]]
11
[[13, 14]]
13
[[13, 14], [13]]
10
[[13, 14], [14]]
10
[[12]]
18
[[12], [9]]
12
[[12], [11]]
13
[[12], [12]]
10
[[12], [13]]
12
[[12], [13], [9]]
10
[[12], [13], [14]]
12
[[12], [14]]
14
[[12], [14], [14]]
12
[[12, 14]]
14
[[9]]
14
[[9], [0]]
10
[[9], [11]]
10
[[9], [12]]
10
[[9], [13]]
12
[[9], [13], [14]]
10
[[9], [14]]
14
[[8]]
13
[[8], [14]]
13
[[3]]
13
[[3], [14]]
11
[[5]]
12
[[5], [14]]
10
[[4]]
10
[[6]]
14
[[6], [11]]
11
[[6], [13]]
11
[[6], [14]]
13
[[1]]
11
[[1], [14]]
10
