[[14]]
127
[[14], [6]]
70
[[14], [8]]
85
[[14], [11]]
93
[[14], [12]]
101
[[14], [12], [14]]
73
[[14], [12], [11]]
72
[[14], [13]]
107
[[14], [13], [14]]
87
[[14], [13], [11]]
72
[[14], [13], [13]]
70
[[14], [13], [12]]
70
[[14], [14]]
113
[[14], [14], [11]]
78
[[14], [14], [13]]
83
[[14], [14], [14]]
94
[[14], [14], [12]]
79
[[14], [14], [10]]
75
[[14], [10]]
92
[[14], [10], [14]]
71
[[14], [7]]
70
[[14], [3]]
74
[[14], [9]]
71
[[11]]
111
[[11], [12]]
83
[[11], [14]]
88
[[11], [11]]
73
[[11], [13]]
76
[[11], [10]]
73
[[10]]
108
[[10], [14]]
87
[[10], [12]]
78
[[10], [11]]
77
[[10], [13]]
79
[[10], [8]]
70
[[7]]
85
[[13]]
121
[[13], [11]]
82
[[13], [13]]
93
[[13], [13], [14]]
73
[[13], [14]]
106
[[13], [14], [14]]
82
[[13], [14], [11]]
71
[[13], [14], [12]]
71
[[13], [14], [13]]
70
[[13], [12]]
89
[[13], [8]]
79
[[13], [10]]
80
[[13, 14]]
85
[[13, 14], [14]]
73
[[12]]
117
[[12], [11]]
83
[[12], [12]]
78
[[12], [13]]
83
[[12], [14]]
91
[[12], [14], [14]]
72
[[12], [10]]
77
[[9]]
88
[[9], [14]]
77
[[9], [12]]
71
[[8]]
97
[[8], [14]]
73
[[3]]
91
[[5]]
87
[[6]]
90
[[1]]
77
[[2]]
79
[[4]]
75
[[0]]
72
