[[14]]
129
[[14], [6]]
72
[[14], [8]]
86
[[14], [11]]
95
[[14], [12]]
102
[[14], [12], [14]]
74
[[14], [12], [11]]
73
[[14], [13]]
108
[[14], [13], [14]]
88
[[14], [13], [11]]
73
[[14], [13], [13]]
72
[[14], [14]]
115
[[14], [14], [11]]
81
[[14], [14], [13]]
85
[[14], [14], [14]]
95
[[14], [14], [12]]
80
[[14], [14], [10]]
77
[[14], [10]]
93
[[14], [10], [14]]
72
[[14], [7]]
72
[[14], [3]]
75
[[14], [9]]
73
[[11]]
113
[[11], [12]]
84
[[11], [14]]
89
[[11], [11]]
76
[[11], [13]]
77
[[11], [10]]
75
[[10]]
110
[[10], [14]]
88
[[10], [12]]
78
[[10], [11]]
78
[[10], [13]]
79
[[7]]
87
[[13]]
124
[[13], [11]]
84
[[13], [13]]
95
[[13], [13], [14]]
74
[[13], [14]]
108
[[13], [14], [14]]
83
[[13], [14], [11]]
74
[[13], [14], [12]]
72
[[13], [14], [13]]
72
[[13], [12]]
90
[[13], [8]]
80
[[13], [10]]
82
[[13, 14]]
87
[[13, 14], [14]]
75
[[12]]
118
[[12], [11]]
84
[[12], [12]]
79
[[12], [13]]
85
[[12], [14]]
92
[[12], [14], [14]]
73
[[12], [10]]
78
[[9]]
90
[[9], [14]]
79
[[9], [12]]
72
[[8]]
99
[[8], [14]]
74
[[3]]
92
[[5]]
89
[[6]]
92
[[1]]
78
[[2]]
80
[[4]]
77
[[0]]
73
