[[14]]
89
[[14], [3]]
48
[[14], [6]]
48
[[14], [8]]
57
[[14], [11]]
60
[[14], [12]]
66
[[14], [13]]
70
[[14], [13], [14]]
57
[[14], [14]]
74
[[14], [14], [11]]
48
[[14], [14], [13]]
53
[[14], [14], [14]]
59
[[14], [14], [12]]
49
[[14], [10]]
62
[[11]]
70
[[11], [12]]
54
[[11], [14]]
55
[[11], [11]]
50
[[11], [13]]
48
[[11], [10]]
49
[[10]]
76
[[10], [14]]
59
[[10], [12]]
53
[[10], [11]]
49
[[10], [13]]
52
[[10], [8]]
49
[[7]]
61
[[7], [14]]
48
[[13]]
85
[[13], [11]]
52
[[13], [13]]
65
[[13], [13], [14]]
52
[[13], [14]]
72
[[13], [14], [14]]
52
[[13], [12]]
61
[[13], [8]]
53
[[13], [10]]
52
[[13], [9]]
48
[[13, 14]]
59
[[13, 14], [14]]
49
[[12]]
81
[[12], [11]]
59
[[12], [12]]
56
[[12], [13]]
60
[[12], [14]]
65
[[12], [14], [14]]
53
[[12], [10]]
56
[[12], [8]]
49
[[12, 14]]
48
[[9]]
62
[[9], [13]]
48
[[9], [14]]
54
[[9], [12]]
49
[[8]]
66
[[8], [14]]
49
[[3]]
61
[[3], [14]]
52
[[5]]
56
[[6]]
61
[[1]]
54
[[2]]
53
[[4]]
49
