[[14]]
103
[[14], [3]]
55
[[14], [6]]
58
[[14], [8]]
66
[[14], [11]]
74
[[14], [12]]
80
[[14], [12], [11]]
56
[[14], [12], [14]]
56
[[14], [13]]
83
[[14], [13], [14]]
70
[[14], [13], [11]]
58
[[14], [13], [12]]
55
[[14], [14]]
90
[[14], [14], [11]]
61
[[14], [14], [13]]
63
[[14], [14], [14]]
74
[[14], [14], [12]]
59
[[14], [14], [10]]
58
[[14], [10]]
72
[[14], [10], [14]]
56
[[14], [7]]
58
[[11]]
85
[[11], [12]]
65
[[11], [14]]
69
[[11], [11]]
57
[[11], [13]]
58
[[11], [10]]
56
[[10]]
87
[[10], [14]]
71
[[10], [12]]
64
[[10], [11]]
61
[[10], [13]]
63
[[10], [8]]
56
[[7]]
73
[[7], [14]]
55
[[13]]
99
[[13], [11]]
67
[[13], [13]]
76
[[13], [13], [14]]
58
[[13], [13, 14]]
56
[[13], [14]]
87
[[13], [14], [14]]
63
[[13], [14], [11]]
58
[[13], [14], [12]]
56
[[13], [12]]
72
[[13], [8]]
60
[[13], [10]]
60
[[13], [9]]
55
[[13], [7]]
56
[[13, 14]]
69
[[13, 14], [14]]
57
[[12]]
95
[[12], [11]]
69
[[12], [12]]
63
[[12], [13]]
68
[[12], [14]]
76
[[12], [14], [14]]
62
[[12], [10]]
62
[[12], [8]]
56
[[12, 14]]
55
[[9]]
70
[[9], [14]]
61
[[8]]
75
[[8], [14]]
57
[[8], [12]]
55
[[3]]
69
[[3], [14]]
56
[[5]]
64
[[6]]
71
[[1]]
61
[[2]]
62
[[4]]
59
