[[2]]
15
[[2], [11]]
9
[[14]]
31
[[14], [0]]
14
[[14], [0], [11]]
9
[[14], [0], [14]]
9
[[14], [1]]
17
[[14], [1], [11]]
13
[[14], [1], [14]]
11
[[14], [1], [6]]
9
[[14], [1], [12]]
10
[[14], [1], [13]]
9
[[14], [2]]
15
[[14], [2], [11]]
9
[[14], [3]]
18
[[14], [3], [8]]
11
[[14], [3], [11]]
11
[[14], [3], [13]]
13
[[14], [3], [13], [8]]
9
[[14], [3], [13], [11]]
9
[[14], [3], [13], [14]]
9
[[14], [3], [14]]
13
[[14], [3], [12]]
11
[[14], [4]]
11
[[14], [5]]
15
[[14], [5], [14]]
9
[[14], [6]]
17
[[14], [6], [11]]
11
[[14], [6], [13]]
9
[[14], [6], [14]]
12
[[14], [7]]
15
[[14], [7], [2]]
10
[[14], [7], [11]]
10
[[14], [7], [13]]
10
[[14], [7], [14]]
11
[[14], [7], [8]]
9
[[14], [7], [10]]
9
[[14], [8]]
17
[[14], [8], [6]]
9
[[14], [8], [8]]
11
[[14], [8], [9]]
9
[[14], [8], [11]]
11
[[14], [8], [12]]
10
[[14], [8], [13]]
11
[[14], [8], [13], [14]]
10
[[14], [8], [13], [10]]
10
[[14], [8], [13], [11]]
9
[[14], [8], [14]]
14
[[14], [8], [14], [11]]
9
[[14], [8], [14], [14]]
10
[[14], [8], [2]]
9
[[14], [8], [10]]
11
[[14], [9]]
18
[[14], [9], [8]]
10
[[14], [9], [11]]
13
[[14], [9], [12]]
10
[[14], [9], [13]]
9
[[14], [9], [14]]
14
[[14], [9], [14], [11]]
9
[[14], [9], [6]]
9
[[14], [10]]
17
[[14], [10], [10]]
11
[[14], [10], [11]]
11
[[14], [10], [13]]
11
[[14], [10], [13], [14]]
9
[[14], [10], [14]]
14
[[14], [10], [8]]
9
[[14], [11]]
25
[[14], [11], [8]]
9
[[14], [11], [11]]
10
[[14], [11], [12]]
12
[[14], [11], [13]]
9
[[14], [11], [14]]
12
[[14], [11], [14], [11]]
9
[[14], [11], [10]]
9
[[14], [12]]
24
[[14], [12], [3]]
12
[[14], [12], [3], [8]]
10
[[14], [12], [3], [13]]
9
[[14], [12], [3], [13], [8]]
9
[[14], [12], [3], [14]]
9
[[14], [12], [3], [11]]
9
[[14], [12], [6]]
12
[[14], [12], [7]]
9
[[14], [12], [8]]
14
[[14], [12], [8], [8]]
9
[[14], [12], [8], [11]]
9
[[14], [12], [8], [14]]
9
[[14], [12], [8], [10]]
9
[[14], [12], [9]]
13
[[14], [12], [9], [8]]
9
[[14], [12], [9], [11]]
10
[[14], [12], [10]]
14
[[14], [12], [10], [10]]
9
[[14], [12], [10], [11]]
10
[[14], [12], [10], [14]]
11
[[14], [12], [11]]
17
[[14], [12], [12]]
12
[[14], [12], [12], [8]]
9
[[14], [12], [13]]
14
[[14], [12], [13], [8]]
11
[[14], [12], [13], [9]]
9
[[14], [12], [13], [11]]
10
[[14], [12], [13], [13]]
10
[[14], [12], [13], [13], [11]]
9
[[14], [12], [13], [14]]
12
[[14], [12], [13], [14], [11]]
9
[[14], [12], [13], [14], [14]]
9
[[14], [12], [13, 14]]
10
[[14], [12], [13, 14], [14]]
9
[[14], [12], [14]]
17
[[14], [12], [14], [8]]
11
[[14], [12], [14], [10]]
10
[[14], [12], [14], [11]]
13
[[14], [12], [14], [13]]
10
[[14], [12], [14], [14]]
12
[[14], [12], [14], [12]]
9
[[14], [12], [1]]
10
[[14], [12], [2]]
10
[[14], [12, 13]]
11
[[14], [12, 14]]
14
[[14], [12, 14], [8]]
10
[[14], [12, 14], [11]]
11
[[14], [12, 14], [13]]
9
[[14], [12, 14], [14]]
11
[[14], [13]]
24
[[14], [13], [0]]
10
[[14], [13], [2]]
14
[[14], [13], [3]]
13
[[14], [13], [3], [8]]
10
[[14], [13], [3], [11]]
9
[[14], [13], [3], [13]]
10
[[14], [13], [3], [14]]
11
[[14], [13], [3], [12]]
9
[[14], [13], [6]]
12
[[14], [13], [6], [14]]
9
[[14], [13], [7]]
10
[[14], [13], [8]]
14
[[14], [13], [9]]
15
[[14], [13], [9], [11]]
9
[[14], [13], [9], [14]]
10
[[14], [13], [9], [8]]
9
[[14], [13], [10]]
14
[[14], [13], [10], [11]]
9
[[14], [13], [10], [14]]
10
[[14], [13], [10], [10]]
9
[[14], [13], [11]]
19
[[14], [13], [11], [14]]
9
[[14], [13], [12]]
13
[[14], [13], [12], [11]]
9
[[14], [13], [13]]
16
[[14], [13], [13], [8]]
12
[[14], [13], [13], [11]]
12
[[14], [13], [13], [13]]
12
[[14], [13], [13], [14]]
11
[[14], [13], [13], [2]]
9
[[14], [13], [13], [10]]
10
[[14], [13], [13, 14]]
12
[[14], [13], [13, 14], [11]]
9
[[14], [13], [14]]
21
[[14], [13], [14], [8]]
10
[[14], [13], [14], [11]]
13
[[14], [13], [14], [13]]
11
[[14], [13], [14], [14]]
10
[[14], [13], [14], [10]]
9
[[14], [13], [1]]
11
[[14], [13, 14]]
19
[[14], [13, 14], [2]]
10
[[14], [13, 14], [3]]
9
[[14], [13, 14], [6]]
9
[[14], [13, 14], [8]]
13
[[14], [13, 14], [9]]
10
[[14], [13, 14], [10]]
12
[[14], [13, 14], [11]]
15
[[14], [13, 14], [13]]
15
[[14], [13, 14], [13], [8]]
11
[[14], [13, 14], [13], [11]]
10
[[14], [13, 14], [13], [14]]
9
[[14], [13, 14], [14]]
16
[[14], [13, 14], [14], [8]]
9
[[14], [13, 14], [14], [11]]
10
[[14], [13, 14], [12]]
10
[[14], [13, 14], [12], [11]]
9
[[14], [14]]
24
[[14], [14], [0]]
10
[[14], [14], [1]]
10
[[14], [14], [2]]
10
[[14], [14], [3]]
12
[[14], [14], [3], [14]]
9
[[14], [14], [3], [8]]
9
[[14], [14], [3], [13]]
9
[[14], [14], [6]]
12
[[14], [14], [6], [11]]
9
[[14], [14], [6], [14]]
10
[[14], [14], [7]]
9
[[14], [14], [8]]
14
[[14], [14], [8], [11]]
10
[[14], [14], [8], [14]]
10
[[14], [14], [9]]
12
[[14], [14], [10]]
14
[[14], [14], [10], [11]]
10
[[14], [14], [10], [14]]
10
[[14], [14], [11]]
19
[[14], [14], [11], [14]]
9
[[14], [14], [12]]
16
[[14], [14], [12], [11]]
13
[[14], [14], [12], [14]]
11
[[14], [14], [12], [14], [11]]
9
[[14], [14], [12], [8]]
9
[[14], [14], [12], [10]]
9
[[14], [14], [12], [13]]
9
[[14], [14], [13]]
17
[[14], [14], [13], [8]]
11
[[14], [14], [13], [9]]
10
[[14], [14], [13], [10]]
10
[[14], [14], [13], [11]]
13
[[14], [14], [13], [13]]
11
[[14], [14], [13], [13], [11]]
9
[[14], [14], [13], [14]]
13
[[14], [14], [13], [14], [11]]
9
[[14], [14], [13], [12]]
9
[[14], [14], [13, 14]]
12
[[14], [14], [13, 14], [11]]
9
[[14], [14], [13, 14], [14]]
9
[[14], [14], [14]]
20
[[14], [14], [14], [6]]
9
[[14], [14], [14], [8]]
11
[[14], [14], [14], [11]]
14
[[14], [14], [14], [13]]
11
[[14], [14], [14], [13], [11]]
9
[[14], [14], [14], [14]]
12
[[14], [14], [14], [10]]
9
[[14], [14], [14], [12]]
9
[[11]]
28
[[11], [0]]
12
[[11], [0], [14]]
9
[[11], [1]]
14
[[11], [1], [11]]
9
[[11], [1], [14]]
9
[[11], [2]]
9
[[11], [3]]
12
[[11], [3], [14]]
9
[[11], [4]]
10
[[11], [5]]
11
[[11], [6]]
11
[[11], [7]]
10
[[11], [8]]
13
[[11], [8], [14]]
9
[[11], [9]]
13
[[11], [9], [14]]
11
[[11], [10]]
15
[[11], [10], [11]]
10
[[11], [10], [14]]
11
[[11], [11]]
16
[[11], [11], [11]]
9
[[11], [11], [14]]
9
[[11], [12]]
18
[[11], [12], [8]]
9
[[11], [12], [11]]
11
[[11], [12], [13]]
10
[[11], [12], [14]]
10
[[11], [12, 14]]
11
[[11], [13]]
15
[[11], [13], [2]]
9
[[11], [13], [8]]
10
[[11], [13], [9]]
9
[[11], [13], [11]]
11
[[11], [13], [13]]
11
[[11], [13], [13], [13]]
9
[[11], [13], [13, 14]]
10
[[11], [13], [14]]
14
[[11], [13], [14], [11]]
10
[[11], [13], [14], [14]]
10
[[11], [13], [10]]
9
[[11], [13, 14]]
12
[[11], [13, 14], [11]]
9
[[11], [13, 14], [13]]
10
[[11], [13, 14], [14]]
10
[[11], [13, 14], [14], [14]]
10
[[11], [14]]
20
[[11], [14], [0]]
9
[[11], [14], [8]]
11
[[11], [14], [10]]
10
[[11], [14], [11]]
15
[[11], [14], [12]]
10
[[11], [14], [13]]
10
[[11], [14], [13, 14]]
9
[[11], [14], [14]]
13
[[11], [14], [14], [11]]
9
[[11], [14], [14], [14]]
10
[[11, 14]]
9
[[10]]
22
[[10], [0]]
12
[[10], [0], [12]]
9
[[10], [0], [14]]
9
[[10], [1]]
11
[[10], [3]]
11
[[10], [3], [8]]
9
[[10], [4]]
9
[[10], [5]]
12
[[10], [6]]
11
[[10], [7]]
10
[[10], [7], [14]]
9
[[10], [8]]
13
[[10], [9]]
14
[[10], [9], [11]]
10
[[10], [9], [14]]
11
[[10], [10]]
12
[[10], [11]]
16
[[10], [11], [14]]
10
[[10], [12]]
15
[[10], [12], [9]]
9
[[10], [12], [11]]
11
[[10], [12], [13]]
10
[[10], [12], [14]]
12
[[10], [12], [8]]
10
[[10], [12], [12]]
10
[[10], [13]]
17
[[10], [13], [0]]
9
[[10], [13], [8]]
12
[[10], [13], [9]]
9
[[10], [13], [10]]
10
[[10], [13], [11]]
11
[[10], [13], [13]]
11
[[10], [13], [13], [14]]
9
[[10], [13], [14]]
15
[[10], [13], [14], [8]]
9
[[10], [13], [14], [11]]
9
[[10], [13], [6]]
9
[[10], [13], [12]]
10
[[10], [13, 14]]
11
[[10], [13, 14], [14]]
10
[[10], [14]]
19
[[10], [14], [0]]
9
[[10], [14], [5]]
9
[[10], [14], [6]]
9
[[10], [14], [8]]
12
[[10], [14], [9]]
10
[[10], [14], [11]]
13
[[10], [14], [12]]
10
[[10], [14], [13]]
11
[[10], [14], [13], [8]]
9
[[10], [14], [13], [14]]
9
[[10], [14], [14]]
13
[[10], [14], [14], [11]]
9
[[7]]
18
[[7], [2]]
10
[[7], [6]]
11
[[7], [8]]
10
[[7], [9]]
9
[[7], [10]]
11
[[7], [10], [14]]
9
[[7], [11]]
13
[[7], [12]]
12
[[7], [13]]
13
[[7], [13], [11]]
9
[[7], [13], [13]]
10
[[7], [13], [14]]
10
[[7], [14]]
14
[[7], [14], [8]]
9
[[7], [14], [11]]
9
[[7], [14], [13]]
10
[[7], [1]]
9
[[7], [3]]
9
[[7], [7]]
10
[[0]]
18
[[0], [1]]
10
[[0], [2]]
9
[[0], [8]]
11
[[0], [9]]
12
[[0], [9], [11]]
9
[[0], [9], [14]]
9
[[0], [11]]
14
[[0], [12]]
13
[[0], [12], [11]]
10
[[0], [12], [14]]
10
[[0], [13]]
11
[[0], [13], [14]]
10
[[0], [14]]
15
[[0], [14], [11]]
10
[[0], [14], [13]]
9
[[13]]
28
[[13], [0]]
14
[[13], [0], [11]]
10
[[13], [0], [12]]
9
[[13], [0], [14]]
10
[[13], [1]]
14
[[13], [1], [11]]
10
[[13], [1], [14]]
9
[[13], [1], [12]]
9
[[13], [2]]
15
[[13], [3]]
16
[[13], [3], [8]]
12
[[13], [3], [11]]
11
[[13], [3], [12]]
12
[[13], [3], [13]]
12
[[13], [3], [13], [8]]
9
[[13], [3], [13], [14]]
9
[[13], [3], [14]]
13
[[13], [4]]
11
[[13], [5]]
13
[[13], [5], [9]]
9
[[13], [6]]
14
[[13], [6], [11]]
10
[[13], [6], [13]]
9
[[13], [6], [14]]
11
[[13], [7]]
12
[[13], [7], [14]]
10
[[13], [8]]
16
[[13], [8], [0]]
9
[[13], [8], [8]]
11
[[13], [8], [9]]
9
[[13], [8], [11]]
11
[[13], [8], [12]]
10
[[13], [8], [14]]
13
[[13], [8], [14], [11]]
9
[[13], [8], [1]]
9
[[13], [8], [10]]
9
[[13], [8], [13]]
9
[[13], [9]]
18
[[13], [9], [1]]
10
[[13], [9], [8]]
10
[[13], [9], [11]]
11
[[13], [9], [12]]
9
[[13], [9], [13]]
9
[[13], [9], [14]]
13
[[13], [9], [14], [11]]
9
[[13], [10]]
16
[[13], [10], [9]]
10
[[13], [10], [11]]
11
[[13], [10], [13]]
10
[[13], [10], [14]]
13
[[13], [10], [14], [11]]
10
[[13], [10], [10]]
9
[[13], [11]]
21
[[13], [11], [12]]
10
[[13], [11], [14]]
11
[[13], [12]]
17
[[13], [12], [8]]
12
[[13], [12], [9]]
10
[[13], [12], [9], [11]]
9
[[13], [12], [11]]
13
[[13], [12], [12]]
13
[[13], [12], [12], [8]]
9
[[13], [12], [12], [11]]
9
[[13], [12], [14]]
12
[[13], [12], [14], [11]]
9
[[13], [12], [3]]
9
[[13], [12], [10]]
9
[[13], [12], [13]]
11
[[13], [12], [13], [8]]
9
[[13], [12], [13], [14]]
9
[[13], [12, 14]]
12
[[13], [12, 14], [11]]
9
[[13], [12, 14], [12]]
9
[[13], [12, 14], [14]]
9
[[13], [12, 13]]
9
[[13], [13]]
22
[[13], [13], [2]]
11
[[13], [13], [3]]
11
[[13], [13], [3], [8]]
9
[[13], [13], [3], [14]]
10
[[13], [13], [3], [11]]
9
[[13], [13], [6]]
10
[[13], [13], [7]]
10
[[13], [13], [8]]
15
[[13], [13], [9]]
13
[[13], [13], [9], [8]]
9
[[13], [13], [9], [11]]
9
[[13], [13], [9], [14]]
9
[[13], [13], [10]]
12
[[13], [13], [11]]
16
[[13], [13], [12]]
12
[[13], [13], [12], [11]]
9
[[13], [13], [13]]
15
[[13], [13], [13], [8]]
11
[[13], [13], [13], [11]]
10
[[13], [13], [13], [14]]
10
[[13], [13], [14]]
17
[[13], [13], [14], [8]]
11
[[13], [13], [14], [11]]
11
[[13], [13], [14], [13]]
10
[[13], [13], [14], [14]]
10
[[13], [13], [1]]
9
[[13], [13, 14]]
18
[[13], [13, 14], [8]]
12
[[13], [13, 14], [9]]
9
[[13], [13, 14], [10]]
10
[[13], [13, 14], [11]]
14
[[13], [13, 14], [13]]
12
[[13], [13, 14], [13], [8]]
9
[[13], [13, 14], [14]]
13
[[13], [13, 14], [2]]
9
[[13], [13, 14], [12]]
9
[[13], [14]]
26
[[13], [14], [0]]
9
[[13], [14], [2]]
11
[[13], [14], [3]]
10
[[13], [14], [5]]
10
[[13], [14], [6]]
11
[[13], [14], [7]]
10
[[13], [14], [8]]
13
[[13], [14], [8], [14]]
9
[[13], [14], [9]]
13
[[13], [14], [9], [11]]
9
[[13], [14], [9], [14]]
9
[[13], [14], [10]]
10
[[13], [14], [11]]
18
[[13], [14], [12]]
13
[[13], [14], [12], [11]]
10
[[13], [14], [12], [14]]
9
[[13], [14], [13]]
15
[[13], [14], [13], [8]]
10
[[13], [14], [13], [14]]
9
[[13], [14], [13], [2]]
9
[[13], [14], [13], [9]]
9
[[13], [14], [13], [11]]
9
[[13], [14], [13, 14]]
11
[[13], [14], [13, 14], [14]]
9
[[13], [14], [13, 14], [11]]
9
[[13], [14], [14]]
16
[[13], [14], [14], [8]]
10
[[13], [14], [14], [11]]
11
[[13], [14], [14], [13]]
10
[[13], [14], [14], [14]]
10
[[13], [14], [14], [12]]
9
[[13, 14]]
21
[[13, 14], [2]]
10
[[13, 14], [3]]
11
[[13, 14], [3], [14]]
9
[[13, 14], [3], [8]]
9
[[13, 14], [3], [13]]
9
[[13, 14], [6]]
10
[[13, 14], [6], [14]]
9
[[13, 14], [7]]
9
[[13, 14], [8]]
13
[[13, 14], [8], [14]]
9
[[13, 14], [9]]
11
[[13, 14], [9], [14]]
9
[[13, 14], [10]]
13
[[13, 14], [10], [14]]
10
[[13, 14], [10], [11]]
9
[[13, 14], [11]]
15
[[13, 14], [12]]
12
[[13, 14], [12], [8]]
10
[[13, 14], [12], [11]]
11
[[13, 14], [12], [12]]
10
[[13, 14], [12], [14]]
10
[[13, 14], [13]]
18
[[13, 14], [13], [8]]
12
[[13, 14], [13], [9]]
9
[[13, 14], [13], [11]]
12
[[13, 14], [13], [13]]
10
[[13, 14], [13], [13], [8]]
9
[[13, 14], [13], [14]]
13
[[13, 14], [13], [12]]
9
[[13, 14], [13, 14]]
12
[[13, 14], [13, 14], [8]]
9
[[13, 14], [13, 14], [11]]
10
[[13, 14], [13, 14], [14]]
10
[[13, 14], [14]]
18
[[13, 14], [14], [8]]
12
[[13, 14], [14], [9]]
9
[[13, 14], [14], [11]]
13
[[13, 14], [14], [13]]
11
[[13, 14], [14], [13, 14]]
9
[[13, 14], [14], [14]]
13
[[13, 14], [14], [14], [13]]
9
[[13, 14], [14], [12]]
10
[[12]]
29
[[12], [0]]
12
[[12], [1]]
13
[[12], [1], [11]]
9
[[12], [1], [14]]
10
[[12], [2]]
12
[[12], [3]]
15
[[12], [3], [8]]
10
[[12], [3], [13]]
10
[[12], [3], [13], [8]]
9
[[12], [3], [14]]
11
[[12], [3], [11]]
9
[[12], [3], [12]]
10
[[12], [5]]
11
[[12], [6]]
14
[[12], [6], [14]]
9
[[12], [7]]
12
[[12], [7], [10]]
9
[[12], [8]]
16
[[12], [8], [8]]
9
[[12], [8], [11]]
10
[[12], [8], [14]]
11
[[12], [8], [10]]
9
[[12], [9]]
17
[[12], [9], [8]]
10
[[12], [9], [9]]
9
[[12], [9], [11]]
12
[[12], [9], [12]]
10
[[12], [9], [13]]
9
[[12], [9], [14]]
14
[[12], [10]]
16
[[12], [10], [10]]
10
[[12], [10], [11]]
11
[[12], [10], [13]]
9
[[12], [10], [14]]
13
[[12], [11]]
20
[[12], [11], [14]]
10
[[12], [12]]
18
[[12], [12], [11]]
11
[[12], [12], [13]]
10
[[12], [12], [14]]
11
[[12], [12], [8]]
10
[[12], [12], [9]]
9
[[12], [13]]
21
[[12], [13], [8]]
12
[[12], [13], [9]]
14
[[12], [13], [10]]
10
[[12], [13], [11]]
12
[[12], [13], [12]]
11
[[12], [13], [13]]
13
[[12], [13], [13], [8]]
10
[[12], [13], [13], [10]]
9
[[12], [13], [13], [11]]
10
[[12], [13], [13], [14]]
9
[[12], [13], [13, 14]]
9
[[12], [13], [14]]
18
[[12], [13], [14], [8]]
10
[[12], [13], [14], [11]]
10
[[12], [13], [14], [13]]
9
[[12], [13], [14], [14]]
10
[[12], [13, 14]]
15
[[12], [13, 14], [8]]
10
[[12], [13, 14], [10]]
9
[[12], [13, 14], [11]]
9
[[12], [13, 14], [13]]
10
[[12], [13, 14], [14]]
13
[[12], [14]]
23
[[12], [14], [0]]
10
[[12], [14], [1]]
10
[[12], [14], [3]]
10
[[12], [14], [6]]
9
[[12], [14], [8]]
13
[[12], [14], [9]]
12
[[12], [14], [10]]
12
[[12], [14], [11]]
14
[[12], [14], [12]]
13
[[12], [14], [13]]
15
[[12], [14], [13], [8]]
10
[[12], [14], [13], [9]]
10
[[12], [14], [13], [10]]
10
[[12], [14], [13], [11]]
11
[[12], [14], [13], [14]]
11
[[12], [14], [13, 14]]
9
[[12], [14], [14]]
17
[[12], [14], [14], [10]]
9
[[12], [14], [14], [11]]
9
[[12], [14], [14], [13]]
9
[[12], [14], [14], [14]]
10
[[12, 13]]
13
[[12, 13], [9]]
9
[[12, 13], [11]]
9
[[12, 13], [14]]
10
[[12, 13], [13]]
9
[[12, 14]]
19
[[12, 14], [0]]
10
[[12, 14], [3]]
10
[[12, 14], [6]]
9
[[12, 14], [8]]
11
[[12, 14], [9]]
10
[[12, 14], [9], [11]]
9
[[12, 14], [9], [14]]
9
[[12, 14], [10]]
11
[[12, 14], [10], [14]]
9
[[12, 14], [11]]
15
[[12, 14], [12]]
12
[[12, 14], [13]]
12
[[12, 14], [13], [8]]
9
[[12, 14], [13], [11]]
9
[[12, 14], [13], [14]]
11
[[12, 14], [14]]
15
[[12, 14], [14], [11]]
11
[[12, 14], [14], [14]]
11
[[12, 14], [14], [8]]
9
[[9]]
21
[[9], [0]]
12
[[9], [0], [11]]
11
[[9], [0], [14]]
9
[[9], [1]]
13
[[9], [1], [11]]
9
[[9], [2]]
10
[[9], [3]]
9
[[9], [5]]
9
[[9], [6]]
13
[[9], [6], [11]]
11
[[9], [8]]
12
[[9], [9]]
13
[[9], [9], [11]]
9
[[9], [10]]
11
[[9], [11]]
16
[[9], [12]]
16
[[9], [12], [8]]
9
[[9], [12], [9]]
10
[[9], [12], [11]]
12
[[9], [12], [14]]
10
[[9], [12], [6]]
9
[[9], [13]]
18
[[9], [13], [0]]
9
[[9], [13], [8]]
10
[[9], [13], [9]]
11
[[9], [13], [10]]
9
[[9], [13], [11]]
13
[[9], [13], [12]]
9
[[9], [13], [14]]
14
[[9], [13], [14], [11]]
10
[[9], [13], [1]]
9
[[9], [13], [2]]
9
[[9], [13], [6]]
9
[[9], [13, 14]]
10
[[9], [14]]
20
[[9], [14], [0]]
9
[[9], [14], [1]]
10
[[9], [14], [6]]
9
[[9], [14], [8]]
9
[[9], [14], [9]]
11
[[9], [14], [11]]
15
[[9], [14], [12]]
12
[[9], [14], [13]]
11
[[9], [14], [13], [9]]
9
[[9], [14], [13], [11]]
9
[[9], [14], [14]]
10
[[8]]
20
[[8], [0]]
11
[[8], [0], [11]]
9
[[8], [0], [12]]
9
[[8], [0], [14]]
9
[[8], [1]]
12
[[8], [1], [11]]
9
[[8], [1], [14]]
9
[[8], [1], [12]]
10
[[8], [2]]
10
[[8], [6]]
10
[[8], [8]]
13
[[8], [8], [11]]
9
[[8], [9]]
14
[[8], [9], [11]]
9
[[8], [9], [12]]
9
[[8], [9], [14]]
11
[[8], [10]]
12
[[8], [10], [14]]
9
[[8], [11]]
15
[[8], [11], [12]]
9
[[8], [11], [14]]
11
[[8], [12]]
16
[[8], [12], [11]]
10
[[8], [12], [8]]
10
[[8], [12], [9]]
9
[[8], [12], [10]]
9
[[8], [12], [13]]
9
[[8], [12], [14]]
10
[[8], [12, 14]]
9
[[8], [13]]
15
[[8], [13], [0]]
9
[[8], [13], [11]]
12
[[8], [13], [12]]
12
[[8], [13], [14]]
14
[[8], [13], [1]]
9
[[8], [13], [2]]
9
[[8], [13], [8]]
10
[[8], [13], [9]]
9
[[8], [13], [10]]
11
[[8], [13], [13]]
10
[[8], [13, 14]]
10
[[8], [14]]
19
[[8], [14], [9]]
11
[[8], [14], [11]]
12
[[8], [14], [12]]
11
[[8], [14], [12], [11]]
9
[[8], [14], [13]]
11
[[8], [14], [13], [14]]
9
[[8], [14], [14]]
13
[[8], [3]]
10
[[8], [5]]
9
[[3]]
21
[[3], [0]]
10
[[3], [1]]
9
[[3], [6]]
9
[[3], [8]]
13
[[3], [9]]
11
[[3], [9], [14]]
9
[[3], [11]]
13
[[3], [12]]
14
[[3], [13]]
14
[[3], [13], [8]]
10
[[3], [13], [11]]
9
[[3], [13], [13]]
10
[[3], [13], [14]]
12
[[3], [13, 14]]
9
[[3], [14]]
17
[[3], [14], [8]]
10
[[3], [14], [11]]
10
[[3], [14], [13]]
9
[[3], [14], [14]]
10
[[3], [10]]
9
[[5]]
21
[[5], [0]]
9
[[5], [1]]
10
[[5], [2]]
10
[[5], [3]]
12
[[5], [5]]
12
[[5], [6]]
10
[[5], [8]]
13
[[5], [9]]
12
[[5], [11]]
14
[[5], [12]]
13
[[5], [13]]
14
[[5], [13], [2]]
9
[[5], [13], [13]]
9
[[5], [13], [14]]
10
[[5], [13], [3]]
9
[[5], [13, 14]]
10
[[5], [14]]
16
[[5], [14], [11]]
11
[[5], [14], [12]]
11
[[5], [14], [13]]
11
[[5], [14], [14]]
10
[[5], [14], [8]]
9
[[5], [14], [10]]
9
[[5], [10]]
9
[[4]]
14
[[4], [9]]
9
[[4], [11]]
11
[[4], [13]]
9
[[4], [14]]
12
[[4], [14], [11]]
9
[[6]]
20
[[6], [0]]
9
[[6], [2]]
9
[[6], [8]]
9
[[6], [9]]
10
[[6], [11]]
16
[[6], [12]]
11
[[6], [12], [11]]
9
[[6], [13]]
15
[[6], [13], [11]]
13
[[6], [13], [14]]
12
[[6], [13], [14], [11]]
9
[[6], [14]]
15
[[6], [14], [11]]
12
[[6], [14], [14]]
9
[[1]]
18
[[1], [0]]
11
[[1], [1]]
12
[[1], [1], [11]]
9
[[1], [3]]
10
[[1], [6]]
11
[[1], [6], [11]]
9
[[1], [9]]
11
[[1], [10]]
9
[[1], [11]]
15
[[1], [12]]
12
[[1], [12], [11]]
9
[[1], [13]]
12
[[1], [13], [11]]
10
[[1], [13], [14]]
9
[[1], [13, 14]]
9
[[1], [14]]
15
[[1], [14], [11]]
12
[[1], [14], [13]]
9
[[1], [14], [14]]
9
[[1], [2]]
9
