[[14]]
42
[[14], [3]]
26
[[14], [6]]
25
[[14], [8]]
25
[[14], [9]]
26
[[14], [11]]
34
[[14], [12]]
33
[[14], [12], [11]]
25
[[14], [12], [14]]
24
[[14], [13]]
32
[[14], [13], [11]]
23
[[14], [13], [14]]
28
[[14], [13, 14]]
23
[[14], [14]]
34
[[14], [14], [11]]
26
[[14], [14], [13]]
24
[[14], [14], [14]]
29
[[14], [14], [12]]
25
[[14], [10]]
25
[[14], [2]]
25
[[14], [5]]
23
[[11]]
37
[[11], [12]]
28
[[11], [14]]
28
[[10]]
31
[[10], [14]]
27
[[10], [12]]
23
[[7]]
25
[[13]]
38
[[13], [9]]
25
[[13], [11]]
28
[[13], [13]]
29
[[13], [13], [14]]
24
[[13], [14]]
35
[[13], [14], [11]]
23
[[13], [12]]
26
[[13], [3]]
24
[[13, 14]]
26
[[13, 14], [14]]
23
[[12]]
40
[[12], [9]]
25
[[12], [11]]
29
[[12], [12]]
29
[[12], [13]]
29
[[12], [13], [14]]
24
[[12], [14]]
33
[[12], [14], [14]]
24
[[12], [10]]
24
[[12, 14]]
25
[[9]]
31
[[9], [13]]
26
[[9], [14]]
29
[[9], [11]]
23
[[9], [12]]
26
[[8]]
27
[[8], [14]]
24
[[8], [12]]
24
[[3]]
30
[[3], [14]]
26
[[3], [12]]
24
[[5]]
29
[[5], [14]]
24
[[6]]
28
[[1]]
26
[[2]]
26
