[[14]]
42
[[14], [3]]
27
[[14], [6]]
25
[[14], [8]]
25
[[14], [9]]
27
[[14], [11]]
34
[[14], [12]]
33
[[14], [12], [11]]
26
[[14], [12], [14]]
25
[[14], [13]]
33
[[14], [13], [11]]
23
[[14], [13], [14]]
28
[[14], [13, 14]]
23
[[14], [14]]
34
[[14], [14], [11]]
26
[[14], [14], [13]]
25
[[14], [14], [14]]
29
[[14], [14], [12]]
25
[[14], [10]]
25
[[14], [2]]
25
[[14], [5]]
24
[[14], [1]]
23
[[11]]
37
[[11], [12]]
28
[[11], [14]]
28
[[10]]
31
[[10], [14]]
28
[[10], [12]]
24
[[7]]
26
[[13]]
39
[[13], [9]]
26
[[13], [11]]
28
[[13], [13]]
29
[[13], [13], [14]]
25
[[13], [14]]
35
[[13], [14], [11]]
24
[[13], [14], [14]]
23
[[13], [12]]
26
[[13], [3]]
25
[[13, 14]]
26
[[13, 14], [14]]
24
[[12]]
40
[[12], [9]]
26
[[12], [11]]
30
[[12], [12]]
30
[[12], [13]]
30
[[12], [13], [14]]
25
[[12], [14]]
34
[[12], [14], [14]]
24
[[12], [14], [12]]
23
[[12], [10]]
24
[[12, 14]]
25
[[9]]
32
[[9], [13]]
26
[[9], [14]]
30
[[9], [11]]
24
[[9], [12]]
27
[[8]]
27
[[8], [14]]
24
[[8], [12]]
24
[[3]]
31
[[3], [14]]
27
[[3], [12]]
25
[[5]]
29
[[5], [14]]
24
[[5], [13]]
23
[[6]]
28
[[1]]
27
[[2]]
26
