[[14]]
52
[[14], [3]]
33
[[14], [6]]
32
[[14], [8]]
34
[[14], [9]]
30
[[14], [11]]
40
[[14], [12]]
41
[[14], [12], [11]]
32
[[14], [12], [14]]
32
[[14], [13]]
42
[[14], [13], [11]]
29
[[14], [13], [14]]
36
[[14], [13, 14]]
29
[[14], [14]]
43
[[14], [14], [11]]
31
[[14], [14], [13]]
30
[[14], [14], [14]]
37
[[14], [14], [12]]
32
[[14], [14], [8]]
29
[[14], [10]]
35
[[14], [10], [14]]
29
[[14], [2]]
32
[[14], [1]]
29
[[14], [7]]
29
[[11]]
45
[[11], [12]]
34
[[11], [14]]
33
[[11], [11]]
29
[[10]]
42
[[10], [14]]
36
[[10], [12]]
31
[[10], [11]]
30
[[7]]
35
[[13]]
50
[[13], [9]]
29
[[13], [11]]
34
[[13], [13]]
37
[[13], [13], [14]]
33
[[13], [13, 14]]
29
[[13], [14]]
44
[[13], [14], [11]]
29
[[13], [14], [14]]
32
[[13], [12]]
35
[[13], [12], [14]]
29
[[13], [3]]
31
[[13], [8]]
29
[[13], [10]]
31
[[13, 14]]
34
[[13, 14], [14]]
31
[[12]]
49
[[12], [9]]
30
[[12], [11]]
36
[[12], [12]]
37
[[12], [13]]
38
[[12], [13], [14]]
32
[[12], [14]]
42
[[12], [14], [14]]
31
[[12], [14], [12]]
30
[[12], [10]]
32
[[12, 14]]
32
[[9]]
36
[[9], [13]]
30
[[9], [14]]
34
[[9], [12]]
31
[[8]]
36
[[8], [14]]
31
[[8], [12]]
30
[[3]]
40
[[3], [14]]
34
[[3], [12]]
30
[[5]]
34
[[6]]
36
[[1]]
34
[[2]]
36
[[4]]
29
