[[14]]
56
[[14], [3]]
36
[[14], [6]]
34
[[14], [8]]
36
[[14], [9]]
31
[[14], [11]]
43
[[14], [12]]
44
[[14], [12], [11]]
34
[[14], [12], [14]]
34
[[14], [13]]
44
[[14], [13], [14]]
38
[[14], [13, 14]]
31
[[14], [14]]
46
[[14], [14], [11]]
33
[[14], [14], [13]]
32
[[14], [14], [14]]
39
[[14], [14], [12]]
34
[[14], [14], [8]]
31
[[14], [10]]
37
[[14], [2]]
34
[[11]]
49
[[11], [12]]
37
[[11], [14]]
37
[[11], [11]]
31
[[10]]
44
[[10], [14]]
37
[[10], [12]]
33
[[7]]
39
[[7], [14]]
31
[[13]]
54
[[13], [11]]
36
[[13], [13]]
40
[[13], [13], [14]]
35
[[13], [13, 14]]
32
[[13], [14]]
48
[[13], [14], [11]]
31
[[13], [14], [14]]
35
[[13], [14], [12]]
31
[[13], [12]]
38
[[13], [12], [14]]
32
[[13], [3]]
34
[[13], [8]]
32
[[13], [10]]
32
[[13, 14]]
37
[[13, 14], [14]]
33
[[12]]
52
[[12], [9]]
32
[[12], [11]]
39
[[12], [12]]
40
[[12], [13]]
40
[[12], [13], [14]]
34
[[12], [14]]
45
[[12], [14], [14]]
34
[[12], [14], [12]]
33
[[12], [10]]
34
[[12, 14]]
34
[[9]]
39
[[9], [13]]
32
[[9], [14]]
37
[[9], [12]]
33
[[8]]
39
[[8], [14]]
33
[[8], [12]]
32
[[3]]
43
[[3], [14]]
36
[[3], [12]]
31
[[5]]
37
[[6]]
38
[[1]]
37
[[2]]
39
[[4]]
32
