[[14]]
60
[[14], [3]]
36
[[14], [6]]
36
[[14], [8]]
37
[[14], [9]]
33
[[14], [11]]
45
[[14], [12]]
46
[[14], [12], [11]]
35
[[14], [12], [14]]
35
[[14], [13]]
48
[[14], [13], [14]]
39
[[14], [13, 14]]
33
[[14], [14]]
50
[[14], [14], [11]]
34
[[14], [14], [13]]
35
[[14], [14], [14]]
40
[[14], [14], [12]]
35
[[14], [10]]
39
[[14], [2]]
35
[[11]]
53
[[11], [12]]
39
[[11], [14]]
40
[[11], [11]]
33
[[11], [13]]
34
[[10]]
48
[[10], [14]]
41
[[10], [12]]
35
[[10], [11]]
33
[[10], [13]]
33
[[7]]
42
[[7], [14]]
33
[[13]]
58
[[13], [11]]
39
[[13], [13]]
44
[[13], [13], [14]]
37
[[13], [13, 14]]
34
[[13], [14]]
51
[[13], [14], [14]]
37
[[13], [12]]
41
[[13], [12], [14]]
34
[[13], [3]]
34
[[13], [8]]
34
[[13], [10]]
35
[[13], [9]]
33
[[13, 14]]
41
[[13, 14], [14]]
35
[[12]]
56
[[12], [9]]
34
[[12], [11]]
42
[[12], [12]]
42
[[12], [13]]
43
[[12], [13], [14]]
34
[[12], [14]]
48
[[12], [14], [14]]
36
[[12], [14], [12]]
34
[[12], [10]]
36
[[12], [8]]
33
[[12, 14]]
34
[[9]]
44
[[9], [13]]
36
[[9], [14]]
41
[[9], [12]]
36
[[9], [11]]
33
[[8]]
43
[[8], [14]]
36
[[8], [12]]
34
[[3]]
44
[[3], [14]]
37
[[5]]
39
[[6]]
41
[[1]]
39
[[2]]
41
[[4]]
34
