[[14]]
70
[[14], [3]]
41
[[14], [6]]
42
[[14], [8]]
43
[[14], [9]]
38
[[14], [11]]
51
[[14], [12]]
53
[[14], [12], [11]]
39
[[14], [12], [14]]
38
[[14], [13]]
54
[[14], [13], [14]]
44
[[14], [13, 14]]
38
[[14], [14]]
57
[[14], [14], [11]]
38
[[14], [14], [13]]
40
[[14], [14], [14]]
46
[[14], [14], [12]]
40
[[14], [10]]
46
[[14], [2]]
38
[[11]]
58
[[11], [12]]
46
[[11], [14]]
45
[[11], [11]]
39
[[11], [13]]
38
[[10]]
57
[[10], [14]]
47
[[10], [12]]
41
[[10], [11]]
38
[[10], [13]]
39
[[7]]
46
[[13]]
65
[[13], [11]]
43
[[13], [13]]
51
[[13], [13], [14]]
42
[[13], [13, 14]]
40
[[13], [14]]
57
[[13], [14], [14]]
41
[[13], [12]]
47
[[13], [8]]
38
[[13], [10]]
40
[[13], [9]]
38
[[13, 14]]
48
[[13, 14], [14]]
40
[[12]]
64
[[12], [9]]
38
[[12], [11]]
48
[[12], [12]]
47
[[12], [13]]
48
[[12], [14]]
53
[[12], [14], [14]]
41
[[12], [14], [12]]
38
[[12], [10]]
43
[[12, 14]]
39
[[9]]
51
[[9], [13]]
40
[[9], [14]]
46
[[9], [12]]
42
[[8]]
48
[[8], [14]]
40
[[8], [12]]
40
[[3]]
50
[[3], [14]]
43
[[5]]
44
[[6]]
50
[[1]]
43
[[2]]
46
[[4]]
38
