[[14]]
76
[[14], [3]]
43
[[14], [6]]
46
[[14], [8]]
50
[[14], [9]]
42
[[14], [11]]
54
[[14], [12]]
58
[[14], [12], [11]]
42
[[14], [12], [14]]
41
[[14], [13]]
61
[[14], [13], [14]]
51
[[14], [13], [13]]
42
[[14], [13, 14]]
42
[[14], [14]]
64
[[14], [14], [11]]
42
[[14], [14], [13]]
45
[[14], [14], [14]]
52
[[14], [14], [12]]
43
[[14], [14], [10]]
41
[[14], [10]]
54
[[11]]
63
[[11], [12]]
50
[[11], [14]]
49
[[11], [11]]
44
[[11], [13]]
43
[[11], [10]]
44
[[10]]
65
[[10], [14]]
52
[[10], [12]]
46
[[10], [11]]
43
[[10], [13]]
46
[[10], [8]]
43
[[7]]
51
[[7], [14]]
41
[[13]]
72
[[13], [11]]
46
[[13], [13]]
58
[[13], [13], [14]]
47
[[13], [13, 14]]
44
[[13], [14]]
63
[[13], [14], [14]]
47
[[13], [12]]
53
[[13], [8]]
46
[[13], [10]]
47
[[13], [9]]
44
[[13, 14]]
53
[[13, 14], [14]]
43
[[13, 14], [13]]
41
[[12]]
71
[[12], [9]]
42
[[12], [11]]
53
[[12], [12]]
51
[[12], [13]]
54
[[12], [13], [14]]
41
[[12], [14]]
57
[[12], [14], [14]]
46
[[12], [10]]
49
[[12], [8]]
44
[[12, 14]]
42
[[9]]
56
[[9], [13]]
45
[[9], [14]]
48
[[9], [12]]
44
[[8]]
56
[[8], [14]]
44
[[8], [12]]
44
[[8], [13]]
43
[[3]]
54
[[3], [14]]
46
[[5]]
48
[[6]]
55
[[6], [13]]
41
[[1]]
46
[[2]]
48
[[4]]
43
