[[12]]
24
[[17]]
30
[[19]]
36
[[15]]
22
[[4]]
21
[[10]]
18
[[5]]
25
[[18]]
34
[[13]]
23
[[14]]
24
[[16]]
34
[[11]]
23
[[7]]
16
[[2]]
17
[[6]]
24
[[9]]
22
[[8]]
26
[[0]]
16
[[1]]
16
[[3]]
19
[[12], [12]]
10
[[12], [17]]
15
[[12], [19]]
20
[[12], [15]]
11
[[12], [4]]
12
[[12], [10]]
10
[[12], [5]]
16
[[12], [18]]
19
[[12], [13]]
11
[[12], [14]]
12
[[12], [16]]
17
[[12], [11]]
11
[[12], [6]]
11
[[12], [9]]
10
[[12], [8]]
13
[[12], [3]]
10
[[17], [12]]
13
[[17], [17]]
20
[[17], [19]]
23
[[17, 19]]
13
[[17], [15]]
17
[[17], [4]]
12
[[17], [10]]
12
[[17], [5]]
16
[[17], [18]]
23
[[17, 18]]
12
[[17], [13]]
15
[[17], [14]]
13
[[17], [16]]
23
[[17], [11]]
14
[[17], [7]]
10
[[17], [2]]
11
[[17], [6]]
17
[[17], [9]]
16
[[17], [8]]
17
[[17], [0]]
10
[[17], [3]]
15
[[19], [12]]
17
[[19], [17]]
23
[[19], [19]]
28
[[19], [15]]
20
[[19], [4]]
19
[[19], [10]]
14
[[19], [5]]
21
[[19], [18]]
30
[[19], [13]]
19
[[19], [14]]
17
[[19], [16]]
31
[[19], [11]]
19
[[19], [7]]
11
[[19], [2]]
13
[[19], [6]]
18
[[19], [9]]
20
[[19], [8]]
21
[[19], [0]]
15
[[19], [1]]
12
[[19], [3]]
17
[[15], [17]]
10
[[15], [19]]
15
[[15, 19]]
13
[[15], [15]]
14
[[15], [5]]
13
[[15], [18]]
17
[[15], [14]]
10
[[15], [16]]
14
[[15], [6]]
11
[[15], [9]]
13
[[15], [8]]
12
[[15], [3]]
10
[[4], [17]]
13
[[4], [19]]
17
[[4], [15]]
13
[[4], [4]]
10
[[4], [5]]
13
[[4], [18]]
19
[[4], [14]]
10
[[4], [16]]
15
[[4], [11]]
10
[[4], [9]]
10
[[4], [8]]
12
[[10], [12]]
11
[[10], [17]]
13
[[10], [19]]
16
[[10], [15]]
14
[[10], [4]]
10
[[10], [5]]
12
[[10], [18]]
16
[[10], [14]]
10
[[10], [16]]
17
[[10], [11]]
10
[[10], [7]]
10
[[10], [9]]
12
[[10], [8]]
12
[[10], [3]]
10
[[5], [12]]
11
[[5], [17]]
18
[[5], [19]]
20
[[5], [15]]
15
[[5], [4]]
11
[[5], [10]]
12
[[5], [5]]
13
[[5], [18]]
20
[[5], [13]]
11
[[5], [14]]
10
[[5], [16]]
19
[[5], [11]]
12
[[5], [6]]
11
[[5], [9]]
16
[[5], [8]]
14
[[5], [0]]
10
[[5], [3]]
13
[[18], [12]]
16
[[18], [17]]
22
[[18], [19]]
26
[[18, 19]]
25
[[18], [15]]
19
[[18], [4]]
14
[[18], [10]]
13
[[18], [5]]
19
[[18], [18]]
28
[[18], [13]]
20
[[18], [14]]
21
[[18], [16]]
28
[[18], [11]]
16
[[18], [7]]
10
[[18], [2]]
11
[[18], [6]]
16
[[18], [9]]
18
[[18], [8]]
18
[[18], [0]]
11
[[18], [1]]
10
[[18], [3]]
15
[[13], [12]]
10
[[13], [17]]
14
[[13], [19]]
19
[[13], [15]]
10
[[13], [4]]
11
[[13], [18]]
17
[[13, 18]]
10
[[13], [13]]
10
[[13], [14]]
12
[[13], [16]]
16
[[13], [6]]
12
[[13], [8]]
14
[[13], [0]]
10
[[13], [3]]
11
[[14], [17]]
15
[[14], [19]]
19
[[14], [15]]
13
[[14], [5]]
10
[[14], [18]]
18
[[14], [13]]
11
[[14], [14]]
11
[[14], [16]]
17
[[14], [6]]
11
[[14], [9]]
10
[[14], [8]]
13
[[14], [3]]
12
[[16], [12]]
17
[[16], [17]]
22
[[16, 17]]
10
[[16], [19]]
27
[[16, 19]]
18
[[16], [15]]
17
[[16], [4]]
15
[[16], [10]]
14
[[16], [5]]
12
[[16], [18]]
26
[[16, 18]]
16
[[16], [13]]
14
[[16], [14]]
17
[[16], [16]]
24
[[16], [11]]
15
[[16], [2]]
11
[[16], [6]]
14
[[16], [9]]
17
[[16], [8]]
21
[[16], [0]]
14
[[16], [1]]
10
[[16], [3]]
15
[[11], [17]]
13
[[11], [19]]
15
[[11], [15]]
11
[[11], [18]]
17
[[11], [14]]
13
[[11], [16]]
17
[[11], [7]]
10
[[11], [6]]
10
[[11], [9]]
12
[[11], [8]]
13
[[7], [17]]
13
[[7], [19]]
15
[[7], [15]]
10
[[7], [18]]
15
[[7], [14]]
10
[[7], [16]]
13
[[7], [11]]
10
[[7], [9]]
11
[[2], [17]]
12
[[2], [19]]
15
[[2], [18]]
17
[[2], [16]]
14
[[2], [6]]
12
[[2], [8]]
11
[[6], [12]]
10
[[6], [17]]
13
[[6], [19]]
19
[[6], [15]]
12
[[6], [4]]
10
[[6], [5]]
12
[[6], [18]]
20
[[6], [16]]
17
[[6], [9]]
12
[[6], [8]]
13
[[6], [3]]
12
[[9], [17]]
15
[[9], [19]]
20
[[9], [15]]
12
[[9], [18]]
16
[[9], [14]]
13
[[9], [16]]
15
[[9], [11]]
10
[[9], [6]]
11
[[9], [8]]
13
[[9], [3]]
11
[[8], [17]]
15
[[8], [19]]
21
[[8], [15]]
15
[[8], [5]]
12
[[8], [18]]
20
[[8], [13]]
10
[[8], [14]]
13
[[8], [16]]
19
[[8], [9]]
12
[[8], [8]]
11
[[8], [3]]
10
[[0], [17]]
12
[[0], [19]]
14
[[0], [18]]
14
[[0], [16]]
11
[[1], [17]]
11
[[1], [19]]
12
[[1], [18]]
12
[[3], [19]]
15
[[3], [4]]
10
[[3], [18]]
14
[[3], [16]]
12
[[3], [8]]
11
[[12], [17], [17]]
11
[[12], [17], [19]]
10
[[12], [17], [18]]
10
[[12], [17], [16]]
11
[[12], [19], [17]]
10
[[12], [19], [19]]
14
[[12], [19], [15]]
10
[[12], [19], [4]]
10
[[12], [19], [5]]
12
[[12], [19], [18]]
14
[[12], [19], [13]]
10
[[12], [19], [16]]
13
[[12], [19], [11]]
10
[[12], [5], [17]]
10
[[12], [5], [19]]
12
[[12], [5], [18]]
11
[[12], [5], [16]]
12
[[12], [18], [17]]
10
[[12], [18], [19]]
14
[[12], [18, 19]]
14
[[12], [18], [15]]
11
[[12], [18], [5]]
10
[[12], [18], [18]]
15
[[12], [18], [13]]
11
[[12], [18], [14]]
12
[[12], [18], [16]]
14
[[12], [14], [16]]
10
[[12], [16], [19]]
10
[[12], [16], [16]]
10
[[17], [12], [19]]
10
[[17], [12], [18]]
11
[[17], [17], [17]]
11
[[17], [17], [19]]
12
[[17], [17, 19]]
11
[[17], [17], [15]]
10
[[17], [17], [18]]
13
[[17], [17], [16]]
13
[[17], [19], [12]]
10
[[17], [19], [17]]
13
[[17], [19], [19]]
17
[[17], [19], [15]]
14
[[17], [19], [4]]
11
[[17], [19], [10]]
10
[[17], [19], [5]]
10
[[17], [19], [18]]
19
[[17], [19], [14]]
10
[[17], [19], [16]]
18
[[17], [19], [11]]
12
[[17], [19], [6]]
10
[[17], [19], [9]]
14
[[17], [19], [8]]
12
[[17], [19], [3]]
14
[[17], [15], [19]]
11
[[17], [15, 19]]
11
[[17], [15], [15]]
11
[[17], [15], [18]]
13
[[17], [15], [16]]
13
[[17], [15], [9]]
11
[[17], [4], [18]]
11
[[17], [10], [19]]
11
[[17], [10], [18]]
11
[[17], [10], [16]]
11
[[17], [5], [17]]
12
[[17], [5], [19]]
14
[[17], [5], [18]]
13
[[17], [5], [16]]
13
[[17], [5], [9]]
11
[[17], [5], [8]]
10
[[17], [5], [3]]
10
[[17], [18], [12]]
11
[[17], [18], [17]]
12
[[17], [18], [19]]
16
[[17], [18, 19]]
17
[[17], [18], [15]]
13
[[17], [18], [18]]
17
[[17], [18], [14]]
12
[[17], [18], [16]]
19
[[17], [18], [11]]
11
[[17], [18], [6]]
11
[[17], [18], [9]]
14
[[17], [18], [8]]
12
[[17], [18], [3]]
12
[[17], [16], [12]]
11
[[17], [16], [17]]
10
[[17], [16], [19]]
15
[[17], [16, 19]]
11
[[17], [16], [15]]
10
[[17], [16], [18]]
14
[[17], [16, 18]]
10
[[17], [16], [16]]
14
[[17], [16], [8]]
12
[[17], [16], [3]]
11
[[17], [11], [16]]
10
[[17], [2], [18]]
11
[[17], [6], [19]]
11
[[17], [6], [18]]
12
[[17], [6], [16]]
11
[[17], [6], [9]]
10
[[17], [9], [19]]
12
[[17], [8], [19]]
10
[[17], [8], [15]]
10
[[17], [8], [18]]
10
[[17], [8], [16]]
13
[[17], [3], [19]]
10
[[17], [3], [18]]
10
[[19], [12], [17]]
11
[[19], [12], [19]]
14
[[19], [12], [18]]
13
[[19], [12], [16]]
10
[[19], [17], [17]]
14
[[19], [17], [19]]
14
[[19], [17, 19]]
10
[[19], [17], [15]]
11
[[19], [17], [18]]
16
[[19], [17], [14]]
10
[[19], [17], [16]]
15
[[19], [17], [6]]
10
[[19], [17], [9]]
10
[[19], [19], [12]]
11
[[19], [19], [17]]
19
[[19], [19], [19]]
23
[[19], [19], [15]]
17
[[19], [19], [4]]
15
[[19], [19], [5]]
11
[[19], [19], [18]]
25
[[19], [19], [13]]
15
[[19], [19], [14]]
17
[[19], [19], [16]]
22
[[19], [19], [11]]
15
[[19], [19], [6]]
13
[[19], [19], [9]]
15
[[19], [19], [8]]
15
[[19], [19], [0]]
10
[[19], [19], [3]]
12
[[19], [15], [19]]
13
[[19], [15, 19]]
11
[[19], [15], [15]]
13
[[19], [15], [5]]
10
[[19], [15], [18]]
16
[[19], [15], [16]]
12
[[19], [15], [9]]
11
[[19], [15], [8]]
10
[[19], [4], [17]]
12
[[19], [4], [19]]
15
[[19], [4], [15]]
11
[[19], [4], [18]]
16
[[19], [4], [16]]
11
[[19], [10], [19]]
12
[[19], [10], [15]]
12
[[19], [10], [18]]
13
[[19], [10], [16]]
12
[[19], [10], [9]]
10
[[19], [10], [8]]
10
[[19], [5], [17]]
12
[[19], [5], [19]]
15
[[19], [5], [15]]
14
[[19], [5], [18]]
15
[[19], [5], [16]]
14
[[19], [5], [6]]
10
[[19], [5], [9]]
12
[[19], [18], [12]]
10
[[19], [18], [17]]
17
[[19], [18], [19]]
21
[[19], [18, 19]]
25
[[19], [18], [15]]
17
[[19], [18], [4]]
12
[[19], [18], [5]]
11
[[19], [18], [18]]
23
[[19], [18], [13]]
12
[[19], [18], [14]]
16
[[19], [18], [16]]
21
[[19], [18], [11]]
13
[[19], [18], [6]]
11
[[19], [18], [9]]
15
[[19], [18], [8]]
14
[[19], [18], [3]]
12
[[19], [13], [17]]
10
[[19], [13], [19]]
11
[[19], [13], [18]]
14
[[19], [13], [16]]
13
[[19], [14], [19]]
12
[[19], [14], [18]]
12
[[19], [14], [16]]
10
[[19], [16], [12]]
13
[[19], [16], [17]]
16
[[19], [16], [19]]
21
[[19], [16, 19]]
13
[[19], [16], [15]]
16
[[19], [16], [4]]
12
[[19], [16], [10]]
10
[[19], [16], [18]]
22
[[19], [16, 18]]
13
[[19], [16], [13]]
10
[[19], [16], [14]]
13
[[19], [16], [16]]
17
[[19], [16], [11]]
12
[[19], [16], [6]]
12
[[19], [16], [9]]
14
[[19], [16], [8]]
18
[[19], [16], [3]]
11
[[19], [11], [19]]
12
[[19], [11], [18]]
13
[[19], [11], [16]]
13
[[19], [11], [9]]
10
[[19], [11], [8]]
10
[[19], [7], [19]]
10
[[19], [7], [18]]
10
[[19], [2], [19]]
11
[[19], [2], [18]]
13
[[19], [2], [16]]
11
[[19], [6], [19]]
13
[[19], [6], [18]]
14
[[19], [6], [16]]
13
[[19], [9], [17]]
11
[[19], [9], [19]]
15
[[19], [9], [18]]
12
[[19], [9], [16]]
11
[[19], [8], [17]]
13
[[19], [8], [19]]
17
[[19], [8], [15]]
12
[[19], [8], [18]]
16
[[19], [8], [14]]
10
[[19], [8], [16]]
14
[[19], [0], [17]]
11
[[19], [0], [19]]
12
[[19], [0], [18]]
11
[[19], [3], [19]]
13
[[19], [3], [18]]
12
[[19], [3], [16]]
11
[[15], [19], [19]]
11
[[15], [19], [15]]
10
[[15], [19], [18]]
11
[[15], [19], [14]]
10
[[15, 19], [18]]
11
[[15], [15], [18]]
10
[[15], [18], [19]]
11
[[15], [18, 19]]
11
[[15], [18], [15]]
11
[[15], [18], [18]]
14
[[15], [18], [16]]
10
[[15], [16], [19]]
11
[[15], [16], [15]]
10
[[15], [16], [18]]
10
[[15], [9], [19]]
10
[[4], [19], [17]]
12
[[4], [19], [19]]
13
[[4], [19], [15]]
12
[[4], [19], [5]]
10
[[4], [19], [18]]
15
[[4], [19], [16]]
11
[[4], [19], [8]]
10
[[4], [18], [17]]
11
[[4], [18], [19]]
13
[[4], [18, 19]]
14
[[4], [18], [15]]
12
[[4], [18], [18]]
14
[[4], [18], [16]]
10
[[4], [16], [19]]
12
[[4], [16], [15]]
11
[[4], [16], [18]]
12
[[4], [8], [19]]
10
[[4], [8], [18]]
10
[[10], [17], [19]]
13
[[10], [17], [15]]
10
[[10], [17], [18]]
11
[[10], [17], [16]]
10
[[10], [19], [17]]
10
[[10], [19], [19]]
13
[[10], [19], [15]]
11
[[10], [19], [18]]
13
[[10], [19], [16]]
13
[[10], [19], [3]]
10
[[10], [5], [19]]
11
[[10], [5], [18]]
10
[[10], [5], [16]]
11
[[10], [18], [19]]
12
[[10], [18, 19]]
12
[[10], [18], [15]]
11
[[10], [18], [18]]
11
[[10], [18], [16]]
11
[[10], [18], [9]]
10
[[10], [16], [17]]
10
[[10], [16], [19]]
16
[[10], [16], [15]]
11
[[10], [16], [18]]
14
[[10], [16], [16]]
12
[[10], [16], [9]]
10
[[10], [16], [8]]
11
[[10], [16], [3]]
10
[[10], [7], [19]]
10
[[5], [17], [19]]
13
[[5], [17], [15]]
11
[[5], [17], [18]]
15
[[5], [17], [16]]
12
[[5], [17], [11]]
10
[[5], [17], [9]]
11
[[5], [19], [17]]
12
[[5], [19], [19]]
17
[[5], [19], [15]]
13
[[5], [19], [4]]
10
[[5], [19], [18]]
18
[[5], [19], [14]]
10
[[5], [19], [16]]
15
[[5], [19], [11]]
11
[[5], [19], [9]]
12
[[5], [19], [8]]
11
[[5], [19], [3]]
11
[[5], [15], [19]]
10
[[5], [15], [18]]
11
[[5], [15], [16]]
10
[[5], [15], [9]]
11
[[5], [4], [19]]
10
[[5], [10], [19]]
10
[[5], [10], [15]]
10
[[5], [10], [18]]
11
[[5], [10], [16]]
10
[[5], [5], [19]]
10
[[5], [5], [16]]
10
[[5], [18], [17]]
11
[[5], [18], [19]]
14
[[5], [18, 19]]
17
[[5], [18], [15]]
13
[[5], [18], [18]]
15
[[5], [18], [16]]
15
[[5], [18], [11]]
11
[[5], [18], [9]]
14
[[5], [18], [8]]
11
[[5], [16], [17]]
10
[[5], [16], [19]]
15
[[5], [16], [15]]
10
[[5], [16], [18]]
13
[[5], [16], [16]]
11
[[5], [16], [11]]
10
[[5], [16], [9]]
10
[[5], [16], [8]]
11
[[5], [16], [3]]
10
[[5], [9], [19]]
11
[[5], [3], [19]]
10
[[18], [12], [19]]
11
[[18], [12], [18]]
11
[[18], [17], [17]]
10
[[18], [17], [19]]
12
[[18], [17], [15]]
10
[[18], [17], [18]]
13
[[18], [17], [16]]
12
[[18], [19], [17]]
15
[[18], [19], [19]]
19
[[18], [19], [15]]
14
[[18], [19], [4]]
10
[[18], [19], [5]]
12
[[18], [19], [18]]
21
[[18], [19], [13]]
13
[[18], [19], [14]]
14
[[18], [19], [16]]
19
[[18], [19], [11]]
14
[[18], [19], [6]]
12
[[18], [19], [9]]
14
[[18], [19], [8]]
14
[[18], [19], [0]]
10
[[18], [19], [3]]
12
[[18, 19], [12]]
12
[[18, 19], [17]]
15
[[18, 19], [19]]
17
[[18, 19], [15]]
15
[[18, 19], [4]]
11
[[18, 19], [5]]
10
[[18, 19], [18]]
22
[[18, 19], [13]]
11
[[18, 19], [14]]
13
[[18, 19], [16]]
19
[[18, 19], [11]]
13
[[18, 19], [6]]
14
[[18, 19], [9]]
13
[[18, 19], [8]]
14
[[18, 19], [0]]
10
[[18, 19], [3]]
10
[[18], [15], [19]]
14
[[18], [15, 19]]
11
[[18], [15], [15]]
10
[[18], [15], [18]]
14
[[18], [15], [16]]
12
[[18], [15], [9]]
12
[[18], [15], [8]]
10
[[18], [4], [18]]
12
[[18], [10], [19]]
12
[[18], [10], [15]]
10
[[18], [10], [18]]
11
[[18], [10], [16]]
12
[[18], [5], [17]]
10
[[18], [5], [19]]
13
[[18], [5], [15]]
11
[[18], [5], [18]]
11
[[18], [5], [16]]
12
[[18], [18], [12]]
10
[[18], [18], [17]]
15
[[18], [18], [19]]
22
[[18], [18, 19]]
22
[[18], [18], [15]]
15
[[18], [18], [4]]
10
[[18], [18], [5]]
10
[[18], [18], [18]]
21
[[18], [18], [13]]
11
[[18], [18], [14]]
16
[[18], [18], [16]]
19
[[18], [18], [11]]
12
[[18], [18], [6]]
11
[[18], [18], [9]]
14
[[18], [18], [8]]
14
[[18], [18], [3]]
10
[[18], [13], [17]]
11
[[18], [13], [19]]
12
[[18], [13], [18]]
13
[[18], [13], [16]]
13
[[18], [14], [17]]
11
[[18], [14], [19]]
12
[[18], [14], [15]]
10
[[18], [14], [18]]
12
[[18], [14], [16]]
13
[[18], [14], [3]]
10
[[18], [16], [12]]
12
[[18], [16], [17]]
11
[[18], [16], [19]]
18
[[18], [16, 19]]
14
[[18], [16], [15]]
13
[[18], [16], [10]]
10
[[18], [16], [18]]
18
[[18], [16, 18]]
12
[[18], [16], [14]]
12
[[18], [16], [16]]
13
[[18], [16], [6]]
10
[[18], [16], [9]]
12
[[18], [16], [8]]
15
[[18], [16], [3]]
11
[[18], [11], [19]]
10
[[18], [11], [18]]
11
[[18], [11], [16]]
11
[[18], [2], [18]]
11
[[18], [6], [19]]
12
[[18], [6], [18]]
12
[[18], [6], [16]]
10
[[18], [9], [17]]
11
[[18], [9], [19]]
15
[[18], [9], [18]]
11
[[18], [9], [16]]
11
[[18], [8], [19]]
13
[[18], [8], [15]]
10
[[18], [8], [18]]
12
[[18], [8], [16]]
11
[[18], [3], [19]]
11
[[18], [3], [18]]
10
[[18], [3], [16]]
10
[[13], [19], [17]]
10
[[13], [19], [19]]
11
[[13], [19], [18]]
14
[[13], [19], [16]]
11
[[13], [18], [17]]
10
[[13], [18], [19]]
10
[[13], [18, 19]]
12
[[13], [18], [18]]
10
[[13], [18], [16]]
11
[[14], [17], [18]]
10
[[14], [19], [19]]
12
[[14], [19], [15]]
12
[[14], [19], [18]]
14
[[14], [19], [16]]
13
[[14], [19], [3]]
10
[[14], [18], [17]]
12
[[14], [18], [19]]
13
[[14], [18, 19]]
13
[[14], [18], [15]]
12
[[14], [18], [18]]
13
[[14], [18], [16]]
15
[[16], [12], [19]]
11
[[16], [12], [18]]
11
[[16], [17], [17]]
10
[[16], [17], [19]]
11
[[16], [17], [15]]
10
[[16], [17], [18]]
15
[[16], [17], [16]]
11
[[16], [19], [17]]
16
[[16], [19], [19]]
19
[[16], [19], [15]]
14
[[16], [19], [4]]
12
[[16], [19], [18]]
22
[[16], [19], [13]]
11
[[16], [19], [14]]
13
[[16], [19], [16]]
17
[[16], [19], [11]]
12
[[16], [19], [9]]
12
[[16], [19], [8]]
12
[[16], [19], [0]]
12
[[16], [19], [3]]
13
[[16, 19], [12]]
10
[[16, 19], [17]]
12
[[16, 19], [19]]
17
[[16, 19], [15]]
13
[[16, 19], [4]]
11
[[16, 19], [18]]
18
[[16, 19], [14]]
10
[[16, 19], [16]]
15
[[16, 19], [6]]
11
[[16, 19], [9]]
12
[[16, 19], [8]]
12
[[16, 19], [3]]
10
[[16], [15], [19]]
12
[[16], [15, 19]]
10
[[16], [15], [15]]
12
[[16], [15], [18]]
14
[[16], [15], [16]]
10
[[16], [15], [9]]
10
[[16], [4], [17]]
10
[[16], [4], [19]]
12
[[16], [4], [18]]
13
[[16], [10], [19]]
12
[[16], [10], [15]]
12
[[16], [10], [18]]
13
[[16], [10], [16]]
12
[[16], [10], [9]]
11
[[16], [18], [17]]
15
[[16], [18], [19]]
16
[[16], [18, 19]]
19
[[16], [18], [15]]
12
[[16], [18], [18]]
18
[[16], [18], [14]]
12
[[16], [18], [16]]
14
[[16], [18], [11]]
10
[[16], [18], [9]]
10
[[16], [18], [8]]
10
[[16], [18], [0]]
10
[[16], [18], [3]]
11
[[16, 18], [19]]
10
[[16, 18, 19]]
10
[[16, 18], [18]]
12
[[16], [13], [19]]
10
[[16], [13], [18]]
11
[[16], [14], [17]]
11
[[16], [14], [19]]
13
[[16], [14], [18]]
12
[[16], [16], [12]]
10
[[16], [16], [19]]
15
[[16], [16], [15]]
13
[[16], [16], [4]]
10
[[16], [16], [18]]
18
[[16], [16, 18]]
10
[[16], [16], [14]]
10
[[16], [16], [16]]
13
[[16], [16], [9]]
11
[[16], [16], [8]]
11
[[16], [11], [19]]
10
[[16], [11], [18]]
12
[[16], [11], [16]]
10
[[16], [11], [9]]
10
[[16], [2], [18]]
11
[[16], [6], [19]]
11
[[16], [6], [18]]
12
[[16], [9], [19]]
12
[[16], [8], [17]]
10
[[16], [8], [19]]
14
[[16], [8], [15]]
10
[[16], [8], [18]]
15
[[16], [8], [16]]
11
[[16], [0], [17]]
10
[[16], [0], [19]]
11
[[16], [0], [18]]
10
[[11], [17], [18]]
11
[[11], [19], [17]]
11
[[11], [19], [19]]
13
[[11], [19], [15]]
10
[[11], [19], [18]]
15
[[11], [19], [14]]
10
[[11], [19], [16]]
11
[[11], [19], [8]]
10
[[11], [18], [19]]
11
[[11], [18, 19]]
12
[[11], [18], [18]]
13
[[11], [18], [14]]
10
[[11], [16], [19]]
10
[[11], [16], [18]]
10
[[7], [17], [19]]
10
[[7], [17], [18]]
11
[[7], [19], [17]]
11
[[7], [19], [19]]
12
[[7], [19], [18]]
14
[[7], [19], [16]]
11
[[7], [19], [9]]
10
[[7], [18], [17]]
12
[[7], [18], [19]]
10
[[7], [18, 19]]
12
[[7], [18], [18]]
13
[[7], [18], [16]]
11
[[7], [16], [19]]
10
[[7], [16], [18]]
10
[[2], [19], [19]]
10
[[2], [19], [18]]
12
[[2], [19], [16]]
10
[[2], [18], [19]]
10
[[2], [18, 19]]
12
[[2], [18], [18]]
11
[[2], [18], [16]]
11
[[6], [17], [18]]
10
[[6], [19], [19]]
12
[[6], [19], [15]]
11
[[6], [19], [18]]
14
[[6], [19], [16]]
13
[[6], [19], [3]]
12
[[6], [15], [18]]
10
[[6], [18], [17]]
10
[[6], [18], [19]]
14
[[6], [18, 19]]
14
[[6], [18], [15]]
11
[[6], [18], [18]]
14
[[6], [18], [16]]
12
[[6], [18], [9]]
10
[[6], [18], [3]]
10
[[6], [16], [19]]
11
[[6], [16], [18]]
11
[[6], [16], [16]]
10
[[9], [17], [19]]
10
[[9], [17], [18]]
10
[[9], [19], [17]]
11
[[9], [19], [19]]
14
[[9], [19], [15]]
10
[[9], [19], [18]]
16
[[9], [19], [16]]
11
[[9], [19], [3]]
11
[[9], [18, 19]]
13
[[9], [18], [18]]
11
[[9], [14], [19]]
10
[[9], [14], [18]]
10
[[9], [16], [19]]
10
[[9], [16], [18]]
10
[[8], [19], [17]]
12
[[8], [19], [19]]
12
[[8], [19], [15]]
10
[[8], [19], [18]]
16
[[8], [19], [14]]
10
[[8], [19], [16]]
14
[[8], [19], [9]]
10
[[8], [18], [17]]
10
[[8], [18], [19]]
12
[[8], [18, 19]]
14
[[8], [18], [18]]
13
[[8], [18], [14]]
11
[[8], [18], [16]]
12
[[8], [18], [9]]
10
[[8], [16], [19]]
11
[[8], [16], [18]]
11
[[0], [19], [18]]
12
[[0], [18], [18]]
11
[[3], [19], [18]]
11
[[3], [18, 19]]
12
[[3], [18], [18]]
12
[[12], [19], [19], [18]]
10
[[12], [19], [19], [16]]
10
[[12], [19], [18, 19]]
11
[[12], [18, 19], [18]]
11
[[12], [18], [18], [19]]
10
[[12], [18], [18, 19]]
10
[[12], [18], [18], [18]]
10
[[12], [18], [14], [16]]
10
[[17], [19], [19], [19]]
12
[[17], [19], [19], [15]]
10
[[17], [19], [19], [18]]
14
[[17], [19], [19], [16]]
11
[[17], [19], [19], [9]]
10
[[17], [19], [18], [19]]
12
[[17], [19], [18, 19]]
15
[[17], [19], [18], [15]]
11
[[17], [19], [18], [18]]
13
[[17], [19], [18], [16]]
12
[[17], [19], [18], [11]]
11
[[17], [19], [18], [9]]
12
[[17], [19], [18], [3]]
10
[[17], [19], [16], [19]]
12
[[17], [19], [16], [18]]
12
[[17], [19], [16], [16]]
10
[[17], [19], [16], [8]]
10
[[17], [19], [16], [3]]
10
[[17], [19], [3], [19]]
10
[[17], [15], [18], [18]]
11
[[17], [15], [16], [19]]
10
[[17], [10], [16], [19]]
10
[[17], [5], [17], [18]]
10
[[17], [5], [19], [19]]
11
[[17], [5], [19], [18]]
11
[[17], [5], [19], [16]]
10
[[17], [5], [18], [19]]
10
[[17], [5], [18, 19]]
11
[[17], [5], [18], [18]]
11
[[17], [5], [18], [16]]
10
[[17], [5], [16], [19]]
11
[[17], [18], [19], [19]]
12
[[17], [18], [19], [18]]
13
[[17], [18], [19], [16]]
10
[[17], [18], [19], [3]]
10
[[17], [18, 19], [19]]
10
[[17], [18, 19], [18]]
15
[[17], [18, 19], [16]]
12
[[17], [18, 19], [6]]
10
[[17], [18, 19], [8]]
10
[[17], [18], [18], [19]]
13
[[17], [18], [18, 19]]
12
[[17], [18], [18], [18]]
14
[[17], [18], [18], [14]]
11
[[17], [18], [18], [16]]
10
[[17], [18], [16], [19]]
13
[[17], [18], [16], [18]]
11
[[17], [18], [16], [8]]
10
[[17], [18], [9], [19]]
10
[[17], [16], [19], [18]]
11
[[17], [16, 19], [18]]
10
[[17], [16], [18, 19]]
10
[[19], [12], [19], [19]]
10
[[19], [12], [19], [18]]
11
[[19], [12], [18, 19]]
10
[[19], [12], [18], [18]]
11
[[19], [17], [19], [18]]
11
[[19], [17], [18], [18]]
11
[[19], [17], [18], [16]]
10
[[19], [19], [17], [19]]
10
[[19], [19], [17], [18]]
13
[[19], [19], [17], [16]]
11
[[19], [19], [19], [17]]
14
[[19], [19], [19], [19]]
18
[[19], [19], [19], [15]]
12
[[19], [19], [19], [4]]
11
[[19], [19], [19], [18]]
19
[[19], [19], [19], [14]]
13
[[19], [19], [19], [16]]
15
[[19], [19], [19], [8]]
11
[[19], [19], [19], [3]]
10
[[19], [19], [15], [19]]
10
[[19], [19], [15, 19]]
10
[[19], [19], [15], [18]]
10
[[19], [19], [4], [19]]
10
[[19], [19], [4], [18]]
11
[[19], [19], [18], [17]]
12
[[19], [19], [18], [19]]
14
[[19], [19], [18, 19]]
17
[[19], [19], [18], [15]]
13
[[19], [19], [18], [18]]
16
[[19], [19], [18], [14]]
12
[[19], [19], [18], [16]]
13
[[19], [19], [18], [11]]
10
[[19], [19], [18], [9]]
11
[[19], [19], [18], [8]]
13
[[19], [19], [13], [19]]
10
[[19], [19], [13], [18]]
10
[[19], [19], [14], [19]]
11
[[19], [19], [14], [18]]
11
[[19], [19], [16], [19]]
13
[[19], [19], [16], [15]]
11
[[19], [19], [16], [18]]
14
[[19], [19], [16], [16]]
10
[[19], [19], [16], [8]]
11
[[19], [19], [11], [19]]
10
[[19], [19], [11], [18]]
11
[[19], [19], [11], [16]]
12
[[19], [19], [9], [19]]
10
[[19], [15], [19], [18]]
10
[[19], [15], [18], [18]]
12
[[19], [4], [19], [15]]
10
[[19], [4], [19], [18]]
12
[[19], [4], [18], [19]]
10
[[19], [4], [18, 19]]
11
[[19], [4], [18], [15]]
10
[[19], [4], [18], [18]]
11
[[19], [10], [19], [18]]
10
[[19], [10], [16], [19]]
10
[[19], [5], [19], [19]]
12
[[19], [5], [19], [18]]
13
[[19], [5], [19], [16]]
10
[[19], [5], [18, 19]]
10
[[19], [5], [18], [18]]
10
[[19], [5], [18], [16]]
10
[[19], [5], [18], [9]]
10
[[19], [18], [17], [18]]
11
[[19], [18], [17], [16]]
10
[[19], [18], [19], [17]]
11
[[19], [18], [19], [19]]
13
[[19], [18], [19], [18]]
15
[[19], [18], [19], [14]]
11
[[19], [18], [19], [16]]
11
[[19], [18, 19], [17]]
14
[[19], [18, 19], [19]]
15
[[19], [18, 19], [15]]
14
[[19], [18, 19], [4]]
10
[[19], [18, 19], [18]]
20
[[19], [18, 19], [14]]
13
[[19], [18, 19], [16]]
14
[[19], [18, 19], [11]]
10
[[19], [18, 19], [6]]
11
[[19], [18, 19], [9]]
11
[[19], [18, 19], [8]]
11
[[19], [18], [15], [19]]
10
[[19], [18], [18], [17]]
11
[[19], [18], [18], [19]]
14
[[19], [18], [18, 19]]
15
[[19], [18], [18], [15]]
11
[[19], [18], [18], [18]]
17
[[19], [18], [18], [14]]
12
[[19], [18], [18], [16]]
12
[[19], [18], [18], [9]]
10
[[19], [18], [16], [18]]
10
[[19], [18], [9], [19]]
10
[[19], [16], [17], [18]]
10
[[19], [16], [19], [17]]
11
[[19], [16], [19], [19]]
16
[[19], [16], [19], [15]]
12
[[19], [16], [19], [18]]
18
[[19], [16], [19], [16]]
10
[[19], [16, 19], [19]]
11
[[19], [16, 19], [18]]
12
[[19], [16], [18], [17]]
10
[[19], [16], [18], [19]]
13
[[19], [16], [18, 19]]
16
[[19], [16], [18], [15]]
11
[[19], [16], [18], [18]]
15
[[19], [16], [18], [8]]
10
[[19], [16, 18], [18]]
10
[[19], [16], [11], [18]]
10
[[19], [16], [6], [18]]
11
[[19], [16], [8], [19]]
12
[[19], [16], [8], [18]]
12
[[19], [11], [19], [19]]
10
[[19], [11], [19], [18]]
11
[[19], [11], [18, 19]]
10
[[19], [11], [18], [18]]
10
[[19], [2], [19], [18]]
10
[[19], [6], [18, 19]]
10
[[19], [6], [18], [18]]
10
[[19], [9], [19], [19]]
11
[[19], [9], [19], [18]]
12
[[19], [9], [18, 19]]
11
[[19], [8], [19], [19]]
10
[[19], [8], [19], [18]]
13
[[19], [8], [18], [19]]
10
[[19], [8], [18, 19]]
12
[[19], [8], [18], [18]]
11
[[19], [3], [19], [18]]
10
[[19], [3], [18, 19]]
10
[[19], [3], [18], [18]]
10
[[4], [19], [19], [15]]
10
[[4], [19], [19], [18]]
10
[[4], [19], [18, 19]]
11
[[4], [19], [18], [15]]
10
[[4], [18], [19], [18]]
10
[[4], [18, 19], [18]]
12
[[4], [18], [18, 19]]
12
[[4], [18], [18], [18]]
11
[[4], [16], [19], [18]]
11
[[4], [16], [18, 19]]
10
[[10], [17], [19], [18]]
10
[[10], [19], [19], [19]]
10
[[10], [19], [19], [18]]
11
[[10], [19], [18, 19]]
12
[[10], [18, 19], [18]]
10
[[10], [16], [19], [19]]
10
[[10], [16], [19], [18]]
12
[[10], [16], [18, 19]]
12
[[10], [16], [18], [18]]
10
[[5], [17], [19], [18]]
10
[[5], [17], [18], [18]]
11
[[5], [17], [18], [16]]
10
[[5], [17], [18], [9]]
10
[[5], [19], [17], [18]]
10
[[5], [19], [19], [17]]
11
[[5], [19], [19], [19]]
13
[[5], [19], [19], [15]]
12
[[5], [19], [19], [18]]
15
[[5], [19], [19], [16]]
12
[[5], [19], [19], [9]]
11
[[5], [19], [19], [8]]
10
[[5], [19], [15], [18]]
10
[[5], [19], [18], [17]]
10
[[5], [19], [18], [19]]
12
[[5], [19], [18, 19]]
16
[[5], [19], [18], [15]]
11
[[5], [19], [18], [18]]
14
[[5], [19], [18], [16]]
11
[[5], [19], [18], [11]]
10
[[5], [19], [18], [9]]
11
[[5], [19], [16], [19]]
12
[[5], [19], [16], [15]]
10
[[5], [19], [16], [18]]
11
[[5], [19], [16], [11]]
10
[[5], [18], [19], [19]]
10
[[5], [18], [19], [18]]
11
[[5], [18, 19], [19]]
10
[[5], [18, 19], [15]]
10
[[5], [18, 19], [18]]
14
[[5], [18, 19], [16]]
10
[[5], [18, 19], [9]]
10
[[5], [18], [18], [19]]
11
[[5], [18], [18, 19]]
10
[[5], [18], [18], [18]]
14
[[5], [18], [18], [16]]
10
[[5], [18], [16], [19]]
10
[[5], [16], [19], [19]]
10
[[5], [16], [19], [18]]
12
[[5], [16], [18, 19]]
11
[[18], [19], [19], [17]]
11
[[18], [19], [19], [19]]
16
[[18], [19], [19], [15]]
11
[[18], [19], [19], [18]]
16
[[18], [19], [19], [14]]
10
[[18], [19], [19], [16]]
13
[[18], [19], [19], [8]]
10
[[18], [19], [19], [3]]
10
[[18], [19], [15], [19]]
10
[[18], [19], [18], [17]]
10
[[18], [19], [18], [19]]
14
[[18], [19], [18, 19]]
16
[[18], [19], [18], [15]]
11
[[18], [19], [18], [18]]
12
[[18], [19], [18], [16]]
11
[[18], [19], [18], [9]]
10
[[18], [19], [18], [8]]
11
[[18], [19], [16], [19]]
13
[[18], [19], [16], [15]]
10
[[18], [19], [16], [18]]
13
[[18], [19], [16], [8]]
11
[[18], [19], [11], [16]]
10
[[18], [19], [9], [19]]
11
[[18], [19], [8], [19]]
11
[[18], [19], [8], [18]]
10
[[18, 19], [19], [19]]
15
[[18, 19], [19], [15]]
10
[[18, 19], [19], [18]]
15
[[18, 19], [19], [14]]
10
[[18, 19], [19], [16]]
14
[[18, 19], [15], [19]]
11
[[18, 19], [15], [18]]
12
[[18, 19], [18], [19]]
14
[[18, 19], [18, 19]]
14
[[18, 19], [18], [15]]
12
[[18, 19], [18], [18]]
15
[[18, 19], [18], [16]]
11
[[18, 19], [18], [9]]
10
[[18, 19], [18], [8]]
11
[[18, 19], [16], [19]]
12
[[18, 19], [16], [18]]
13
[[18, 19], [16], [16]]
10
[[18, 19], [16], [8]]
10
[[18, 19], [11], [16]]
11
[[18, 19], [6], [18]]
10
[[18, 19], [8], [19]]
10
[[18, 19], [8], [18]]
10
[[18], [15], [19], [19]]
10
[[18], [15], [19], [18]]
11
[[18], [15], [18, 19]]
10
[[18], [15], [18], [18]]
12
[[18], [10], [19], [19]]
10
[[18], [10], [19], [18]]
10
[[18], [10], [18, 19]]
10
[[18], [10], [16], [19]]
11
[[18], [5], [19], [19]]
10
[[18], [5], [19], [18]]
10
[[18], [18], [19], [17]]
11
[[18], [18], [19], [19]]
14
[[18], [18], [19], [18]]
15
[[18], [18], [19], [16]]
13
[[18], [18], [19], [8]]
10
[[18], [18], [19], [3]]
10
[[18], [18, 19], [17]]
12
[[18], [18, 19], [19]]
15
[[18], [18, 19], [15]]
12
[[18], [18, 19], [18]]
18
[[18], [18, 19], [14]]
12
[[18], [18, 19], [16]]
13
[[18], [18, 19], [6]]
11
[[18], [18, 19], [9]]
10
[[18], [18, 19], [8]]
12
[[18], [18], [15], [19]]
10
[[18], [18], [15], [16]]
10
[[18], [18], [18], [17]]
10
[[18], [18], [18], [19]]
12
[[18], [18], [18, 19]]
14
[[18], [18], [18], [15]]
10
[[18], [18], [18], [18]]
14
[[18], [18], [18], [16]]
10
[[18], [18], [18], [8]]
10
[[18], [18], [14], [19]]
11
[[18], [18], [14], [18]]
10
[[18], [18], [16], [19]]
11
[[18], [18], [9], [19]]
10
[[18], [16], [19], [19]]
15
[[18], [16], [19], [15]]
10
[[18], [16], [19], [18]]
16
[[18], [16], [19], [16]]
10
[[18], [16, 19], [19]]
12
[[18], [16, 19], [15]]
10
[[18], [16, 19], [18]]
13
[[18], [16], [18], [19]]
10
[[18], [16], [18, 19]]
15
[[18], [16], [18], [18]]
11
[[18], [16, 18, 19]]
10
[[18], [16, 18], [18]]
10
[[18], [16], [8], [19]]
10
[[18], [16], [8], [18]]
10
[[18], [9], [19], [19]]
11
[[18], [9], [19], [18]]
11
[[18], [9], [18, 19]]
10
[[18], [8], [19], [18]]
11
[[18], [8], [18, 19]]
11
[[13], [19], [18, 19]]
11
[[14], [19], [19], [16]]
10
[[14], [19], [18, 19]]
12
[[14], [19], [18], [16]]
11
[[14], [18, 19], [18]]
10
[[14], [18, 19], [16]]
10
[[16], [19], [17], [18]]
10
[[16], [19], [19], [17]]
12
[[16], [19], [19], [19]]
13
[[16], [19], [19], [15]]
11
[[16], [19], [19], [18]]
13
[[16], [19], [19], [14]]
10
[[16], [19], [19], [16]]
12
[[16], [19], [4], [19]]
10
[[16], [19], [4], [18]]
10
[[16], [19], [18], [17]]
10
[[16], [19], [18], [19]]
11
[[16], [19], [18, 19]]
17
[[16], [19], [18], [15]]
11
[[16], [19], [18], [18]]
14
[[16], [19], [18], [14]]
10
[[16], [19], [18], [16]]
10
[[16], [19], [18], [8]]
10
[[16], [19], [16], [18]]
10
[[16, 19], [19], [19]]
12
[[16, 19], [19], [18]]
16
[[16, 19], [15], [19]]
11
[[16, 19], [15], [15]]
10
[[16, 19], [15], [18]]
12
[[16, 19], [4], [18]]
10
[[16, 19], [18], [19]]
11
[[16, 19], [18, 19]]
15
[[16, 19], [18], [15]]
10
[[16, 19], [18], [18]]
14
[[16, 19], [16], [19]]
12
[[16, 19], [16], [18]]
15
[[16, 19], [16], [16]]
10
[[16, 19], [6], [18]]
11
[[16, 19], [9], [19]]
10
[[16, 19], [8], [19]]
10
[[16, 19], [8], [18]]
10
[[16], [15], [18], [18]]
11
[[16], [10], [19], [15]]
10
[[16], [10], [19], [18]]
11
[[16], [10], [18, 19]]
10
[[16], [10], [16], [19]]
10
[[16], [18], [19], [18]]
10
[[16], [18, 19], [17]]
11
[[16], [18, 19], [19]]
10
[[16], [18, 19], [15]]
10
[[16], [18, 19], [18]]
15
[[16], [18, 19], [16]]
10
[[16], [18], [18], [19]]
11
[[16], [18], [18, 19]]
11
[[16], [18], [18], [18]]
13
[[16], [18], [18], [14]]
10
[[16, 18], [19], [18]]
10
[[16, 18, 19], [18]]
10
[[16], [16], [19], [19]]
10
[[16], [16], [19], [18]]
13
[[16], [16], [18], [19]]
11
[[16], [16], [18, 19]]
13
[[16], [16], [18], [15]]
12
[[16], [16], [18], [18]]
13
[[16], [11], [19], [18]]
10
[[16], [8], [19], [18]]
10
[[11], [19], [19], [18]]
10
[[11], [19], [18, 19]]
11
[[11], [19], [18], [18]]
11
[[11], [18, 19], [18]]
11
[[7], [19], [18, 19]]
11
[[7], [19], [18], [16]]
10
[[7], [18, 19], [18]]
10
[[6], [19], [18, 19]]
12
[[6], [18, 19], [18]]
11
[[6], [18], [18, 19]]
10
[[9], [19], [19], [18]]
11
[[9], [19], [18, 19]]
12
[[9], [18, 19], [18]]
11
[[8], [19], [19], [19]]
10
[[8], [19], [19], [18]]
10
[[8], [19], [18, 19]]
11
[[8], [18, 19], [18]]
11
[[8], [16], [19], [18]]
11
[[3], [18, 19], [18]]
11
[[17], [19], [19], [18], [18]]
10
[[17], [19], [18, 19], [18]]
13
[[17], [19], [18], [18], [18]]
10
[[17], [19], [16], [19], [18]]
10
[[17], [5], [19], [18, 19]]
10
[[17], [5], [19], [18], [18]]
10
[[17], [5], [18, 19], [18]]
10
[[17], [5], [18], [18], [18]]
10
[[17], [18], [19], [19], [19]]
10
[[17], [18], [19], [19], [18]]
10
[[17], [18], [18], [19], [19]]
10
[[17], [18], [18], [19], [18]]
10
[[17], [18], [18, 19], [18]]
12
[[17], [18], [16], [19], [18]]
10
[[19], [19], [19], [19], [18]]
12
[[19], [19], [19], [18], [19]]
10
[[19], [19], [19], [18, 19]]
13
[[19], [19], [19], [18], [18]]
11
[[19], [19], [18], [19], [18]]
10
[[19], [19], [18, 19], [18]]
13
[[19], [19], [16], [19], [19]]
10
[[19], [19], [16], [19], [18]]
10
[[19], [19], [16], [18, 19]]
10
[[19], [4], [18, 19], [18]]
10
[[19], [18], [19], [19], [19]]
10
[[19], [18], [19], [18, 19]]
10
[[19], [18, 19], [19], [19]]
11
[[19], [18, 19], [19], [18]]
11
[[19], [18, 19], [18], [19]]
10
[[19], [18, 19], [18], [18]]
11
[[19], [18], [18], [19], [19]]
11
[[19], [18], [18], [19], [18]]
11
[[19], [18], [18, 19], [19]]
10
[[19], [18], [18, 19], [18]]
13
[[19], [18], [18], [18], [19]]
10
[[19], [18], [18], [18, 19]]
10
[[19], [18], [18], [18], [18]]
10
[[19], [16], [19], [18, 19]]
15
[[19], [16, 19], [19], [18]]
11
[[19], [16, 19], [18, 19]]
10
[[19], [16], [18, 19], [18]]
11
[[19], [16], [18], [18, 19]]
11
[[19], [16], [18], [18], [18]]
11
[[19], [9], [19], [18, 19]]
10
[[19], [3], [18, 19], [18]]
10
[[5], [19], [19], [19], [18]]
10
[[5], [19], [19], [18], [16]]
10
[[5], [19], [18, 19], [19]]
10
[[5], [19], [18, 19], [18]]
13
[[5], [18, 19], [18], [18]]
11
[[5], [18], [18, 19], [18]]
10
[[18], [19], [19], [19], [19]]
10
[[18], [19], [19], [19], [18]]
10
[[18], [19], [19], [19], [16]]
10
[[18], [19], [19], [18, 19]]
12
[[18], [19], [19], [18], [18]]
10
[[18], [19], [18, 19], [19]]
11
[[18], [19], [18, 19], [18]]
11
[[18], [19], [16], [19], [19]]
11
[[18], [19], [16], [19], [18]]
10
[[18], [19], [16], [18, 19]]
11
[[18, 19], [19], [19], [19]]
11
[[18, 19], [19], [18], [19]]
12
[[18, 19], [19], [18, 19]]
11
[[18, 19], [18, 19], [19]]
11
[[18, 19], [18, 19], [18]]
11
[[18], [18], [19], [19], [16]]
10
[[18], [18], [19], [18, 19]]
12
[[18], [18, 19], [19], [19]]
12
[[18], [18, 19], [19], [18]]
12
[[18], [18, 19], [19], [16]]
10
[[18], [18, 19], [18], [19]]
10
[[18], [18, 19], [18, 19]]
10
[[18], [18], [18], [19], [19]]
10
[[18], [18], [18, 19], [18]]
12
[[18], [18], [18], [18], [19]]
10
[[18], [16], [19], [18, 19]]
14
[[18], [16, 19], [19], [19]]
10
[[18], [16, 19], [19], [18]]
12
[[18], [16, 19], [18, 19]]
11
[[18], [16, 18, 19], [18]]
10
[[18], [9], [19], [18, 19]]
10
[[16], [19], [19], [19], [18]]
11
[[16], [19], [18, 19], [18]]
12
[[16, 19], [19], [18, 19]]
12
[[16, 19], [15], [18], [18]]
10
[[16, 19], [18, 19], [18]]
12
[[16, 19], [16], [19], [18]]
10
[[16, 19], [16], [18, 19]]
11
[[16], [18, 19], [18], [18]]
10
[[16], [16], [19], [18, 19]]
10
[[16], [16], [18], [18], [18]]
10
[[18], [19], [16], [19], [18, 19]]
10
[[18], [16, 19], [19], [18, 19]]
10
