[[12]]
127
[[17]]
146
[[19]]
169
[[15]]
133
[[4]]
97
[[10]]
114
[[5]]
119
[[18]]
162
[[13]]
111
[[14]]
126
[[16]]
156
[[11]]
124
[[7]]
118
[[2]]
91
[[6]]
106
[[9]]
109
[[8]]
122
[[0]]
103
[[1]]
103
[[3]]
104
[[12], [12]]
57
[[12], [17]]
69
[[12], [19]]
92
[[12], [15]]
64
[[12], [4]]
51
[[12], [10]]
57
[[12], [5]]
59
[[12], [18]]
84
[[12], [13]]
50
[[12], [14]]
61
[[12], [16]]
83
[[12], [11]]
63
[[12], [7]]
62
[[12], [6]]
49
[[12], [9]]
56
[[12], [8]]
59
[[12], [1]]
55
[[12], [3]]
48
[[17], [12]]
82
[[17], [17]]
103
[[17], [19]]
124
[[17, 19]]
84
[[17], [15]]
93
[[17], [4]]
64
[[17], [10]]
75
[[17], [5]]
79
[[17], [18]]
119
[[17, 18]]
57
[[17], [13]]
76
[[17], [14]]
88
[[17], [16]]
118
[[17], [11]]
85
[[17], [7]]
88
[[17], [2]]
65
[[17], [6]]
78
[[17], [9]]
72
[[17], [8]]
83
[[17], [0]]
59
[[17], [1]]
70
[[17], [3]]
75
[[19], [12]]
101
[[19], [17]]
128
[[19], [19]]
148
[[19], [15]]
111
[[19], [4]]
84
[[19], [10]]
96
[[19], [5]]
96
[[19], [18]]
143
[[19], [13]]
94
[[19], [14]]
107
[[19], [16]]
138
[[19], [11]]
98
[[19], [7]]
101
[[19], [2]]
79
[[19], [6]]
89
[[19], [9]]
94
[[19], [8]]
103
[[19], [0]]
88
[[19], [1]]
90
[[19], [3]]
92
[[15], [12]]
66
[[15], [17]]
78
[[15], [19]]
101
[[15, 19]]
55
[[15], [15]]
81
[[15], [4]]
53
[[15], [10]]
60
[[15], [5]]
61
[[15], [18]]
92
[[15], [13]]
60
[[15], [14]]
71
[[15], [16]]
90
[[15], [11]]
67
[[15], [7]]
77
[[15], [2]]
47
[[15], [6]]
58
[[15], [9]]
62
[[15], [8]]
68
[[15], [0]]
48
[[15], [1]]
57
[[15], [3]]
51
[[4], [12]]
48
[[4], [17]]
62
[[4], [19]]
76
[[4], [15]]
61
[[4], [4]]
47
[[4], [10]]
51
[[4], [18]]
71
[[4], [14]]
53
[[4], [16]]
67
[[4], [11]]
50
[[4], [7]]
49
[[4], [8]]
52
[[10], [12]]
60
[[10], [17]]
76
[[10], [19]]
86
[[10], [15]]
65
[[10], [10]]
54
[[10], [5]]
51
[[10], [18]]
84
[[10], [14]]
56
[[10], [16]]
74
[[10], [11]]
58
[[10], [7]]
65
[[10], [6]]
48
[[10], [9]]
49
[[10], [8]]
53
[[10], [0]]
48
[[10], [1]]
47
[[5], [12]]
60
[[5], [17]]
77
[[5], [19]]
88
[[5], [15]]
71
[[5], [4]]
52
[[5], [10]]
55
[[5], [5]]
51
[[5], [18]]
87
[[5], [13]]
51
[[5], [14]]
60
[[5], [16]]
80
[[5], [11]]
62
[[5], [7]]
60
[[5], [6]]
49
[[5], [9]]
60
[[5], [8]]
62
[[5], [1]]
50
[[5], [3]]
54
[[18], [12]]
90
[[18], [17]]
114
[[18], [19]]
136
[[18, 19]]
124
[[18], [15]]
103
[[18], [4]]
77
[[18], [10]]
87
[[18], [5]]
83
[[18], [18]]
135
[[18], [13]]
86
[[18], [14]]
95
[[18], [16]]
125
[[18], [11]]
91
[[18], [7]]
94
[[18], [2]]
69
[[18], [6]]
79
[[18], [9]]
83
[[18], [8]]
88
[[18], [0]]
76
[[18], [1]]
80
[[18], [3]]
75
[[13], [12]]
59
[[13], [17]]
64
[[13], [19]]
91
[[13], [15]]
69
[[13], [4]]
47
[[13], [10]]
54
[[13], [5]]
52
[[13], [18]]
85
[[13], [13]]
66
[[13], [14]]
62
[[13], [16]]
76
[[13], [11]]
62
[[13], [7]]
62
[[13], [6]]
48
[[13], [9]]
52
[[13], [8]]
63
[[13], [0]]
48
[[13], [1]]
52
[[13], [3]]
54
[[14], [12]]
58
[[14], [17]]
83
[[14], [19]]
103
[[14], [15]]
67
[[14], [4]]
53
[[14], [10]]
61
[[14], [5]]
57
[[14], [18]]
95
[[14], [13]]
65
[[14], [14]]
74
[[14], [16]]
92
[[14], [11]]
61
[[14], [7]]
68
[[14], [2]]
52
[[14], [6]]
60
[[14], [9]]
58
[[14], [8]]
64
[[14], [0]]
50
[[14], [1]]
58
[[14], [3]]
59
[[16], [12]]
80
[[16], [17]]
105
[[16, 17]]
51
[[16], [19]]
127
[[16, 19]]
87
[[16], [15]]
86
[[16], [4]]
63
[[16], [10]]
75
[[16], [5]]
72
[[16], [18]]
115
[[16, 18]]
62
[[16], [13]]
74
[[16], [14]]
92
[[16], [16]]
113
[[16], [11]]
81
[[16], [7]]
86
[[16], [2]]
62
[[16], [6]]
69
[[16], [9]]
75
[[16], [8]]
85
[[16], [0]]
63
[[16], [1]]
73
[[16], [3]]
76
[[11], [12]]
58
[[11], [17]]
74
[[11], [19]]
93
[[11], [15]]
70
[[11], [4]]
49
[[11], [10]]
58
[[11], [5]]
56
[[11], [18]]
91
[[11], [13]]
51
[[11], [14]]
62
[[11], [16]]
83
[[11], [11]]
60
[[11], [7]]
64
[[11], [2]]
48
[[11], [6]]
53
[[11], [9]]
54
[[11], [8]]
59
[[11], [1]]
53
[[11], [3]]
48
[[7], [12]]
56
[[7], [17]]
67
[[7], [19]]
89
[[7], [15]]
71
[[7], [4]]
52
[[7], [5]]
52
[[7], [18]]
82
[[7], [13]]
50
[[7], [14]]
63
[[7], [16]]
69
[[7], [11]]
60
[[7], [7]]
58
[[7], [9]]
49
[[7], [8]]
52
[[7], [1]]
53
[[2], [12]]
49
[[2], [17]]
62
[[2], [19]]
74
[[2], [15]]
59
[[2], [18]]
64
[[2], [14]]
48
[[2], [16]]
64
[[2], [11]]
51
[[2], [8]]
47
[[6], [12]]
58
[[6], [17]]
62
[[6], [19]]
87
[[6], [15]]
64
[[6], [10]]
47
[[6], [5]]
53
[[6], [18]]
79
[[6], [14]]
51
[[6], [16]]
74
[[6], [11]]
55
[[6], [7]]
54
[[6], [9]]
47
[[6], [8]]
55
[[6], [3]]
51
[[9], [12]]
57
[[9], [17]]
77
[[9], [19]]
90
[[9], [15]]
65
[[9], [4]]
52
[[9], [10]]
51
[[9], [5]]
47
[[9], [18]]
87
[[9], [13]]
52
[[9], [14]]
67
[[9], [16]]
79
[[9], [11]]
60
[[9], [7]]
56
[[9], [6]]
54
[[9], [9]]
55
[[9], [8]]
58
[[9], [0]]
47
[[9], [1]]
53
[[9], [3]]
55
[[8], [12]]
54
[[8], [17]]
76
[[8], [19]]
96
[[8], [15]]
70
[[8], [10]]
51
[[8], [5]]
58
[[8], [18]]
84
[[8], [13]]
47
[[8], [14]]
67
[[8], [16]]
86
[[8], [11]]
61
[[8], [7]]
61
[[8], [2]]
50
[[8], [6]]
50
[[8], [9]]
57
[[8], [8]]
55
[[8], [1]]
48
[[8], [3]]
50
[[0], [12]]
50
[[0], [17]]
66
[[0], [19]]
78
[[0], [15]]
61
[[0], [10]]
50
[[0], [18]]
76
[[0], [14]]
56
[[0], [16]]
70
[[0], [11]]
59
[[0], [7]]
61
[[0], [6]]
51
[[0], [8]]
47
[[0], [1]]
47
[[0], [3]]
51
[[1], [12]]
50
[[1], [17]]
62
[[1], [19]]
76
[[1], [15]]
56
[[1], [10]]
48
[[1], [5]]
47
[[1], [18]]
69
[[1], [14]]
52
[[1], [16]]
62
[[1], [11]]
55
[[1], [7]]
53
[[3], [12]]
54
[[3], [17]]
63
[[3], [19]]
82
[[3], [15]]
56
[[3], [18]]
70
[[3], [14]]
50
[[3], [16]]
71
[[3], [11]]
55
[[3], [7]]
50
[[3], [8]]
51
[[12], [17], [19]]
48
[[12], [19], [17]]
54
[[12], [19], [19]]
69
[[12], [19], [15]]
51
[[12], [19], [10]]
47
[[12], [19], [18]]
64
[[12], [19], [16]]
57
[[12], [18], [19]]
64
[[12], [18, 19]]
60
[[12], [18], [15]]
47
[[12], [18], [18]]
57
[[12], [18], [16]]
53
[[12], [16], [19]]
53
[[12], [16], [18]]
47
[[17], [12], [19]]
48
[[17], [17], [17]]
57
[[17], [17], [19]]
75
[[17], [17, 19]]
52
[[17], [17], [15]]
58
[[17], [17], [18]]
70
[[17], [17], [14]]
49
[[17], [17], [16]]
63
[[17], [17], [7]]
47
[[17], [19], [12]]
61
[[17], [19], [17]]
78
[[17], [19], [19]]
101
[[17], [19], [15]]
71
[[17], [19], [4]]
54
[[17], [19], [10]]
65
[[17], [19], [5]]
58
[[17], [19], [18]]
95
[[17], [19], [13]]
56
[[17], [19], [14]]
71
[[17], [19], [16]]
92
[[17], [19], [11]]
66
[[17], [19], [7]]
61
[[17], [19], [6]]
57
[[17], [19], [9]]
53
[[17], [19], [8]]
63
[[17], [19], [1]]
50
[[17], [19], [3]]
61
[[17, 19], [17]]
58
[[17, 19], [19]]
66
[[17, 19], [15]]
52
[[17, 19], [18]]
61
[[17, 19], [16]]
57
[[17], [15], [17]]
50
[[17], [15], [19]]
61
[[17], [15], [15]]
50
[[17], [15], [18]]
57
[[17], [15], [16]]
57
[[17], [15], [7]]
47
[[17], [10], [19]]
57
[[17], [10], [18]]
52
[[17], [5], [19]]
56
[[17], [5], [18]]
55
[[17], [5], [16]]
51
[[17], [18], [12]]
54
[[17], [18], [17]]
72
[[17], [18], [19]]
96
[[17], [18, 19]]
82
[[17], [18], [15]]
63
[[17], [18], [10]]
52
[[17], [18], [5]]
54
[[17], [18], [18]]
84
[[17], [18], [14]]
63
[[17], [18], [16]]
83
[[17], [18], [11]]
53
[[17], [18], [7]]
60
[[17], [18], [6]]
54
[[17], [18], [9]]
51
[[17], [18], [8]]
57
[[17], [18], [3]]
54
[[17], [13], [19]]
55
[[17], [13], [18]]
48
[[17], [14], [17]]
48
[[17], [14], [19]]
58
[[17], [14], [18]]
58
[[17], [14], [16]]
48
[[17], [16], [12]]
52
[[17], [16], [17]]
65
[[17], [16], [19]]
85
[[17], [16, 19]]
62
[[17], [16], [15]]
55
[[17], [16], [18]]
80
[[17], [16], [14]]
56
[[17], [16], [16]]
73
[[17], [16], [11]]
50
[[17], [16], [7]]
60
[[17], [16], [8]]
53
[[17], [16], [3]]
51
[[17], [11], [19]]
57
[[17], [11], [18]]
55
[[17], [11], [16]]
50
[[17], [7], [19]]
54
[[17], [7], [18]]
50
[[17], [2], [19]]
48
[[17], [6], [19]]
60
[[17], [6], [18]]
50
[[17], [6], [16]]
51
[[17], [9], [19]]
54
[[17], [9], [18]]
47
[[17], [9], [16]]
48
[[17], [8], [19]]
57
[[17], [8], [18]]
50
[[17], [8], [16]]
51
[[17], [3], [19]]
50
[[17], [3], [16]]
47
[[19], [12], [17]]
48
[[19], [12], [19]]
65
[[19], [12], [15]]
48
[[19], [12], [18]]
60
[[19], [12], [16]]
58
[[19], [12], [7]]
47
[[19], [17], [12]]
61
[[19], [17], [17]]
82
[[19], [17], [19]]
98
[[19], [17, 19]]
68
[[19], [17], [15]]
74
[[19], [17], [4]]
48
[[19], [17], [10]]
57
[[19], [17], [5]]
56
[[19], [17], [18]]
97
[[19], [17, 18]]
47
[[19], [17], [13]]
56
[[19], [17], [14]]
70
[[19], [17], [16]]
92
[[19], [17], [11]]
63
[[19], [17], [7]]
70
[[19], [17], [2]]
49
[[19], [17], [6]]
61
[[19], [17], [9]]
55
[[19], [17], [8]]
61
[[19], [17], [1]]
51
[[19], [17], [3]]
55
[[19], [19], [12]]
73
[[19], [19], [17]]
103
[[19], [19], [19]]
122
[[19], [19], [15]]
95
[[19], [19], [4]]
69
[[19], [19], [10]]
75
[[19], [19], [5]]
71
[[19], [19], [18]]
122
[[19], [19], [13]]
78
[[19], [19], [14]]
88
[[19], [19], [16]]
115
[[19], [19], [11]]
81
[[19], [19], [7]]
80
[[19], [19], [2]]
62
[[19], [19], [6]]
75
[[19], [19], [9]]
71
[[19], [19], [8]]
82
[[19], [19], [0]]
59
[[19], [19], [1]]
71
[[19], [19], [3]]
74
[[19], [15], [12]]
50
[[19], [15], [17]]
63
[[19], [15], [19]]
77
[[19], [15], [15]]
66
[[19], [15], [5]]
48
[[19], [15], [18]]
74
[[19], [15], [13]]
47
[[19], [15], [14]]
54
[[19], [15], [16]]
73
[[19], [15], [11]]
56
[[19], [15], [7]]
63
[[19], [15], [9]]
51
[[19], [15], [8]]
57
[[19], [4], [17]]
51
[[19], [4], [19]]
64
[[19], [4], [15]]
48
[[19], [4], [18]]
54
[[19], [4], [16]]
55
[[19], [10], [17]]
59
[[19], [10], [19]]
69
[[19], [10], [15]]
49
[[19], [10], [18]]
68
[[19], [10], [16]]
58
[[19], [10], [7]]
50
[[19], [5], [17]]
53
[[19], [5], [19]]
65
[[19], [5], [15]]
53
[[19], [5], [18]]
66
[[19], [5], [16]]
60
[[19], [18], [12]]
68
[[19], [18], [17]]
95
[[19], [18], [19]]
117
[[19], [18, 19]]
103
[[19], [18], [15]]
84
[[19], [18], [4]]
59
[[19], [18], [10]]
64
[[19], [18], [5]]
62
[[19], [18], [18]]
110
[[19], [18], [13]]
65
[[19], [18], [14]]
75
[[19], [18], [16]]
100
[[19], [18], [11]]
70
[[19], [18], [7]]
72
[[19], [18], [2]]
48
[[19], [18], [6]]
61
[[19], [18], [9]]
64
[[19], [18], [8]]
70
[[19], [18], [0]]
57
[[19], [18], [1]]
57
[[19], [18], [3]]
63
[[19], [13], [17]]
54
[[19], [13], [19]]
75
[[19], [13], [15]]
58
[[19], [13], [18]]
68
[[19], [13], [13]]
49
[[19], [13], [14]]
50
[[19], [13], [16]]
62
[[19], [13], [11]]
47
[[19], [13], [7]]
52
[[19], [14], [17]]
61
[[19], [14], [19]]
79
[[19], [14], [15]]
49
[[19], [14], [18]]
69
[[19], [14], [14]]
48
[[19], [14], [16]]
68
[[19], [14], [11]]
51
[[19], [14], [7]]
47
[[19], [16], [12]]
64
[[19], [16], [17]]
83
[[19], [16], [19]]
102
[[19], [16, 19]]
70
[[19], [16], [15]]
76
[[19], [16], [4]]
52
[[19], [16], [10]]
55
[[19], [16], [5]]
55
[[19], [16], [18]]
93
[[19], [16, 18]]
51
[[19], [16], [13]]
59
[[19], [16], [14]]
67
[[19], [16], [16]]
86
[[19], [16], [11]]
62
[[19], [16], [7]]
68
[[19], [16], [2]]
55
[[19], [16], [6]]
56
[[19], [16], [9]]
60
[[19], [16], [8]]
69
[[19], [16], [1]]
58
[[19], [16], [3]]
62
[[19], [11], [17]]
57
[[19], [11], [19]]
70
[[19], [11], [15]]
54
[[19], [11], [18]]
65
[[19], [11], [14]]
47
[[19], [11], [16]]
62
[[19], [11], [11]]
52
[[19], [11], [7]]
47
[[19], [7], [17]]
54
[[19], [7], [19]]
68
[[19], [7], [15]]
59
[[19], [7], [18]]
61
[[19], [7], [14]]
48
[[19], [7], [16]]
54
[[19], [2], [17]]
50
[[19], [2], [19]]
61
[[19], [2], [15]]
48
[[19], [2], [18]]
55
[[19], [2], [16]]
52
[[19], [6], [19]]
72
[[19], [6], [15]]
53
[[19], [6], [18]]
62
[[19], [6], [16]]
61
[[19], [9], [17]]
62
[[19], [9], [19]]
73
[[19], [9], [15]]
54
[[19], [9], [18]]
67
[[19], [9], [16]]
64
[[19], [8], [17]]
59
[[19], [8], [19]]
73
[[19], [8], [15]]
54
[[19], [8], [18]]
64
[[19], [8], [14]]
48
[[19], [8], [16]]
66
[[19], [8], [11]]
47
[[19], [0], [17]]
55
[[19], [0], [19]]
66
[[19], [0], [15]]
48
[[19], [0], [18]]
64
[[19], [0], [14]]
47
[[19], [0], [16]]
57
[[19], [0], [11]]
47
[[19], [0], [7]]
49
[[19], [1], [17]]
49
[[19], [1], [19]]
61
[[19], [1], [15]]
48
[[19], [1], [18]]
57
[[19], [1], [16]]
50
[[19], [1], [11]]
47
[[19], [3], [17]]
53
[[19], [3], [19]]
70
[[19], [3], [18]]
57
[[19], [3], [16]]
60
[[19], [3], [11]]
48
[[15], [17], [19]]
58
[[15], [17], [18]]
50
[[15], [19], [12]]
48
[[15], [19], [17]]
52
[[15], [19], [19]]
73
[[15], [19], [15]]
55
[[15], [19], [18]]
67
[[15], [19], [14]]
52
[[15], [19], [16]]
59
[[15], [19], [7]]
48
[[15], [15], [19]]
48
[[15], [18], [17]]
51
[[15], [18], [19]]
67
[[15], [18, 19]]
60
[[15], [18], [18]]
67
[[15], [18], [16]]
54
[[15], [14], [19]]
55
[[15], [16], [19]]
65
[[15], [16], [18]]
56
[[15], [16], [16]]
48
[[15], [7], [19]]
50
[[4], [19], [17]]
50
[[4], [19], [19]]
58
[[4], [19], [18]]
51
[[4], [19], [16]]
51
[[4], [18], [17]]
48
[[4], [18], [19]]
53
[[4], [18, 19]]
47
[[4], [18], [18]]
50
[[4], [18], [16]]
47
[[4], [16], [19]]
48
[[10], [17], [19]]
53
[[10], [19], [17]]
55
[[10], [19], [19]]
66
[[10], [19], [15]]
50
[[10], [19], [18]]
57
[[10], [19], [16]]
54
[[10], [18], [17]]
47
[[10], [18], [19]]
61
[[10], [18, 19]]
56
[[10], [18], [18]]
52
[[10], [18], [16]]
47
[[10], [16], [19]]
58
[[5], [17], [19]]
61
[[5], [17], [18]]
54
[[5], [17], [16]]
47
[[5], [19], [17]]
52
[[5], [19], [19]]
72
[[5], [19], [15]]
52
[[5], [19], [18]]
67
[[5], [19], [14]]
48
[[5], [19], [16]]
56
[[5], [18], [17]]
50
[[5], [18], [19]]
68
[[5], [18, 19]]
58
[[5], [18], [18]]
60
[[5], [18], [16]]
51
[[5], [16], [19]]
61
[[5], [16], [18]]
49
[[18], [12], [19]]
58
[[18], [12], [18]]
51
[[18], [12], [16]]
49
[[18], [17], [12]]
50
[[18], [17], [17]]
68
[[18], [17], [19]]
86
[[18], [17, 19]]
58
[[18], [17], [15]]
60
[[18], [17], [10]]
50
[[18], [17], [18]]
82
[[18], [17], [14]]
58
[[18], [17], [16]]
76
[[18], [17], [11]]
50
[[18], [17], [7]]
61
[[18], [17], [6]]
47
[[18], [17], [8]]
52
[[18], [19], [12]]
63
[[18], [19], [17]]
85
[[18], [19], [19]]
108
[[18], [19], [15]]
78
[[18], [19], [4]]
56
[[18], [19], [10]]
68
[[18], [19], [5]]
63
[[18], [19], [18]]
106
[[18], [19], [13]]
63
[[18], [19], [14]]
75
[[18], [19], [16]]
97
[[18], [19], [11]]
66
[[18], [19], [7]]
72
[[18], [19], [2]]
54
[[18], [19], [6]]
62
[[18], [19], [9]]
59
[[18], [19], [8]]
72
[[18], [19], [0]]
52
[[18], [19], [1]]
62
[[18], [19], [3]]
62
[[18, 19], [12]]
60
[[18, 19], [17]]
81
[[18, 19], [19]]
104
[[18, 19], [15]]
74
[[18, 19], [4]]
51
[[18, 19], [10]]
63
[[18, 19], [5]]
62
[[18, 19], [18]]
100
[[18, 19], [13]]
61
[[18, 19], [14]]
69
[[18, 19], [16]]
91
[[18, 19], [11]]
62
[[18, 19], [7]]
67
[[18, 19], [2]]
52
[[18, 19], [6]]
60
[[18, 19], [9]]
57
[[18, 19], [8]]
69
[[18, 19], [0]]
56
[[18, 19], [1]]
56
[[18, 19], [3]]
58
[[18], [15], [17]]
51
[[18], [15], [19]]
69
[[18], [15], [15]]
56
[[18], [15], [18]]
63
[[18], [15], [14]]
47
[[18], [15], [16]]
61
[[18], [15], [7]]
49
[[18], [15], [8]]
47
[[18], [4], [19]]
54
[[18], [10], [17]]
52
[[18], [10], [19]]
66
[[18], [10], [18]]
61
[[18], [10], [16]]
53
[[18], [5], [19]]
54
[[18], [5], [18]]
58
[[18], [5], [16]]
50
[[18], [18], [12]]
61
[[18], [18], [17]]
81
[[18], [18], [19]]
107
[[18], [18, 19]]
95
[[18], [18], [15]]
79
[[18], [18], [10]]
56
[[18], [18], [5]]
63
[[18], [18], [18]]
95
[[18], [18], [13]]
58
[[18], [18], [14]]
70
[[18], [18], [16]]
89
[[18], [18], [11]]
59
[[18], [18], [7]]
67
[[18], [18], [6]]
57
[[18], [18], [9]]
53
[[18], [18], [8]]
69
[[18], [18], [0]]
51
[[18], [18], [1]]
52
[[18], [18], [3]]
61
[[18], [13], [17]]
47
[[18], [13], [19]]
63
[[18], [13], [15]]
48
[[18], [13], [18]]
61
[[18], [13], [16]]
54
[[18], [14], [17]]
52
[[18], [14], [19]]
68
[[18], [14], [18]]
64
[[18], [14], [16]]
61
[[18], [16], [12]]
55
[[18], [16], [17]]
71
[[18], [16], [19]]
92
[[18], [16, 19]]
64
[[18], [16], [15]]
62
[[18], [16], [10]]
54
[[18], [16], [5]]
50
[[18], [16], [18]]
87
[[18], [16, 18]]
47
[[18], [16], [13]]
47
[[18], [16], [14]]
63
[[18], [16], [16]]
77
[[18], [16], [11]]
53
[[18], [16], [7]]
62
[[18], [16], [9]]
47
[[18], [16], [8]]
60
[[18], [16], [1]]
52
[[18], [16], [3]]
51
[[18], [11], [17]]
51
[[18], [11], [19]]
63
[[18], [11], [18]]
55
[[18], [11], [16]]
51
[[18], [7], [19]]
61
[[18], [7], [15]]
51
[[18], [7], [18]]
54
[[18], [7], [16]]
47
[[18], [2], [19]]
54
[[18], [6], [19]]
63
[[18], [6], [18]]
53
[[18], [6], [16]]
50
[[18], [9], [17]]
53
[[18], [9], [19]]
66
[[18], [9], [18]]
61
[[18], [9], [16]]
57
[[18], [8], [19]]
62
[[18], [8], [18]]
50
[[18], [8], [16]]
53
[[18], [0], [19]]
54
[[18], [0], [18]]
48
[[18], [1], [19]]
55
[[18], [1], [18]]
48
[[18], [3], [19]]
53
[[13], [17], [19]]
53
[[13], [17], [18]]
49
[[13], [19], [17]]
50
[[13], [19], [19]]
73
[[13], [19], [15]]
48
[[13], [19], [18]]
71
[[13], [19], [13]]
49
[[13], [19], [14]]
48
[[13], [19], [16]]
56
[[13], [18], [17]]
48
[[13], [18], [19]]
71
[[13], [18, 19]]
66
[[13], [18], [15]]
47
[[13], [18], [18]]
64
[[13], [18], [16]]
59
[[13], [13], [19]]
47
[[13], [16], [19]]
56
[[13], [16], [18]]
47
[[13], [16], [16]]
47
[[13], [8], [19]]
50
[[14], [17], [17]]
49
[[14], [17], [19]]
61
[[14], [17], [18]]
58
[[14], [17], [16]]
51
[[14], [19], [17]]
56
[[14], [19], [19]]
81
[[14], [19], [15]]
54
[[14], [19], [10]]
47
[[14], [19], [5]]
47
[[14], [19], [18]]
76
[[14], [19], [13]]
54
[[14], [19], [14]]
52
[[14], [19], [16]]
70
[[14], [19], [11]]
50
[[14], [19], [7]]
48
[[14], [19], [8]]
49
[[14], [19], [3]]
50
[[14], [18], [17]]
57
[[14], [18], [19]]
72
[[14], [18, 19]]
67
[[14], [18], [15]]
49
[[14], [18], [18]]
63
[[14], [18], [14]]
49
[[14], [18], [16]]
61
[[14], [13], [19]]
48
[[14], [14], [19]]
54
[[14], [14], [18]]
49
[[14], [16], [19]]
62
[[14], [16], [18]]
55
[[14], [16], [16]]
51
[[14], [9], [19]]
48
[[16], [12], [19]]
47
[[16], [17], [17]]
56
[[16], [17], [19]]
79
[[16], [17, 19]]
48
[[16], [17], [15]]
50
[[16], [17], [18]]
72
[[16], [17], [14]]
52
[[16], [17], [16]]
58
[[16], [17], [11]]
50
[[16], [17], [7]]
50
[[16], [19], [12]]
56
[[16], [19], [17]]
77
[[16], [19], [19]]
95
[[16], [19], [15]]
67
[[16], [19], [4]]
50
[[16], [19], [10]]
59
[[16], [19], [5]]
53
[[16], [19], [18]]
92
[[16], [19], [13]]
54
[[16], [19], [14]]
69
[[16], [19], [16]]
79
[[16], [19], [11]]
61
[[16], [19], [7]]
60
[[16], [19], [6]]
50
[[16], [19], [9]]
54
[[16], [19], [8]]
62
[[16], [19], [0]]
48
[[16], [19], [1]]
52
[[16], [19], [3]]
52
[[16, 19], [12]]
50
[[16, 19], [17]]
61
[[16, 19], [19]]
72
[[16, 19], [18]]
67
[[16, 19], [14]]
48
[[16, 19], [16]]
65
[[16, 19], [8]]
51
[[16], [15], [19]]
52
[[16], [15], [18]]
49
[[16], [15], [16]]
47
[[16], [10], [19]]
53
[[16], [10], [18]]
48
[[16], [18], [12]]
52
[[16], [18], [17]]
67
[[16], [18], [19]]
92
[[16], [18, 19]]
83
[[16], [18], [15]]
58
[[16], [18], [10]]
47
[[16], [18], [5]]
51
[[16], [18], [18]]
85
[[16], [18], [14]]
60
[[16], [18], [16]]
73
[[16], [18], [11]]
51
[[16], [18], [7]]
57
[[16], [18], [8]]
54
[[16], [18], [3]]
48
[[16], [13], [19]]
54
[[16], [14], [19]]
66
[[16], [14], [18]]
58
[[16], [14], [16]]
49
[[16], [16], [12]]
51
[[16], [16], [17]]
62
[[16], [16], [19]]
80
[[16], [16, 19]]
52
[[16], [16], [15]]
57
[[16], [16], [10]]
50
[[16], [16], [18]]
73
[[16], [16], [14]]
52
[[16], [16], [16]]
65
[[16], [16], [11]]
52
[[16], [16], [7]]
55
[[16], [16], [8]]
54
[[16], [11], [19]]
51
[[16], [11], [18]]
47
[[16], [7], [19]]
56
[[16], [7], [18]]
47
[[16], [6], [19]]
51
[[16], [9], [19]]
60
[[16], [9], [18]]
50
[[16], [9], [16]]
48
[[16], [8], [19]]
57
[[16], [8], [16]]
47
[[16], [3], [19]]
53
[[11], [17], [19]]
58
[[11], [17], [18]]
55
[[11], [17], [16]]
48
[[11], [19], [17]]
56
[[11], [19], [19]]
69
[[11], [19], [15]]
54
[[11], [19], [18]]
72
[[11], [19], [14]]
48
[[11], [19], [16]]
63
[[11], [18], [17]]
51
[[11], [18], [19]]
66
[[11], [18, 19]]
57
[[11], [18], [15]]
50
[[11], [18], [18]]
62
[[11], [18], [16]]
57
[[11], [16], [19]]
53
[[11], [16, 19]]
48
[[11], [16], [18]]
48
[[11], [16], [16]]
49
[[7], [17], [19]]
47
[[7], [19], [19]]
64
[[7], [19], [18]]
61
[[7], [19], [16]]
52
[[7], [18], [19]]
57
[[7], [18, 19]]
55
[[7], [18], [18]]
55
[[7], [18], [16]]
49
[[2], [19], [19]]
47
[[2], [19], [18]]
52
[[2], [18], [19]]
48
[[6], [19], [17]]
47
[[6], [19], [19]]
66
[[6], [19], [15]]
50
[[6], [19], [18]]
58
[[6], [19], [16]]
57
[[6], [18], [19]]
63
[[6], [18, 19]]
60
[[6], [18], [18]]
55
[[6], [18], [16]]
51
[[6], [16], [19]]
55
[[9], [17], [19]]
52
[[9], [19], [17]]
58
[[9], [19], [19]]
77
[[9], [19], [15]]
47
[[9], [19], [18]]
71
[[9], [19], [14]]
56
[[9], [19], [16]]
63
[[9], [19], [7]]
47
[[9], [18], [17]]
55
[[9], [18], [19]]
68
[[9], [18, 19]]
65
[[9], [18], [18]]
60
[[9], [18], [14]]
49
[[9], [18], [16]]
56
[[9], [14], [19]]
53
[[9], [16], [19]]
59
[[9], [16], [18]]
50
[[8], [17], [19]]
53
[[8], [17], [18]]
49
[[8], [19], [17]]
53
[[8], [19], [19]]
62
[[8], [19], [15]]
50
[[8], [19], [18]]
67
[[8], [19], [14]]
48
[[8], [19], [16]]
64
[[8], [18], [17]]
52
[[8], [18], [19]]
64
[[8], [18, 19]]
58
[[8], [18], [18]]
60
[[8], [18], [16]]
54
[[8], [16], [17]]
47
[[8], [16], [19]]
54
[[8], [16], [18]]
50
[[0], [17], [19]]
52
[[0], [19], [19]]
64
[[0], [19], [15]]
47
[[0], [19], [18]]
58
[[0], [19], [16]]
54
[[0], [18], [17]]
49
[[0], [18], [19]]
61
[[0], [18, 19]]
59
[[0], [18], [18]]
52
[[0], [18], [16]]
48
[[0], [16], [19]]
51
[[1], [19], [19]]
55
[[1], [19], [18]]
52
[[1], [18], [19]]
55
[[1], [18, 19]]
52
[[1], [18], [18]]
50
[[3], [19], [19]]
49
[[3], [19], [18]]
52
[[3], [19], [16]]
50
[[3], [18], [19]]
51
[[3], [18, 19]]
54
[[3], [18], [18]]
50
[[12], [19], [19], [19]]
51
[[17], [17], [19], [19]]
47
[[17], [17], [19], [18]]
50
[[17], [17], [18], [19]]
48
[[17], [19], [17], [19]]
51
[[17], [19], [17], [18]]
48
[[17], [19], [19], [17]]
55
[[17], [19], [19], [19]]
71
[[17], [19], [19], [15]]
52
[[17], [19], [19], [18]]
70
[[17], [19], [19], [14]]
51
[[17], [19], [19], [16]]
62
[[17], [19], [19], [11]]
47
[[17], [19], [18], [17]]
50
[[17], [19], [18], [19]]
70
[[17], [19], [18, 19]]
62
[[17], [19], [18], [18]]
55
[[17], [19], [18], [14]]
47
[[17], [19], [18], [16]]
57
[[17], [19], [16], [19]]
59
[[17], [19], [16], [18]]
56
[[17], [19], [16], [16]]
47
[[17, 19], [19], [19]]
48
[[17, 19], [19], [18]]
50
[[17, 19], [19], [16]]
47
[[17], [18], [19], [17]]
50
[[17], [18], [19], [19]]
55
[[17], [18], [19], [18]]
60
[[17], [18], [19], [16]]
50
[[17], [18, 19], [19]]
61
[[17], [18, 19], [18]]
63
[[17], [18, 19], [16]]
51
[[17], [18], [18], [19]]
53
[[17], [18], [18, 19]]
51
[[17], [18], [18], [18]]
51
[[17], [18], [16], [19]]
50
[[17], [18], [16], [18]]
48
[[17], [16], [19], [19]]
54
[[17], [16], [19], [18]]
51
[[17], [16], [18], [19]]
50
[[17], [16], [18, 19]]
50
[[17], [16], [18], [18]]
49
[[19], [17], [17], [19]]
53
[[19], [17], [19], [17]]
50
[[19], [17], [19], [19]]
69
[[19], [17], [19], [15]]
50
[[19], [17], [19], [18]]
65
[[19], [17], [19], [14]]
51
[[19], [17], [19], [16]]
63
[[19], [17, 19], [18]]
47
[[19], [17], [18], [17]]
53
[[19], [17], [18], [19]]
65
[[19], [17], [18, 19]]
59
[[19], [17], [18], [18]]
59
[[19], [17], [18], [16]]
57
[[19], [17], [16], [19]]
58
[[19], [17], [16], [18]]
55
[[19], [17], [16], [16]]
51
[[19], [19], [17], [17]]
56
[[19], [19], [17], [19]]
73
[[19], [19], [17, 19]]
53
[[19], [19], [17], [15]]
52
[[19], [19], [17], [18]]
67
[[19], [19], [17], [16]]
60
[[19], [19], [19], [12]]
56
[[19], [19], [19], [17]]
74
[[19], [19], [19], [19]]
94
[[19], [19], [19], [15]]
70
[[19], [19], [19], [4]]
47
[[19], [19], [19], [10]]
55
[[19], [19], [19], [18]]
87
[[19], [19], [19], [13]]
53
[[19], [19], [19], [14]]
65
[[19], [19], [19], [16]]
79
[[19], [19], [19], [11]]
57
[[19], [19], [19], [7]]
53
[[19], [19], [19], [6]]
51
[[19], [19], [19], [9]]
47
[[19], [19], [19], [8]]
55
[[19], [19], [19], [3]]
51
[[19], [19], [15], [19]]
56
[[19], [19], [15], [18]]
47
[[19], [19], [15], [16]]
50
[[19], [19], [4], [19]]
50
[[19], [19], [10], [19]]
52
[[19], [19], [18], [17]]
72
[[19], [19], [18], [19]]
90
[[19], [19], [18, 19]]
78
[[19], [19], [18], [15]]
64
[[19], [19], [18], [18]]
75
[[19], [19], [18], [14]]
55
[[19], [19], [18], [16]]
77
[[19], [19], [18], [11]]
51
[[19], [19], [18], [7]]
50
[[19], [19], [18], [6]]
47
[[19], [19], [18], [8]]
52
[[19], [19], [18], [3]]
47
[[19], [19], [13], [19]]
54
[[19], [19], [13], [18]]
47
[[19], [19], [13], [16]]
47
[[19], [19], [14], [19]]
60
[[19], [19], [14], [18]]
49
[[19], [19], [14], [16]]
49
[[19], [19], [16], [12]]
48
[[19], [19], [16], [17]]
55
[[19], [19], [16], [19]]
75
[[19], [19], [16, 19]]
51
[[19], [19], [16], [15]]
54
[[19], [19], [16], [18]]
64
[[19], [19], [16], [14]]
48
[[19], [19], [16], [16]]
59
[[19], [19], [16], [11]]
48
[[19], [19], [16], [7]]
52
[[19], [19], [11], [19]]
52
[[19], [19], [7], [19]]
51
[[19], [19], [6], [19]]
56
[[19], [19], [6], [18]]
47
[[19], [19], [9], [19]]
54
[[19], [19], [8], [19]]
55
[[19], [19], [3], [19]]
48
[[19], [15], [19], [19]]
53
[[19], [15], [19], [18]]
51
[[19], [15], [18], [19]]
50
[[19], [15], [18], [18]]
51
[[19], [15], [16], [19]]
49
[[19], [10], [19], [19]]
50
[[19], [5], [19], [19]]
51
[[19], [5], [19], [18]]
47
[[19], [5], [18], [19]]
47
[[19], [18], [17], [17]]
51
[[19], [18], [17], [19]]
59
[[19], [18], [17], [18]]
57
[[19], [18], [17], [16]]
50
[[19], [18], [19], [17]]
64
[[19], [18], [19], [19]]
72
[[19], [18], [19], [15]]
56
[[19], [18], [19], [18]]
74
[[19], [18], [19], [14]]
56
[[19], [18], [19], [16]]
64
[[19], [18], [19], [11]]
47
[[19], [18], [19], [7]]
51
[[19], [18, 19], [17]]
60
[[19], [18, 19], [19]]
78
[[19], [18, 19], [15]]
57
[[19], [18, 19], [18]]
71
[[19], [18, 19], [14]]
52
[[19], [18, 19], [16]]
63
[[19], [18, 19], [11]]
49
[[19], [18, 19], [8]]
51
[[19], [18], [15], [19]]
49
[[19], [18], [18], [17]]
61
[[19], [18], [18], [19]]
74
[[19], [18], [18, 19]]
68
[[19], [18], [18], [15]]
55
[[19], [18], [18], [18]]
61
[[19], [18], [18], [14]]
50
[[19], [18], [18], [16]]
60
[[19], [18], [14], [19]]
49
[[19], [18], [16], [17]]
47
[[19], [18], [16], [19]]
59
[[19], [18], [16], [18]]
54
[[19], [18], [16], [16]]
47
[[19], [13], [19], [19]]
53
[[19], [13], [19], [18]]
52
[[19], [13], [18], [19]]
53
[[19], [13], [18, 19]]
48
[[19], [13], [18], [18]]
47
[[19], [14], [19], [19]]
54
[[19], [14], [19], [18]]
47
[[19], [16], [17], [19]]
56
[[19], [16], [17], [18]]
48
[[19], [16], [19], [17]]
52
[[19], [16], [19], [19]]
70
[[19], [16], [19], [15]]
52
[[19], [16], [19], [18]]
65
[[19], [16], [19], [14]]
47
[[19], [16], [19], [16]]
49
[[19], [16, 19], [19]]
49
[[19], [16], [18], [17]]
49
[[19], [16], [18], [19]]
67
[[19], [16], [18, 19]]
62
[[19], [16], [18], [18]]
62
[[19], [16], [18], [16]]
48
[[19], [16], [16], [19]]
57
[[19], [11], [19], [19]]
48
[[19], [11], [19], [18]]
47
[[19], [11], [18], [19]]
48
[[19], [6], [19], [19]]
51
[[19], [9], [19], [19]]
53
[[19], [9], [19], [18]]
51
[[19], [9], [18, 19]]
48
[[19], [8], [19], [18]]
47
[[19], [0], [19], [19]]
49
[[19], [0], [18], [19]]
49
[[15], [19], [19], [19]]
51
[[10], [19], [19], [19]]
49
[[5], [19], [19], [19]]
55
[[5], [19], [19], [18]]
51
[[5], [19], [18], [19]]
54
[[5], [19], [18, 19]]
47
[[5], [18], [19], [19]]
47
[[5], [18, 19], [19]]
48
[[18], [17], [19], [19]]
59
[[18], [17], [19], [18]]
55
[[18], [17], [19], [16]]
51
[[18], [17], [18], [19]]
56
[[18], [17], [18, 19]]
51
[[18], [17], [18], [18]]
48
[[18], [17], [18], [16]]
47
[[18], [17], [16], [19]]
49
[[18], [19], [17], [17]]
47
[[18], [19], [17], [19]]
59
[[18], [19], [17], [18]]
51
[[18], [19], [17], [16]]
47
[[18], [19], [19], [17]]
62
[[18], [19], [19], [19]]
83
[[18], [19], [19], [15]]
54
[[18], [19], [19], [18]]
73
[[18], [19], [19], [14]]
51
[[18], [19], [19], [16]]
66
[[18], [19], [19], [7]]
47
[[18], [19], [15], [19]]
48
[[18], [19], [10], [19]]
50
[[18], [19], [18], [17]]
58
[[18], [19], [18], [19]]
77
[[18], [19], [18, 19]]
70
[[18], [19], [18], [15]]
50
[[18], [19], [18], [18]]
64
[[18], [19], [18], [16]]
61
[[18], [19], [14], [19]]
50
[[18], [19], [16], [19]]
63
[[18], [19], [16], [18]]
51
[[18], [19], [16], [16]]
48
[[18], [19], [8], [19]]
47
[[18, 19], [17], [17]]
51
[[18, 19], [17], [19]]
59
[[18, 19], [17], [18]]
58
[[18, 19], [17], [16]]
53
[[18, 19], [19], [17]]
57
[[18, 19], [19], [19]]
78
[[18, 19], [19], [15]]
56
[[18, 19], [19], [18]]
77
[[18, 19], [19], [14]]
52
[[18, 19], [19], [16]]
65
[[18, 19], [19], [7]]
50
[[18, 19], [15], [19]]
48
[[18, 19], [18], [17]]
54
[[18, 19], [18], [19]]
72
[[18, 19], [18, 19]]
65
[[18, 19], [18], [15]]
56
[[18, 19], [18], [18]]
68
[[18, 19], [18], [16]]
60
[[18, 19], [16], [19]]
61
[[18, 19], [16], [18]]
56
[[18, 19], [8], [19]]
48
[[18], [10], [19], [19]]
47
[[18], [18], [17], [17]]
49
[[18], [18], [17], [19]]
52
[[18], [18], [19], [17]]
56
[[18], [18], [19], [19]]
68
[[18], [18], [19], [15]]
52
[[18], [18], [19], [18]]
66
[[18], [18], [19], [16]]
60
[[18], [18], [19], [7]]
48
[[18], [18], [19], [8]]
47
[[18], [18, 19], [17]]
51
[[18], [18, 19], [19]]
69
[[18], [18, 19], [18]]
62
[[18], [18, 19], [14]]
47
[[18], [18, 19], [16]]
55
[[18], [18, 19], [8]]
50
[[18], [18], [18], [17]]
53
[[18], [18], [18], [19]]
68
[[18], [18], [18, 19]]
58
[[18], [18], [18], [18]]
58
[[18], [18], [18], [16]]
53
[[18], [18], [14], [19]]
49
[[18], [18], [16], [19]]
56
[[18], [13], [19], [19]]
49
[[18], [14], [19], [19]]
49
[[18], [16], [19], [19]]
64
[[18], [16], [19], [18]]
58
[[18], [16], [18], [19]]
58
[[18], [16], [18, 19]]
61
[[18], [16], [18], [18]]
54
[[18], [16], [16], [19]]
49
[[18], [9], [19], [19]]
52
[[13], [19], [19], [19]]
51
[[13], [19], [19], [18]]
49
[[13], [19], [18], [19]]
47
[[13], [19], [18, 19]]
47
[[13], [18], [19], [18]]
47
[[13], [18, 19], [19]]
51
[[14], [19], [19], [17]]
47
[[14], [19], [19], [19]]
59
[[14], [19], [19], [18]]
52
[[14], [19], [19], [16]]
53
[[14], [19], [18], [19]]
55
[[14], [19], [18, 19]]
49
[[14], [18], [19], [19]]
48
[[14], [18, 19], [19]]
50
[[16], [17], [19], [19]]
49
[[16], [17], [19], [18]]
49
[[16], [19], [17], [19]]
53
[[16], [19], [17], [18]]
48
[[16], [19], [19], [17]]
53
[[16], [19], [19], [19]]
72
[[16], [19], [19], [15]]
49
[[16], [19], [19], [18]]
60
[[16], [19], [19], [14]]
51
[[16], [19], [19], [16]]
54
[[16], [19], [19], [8]]
50
[[16], [19], [18], [17]]
47
[[16], [19], [18], [19]]
63
[[16], [19], [18, 19]]
62
[[16], [19], [18], [18]]
54
[[16], [19], [18], [16]]
48
[[16], [19], [16], [19]]
50
[[16, 19], [19], [19]]
51
[[16, 19], [19], [18]]
52
[[16, 19], [18], [19]]
49
[[16, 19], [18, 19]]
50
[[16, 19], [18], [18]]
49
[[16], [18], [19], [19]]
53
[[16], [18], [19], [18]]
54
[[16], [18, 19], [19]]
62
[[16], [18, 19], [18]]
60
[[16], [18], [18], [19]]
55
[[16], [18], [18, 19]]
50
[[16], [16], [19], [19]]
50
[[16], [16], [18], [19]]
50
[[16], [16], [18, 19]]
48
[[11], [19], [19], [19]]
47
[[11], [19], [19], [18]]
47
[[11], [19], [18], [19]]
50
[[6], [19], [19], [19]]
49
[[9], [19], [19], [19]]
55
[[9], [18, 19], [19]]
50
[[8], [19], [19], [19]]
50
[[0], [18, 19], [19]]
48
[[19], [19], [19], [17], [19]]
48
[[19], [19], [19], [19], [19]]
68
[[19], [19], [19], [19], [18]]
56
[[19], [19], [19], [19], [16]]
51
[[19], [19], [19], [18], [19]]
63
[[19], [19], [19], [18, 19]]
56
[[19], [19], [19], [18], [18]]
49
[[19], [19], [19], [18], [16]]
49
[[19], [19], [19], [16], [19]]
52
[[19], [19], [18], [19], [19]]
54
[[19], [19], [18], [19], [18]]
48
[[19], [19], [18], [19], [16]]
47
[[19], [19], [18, 19], [19]]
60
[[19], [19], [18, 19], [18]]
50
[[19], [19], [18], [18], [19]]
48
[[19], [18], [19], [19], [19]]
49
[[19], [18, 19], [19], [19]]
49
[[19], [16], [19], [19], [19]]
49
[[18], [19], [19], [19], [19]]
53
[[18], [19], [19], [19], [18]]
49
[[18], [19], [19], [18], [19]]
50
[[18], [19], [19], [18, 19]]
47
[[18], [19], [18], [19], [19]]
47
[[18], [19], [18, 19], [19]]
51
[[18, 19], [19], [19], [19]]
49
[[18, 19], [19], [18], [19]]
49
