[[12]]
50
[[17]]
59
[[19]]
67
[[15]]
49
[[4]]
42
[[10]]
41
[[5]]
53
[[18]]
64
[[13]]
46
[[14]]
49
[[16]]
61
[[11]]
50
[[7]]
40
[[2]]
32
[[6]]
45
[[9]]
43
[[8]]
57
[[0]]
37
[[1]]
34
[[3]]
39
[[12], [12]]
22
[[12], [17]]
28
[[12], [19]]
35
[[12], [15]]
22
[[12], [4]]
20
[[12], [10]]
19
[[12], [5]]
25
[[12], [18]]
28
[[12], [13]]
20
[[12], [14]]
22
[[12], [16]]
29
[[12], [11]]
23
[[12], [6]]
19
[[12], [9]]
19
[[12], [8]]
24
[[12], [3]]
20
[[17], [12]]
29
[[17], [17]]
39
[[17], [19]]
46
[[17, 19]]
28
[[17], [15]]
36
[[17], [4]]
23
[[17], [10]]
23
[[17], [5]]
32
[[17], [18]]
43
[[17, 18]]
21
[[17], [13]]
29
[[17], [14]]
29
[[17], [16]]
41
[[17], [11]]
31
[[17], [7]]
28
[[17], [2]]
20
[[17], [6]]
32
[[17], [9]]
28
[[17], [8]]
32
[[17], [1]]
20
[[17], [3]]
28
[[19], [12]]
37
[[19], [17]]
51
[[19], [19]]
54
[[19], [15]]
41
[[19], [4]]
35
[[19], [10]]
33
[[19], [5]]
39
[[19], [18]]
55
[[19], [13]]
35
[[19], [14]]
38
[[19], [16]]
53
[[19], [11]]
40
[[19], [7]]
32
[[19], [2]]
26
[[19], [6]]
36
[[19], [9]]
38
[[19], [8]]
43
[[19], [0]]
30
[[19], [1]]
28
[[19], [3]]
33
[[15], [12]]
23
[[15], [17]]
27
[[15], [19]]
33
[[15, 19]]
20
[[15], [15]]
29
[[15], [10]]
21
[[15], [5]]
22
[[15], [18]]
30
[[15], [13]]
24
[[15], [14]]
25
[[15], [16]]
28
[[15], [11]]
20
[[15], [7]]
23
[[15], [6]]
19
[[15], [9]]
24
[[15], [8]]
26
[[4], [17]]
23
[[4], [19]]
30
[[4], [15]]
27
[[4], [4]]
20
[[4], [5]]
19
[[4], [18]]
29
[[4], [14]]
21
[[4], [16]]
26
[[4], [8]]
24
[[10], [12]]
26
[[10], [17]]
27
[[10], [19]]
33
[[10], [15]]
28
[[10], [4]]
19
[[10], [10]]
19
[[10], [5]]
21
[[10], [18]]
29
[[10], [13]]
19
[[10], [14]]
20
[[10], [16]]
27
[[10], [11]]
23
[[10], [7]]
24
[[10], [6]]
19
[[10], [9]]
20
[[10], [8]]
21
[[5], [12]]
28
[[5], [17]]
35
[[5], [19]]
37
[[5], [15]]
33
[[5], [4]]
23
[[5], [10]]
24
[[5], [5]]
23
[[5], [18]]
38
[[5], [13]]
23
[[5], [14]]
23
[[5], [16]]
31
[[5], [11]]
26
[[5], [7]]
24
[[5], [6]]
23
[[5], [9]]
24
[[5], [8]]
29
[[5], [0]]
19
[[5], [3]]
24
[[18], [12]]
38
[[18], [17]]
47
[[18], [19]]
50
[[18, 19]]
50
[[18], [15]]
40
[[18], [4]]
30
[[18], [10]]
29
[[18], [5]]
35
[[18], [18]]
54
[[18], [13]]
36
[[18], [14]]
40
[[18], [16]]
47
[[18], [11]]
36
[[18], [7]]
31
[[18], [2]]
24
[[18], [6]]
34
[[18], [9]]
33
[[18], [8]]
36
[[18], [0]]
26
[[18], [1]]
26
[[18], [3]]
30
[[13], [12]]
19
[[13], [17]]
30
[[13], [19]]
39
[[13], [15]]
25
[[13], [4]]
20
[[13], [5]]
23
[[13], [18]]
32
[[13], [13]]
22
[[13], [14]]
25
[[13], [16]]
30
[[13], [11]]
22
[[13], [6]]
23
[[13], [9]]
20
[[13], [8]]
27
[[13], [3]]
23
[[14], [12]]
19
[[14], [17]]
33
[[14], [19]]
39
[[14], [15]]
28
[[14], [18]]
36
[[14], [13]]
26
[[14], [14]]
22
[[14], [16]]
30
[[14], [11]]
20
[[14], [6]]
21
[[14], [9]]
21
[[14], [8]]
26
[[14], [3]]
22
[[16], [12]]
34
[[16], [17]]
39
[[16], [19]]
47
[[16, 19]]
36
[[16], [15]]
35
[[16], [4]]
28
[[16], [10]]
29
[[16], [5]]
28
[[16], [18]]
46
[[16, 18]]
25
[[16], [13]]
27
[[16], [14]]
35
[[16], [16]]
42
[[16], [11]]
32
[[16], [7]]
24
[[16], [6]]
28
[[16], [9]]
30
[[16], [8]]
37
[[16], [0]]
25
[[16], [1]]
21
[[16], [3]]
29
[[11], [12]]
20
[[11], [17]]
28
[[11], [19]]
30
[[11], [15]]
22
[[11], [18]]
31
[[11], [14]]
23
[[11], [16]]
28
[[11], [7]]
23
[[11], [6]]
19
[[11], [9]]
21
[[11], [8]]
24
[[7], [12]]
21
[[7], [17]]
26
[[7], [19]]
31
[[7], [15]]
26
[[7], [4]]
19
[[7], [5]]
20
[[7], [18]]
30
[[7], [13]]
19
[[7], [14]]
20
[[7], [16]]
23
[[7], [11]]
21
[[7], [9]]
19
[[7], [8]]
22
[[2], [17]]
25
[[2], [19]]
29
[[2], [15]]
21
[[2], [5]]
19
[[2], [18]]
27
[[2], [16]]
24
[[2], [11]]
19
[[2], [6]]
20
[[2], [8]]
20
[[6], [12]]
27
[[6], [17]]
27
[[6], [19]]
37
[[6], [15]]
27
[[6], [5]]
26
[[6], [18]]
35
[[6], [13]]
19
[[6], [14]]
20
[[6], [16]]
30
[[6], [11]]
21
[[6], [9]]
21
[[6], [8]]
25
[[6], [3]]
23
[[9], [17]]
31
[[9], [19]]
35
[[9], [15]]
24
[[9], [4]]
19
[[9], [18]]
32
[[9], [13]]
20
[[9], [14]]
25
[[9], [16]]
29
[[9], [11]]
23
[[9], [6]]
19
[[9], [9]]
20
[[9], [8]]
22
[[9], [3]]
22
[[8], [12]]
23
[[8], [17]]
32
[[8], [19]]
42
[[8], [15]]
29
[[8], [5]]
24
[[8], [18]]
37
[[8], [13]]
20
[[8], [14]]
25
[[8], [16]]
38
[[8], [11]]
21
[[8], [7]]
19
[[8], [6]]
20
[[8], [9]]
25
[[8], [8]]
20
[[8], [3]]
21
[[0], [17]]
26
[[0], [19]]
28
[[0], [15]]
23
[[0], [4]]
20
[[0], [18]]
28
[[0], [16]]
23
[[0], [11]]
21
[[0], [7]]
20
[[0], [6]]
20
[[0], [8]]
22
[[0], [3]]
20
[[1], [17]]
22
[[1], [19]]
25
[[1], [15]]
19
[[1], [18]]
24
[[1], [16]]
19
[[1], [8]]
19
[[3], [12]]
21
[[3], [17]]
22
[[3], [19]]
29
[[3], [15]]
23
[[3], [18]]
25
[[3], [16]]
26
[[3], [11]]
19
[[3], [8]]
24
[[12], [17], [19]]
19
[[12], [19], [17]]
21
[[12], [19], [19]]
25
[[12], [19], [15]]
21
[[12], [19], [18]]
23
[[12], [19], [16]]
19
[[12], [18], [19]]
22
[[12], [18, 19]]
22
[[12], [18], [15]]
20
[[12], [18], [18]]
21
[[12], [18], [16]]
19
[[12], [16], [19]]
20
[[17], [12], [19]]
19
[[17], [17], [19]]
26
[[17], [17], [15]]
21
[[17], [17], [18]]
24
[[17], [17], [16]]
23
[[17], [19], [12]]
21
[[17], [19], [17]]
28
[[17], [19], [19]]
33
[[17], [19], [15]]
26
[[17], [19], [4]]
20
[[17], [19], [10]]
20
[[17], [19], [5]]
21
[[17], [19], [18]]
35
[[17], [19], [13]]
19
[[17], [19], [14]]
22
[[17], [19], [16]]
32
[[17], [19], [11]]
25
[[17], [19], [6]]
21
[[17], [19], [9]]
21
[[17], [19], [8]]
23
[[17], [19], [3]]
23
[[17, 19], [17]]
21
[[17, 19], [19]]
22
[[17, 19], [18]]
20
[[17], [15], [19]]
20
[[17], [15], [18]]
19
[[17], [15], [16]]
20
[[17], [10], [19]]
20
[[17], [5], [17]]
19
[[17], [5], [19]]
23
[[17], [5], [15]]
20
[[17], [5], [18]]
21
[[17], [18], [12]]
24
[[17], [18], [17]]
25
[[17], [18], [19]]
32
[[17], [18, 19]]
32
[[17], [18], [15]]
25
[[17], [18], [5]]
19
[[17], [18], [18]]
32
[[17], [18], [14]]
23
[[17], [18], [16]]
32
[[17], [18], [11]]
21
[[17], [18], [6]]
21
[[17], [18], [9]]
21
[[17], [18], [8]]
20
[[17], [18], [3]]
19
[[17], [13], [19]]
21
[[17], [16], [12]]
19
[[17], [16], [17]]
19
[[17], [16], [19]]
27
[[17], [16, 19]]
22
[[17], [16], [15]]
22
[[17], [16], [18]]
24
[[17], [16], [16]]
20
[[17], [6], [19]]
24
[[17], [6], [18]]
22
[[17], [6], [16]]
20
[[17], [9], [19]]
21
[[17], [8], [19]]
23
[[17], [8], [18]]
19
[[17], [8], [16]]
22
[[17], [3], [19]]
19
[[17], [3], [16]]
19
[[19], [12], [17]]
20
[[19], [12], [19]]
25
[[19], [12], [18]]
19
[[19], [17], [12]]
22
[[19], [17], [17]]
28
[[19], [17], [19]]
35
[[19], [17, 19]]
24
[[19], [17], [15]]
28
[[19], [17], [5]]
21
[[19], [17], [18]]
35
[[19], [17], [13]]
19
[[19], [17], [14]]
24
[[19], [17], [16]]
33
[[19], [17], [11]]
25
[[19], [17], [7]]
22
[[19], [17], [6]]
24
[[19], [17], [9]]
20
[[19], [17], [8]]
22
[[19], [17], [3]]
20
[[19], [19], [12]]
24
[[19], [19], [17]]
36
[[19], [19], [19]]
44
[[19], [19], [15]]
36
[[19], [19], [4]]
27
[[19], [19], [10]]
22
[[19], [19], [5]]
25
[[19], [19], [18]]
46
[[19], [19], [13]]
28
[[19], [19], [14]]
35
[[19], [19], [16]]
40
[[19], [19], [11]]
30
[[19], [19], [7]]
22
[[19], [19], [6]]
28
[[19], [19], [9]]
25
[[19], [19], [8]]
31
[[19], [19], [3]]
26
[[19], [15], [19]]
24
[[19], [15], [15]]
21
[[19], [15], [18]]
24
[[19], [15], [14]]
20
[[19], [15], [16]]
20
[[19], [15], [9]]
19
[[19], [15], [8]]
20
[[19], [4], [19]]
25
[[19], [4], [15]]
21
[[19], [4], [18]]
21
[[19], [4], [16]]
21
[[19], [10], [12]]
19
[[19], [10], [17]]
19
[[19], [10], [19]]
24
[[19], [10], [15]]
23
[[19], [10], [18]]
23
[[19], [10], [16]]
19
[[19], [5], [17]]
23
[[19], [5], [19]]
26
[[19], [5], [15]]
24
[[19], [5], [18]]
27
[[19], [5], [16]]
21
[[19], [18], [12]]
26
[[19], [18], [17]]
33
[[19], [18], [19]]
40
[[19], [18, 19]]
42
[[19], [18], [15]]
32
[[19], [18], [4]]
22
[[19], [18], [10]]
20
[[19], [18], [5]]
23
[[19], [18], [18]]
42
[[19], [18], [13]]
23
[[19], [18], [14]]
32
[[19], [18], [16]]
36
[[19], [18], [11]]
27
[[19], [18], [7]]
19
[[19], [18], [6]]
23
[[19], [18], [9]]
24
[[19], [18], [8]]
28
[[19], [18], [3]]
24
[[19], [13], [17]]
22
[[19], [13], [19]]
28
[[19], [13], [15]]
19
[[19], [13], [18]]
26
[[19], [13], [16]]
22
[[19], [14], [17]]
22
[[19], [14], [19]]
26
[[19], [14], [18]]
24
[[19], [14], [16]]
20
[[19], [16], [12]]
24
[[19], [16], [17]]
30
[[19], [16], [19]]
40
[[19], [16, 19]]
28
[[19], [16], [15]]
34
[[19], [16], [4]]
22
[[19], [16], [10]]
20
[[19], [16], [5]]
21
[[19], [16], [18]]
38
[[19], [16, 18]]
19
[[19], [16], [13]]
22
[[19], [16], [14]]
26
[[19], [16], [16]]
32
[[19], [16], [11]]
23
[[19], [16], [7]]
19
[[19], [16], [6]]
24
[[19], [16], [9]]
22
[[19], [16], [8]]
31
[[19], [16], [3]]
21
[[19], [11], [17]]
23
[[19], [11], [19]]
24
[[19], [11], [18]]
24
[[19], [11], [16]]
22
[[19], [11], [8]]
20
[[19], [7], [17]]
21
[[19], [7], [19]]
23
[[19], [7], [15]]
21
[[19], [7], [18]]
22
[[19], [2], [17]]
19
[[19], [2], [19]]
22
[[19], [2], [18]]
21
[[19], [2], [16]]
20
[[19], [6], [12]]
19
[[19], [6], [19]]
28
[[19], [6], [15]]
19
[[19], [6], [18]]
28
[[19], [6], [16]]
24
[[19], [9], [17]]
26
[[19], [9], [19]]
28
[[19], [9], [15]]
19
[[19], [9], [18]]
27
[[19], [9], [16]]
22
[[19], [9], [11]]
19
[[19], [8], [17]]
24
[[19], [8], [19]]
31
[[19], [8], [15]]
21
[[19], [8], [18]]
28
[[19], [8], [16]]
26
[[19], [0], [17]]
19
[[19], [0], [19]]
21
[[19], [0], [18]]
21
[[19], [1], [19]]
20
[[19], [1], [18]]
19
[[19], [3], [17]]
20
[[19], [3], [19]]
27
[[19], [3], [15]]
19
[[19], [3], [18]]
21
[[19], [3], [16]]
24
[[15], [19], [17]]
19
[[15], [19], [19]]
24
[[15], [19], [15]]
21
[[15], [19], [18]]
22
[[15], [18], [19]]
19
[[15], [18, 19]]
21
[[15], [18], [18]]
24
[[15], [14], [19]]
20
[[15], [16], [19]]
23
[[15], [16], [15]]
20
[[15], [16], [18]]
19
[[15], [9], [19]]
19
[[4], [19], [17]]
20
[[4], [19], [19]]
22
[[4], [19], [15]]
22
[[4], [19], [18]]
24
[[4], [19], [16]]
19
[[4], [18], [19]]
20
[[4], [18, 19]]
21
[[4], [18], [18]]
22
[[4], [16], [19]]
20
[[4], [16], [15]]
19
[[10], [17], [19]]
19
[[10], [19], [17]]
22
[[10], [19], [19]]
24
[[10], [19], [15]]
24
[[10], [19], [18]]
22
[[10], [19], [14]]
19
[[10], [19], [16]]
22
[[10], [19], [11]]
20
[[10], [18], [19]]
20
[[10], [18, 19]]
22
[[10], [18], [15]]
20
[[10], [18], [18]]
21
[[10], [16], [19]]
25
[[10], [16], [15]]
19
[[10], [16], [18]]
20
[[10], [16], [16]]
19
[[5], [17], [19]]
25
[[5], [17], [15]]
22
[[5], [17], [18]]
23
[[5], [17], [16]]
21
[[5], [17], [11]]
20
[[5], [19], [17]]
23
[[5], [19], [19]]
26
[[5], [19], [15]]
25
[[5], [19], [18]]
28
[[5], [19], [16]]
22
[[5], [19], [11]]
21
[[5], [19], [8]]
19
[[5], [18], [12]]
20
[[5], [18], [17]]
23
[[5], [18], [19]]
26
[[5], [18, 19]]
24
[[5], [18], [15]]
24
[[5], [18], [18]]
26
[[5], [18], [16]]
23
[[5], [18], [11]]
20
[[5], [18], [9]]
19
[[5], [16], [19]]
23
[[5], [16], [15]]
19
[[5], [16], [18]]
19
[[5], [16], [11]]
19
[[18], [12], [19]]
24
[[18], [12], [18]]
19
[[18], [17], [17]]
23
[[18], [17], [19]]
30
[[18], [17, 19]]
21
[[18], [17], [15]]
24
[[18], [17], [18]]
27
[[18], [17], [14]]
19
[[18], [17], [16]]
27
[[18], [17], [11]]
19
[[18], [17], [7]]
19
[[18], [17], [8]]
21
[[18], [19], [12]]
20
[[18], [19], [17]]
31
[[18], [19], [19]]
38
[[18], [19], [15]]
31
[[18], [19], [4]]
21
[[18], [19], [10]]
22
[[18], [19], [5]]
24
[[18], [19], [18]]
39
[[18], [19], [13]]
24
[[18], [19], [14]]
30
[[18], [19], [16]]
32
[[18], [19], [11]]
26
[[18], [19], [7]]
21
[[18], [19], [6]]
24
[[18], [19], [9]]
23
[[18], [19], [8]]
29
[[18], [19], [3]]
24
[[18, 19], [12]]
25
[[18, 19], [17]]
35
[[18, 19], [19]]
36
[[18, 19], [15]]
31
[[18, 19], [4]]
22
[[18, 19], [10]]
21
[[18, 19], [5]]
25
[[18, 19], [18]]
42
[[18, 19], [13]]
22
[[18, 19], [14]]
29
[[18, 19], [16]]
35
[[18, 19], [11]]
27
[[18, 19], [7]]
20
[[18, 19], [6]]
25
[[18, 19], [9]]
25
[[18, 19], [8]]
30
[[18, 19], [0]]
19
[[18, 19], [1]]
20
[[18, 19], [3]]
22
[[18], [15], [19]]
24
[[18], [15], [18]]
21
[[18], [15], [16]]
20
[[18], [15], [8]]
19
[[18], [10], [19]]
24
[[18], [10], [15]]
21
[[18], [10], [18]]
21
[[18], [10], [16]]
19
[[18], [5], [19]]
22
[[18], [5], [15]]
20
[[18], [5], [18]]
22
[[18], [18], [12]]
24
[[18], [18], [17]]
30
[[18], [18], [19]]
40
[[18], [18, 19]]
38
[[18], [18], [15]]
32
[[18], [18], [4]]
21
[[18], [18], [10]]
20
[[18], [18], [5]]
23
[[18], [18], [18]]
39
[[18], [18], [13]]
23
[[18], [18], [14]]
30
[[18], [18], [16]]
35
[[18], [18], [11]]
24
[[18], [18], [7]]
19
[[18], [18], [6]]
24
[[18], [18], [9]]
23
[[18], [18], [8]]
29
[[18], [18], [3]]
23
[[18], [13], [17]]
22
[[18], [13], [19]]
28
[[18], [13], [15]]
19
[[18], [13], [18]]
26
[[18], [13], [16]]
22
[[18], [14], [17]]
21
[[18], [14], [19]]
24
[[18], [14], [18]]
23
[[18], [14], [16]]
21
[[18], [16], [12]]
22
[[18], [16], [17]]
24
[[18], [16], [19]]
35
[[18], [16, 19]]
29
[[18], [16], [15]]
29
[[18], [16], [10]]
19
[[18], [16], [5]]
19
[[18], [16], [18]]
33
[[18], [16], [14]]
24
[[18], [16], [16]]
27
[[18], [16], [6]]
20
[[18], [16], [9]]
19
[[18], [16], [8]]
27
[[18], [16], [3]]
20
[[18], [11], [17]]
20
[[18], [11], [19]]
22
[[18], [11], [18]]
20
[[18], [11], [16]]
19
[[18], [7], [19]]
21
[[18], [7], [18]]
20
[[18], [2], [19]]
20
[[18], [2], [18]]
19
[[18], [6], [19]]
27
[[18], [6], [15]]
19
[[18], [6], [18]]
24
[[18], [6], [16]]
19
[[18], [9], [17]]
23
[[18], [9], [19]]
27
[[18], [9], [18]]
24
[[18], [9], [16]]
22
[[18], [8], [19]]
27
[[18], [8], [18]]
23
[[18], [8], [16]]
23
[[18], [1], [19]]
19
[[18], [3], [19]]
22
[[18], [3], [16]]
21
[[13], [17], [19]]
21
[[13], [17], [18]]
20
[[13], [19], [17]]
22
[[13], [19], [19]]
26
[[13], [19], [15]]
20
[[13], [19], [18]]
27
[[13], [19], [13]]
19
[[13], [19], [14]]
21
[[13], [19], [16]]
19
[[13], [19], [8]]
19
[[13], [18], [17]]
22
[[13], [18], [19]]
25
[[13], [18, 19]]
25
[[13], [18], [18]]
23
[[13], [18], [14]]
19
[[13], [18], [16]]
22
[[13], [16], [19]]
23
[[13], [6], [19]]
19
[[13], [8], [19]]
22
[[14], [17], [19]]
22
[[14], [17], [18]]
20
[[14], [17], [16]]
20
[[14], [19], [17]]
22
[[14], [19], [19]]
29
[[14], [19], [15]]
22
[[14], [19], [18]]
26
[[14], [19], [13]]
21
[[14], [19], [16]]
25
[[14], [19], [3]]
19
[[14], [18], [17]]
23
[[14], [18], [19]]
27
[[14], [18, 19]]
23
[[14], [18], [15]]
21
[[14], [18], [18]]
24
[[14], [18], [16]]
27
[[14], [13], [19]]
20
[[16], [12], [19]]
21
[[16], [17], [17]]
20
[[16], [17], [19]]
27
[[16], [17], [15]]
20
[[16], [17], [18]]
24
[[16], [17], [14]]
19
[[16], [17], [16]]
21
[[16], [17], [11]]
19
[[16], [19], [12]]
19
[[16], [19], [17]]
29
[[16], [19], [19]]
35
[[16], [19], [15]]
29
[[16], [19], [4]]
23
[[16], [19], [10]]
20
[[16], [19], [5]]
20
[[16], [19], [18]]
35
[[16], [19], [13]]
21
[[16], [19], [14]]
26
[[16], [19], [16]]
29
[[16], [19], [11]]
23
[[16], [19], [8]]
24
[[16], [19], [0]]
19
[[16], [19], [3]]
22
[[16, 19], [12]]
22
[[16, 19], [17]]
26
[[16, 19], [19]]
31
[[16, 19], [15]]
23
[[16, 19], [18]]
32
[[16, 19], [14]]
19
[[16, 19], [16]]
26
[[16, 19], [11]]
21
[[16, 19], [6]]
21
[[16, 19], [9]]
20
[[16, 19], [8]]
22
[[16, 19], [3]]
21
[[16], [15], [19]]
21
[[16], [4], [19]]
20
[[16], [10], [19]]
22
[[16], [10], [15]]
22
[[16], [10], [16]]
19
[[16], [18], [12]]
23
[[16], [18], [17]]
29
[[16], [18], [19]]
32
[[16], [18, 19]]
32
[[16], [18], [15]]
26
[[16], [18], [4]]
19
[[16], [18], [5]]
21
[[16], [18], [18]]
34
[[16], [18], [14]]
26
[[16], [18], [16]]
28
[[16], [18], [11]]
20
[[16], [18], [6]]
20
[[16], [18], [8]]
22
[[16], [18], [3]]
20
[[16], [13], [19]]
20
[[16], [14], [17]]
19
[[16], [14], [19]]
23
[[16], [14], [18]]
21
[[16], [16], [17]]
22
[[16], [16], [19]]
31
[[16], [16, 19]]
19
[[16], [16], [15]]
25
[[16], [16], [5]]
19
[[16], [16], [18]]
28
[[16], [16], [14]]
19
[[16], [16], [16]]
23
[[16], [16], [6]]
20
[[16], [16], [8]]
22
[[16], [16], [3]]
19
[[16], [7], [19]]
19
[[16], [6], [19]]
24
[[16], [6], [18]]
20
[[16], [9], [17]]
19
[[16], [9], [19]]
23
[[16], [8], [19]]
26
[[16], [8], [18]]
21
[[16], [8], [16]]
20
[[16], [3], [19]]
20
[[16], [3], [16]]
19
[[11], [17], [19]]
20
[[11], [17], [18]]
20
[[11], [19], [17]]
20
[[11], [19], [19]]
23
[[11], [19], [15]]
19
[[11], [19], [18]]
25
[[11], [19], [16]]
19
[[11], [18], [19]]
19
[[11], [18, 19]]
19
[[11], [18], [18]]
21
[[11], [16], [19]]
20
[[11], [16], [18]]
19
[[7], [19], [19]]
21
[[7], [19], [18]]
25
[[7], [19], [16]]
21
[[7], [18], [17]]
20
[[7], [18, 19]]
23
[[7], [18], [18]]
23
[[7], [18], [16]]
20
[[2], [19], [18]]
22
[[2], [18], [19]]
20
[[2], [18, 19]]
19
[[2], [16], [19]]
19
[[6], [17], [19]]
19
[[6], [19], [17]]
21
[[6], [19], [19]]
26
[[6], [19], [15]]
22
[[6], [19], [18]]
25
[[6], [19], [16]]
24
[[6], [19], [11]]
19
[[6], [19], [3]]
21
[[6], [18], [12]]
19
[[6], [18], [17]]
23
[[6], [18], [19]]
27
[[6], [18, 19]]
25
[[6], [18], [15]]
22
[[6], [18], [18]]
24
[[6], [18], [16]]
24
[[6], [16], [19]]
23
[[6], [16], [15]]
19
[[6], [16], [18]]
22
[[9], [17], [19]]
20
[[9], [19], [17]]
22
[[9], [19], [19]]
26
[[9], [19], [15]]
19
[[9], [19], [18]]
25
[[9], [19], [14]]
20
[[9], [19], [16]]
20
[[9], [19], [11]]
20
[[9], [18], [19]]
19
[[9], [18, 19]]
24
[[9], [18], [18]]
22
[[9], [18], [14]]
19
[[9], [18], [16]]
19
[[9], [14], [19]]
19
[[8], [17], [17]]
19
[[8], [17], [19]]
19
[[8], [17], [18]]
19
[[8], [19], [17]]
26
[[8], [19], [19]]
24
[[8], [19], [15]]
21
[[8], [19], [18]]
29
[[8], [19], [16]]
26
[[8], [19], [3]]
19
[[8], [18], [17]]
24
[[8], [18], [19]]
24
[[8], [18, 19]]
27
[[8], [18], [18]]
24
[[8], [18], [16]]
21
[[8], [16], [19]]
21
[[8], [16], [15]]
19
[[8], [16], [18]]
20
[[0], [17], [19]]
20
[[0], [19], [17]]
20
[[0], [19], [19]]
19
[[0], [19], [18]]
22
[[0], [18], [17]]
20
[[0], [18], [19]]
20
[[0], [18, 19]]
20
[[0], [18], [18]]
21
[[3], [19], [19]]
19
[[3], [19], [18]]
20
[[3], [18, 19]]
20
[[3], [18], [18]]
20
[[3], [8], [19]]
19
[[17], [19], [19], [19]]
23
[[17], [19], [19], [15]]
22
[[17], [19], [19], [18]]
26
[[17], [19], [19], [16]]
22
[[17], [19], [19], [11]]
20
[[17], [19], [18], [19]]
25
[[17], [19], [18, 19]]
24
[[17], [19], [18], [15]]
20
[[17], [19], [18], [18]]
21
[[17], [19], [18], [16]]
23
[[17], [19], [16], [19]]
22
[[17], [19], [16], [15]]
19
[[17], [19], [16], [18]]
20
[[17], [18], [19], [19]]
20
[[17], [18], [19], [15]]
19
[[17], [18], [19], [18]]
24
[[17], [18, 19], [19]]
19
[[17], [18, 19], [18]]
25
[[17], [18, 19], [16]]
21
[[17], [18], [18], [19]]
21
[[17], [18], [18, 19]]
20
[[17], [18], [18], [18]]
22
[[17], [18], [16], [19]]
21
[[17], [18], [16], [15]]
19
[[17], [18], [16], [18]]
20
[[19], [17], [19], [19]]
21
[[19], [17], [19], [18]]
24
[[19], [17, 19], [19]]
19
[[19], [17], [18], [19]]
21
[[19], [17], [18, 19]]
20
[[19], [17], [18], [18]]
22
[[19], [17], [18], [16]]
23
[[19], [19], [17], [19]]
24
[[19], [19], [17], [15]]
21
[[19], [19], [17], [18]]
22
[[19], [19], [17], [16]]
20
[[19], [19], [19], [17]]
27
[[19], [19], [19], [19]]
32
[[19], [19], [19], [15]]
27
[[19], [19], [19], [4]]
20
[[19], [19], [19], [18]]
35
[[19], [19], [19], [14]]
23
[[19], [19], [19], [16]]
28
[[19], [19], [19], [11]]
21
[[19], [19], [19], [8]]
21
[[19], [19], [19], [3]]
21
[[19], [19], [4], [19]]
20
[[19], [19], [18], [12]]
19
[[19], [19], [18], [17]]
25
[[19], [19], [18], [19]]
29
[[19], [19], [18, 19]]
30
[[19], [19], [18], [15]]
26
[[19], [19], [18], [18]]
29
[[19], [19], [18], [14]]
22
[[19], [19], [18], [16]]
28
[[19], [19], [18], [11]]
20
[[19], [19], [18], [8]]
23
[[19], [19], [18], [3]]
19
[[19], [19], [13], [19]]
21
[[19], [19], [14], [19]]
22
[[19], [19], [14], [18]]
20
[[19], [19], [16], [17]]
20
[[19], [19], [16], [19]]
27
[[19], [19], [16], [15]]
23
[[19], [19], [16], [18]]
23
[[19], [19], [16], [16]]
19
[[19], [19], [16], [8]]
20
[[19], [19], [11], [18]]
19
[[19], [19], [11], [16]]
19
[[19], [19], [6], [19]]
21
[[19], [19], [6], [18]]
20
[[19], [19], [9], [19]]
20
[[19], [19], [8], [19]]
21
[[19], [19], [3], [19]]
19
[[19], [10], [19], [15]]
19
[[19], [5], [19], [18]]
19
[[19], [18], [17], [19]]
19
[[19], [18], [19], [17]]
22
[[19], [18], [19], [19]]
22
[[19], [18], [19], [15]]
21
[[19], [18], [19], [18]]
25
[[19], [18], [19], [14]]
21
[[19], [18, 19], [17]]
25
[[19], [18, 19], [19]]
29
[[19], [18, 19], [15]]
26
[[19], [18, 19], [18]]
32
[[19], [18, 19], [14]]
26
[[19], [18, 19], [16]]
25
[[19], [18, 19], [11]]
19
[[19], [18, 19], [8]]
22
[[19], [18, 19], [3]]
19
[[19], [18], [18], [17]]
23
[[19], [18], [18], [19]]
26
[[19], [18], [18, 19]]
24
[[19], [18], [18], [15]]
21
[[19], [18], [18], [18]]
26
[[19], [18], [18], [14]]
23
[[19], [18], [18], [16]]
22
[[19], [18], [18], [11]]
20
[[19], [18], [18], [8]]
19
[[19], [18], [16], [19]]
21
[[19], [18], [16], [15]]
20
[[19], [18], [16], [18]]
21
[[19], [18], [8], [19]]
19
[[19], [16], [17], [19]]
22
[[19], [16], [19], [17]]
19
[[19], [16], [19], [19]]
26
[[19], [16], [19], [15]]
26
[[19], [16], [19], [18]]
28
[[19], [16], [19], [16]]
20
[[19], [16, 19], [19]]
21
[[19], [16, 19], [15]]
19
[[19], [16, 19], [18]]
22
[[19], [16], [18], [17]]
19
[[19], [16], [18], [19]]
25
[[19], [16], [18, 19]]
26
[[19], [16], [18], [15]]
23
[[19], [16], [18], [18]]
26
[[19], [16], [18], [14]]
19
[[19], [16], [18], [16]]
20
[[19], [16], [16], [19]]
20
[[19], [16], [6], [19]]
19
[[19], [16], [8], [19]]
22
[[19], [11], [19], [18]]
19
[[19], [6], [19], [19]]
20
[[19], [6], [18], [19]]
20
[[19], [6], [18, 19]]
20
[[19], [9], [19], [19]]
20
[[19], [9], [19], [18]]
20
[[19], [9], [18, 19]]
20
[[19], [8], [19], [18]]
21
[[19], [8], [18, 19]]
21
[[5], [19], [19], [17]]
19
[[5], [19], [19], [19]]
20
[[5], [19], [19], [15]]
20
[[5], [19], [19], [18]]
22
[[5], [19], [19], [16]]
19
[[5], [19], [18], [19]]
19
[[5], [19], [18, 19]]
21
[[5], [19], [18], [18]]
20
[[5], [18, 19], [18]]
19
[[5], [18], [18], [19]]
20
[[5], [18], [18], [18]]
20
[[18], [17], [19], [18]]
19
[[18], [19], [19], [17]]
23
[[18], [19], [19], [19]]
30
[[18], [19], [19], [15]]
24
[[18], [19], [19], [18]]
30
[[18], [19], [19], [16]]
26
[[18], [19], [19], [8]]
19
[[18], [19], [19], [3]]
19
[[18], [19], [10], [15]]
19
[[18], [19], [18], [17]]
20
[[18], [19], [18], [19]]
26
[[18], [19], [18, 19]]
29
[[18], [19], [18], [15]]
22
[[18], [19], [18], [18]]
24
[[18], [19], [18], [16]]
24
[[18], [19], [18], [8]]
20
[[18], [19], [16], [19]]
24
[[18], [19], [16], [15]]
19
[[18], [19], [16], [18]]
19
[[18], [19], [16], [16]]
19
[[18], [19], [16], [8]]
19
[[18], [19], [6], [19]]
19
[[18], [19], [8], [19]]
21
[[18, 19], [17], [19]]
20
[[18, 19], [17], [18]]
22
[[18, 19], [17], [16]]
21
[[18, 19], [19], [17]]
19
[[18, 19], [19], [19]]
29
[[18, 19], [19], [15]]
23
[[18, 19], [19], [18]]
30
[[18, 19], [19], [14]]
21
[[18, 19], [19], [16]]
23
[[18, 19], [19], [8]]
19
[[18, 19], [18], [17]]
19
[[18, 19], [18], [19]]
27
[[18, 19], [18, 19]]
26
[[18, 19], [18], [15]]
23
[[18, 19], [18], [18]]
27
[[18, 19], [18], [16]]
26
[[18, 19], [18], [8]]
21
[[18, 19], [16], [19]]
24
[[18, 19], [16, 19]]
19
[[18, 19], [16], [15]]
20
[[18, 19], [16], [18]]
23
[[18, 19], [16], [16]]
22
[[18, 19], [16], [8]]
20
[[18, 19], [6], [19]]
20
[[18, 19], [6], [18]]
19
[[18, 19], [8], [19]]
22
[[18, 19], [8], [16]]
19
[[18], [10], [19], [15]]
20
[[18], [18], [19], [17]]
21
[[18], [18], [19], [19]]
25
[[18], [18], [19], [15]]
21
[[18], [18], [19], [18]]
25
[[18], [18], [19], [16]]
19
[[18], [18], [19], [8]]
19
[[18], [18, 19], [17]]
21
[[18], [18, 19], [19]]
27
[[18], [18, 19], [15]]
23
[[18], [18, 19], [18]]
30
[[18], [18, 19], [14]]
25
[[18], [18, 19], [16]]
24
[[18], [18, 19], [8]]
24
[[18], [18], [18], [17]]
20
[[18], [18], [18], [19]]
24
[[18], [18], [18, 19]]
24
[[18], [18], [18], [18]]
22
[[18], [18], [18], [16]]
21
[[18], [18], [18], [8]]
20
[[18], [18], [14], [19]]
19
[[18], [18], [16], [19]]
24
[[18], [18], [9], [19]]
19
[[18], [18], [8], [19]]
20
[[18], [16], [19], [19]]
25
[[18], [16], [19], [15]]
23
[[18], [16], [19], [18]]
26
[[18], [16], [19], [16]]
20
[[18], [16, 19], [19]]
23
[[18], [16, 19], [15]]
19
[[18], [16, 19], [18]]
24
[[18], [16], [18], [19]]
21
[[18], [16], [18, 19]]
26
[[18], [16], [18], [15]]
20
[[18], [16], [18], [18]]
22
[[18], [16], [16], [19]]
19
[[18], [16], [8], [19]]
19
[[18], [9], [19], [19]]
20
[[18], [9], [18, 19]]
19
[[18], [8], [19], [18]]
19
[[18], [8], [18, 19]]
20
[[13], [19], [19], [18]]
21
[[13], [19], [18, 19]]
22
[[13], [18, 19], [18]]
21
[[14], [19], [19], [18]]
19
[[14], [19], [19], [16]]
19
[[14], [19], [18, 19]]
20
[[16], [19], [19], [17]]
22
[[16], [19], [19], [19]]
24
[[16], [19], [19], [15]]
23
[[16], [19], [19], [18]]
23
[[16], [19], [19], [14]]
19
[[16], [19], [19], [16]]
20
[[16], [19], [19], [8]]
19
[[16], [19], [18], [19]]
20
[[16], [19], [18, 19]]
26
[[16], [19], [18], [18]]
21
[[16, 19], [19], [19]]
19
[[16, 19], [19], [18]]
25
[[16, 19], [18], [19]]
19
[[16, 19], [18, 19]]
24
[[16, 19], [18], [18]]
24
[[16, 19], [16], [19]]
20
[[16, 19], [16], [18]]
20
[[16], [18, 19], [17]]
19
[[16], [18, 19], [19]]
20
[[16], [18, 19], [15]]
20
[[16], [18, 19], [18]]
26
[[16], [18, 19], [14]]
19
[[16], [18], [18], [19]]
22
[[16], [18], [18, 19]]
20
[[16], [18], [18], [18]]
21
[[16], [16], [19], [18]]
19
[[16], [16], [18], [19]]
19
[[16], [16], [18, 19]]
21
[[16], [16], [18], [18]]
20
[[6], [19], [19], [19]]
19
[[6], [19], [19], [15]]
19
[[6], [19], [19], [18]]
19
[[6], [19], [18, 19]]
19
[[9], [19], [19], [18]]
19
[[9], [18, 19], [18]]
19
[[8], [19], [19], [19]]
21
[[17], [19], [18, 19], [18]]
19
[[19], [19], [19], [19], [19]]
20
[[19], [19], [19], [19], [15]]
20
[[19], [19], [19], [19], [18]]
22
[[19], [19], [19], [18], [19]]
20
[[19], [19], [19], [18, 19]]
21
[[19], [19], [18, 19], [19]]
21
[[19], [19], [18, 19], [18]]
23
[[19], [16], [19], [18, 19]]
20
[[19], [16], [18, 19], [18]]
19
[[18], [19], [19], [19], [19]]
19
[[18], [19], [19], [19], [15]]
19
[[18], [19], [19], [19], [18]]
21
[[18], [19], [19], [18, 19]]
21
[[18], [19], [18, 19], [19]]
21
[[18], [19], [18, 19], [18]]
21
[[18, 19], [19], [19], [19]]
20
[[18, 19], [19], [19], [15]]
19
[[18, 19], [19], [19], [18]]
19
[[18, 19], [19], [19], [16]]
19
[[18, 19], [19], [18], [19]]
21
[[18, 19], [19], [18], [16]]
19
[[18, 19], [18, 19], [19]]
21
[[18, 19], [18, 19], [18]]
20
[[18], [18, 19], [19], [19]]
20
[[18], [18, 19], [19], [18]]
20
[[18], [18], [18, 19], [18]]
19
[[18], [16], [19], [18, 19]]
20
