[[12]]
95
[[17]]
117
[[19]]
131
[[15]]
103
[[4]]
75
[[10]]
89
[[5]]
94
[[18]]
127
[[13]]
85
[[14]]
96
[[16]]
122
[[11]]
99
[[7]]
91
[[2]]
69
[[6]]
82
[[9]]
83
[[8]]
96
[[0]]
80
[[1]]
77
[[3]]
79
[[12], [12]]
44
[[12], [17]]
51
[[12], [19]]
70
[[12], [15]]
48
[[12], [10]]
39
[[12], [5]]
42
[[12], [18]]
60
[[12], [14]]
43
[[12], [16]]
58
[[12], [11]]
45
[[12], [7]]
41
[[12], [6]]
38
[[12], [9]]
37
[[12], [8]]
40
[[12], [1]]
37
[[17], [12]]
62
[[17], [17]]
82
[[17], [19]]
95
[[17, 19]]
64
[[17], [15]]
75
[[17], [4]]
49
[[17], [10]]
60
[[17], [5]]
62
[[17], [18]]
92
[[17, 18]]
45
[[17], [13]]
58
[[17], [14]]
66
[[17], [16]]
88
[[17], [11]]
70
[[17], [7]]
64
[[17], [2]]
48
[[17], [6]]
60
[[17], [9]]
55
[[17], [8]]
63
[[17], [0]]
45
[[17], [1]]
52
[[17], [3]]
57
[[19], [12]]
73
[[19], [17]]
103
[[19], [19]]
117
[[19], [15]]
88
[[19], [4]]
68
[[19], [10]]
76
[[19], [5]]
75
[[19], [18]]
113
[[19], [13]]
70
[[19], [14]]
79
[[19], [16]]
109
[[19], [11]]
78
[[19], [7]]
72
[[19], [2]]
61
[[19], [6]]
67
[[19], [9]]
72
[[19], [8]]
79
[[19], [0]]
69
[[19], [1]]
65
[[19], [3]]
70
[[15], [12]]
51
[[15], [17]]
60
[[15], [19]]
79
[[15, 19]]
42
[[15], [15]]
63
[[15], [4]]
43
[[15], [10]]
48
[[15], [5]]
47
[[15], [18]]
74
[[15], [13]]
46
[[15], [14]]
55
[[15], [16]]
68
[[15], [11]]
52
[[15], [7]]
57
[[15], [2]]
37
[[15], [6]]
45
[[15], [9]]
49
[[15], [8]]
54
[[15], [0]]
37
[[15], [1]]
42
[[15], [3]]
40
[[4], [17]]
47
[[4], [19]]
57
[[4], [15]]
43
[[4], [10]]
37
[[4], [18]]
55
[[4], [14]]
40
[[4], [16]]
50
[[4], [11]]
38
[[4], [8]]
39
[[10], [12]]
45
[[10], [17]]
63
[[10], [19]]
67
[[10], [15]]
51
[[10], [10]]
45
[[10], [5]]
40
[[10], [18]]
64
[[10], [13]]
37
[[10], [14]]
44
[[10], [16]]
56
[[10], [11]]
45
[[10], [7]]
48
[[10], [6]]
37
[[10], [8]]
41
[[10], [0]]
38
[[5], [12]]
47
[[5], [17]]
63
[[5], [19]]
70
[[5], [15]]
58
[[5], [4]]
41
[[5], [10]]
47
[[5], [5]]
43
[[5], [18]]
70
[[5], [13]]
42
[[5], [14]]
46
[[5], [16]]
64
[[5], [11]]
49
[[5], [7]]
48
[[5], [6]]
40
[[5], [9]]
45
[[5], [8]]
49
[[5], [1]]
39
[[5], [3]]
40
[[18], [12]]
67
[[18], [17]]
90
[[18], [19]]
103
[[18, 19]]
98
[[18], [15]]
77
[[18], [4]]
59
[[18], [10]]
66
[[18], [5]]
60
[[18], [18]]
106
[[18], [13]]
65
[[18], [14]]
71
[[18], [16]]
96
[[18], [11]]
69
[[18], [7]]
66
[[18], [2]]
51
[[18], [6]]
59
[[18], [9]]
60
[[18], [8]]
67
[[18], [0]]
58
[[18], [1]]
58
[[18], [3]]
54
[[13], [12]]
41
[[13], [17]]
52
[[13], [19]]
71
[[13], [15]]
52
[[13], [10]]
42
[[13], [18]]
65
[[13], [13]]
46
[[13], [14]]
44
[[13], [16]]
56
[[13], [11]]
45
[[13], [7]]
42
[[13], [9]]
40
[[13], [8]]
49
[[13], [1]]
37
[[13], [3]]
40
[[14], [12]]
45
[[14], [17]]
69
[[14], [19]]
80
[[14], [15]]
58
[[14], [4]]
41
[[14], [10]]
48
[[14], [5]]
43
[[14], [18]]
74
[[14], [13]]
54
[[14], [14]]
59
[[14], [16]]
73
[[14], [11]]
49
[[14], [7]]
50
[[14], [2]]
41
[[14], [6]]
47
[[14], [9]]
47
[[14], [8]]
50
[[14], [0]]
38
[[14], [1]]
44
[[14], [3]]
48
[[16], [12]]
61
[[16], [17]]
83
[[16, 17]]
41
[[16], [19]]
97
[[16, 19]]
67
[[16], [15]]
70
[[16], [4]]
52
[[16], [10]]
61
[[16], [5]]
56
[[16], [18]]
91
[[16, 18]]
52
[[16], [13]]
55
[[16], [14]]
69
[[16], [16]]
86
[[16], [11]]
64
[[16], [7]]
62
[[16], [2]]
48
[[16], [6]]
53
[[16], [9]]
57
[[16], [8]]
68
[[16], [0]]
50
[[16], [1]]
52
[[16], [3]]
57
[[11], [12]]
46
[[11], [17]]
59
[[11], [19]]
73
[[11], [15]]
54
[[11], [4]]
37
[[11], [10]]
45
[[11], [5]]
43
[[11], [18]]
72
[[11], [13]]
38
[[11], [14]]
49
[[11], [16]]
65
[[11], [11]]
47
[[11], [7]]
46
[[11], [6]]
39
[[11], [9]]
44
[[11], [8]]
47
[[11], [1]]
41
[[11], [3]]
37
[[7], [12]]
40
[[7], [17]]
50
[[7], [19]]
65
[[7], [15]]
52
[[7], [5]]
37
[[7], [18]]
65
[[7], [14]]
46
[[7], [16]]
50
[[7], [11]]
45
[[7], [7]]
40
[[7], [9]]
39
[[7], [8]]
41
[[7], [1]]
38
[[2], [17]]
49
[[2], [19]]
57
[[2], [15]]
43
[[2], [18]]
49
[[2], [16]]
47
[[2], [11]]
41
[[6], [12]]
43
[[6], [17]]
50
[[6], [19]]
67
[[6], [15]]
51
[[6], [10]]
37
[[6], [5]]
44
[[6], [18]]
62
[[6], [14]]
41
[[6], [16]]
54
[[6], [11]]
46
[[6], [7]]
37
[[6], [9]]
38
[[6], [8]]
43
[[6], [3]]
39
[[9], [12]]
38
[[9], [17]]
60
[[9], [19]]
70
[[9], [15]]
50
[[9], [4]]
39
[[9], [10]]
37
[[9], [18]]
67
[[9], [13]]
41
[[9], [14]]
50
[[9], [16]]
59
[[9], [11]]
45
[[9], [7]]
42
[[9], [6]]
41
[[9], [9]]
41
[[9], [8]]
44
[[9], [1]]
40
[[9], [3]]
39
[[8], [12]]
43
[[8], [17]]
62
[[8], [19]]
77
[[8], [15]]
55
[[8], [10]]
38
[[8], [5]]
44
[[8], [18]]
66
[[8], [13]]
38
[[8], [14]]
47
[[8], [16]]
68
[[8], [11]]
46
[[8], [7]]
41
[[8], [2]]
37
[[8], [9]]
45
[[8], [8]]
41
[[8], [3]]
39
[[0], [17]]
51
[[0], [19]]
60
[[0], [15]]
47
[[0], [10]]
38
[[0], [18]]
57
[[0], [14]]
42
[[0], [16]]
50
[[0], [11]]
45
[[0], [7]]
45
[[0], [6]]
37
[[0], [8]]
37
[[0], [3]]
40
[[1], [12]]
39
[[1], [17]]
49
[[1], [19]]
57
[[1], [15]]
42
[[1], [18]]
55
[[1], [14]]
41
[[1], [16]]
47
[[1], [11]]
38
[[3], [12]]
42
[[3], [17]]
50
[[3], [19]]
62
[[3], [15]]
45
[[3], [18]]
52
[[3], [16]]
53
[[3], [11]]
42
[[3], [8]]
41
[[12], [19], [17]]
41
[[12], [19], [19]]
51
[[12], [19], [15]]
42
[[12], [19], [18]]
48
[[12], [19], [16]]
41
[[12], [18], [19]]
47
[[12], [18, 19]]
45
[[12], [18], [15]]
37
[[12], [18], [18]]
44
[[12], [18], [16]]
38
[[12], [16], [19]]
39
[[17], [12], [19]]
39
[[17], [17], [17]]
44
[[17], [17], [19]]
59
[[17], [17, 19]]
41
[[17], [17], [15]]
46
[[17], [17], [10]]
37
[[17], [17], [18]]
58
[[17], [17], [14]]
39
[[17], [17], [16]]
53
[[17], [17], [11]]
37
[[17], [17], [7]]
38
[[17], [19], [12]]
44
[[17], [19], [17]]
63
[[17], [19], [19]]
77
[[17], [19], [15]]
57
[[17], [19], [4]]
42
[[17], [19], [10]]
54
[[17], [19], [5]]
42
[[17], [19], [18]]
75
[[17], [19], [13]]
44
[[17], [19], [14]]
53
[[17], [19], [16]]
73
[[17], [19], [11]]
55
[[17], [19], [7]]
44
[[17], [19], [6]]
44
[[17], [19], [9]]
41
[[17], [19], [8]]
48
[[17], [19], [3]]
44
[[17, 19], [17]]
47
[[17, 19], [19]]
52
[[17, 19], [15]]
42
[[17, 19], [18]]
49
[[17, 19], [16]]
45
[[17], [15], [17]]
38
[[17], [15], [19]]
48
[[17], [15], [15]]
39
[[17], [15], [18]]
46
[[17], [15], [16]]
45
[[17], [15], [11]]
37
[[17], [10], [17]]
37
[[17], [10], [19]]
42
[[17], [10], [18]]
41
[[17], [5], [19]]
43
[[17], [5], [15]]
37
[[17], [5], [18]]
43
[[17], [5], [16]]
42
[[17], [18], [12]]
40
[[17], [18], [17]]
55
[[17], [18], [19]]
72
[[17], [18, 19]]
62
[[17], [18], [15]]
49
[[17], [18], [10]]
41
[[17], [18], [5]]
37
[[17], [18], [18]]
66
[[17], [18], [14]]
48
[[17], [18], [16]]
63
[[17], [18], [11]]
41
[[17], [18], [7]]
40
[[17], [18], [6]]
40
[[17], [18], [9]]
38
[[17], [18], [8]]
42
[[17], [18], [3]]
37
[[17], [13], [19]]
41
[[17], [14], [17]]
41
[[17], [14], [19]]
44
[[17], [14], [18]]
45
[[17], [14], [16]]
38
[[17], [16], [17]]
49
[[17], [16], [19]]
63
[[17], [16, 19]]
45
[[17], [16], [15]]
43
[[17], [16], [10]]
37
[[17], [16], [18]]
58
[[17], [16], [14]]
40
[[17], [16], [16]]
55
[[17], [16], [11]]
39
[[17], [16], [7]]
40
[[17], [16], [8]]
40
[[17], [16], [3]]
37
[[17], [11], [19]]
46
[[17], [11], [18]]
45
[[17], [11], [16]]
40
[[17], [7], [19]]
39
[[17], [7], [18]]
39
[[17], [6], [19]]
45
[[17], [6], [18]]
39
[[17], [6], [16]]
38
[[17], [9], [19]]
45
[[17], [9], [18]]
37
[[17], [8], [19]]
44
[[17], [8], [18]]
38
[[17], [8], [16]]
43
[[17], [3], [19]]
39
[[17], [3], [16]]
38
[[19], [12], [17]]
37
[[19], [12], [19]]
51
[[19], [12], [18]]
44
[[19], [12], [16]]
40
[[19], [17], [12]]
47
[[19], [17], [17]]
61
[[19], [17], [19]]
74
[[19], [17, 19]]
52
[[19], [17], [15]]
57
[[19], [17], [10]]
45
[[19], [17], [5]]
44
[[19], [17], [18]]
73
[[19], [17, 18]]
38
[[19], [17], [13]]
43
[[19], [17], [14]]
53
[[19], [17], [16]]
70
[[19], [17], [11]]
53
[[19], [17], [7]]
50
[[19], [17], [6]]
46
[[19], [17], [9]]
41
[[19], [17], [8]]
46
[[19], [17], [1]]
39
[[19], [17], [3]]
44
[[19], [19], [12]]
54
[[19], [19], [17]]
83
[[19], [19], [19]]
97
[[19], [19], [15]]
75
[[19], [19], [4]]
57
[[19], [19], [10]]
57
[[19], [19], [5]]
53
[[19], [19], [18]]
98
[[19], [19], [13]]
56
[[19], [19], [14]]
68
[[19], [19], [16]]
89
[[19], [19], [11]]
65
[[19], [19], [7]]
56
[[19], [19], [2]]
45
[[19], [19], [6]]
57
[[19], [19], [9]]
55
[[19], [19], [8]]
63
[[19], [19], [0]]
47
[[19], [19], [1]]
50
[[19], [19], [3]]
55
[[19], [15], [12]]
39
[[19], [15], [17]]
49
[[19], [15], [19]]
61
[[19], [15], [15]]
49
[[19], [15], [5]]
37
[[19], [15], [18]]
61
[[19], [15], [14]]
43
[[19], [15], [16]]
56
[[19], [15], [11]]
44
[[19], [15], [7]]
45
[[19], [15], [9]]
40
[[19], [15], [8]]
44
[[19], [4], [17]]
42
[[19], [4], [19]]
51
[[19], [4], [18]]
45
[[19], [4], [16]]
44
[[19], [10], [17]]
48
[[19], [10], [19]]
51
[[19], [10], [15]]
38
[[19], [10], [18]]
50
[[19], [10], [16]]
41
[[19], [5], [17]]
44
[[19], [5], [19]]
53
[[19], [5], [15]]
45
[[19], [5], [18]]
54
[[19], [5], [16]]
49
[[19], [18], [12]]
51
[[19], [18], [17]]
73
[[19], [18], [19]]
89
[[19], [18, 19]]
82
[[19], [18], [15]]
64
[[19], [18], [4]]
47
[[19], [18], [10]]
49
[[19], [18], [5]]
43
[[19], [18], [18]]
85
[[19], [18], [13]]
47
[[19], [18], [14]]
60
[[19], [18], [16]]
73
[[19], [18], [11]]
54
[[19], [18], [7]]
46
[[19], [18], [6]]
45
[[19], [18], [9]]
49
[[19], [18], [8]]
54
[[19], [18], [0]]
45
[[19], [18], [1]]
41
[[19], [18], [3]]
45
[[19], [13], [17]]
42
[[19], [13], [19]]
55
[[19], [13], [15]]
41
[[19], [13], [18]]
51
[[19], [13], [16]]
43
[[19], [14], [17]]
50
[[19], [14], [19]]
57
[[19], [14], [15]]
38
[[19], [14], [18]]
52
[[19], [14], [16]]
50
[[19], [14], [11]]
41
[[19], [16], [12]]
46
[[19], [16], [17]]
68
[[19], [16], [19]]
81
[[19], [16, 19]]
54
[[19], [16], [15]]
61
[[19], [16], [4]]
41
[[19], [16], [10]]
43
[[19], [16], [5]]
43
[[19], [16], [18]]
75
[[19], [16, 18]]
43
[[19], [16], [13]]
45
[[19], [16], [14]]
53
[[19], [16], [16]]
66
[[19], [16], [11]]
50
[[19], [16], [7]]
48
[[19], [16], [2]]
41
[[19], [16], [6]]
46
[[19], [16], [9]]
46
[[19], [16], [8]]
55
[[19], [16], [0]]
37
[[19], [16], [1]]
43
[[19], [16], [3]]
46
[[19], [11], [17]]
46
[[19], [11], [19]]
55
[[19], [11], [15]]
39
[[19], [11], [18]]
52
[[19], [11], [14]]
39
[[19], [11], [16]]
47
[[19], [11], [11]]
41
[[19], [7], [17]]
38
[[19], [7], [19]]
46
[[19], [7], [15]]
41
[[19], [7], [18]]
45
[[19], [7], [16]]
38
[[19], [2], [17]]
39
[[19], [2], [19]]
46
[[19], [2], [18]]
42
[[19], [2], [16]]
37
[[19], [6], [19]]
53
[[19], [6], [15]]
40
[[19], [6], [18]]
48
[[19], [6], [16]]
42
[[19], [9], [17]]
49
[[19], [9], [19]]
58
[[19], [9], [15]]
41
[[19], [9], [18]]
53
[[19], [9], [16]]
46
[[19], [8], [17]]
48
[[19], [8], [19]]
57
[[19], [8], [15]]
41
[[19], [8], [18]]
50
[[19], [8], [16]]
51
[[19], [0], [17]]
42
[[19], [0], [19]]
49
[[19], [0], [18]]
47
[[19], [0], [16]]
43
[[19], [1], [17]]
39
[[19], [1], [19]]
46
[[19], [1], [18]]
46
[[19], [1], [16]]
37
[[19], [3], [17]]
44
[[19], [3], [19]]
53
[[19], [3], [15]]
37
[[19], [3], [18]]
42
[[19], [3], [16]]
46
[[15], [17], [19]]
44
[[15], [17], [18]]
38
[[15], [19], [12]]
37
[[15], [19], [17]]
46
[[15], [19], [19]]
58
[[15], [19], [15]]
45
[[15], [19], [18]]
56
[[15], [19], [13]]
37
[[15], [19], [14]]
41
[[15], [19], [16]]
46
[[15], [19], [11]]
37
[[15], [18], [17]]
43
[[15], [18], [19]]
52
[[15], [18, 19]]
46
[[15], [18], [15]]
39
[[15], [18], [18]]
53
[[15], [18], [16]]
42
[[15], [14], [19]]
41
[[15], [16], [19]]
52
[[15], [16], [18]]
44
[[15], [7], [19]]
37
[[15], [9], [19]]
38
[[4], [19], [17]]
41
[[4], [19], [19]]
43
[[4], [19], [18]]
42
[[4], [19], [16]]
40
[[4], [18], [17]]
38
[[4], [18], [19]]
40
[[4], [18, 19]]
37
[[4], [18], [18]]
40
[[10], [17], [19]]
40
[[10], [19], [17]]
47
[[10], [19], [19]]
52
[[10], [19], [15]]
39
[[10], [19], [18]]
46
[[10], [19], [16]]
40
[[10], [19], [11]]
37
[[10], [18], [17]]
38
[[10], [18], [19]]
46
[[10], [18, 19]]
41
[[10], [18], [18]]
41
[[10], [16], [19]]
45
[[10], [16], [18]]
37
[[5], [17], [19]]
47
[[5], [17], [18]]
45
[[5], [17], [16]]
37
[[5], [19], [17]]
43
[[5], [19], [19]]
57
[[5], [19], [15]]
46
[[5], [19], [18]]
53
[[5], [19], [16]]
45
[[5], [19], [11]]
38
[[5], [15], [19]]
37
[[5], [18], [17]]
41
[[5], [18], [19]]
54
[[5], [18, 19]]
47
[[5], [18], [15]]
41
[[5], [18], [18]]
48
[[5], [18], [16]]
41
[[5], [16], [19]]
48
[[5], [16], [18]]
39
[[18], [12], [19]]
44
[[18], [12], [18]]
37
[[18], [17], [17]]
51
[[18], [17], [19]]
62
[[18], [17, 19]]
42
[[18], [17], [15]]
45
[[18], [17], [10]]
39
[[18], [17], [18]]
61
[[18], [17], [14]]
42
[[18], [17], [16]]
56
[[18], [17], [11]]
41
[[18], [17], [7]]
43
[[18], [17], [8]]
40
[[18], [19], [12]]
43
[[18], [19], [17]]
68
[[18], [19], [19]]
82
[[18], [19], [15]]
61
[[18], [19], [4]]
42
[[18], [19], [10]]
53
[[18], [19], [5]]
45
[[18], [19], [18]]
82
[[18], [19], [13]]
47
[[18], [19], [14]]
57
[[18], [19], [16]]
70
[[18], [19], [11]]
52
[[18], [19], [7]]
49
[[18], [19], [2]]
39
[[18], [19], [6]]
44
[[18], [19], [9]]
43
[[18], [19], [8]]
54
[[18], [19], [0]]
42
[[18], [19], [1]]
44
[[18], [19], [3]]
45
[[18, 19], [12]]
46
[[18, 19], [17]]
67
[[18, 19], [19]]
79
[[18, 19], [15]]
55
[[18, 19], [4]]
42
[[18, 19], [10]]
49
[[18, 19], [5]]
46
[[18, 19], [18]]
81
[[18, 19], [13]]
43
[[18, 19], [14]]
53
[[18, 19], [16]]
70
[[18, 19], [11]]
48
[[18, 19], [7]]
44
[[18, 19], [2]]
37
[[18, 19], [6]]
44
[[18, 19], [9]]
44
[[18, 19], [8]]
53
[[18, 19], [0]]
45
[[18, 19], [1]]
39
[[18, 19], [3]]
41
[[18], [15], [17]]
37
[[18], [15], [19]]
49
[[18], [15], [15]]
38
[[18], [15], [18]]
48
[[18], [15], [16]]
43
[[18], [15], [8]]
37
[[18], [4], [19]]
39
[[18], [4], [18]]
37
[[18], [10], [17]]
41
[[18], [10], [19]]
45
[[18], [10], [18]]
42
[[18], [5], [19]]
38
[[18], [5], [18]]
42
[[18], [18], [12]]
44
[[18], [18], [17]]
64
[[18], [18], [19]]
82
[[18], [18, 19]]
73
[[18], [18], [15]]
61
[[18], [18], [4]]
37
[[18], [18], [10]]
46
[[18], [18], [5]]
43
[[18], [18], [18]]
77
[[18], [18], [13]]
44
[[18], [18], [14]]
52
[[18], [18], [16]]
67
[[18], [18], [11]]
46
[[18], [18], [7]]
44
[[18], [18], [6]]
41
[[18], [18], [9]]
40
[[18], [18], [8]]
54
[[18], [18], [0]]
40
[[18], [18], [3]]
42
[[18], [13], [17]]
38
[[18], [13], [19]]
48
[[18], [13], [15]]
37
[[18], [13], [18]]
47
[[18], [13], [16]]
39
[[18], [14], [17]]
43
[[18], [14], [19]]
49
[[18], [14], [18]]
49
[[18], [14], [16]]
45
[[18], [16], [12]]
38
[[18], [16], [17]]
57
[[18], [16], [19]]
69
[[18], [16, 19]]
50
[[18], [16], [15]]
49
[[18], [16], [10]]
41
[[18], [16], [5]]
38
[[18], [16], [18]]
68
[[18], [16, 18]]
40
[[18], [16], [14]]
46
[[18], [16], [16]]
55
[[18], [16], [11]]
41
[[18], [16], [7]]
41
[[18], [16], [8]]
46
[[18], [16], [1]]
38
[[18], [16], [3]]
37
[[18], [11], [17]]
39
[[18], [11], [19]]
46
[[18], [11], [18]]
42
[[18], [7], [19]]
40
[[18], [7], [18]]
41
[[18], [2], [19]]
39
[[18], [6], [19]]
45
[[18], [6], [18]]
37
[[18], [9], [17]]
40
[[18], [9], [19]]
50
[[18], [9], [18]]
46
[[18], [9], [16]]
39
[[18], [8], [17]]
37
[[18], [8], [19]]
46
[[18], [8], [18]]
38
[[18], [8], [16]]
41
[[18], [1], [17]]
37
[[18], [1], [19]]
41
[[18], [1], [18]]
39
[[18], [3], [19]]
39
[[13], [17], [19]]
40
[[13], [17], [18]]
37
[[13], [19], [17]]
39
[[13], [19], [19]]
54
[[13], [19], [18]]
52
[[13], [19], [14]]
37
[[13], [19], [16]]
39
[[13], [18], [17]]
38
[[13], [18], [19]]
53
[[13], [18, 19]]
48
[[13], [18], [18]]
48
[[13], [18], [16]]
42
[[13], [16], [19]]
44
[[13], [8], [19]]
40
[[14], [17], [17]]
41
[[14], [17], [19]]
51
[[14], [17], [15]]
39
[[14], [17], [18]]
50
[[14], [17], [13]]
37
[[14], [17], [14]]
39
[[14], [17], [16]]
45
[[14], [19], [17]]
49
[[14], [19], [19]]
64
[[14], [19], [15]]
46
[[14], [19], [4]]
37
[[14], [19], [10]]
38
[[14], [19], [5]]
37
[[14], [19], [18]]
60
[[14], [19], [13]]
45
[[14], [19], [14]]
42
[[14], [19], [16]]
53
[[14], [19], [11]]
42
[[14], [19], [6]]
38
[[14], [19], [8]]
38
[[14], [19], [3]]
40
[[14], [15], [19]]
39
[[14], [15], [18]]
37
[[14], [18], [17]]
48
[[14], [18], [19]]
57
[[14], [18, 19]]
51
[[14], [18], [15]]
41
[[14], [18], [18]]
48
[[14], [18], [14]]
41
[[14], [18], [16]]
49
[[14], [13], [19]]
39
[[14], [14], [17]]
37
[[14], [14], [19]]
41
[[14], [14], [18]]
37
[[14], [16], [19]]
50
[[14], [16], [18]]
44
[[14], [16], [16]]
40
[[14], [9], [19]]
39
[[16], [12], [19]]
39
[[16], [17], [17]]
45
[[16], [17], [19]]
60
[[16], [17, 19]]
38
[[16], [17], [15]]
39
[[16], [17], [18]]
55
[[16], [17], [14]]
40
[[16], [17], [16]]
43
[[16], [17], [11]]
42
[[16], [19], [12]]
42
[[16], [19], [17]]
63
[[16], [19], [19]]
78
[[16], [19], [15]]
56
[[16], [19], [4]]
42
[[16], [19], [10]]
48
[[16], [19], [5]]
40
[[16], [19], [18]]
73
[[16], [19], [13]]
42
[[16], [19], [14]]
53
[[16], [19], [16]]
59
[[16], [19], [11]]
49
[[16], [19], [7]]
43
[[16], [19], [6]]
39
[[16], [19], [9]]
41
[[16], [19], [8]]
48
[[16], [19], [0]]
39
[[16], [19], [1]]
37
[[16], [19], [3]]
39
[[16, 19], [17]]
50
[[16, 19], [19]]
57
[[16, 19], [15]]
37
[[16, 19], [18]]
52
[[16, 19], [16]]
52
[[16, 19], [8]]
39
[[16], [15], [19]]
43
[[16], [15], [18]]
41
[[16], [10], [19]]
43
[[16], [10], [18]]
37
[[16], [18], [12]]
40
[[16], [18], [17]]
53
[[16], [18], [19]]
69
[[16], [18, 19]]
65
[[16], [18], [15]]
47
[[16], [18], [10]]
38
[[16], [18], [5]]
39
[[16], [18], [18]]
67
[[16], [18], [14]]
45
[[16], [18], [16]]
54
[[16], [18], [11]]
39
[[16], [18], [7]]
38
[[16], [18], [8]]
41
[[16], [13], [19]]
41
[[16], [14], [17]]
37
[[16], [14], [19]]
49
[[16], [14], [18]]
42
[[16], [16], [17]]
52
[[16], [16], [19]]
65
[[16], [16, 19]]
37
[[16], [16], [15]]
45
[[16], [16], [10]]
37
[[16], [16], [18]]
57
[[16], [16], [14]]
38
[[16], [16], [16]]
48
[[16], [16], [11]]
40
[[16], [16], [7]]
37
[[16], [16], [8]]
40
[[16], [11], [19]]
39
[[16], [11], [18]]
38
[[16], [7], [19]]
39
[[16], [6], [19]]
40
[[16], [9], [17]]
38
[[16], [9], [19]]
48
[[16], [9], [18]]
38
[[16], [8], [17]]
37
[[16], [8], [19]]
46
[[16], [8], [16]]
38
[[16], [3], [19]]
41
[[11], [17], [19]]
43
[[11], [17], [18]]
44
[[11], [19], [17]]
48
[[11], [19], [19]]
54
[[11], [19], [15]]
44
[[11], [19], [18]]
59
[[11], [19], [14]]
38
[[11], [19], [16]]
49
[[11], [18], [17]]
41
[[11], [18], [19]]
50
[[11], [18, 19]]
45
[[11], [18], [15]]
42
[[11], [18], [18]]
51
[[11], [18], [16]]
43
[[11], [16], [17]]
39
[[11], [16], [19]]
42
[[11], [16, 19]]
37
[[11], [16], [18]]
40
[[11], [16], [16]]
37
[[7], [19], [19]]
50
[[7], [19], [18]]
50
[[7], [19], [16]]
38
[[7], [18], [19]]
39
[[7], [18, 19]]
43
[[7], [18], [18]]
43
[[2], [19], [17]]
37
[[2], [19], [19]]
38
[[2], [19], [15]]
37
[[2], [19], [18]]
41
[[2], [18], [19]]
38
[[6], [19], [17]]
42
[[6], [19], [19]]
54
[[6], [19], [15]]
40
[[6], [19], [18]]
45
[[6], [19], [16]]
43
[[6], [19], [11]]
39
[[6], [18], [17]]
39
[[6], [18], [19]]
49
[[6], [18, 19]]
45
[[6], [18], [18]]
43
[[6], [18], [16]]
38
[[6], [16], [19]]
42
[[9], [17], [19]]
40
[[9], [17], [18]]
37
[[9], [19], [17]]
47
[[9], [19], [19]]
59
[[9], [19], [15]]
39
[[9], [19], [18]]
55
[[9], [19], [14]]
43
[[9], [19], [16]]
48
[[9], [19], [11]]
39
[[9], [18], [17]]
43
[[9], [18], [19]]
50
[[9], [18, 19]]
51
[[9], [18], [18]]
47
[[9], [18], [14]]
37
[[9], [18], [16]]
42
[[9], [14], [19]]
40
[[9], [16], [19]]
43
[[9], [16], [18]]
38
[[8], [17], [19]]
40
[[8], [19], [17]]
46
[[8], [19], [19]]
50
[[8], [19], [15]]
38
[[8], [19], [18]]
52
[[8], [19], [16]]
50
[[8], [18], [17]]
42
[[8], [18], [19]]
50
[[8], [18, 19]]
45
[[8], [18], [18]]
46
[[8], [18], [16]]
41
[[8], [16], [17]]
39
[[8], [16], [19]]
43
[[8], [16], [18]]
38
[[0], [19], [17]]
37
[[0], [19], [19]]
46
[[0], [19], [18]]
45
[[0], [19], [16]]
38
[[0], [18], [17]]
39
[[0], [18], [19]]
44
[[0], [18, 19]]
43
[[0], [18], [18]]
39
[[1], [19], [19]]
41
[[1], [19], [18]]
41
[[1], [18], [19]]
39
[[1], [18, 19]]
39
[[1], [18], [18]]
37
[[3], [19], [17]]
39
[[3], [19], [19]]
37
[[3], [19], [18]]
42
[[3], [19], [16]]
37
[[3], [18], [19]]
39
[[3], [18, 19]]
39
[[3], [18], [18]]
37
[[17], [17], [19], [19]]
37
[[17], [17], [19], [18]]
44
[[17], [17], [18], [19]]
40
[[17], [17], [18], [18]]
37
[[17], [19], [17], [19]]
39
[[17], [19], [17], [18]]
38
[[17], [19], [19], [17]]
47
[[17], [19], [19], [19]]
58
[[17], [19], [19], [15]]
43
[[17], [19], [19], [10]]
38
[[17], [19], [19], [18]]
55
[[17], [19], [19], [14]]
40
[[17], [19], [19], [16]]
50
[[17], [19], [19], [11]]
41
[[17], [19], [18], [17]]
42
[[17], [19], [18], [19]]
55
[[17], [19], [18, 19]]
49
[[17], [19], [18], [15]]
38
[[17], [19], [18], [18]]
44
[[17], [19], [18], [16]]
46
[[17], [19], [16], [19]]
47
[[17], [19], [16], [18]]
44
[[17], [19], [16], [16]]
37
[[17, 19], [19], [18]]
41
[[17, 19], [19], [16]]
37
[[17], [18], [19], [17]]
41
[[17], [18], [19], [19]]
45
[[17], [18], [19], [18]]
48
[[17], [18, 19], [19]]
47
[[17], [18, 19], [18]]
50
[[17], [18, 19], [16]]
42
[[17], [18], [18], [19]]
44
[[17], [18], [18, 19]]
40
[[17], [18], [18], [18]]
41
[[17], [18], [16], [19]]
39
[[17], [18], [16], [18]]
38
[[17], [16], [19], [19]]
42
[[17], [16], [19], [18]]
39
[[19], [17], [17], [19]]
41
[[19], [17], [19], [17]]
40
[[19], [17], [19], [19]]
53
[[19], [17], [19], [15]]
40
[[19], [17], [19], [18]]
52
[[19], [17], [19], [14]]
40
[[19], [17], [19], [16]]
48
[[19], [17], [19], [11]]
37
[[19], [17, 19], [19]]
38
[[19], [17, 19], [18]]
39
[[19], [17], [18], [17]]
39
[[19], [17], [18], [19]]
52
[[19], [17], [18, 19]]
44
[[19], [17], [18], [18]]
49
[[19], [17], [18], [14]]
37
[[19], [17], [18], [16]]
44
[[19], [17], [16], [19]]
44
[[19], [17], [16], [18]]
40
[[19], [17], [16], [16]]
38
[[19], [19], [17], [17]]
42
[[19], [19], [17], [19]]
54
[[19], [19], [17, 19]]
40
[[19], [19], [17], [15]]
40
[[19], [19], [17], [18]]
50
[[19], [19], [17], [16]]
44
[[19], [19], [19], [12]]
39
[[19], [19], [19], [17]]
63
[[19], [19], [19], [19]]
73
[[19], [19], [19], [15]]
56
[[19], [19], [19], [4]]
37
[[19], [19], [19], [10]]
45
[[19], [19], [19], [18]]
69
[[19], [19], [19], [13]]
37
[[19], [19], [19], [14]]
51
[[19], [19], [19], [16]]
62
[[19], [19], [19], [11]]
49
[[19], [19], [19], [6]]
40
[[19], [19], [19], [8]]
45
[[19], [19], [19], [3]]
39
[[19], [19], [15], [19]]
41
[[19], [19], [15], [18]]
37
[[19], [19], [4], [19]]
40
[[19], [19], [18], [17]]
58
[[19], [19], [18], [19]]
69
[[19], [19], [18, 19]]
64
[[19], [19], [18], [15]]
50
[[19], [19], [18], [18]]
58
[[19], [19], [18], [14]]
46
[[19], [19], [18], [16]]
58
[[19], [19], [18], [11]]
41
[[19], [19], [18], [8]]
43
[[19], [19], [13], [19]]
39
[[19], [19], [14], [17]]
38
[[19], [19], [14], [19]]
46
[[19], [19], [14], [18]]
40
[[19], [19], [14], [16]]
37
[[19], [19], [16], [17]]
46
[[19], [19], [16], [19]]
58
[[19], [19], [16, 19]]
38
[[19], [19], [16], [15]]
41
[[19], [19], [16], [18]]
50
[[19], [19], [16], [16]]
47
[[19], [19], [16], [11]]
38
[[19], [19], [11], [19]]
42
[[19], [19], [11], [18]]
39
[[19], [19], [6], [19]]
41
[[19], [19], [9], [19]]
44
[[19], [19], [8], [19]]
40
[[19], [19], [3], [19]]
37
[[19], [15], [19], [19]]
44
[[19], [15], [19], [18]]
43
[[19], [15], [18], [19]]
42
[[19], [15], [18], [18]]
41
[[19], [15], [16], [19]]
41
[[19], [15], [16], [18]]
37
[[19], [10], [19], [19]]
38
[[19], [5], [19], [19]]
42
[[19], [5], [19], [18]]
39
[[19], [5], [18], [19]]
39
[[19], [18], [17], [17]]
38
[[19], [18], [17], [19]]
40
[[19], [18], [17], [18]]
39
[[19], [18], [19], [17]]
52
[[19], [18], [19], [19]]
54
[[19], [18], [19], [15]]
44
[[19], [18], [19], [18]]
55
[[19], [18], [19], [14]]
46
[[19], [18], [19], [16]]
44
[[19], [18], [19], [11]]
38
[[19], [18, 19], [17]]
49
[[19], [18, 19], [19]]
60
[[19], [18, 19], [15]]
43
[[19], [18, 19], [18]]
57
[[19], [18, 19], [14]]
43
[[19], [18, 19], [16]]
48
[[19], [18, 19], [11]]
37
[[19], [18, 19], [8]]
38
[[19], [18], [18], [17]]
49
[[19], [18], [18], [19]]
56
[[19], [18], [18, 19]]
52
[[19], [18], [18], [15]]
41
[[19], [18], [18], [18]]
49
[[19], [18], [18], [14]]
40
[[19], [18], [18], [16]]
46
[[19], [18], [14], [17]]
37
[[19], [18], [14], [19]]
38
[[19], [18], [16], [17]]
38
[[19], [18], [16], [19]]
43
[[19], [18], [16], [18]]
40
[[19], [18], [9], [19]]
38
[[19], [13], [18], [19]]
37
[[19], [14], [19], [19]]
41
[[19], [16], [17], [19]]
44
[[19], [16], [17], [18]]
37
[[19], [16], [19], [17]]
44
[[19], [16], [19], [19]]
57
[[19], [16], [19], [15]]
45
[[19], [16], [19], [18]]
53
[[19], [16], [19], [14]]
38
[[19], [16], [19], [16]]
37
[[19], [16, 19], [17]]
37
[[19], [16, 19], [19]]
41
[[19], [16], [18], [17]]
39
[[19], [16], [18], [19]]
53
[[19], [16], [18, 19]]
51
[[19], [16], [18], [15]]
39
[[19], [16], [18], [18]]
49
[[19], [16], [16], [19]]
47
[[19], [16], [16], [18]]
37
[[19], [16], [9], [19]]
38
[[19], [11], [19], [19]]
39
[[19], [11], [19], [18]]
38
[[19], [11], [18], [19]]
37
[[19], [11], [18], [18]]
38
[[19], [6], [19], [19]]
39
[[19], [9], [19], [19]]
41
[[19], [9], [19], [18]]
39
[[19], [9], [18, 19]]
40
[[19], [0], [19], [19]]
37
[[15], [19], [19], [19]]
45
[[10], [19], [19], [19]]
37
[[5], [19], [19], [17]]
37
[[5], [19], [19], [19]]
46
[[5], [19], [19], [18]]
42
[[5], [19], [18], [19]]
43
[[5], [19], [18, 19]]
39
[[5], [19], [18], [18]]
37
[[5], [18], [19], [19]]
38
[[5], [18, 19], [19]]
40
[[5], [18], [18], [19]]
38
[[18], [17], [19], [19]]
42
[[18], [17], [19], [18]]
41
[[18], [17], [18], [19]]
43
[[18], [17], [18], [18]]
39
[[18], [19], [17], [19]]
41
[[18], [19], [17], [18]]
40
[[18], [19], [19], [17]]
52
[[18], [19], [19], [19]]
61
[[18], [19], [19], [15]]
45
[[18], [19], [19], [18]]
56
[[18], [19], [19], [14]]
39
[[18], [19], [19], [16]]
48
[[18], [19], [15], [19]]
37
[[18], [19], [18], [17]]
47
[[18], [19], [18], [19]]
59
[[18], [19], [18, 19]]
52
[[18], [19], [18], [15]]
41
[[18], [19], [18], [18]]
52
[[18], [19], [18], [16]]
46
[[18], [19], [18], [8]]
38
[[18], [19], [16], [17]]
38
[[18], [19], [16], [19]]
46
[[18], [19], [16], [18]]
38
[[18], [19], [16], [16]]
37
[[18, 19], [17], [17]]
37
[[18, 19], [17], [19]]
42
[[18, 19], [17], [18]]
43
[[18, 19], [17], [16]]
40
[[18, 19], [19], [17]]
46
[[18, 19], [19], [19]]
60
[[18, 19], [19], [15]]
43
[[18, 19], [19], [18]]
58
[[18, 19], [19], [14]]
39
[[18, 19], [19], [16]]
48
[[18, 19], [18], [17]]
42
[[18, 19], [18], [19]]
54
[[18, 19], [18, 19]]
49
[[18, 19], [18], [15]]
43
[[18, 19], [18], [18]]
53
[[18, 19], [18], [16]]
45
[[18, 19], [18], [8]]
37
[[18, 19], [16], [17]]
37
[[18, 19], [16], [19]]
46
[[18, 19], [16], [18]]
44
[[18], [18], [17], [19]]
37
[[18], [18], [19], [17]]
46
[[18], [18], [19], [19]]
52
[[18], [18], [19], [15]]
43
[[18], [18], [19], [18]]
50
[[18], [18], [19], [16]]
42
[[18], [18], [19], [8]]
37
[[18], [18, 19], [17]]
43
[[18], [18, 19], [19]]
53
[[18], [18, 19], [15]]
38
[[18], [18, 19], [18]]
51
[[18], [18, 19], [14]]
38
[[18], [18, 19], [16]]
42
[[18], [18, 19], [8]]
39
[[18], [18], [18], [17]]
44
[[18], [18], [18], [19]]
51
[[18], [18], [18, 19]]
45
[[18], [18], [18], [18]]
44
[[18], [18], [18], [16]]
41
[[18], [18], [18], [8]]
37
[[18], [18], [16], [17]]
37
[[18], [18], [16], [19]]
42
[[18], [14], [19], [19]]
37
[[18], [16], [19], [17]]
37
[[18], [16], [19], [19]]
51
[[18], [16], [19], [18]]
46
[[18], [16, 19], [19]]
38
[[18], [16], [18], [19]]
45
[[18], [16], [18, 19]]
47
[[18], [16], [18], [18]]
44
[[18], [16], [16], [19]]
38
[[18], [9], [19], [19]]
37
[[13], [19], [19], [19]]
39
[[13], [19], [18, 19]]
37
[[13], [18, 19], [19]]
37
[[14], [19], [19], [17]]
40
[[14], [19], [19], [19]]
45
[[14], [19], [19], [18]]
42
[[14], [19], [19], [16]]
43
[[14], [19], [18], [19]]
42
[[14], [19], [18, 19]]
38
[[14], [19], [18], [16]]
37
[[14], [18, 19], [19]]
38
[[16], [17], [19], [19]]
40
[[16], [17], [19], [18]]
39
[[16], [17], [18], [19]]
37
[[16], [19], [17], [19]]
42
[[16], [19], [19], [17]]
48
[[16], [19], [19], [19]]
62
[[16], [19], [19], [15]]
43
[[16], [19], [19], [18]]
48
[[16], [19], [19], [14]]
40
[[16], [19], [19], [16]]
40
[[16], [19], [19], [11]]
37
[[16], [19], [19], [8]]
38
[[16], [19], [18], [17]]
39
[[16], [19], [18], [19]]
52
[[16], [19], [18, 19]]
52
[[16], [19], [18], [18]]
43
[[16], [19], [16], [19]]
41
[[16, 19], [19], [19]]
40
[[16, 19], [19], [18]]
42
[[16, 19], [18], [19]]
38
[[16, 19], [18, 19]]
39
[[16, 19], [18], [18]]
40
[[16, 19], [16], [19]]
40
[[16], [18], [19], [19]]
44
[[16], [18], [19], [18]]
40
[[16], [18, 19], [19]]
48
[[16], [18, 19], [18]]
48
[[16], [18], [18], [19]]
46
[[16], [18], [18, 19]]
39
[[16], [18], [18], [18]]
38
[[16], [16], [19], [19]]
40
[[16], [16], [18], [19]]
40
[[16], [16], [18, 19]]
38
[[11], [19], [19], [17]]
37
[[11], [19], [19], [19]]
37
[[11], [19], [19], [18]]
38
[[11], [19], [18], [17]]
37
[[11], [19], [18], [19]]
39
[[6], [19], [19], [19]]
39
[[9], [19], [19], [17]]
38
[[9], [19], [19], [19]]
43
[[9], [19], [19], [18]]
37
[[9], [19], [19], [16]]
37
[[9], [18, 19], [19]]
37
[[9], [18, 19], [18]]
38
[[8], [19], [19], [19]]
39
[[17], [19], [19], [19], [19]]
39
[[17], [19], [19], [19], [18]]
38
[[17], [19], [18, 19], [18]]
37
[[19], [17], [19], [19], [19]]
37
[[19], [19], [19], [19], [17]]
41
[[19], [19], [19], [19], [19]]
52
[[19], [19], [19], [19], [15]]
37
[[19], [19], [19], [19], [18]]
46
[[19], [19], [19], [19], [16]]
39
[[19], [19], [19], [18], [17]]
39
[[19], [19], [19], [18], [19]]
47
[[19], [19], [19], [18, 19]]
44
[[19], [19], [19], [18], [18]]
39
[[19], [19], [19], [16], [19]]
41
[[19], [19], [18], [19], [19]]
42
[[19], [19], [18], [19], [18]]
37
[[19], [19], [18, 19], [17]]
39
[[19], [19], [18, 19], [19]]
49
[[19], [19], [18, 19], [18]]
42
[[19], [19], [18], [18], [19]]
38
[[19], [18, 19], [19], [19]]
37
[[19], [16], [19], [19], [19]]
41
[[19], [16], [19], [18, 19]]
37
[[19], [16], [18, 19], [19]]
37
[[18], [19], [19], [19], [19]]
41
[[18], [19], [19], [19], [18]]
37
[[18], [19], [19], [18], [19]]
39
[[18], [19], [19], [18, 19]]
37
[[18], [19], [18], [19], [19]]
37
[[18], [19], [18, 19], [19]]
40
[[18, 19], [19], [19], [19]]
37
[[18, 19], [19], [18], [19]]
39
[[16], [19], [18, 19], [19]]
37
