10
1 6 8 9 -1 5 -1 1 -1 3 -1 2 -1 1 2 4 -1
2 0 7 -1 9 -1 9 -1 7 -1 1 9 -1 5 -1 2 -1 7 9 -1 6 -1
3 3 7 -1 2 7 -1 8 9 -1 7 -1 6 8 9 -1 2 8 9 -1 1 -1
4 0 7 -1 2 9 -1 3 -1 7 9 -1 2 6 -1 1 -1 6 -1 5 7 -1 5 -1 1 -1 3 -1 8 -1 3 6 -1 6 -1 3 -1
5 9 -1 8 9 -1 8 9 -1 1 -1 7 -1 8 9 -1 8 9 -1 1 7 8 9 -1 1 -1 4 -1
6 4 5 6 9 -1 3 9 -1 6 -1 1 9 -1 7 -1 7 -1 7 -1 0 7 -1 7 9 -1 2 -1 5 9 -1 7 -1 2 -1 0 7 9 -1
7 8 -1 3 7 8 -1 7 9 -1 5 -1 8 9 -1 8 9 -1 5 6 8 -1 2 -1 7 8 -1 0 1 3 -1
8 1 7 -1 0 -1 0 7 -1 7 8 9 -1 0 -1 6 -1 8 9 -1 1 -1 6 -1 3 6 9 -1 2 -1
9 3 5 7 9 -1
10 4 9 -1 7 -1 8 9 -1 3 -1 4 -1
