30
1 6 8 9 -1 5 -1 1 -1 3 -1 2 -1 1 2 4 -1 3 9 -1 6 7 8 -1 7 9 -1 8 -1 0 4 -1
2 0 7 -1 9 -1 9 -1 7 -1 1 9 -1 5 -1 2 -1 7 9 -1 6 -1
3 3 7 -1 2 7 -1 8 9 -1 7 -1 6 8 9 -1 2 8 9 -1 1 -1
4 0 7 -1 2 9 -1 3 -1 7 9 -1 2 6 -1 1 -1 6 -1 5 7 -1 5 -1 1 -1 3 -1 8 -1 3 6 -1 6 -1 3 -1 5 -1
5 9 -1 8 9 -1 8 9 -1 1 -1 7 -1 8 9 -1 8 9 -1 1 7 8 9 -1 1 -1 4 -1 0 3 -1 7 -1 6 -1 3 -1 3 4 -1
6 4 5 6 9 -1 3 9 -1 6 -1 1 9 -1 7 -1 7 -1 7 -1 0 7 -1 7 9 -1 2 -1 5 9 -1 7 -1 2 -1 0 7 9 -1 3 -1
7 8 -1 3 7 8 -1 7 9 -1 5 -1 8 9 -1 8 9 -1 5 6 8 -1 2 -1 7 8 -1 0 1 3 -1
8 1 7 -1 0 -1 0 7 -1 7 8 9 -1 0 -1 6 -1 8 9 -1 1 -1 6 -1 3 6 9 -1 2 -1 6 8 9 -1 4 -1 6 8 -1 3 -1
9 3 5 7 9 -1
10 4 9 -1 7 -1 8 9 -1 3 -1 4 -1 2 -1
11 5 9 -1 4 5 8 -1 0 7 -1 7 8 9 -1 0 -1 0 -1 7 -1 8 9 -1 8 9 -1 2 -1 7 9 -1 3 -1 1 2 9 -1
12 2 6 -1 9 -1 1 -1
13 
14 2 9 -1 9 -1 2 -1 1 -1 1 4 -1 2 -1 8 -1 7 9 -1 0 7 9 -1 0 -1 2 4 -1 6 8 9 -1 1 -1 1 -1 5 -1 8 -1
15 6 8 9 -1 4 -1 8 9 -1 9 -1 5 -1 2 5 9 -1 5 9 -1 9 -1 9 -1 1 6 -1 4 6 -1 1 -1
16 4 -1 6 -1 8 9 -1 4 -1 6 -1 5 6 -1
17 
18 2 -1 1 -1 2 8 9 -1 2 -1 8 9 -1 7 -1
19 7 9 -1 2 7 9 -1
20 4 -1 5 -1 1 -1 6 -1 1 -1 1 -1 4 7 9 -1 3 4 5 6 -1 2 -1 4 6 8 9 -1 9 -1 2 -1 0 5 -1
21 1 -1 9 -1 9 -1 6 -1 5 7 -1 0 1 3 -1 8 9 -1 0 -1
22 0 2 -1 3 6 7 -1 6 -1 1 2 -1 1 9 -1 2 6 -1 3 7 -1 2 -1 0 -1 2 6 7 -1 6 7 -1
23 1 -1 6 8 -1
24 5 6 9 -1 2 4 9 -1 7 -1 5 8 -1 8 -1 8 9 -1 6 -1 5 -1 1 -1 3 -1 3 5 6 -1 8 9 -1
25 4 9 -1 1 -1 5 8 -1 7 8 -1 7 -1 7 -1 0 -1 1 -1
26 4 -1 8 9 -1 6 7 -1 8 -1 6 -1 2 6 9 -1 0 3 8 -1
27 0 -1
28 5 -1 8 -1 7 9 -1 3 9 -1 0 -1 7 9 -1 0 7 -1 4 -1 6 8 -1 2 -1 2 9 -1
29 3 -1
30 0 9 -1 2 -1 5 6 8 9 -1 5 9 -1 8 -1 7 8 -1 6 -1
