[[2]]
11
[[2], [7]]
8
[[2], [9]]
10
[[2], [9], [6]]
7
[[2], [1]]
8
[[2], [6]]
7
[[3]]
9
[[3], [2]]
7
[[1]]
12
[[5]]
10
[[9]]
15
[[9], [1]]
12
[[9], [2]]
10
[[9], [2], [7]]
7
[[9], [2], [1]]
7
[[9], [2], [9]]
7
[[9], [3]]
7
[[9], [5]]
9
[[9], [6]]
10
[[9], [7]]
10
[[9], [7], [1]]
7
[[9], [7], [7]]
7
[[9], [7], [9]]
8
[[9], [7], [8]]
7
[[9], [7, 9]]
7
[[9], [8]]
10
[[9], [8], [1]]
7
[[9], [8], [9]]
8
[[9], [8], [8]]
7
[[9], [8, 9]]
8
[[9], [8, 9], [1]]
7
[[9], [9]]
12
[[9], [9], [1]]
10
[[9], [9], [2]]
9
[[9], [9], [6]]
8
[[9], [9], [7]]
8
[[9], [9], [8]]
8
[[9], [9], [9]]
10
[[9], [9], [9], [2]]
7
[[9], [9], [9], [9]]
7
[[8]]
11
[[8], [1]]
8
[[8], [2]]
7
[[8], [6]]
8
[[8], [8]]
8
[[8], [8], [1]]
7
[[8], [8], [9]]
7
[[8], [8, 9]]
7
[[8], [8, 9], [1]]
7
[[8], [9]]
8
[[8], [9], [1]]
7
[[8], [9], [9]]
8
[[8], [9], [8]]
7
[[8, 9]]
10
[[8, 9], [1]]
8
[[8, 9], [8]]
7
[[8, 9], [9]]
7
[[6]]
11
[[6], [1]]
9
[[6], [8]]
7
[[6], [9]]
7
[[7]]
12
[[7], [1]]
8
[[7], [2]]
8
[[7], [2], [9]]
7
[[7], [7]]
10
[[7], [7], [1]]
8
[[7], [7], [2]]
8
[[7], [7], [7]]
7
[[7], [7], [8]]
7
[[7], [7], [9]]
7
[[7], [7, 9]]
9
[[7], [8]]
9
[[7], [8, 9]]
7
[[7], [9]]
11
[[7], [9], [1]]
8
[[7], [9], [2]]
8
[[7], [9], [7]]
7
[[7], [9], [8]]
8
[[7], [9], [9]]
9
[[7], [9], [9], [1]]
8
[[7], [9], [9], [2]]
7
[[7], [9], [9], [9]]
7
[[7, 9]]
10
[[0]]
8
[[4]]
9
[[4], [8]]
7
[[4], [9]]
7
