[[2]]
16
[[2], [9]]
13
[[2], [1]]
10
[[3]]
12
[[1]]
17
[[1], [6]]
10
[[1], [7]]
11
[[1], [9]]
10
[[5]]
12
[[9]]
20
[[9], [1]]
12
[[9], [2]]
15
[[9], [5]]
11
[[9], [6]]
13
[[9], [7]]
14
[[9], [8]]
12
[[9], [8, 9]]
10
[[9], [9]]
16
[[9], [9], [1]]
10
[[9], [9], [2]]
11
[[9], [9], [7]]
10
[[9], [9], [9]]
11
[[8]]
14
[[8], [9]]
10
[[8, 9]]
12
[[6]]
15
[[6], [1]]
11
[[7]]
17
[[7], [2]]
12
[[7], [7]]
12
[[7], [7, 9]]
10
[[7], [8]]
10
[[7], [9]]
14
[[7], [9], [2]]
11
[[7], [9], [9]]
10
[[7, 9]]
12
[[0]]
11
[[4]]
10
