[[2]]
18
[[2], [7]]
11
[[2], [9]]
14
[[2], [1]]
11
[[3]]
14
[[1]]
19
[[1], [7]]
12
[[1], [6]]
11
[[1], [9]]
11
[[5]]
14
[[9]]
23
[[9], [1]]
14
[[9], [2]]
17
[[9], [3]]
12
[[9], [5]]
13
[[9], [6]]
15
[[9], [7]]
17
[[9], [8]]
15
[[9], [8], [9]]
11
[[9], [8, 9]]
11
[[9], [9]]
18
[[9], [9], [1]]
11
[[9], [9], [2]]
11
[[9], [9], [7]]
11
[[9], [9], [9]]
12
[[9], [0]]
11
[[8]]
17
[[8], [2]]
11
[[8], [9]]
12
[[8], [8]]
12
[[8, 9]]
14
[[8, 9], [8]]
11
[[8, 9], [9]]
11
[[6]]
17
[[6], [1]]
12
[[6], [8]]
11
[[6], [9]]
11
[[7]]
20
[[7], [2]]
13
[[7], [7]]
13
[[7], [8]]
12
[[7], [9]]
16
[[7], [9], [2]]
11
[[7], [9], [9]]
11
[[7], [0]]
11
[[7], [1]]
11
[[7], [3]]
11
[[7, 9]]
12
[[0]]
13
[[4]]
13
[[4], [8]]
11
