[[2]]
20
[[2], [9]]
16
[[3]]
17
[[3], [9]]
12
[[1]]
19
[[1], [7]]
12
[[5]]
16
[[9]]
25
[[9], [1]]
15
[[9], [2]]
19
[[9], [2], [9]]
12
[[9], [5]]
14
[[9], [6]]
18
[[9], [7]]
19
[[9], [7], [9]]
12
[[9], [8]]
18
[[9], [8], [9]]
13
[[9], [8, 9]]
13
[[9], [9]]
20
[[9], [9], [1]]
12
[[9], [9], [2]]
12
[[9], [9], [7]]
13
[[9], [9], [9]]
15
[[9], [9], [6]]
13
[[9], [9], [8]]
13
[[9], [3]]
14
[[8]]
20
[[8], [9]]
14
[[8], [8]]
14
[[8], [6]]
13
[[8, 9]]
16
[[8, 9], [8]]
12
[[8, 9], [9]]
12
[[6]]
20
[[6], [1]]
13
[[6], [8]]
13
[[6], [9]]
14
[[7]]
22
[[7], [2]]
14
[[7], [7]]
14
[[7], [8]]
14
[[7], [9]]
18
[[7], [9], [2]]
12
[[7], [9], [9]]
12
[[7], [1]]
12
[[7], [6]]
13
[[7, 9]]
13
[[0]]
17
[[4]]
14
[[4], [8]]
12
