17
1 4 5 -1 6 -1 4 6 -1 1 -1 5 6 7 -1 5 -1 0 -1 9 -1 7 -1 8 -1 9 -1 9 -1 6 9 -1 1 -1
2 4 9 -1 2 -1 7 9 -1 6 7 9 -1 8 -1 4 8 -1 4 -1 8 -1 0 -1 1 2 -1
3 7 -1 2 6 -1 5 6 7 -1 3 6 8 -1
4 5 6 -1 1 -1 6 -1 3 -1 9 -1 3 8 9 -1 2 -1 0 -1 8 -1 8 9 -1 8 -1
5 7 -1 2 4 -1
6 2 3 9 -1 7 8 -1 6 -1 7 9 -1 5 8 -1
7 6 -1 1 -1 3 6 -1 3 -1 9 -1 9 -1 2 -1 5 -1 4 -1 0 -1 3 6 8 -1 5 7 8 -1
8 7 -1 5 9 -1 4 5 9 -1 8 9 -1 1 -1 0 1 -1
9 5 8 -1 6 -1
10 7 9 -1 2 8 -1 0 5 -1
11 6 8 9 -1 3 -1
12 4 5 6 9 -1 8 9 -1 4 6 -1 5 -1
13 5 7 9 -1 6 7 -1 0 -1 9 -1 4 -1 4 5 -1 6 9 -1 7 -1
14 8 9 -1 0 5 9 -1 4 7 8 -1
15 2 -1 4 6 -1 2 -1 1 7 9 -1 9 -1 1 -1 9 -1 4 8 9 -1 1 -1 9 -1 6 9 -1 5 9 -1
16 3 4 -1 2 -1 0 5 -1 8 -1 3 -1 0 -1 2 9 -1 7 8 -1 9 -1
17 6 -1 6 -1 5 -1 0 7 -1 5 9 -1 6 -1
