[[1]]
2
[[9]]
2
[[9], [1]]
2
[[9], [6]]
2
[[9], [6], [1]]
2
[[9], [6, 9]]
2
[[9], [6, 9], [1]]
2
[[9], [7]]
2
[[9], [7], [1]]
2
[[9], [7], [6]]
2
[[9], [7], [6], [1]]
2
[[9], [7], [6, 9]]
2
[[9], [7], [6, 9], [1]]
2
[[9], [7], [8]]
2
[[9], [7], [8], [1]]
2
[[9], [7], [9]]
2
[[9], [7], [9], [1]]
2
[[9], [8]]
2
[[9], [8], [1]]
2
[[9], [9]]
2
[[9], [9], [1]]
2
[[9], [9], [6]]
2
[[9], [9], [6], [1]]
2
[[9], [9], [6, 9]]
2
[[9], [9], [6, 9], [1]]
2
[[9], [9], [9]]
2
[[9], [9], [9], [1]]
2
[[6]]
3
[[6], [0]]
2
[[6], [0], [1]]
2
[[6], [1]]
2
[[6], [4]]
2
[[6], [4], [0]]
2
[[6], [4], [0], [1]]
2
[[6], [4], [1]]
2
[[6], [4], [8]]
2
[[6], [4], [8], [1]]
2
[[6], [5]]
2
[[6], [5], [6]]
2
[[6], [5], [8]]
2
[[6], [5, 6]]
2
[[6], [5, 6], [6]]
2
[[6], [5, 6], [8]]
2
[[6], [5, 6, 7]]
2
[[6], [5, 6, 7], [6]]
2
[[6], [5, 6, 7], [8]]
2
[[6], [5, 7]]
2
[[6], [5, 7], [6]]
2
[[6], [5, 7], [8]]
2
[[6], [6]]
2
[[6], [6], [6]]
2
[[6], [6], [8]]
2
[[6], [6, 7]]
2
[[6], [6, 7], [6]]
2
[[6], [6, 7], [8]]
2
[[6], [7]]
2
[[6], [7], [6]]
2
[[6], [7], [8]]
2
[[6], [8]]
3
[[6], [8], [1]]
2
[[6, 7]]
3
[[6, 7], [0]]
2
[[6, 7], [0], [1]]
2
[[6, 7], [1]]
2
[[6, 7], [6]]
2
[[6, 7], [8]]
3
[[6, 7], [8], [1]]
2
[[6, 9]]
2
[[6, 9], [1]]
2
[[8]]
3
[[8], [1]]
2
[[7]]
3
[[7], [0]]
2
[[7], [0], [1]]
2
[[7], [1]]
2
[[7], [2]]
2
[[7], [5]]
2
[[7], [5], [6]]
2
[[7], [5], [8]]
2
[[7], [6]]
3
[[7], [6], [1]]
2
[[7], [6], [8]]
2
[[7], [6, 7]]
2
[[7], [6, 7], [8]]
2
[[7], [6, 9]]
2
[[7], [6, 9], [1]]
2
[[7], [7]]
3
[[7], [7], [1]]
2
[[7], [7], [6]]
2
[[7], [7], [8]]
3
[[7], [7], [8], [1]]
2
[[7], [8]]
3
[[7], [8], [1]]
2
[[7], [9]]
2
[[7], [9], [1]]
2
[[7], [9], [8]]
2
[[7], [9], [8], [1]]
2
[[0]]
2
[[0], [1]]
2
[[5]]
2
[[5], [6]]
2
[[5], [8]]
2
[[5, 6]]
2
[[5, 6], [6]]
2
[[5, 6], [8]]
2
[[5, 6, 7]]
2
[[5, 6, 7], [6]]
2
[[5, 6, 7], [8]]
2
[[5, 7]]
2
[[5, 7], [6]]
2
[[5, 7], [8]]
2
[[4]]
2
[[4], [0]]
2
[[4], [0], [1]]
2
[[4], [1]]
2
[[4], [4]]
2
[[4], [4], [0]]
2
[[4], [4], [0], [1]]
2
[[4], [4], [1]]
2
[[4], [4], [8]]
2
[[4], [4], [8], [1]]
2
[[4], [6]]
2
[[4], [6], [0]]
2
[[4], [6], [0], [1]]
2
[[4], [6], [1]]
2
[[4], [6], [4]]
2
[[4], [6], [4], [0]]
2
[[4], [6], [4], [0], [1]]
2
[[4], [6], [4], [1]]
2
[[4], [6], [4], [8]]
2
[[4], [6], [4], [8], [1]]
2
[[4], [6], [8]]
2
[[4], [6], [8], [1]]
2
[[4], [6, 7]]
2
[[4], [6, 7], [0]]
2
[[4], [6, 7], [0], [1]]
2
[[4], [6, 7], [1]]
2
[[4], [6, 7], [8]]
2
[[4], [6, 7], [8], [1]]
2
[[4], [6, 9]]
2
[[4], [6, 9], [1]]
2
[[4], [7]]
2
[[4], [7], [0]]
2
[[4], [7], [0], [1]]
2
[[4], [7], [1]]
2
[[4], [7], [6]]
2
[[4], [7], [6], [1]]
2
[[4], [7], [6, 9]]
2
[[4], [7], [6, 9], [1]]
2
[[4], [7], [7]]
2
[[4], [7], [7], [1]]
2
[[4], [7], [7], [8]]
2
[[4], [7], [7], [8], [1]]
2
[[4], [7], [8]]
2
[[4], [7], [8], [1]]
2
[[4], [7], [9]]
2
[[4], [7], [9], [1]]
2
[[4], [7], [9], [8]]
2
[[4], [7], [9], [8], [1]]
2
[[4], [8]]
2
[[4], [8], [1]]
2
[[4], [9]]
2
[[4], [9], [1]]
2
[[4], [9], [6]]
2
[[4], [9], [6], [1]]
2
[[4], [9], [6, 9]]
2
[[4], [9], [6, 9], [1]]
2
[[4], [9], [7]]
2
[[4], [9], [7], [1]]
2
[[4], [9], [7], [8]]
2
[[4], [9], [7], [8], [1]]
2
[[4], [9], [8]]
2
[[4], [9], [8], [1]]
2
[[4], [9], [9]]
2
[[4], [9], [9], [1]]
2
[[2]]
2
[[2], [6]]
2
[[2], [6], [8]]
2
[[2], [6, 7]]
2
[[2], [6, 7], [8]]
2
[[2], [7]]
2
[[2], [7], [6]]
2
[[2], [7], [8]]
2
[[2], [8]]
2
