[[1]]
3
[[9]]
3
[[9], [6]]
3
[[9], [7]]
3
[[9], [7], [6]]
3
[[9], [7], [8]]
3
[[9], [7], [9]]
3
[[9], [8]]
3
[[9], [9]]
3
[[6]]
5
[[6], [1]]
3
[[6], [5]]
3
[[6], [6]]
3
[[6], [7]]
3
[[6], [7], [8]]
3
[[6], [8]]
4
[[6, 7]]
3
[[6, 7], [8]]
3
[[8]]
4
[[7]]
5
[[7], [2]]
3
[[7], [5]]
3
[[7], [6]]
4
[[7], [6], [8]]
3
[[7], [7]]
4
[[7], [7], [8]]
4
[[7], [8]]
4
[[7], [9]]
3
[[7], [9], [8]]
3
[[5]]
4
[[5], [6]]
3
[[5, 6]]
3
[[5, 6], [6]]
3
[[4]]
3
[[2]]
4
[[2], [6]]
3
[[2], [6], [8]]
3
[[2], [7]]
3
[[2], [7], [6]]
3
[[2], [7], [8]]
3
[[2], [8]]
3
