[[1]]
5
[[9]]
11
[[9], [6]]
6
[[9], [7]]
6
[[9], [8]]
9
[[9], [9]]
9
[[9], [9], [6]]
5
[[9], [9], [8]]
6
[[9], [9], [9]]
5
[[9], [9], [4]]
5
[[9], [0]]
7
[[9], [4]]
6
[[9], [5]]
7
[[6]]
10
[[6], [4]]
5
[[6], [5]]
6
[[6], [6]]
6
[[6], [7]]
5
[[6], [8]]
7
[[6], [9]]
6
[[6, 9]]
5
[[8]]
12
[[8], [8]]
5
[[8], [5]]
5
[[8, 9]]
5
[[7]]
10
[[7], [5]]
6
[[7], [6]]
5
[[7], [7]]
5
[[7], [8]]
6
[[7], [9]]
5
[[0]]
8
[[5]]
11
[[5], [6]]
7
[[5], [8]]
7
[[5], [4]]
6
[[5], [5]]
5
[[4]]
8
[[4], [6]]
5
[[4], [8]]
5
[[4], [9]]
5
[[2]]
7
[[2], [8]]
5
[[3]]
5
