[[1]]
6
[[9]]
14
[[9], [6]]
8
[[9], [7]]
7
[[9], [8]]
11
[[9], [9]]
11
[[9], [9], [6]]
6
[[9], [9], [8]]
7
[[9], [9], [9]]
6
[[9], [9], [4]]
6
[[9], [0]]
7
[[9], [4]]
7
[[9], [5]]
8
[[6]]
12
[[6], [4]]
6
[[6], [5]]
8
[[6], [6]]
8
[[6], [7]]
7
[[6], [8]]
8
[[6], [9]]
8
[[6], [9], [6]]
6
[[6, 9]]
6
[[8]]
14
[[8], [8]]
6
[[8], [5]]
6
[[8], [9]]
6
[[8, 9]]
6
[[7]]
13
[[7], [5]]
8
[[7], [6]]
7
[[7], [8]]
7
[[7], [9]]
8
[[0]]
10
[[5]]
14
[[5], [6]]
8
[[5], [8]]
8
[[5], [4]]
6
[[5], [5]]
6
[[5], [7]]
6
[[5], [9]]
7
[[5, 9]]
6
[[4]]
10
[[4], [6]]
6
[[4], [8]]
7
[[4], [9]]
7
[[4], [5]]
6
[[4], [7]]
6
[[2]]
9
[[2], [8]]
7
[[2], [5]]
6
[[2], [7]]
6
[[3]]
6
