21
1 7 8 -1 5 -1 6 -1 5 7 -1 9 -1 0 -1 3 -1 4 -1 3 -1
2 6 -1 3 5 -1 0 1 -1 6 -1 2 -1 8 -1
3 0 -1 4 9 -1 6 8 -1 4 -1 6 -1 8 -1
4 6 8 9 -1 5 -1 6 7 -1 0 -1 8 9 -1
5 9 -1 9 -1 3 -1 9 -1 2 -1
6 7 9 -1 0 -1 1 -1 2 -1 3 6 -1 5 -1 0 -1
7 6 -1 1 -1 1 4 -1 8 -1 7 -1 4 5 -1 0 -1 1 -1 6 -1 6 -1 4 8 -1 4 5 -1
8 9 -1 9 -1 8 -1 2 -1 9 -1 7 9 -1 7 8 -1
9 9 -1 3 -1 3 -1 4 -1 8 -1 1 -1 3 -1 3 7 8 -1 5 8 9 -1 0 -1 5 -1
10 0 -1 1 -1 3 7 9 -1 5 9 -1 5 9 -1
11 1 -1 5 7 -1 6 8 -1 4 -1 0 5 9 -1 7 -1 4 5 7 9 -1
12 1 9 -1 4 -1
13 8 -1 9 -1 3 8 -1 9 -1 4 8 -1 0 -1 2 -1 6 -1 0 -1
14 2 6 8 9 -1 9 -1 7 -1 8 -1 7 8 -1 9 -1 3 -1 1 4 8 -1
15 5 -1
16 5 -1
17 6 9 -1 1 -1 6 -1
18 6 7 9 -1 2 -1
19 8 9 -1 1 -1 1 5 -1 8 -1 4 9 -1
20 2 -1 8 -1 1 6 8 9 -1 9 -1 8 -1 5 -1 1 -1 5 -1 0 2 7 -1 9 -1 8 9 -1 0 -1
21 1 -1 7 9 -1 5 6 8 -1 7 9 -1 2 9 -1 1 -1
