24
22 
2 8 -1 7 8 9 -1 9 -1 1 -1 9 -1 7 9 -1
23 9 -1 9 -1 3 7 -1 3 -1 9 -1 2 5 9 -1 5 -1 0 -1 2 4 -1
9 5 9 -1 8 -1
24 5 9 -1 4 9 -1 1 7 -1
21 1 4 -1 2 -1
25 8 -1
4 5 7 -1 5 -1 2 -1 7 8 -1
15 7 -1 2 -1 8 9 -1 2 -1 8 -1 5 -1 9 -1 1 9 -1 1 8 -1 1 -1 5 7 -1 1 8 -1 4 8 -1
26 4 -1 3 -1 4 -1 1 -1 7 -1 4 -1 2 6 8 9 -1 8 -1 4 -1 3 -1 3 -1 7 -1
27 
11 0 -1 2 -1 2 -1
28 5 -1 2 -1
29 5 -1 5 -1 1 -1 7 -1 8 -1 1 8 -1
17 2 -1 7 9 -1 1 4 9 -1 2 5 -1 4 -1 9 -1
30 6 8 -1 5 -1 8 -1 3 4 7 -1 2 -1 1 4 5 -1 9 -1 1 -1 8 9 -1 8 9 -1 9 -1 3 -1
8 2 4 -1 6 9 -1 1 -1
31 9 -1 9 -1 3 7 9 -1 3 -1 7 -1 6 -1 4 5 9 -1 0 3 -1 9 -1 1 -1
32 4 6 8 9 -1 4 -1 1 -1 9 -1
10 0 4 7 -1 9 -1 5 -1
5 6 -1 7 8 -1 7 -1 1 2 -1 5 6 -1 1 8 9 -1 6 7 -1
6 7 -1
33 8 -1 3 4 -1 8 9 -1 4 -1
34 1 -1 2 -1 4 6 -1 2 -1 3 -1 4 5 -1 2 3 9 -1 4 -1 6 -1
