19
31 4 -1
22 4 9 -1 4 9 -1 9 -1 5 -1 1 5 -1
37 3 -1
38 5 8 9 -1 1 -1 2 7 9 -1 0 2 -1 8 -1 1 8 -1 3 5 -1 9 -1 3 -1 0 -1
9 5 -1
39 0 7 8 9 -1 1 2 -1 6 -1 6 -1 0 -1 9 -1 5 -1 8 -1 5 -1 6 -1
25 2 -1 4 9 -1 2 3 4 7 9 -1 7 9 -1 5 -1 0 -1 5 8 9 -1 2 3 -1 3 4 -1
40 9 -1 5 7 8 -1 4 5 -1 8 -1 8 -1 5 -1 0 6 -1 8 9 -1 8 -1 1 4 6 -1
41 2 9 -1 4 -1
29 7 9 -1 5 -1 4 -1 4 -1 9 -1 1 -1
42 4 6 9 -1 6 -1 1 -1 3 6 7 9 -1 3 8 9 -1 5 8 -1
43 6 -1 9 -1 0 8 9 -1 4 5 9 -1 9 -1 8 -1 5 7 8 -1 8 -1
44 0 7 9 -1 8 -1 2 -1 7 8 -1 5 -1
45 1 4 7 8 -1 4 -1 1 -1 7 -1 2 -1 2 6 -1 7 -1 1 -1
46 5 -1 8 -1 9 -1 0 7 -1 2 -1 3 -1 0 -1 2 3 7 -1 3 9 -1 5 -1 0 -1
34 6 -1 5 -1 7 -1 0 6 -1
32 8 -1
18 0 6 -1 2 -1 1 8 9 -1 0 8 9 -1 6 -1
47 0 3 6 -1 3 -1 6 7 -1 2 -1 0 -1 5 -1
