26
7 4 -1 3 -1
26 9 -1 8 9 -1
21 3 -1 8 -1 7 -1
48 7 9 -1 6 9 -1 1 -1 3 6 9 -1
49 3 -1
43 9 -1 1 -1
11 5 -1 9 -1 0 -1
14 2 -1
50 5 -1 4 -1
51 9 -1 1 4 7 -1 6 -1 1 -1 2 8 9 -1 2 8 9 -1 0 6 -1 6 -1 2 -1 5 6 8 -1
52 2 -1 8 -1 4 8 -1 3 -1 3 -1 1 4 8 -1 5 8 -1 0 9 -1 4 8 -1 1 7 8 -1
53 2 -1 3 -1 1 -1 1 9 -1 3 -1 6 9 -1 9 -1 6 7 8 9 -1 7 9 -1 3 -1 8 -1
54 4 7 -1 5 6 7 -1 7 8 -1 2 -1 6 9 -1 6 -1 0 -1 0 9 -1 2 -1
36 5 7 -1 4 7 -1 0 -1 3 8 9 -1 2 7 -1 6 -1 4 5 7 -1
33 5 -1 5 -1 0 -1
47 1 -1 8 9 -1 2 6 -1 6 -1 8 -1 0 -1 2 -1
29 7 -1
55 3 8 9 -1
46 4 7 -1 7 -1 5 -1
56 1 -1 9 -1 6 -1 6 7 -1 8 9 -1
57 8 -1 5 -1 3 8 -1 9 -1 2 4 6 -1 7 8 9 -1 1 7 -1 6 -1 8 9 -1 9 -1 5 6 -1
16 7 -1 0 -1
58 4 7 -1 5 -1 4 7 9 -1 5 8 9 -1 9 -1 5 -1 7 -1 6 -1
37 0 -1 0 -1 0 4 7 -1 9 -1 4 -1 1 8 -1 4 -1 3 -1 7 -1 0 -1 8 9 -1
59 8 -1 2 -1 5 9 -1 0 -1 8 -1 4 6 -1 6 8 9 -1 1 -1 5 -1
60 4 -1 8 9 -1 0 -1 1 -1 5 -1 3 7 -1
