16
19 9 -1
73 4 9 -1 8 9 -1 8 -1 1 9 -1 6 8 -1 4 -1 2 9 -1
74 2 -1 8 9 -1 3 -1 3 4 8 -1 9 -1 8 -1 4 -1 8 9 -1 8 -1
75 2 -1 0 -1 8 -1 3 -1 1 -1 6 -1 0 -1 0 8 -1 5 -1 7 -1 5 6 -1 6 9 -1
76 2 -1
6 9 -1 1 9 -1 3 8 9 -1
77 2 6 7 8 -1 9 -1 6 7 9 -1 9 -1 6 7 9 -1 6 -1 7 9 -1 0 -1 6 9 -1 4 -1
24 4 7 -1 9 -1
27 0 2 -1 3 -1 8 9 -1 3 -1 7 -1 5 -1 9 -1 5 7 -1 5 -1 7 -1 5 -1 8 9 -1 4 -1 6 -1 6 -1
78 
79 
80 6 9 -1 6 -1
1 7 9 -1 6 -1 2 -1 4 -1 5 -1
81 4 8 -1 3 -1 1 -1 6 -1 3 4 9 -1 8 -1 0 6 8 -1 8 -1 2 -1 5 -1 0 -1
82 7 9 -1 4 -1 1 5 -1 7 9 -1 5 -1
48 4 6 9 -1 6 -1 6 7 -1 4 -1 7 -1
