60
1 7 8 -1 5 -1 6 -1 5 7 -1 9 -1 0 -1 3 -1 4 -1 3 -1
2 6 -1 3 5 -1 0 1 -1 6 -1 2 -1 8 -1 8 -1 7 8 9 -1 9 -1 1 -1 9 -1 7 9 -1
3 0 -1 4 9 -1 6 8 -1 4 -1 6 -1 8 -1
4 6 8 9 -1 5 -1 6 7 -1 0 -1 8 9 -1 5 7 -1 5 -1 2 -1 7 8 -1
5 9 -1 9 -1 3 -1 9 -1 2 -1 6 -1 7 8 -1 7 -1 1 2 -1 5 6 -1 1 8 9 -1 6 7 -1
6 7 9 -1 0 -1 1 -1 2 -1 3 6 -1 5 -1 0 -1 7 -1
7 6 -1 1 -1 1 4 -1 8 -1 7 -1 4 5 -1 0 -1 1 -1 6 -1 6 -1 4 8 -1 4 5 -1 4 -1 3 -1
8 9 -1 9 -1 8 -1 2 -1 9 -1 7 9 -1 7 8 -1 2 4 -1 6 9 -1 1 -1
9 9 -1 3 -1 3 -1 4 -1 8 -1 1 -1 3 -1 3 7 8 -1 5 8 9 -1 0 -1 5 -1 5 9 -1 8 -1 5 -1
10 0 -1 1 -1 3 7 9 -1 5 9 -1 5 9 -1 0 4 7 -1 9 -1 5 -1
11 1 -1 5 7 -1 6 8 -1 4 -1 0 5 9 -1 7 -1 4 5 7 9 -1 0 -1 2 -1 2 -1 5 -1 9 -1 0 -1
12 1 9 -1 4 -1
13 8 -1 9 -1 3 8 -1 9 -1 4 8 -1 0 -1 2 -1 6 -1 0 -1
14 2 6 8 9 -1 9 -1 7 -1 8 -1 7 8 -1 9 -1 3 -1 1 4 8 -1 1 5 8 9 -1 5 -1 2 -1
15 5 -1 7 -1 2 -1 8 9 -1 2 -1 8 -1 5 -1 9 -1 1 9 -1 1 8 -1 1 -1 5 7 -1 1 8 -1 4 8 -1
16 5 -1 7 -1 0 -1
17 6 9 -1 1 -1 6 -1 2 -1 7 9 -1 1 4 9 -1 2 5 -1 4 -1 9 -1
18 6 7 9 -1 2 -1 0 6 -1 2 -1 1 8 9 -1 0 8 9 -1 6 -1
19 8 9 -1 1 -1 1 5 -1 8 -1 4 9 -1
20 2 -1 8 -1 1 6 8 9 -1 9 -1 8 -1 5 -1 1 -1 5 -1 0 2 7 -1 9 -1 8 9 -1 0 -1
21 1 -1 7 9 -1 5 6 8 -1 7 9 -1 2 9 -1 1 -1 1 4 -1 2 -1 3 -1 8 -1 7 -1
22 4 9 -1 4 9 -1 9 -1 5 -1 1 5 -1
23 9 -1 9 -1 3 7 -1 3 -1 9 -1 2 5 9 -1 5 -1 0 -1 2 4 -1
24 5 9 -1 4 9 -1 1 7 -1
25 8 -1 2 -1 4 9 -1 2 3 4 7 9 -1 7 9 -1 5 -1 0 -1 5 8 9 -1 2 3 -1 3 4 -1
26 4 -1 3 -1 4 -1 1 -1 7 -1 4 -1 2 6 8 9 -1 8 -1 4 -1 3 -1 3 -1 7 -1 9 -1 8 9 -1
27 
28 5 -1 2 -1
29 5 -1 5 -1 1 -1 7 -1 8 -1 1 8 -1 7 9 -1 5 -1 4 -1 4 -1 9 -1 1 -1 7 -1
30 6 8 -1 5 -1 8 -1 3 4 7 -1 2 -1 1 4 5 -1 9 -1 1 -1 8 9 -1 8 9 -1 9 -1 3 -1
31 9 -1 9 -1 3 7 9 -1 3 -1 7 -1 6 -1 4 5 9 -1 0 3 -1 9 -1 1 -1 4 -1
32 4 6 8 9 -1 4 -1 1 -1 9 -1 8 -1
33 8 -1 3 4 -1 8 9 -1 4 -1 5 -1 5 -1 0 -1
34 1 -1 2 -1 4 6 -1 2 -1 3 -1 4 5 -1 2 3 9 -1 4 -1 6 -1 6 -1 5 -1 7 -1 0 6 -1
35 2 -1 3 -1
36 7 -1 7 9 -1 5 7 -1 4 7 -1 0 -1 3 8 9 -1 2 7 -1 6 -1 4 5 7 -1
37 3 -1 0 -1 0 -1 0 4 7 -1 9 -1 4 -1 1 8 -1 4 -1 3 -1 7 -1 0 -1 8 9 -1
38 5 8 9 -1 1 -1 2 7 9 -1 0 2 -1 8 -1 1 8 -1 3 5 -1 9 -1 3 -1 0 -1
39 0 7 8 9 -1 1 2 -1 6 -1 6 -1 0 -1 9 -1 5 -1 8 -1 5 -1 6 -1
40 9 -1 5 7 8 -1 4 5 -1 8 -1 8 -1 5 -1 0 6 -1 8 9 -1 8 -1 1 4 6 -1
41 2 9 -1 4 -1
42 4 6 9 -1 6 -1 1 -1 3 6 7 9 -1 3 8 9 -1 5 8 -1
43 6 -1 9 -1 0 8 9 -1 4 5 9 -1 9 -1 8 -1 5 7 8 -1 8 -1 9 -1 1 -1
44 0 7 9 -1 8 -1 2 -1 7 8 -1 5 -1
45 1 4 7 8 -1 4 -1 1 -1 7 -1 2 -1 2 6 -1 7 -1 1 -1
46 5 -1 8 -1 9 -1 0 7 -1 2 -1 3 -1 0 -1 2 3 7 -1 3 9 -1 5 -1 0 -1 4 7 -1 7 -1 5 -1
47 0 3 6 -1 3 -1 6 7 -1 2 -1 0 -1 5 -1 1 -1 8 9 -1 2 6 -1 6 -1 8 -1 0 -1 2 -1
48 7 9 -1 6 9 -1 1 -1 3 6 9 -1
49 3 -1
50 5 -1 4 -1
51 9 -1 1 4 7 -1 6 -1 1 -1 2 8 9 -1 2 8 9 -1 0 6 -1 6 -1 2 -1 5 6 8 -1
52 2 -1 8 -1 4 8 -1 3 -1 3 -1 1 4 8 -1 5 8 -1 0 9 -1 4 8 -1 1 7 8 -1
53 2 -1 3 -1 1 -1 1 9 -1 3 -1 6 9 -1 9 -1 6 7 8 9 -1 7 9 -1 3 -1 8 -1
54 4 7 -1 5 6 7 -1 7 8 -1 2 -1 6 9 -1 6 -1 0 -1 0 9 -1 2 -1
55 3 8 9 -1
56 1 -1 9 -1 6 -1 6 7 -1 8 9 -1
57 8 -1 5 -1 3 8 -1 9 -1 2 4 6 -1 7 8 9 -1 1 7 -1 6 -1 8 9 -1 9 -1 5 6 -1
58 4 7 -1 5 -1 4 7 9 -1 5 8 9 -1 9 -1 5 -1 7 -1 6 -1
59 8 -1 2 -1 5 9 -1 0 -1 8 -1 4 6 -1 6 8 9 -1 1 -1 5 -1
60 4 -1 8 9 -1 0 -1 1 -1 5 -1 3 7 -1
