[[4]]
59
[[4], [9]]
41
[[4], [8]]
37
[[9]]
77
[[9], [9]]
58
[[9], [9], [9]]
44
[[9], [9], [8]]
37
[[9], [9], [5]]
36
[[9], [1]]
36
[[9], [4]]
49
[[9], [7]]
52
[[9], [7], [9]]
36
[[9], [5]]
45
[[9], [8]]
51
[[9], [0]]
40
[[9], [6]]
42
[[7]]
64
[[7], [5]]
37
[[7], [9]]
50
[[7], [7]]
39
[[7], [8]]
43
[[5]]
58
[[5], [9]]
39
[[5], [8]]
37
[[6]]
54
[[6], [9]]
40
[[8]]
71
[[8], [8]]
50
[[8], [9]]
52
[[8], [9], [8]]
38
[[8], [9], [9]]
37
[[8], [4]]
42
[[8], [5]]
41
[[8], [7]]
45
[[8], [6]]
36
[[8, 9]]
50
[[2]]
53
[[2], [9]]
37
[[1]]
51
[[1], [9]]
37
[[3]]
48
[[0]]
51
[[0], [8]]
36
