[[3]]
15
[[3], [4]]
11
[[3], [9]]
12
[[4]]
22
[[4], [9]]
12
[[0]]
13
[[9]]
28
[[9], [1]]
15
[[9], [2]]
12
[[9], [4]]
20
[[9], [5]]
14
[[9], [7]]
17
[[9], [7], [9]]
12
[[9], [8]]
13
[[9], [9]]
19
[[9], [9], [7]]
11
[[9], [9], [9]]
13
[[7]]
23
[[7], [5]]
15
[[7], [8]]
13
[[7], [9]]
18
[[7], [9], [9]]
12
[[7], [1]]
12
[[7], [2]]
12
[[7], [4]]
13
[[7], [7]]
14
[[5]]
23
[[5], [0]]
11
[[5], [9]]
16
[[5], [4]]
12
[[5], [5]]
12
[[5], [7]]
13
[[5], [8]]
11
[[6]]
20
[[6], [5]]
13
[[6], [7]]
13
[[6], [1]]
11
[[6], [4]]
12
[[6], [9]]
13
[[8]]
21
[[8], [4]]
14
[[8], [7]]
14
[[8], [7], [9]]
11
[[8], [8]]
16
[[8], [9]]
16
[[8], [1]]
13
[[8], [5]]
11
[[8, 9]]
12
[[2]]
19
[[1]]
22
[[1], [5]]
13
[[1], [8]]
13
[[1], [7]]
13
[[1], [9]]
14
[[1], [1]]
11
