[[3]]
21
[[3], [9]]
16
[[4]]
30
[[4], [9]]
18
[[4], [4]]
15
[[0]]
23
[[0], [9]]
15
[[9]]
39
[[9], [1]]
22
[[9], [2]]
17
[[9], [4]]
26
[[9], [5]]
25
[[9], [5], [9]]
15
[[9], [7]]
25
[[9], [7], [9]]
17
[[9], [7], [5]]
15
[[9], [8]]
22
[[9], [8], [8]]
16
[[9], [9]]
29
[[9], [9], [9]]
19
[[9], [9], [5]]
17
[[9], [9], [8]]
17
[[9], [0]]
18
[[7]]
34
[[7], [5]]
24
[[7], [8]]
21
[[7], [9]]
26
[[7], [9], [9]]
15
[[7], [1]]
17
[[7], [2]]
19
[[7], [4]]
17
[[7], [7]]
19
[[7], [0]]
18
[[7, 9]]
16
[[5]]
33
[[5], [0]]
16
[[5], [9]]
22
[[5], [4]]
16
[[5], [5]]
20
[[5], [7]]
17
[[5], [8]]
17
[[6]]
26
[[6], [5]]
17
[[6], [7]]
18
[[6], [1]]
15
[[6], [9]]
18
[[6], [8]]
15
[[8]]
30
[[8], [4]]
19
[[8], [7]]
21
[[8], [7], [9]]
15
[[8], [8]]
25
[[8], [9]]
24
[[8], [9], [9]]
15
[[8], [1]]
17
[[8], [5]]
20
[[8], [2]]
15
[[8, 9]]
19
[[8, 9], [8]]
15
[[2]]
27
[[2], [5]]
15
[[2], [7]]
15
[[1]]
29
[[1], [5]]
17
[[1], [8]]
18
[[1], [7]]
17
[[1], [9]]
19
