[[3]]
31
[[3], [9]]
21
[[4]]
41
[[4], [9]]
27
[[4], [5]]
23
[[4], [8]]
22
[[0]]
32
[[9]]
52
[[9], [1]]
30
[[9], [4]]
33
[[9], [4], [9]]
19
[[9], [5]]
32
[[9], [7]]
35
[[9], [7], [9]]
25
[[9], [7], [5]]
18
[[9], [7], [8]]
20
[[9], [8]]
32
[[9], [8], [8]]
24
[[9], [8], [9]]
21
[[9], [8, 9]]
20
[[9], [9]]
40
[[9], [9], [9]]
26
[[9], [9], [5]]
23
[[9], [9], [8]]
22
[[9], [9], [1]]
18
[[9], [9], [7]]
20
[[9], [0]]
26
[[9], [2]]
23
[[9], [6]]
24
[[7]]
45
[[7], [5]]
29
[[7], [5], [9]]
18
[[7], [8]]
30
[[7], [8], [9]]
18
[[7], [8, 9]]
19
[[7], [9]]
36
[[7], [9], [9]]
23
[[7], [9], [8]]
19
[[7], [0]]
23
[[7], [2]]
23
[[7, 9]]
20
[[7, 9], [9]]
18
[[5]]
43
[[5], [9]]
29
[[5], [5]]
25
[[5], [8]]
25
[[5], [0]]
23
[[5], [7]]
24
[[6]]
35
[[6], [9]]
27
[[6], [5]]
21
[[6], [7]]
23
[[6], [7], [9]]
18
[[6], [8]]
23
[[8]]
43
[[8], [7]]
28
[[8], [7], [9]]
19
[[8], [8]]
33
[[8], [8], [5]]
18
[[8], [9]]
33
[[8], [9], [9]]
19
[[8], [9], [8]]
21
[[8], [5]]
28
[[8], [0]]
21
[[8], [1]]
22
[[8], [4]]
25
[[8, 9]]
30
[[8, 9], [8]]
19
[[8, 9], [9]]
18
[[2]]
34
[[2], [9]]
23
[[1]]
40
[[1], [8]]
25
[[1], [9]]
27
[[1], [5]]
22
[[1], [6]]
19
[[1], [7]]
22
