[[3]]
34
[[3], [9]]
24
[[4]]
44
[[4], [9]]
34
[[4], [5]]
23
[[4], [8]]
28
[[0]]
37
[[9]]
57
[[9], [1]]
31
[[9], [4]]
35
[[9], [4], [9]]
25
[[9], [5]]
34
[[9], [7]]
39
[[9], [7], [9]]
28
[[9], [7], [8]]
22
[[9], [8]]
36
[[9], [8], [8]]
27
[[9], [8], [9]]
23
[[9], [8, 9]]
25
[[9], [9]]
43
[[9], [9], [9]]
31
[[9], [9], [5]]
25
[[9], [9], [8]]
25
[[9], [9], [7]]
23
[[9], [0]]
30
[[9], [2]]
23
[[9], [6]]
28
[[7]]
49
[[7], [5]]
30
[[7], [8]]
32
[[7], [9]]
38
[[7], [9], [9]]
25
[[7], [9], [8]]
21
[[7], [0]]
23
[[7], [2]]
23
[[5]]
45
[[5], [9]]
31
[[5], [5]]
25
[[5], [8]]
29
[[5], [0]]
23
[[5], [7]]
25
[[6]]
39
[[6], [9]]
30
[[6], [5]]
21
[[6], [7]]
23
[[6], [8]]
26
[[8]]
50
[[8], [7]]
31
[[8], [7], [9]]
21
[[8], [8]]
35
[[8], [9]]
36
[[8], [9], [9]]
24
[[8], [9], [8]]
26
[[8], [5]]
30
[[8], [0]]
21
[[8], [1]]
22
[[8], [4]]
28
[[8], [2]]
27
[[8, 9]]
36
[[8, 9], [8]]
21
[[2]]
39
[[2], [9]]
29
[[1]]
42
[[1], [8]]
27
[[1], [9]]
30
[[1], [5]]
22
[[1], [7]]
26
