[[4]]
47
[[4], [9]]
35
[[4], [8]]
31
[[9]]
63
[[9], [9]]
47
[[9], [9], [9]]
34
[[9], [9], [5]]
29
[[9], [9], [8]]
30
[[9], [1]]
32
[[9], [4]]
39
[[9], [7]]
43
[[9], [7], [9]]
30
[[9], [5]]
38
[[9], [8]]
40
[[9], [8], [8]]
29
[[9], [0]]
34
[[9], [6]]
34
[[9], [2]]
29
[[7]]
54
[[7], [5]]
31
[[7], [9]]
41
[[7], [7]]
30
[[7], [8]]
34
[[5]]
50
[[5], [9]]
34
[[5], [5]]
30
[[5], [8]]
33
[[6]]
45
[[6], [9]]
34
[[6], [8]]
29
[[8]]
57
[[8], [8]]
38
[[8], [9]]
42
[[8], [9], [8]]
30
[[8], [4]]
33
[[8], [5]]
35
[[8], [7]]
37
[[8], [2]]
29
[[8], [6]]
29
[[8, 9]]
41
[[2]]
41
[[2], [9]]
29
[[1]]
43
[[1], [9]]
30
[[3]]
38
[[0]]
41
