[[3]]
42
[[3], [9]]
33
[[4]]
54
[[4], [9]]
40
[[4], [8]]
34
[[0]]
45
[[0], [5]]
28
[[0], [9]]
32
[[9]]
71
[[9], [1]]
34
[[9], [4]]
45
[[9], [4], [9]]
29
[[9], [5]]
42
[[9], [5], [9]]
25
[[9], [7]]
48
[[9], [7], [9]]
33
[[9], [7], [8]]
26
[[9], [8]]
45
[[9], [8], [8]]
32
[[9], [8], [9]]
27
[[9], [8], [5]]
25
[[9], [8, 9]]
30
[[9], [9]]
54
[[9], [9], [9]]
39
[[9], [9], [9], [9]]
25
[[9], [9], [5]]
32
[[9], [9], [8]]
34
[[9], [9], [7]]
29
[[9], [9], [4]]
26
[[9], [0]]
36
[[9], [6]]
40
[[9], [6], [9]]
25
[[7]]
58
[[7], [5]]
34
[[7], [8]]
36
[[7], [9]]
46
[[7], [9], [9]]
30
[[7], [9], [8]]
25
[[5]]
54
[[5], [9]]
38
[[5], [5]]
30
[[5], [8]]
35
[[5], [7]]
31
[[6]]
51
[[6], [9]]
39
[[6], [5]]
25
[[6], [7]]
29
[[6], [8]]
32
[[6], [6]]
31
[[8]]
64
[[8], [7]]
41
[[8], [7], [9]]
28
[[8], [8]]
43
[[8], [8], [5]]
25
[[8], [8], [8]]
26
[[8], [8], [9]]
26
[[8], [9]]
48
[[8], [9], [9]]
32
[[8], [9], [8]]
34
[[8], [9], [4]]
26
[[8], [9], [5]]
26
[[8], [9], [7]]
26
[[8], [5]]
38
[[8], [0]]
28
[[8], [4]]
38
[[8], [2]]
32
[[8], [6]]
34
[[8, 9]]
45
[[8, 9], [8]]
28
[[8, 9], [9]]
29
[[2]]
49
[[2], [9]]
34
[[1]]
47
[[1], [8]]
32
[[1], [9]]
35
[[1], [7]]
29
