[[3]]
47
[[3], [9]]
35
[[4]]
58
[[4], [9]]
41
[[4], [4]]
31
[[4], [5]]
33
[[4], [7]]
29
[[4], [8]]
36
[[0]]
50
[[0], [9]]
33
[[0], [8]]
35
[[0], [5]]
30
[[9]]
76
[[9], [1]]
36
[[9], [2]]
33
[[9], [4]]
48
[[9], [4], [9]]
30
[[9], [5]]
44
[[9], [7]]
51
[[9], [7], [9]]
36
[[9], [7], [8]]
29
[[9], [8]]
50
[[9], [8], [8]]
33
[[9], [8], [9]]
31
[[9], [8], [5]]
28
[[9], [8, 9]]
33
[[9], [9]]
58
[[9], [9], [9]]
44
[[9], [9], [9], [9]]
28
[[9], [9], [5]]
36
[[9], [9], [8]]
37
[[9], [9], [7]]
30
[[9], [9], [4]]
28
[[9], [0]]
39
[[9], [3]]
28
[[9], [6]]
42
[[7]]
63
[[7], [5]]
36
[[7], [8]]
42
[[7], [9]]
49
[[7], [9], [9]]
34
[[7], [9], [8]]
28
[[7], [1]]
28
[[7], [2]]
30
[[7], [4]]
32
[[7], [7]]
38
[[7], [7], [9]]
27
[[7], [0]]
31
[[7], [6]]
30
[[5]]
57
[[5], [0]]
31
[[5], [9]]
39
[[5], [4]]
30
[[5], [5]]
35
[[5], [7]]
33
[[5], [8]]
37
[[6]]
54
[[6], [5]]
31
[[6], [7]]
31
[[6], [9]]
40
[[6], [8]]
33
[[6], [6]]
32
[[6], [0]]
27
[[8]]
70
[[8], [4]]
41
[[8], [7]]
44
[[8], [7], [9]]
30
[[8], [8]]
49
[[8], [8], [5]]
28
[[8], [8], [8]]
28
[[8], [8], [9]]
31
[[8], [8, 9]]
27
[[8], [9]]
52
[[8], [9], [9]]
37
[[8], [9], [8]]
38
[[8], [9], [4]]
28
[[8], [9], [5]]
29
[[8], [9], [7]]
28
[[8], [1]]
31
[[8], [5]]
40
[[8], [2]]
34
[[8], [0]]
32
[[8], [6]]
36
[[8], [3]]
30
[[8, 9]]
50
[[8, 9], [8]]
33
[[8, 9], [9]]
33
[[2]]
52
[[2], [5]]
30
[[2], [7]]
27
[[2], [8]]
32
[[2], [9]]
37
[[1]]
50
[[1], [5]]
30
[[1], [8]]
34
[[1], [7]]
32
[[1], [9]]
36
