12
21 3 -1
16 6 -1
25 3 7 9 -1 0 8 -1 2 5 -1 2 6 -1 4 -1 3 8 9 -1 0 3 -1 3 4 7 -1 0 2 7 -1 4 9 -1 0 5 -1
26 6 9 -1 3 4 5 9 -1 4 9 -1 1 3 -1 8 -1 7 -1 4 -1
27 8 -1 5 9 -1 0 9 -1 9 -1 4 8 9 -1 8 -1 0 -1 0 3 6 -1 6 -1 7 8 -1 4 5 8 -1 3 -1 4 -1 1 -1
19 8 9 -1
28 7 -1 6 8 9 -1 9 -1 9 -1 1 -1 1 -1 7 -1 0 -1 9 -1 5 -1 6 7 8 -1
29 9 -1 6 8 9 -1 6 -1 8 -1 3 -1 0 2 5 -1 6 -1 3 -1 9 -1 8 9 -1 6 7 8 9 -1 1 -1 7 8 9 -1 1 5 7 -1
18 8 9 -1 6 -1 7 -1 9 -1 0 3 9 -1 2 -1 0 -1 0 4 5 7 -1 9 -1 8 9 -1 3 4 9 -1
14 0 -1 9 -1 0 -1 7 -1 5 -1 8 9 -1 1 -1 4 9 -1
10 2 -1 4 8 9 -1 3 -1 5 -1 9 -1 2 -1 3 -1
30 3 -1
