19
1 0 4 -1 2 -1 5 -1 5 8 9 -1 7 -1 2 -1 3 -1 1 -1 7 -1 7 -1 6 9 -1 7 -1 7 -1 2 6 -1 1 -1 3 -1 4 -1
2 9 -1 8 9 -1 0 -1 4 -1 8 9 -1 1 -1 1 -1 5 7 9 -1 7 -1 9 -1 3 5 -1 7 8 9 -1 4 -1 7 -1 3 6 9 -1 4 5 -1 8 9 -1 2 -1 5 -1
3 3 9 -1 4 9 -1 3 -1 3 -1 5 -1 1 8 -1
4 6 -1 0 -1 1 -1 7 -1 7 -1 5 -1 1 -1 2 7 -1 6 7 -1 4 6 -1 7 -1 1 -1 8 9 -1 1 4 -1 4 -1 5 8 -1 3 -1
5 2 -1 8 -1 0 6 8 -1 5 -1 6 -1 0 2 6 -1 7 -1 6 7 8 -1 0 9 -1 4 9 -1 6 8 -1 9 -1 3 -1 7 8 -1 8 -1
6 2 -1 8 9 -1 2 -1 5 -1 4 5 -1
7 2 -1 7 -1 8 -1 9 -1 4 9 -1 3 7 9 -1 5 9 -1 8 -1 6 -1 0 -1 0 -1 7 9 -1 3 4 9 -1 6 -1 3 -1 4 9 -1 3 -1
8 5 9 -1 7 -1 9 -1 6 9 -1 4 -1 2 8 -1 5 -1 2 -1 7 8 9 -1 3 -1 3 -1 1 -1 7 -1 5 -1
9 9 -1 2 -1 1 -1 1 -1 4 8 9 -1 9 -1 2 -1 4 -1 2 9 -1 7 -1 8 9 -1 0 3 -1
10 4 9 -1 2 -1 5 -1 1 5 7 9 -1 6 -1 5 -1 5 -1 9 -1 2 7 8 9 -1 7 9 -1
11 5 -1 1 -1 0 2 -1 3 -1 4 9 -1 2 5 -1 8 -1 1 9 -1 1 -1 2 9 -1 9 -1 2 5 7 8 -1
12 1 8 9 -1 3 9 -1 7 -1 0 -1 5 -1
13 
14 3 -1
15 0 -1 5 -1 7 9 -1 1 -1 8 -1 8 -1
16 3 -1 2 -1 4 -1 0 7 8 9 -1 9 -1 8 9 -1 4 5 8 -1 2 5 7 -1 5 6 -1 5 -1 3 -1 8 -1 2 9 -1 5 9 -1 7 -1 5 8 9 -1
17 3 7 -1 7 9 -1 9 -1 3 7 -1
18 3 -1 8 -1 8 9 -1 2 -1
19 7 8 9 -1 5 7 -1 2 -1 7 -1 0 -1 8 9 -1 6 7 9 -1 5 6 7 8 -1 4 7 -1 9 -1 4 6 8 9 -1 9 -1 8 9 -1 6 -1
