35
1 0 4 -1 2 -1 5 -1 5 8 9 -1 7 -1 2 -1 3 -1 1 -1 7 -1 7 -1 6 9 -1 7 -1 7 -1 2 6 -1 1 -1 3 -1 4 -1
2 9 -1 8 9 -1 0 -1 4 -1 8 9 -1 1 -1 1 -1 5 7 9 -1 7 -1 9 -1 3 5 -1 7 8 9 -1 4 -1 7 -1 3 6 9 -1 4 5 -1 8 9 -1 2 -1 5 -1
3 3 9 -1 4 9 -1 3 -1 3 -1 5 -1 1 8 -1
4 6 -1 0 -1 1 -1 7 -1 7 -1 5 -1 1 -1 2 7 -1 6 7 -1 4 6 -1 7 -1 1 -1 8 9 -1 1 4 -1 4 -1 5 8 -1 3 -1 2 5 9 -1 9 -1 8 -1
5 2 -1 8 -1 0 6 8 -1 5 -1 6 -1 0 2 6 -1 7 -1 6 7 8 -1 0 9 -1 4 9 -1 6 8 -1 9 -1 3 -1 7 8 -1 8 -1 1 -1 0 -1 2 4 -1
6 2 -1 8 9 -1 2 -1 5 -1 4 5 -1
7 2 -1 7 -1 8 -1 9 -1 4 9 -1 3 7 9 -1 5 9 -1 8 -1 6 -1 0 -1 0 -1 7 9 -1 3 4 9 -1 6 -1 3 -1 4 9 -1 3 -1
8 5 9 -1 7 -1 9 -1 6 9 -1 4 -1 2 8 -1 5 -1 2 -1 7 8 9 -1 3 -1 3 -1 1 -1 7 -1 5 -1
9 9 -1 2 -1 1 -1 1 -1 4 8 9 -1 9 -1 2 -1 4 -1 2 9 -1 7 -1 8 9 -1 0 3 -1
10 4 9 -1 2 -1 5 -1 1 5 7 9 -1 6 -1 5 -1 5 -1 9 -1 2 7 8 9 -1 7 9 -1 2 -1 4 8 9 -1 3 -1 5 -1 9 -1 2 -1 3 -1
11 5 -1 1 -1 0 2 -1 3 -1 4 9 -1 2 5 -1 8 -1 1 9 -1 1 -1 2 9 -1 9 -1 2 5 7 8 -1 0 2 -1 4 9 -1 4 7 8 9 -1
12 1 8 9 -1 3 9 -1 7 -1 0 -1 5 -1 8 9 -1 2 -1 3 5 -1 6 -1
13 
14 3 -1 0 -1 9 -1 0 -1 7 -1 5 -1 8 9 -1 1 -1 4 9 -1 3 -1 0 1 -1 2 3 -1 4 5 -1
15 0 -1 5 -1 7 9 -1 1 -1 8 -1 8 -1
16 3 -1 2 -1 4 -1 0 7 8 9 -1 9 -1 8 9 -1 4 5 8 -1 2 5 7 -1 5 6 -1 5 -1 3 -1 8 -1 2 9 -1 5 9 -1 7 -1 5 8 9 -1 6 -1
17 3 7 -1 7 9 -1 9 -1 3 7 -1 5 -1 4 8 -1 8 9 -1 4 -1 8 -1 0 -1 3 -1 5 9 -1 9 -1 3 -1 6 8 9 -1 7 9 -1
18 3 -1 8 -1 8 9 -1 2 -1 8 9 -1 6 -1 7 -1 9 -1 0 3 9 -1 2 -1 0 -1 0 4 5 7 -1 9 -1 8 9 -1 3 4 9 -1
19 7 8 9 -1 5 7 -1 2 -1 7 -1 0 -1 8 9 -1 6 7 9 -1 5 6 7 8 -1 4 7 -1 9 -1 4 6 8 9 -1 9 -1 8 9 -1 6 -1 8 9 -1
20 4 -1 8 9 -1 0 3 9 -1 9 -1 5 7 9 -1 0 2 -1 4 -1 3 -1 6 -1
21 3 -1 5 9 -1 2 7 9 -1 9 -1 4 -1 4 9 -1 6 -1 9 -1 2 5 6 8 9 -1 2 -1 0 8 -1 7 -1 6 9 -1 2 -1 3 -1 8 9 -1
22 0 2 -1 1 -1 5 6 7 8 9 -1 3 -1 7 -1 0 -1 9 -1 3 4 -1 1 4 8 9 -1 2 5 -1 8 -1 3 -1
23 1 -1 8 9 -1 8 9 -1 4 7 -1 0 -1 2 -1 6 8 -1 9 -1 6 8 -1 1 5 -1 0 -1 8 -1 5 -1 6 8 9 -1 5 -1 9 -1 8 -1
24 9 -1 3 -1
25 3 7 9 -1 0 8 -1 2 5 -1 2 6 -1 4 -1 3 8 9 -1 0 3 -1 3 4 7 -1 0 2 7 -1 4 9 -1 0 5 -1
26 6 9 -1 3 4 5 9 -1 4 9 -1 1 3 -1 8 -1 7 -1 4 -1
27 8 -1 5 9 -1 0 9 -1 9 -1 4 8 9 -1 8 -1 0 -1 0 3 6 -1 6 -1 7 8 -1 4 5 8 -1 3 -1 4 -1 1 -1
28 7 -1 6 8 9 -1 9 -1 9 -1 1 -1 1 -1 7 -1 0 -1 9 -1 5 -1 6 7 8 -1
29 9 -1 6 8 9 -1 6 -1 8 -1 3 -1 0 2 5 -1 6 -1 3 -1 9 -1 8 9 -1 6 7 8 9 -1 1 -1 7 8 9 -1 1 5 7 -1
30 3 -1 9 -1 2 -1 1 6 9 -1 2 -1 7 -1 1 6 -1 1 8 9 -1 2 -1 8 -1 2 5 -1
31 2 -1 5 6 8 -1 4 -1 6 8 9 -1 3 6 -1 0 -1 5 -1 7 8 -1 0 -1 1 -1 4 6 -1 7 9 -1 3 6 -1 2 -1 0 -1 5 -1 1 -1
32 2 -1 9 -1 7 9 -1 5 8 9 -1 8 9 -1
33 6 7 8 9 -1 7 8 -1
34 2 -1
35 9 -1 7 -1 7 -1 3 -1 8 -1 9 -1
