[[2]]
25
[[2], [7]]
18
[[2], [7], [7]]
14
[[2], [7], [9]]
17
[[2], [7], [5]]
13
[[2], [7], [8]]
14
[[2], [4]]
17
[[2], [4], [9]]
13
[[2], [5]]
22
[[2], [5], [9]]
15
[[2], [5], [9], [9]]
13
[[2], [5], [8]]
15
[[2], [8]]
20
[[2], [8], [7]]
15
[[2], [8], [7], [9]]
14
[[2], [8], [4]]
14
[[2], [8], [5]]
16
[[2], [8], [8]]
16
[[2], [8], [9]]
17
[[2], [8], [9], [8]]
14
[[2], [8], [9], [9]]
14
[[2], [8], [2]]
14
[[2], [8], [3]]
13
[[2], [8, 9]]
18
[[2], [8, 9], [5]]
13
[[2], [8, 9], [9]]
14
[[2], [8, 9], [8]]
13
[[2], [9]]
20
[[2], [9], [7]]
17
[[2], [9], [7], [9]]
15
[[2], [9], [7], [8]]
13
[[2], [9], [4]]
15
[[2], [9], [4], [9]]
13
[[2], [9], [5]]
17
[[2], [9], [8]]
16
[[2], [9], [8], [9]]
13
[[2], [9], [9]]
18
[[2], [9], [9], [8]]
15
[[2], [9], [9], [9]]
14
[[2], [9], [9], [9], [8]]
14
[[2], [9], [9], [5]]
14
[[2], [9], [2]]
14
[[2], [9], [3]]
13
[[2], [2]]
15
[[2], [3]]
17
[[2], [6]]
17
[[2], [6], [7]]
14
[[2], [6], [7], [9]]
13
[[2], [6], [9]]
14
[[2], [6], [9], [9]]
13
[[2], [6], [5]]
13
[[2], [6], [8]]
13
[[7]]
30
[[7], [3]]
20
[[7], [5]]
21
[[7], [5], [8]]
17
[[7], [5], [8, 9]]
14
[[7], [5], [9]]
15
[[7], [5], [3]]
14
[[7], [6]]
18
[[7], [6], [7]]
13
[[7], [6], [9]]
15
[[7], [7]]
20
[[7], [7], [7]]
13
[[7], [7], [3]]
14
[[7], [7], [9]]
15
[[7], [7], [5]]
13
[[7], [7], [8]]
13
[[7], [8]]
26
[[7], [8], [8]]
17
[[7], [8], [9]]
17
[[7], [8], [5]]
16
[[7], [8], [3]]
16
[[7], [8, 9]]
20
[[7], [8, 9], [5]]
15
[[7], [8, 9], [9]]
13
[[7], [8, 9], [3]]
13
[[7], [9]]
25
[[7], [9], [3]]
17
[[7], [9], [7]]
15
[[7], [9], [4]]
16
[[7], [9], [4], [9]]
13
[[7], [9], [6]]
13
[[7], [9], [8]]
17
[[7], [9], [9]]
18
[[7], [9], [9], [9]]
13
[[7], [9], [9], [8]]
14
[[7], [9], [9], [5]]
14
[[7], [9], [2]]
15
[[7], [9], [5]]
19
[[7], [2]]
19
[[7], [2], [5]]
13
[[7], [4]]
20
[[7], [4], [8]]
13
[[7], [4], [9]]
15
[[7], [4], [3]]
16
[[7], [4], [4]]
13
[[7], [0]]
16
[[7], [0], [9]]
13
[[7], [1]]
13
[[7, 9]]
17
[[7, 9], [5]]
13
[[7, 9], [8]]
13
[[7, 8]]
13
[[9]]
33
[[9], [1]]
19
[[9], [2]]
22
[[9], [2], [5]]
16
[[9], [2], [9]]
14
[[9], [2], [8]]
14
[[9], [3]]
24
[[9], [3], [7]]
16
[[9], [3], [2]]
14
[[9], [3], [3]]
17
[[9], [3], [5]]
17
[[9], [3], [8]]
16
[[9], [3], [9]]
17
[[9], [3], [4]]
13
[[9], [4]]
24
[[9], [4], [8]]
18
[[9], [4], [3]]
19
[[9], [4], [9]]
18
[[9], [4], [9], [8]]
13
[[9], [4], [9], [3]]
13
[[9], [4], [5]]
15
[[9], [4], [4]]
15
[[9], [4], [7]]
13
[[9], [4], [2]]
13
[[9], [4, 9]]
14
[[9], [5]]
26
[[9], [5], [5]]
15
[[9], [5], [8]]
22
[[9], [5], [8], [7]]
13
[[9], [5], [8], [9]]
14
[[9], [5], [8], [5]]
13
[[9], [5], [8, 9]]
15
[[9], [5], [9]]
19
[[9], [5], [9], [9]]
14
[[9], [5], [9], [5]]
13
[[9], [5], [6]]
14
[[9], [5], [3]]
18
[[9], [5], [4]]
14
[[9], [5], [7]]
14
[[9], [5], [2]]
13
[[9], [6]]
20
[[9], [6], [9]]
15
[[9], [6], [5]]
13
[[9], [6], [7]]
15
[[9], [6], [8]]
14
[[9], [7]]
28
[[9], [7], [5]]
20
[[9], [7], [5], [8]]
15
[[9], [7], [5], [9]]
13
[[9], [7], [6]]
15
[[9], [7], [8]]
22
[[9], [7], [8], [9]]
13
[[9], [7], [8, 9]]
17
[[9], [7], [9]]
23
[[9], [7], [9], [8]]
15
[[9], [7], [9], [9]]
14
[[9], [7], [9], [5]]
17
[[9], [7], [9], [7]]
13
[[9], [7], [9], [3]]
13
[[9], [7], [0]]
16
[[9], [7], [2]]
18
[[9], [7], [3]]
17
[[9], [7], [4]]
18
[[9], [7], [7]]
16
[[9], [8]]
29
[[9], [8], [7]]
18
[[9], [8], [8]]
20
[[9], [8], [8, 9]]
14
[[9], [8], [9]]
20
[[9], [8], [9], [9]]
14
[[9], [8], [9], [8]]
13
[[9], [8], [9], [5]]
13
[[9], [8], [2]]
18
[[9], [8], [2], [8]]
13
[[9], [8], [2], [5]]
13
[[9], [8], [3]]
18
[[9], [8], [4]]
16
[[9], [8], [5]]
18
[[9], [8], [6]]
13
[[9], [8], [0]]
14
[[9], [8, 9]]
19
[[9], [8, 9], [3]]
14
[[9], [8, 9], [5]]
15
[[9], [8, 9], [7]]
13
[[9], [8, 9], [8]]
14
[[9], [8, 9], [9]]
13
[[9], [8, 9], [2]]
13
[[9], [9]]
29
[[9], [9], [3]]
21
[[9], [9], [3], [5]]
14
[[9], [9], [5]]
23
[[9], [9], [5], [8]]
17
[[9], [9], [5], [8, 9]]
13
[[9], [9], [5], [9]]
14
[[9], [9], [5], [3]]
13
[[9], [9], [6]]
19
[[9], [9], [6], [9]]
13
[[9], [9], [7]]
22
[[9], [9], [7], [9]]
16
[[9], [9], [7], [2]]
13
[[9], [9], [7], [3]]
13
[[9], [9], [7], [4]]
13
[[9], [9], [7], [5]]
15
[[9], [9], [7], [7]]
13
[[9], [9], [7], [8]]
17
[[9], [9], [7], [8, 9]]
13
[[9], [9], [8]]
23
[[9], [9], [8], [9]]
14
[[9], [9], [8], [3]]
14
[[9], [9], [8], [7]]
13
[[9], [9], [8], [8]]
15
[[9], [9], [8, 9]]
17
[[9], [9], [9]]
25
[[9], [9], [9], [7]]
17
[[9], [9], [9], [8]]
21
[[9], [9], [9], [8, 9]]
14
[[9], [9], [9], [9]]
17
[[9], [9], [9], [9], [7]]
13
[[9], [9], [9], [9], [8]]
14
[[9], [9], [9], [2]]
14
[[9], [9], [9], [4]]
16
[[9], [9], [9], [5]]
20
[[9], [9], [9], [3]]
16
[[9], [9], [9], [0]]
13
[[9], [9], [2]]
19
[[9], [9], [2], [5]]
13
[[9], [9], [4]]
20
[[9], [9], [4], [9]]
14
[[9], [9], [4], [3]]
14
[[9], [9], [4], [8]]
13
[[9], [9], [0]]
17
[[9], [9], [1]]
15
[[9], [0]]
19
[[9], [0], [5]]
14
[[9], [0], [6]]
13
[[9], [0], [7]]
14
[[9], [0], [8]]
15
[[9], [0], [8, 9]]
13
[[9], [0], [9]]
17
[[9], [0], [9], [9]]
14
[[9], [0], [3]]
13
[[8]]
32
[[8], [2]]
22
[[8], [2], [9]]
14
[[8], [2], [8]]
15
[[8], [2], [3]]
13
[[8], [2], [5]]
15
[[8], [3]]
20
[[8], [3], [7]]
15
[[8], [3], [2]]
14
[[8], [3], [3]]
15
[[8], [3], [5]]
16
[[8], [3], [9]]
15
[[8], [3], [8]]
13
[[8], [4]]
21
[[8], [4], [8]]
15
[[8], [4], [3]]
15
[[8], [4], [9]]
15
[[8], [5]]
23
[[8], [5], [8]]
18
[[8], [5], [3]]
16
[[8], [5], [6]]
14
[[8], [5], [9]]
17
[[8], [5], [9], [9]]
13
[[8], [5], [7]]
13
[[8], [7]]
24
[[8], [7], [3]]
15
[[8], [7], [9]]
18
[[8], [7], [2]]
15
[[8], [7], [8]]
16
[[8], [7], [0]]
13
[[8], [7], [4]]
14
[[8], [7], [5]]
15
[[8], [7], [7]]
13
[[8], [8]]
25
[[8], [8], [2]]
15
[[8], [8], [3]]
17
[[8], [8], [5]]
17
[[8], [8], [6]]
13
[[8], [8], [7]]
15
[[8], [8], [9]]
15
[[8], [8], [8]]
14
[[8], [8, 9]]
18
[[8], [8, 9], [5]]
14
[[8], [9]]
26
[[8], [9], [7]]
19
[[8], [9], [7], [5]]
13
[[8], [9], [7], [8]]
13
[[8], [9], [7], [9]]
13
[[8], [9], [3]]
18
[[8], [9], [4]]
18
[[8], [9], [4], [9]]
14
[[8], [9], [5]]
19
[[8], [9], [8]]
19
[[8], [9], [8, 9]]
14
[[8], [9], [9]]
21
[[8], [9], [9], [8]]
15
[[8], [9], [9], [9]]
15
[[8], [9], [9], [5]]
16
[[8], [9], [9], [6]]
14
[[8], [9], [9], [7]]
13
[[8], [9], [9], [3]]
13
[[8], [9], [2]]
16
[[8], [9], [6]]
15
[[8], [9], [0]]
14
[[8], [0]]
19
[[8], [0], [9]]
17
[[8], [0], [9], [9]]
13
[[8], [0], [3]]
14
[[8], [0], [5]]
15
[[8], [0], [6]]
13
[[8], [0], [7]]
14
[[8], [0], [8]]
14
[[8], [6]]
17
[[8], [1]]
13
[[8, 9]]
26
[[8, 9], [2]]
19
[[8, 9], [2], [5]]
13
[[8, 9], [3]]
18
[[8, 9], [3], [3]]
14
[[8, 9], [3], [5]]
15
[[8, 9], [3], [7]]
13
[[8, 9], [3], [9]]
14
[[8, 9], [3], [2]]
13
[[8, 9], [4]]
17
[[8, 9], [5]]
20
[[8, 9], [7]]
20
[[8, 9], [7], [2]]
13
[[8, 9], [7], [9]]
15
[[8, 9], [7], [5]]
14
[[8, 9], [7], [8]]
13
[[8, 9], [9]]
20
[[8, 9], [9], [5]]
14
[[8, 9], [9], [8]]
14
[[8, 9], [9], [9]]
15
[[8, 9], [9], [2]]
13
[[8, 9], [9], [3]]
13
[[8, 9], [8]]
19
[[8, 9], [8], [3]]
13
[[8, 9], [8], [5]]
14
[[8, 9], [8, 9]]
13
[[8, 9], [0]]
16
[[8, 9], [0], [5]]
14
[[8, 9], [0], [9]]
13
[[8, 9], [6]]
14
[[5]]
29
[[5], [2]]
16
[[5], [7]]
20
[[5], [7], [4]]
15
[[5], [7], [7]]
13
[[5], [7], [8]]
13
[[5], [7], [9]]
15
[[5], [1]]
14
[[5], [4]]
20
[[5], [4], [9]]
13
[[5], [4], [3]]
15
[[5], [4], [8]]
13
[[5], [4], [4]]
14
[[5], [5]]
19
[[5], [6]]
19
[[5], [6], [7]]
14
[[5], [6], [8]]
13
[[5], [6], [9]]
14
[[5], [8]]
26
[[5], [8], [7]]
16
[[5], [8], [9]]
18
[[5], [8], [8]]
16
[[5], [8], [2]]
14
[[5], [8], [5]]
16
[[5], [8], [3]]
16
[[5], [8], [4]]
15
[[5], [8], [6]]
13
[[5], [8, 9]]
20
[[5], [8, 9], [5]]
14
[[5], [8, 9], [3]]
14
[[5], [8, 9], [9]]
13
[[5], [9]]
24
[[5], [9], [6]]
14
[[5], [9], [9]]
20
[[5], [9], [9], [8]]
14
[[5], [9], [9], [9]]
14
[[5], [9], [9], [3]]
13
[[5], [9], [9], [5]]
13
[[5], [9], [4]]
18
[[5], [9], [4], [9]]
13
[[5], [9], [5]]
17
[[5], [9], [7]]
15
[[5], [9], [8]]
18
[[5], [9], [8], [8]]
13
[[5], [9], [3]]
17
[[5], [9], [2]]
13
[[5], [3]]
21
[[5], [3], [7]]
13
[[5], [3], [9]]
13
[[5], [3], [5]]
13
[[5], [0]]
13
[[5, 9]]
14
[[5, 9], [9]]
13
[[4]]
24
[[4], [3]]
20
[[4], [3], [5]]
13
[[4], [5]]
18
[[4], [5], [8]]
14
[[4], [5], [3]]
13
[[4], [7]]
17
[[4], [7], [4]]
13
[[4], [8]]
22
[[4], [8], [9]]
17
[[4], [8], [3]]
17
[[4], [8], [7]]
15
[[4], [8], [8]]
14
[[4], [8], [2]]
13
[[4], [8], [4]]
15
[[4], [8], [5]]
13
[[4], [8, 9]]
17
[[4], [8, 9], [3]]
14
[[4], [8, 9], [9]]
13
[[4], [9]]
20
[[4], [9], [7]]
15
[[4], [9], [3]]
17
[[4], [9], [4]]
16
[[4], [9], [5]]
14
[[4], [9], [8]]
16
[[4], [9], [9]]
16
[[4], [9], [9], [9]]
13
[[4], [9], [2]]
13
[[4], [1]]
14
[[4], [2]]
16
[[4], [4]]
20
[[4], [4], [3]]
13
[[4], [6]]
13
[[4], [0]]
13
[[4, 9]]
14
[[0]]
23
[[0], [5]]
20
[[0], [5], [7]]
13
[[0], [5], [8]]
17
[[0], [5], [8], [9]]
13
[[0], [5], [8, 9]]
13
[[0], [5], [9]]
16
[[0], [5], [9], [9]]
13
[[0], [5], [6]]
13
[[0], [5], [3]]
14
[[0], [5], [4]]
13
[[0], [7]]
20
[[0], [7], [9]]
15
[[0], [7], [4]]
14
[[0], [7], [8]]
13
[[0], [7], [3]]
13
[[0], [9]]
22
[[0], [9], [4]]
14
[[0], [9], [8]]
16
[[0], [9], [9]]
18
[[0], [9], [9], [9]]
13
[[0], [9], [3]]
16
[[0], [9], [5]]
15
[[0], [9], [6]]
14
[[0], [9], [7]]
14
[[0], [9], [2]]
13
[[0], [3]]
18
[[0], [4]]
15
[[0], [6]]
18
[[0], [6], [9]]
13
[[0], [8]]
20
[[0], [8], [4]]
13
[[0], [8], [9]]
15
[[0], [8], [5]]
13
[[0], [8, 9]]
16
[[0], [2]]
15
[[1]]
20
[[1], [7]]
15
[[1], [9]]
14
[[1], [8]]
13
[[1], [2]]
13
[[1], [5]]
13
[[3]]
26
[[3], [7]]
20
[[3], [7], [4]]
16
[[3], [7], [5]]
14
[[3], [7], [9]]
15
[[3], [7], [2]]
14
[[3], [7], [8]]
13
[[3], [7], [3]]
13
[[3], [9]]
21
[[3], [9], [2]]
14
[[3], [9], [3]]
16
[[3], [9], [4]]
13
[[3], [9], [5]]
15
[[3], [9], [7]]
14
[[3], [9], [8]]
14
[[3], [9], [9]]
14
[[3], [3]]
19
[[3], [5]]
20
[[3], [5], [8]]
15
[[3], [5], [9]]
14
[[3], [5], [3]]
14
[[3], [8]]
20
[[3], [8], [5]]
13
[[3], [2]]
17
[[3], [4]]
17
[[3], [4], [3]]
14
[[3], [0]]
14
[[3], [6]]
14
[[6]]
24
[[6], [2]]
14
[[6], [5]]
18
[[6], [5], [8]]
15
[[6], [5], [9]]
13
[[6], [7]]
20
[[6], [7], [9]]
14
[[6], [8]]
19
[[6], [8], [8]]
13
[[6], [8, 9]]
14
[[6], [9]]
19
[[6], [9], [5]]
14
[[6], [9], [8]]
14
[[6], [9], [9]]
15
[[6], [3]]
15
[[6], [4]]
14
[[6], [6]]
13
[[6, 9]]
14
