[[2]]
12
[[2], [7]]
9
[[2], [4]]
7
[[2], [5]]
9
[[2], [5], [7]]
7
[[2], [5], [9]]
7
[[2], [8]]
8
[[2], [8], [7]]
7
[[2], [9]]
9
[[2], [9], [7]]
7
[[7]]
13
[[7], [3]]
7
[[7], [5]]
7
[[7], [6]]
8
[[7], [7]]
8
[[7], [7], [7]]
8
[[7], [8]]
7
[[7], [9]]
8
[[7], [9], [3]]
7
[[7], [9], [7]]
7
[[7, 9]]
7
[[9]]
15
[[9], [1]]
8
[[9], [2]]
9
[[9], [3]]
9
[[9], [4]]
9
[[9], [4], [8]]
7
[[9], [5]]
9
[[9], [6]]
7
[[9], [7]]
11
[[9], [8]]
9
[[9], [8], [7]]
7
[[9], [8], [8]]
7
[[9], [8], [9]]
7
[[9], [9]]
12
[[9], [9], [3]]
8
[[9], [9], [5]]
8
[[9], [9], [6]]
7
[[9], [9], [7]]
10
[[9], [9], [8]]
8
[[9], [9], [9]]
7
[[9], [9], [9], [7]]
7
[[9], [9], [9], [8]]
7
[[8]]
13
[[8], [2]]
9
[[8], [3]]
7
[[8], [4]]
7
[[8], [5]]
8
[[8], [7]]
9
[[8], [8]]
9
[[8], [9]]
10
[[8], [9], [7]]
9
[[8, 9]]
8
[[5]]
13
[[5], [2]]
7
[[5], [7]]
10
[[5], [7], [6]]
8
[[5], [1]]
7
[[5], [4]]
8
[[5], [5]]
7
[[5], [6]]
8
[[5], [8]]
9
[[5], [8], [7]]
7
[[5], [8], [9]]
7
[[5], [9]]
9
[[5], [9], [6]]
7
[[5], [9], [9]]
7
[[4]]
11
[[4], [3]]
7
[[4], [5]]
7
[[4], [7]]
8
[[4], [8]]
9
[[4], [8], [9]]
7
[[4], [9]]
9
[[4], [9], [7]]
7
[[4, 9]]
7
[[0]]
10
[[0], [5]]
8
[[0], [5], [7]]
7
[[0], [7]]
8
[[0], [9]]
7
[[1]]
10
[[1], [7]]
7
[[3]]
12
[[3], [7]]
8
[[3], [9]]
7
[[6]]
8
