[[2]]
20
[[2], [7]]
15
[[2], [7], [3]]
11
[[2], [7], [7]]
12
[[2], [7], [7], [9]]
10
[[2], [7], [7], [9], [4]]
8
[[2], [7], [7], [9], [8]]
8
[[2], [7], [7], [3]]
8
[[2], [7], [7], [4]]
9
[[2], [7], [7], [5]]
9
[[2], [7], [7], [8]]
8
[[2], [7], [9]]
13
[[2], [7], [9], [3]]
10
[[2], [7], [9], [4]]
9
[[2], [7], [9], [8]]
8
[[2], [7], [9], [5]]
9
[[2], [7], [9], [7]]
8
[[2], [7], [6]]
8
[[2], [7], [4]]
10
[[2], [7], [4], [9]]
8
[[2], [7], [5]]
10
[[2], [7], [8]]
10
[[2], [7], [8, 9]]
8
[[2], [7], [2]]
8
[[2], [7, 8]]
8
[[2], [1]]
10
[[2], [1], [9]]
8
[[2], [2]]
12
[[2], [2], [7]]
10
[[2], [2], [7], [9]]
8
[[2], [2], [9]]
10
[[2], [2], [9], [3]]
8
[[2], [2], [8]]
10
[[2], [2], [2]]
8
[[2], [2], [3]]
9
[[2], [3]]
16
[[2], [3], [7]]
10
[[2], [3], [2]]
8
[[2], [3], [5]]
9
[[2], [3], [9]]
9
[[2], [4]]
15
[[2], [4], [8]]
11
[[2], [4], [8], [3]]
8
[[2], [4], [8], [9]]
8
[[2], [4], [8, 9]]
8
[[2], [4], [9]]
12
[[2], [4], [9], [8]]
10
[[2], [4], [9], [2]]
8
[[2], [4], [9], [3]]
9
[[2], [4], [9], [4]]
8
[[2], [4], [9], [9]]
8
[[2], [4], [4]]
10
[[2], [4], [7]]
8
[[2], [4], [2]]
8
[[2], [4], [3]]
10
[[2], [4], [5]]
8
[[2], [4, 9]]
10
[[2], [5]]
18
[[2], [5], [5]]
8
[[2], [5], [7]]
10
[[2], [5], [7], [9]]
8
[[2], [5], [7], [3]]
8
[[2], [5], [8]]
12
[[2], [5], [8], [7]]
8
[[2], [5], [8], [9]]
10
[[2], [5], [8, 9]]
8
[[2], [5], [9]]
12
[[2], [5], [9], [9]]
10
[[2], [5], [9], [8]]
8
[[2], [5], [9], [3]]
8
[[2], [5], [6]]
9
[[2], [5], [2]]
8
[[2], [5], [3]]
10
[[2], [5], [4]]
8
[[2], [6]]
15
[[2], [6], [5]]
11
[[2], [6], [5], [8]]
8
[[2], [6], [6]]
9
[[2], [6], [7]]
12
[[2], [6], [7], [9]]
11
[[2], [6], [7], [3]]
8
[[2], [6], [7], [4]]
9
[[2], [6], [7], [8]]
8
[[2], [6], [8]]
11
[[2], [6], [8], [8]]
9
[[2], [6], [8], [9]]
9
[[2], [6], [8, 9]]
10
[[2], [6], [9]]
12
[[2], [6], [9], [8]]
10
[[2], [6], [9], [8, 9]]
8
[[2], [6], [9], [9]]
11
[[2], [6], [9], [9], [9]]
9
[[2], [6], [9], [9], [8]]
9
[[2], [6], [9], [3]]
8
[[2], [6], [9], [4]]
8
[[2], [6], [9], [5]]
9
[[2], [6], [2]]
8
[[2], [6], [3]]
11
[[2], [6], [4]]
9
[[2], [6], [4], [9]]
8
[[2], [8]]
17
[[2], [8], [2]]
11
[[2], [8], [2], [8]]
8
[[2], [8], [2], [9]]
9
[[2], [8], [3]]
12
[[2], [8], [3], [7]]
8
[[2], [8], [4]]
12
[[2], [8], [4], [8]]
8
[[2], [8], [4], [9]]
9
[[2], [8], [5]]
14
[[2], [8], [7]]
14
[[2], [8], [7], [9]]
12
[[2], [8], [7], [9], [3]]
8
[[2], [8], [7], [2]]
8
[[2], [8], [7], [3]]
9
[[2], [8], [7], [4]]
8
[[2], [8], [7], [5]]
9
[[2], [8], [7], [7]]
8
[[2], [8], [7], [8]]
9
[[2], [8], [8]]
13
[[2], [8], [8], [3]]
8
[[2], [8], [8], [9]]
9
[[2], [8], [8, 9]]
8
[[2], [8], [9]]
14
[[2], [8], [9], [4]]
9
[[2], [8], [9], [4], [9]]
8
[[2], [8], [9], [7]]
9
[[2], [8], [9], [8]]
11
[[2], [8], [9], [8, 9]]
8
[[2], [8], [9], [9]]
11
[[2], [8], [9], [9], [8]]
9
[[2], [8], [9], [9], [9]]
9
[[2], [8], [9], [9], [5]]
8
[[2], [8], [9], [2]]
9
[[2], [8], [9], [3]]
9
[[2], [8], [9], [5]]
10
[[2], [8], [6]]
9
[[2], [8], [1]]
8
[[2], [8], [0]]
8
[[2], [8, 9]]
14
[[2], [8, 9], [4]]
10
[[2], [8, 9], [5]]
11
[[2], [8, 9], [7]]
11
[[2], [8, 9], [7], [5]]
8
[[2], [8, 9], [7], [9]]
10
[[2], [8, 9], [9]]
11
[[2], [8, 9], [9], [8]]
8
[[2], [8, 9], [8]]
10
[[2], [8, 9], [2]]
9
[[2], [8, 9], [3]]
10
[[2], [9]]
17
[[2], [9], [3]]
12
[[2], [9], [3], [7]]
8
[[2], [9], [4]]
13
[[2], [9], [4], [8]]
9
[[2], [9], [4], [9]]
10
[[2], [9], [4], [9], [8]]
8
[[2], [9], [4], [3]]
8
[[2], [9], [4], [4]]
8
[[2], [9], [4, 9]]
8
[[2], [9], [5]]
14
[[2], [9], [5], [8]]
9
[[2], [9], [5], [8], [9]]
8
[[2], [9], [5], [9]]
8
[[2], [9], [7]]
14
[[2], [9], [7], [9]]
11
[[2], [9], [7], [2]]
8
[[2], [9], [7], [3]]
8
[[2], [9], [7], [4]]
8
[[2], [9], [7], [5]]
9
[[2], [9], [7], [7]]
8
[[2], [9], [7], [8]]
9
[[2], [9], [8]]
13
[[2], [9], [8], [7]]
8
[[2], [9], [8], [9]]
10
[[2], [9], [8], [8]]
9
[[2], [9], [8], [3]]
8
[[2], [9], [8, 9]]
9
[[2], [9], [9]]
14
[[2], [9], [9], [7]]
11
[[2], [9], [9], [7], [8]]
8
[[2], [9], [9], [7], [9]]
8
[[2], [9], [9], [8]]
12
[[2], [9], [9], [8], [9]]
8
[[2], [9], [9], [8, 9]]
8
[[2], [9], [9], [9]]
12
[[2], [9], [9], [9], [8]]
12
[[2], [9], [9], [9], [7]]
9
[[2], [9], [9], [9], [9]]
9
[[2], [9], [9], [9], [5]]
8
[[2], [9], [9], [2]]
9
[[2], [9], [9], [4]]
9
[[2], [9], [9], [5]]
11
[[2], [9], [9], [3]]
9
[[2], [9], [6]]
10
[[2], [9], [6], [7]]
9
[[2], [9], [6], [9]]
9
[[2], [9], [6], [8]]
8
[[2], [9], [2]]
11
[[2], [9], [2], [9]]
8
[[2], [9], [1]]
8
[[2], [9], [0]]
8
[[2], [0]]
10
[[2], [0], [9]]
9
[[7]]
25
[[7], [2]]
15
[[7], [2], [5]]
10
[[7], [2], [7]]
9
[[7], [2], [7], [9]]
8
[[7], [2], [9]]
10
[[7], [2], [6]]
9
[[7], [2], [8]]
10
[[7], [2], [8, 9]]
8
[[7], [2], [3]]
10
[[7], [3]]
17
[[7], [3], [7]]
9
[[7], [3], [2]]
8
[[7], [3], [3]]
8
[[7], [3], [4]]
8
[[7], [3], [5]]
8
[[7], [3], [9]]
8
[[7], [4]]
17
[[7], [4], [8]]
11
[[7], [4], [8], [9]]
8
[[7], [4], [8, 9]]
9
[[7], [4], [9]]
12
[[7], [4], [9], [5]]
8
[[7], [4], [9], [8]]
9
[[7], [4], [9], [3]]
8
[[7], [4], [3]]
12
[[7], [4], [5]]
9
[[7], [4], [7]]
8
[[7], [4], [4]]
10
[[7], [4], [2]]
8
[[7], [4, 9]]
9
[[7], [5]]
17
[[7], [5], [7]]
10
[[7], [5], [7], [9]]
8
[[7], [5], [2]]
9
[[7], [5], [2], [5]]
8
[[7], [5], [5]]
9
[[7], [5], [6]]
10
[[7], [5], [8]]
15
[[7], [5], [8], [5]]
9
[[7], [5], [8], [7]]
8
[[7], [5], [8], [9]]
10
[[7], [5], [8], [3]]
9
[[7], [5], [8], [4]]
8
[[7], [5], [8, 9]]
11
[[7], [5], [8, 9], [5]]
8
[[7], [5], [9]]
13
[[7], [5], [9], [5]]
9
[[7], [5], [9], [3]]
9
[[7], [5], [9], [4]]
8
[[7], [5], [9], [9]]
9
[[7], [5], [3]]
11
[[7], [5], [4]]
9
[[7], [6]]
15
[[7], [6], [4]]
9
[[7], [6], [4], [9]]
8
[[7], [6], [7]]
11
[[7], [6], [7], [9]]
8
[[7], [6], [9]]
12
[[7], [6], [9], [8]]
8
[[7], [6], [9], [9]]
9
[[7], [6], [9], [9], [9]]
8
[[7], [6], [9], [5]]
9
[[7], [6], [2]]
8
[[7], [6], [5]]
10
[[7], [6], [5], [8]]
8
[[7], [6], [6]]
9
[[7], [6], [8]]
11
[[7], [6], [8], [8]]
8
[[7], [6], [8], [9]]
8
[[7], [6], [8, 9]]
9
[[7], [6], [3]]
9
[[7], [7]]
16
[[7], [7], [3]]
12
[[7], [7], [4]]
10
[[7], [7], [5]]
11
[[7], [7], [6]]
9
[[7], [7], [7]]
13
[[7], [7], [7], [4]]
8
[[7], [7], [7], [9]]
8
[[7], [7], [9]]
14
[[7], [7], [9], [3]]
10
[[7], [7], [9], [4]]
9
[[7], [7], [9], [7]]
8
[[7], [7], [9], [8]]
10
[[7], [7], [9], [5]]
8
[[7], [7], [9], [9]]
8
[[7], [7], [2]]
10
[[7], [7], [8]]
10
[[7], [8]]
20
[[7], [8], [3]]
13
[[7], [8], [7]]
11
[[7], [8], [7], [5]]
8
[[7], [8], [7], [9]]
8
[[7], [8], [8]]
14
[[7], [8], [8], [3]]
8
[[7], [8], [8], [9]]
8
[[7], [8], [9]]
13
[[7], [8], [9], [5]]
9
[[7], [8], [9], [8]]
8
[[7], [8], [9], [9]]
9
[[7], [8], [5]]
13
[[7], [8], [5], [8]]
9
[[7], [8], [5], [9]]
8
[[7], [8], [6]]
10
[[7], [8], [2]]
9
[[7], [8], [1]]
8
[[7], [8], [4]]
11
[[7], [8, 9]]
16
[[7], [8, 9], [5]]
12
[[7], [8, 9], [8]]
9
[[7], [8, 9], [3]]
10
[[7], [8, 9], [4]]
8
[[7], [8, 9], [7]]
9
[[7], [8, 9], [9]]
10
[[7], [9]]
20
[[7], [9], [3]]
15
[[7], [9], [3], [5]]
8
[[7], [9], [4]]
14
[[7], [9], [4], [8]]
10
[[7], [9], [4], [9]]
11
[[7], [9], [4], [9], [8]]
8
[[7], [9], [4], [5]]
9
[[7], [9], [4], [4]]
9
[[7], [9], [4], [2]]
8
[[7], [9], [4], [3]]
9
[[7], [9], [4, 9]]
9
[[7], [9], [6]]
11
[[7], [9], [6], [9]]
8
[[7], [9], [7]]
14
[[7], [9], [7], [7]]
9
[[7], [9], [7], [3]]
8
[[7], [9], [7], [4]]
8
[[7], [9], [7], [5]]
8
[[7], [9], [7], [8]]
8
[[7], [9], [7], [9]]
9
[[7], [9], [8]]
13
[[7], [9], [8], [7]]
8
[[7], [9], [8], [9]]
10
[[7], [9], [8], [8]]
9
[[7], [9], [8], [3]]
9
[[7], [9], [8, 9]]
9
[[7], [9], [9]]
15
[[7], [9], [9], [7]]
11
[[7], [9], [9], [7], [8]]
8
[[7], [9], [9], [7], [9]]
8
[[7], [9], [9], [8]]
12
[[7], [9], [9], [8], [9]]
8
[[7], [9], [9], [9]]
11
[[7], [9], [9], [9], [8]]
10
[[7], [9], [9], [9], [9]]
8
[[7], [9], [9], [5]]
12
[[7], [9], [9], [5], [8]]
10
[[7], [9], [9], [5], [9]]
9
[[7], [9], [9], [2]]
8
[[7], [9], [9], [3]]
9
[[7], [9], [9], [4]]
8
[[7], [9], [2]]
11
[[7], [9], [5]]
15
[[7], [9], [5], [8]]
10
[[7], [9], [5], [9]]
9
[[7], [9], [5], [6]]
8
[[7], [9], [5], [3]]
8
[[7], [9], [0]]
8
[[7], [9], [1]]
9
[[7], [0]]
12
[[7], [0], [6]]
9
[[7], [0], [9]]
10
[[7], [0], [3]]
8
[[7], [0], [8]]
8
[[7], [1]]
11
[[7, 8]]
11
[[7, 8], [7]]
8
[[7, 8], [5]]
8
[[7, 8], [8]]
8
[[7, 9]]
13
[[7, 9], [5]]
10
[[7, 9], [5], [8]]
8
[[7, 9], [7]]
11
[[7, 9], [7], [9]]
8
[[7, 9], [7], [5]]
8
[[7, 9], [3]]
10
[[7, 9], [6]]
8
[[7, 9], [8]]
10
[[7, 9], [8], [7]]
8
[[7, 9], [8], [8]]
8
[[7, 9], [8, 9]]
8
[[7, 9], [9]]
10
[[7, 9], [9], [7]]
9
[[7, 9], [9], [9]]
8
[[7, 9], [9], [3]]
8
[[7, 9], [9], [4]]
8
[[7, 9], [9], [4], [9]]
8
[[7, 9], [9], [5]]
8
[[7, 9], [2]]
8
[[7, 9], [4]]
9
[[7, 9], [4], [9]]
8
[[9]]
28
[[9], [1]]
17
[[9], [1], [5]]
9
[[9], [1], [8]]
11
[[9], [1], [4]]
8
[[9], [1], [7]]
9
[[9], [1], [9]]
9
[[9], [2]]
18
[[9], [2], [5]]
13
[[9], [2], [7]]
11
[[9], [2], [7], [9]]
9
[[9], [2], [9]]
12
[[9], [2], [9], [7]]
11
[[9], [2], [9], [7], [9]]
8
[[9], [2], [9], [5]]
10
[[9], [2], [9], [8]]
9
[[9], [2], [9], [8, 9]]
8
[[9], [2], [9], [9]]
10
[[9], [2], [9], [9], [8]]
9
[[9], [2], [9], [9], [9]]
9
[[9], [2], [9], [9], [9], [8]]
8
[[9], [2], [9], [9], [5]]
9
[[9], [2], [9], [9], [7]]
8
[[9], [2], [9], [6]]
8
[[9], [2], [2]]
9
[[9], [2], [2], [7]]
8
[[9], [2], [2], [8]]
8
[[9], [2], [2], [9]]
8
[[9], [2], [8]]
12
[[9], [2], [8], [7]]
10
[[9], [2], [8], [7], [9]]
8
[[9], [2], [8], [9]]
10
[[9], [2], [8], [9], [5]]
8
[[9], [2], [8], [9], [8]]
8
[[9], [2], [8], [9], [9]]
8
[[9], [2], [8], [5]]
9
[[9], [2], [8], [8]]
9
[[9], [2], [8, 9]]
10
[[9], [2], [8, 9], [7]]
8
[[9], [2], [8, 9], [9]]
8
[[9], [2], [6]]
11
[[9], [2], [6], [5]]
8
[[9], [2], [6], [7]]
8
[[9], [2], [6], [8]]
8
[[9], [2], [6], [8], [9]]
8
[[9], [2], [6], [8, 9]]
8
[[9], [2], [6], [9]]
8
[[9], [2], [6], [9], [9]]
8
[[9], [2], [3]]
11
[[9], [2], [4]]
9
[[9], [3]]
21
[[9], [3], [3]]
14
[[9], [3], [5]]
13
[[9], [3], [5], [8]]
8
[[9], [3], [7]]
14
[[9], [3], [7], [3]]
8
[[9], [3], [7], [4]]
10
[[9], [3], [7], [5]]
8
[[9], [3], [7], [8]]
8
[[9], [3], [7], [9]]
9
[[9], [3], [8]]
11
[[9], [3], [2]]
11
[[9], [3], [0]]
8
[[9], [3], [1]]
8
[[9], [3], [4]]
10
[[9], [3], [6]]
8
[[9], [3], [9]]
12
[[9], [3], [9], [3]]
9
[[9], [4]]
21
[[9], [4], [3]]
15
[[9], [4], [3], [5]]
8
[[9], [4], [3], [7]]
8
[[9], [4], [7]]
10
[[9], [4], [8]]
16
[[9], [4], [8], [9]]
10
[[9], [4], [8], [8]]
9
[[9], [4], [8], [3]]
10
[[9], [4], [8], [7]]
9
[[9], [4], [8, 9]]
10
[[9], [4], [9]]
14
[[9], [4], [9], [7]]
9
[[9], [4], [9], [8]]
11
[[9], [4], [9], [9]]
9
[[9], [4], [9], [9], [9]]
8
[[9], [4], [9], [5]]
8
[[9], [4], [9], [3]]
10
[[9], [4], [9], [4]]
8
[[9], [4], [4]]
12
[[9], [4], [5]]
12
[[9], [4], [5], [8]]
8
[[9], [4], [5], [3]]
8
[[9], [4], [6]]
9
[[9], [4], [2]]
10
[[9], [4], [1]]
8
[[9], [4, 9]]
13
[[9], [4, 9], [8]]
9
[[9], [4, 9], [3]]
8
[[9], [5]]
22
[[9], [5], [5]]
11
[[9], [5], [7]]
12
[[9], [5], [7], [9]]
8
[[9], [5], [8]]
18
[[9], [5], [8], [7]]
11
[[9], [5], [8], [7], [9]]
8
[[9], [5], [8], [5]]
10
[[9], [5], [8], [9]]
12
[[9], [5], [8], [9], [5]]
8
[[9], [5], [8], [9], [9]]
8
[[9], [5], [8], [3]]
8
[[9], [5], [8], [4]]
8
[[9], [5], [8], [6]]
8
[[9], [5], [8, 9]]
11
[[9], [5], [8, 9], [5]]
8
[[9], [5], [8, 9], [9]]
8
[[9], [5], [9]]
15
[[9], [5], [9], [5]]
10
[[9], [5], [9], [9]]
11
[[9], [5], [9], [9], [9]]
8
[[9], [5], [9], [3]]
9
[[9], [5], [9], [4]]
8
[[9], [5], [9], [7]]
9
[[9], [5], [9], [8]]
9
[[9], [5], [2]]
10
[[9], [5], [2], [5]]
8
[[9], [5], [3]]
14
[[9], [5], [6]]
12
[[9], [5], [6], [9]]
8
[[9], [5], [1]]
8
[[9], [5], [4]]
11
[[9], [5, 7]]
8
[[9], [6]]
17
[[9], [6], [7]]
12
[[9], [6], [7], [4]]
8
[[9], [6], [7], [9]]
8
[[9], [6], [9]]
12
[[9], [6], [9], [5]]
9
[[9], [6], [9], [7]]
8
[[9], [6], [9], [8]]
8
[[9], [6], [9], [9]]
9
[[9], [6], [9], [9], [9]]
8
[[9], [6], [2]]
10
[[9], [6], [5]]
11
[[9], [6], [5], [8]]
9
[[9], [6], [5], [8, 9]]
8
[[9], [6], [5], [9]]
9
[[9], [6], [8]]
12
[[9], [6], [8], [2]]
8
[[9], [6], [8], [5]]
8
[[9], [6], [8], [8]]
9
[[9], [6], [8], [9]]
9
[[9], [6], [8, 9]]
10
[[9], [6], [3]]
11
[[9], [6], [4]]
10
[[9], [6], [6]]
8
[[9], [7]]
23
[[9], [7], [3]]
13
[[9], [7], [4]]
15
[[9], [7], [4], [3]]
8
[[9], [7], [4], [9]]
8
[[9], [7], [4, 9]]
8
[[9], [7], [5]]
16
[[9], [7], [5], [7]]
8
[[9], [7], [5], [8]]
13
[[9], [7], [5], [8], [9]]
9
[[9], [7], [5], [8, 9]]
9
[[9], [7], [5], [9]]
11
[[9], [7], [5], [9], [9]]
8
[[9], [7], [5], [3]]
9
[[9], [7], [5], [6]]
8
[[9], [7], [6]]
12
[[9], [7], [6], [9]]
8
[[9], [7], [7]]
12
[[9], [7], [7], [9]]
9
[[9], [7], [8]]
17
[[9], [7], [8], [7]]
8
[[9], [7], [8], [9]]
10
[[9], [7], [8], [2]]
8
[[9], [7], [8], [5]]
9
[[9], [7], [8], [8]]
8
[[9], [7], [8], [3]]
9
[[9], [7], [8], [4]]
8
[[9], [7], [8, 9]]
13
[[9], [7], [8, 9], [5]]
8
[[9], [7], [9]]
17
[[9], [7], [9], [3]]
10
[[9], [7], [9], [4]]
10
[[9], [7], [9], [4], [9]]
8
[[9], [7], [9], [6]]
10
[[9], [7], [9], [7]]
11
[[9], [7], [9], [8]]
11
[[9], [7], [9], [8], [9]]
8
[[9], [7], [9], [8, 9]]
9
[[9], [7], [9], [9]]
11
[[9], [7], [9], [9], [9]]
9
[[9], [7], [9], [9], [5]]
9
[[9], [7], [9], [9], [8]]
9
[[9], [7], [9], [2]]
8
[[9], [7], [9], [5]]
13
[[9], [7], [9], [5], [8]]
9
[[9], [7], [9], [5], [9]]
8
[[9], [7], [2]]
14
[[9], [7], [2], [9]]
9
[[9], [7], [2], [5]]
9
[[9], [7], [2], [8]]
8
[[9], [7], [0]]
12
[[9], [7], [0], [9]]
9
[[9], [7], [1]]
8
[[9], [7, 9]]
8
[[9], [7, 8]]
9
[[9], [8]]
23
[[9], [8], [3]]
14
[[9], [8], [3], [3]]
8
[[9], [8], [3], [5]]
8
[[9], [8], [3], [7]]
8
[[9], [8], [7]]
16
[[9], [8], [7], [9]]
11
[[9], [8], [7], [2]]
8
[[9], [8], [7], [3]]
9
[[9], [8], [7], [4]]
9
[[9], [8], [7], [5]]
10
[[9], [8], [7], [8]]
10
[[9], [8], [7], [8, 9]]
8
[[9], [8], [8]]
16
[[9], [8], [8], [3]]
10
[[9], [8], [8], [5]]
8
[[9], [8], [8], [7]]
8
[[9], [8], [8], [9]]
9
[[9], [8], [8, 9]]
10
[[9], [8], [9]]
15
[[9], [8], [9], [7]]
10
[[9], [8], [9], [8]]
10
[[9], [8], [9], [8, 9]]
8
[[9], [8], [9], [9]]
11
[[9], [8], [9], [9], [9]]
10
[[9], [8], [9], [9], [5]]
8
[[9], [8], [9], [9], [8]]
8
[[9], [8], [9], [2]]
8
[[9], [8], [9], [3]]
9
[[9], [8], [9], [4]]
8
[[9], [8], [9], [5]]
10
[[9], [8], [2]]
14
[[9], [8], [2], [8]]
11
[[9], [8], [2], [8, 9]]
8
[[9], [8], [2], [3]]
9
[[9], [8], [2], [5]]
10
[[9], [8], [2], [7]]
8
[[9], [8], [2], [9]]
10
[[9], [8], [4]]
13
[[9], [8], [4], [3]]
8
[[9], [8], [4], [9]]
9
[[9], [8], [5]]
13
[[9], [8], [5], [3]]
8
[[9], [8], [5], [8]]
9
[[9], [8], [5], [8, 9]]
8
[[9], [8], [5], [9]]
9
[[9], [8], [6]]
11
[[9], [8], [6], [5]]
8
[[9], [8], [6], [8]]
8
[[9], [8], [6], [9]]
8
[[9], [8], [0]]
10
[[9], [8], [1]]
8
[[9], [8, 9]]
15
[[9], [8, 9], [7]]
12
[[9], [8, 9], [7], [5]]
10
[[9], [8, 9], [7], [8]]
9
[[9], [8, 9], [7], [8, 9]]
8
[[9], [8, 9], [7], [9]]
10
[[9], [8, 9], [9]]
11
[[9], [8, 9], [9], [5]]
8
[[9], [8, 9], [9], [8]]
8
[[9], [8, 9], [9], [8, 9]]
8
[[9], [8, 9], [9], [9]]
8
[[9], [8, 9], [9], [9], [9]]
8
[[9], [8, 9], [2]]
11
[[9], [8, 9], [2], [5]]
8
[[9], [8, 9], [2], [8]]
8
[[9], [8, 9], [2], [9]]
8
[[9], [8, 9], [5]]
12
[[9], [8, 9], [8]]
11
[[9], [8, 9], [8], [3]]
8
[[9], [8, 9], [8], [9]]
8
[[9], [8, 9], [8, 9]]
8
[[9], [8, 9], [0]]
8
[[9], [8, 9], [3]]
11
[[9], [8, 9], [3], [5]]
8
[[9], [8, 9], [4]]
10
[[9], [8, 9], [4], [9]]
8
[[9], [8, 9], [6]]
9
[[9], [9]]
24
[[9], [9], [1]]
13
[[9], [9], [2]]
16
[[9], [9], [2], [9]]
10
[[9], [9], [2], [8]]
10
[[9], [9], [2], [3]]
10
[[9], [9], [2], [5]]
10
[[9], [9], [2], [7]]
8
[[9], [9], [3]]
19
[[9], [9], [3], [2]]
8
[[9], [9], [3], [3]]
9
[[9], [9], [3], [4]]
9
[[9], [9], [3], [5]]
11
[[9], [9], [3], [7]]
10
[[9], [9], [3], [8]]
10
[[9], [9], [3], [9]]
8
[[9], [9], [4]]
18
[[9], [9], [4], [9]]
12
[[9], [9], [4], [9], [8]]
8
[[9], [9], [4], [8]]
11
[[9], [9], [4], [8], [8]]
8
[[9], [9], [4], [8, 9]]
9
[[9], [9], [4], [2]]
9
[[9], [9], [4], [6]]
8
[[9], [9], [4], [3]]
11
[[9], [9], [4], [4]]
9
[[9], [9], [4], [5]]
9
[[9], [9], [4], [7]]
8
[[9], [9], [4, 9]]
10
[[9], [9], [5]]
18
[[9], [9], [5], [8]]
14
[[9], [9], [5], [8], [9]]
9
[[9], [9], [5], [8], [6]]
8
[[9], [9], [5], [8, 9]]
9
[[9], [9], [5], [7]]
9
[[9], [9], [5], [9]]
11
[[9], [9], [5], [9], [9]]
8
[[9], [9], [5], [6]]
10
[[9], [9], [5], [3]]
11
[[9], [9], [6]]
16
[[9], [9], [6], [9]]
11
[[9], [9], [6], [9], [5]]
8
[[9], [9], [6], [9], [8]]
8
[[9], [9], [6], [9], [9]]
8
[[9], [9], [6], [9], [9], [9]]
8
[[9], [9], [6], [5]]
10
[[9], [9], [6], [5], [8]]
9
[[9], [9], [6], [5], [8, 9]]
8
[[9], [9], [6], [5], [9]]
9
[[9], [9], [6], [7]]
10
[[9], [9], [6], [8]]
11
[[9], [9], [6], [8], [8]]
9
[[9], [9], [6], [8], [9]]
8
[[9], [9], [6], [8, 9]]
9
[[9], [9], [6], [2]]
8
[[9], [9], [6], [3]]
10
[[9], [9], [6], [4]]
9
[[9], [9], [7]]
21
[[9], [9], [7], [3]]
12
[[9], [9], [7], [7]]
11
[[9], [9], [7], [5]]
13
[[9], [9], [7], [5], [8]]
8
[[9], [9], [7], [5], [9]]
8
[[9], [9], [7], [6]]
10
[[9], [9], [7], [8]]
13
[[9], [9], [7], [8, 9]]
9
[[9], [9], [7], [9]]
13
[[9], [9], [7], [9], [5]]
9
[[9], [9], [7], [9], [8]]
8
[[9], [9], [7], [2]]
11
[[9], [9], [7], [0]]
9
[[9], [9], [7], [4]]
11
[[9], [9], [7, 8]]
9
[[9], [9], [8]]
19
[[9], [9], [8], [3]]
12
[[9], [9], [8], [7]]
11
[[9], [9], [8], [9]]
11
[[9], [9], [8], [8]]
11
[[9], [9], [8], [2]]
9
[[9], [9], [8], [6]]
9
[[9], [9], [8], [4]]
9
[[9], [9], [8], [5]]
9
[[9], [9], [8, 9]]
13
[[9], [9], [8, 9], [3]]
9
[[9], [9], [8, 9], [5]]
9
[[9], [9], [8, 9], [8]]
9
[[9], [9], [8, 9], [9]]
8
[[9], [9], [9]]
21
[[9], [9], [9], [3]]
13
[[9], [9], [9], [4]]
13
[[9], [9], [9], [4], [9]]
9
[[9], [9], [9], [4], [3]]
10
[[9], [9], [9], [4], [8]]
8
[[9], [9], [9], [5]]
17
[[9], [9], [9], [5], [8]]
10
[[9], [9], [9], [5], [9]]
9
[[9], [9], [9], [5], [6]]
9
[[9], [9], [9], [5], [3]]
9
[[9], [9], [9], [7]]
16
[[9], [9], [9], [7], [9]]
10
[[9], [9], [9], [7], [3]]
10
[[9], [9], [9], [7], [4]]
9
[[9], [9], [9], [7], [8]]
10
[[9], [9], [9], [7, 8]]
9
[[9], [9], [9], [8]]
17
[[9], [9], [9], [8], [7]]
10
[[9], [9], [9], [8], [8]]
10
[[9], [9], [9], [8], [9]]
10
[[9], [9], [9], [8], [3]]
9
[[9], [9], [9], [8], [4]]
8
[[9], [9], [9], [8], [6]]
8
[[9], [9], [9], [8, 9]]
11
[[9], [9], [9], [9]]
15
[[9], [9], [9], [9], [7]]
12
[[9], [9], [9], [9], [7], [9]]
8
[[9], [9], [9], [9], [8]]
13
[[9], [9], [9], [9], [8, 9]]
8
[[9], [9], [9], [9], [9]]
10
[[9], [9], [9], [9], [9], [8]]
8
[[9], [9], [9], [9], [9], [9]]
8
[[9], [9], [9], [9], [3]]
9
[[9], [9], [9], [9], [5]]
11
[[9], [9], [9], [9], [6]]
9
[[9], [9], [9], [2]]
12
[[9], [9], [9], [2], [3]]
8
[[9], [9], [9], [6]]
11
[[9], [9], [9], [0]]
10
[[9], [9], [9], [1]]
8
[[9], [9], [0]]
13
[[9], [9], [0], [3]]
9
[[9], [9], [0], [5]]
8
[[9], [9], [0], [6]]
9
[[9], [9], [0], [7]]
8
[[9], [9], [0], [9]]
9
[[9], [0]]
16
[[9], [0], [2]]
9
[[9], [0], [6]]
11
[[9], [0], [9]]
14
[[9], [0], [9], [3]]
9
[[9], [0], [9], [4]]
9
[[9], [0], [9], [5]]
10
[[9], [0], [9], [6]]
9
[[9], [0], [9], [8]]
8
[[9], [0], [9], [9]]
11
[[9], [0], [3]]
10
[[9], [0], [4]]
10
[[9], [0], [5]]
12
[[9], [0], [5], [8]]
9
[[9], [0], [7]]
11
[[9], [0], [7], [4]]
8
[[9], [0], [7], [9]]
8
[[9], [0], [8]]
11
[[9], [0], [8], [5]]
8
[[9], [0], [8, 9]]
10
[[9], [0], [8, 9], [5]]
8
[[8]]
26
[[8], [0]]
15
[[8], [0], [2]]
9
[[8], [0], [5]]
12
[[8], [0], [5], [8]]
8
[[8], [0], [6]]
11
[[8], [0], [9]]
14
[[8], [0], [9], [6]]
10
[[8], [0], [9], [9]]
10
[[8], [0], [9], [3]]
9
[[8], [0], [9], [4]]
8
[[8], [0], [9], [5]]
10
[[8], [0], [9], [8]]
9
[[8], [0], [3]]
11
[[8], [0], [4]]
9
[[8], [0], [4], [4]]
8
[[8], [0], [7]]
11
[[8], [0], [7], [4]]
8
[[8], [0], [7], [9]]
8
[[8], [0], [8]]
10
[[8], [0], [8, 9]]
8
[[8], [2]]
18
[[8], [2], [5]]
12
[[8], [2], [7]]
11
[[8], [2], [7], [9]]
9
[[8], [2], [8]]
13
[[8], [2], [8], [5]]
8
[[8], [2], [8], [7]]
8
[[8], [2], [8], [9]]
9
[[8], [2], [8, 9]]
9
[[8], [2], [9]]
13
[[8], [2], [9], [7]]
10
[[8], [2], [9], [3]]
8
[[8], [2], [9], [5]]
9
[[8], [2], [9], [8]]
8
[[8], [2], [9], [9]]
9
[[8], [2], [3]]
12
[[8], [2], [6]]
11
[[8], [2], [2]]
9
[[8], [2], [4]]
9
[[8], [3]]
17
[[8], [3], [7]]
13
[[8], [3], [7], [3]]
8
[[8], [3], [7], [4]]
9
[[8], [3], [7], [5]]
8
[[8], [3], [7], [8]]
8
[[8], [3], [7], [9]]
9
[[8], [3], [5]]
12
[[8], [3], [2]]
11
[[8], [3], [3]]
12
[[8], [3], [0]]
8
[[8], [3], [4]]
9
[[8], [3], [6]]
8
[[8], [3], [8]]
9
[[8], [3], [9]]
11
[[8], [3], [9], [3]]
8
[[8], [4]]
18
[[8], [4], [8]]
12
[[8], [4], [8], [3]]
8
[[8], [4], [8], [9]]
8
[[8], [4], [8, 9]]
8
[[8], [4], [9]]
11
[[8], [4], [9], [8]]
9
[[8], [4], [9], [9]]
8
[[8], [4], [3]]
11
[[8], [4], [6]]
8
[[8], [4], [2]]
8
[[8], [4], [4]]
9
[[8], [4], [5]]
9
[[8], [4, 9]]
9
[[8], [5]]
19
[[8], [5], [8]]
14
[[8], [5], [8], [3]]
8
[[8], [5], [8], [5]]
9
[[8], [5], [8], [6]]
9
[[8], [5], [8], [7]]
9
[[8], [5], [8], [9]]
9
[[8], [5], [8, 9]]
10
[[8], [5], [8, 9], [5]]
8
[[8], [5], [9]]
13
[[8], [5], [9], [3]]
9
[[8], [5], [9], [5]]
9
[[8], [5], [9], [6]]
8
[[8], [5], [9], [7]]
8
[[8], [5], [9], [8]]
8
[[8], [5], [9], [9]]
10
[[8], [5], [9], [9], [9]]
8
[[8], [5], [2]]
9
[[8], [5], [3]]
13
[[8], [5], [5]]
10
[[8], [5], [6]]
12
[[8], [5], [6], [8]]
8
[[8], [5], [6], [9]]
8
[[8], [5], [4]]
9
[[8], [5], [7]]
10
[[8], [6]]
15
[[8], [6], [2]]
8
[[8], [6], [3]]
9
[[8], [6], [4]]
8
[[8], [6], [5]]
9
[[8], [6], [6]]
8
[[8], [6], [7]]
9
[[8], [6], [8]]
9
[[8], [6], [9]]
9
[[8], [6], [9], [9]]
8
[[8], [7]]
21
[[8], [7], [3]]
14
[[8], [7], [4]]
12
[[8], [7], [6]]
11
[[8], [7], [7]]
11
[[8], [7], [7], [9]]
8
[[8], [7], [8]]
14
[[8], [7], [8], [3]]
8
[[8], [7], [8], [5]]
8
[[8], [7], [8], [9]]
8
[[8], [7], [8, 9]]
10
[[8], [7], [9]]
16
[[8], [7], [9], [3]]
10
[[8], [7], [9], [6]]
9
[[8], [7], [9], [8]]
9
[[8], [7], [9], [9]]
9
[[8], [7], [9], [2]]
8
[[8], [7], [9], [5]]
11
[[8], [7], [9], [7]]
9
[[8], [7], [0]]
11
[[8], [7], [0], [9]]
9
[[8], [7], [5]]
14
[[8], [7], [5], [8]]
9
[[8], [7], [5], [9]]
8
[[8], [7], [2]]
13
[[8], [7], [2], [5]]
8
[[8], [7, 8]]
8
[[8], [8]]
20
[[8], [8], [3]]
14
[[8], [8], [3], [3]]
8
[[8], [8], [3], [5]]
8
[[8], [8], [3], [7]]
8
[[8], [8], [7]]
12
[[8], [8], [7], [9]]
10
[[8], [8], [7], [5]]
9
[[8], [8], [7], [8]]
8
[[8], [8], [5]]
13
[[8], [8], [5], [8]]
8
[[8], [8], [5], [9]]
8
[[8], [8], [6]]
11
[[8], [8], [6], [8]]
8
[[8], [8], [6], [9]]
8
[[8], [8], [9]]
11
[[8], [8], [9], [6]]
8
[[8], [8], [9], [9]]
8
[[8], [8], [9], [9], [9]]
8
[[8], [8], [2]]
11
[[8], [8], [0]]
8
[[8], [8], [4]]
9
[[8], [8], [4], [9]]
8
[[8], [8], [8]]
9
[[8], [8], [8], [6]]
8
[[8], [8], [8], [6], [8]]
8
[[8], [8], [8], [8]]
8
[[8], [8, 9]]
13
[[8], [8, 9], [5]]
12
[[8], [8, 9], [2]]
8
[[8], [8, 9], [3]]
9
[[8], [8, 9], [6]]
8
[[8], [8, 9], [7]]
9
[[8], [8, 9], [7], [5]]
9
[[8], [8, 9], [8]]
8
[[8], [8, 9], [9]]
8
[[8], [9]]
21
[[8], [9], [3]]
15
[[8], [9], [3], [4]]
8
[[8], [9], [3], [5]]
9
[[8], [9], [3], [7]]
8
[[8], [9], [4]]
14
[[8], [9], [4], [8]]
10
[[8], [9], [4], [9]]
11
[[8], [9], [4], [9], [8]]
9
[[8], [9], [4], [6]]
8
[[8], [9], [4], [2]]
8
[[8], [9], [4], [3]]
9
[[8], [9], [4], [4]]
8
[[8], [9], [4], [5]]
8
[[8], [9], [4, 9]]
8
[[8], [9], [5]]
16
[[8], [9], [5], [6]]
8
[[8], [9], [5], [8]]
9
[[8], [9], [5], [3]]
8
[[8], [9], [5], [9]]
8
[[8], [9], [6]]
13
[[8], [9], [6], [8]]
8
[[8], [9], [6], [9]]
8
[[8], [9], [7]]
17
[[8], [9], [7], [5]]
12
[[8], [9], [7], [5], [8]]
8
[[8], [9], [7], [3]]
9
[[8], [9], [7], [6]]
9
[[8], [9], [7], [8]]
12
[[8], [9], [7], [8, 9]]
8
[[8], [9], [7], [9]]
11
[[8], [9], [7], [9], [5]]
8
[[8], [9], [7], [2]]
9
[[8], [9], [7], [0]]
9
[[8], [9], [7], [4]]
9
[[8], [9], [7], [7]]
9
[[8], [9], [8]]
15
[[8], [9], [8], [3]]
9
[[8], [9], [8], [5]]
9
[[8], [9], [8], [6]]
9
[[8], [9], [8], [7]]
8
[[8], [9], [8], [8]]
9
[[8], [9], [8], [9]]
9
[[8], [9], [8, 9]]
11
[[8], [9], [8, 9], [5]]
9
[[8], [9], [8, 9], [8]]
8
[[8], [9], [9]]
17
[[8], [9], [9], [7]]
12
[[8], [9], [9], [7], [8]]
10
[[8], [9], [9], [7], [9]]
8
[[8], [9], [9], [8]]
13
[[8], [9], [9], [8], [9]]
8
[[8], [9], [9], [8, 9]]
8
[[8], [9], [9], [9]]
14
[[8], [9], [9], [9], [8]]
11
[[8], [9], [9], [9], [3]]
8
[[8], [9], [9], [9], [5]]
9
[[8], [9], [9], [9], [7]]
9
[[8], [9], [9], [9], [9]]
8
[[8], [9], [9], [3]]
10
[[8], [9], [9], [5]]
15
[[8], [9], [9], [5], [6]]
8
[[8], [9], [9], [5], [8]]
8
[[8], [9], [9], [6]]
12
[[8], [9], [9], [6], [8]]
8
[[8], [9], [9], [6], [9]]
8
[[8], [9], [9], [2]]
9
[[8], [9], [9], [0]]
9
[[8], [9], [9], [4]]
8
[[8], [9], [2]]
14
[[8], [9], [2], [3]]
8
[[8], [9], [2], [5]]
8
[[8], [9], [1]]
10
[[8], [9], [0]]
10
[[8], [1]]
12
[[8], [1], [5]]
8
[[8, 9]]
20
[[8, 9], [2]]
15
[[8, 9], [2], [6]]
9
[[8, 9], [2], [3]]
9
[[8, 9], [2], [4]]
8
[[8, 9], [2], [5]]
10
[[8, 9], [2], [8]]
9
[[8, 9], [2], [9]]
10
[[8, 9], [3]]
15
[[8, 9], [3], [7]]
11
[[8, 9], [3], [7], [5]]
8
[[8, 9], [3], [7], [9]]
8
[[8, 9], [3], [2]]
10
[[8, 9], [3], [3]]
11
[[8, 9], [3], [5]]
11
[[8, 9], [3], [9]]
10
[[8, 9], [4]]
15
[[8, 9], [4], [8]]
8
[[8, 9], [4], [3]]
8
[[8, 9], [4], [9]]
9
[[8, 9], [7]]
17
[[8, 9], [7], [5]]
13
[[8, 9], [7], [5], [8]]
8
[[8, 9], [7], [9]]
14
[[8, 9], [7], [9], [3]]
8
[[8, 9], [7], [9], [5]]
11
[[8, 9], [7], [2]]
12
[[8, 9], [7], [2], [5]]
8
[[8, 9], [7], [3]]
11
[[8, 9], [7], [6]]
9
[[8, 9], [7], [8]]
12
[[8, 9], [7], [8], [5]]
8
[[8, 9], [7], [8, 9]]
10
[[8, 9], [7], [0]]
9
[[8, 9], [7], [4]]
9
[[8, 9], [7], [7]]
8
[[8, 9], [9]]
16
[[8, 9], [9], [7]]
11
[[8, 9], [9], [7], [6]]
8
[[8, 9], [9], [7], [5]]
8
[[8, 9], [9], [7], [8]]
9
[[8, 9], [9], [7], [8, 9]]
8
[[8, 9], [9], [7], [9]]
9
[[8, 9], [9], [4]]
10
[[8, 9], [9], [4], [9]]
8
[[8, 9], [9], [2]]
11
[[8, 9], [9], [2], [3]]
8
[[8, 9], [9], [3]]
10
[[8, 9], [9], [5]]
12
[[8, 9], [9], [5], [8]]
8
[[8, 9], [9], [6]]
10
[[8, 9], [9], [8]]
11
[[8, 9], [9], [8, 9]]
10
[[8, 9], [9], [9]]
12
[[8, 9], [9], [9], [5]]
11
[[8, 9], [9], [9], [6]]
8
[[8, 9], [9], [9], [7]]
8
[[8, 9], [9], [9], [8]]
9
[[8, 9], [9], [9], [9]]
10
[[8, 9], [5]]
16
[[8, 9], [5], [3]]
9
[[8, 9], [5], [6]]
8
[[8, 9], [5], [8]]
9
[[8, 9], [5], [9]]
8
[[8, 9], [8]]
14
[[8, 9], [8], [2]]
9
[[8, 9], [8], [3]]
10
[[8, 9], [8], [5]]
10
[[8, 9], [8], [6]]
9
[[8, 9], [8], [7]]
8
[[8, 9], [8], [8]]
8
[[8, 9], [8], [9]]
8
[[8, 9], [8, 9]]
10
[[8, 9], [8, 9], [5]]
9
[[8, 9], [0]]
13
[[8, 9], [0], [9]]
11
[[8, 9], [0], [9], [5]]
9
[[8, 9], [0], [2]]
8
[[8, 9], [0], [3]]
9
[[8, 9], [0], [5]]
11
[[8, 9], [0], [6]]
9
[[8, 9], [0], [7]]
9
[[8, 9], [0], [8]]
9
[[8, 9], [6]]
12
[[8, 9], [1]]
10
[[5]]
25
[[5], [2]]
14
[[5], [2], [7]]
10
[[5], [2], [7], [9]]
8
[[5], [2], [9]]
10
[[5], [2], [9], [7]]
8
[[5], [2], [9], [5]]
8
[[5], [2], [3]]
11
[[5], [2], [4]]
9
[[5], [2], [5]]
10
[[5], [2], [6]]
8
[[5], [2], [8]]
10
[[5], [2], [2]]
8
[[5], [7]]
18
[[5], [7], [3]]
11
[[5], [7], [4]]
13
[[5], [7], [4], [9]]
9
[[5], [7], [4], [4]]
8
[[5], [7], [4], [3]]
8
[[5], [7], [6]]
10
[[5], [7], [6], [4]]
8
[[5], [7], [6], [9]]
9
[[5], [7], [6], [7]]
8
[[5], [7], [6], [8]]
8
[[5], [7], [6], [3]]
8
[[5], [7], [7]]
11
[[5], [7], [7], [7]]
8
[[5], [7], [7], [9]]
9
[[5], [7], [7], [5]]
8
[[5], [7], [9]]
13
[[5], [7], [9], [3]]
9
[[5], [7], [9], [4]]
10
[[5], [7], [9], [6]]
8
[[5], [7], [9], [7]]
9
[[5], [7], [9], [9]]
9
[[5], [7], [9], [9], [8]]
8
[[5], [7], [9], [5]]
10
[[5], [7], [9], [8]]
9
[[5], [7], [8]]
12
[[5], [7], [8], [8]]
10
[[5], [7], [8], [7]]
8
[[5], [7], [8], [5]]
8
[[5], [7], [8, 9]]
9
[[5], [7], [2]]
9
[[5], [7], [5]]
11
[[5], [7], [1]]
8
[[5], [7, 9]]
8
[[5], [7, 8]]
9
[[5], [1]]
13
[[5], [3]]
18
[[5], [3], [7]]
11
[[5], [3], [2]]
8
[[5], [3], [3]]
8
[[5], [3], [4]]
9
[[5], [3], [5]]
9
[[5], [3], [6]]
8
[[5], [3], [8]]
8
[[5], [3], [9]]
9
[[5], [4]]
18
[[5], [4], [8]]
11
[[5], [4], [8], [8]]
8
[[5], [4], [9]]
11
[[5], [4], [4]]
10
[[5], [4], [2]]
8
[[5], [4], [3]]
11
[[5], [4], [5]]
9
[[5], [4], [7]]
9
[[5], [4, 9]]
12
[[5], [5]]
16
[[5], [5], [7]]
8
[[5], [5], [9]]
9
[[5], [5], [6]]
8
[[5], [5], [8]]
9
[[5], [5], [3]]
8
[[5], [6]]
17
[[5], [6], [4]]
10
[[5], [6], [4], [9]]
8
[[5], [6], [7]]
12
[[5], [6], [7], [9]]
9
[[5], [6], [7], [3]]
8
[[5], [6], [7], [4]]
8
[[5], [6], [9]]
12
[[5], [6], [9], [8]]
8
[[5], [6], [9], [5]]
8
[[5], [6], [9], [9]]
8
[[5], [6], [2]]
8
[[5], [6], [5]]
11
[[5], [6], [8]]
12
[[5], [6], [8], [5]]
8
[[5], [6], [8], [7]]
8
[[5], [6], [8], [8]]
9
[[5], [6], [8], [9]]
8
[[5], [6], [8, 9]]
9
[[5], [6], [3]]
11
[[5], [6], [6]]
9
[[5], [8]]
23
[[5], [8], [3]]
12
[[5], [8], [6]]
11
[[5], [8], [7]]
14
[[5], [8], [7], [4]]
9
[[5], [8], [7], [5]]
8
[[5], [8], [7], [9]]
9
[[5], [8], [8]]
14
[[5], [8], [9]]
15
[[5], [8], [9], [9]]
9
[[5], [8], [9], [5]]
9
[[5], [8], [9], [8]]
8
[[5], [8], [2]]
11
[[5], [8], [5]]
13
[[5], [8], [1]]
8
[[5], [8], [4]]
12
[[5], [8, 9]]
16
[[5], [8, 9], [5]]
11
[[5], [8, 9], [3]]
10
[[5], [8, 9], [4]]
9
[[5], [8, 9], [6]]
8
[[5], [8, 9], [7]]
9
[[5], [8, 9], [8]]
9
[[5], [8, 9], [9]]
10
[[5], [9]]
21
[[5], [9], [3]]
14
[[5], [9], [3], [4]]
8
[[5], [9], [4]]
15
[[5], [9], [4], [9]]
9
[[5], [9], [4], [8]]
8
[[5], [9], [4], [4]]
9
[[5], [9], [4], [3]]
8
[[5], [9], [4], [5]]
8
[[5], [9], [4, 9]]
10
[[5], [9], [6]]
12
[[5], [9], [6], [9]]
8
[[5], [9], [6], [4]]
8
[[5], [9], [6], [7]]
8
[[5], [9], [6], [8]]
8
[[5], [9], [7]]
13
[[5], [9], [7], [4]]
8
[[5], [9], [7], [5]]
8
[[5], [9], [7], [9]]
8
[[5], [9], [7, 8]]
8
[[5], [9], [8]]
16
[[5], [9], [8], [7]]
10
[[5], [9], [8], [8]]
11
[[5], [9], [8], [9]]
9
[[5], [9], [8], [3]]
8
[[5], [9], [8, 9]]
10
[[5], [9], [9]]
17
[[5], [9], [9], [7]]
11
[[5], [9], [9], [8]]
12
[[5], [9], [9], [8, 9]]
8
[[5], [9], [9], [9]]
12
[[5], [9], [9], [9], [8]]
8
[[5], [9], [9], [4]]
10
[[5], [9], [9], [2]]
8
[[5], [9], [9], [5]]
11
[[5], [9], [9], [3]]
9
[[5], [9], [9], [6]]
9
[[5], [9], [5]]
14
[[5], [9], [5], [8]]
9
[[5], [9], [5], [9]]
8
[[5], [9], [1]]
11
[[5], [9], [2]]
10
[[5], [0]]
10
[[5], [0], [9]]
9
[[5], [0], [3]]
8
[[5], [0], [4]]
8
[[5, 9]]
11
[[5, 9], [6]]
9
[[5, 9], [7]]
10
[[5, 9], [7], [9]]
8
[[5, 9], [7], [3]]
8
[[5, 9], [7], [4]]
9
[[5, 9], [8]]
9
[[5, 9], [9]]
10
[[5, 9], [9], [3]]
9
[[5, 9], [9], [4]]
9
[[5, 9], [4]]
10
[[5, 9], [4], [3]]
8
[[5, 9], [3]]
10
[[5, 7]]
9
[[5, 8]]
8
[[4]]
22
[[4], [1]]
12
[[4], [2]]
13
[[4], [2], [5]]
8
[[4], [2], [9]]
9
[[4], [2], [8]]
9
[[4], [3]]
16
[[4], [3], [7]]
10
[[4], [3], [7], [4]]
8
[[4], [3], [3]]
9
[[4], [3], [4]]
8
[[4], [3], [5]]
9
[[4], [4]]
16
[[4], [4], [8]]
8
[[4], [4], [3]]
10
[[4], [4], [9]]
8
[[4], [4, 9]]
8
[[4], [5]]
15
[[4], [5], [7]]
8
[[4], [5], [8]]
11
[[4], [5], [8], [7]]
8
[[4], [5], [8], [9]]
8
[[4], [5], [9]]
9
[[4], [5], [2]]
8
[[4], [5], [3]]
10
[[4], [5], [6]]
8
[[4], [6]]
11
[[4], [6], [8]]
8
[[4], [6], [9]]
8
[[4], [7]]
15
[[4], [7], [3]]
11
[[4], [7], [4]]
11
[[4], [7], [8]]
8
[[4], [7], [9]]
9
[[4], [7], [9], [3]]
8
[[4], [7], [2]]
8
[[4], [7], [5]]
8
[[4], [8]]
20
[[4], [8], [3]]
14
[[4], [8], [3], [3]]
8
[[4], [8], [3], [7]]
8
[[4], [8], [7]]
13
[[4], [8], [7], [2]]
8
[[4], [8], [7], [3]]
9
[[4], [8], [7], [4]]
9
[[4], [8], [8]]
12
[[4], [8], [9]]
14
[[4], [8], [9], [3]]
9
[[4], [8], [9], [9]]
8
[[4], [8], [9], [9], [9]]
8
[[4], [8], [9], [2]]
8
[[4], [8], [9], [5]]
8
[[4], [8], [1]]
8
[[4], [8], [2]]
11
[[4], [8], [4]]
12
[[4], [8], [5]]
11
[[4], [8], [6]]
9
[[4], [8], [0]]
8
[[4], [8, 9]]
14
[[4], [8, 9], [3]]
11
[[4], [8, 9], [7]]
8
[[4], [8, 9], [9]]
10
[[4], [8, 9], [5]]
9
[[4], [8, 9], [8]]
8
[[4], [8, 9], [2]]
8
[[4], [8, 9], [4]]
8
[[4], [9]]
18
[[4], [9], [3]]
14
[[4], [9], [3], [7]]
8
[[4], [9], [4]]
13
[[4], [9], [5]]
12
[[4], [9], [7]]
13
[[4], [9], [7], [9]]
8
[[4], [9], [7], [2]]
8
[[4], [9], [7], [3]]
8
[[4], [9], [7], [4]]
8
[[4], [9], [8]]
14
[[4], [9], [8], [9]]
8
[[4], [9], [8], [3]]
8
[[4], [9], [8, 9]]
8
[[4], [9], [9]]
13
[[4], [9], [9], [7]]
9
[[4], [9], [9], [7], [3]]
8
[[4], [9], [9], [8]]
9
[[4], [9], [9], [9]]
11
[[4], [9], [9], [3]]
9
[[4], [9], [9], [5]]
8
[[4], [9], [6]]
9
[[4], [9], [1]]
8
[[4], [9], [2]]
11
[[4], [0]]
9
[[4, 9]]
14
[[4, 9], [8]]
11
[[4, 9], [9]]
8
[[4, 9], [9], [8]]
8
[[4, 9], [3]]
8
[[4, 9], [5]]
8
[[4, 9], [7]]
8
[[0]]
21
[[0], [2]]
13
[[0], [2], [5]]
9
[[0], [2], [8]]
9
[[0], [2], [6]]
8
[[0], [2], [3]]
9
[[0], [2], [9]]
8
[[0], [5]]
18
[[0], [5], [2]]
10
[[0], [5], [7]]
11
[[0], [5], [7], [9]]
8
[[0], [5], [6]]
11
[[0], [5], [8]]
15
[[0], [5], [8], [9]]
10
[[0], [5], [8], [8]]
9
[[0], [5], [8], [2]]
8
[[0], [5], [8], [5]]
8
[[0], [5], [8, 9]]
11
[[0], [5], [9]]
14
[[0], [5], [9], [9]]
11
[[0], [5], [9], [8]]
10
[[0], [5], [9], [5]]
8
[[0], [5], [9], [3]]
8
[[0], [5], [9], [4]]
9
[[0], [5], [3]]
11
[[0], [5], [4]]
11
[[0], [5], [5]]
9
[[0], [5], [1]]
8
[[0], [5, 7]]
8
[[0], [7]]
18
[[0], [7], [4]]
12
[[0], [7], [6]]
9
[[0], [7], [7]]
9
[[0], [7], [7], [9]]
8
[[0], [7], [9]]
13
[[0], [7], [9], [4]]
9
[[0], [7], [9], [3]]
8
[[0], [7], [9], [9]]
8
[[0], [7], [3]]
11
[[0], [7], [8]]
11
[[0], [7], [8, 9]]
8
[[0], [7], [2]]
9
[[0], [7], [1]]
8
[[0], [7], [5]]
9
[[0], [7, 8]]
8
[[0], [1]]
11
[[0], [1], [9]]
8
[[0], [3]]
15
[[0], [3], [4]]
8
[[0], [3], [6]]
8
[[0], [3], [7]]
9
[[0], [3], [9]]
8
[[0], [4]]
14
[[0], [4], [9]]
10
[[0], [4], [9], [8]]
8
[[0], [4], [8]]
10
[[0], [4], [8], [8]]
8
[[0], [4], [3]]
9
[[0], [4], [4]]
9
[[0], [4, 9]]
9
[[0], [6]]
16
[[0], [6], [4]]
9
[[0], [6], [8]]
10
[[0], [6], [8], [5]]
8
[[0], [6], [8], [8]]
8
[[0], [6], [8, 9]]
8
[[0], [6], [9]]
10
[[0], [6], [3]]
10
[[0], [6], [5]]
9
[[0], [6], [6]]
8
[[0], [6], [7]]
9
[[0], [8]]
17
[[0], [8], [7]]
10
[[0], [8], [9]]
12
[[0], [8], [9], [8]]
8
[[0], [8], [9], [9]]
8
[[0], [8], [9], [5]]
8
[[0], [8], [8]]
11
[[0], [8], [8], [8]]
8
[[0], [8], [3]]
10
[[0], [8], [4]]
11
[[0], [8], [5]]
11
[[0], [8], [6]]
9
[[0], [8], [1]]
10
[[0], [8], [2]]
8
[[0], [8, 9]]
13
[[0], [8, 9], [5]]
10
[[0], [8, 9], [3]]
9
[[0], [8, 9], [4]]
10
[[0], [8, 9], [7]]
8
[[0], [8, 9], [8]]
8
[[0], [8, 9], [9]]
10
[[0], [9]]
20
[[0], [9], [4]]
13
[[0], [9], [4], [4]]
8
[[0], [9], [4, 9]]
8
[[0], [9], [6]]
12
[[0], [9], [7]]
13
[[0], [9], [7], [4]]
9
[[0], [9], [7], [5]]
8
[[0], [9], [7], [8]]
8
[[0], [9], [7], [9]]
8
[[0], [9], [9]]
15
[[0], [9], [9], [6]]
9
[[0], [9], [9], [9]]
11
[[0], [9], [9], [9], [8]]
8
[[0], [9], [9], [3]]
9
[[0], [9], [9], [4]]
11
[[0], [9], [9], [8]]
9
[[0], [9], [9], [5]]
9
[[0], [9], [9], [7]]
8
[[0], [9], [8]]
14
[[0], [9], [8], [8]]
10
[[0], [9], [8], [9]]
9
[[0], [9], [8, 9]]
9
[[0], [9], [1]]
11
[[0], [9], [3]]
13
[[0], [9], [5]]
14
[[0], [9], [5], [8]]
8
[[0], [9], [2]]
10
[[0], [0]]
9
[[0], [0], [4]]
8
[[1]]
18
[[1], [1]]
9
[[1], [2]]
10
[[1], [5]]
10
[[1], [5], [8]]
8
[[1], [7]]
13
[[1], [7], [9]]
9
[[1], [7], [5]]
9
[[1], [7], [8]]
8
[[1], [3]]
8
[[1], [9]]
12
[[1], [9], [7]]
10
[[1], [9], [2]]
8
[[1], [9], [8]]
9
[[1], [9], [5]]
9
[[1], [4]]
11
[[1], [8]]
12
[[1], [8], [8]]
8
[[1], [8], [5]]
8
[[1], [8], [7]]
8
[[1], [8, 9]]
8
[[1], [6]]
8
[[3]]
24
[[3], [3]]
17
[[3], [3], [4]]
8
[[3], [3], [5]]
8
[[3], [4]]
15
[[3], [4], [3]]
10
[[3], [4], [4]]
9
[[3], [4], [8]]
9
[[3], [4], [9]]
8
[[3], [4, 9]]
9
[[3], [5]]
16
[[3], [5], [8]]
12
[[3], [5], [8], [9]]
8
[[3], [5], [8, 9]]
8
[[3], [5], [2]]
8
[[3], [5], [3]]
10
[[3], [5], [9]]
11
[[3], [5], [9], [9]]
8
[[3], [7]]
18
[[3], [7], [3]]
11
[[3], [7], [9]]
12
[[3], [7], [9], [3]]
8
[[3], [7], [9], [4]]
8
[[3], [7], [9], [5]]
8
[[3], [7], [2]]
10
[[3], [7], [4]]
13
[[3], [7], [5]]
11
[[3], [7], [7]]
8
[[3], [7], [8]]
10
[[3], [7], [8, 9]]
8
[[3], [8]]
15
[[3], [8], [8]]
10
[[3], [8], [2]]
9
[[3], [8], [3]]
8
[[3], [8], [4]]
9
[[3], [8], [5]]
9
[[3], [8], [6]]
8
[[3], [8], [7]]
9
[[3], [8], [9]]
9
[[3], [8, 9]]
9
[[3], [9]]
17
[[3], [9], [3]]
14
[[3], [9], [7]]
13
[[3], [9], [7], [4]]
9
[[3], [9], [7], [9]]
8
[[3], [9], [2]]
11
[[3], [9], [8]]
11
[[3], [9], [9]]
12
[[3], [9], [9], [5]]
8
[[3], [9], [9], [9]]
8
[[3], [9], [4]]
11
[[3], [9], [5]]
12
[[3], [9], [5], [8]]
8
[[3], [9], [6]]
9
[[3], [2]]
13
[[3], [2], [3]]
9
[[3], [2], [5]]
8
[[3], [0]]
11
[[3], [0], [3]]
9
[[3], [0], [4]]
8
[[3], [0], [9]]
9
[[3], [6]]
11
[[3], [6], [3]]
8
[[3], [6], [7]]
8
[[3], [1]]
10
[[3, 9]]
8
[[3, 9], [9]]
8
[[6]]
20
[[6], [2]]
12
[[6], [2], [3]]
8
[[6], [2], [5]]
8
[[6], [2], [7]]
8
[[6], [2], [8]]
9
[[6], [2], [9]]
9
[[6], [4]]
13
[[6], [4], [9]]
11
[[6], [4], [9], [3]]
8
[[6], [4], [3]]
9
[[6], [4], [4]]
9
[[6], [4], [8]]
9
[[6], [4, 9]]
8
[[6], [5]]
16
[[6], [5], [7]]
10
[[6], [5], [8]]
14
[[6], [5], [8], [9]]
8
[[6], [5], [8, 9]]
9
[[6], [5], [9]]
12
[[6], [5], [9], [8]]
9
[[6], [5], [3]]
10
[[6], [5], [6]]
8
[[6], [6]]
11
[[6], [7]]
16
[[6], [7], [9]]
12
[[6], [7], [2]]
8
[[6], [7], [3]]
10
[[6], [7], [4]]
11
[[6], [7], [5]]
10
[[6], [7], [6]]
8
[[6], [7], [7]]
10
[[6], [7], [8]]
10
[[6], [9]]
16
[[6], [9], [8]]
12
[[6], [9], [8, 9]]
8
[[6], [9], [9]]
13
[[6], [9], [9], [9]]
10
[[6], [9], [9], [5]]
8
[[6], [9], [9], [7]]
8
[[6], [9], [9], [8]]
11
[[6], [9], [5]]
12
[[6], [9], [1]]
8
[[6], [9], [3]]
10
[[6], [9], [4]]
9
[[6], [9], [4, 9]]
8
[[6], [9], [6]]
8
[[6], [9], [7]]
10
[[6], [3]]
14
[[6], [3], [3]]
8
[[6], [3], [4]]
8
[[6], [3], [7]]
8
[[6], [3], [9]]
8
[[6], [8]]
16
[[6], [8], [8]]
11
[[6], [8], [9]]
10
[[6], [8], [2]]
9
[[6], [8], [3]]
9
[[6], [8], [4]]
8
[[6], [8], [5]]
10
[[6], [8], [7]]
9
[[6], [8, 9]]
12
[[6], [8, 9], [5]]
8
[[6], [0]]
10
[[6], [0], [3]]
8
[[6], [0], [7]]
8
[[6], [0], [9]]
10
[[6], [1]]
10
[[6, 9]]
10
[[6, 9], [5]]
8
[[6, 9], [5], [8]]
8
[[6, 9], [7]]
8
[[6, 9], [8]]
9
[[6, 9], [9]]
9
