19
1 12 -1 17 19 -1 15 17 -1 4 10 -1 5 -1 12 -1 5 17 19 -1 4 -1 18 -1 13 -1 14 16 18 19 -1 11 -1 7 10 -1 14 15 -1
2 2 15 -1 5 -1 11 14 19 -1 16 -1 10 19 -1 7 -1 6 -1 13 -1 4 -1 2 16 18 19 -1 5 17 18 -1 15 19 -1 6 9 19 -1 11 18 -1 11 16 18 19 -1 9 16 19 -1 6 16 -1 16 18 19 -1
3 8 11 19 -1 2 -1 19 -1 18 -1 14 -1 16 -1 8 -1
4 11 17 -1 5 -1 6 7 -1 0 1 -1 13 15 -1 17 -1 12 18 19 -1 2 -1 15 -1 7 13 18 19 -1 18 -1 9 11 -1 13 15 17 -1 10 -1 5 7 -1 12 -1 6 15 17 -1 6 16 -1 0 19 -1 8 19 -1
5 11 -1 16 17 19 -1 6 -1 0 15 -1 10 -1 2 -1 0 7 -1 1 -1 16 -1 12 -1 5 6 -1 8 14 -1 18 -1 17 18 -1
6 19 -1
7 13 -1 13 19 -1 16 -1 16 -1 19 -1 16 19 -1 4 -1 4 -1 16 -1 16 18 -1 8 -1
8 9 16 -1 0 19 -1 0 5 -1 4 -1 0 -1
9 4 -1 18 -1 10 19 -1 2 5 8 13 -1 9 19 -1 19 -1 16 -1 1 10 -1 17 -1 2 -1 1 19 -1 10 -1 15 18 19 -1 6 11 12 -1 6 8 9 -1
10 17 19 -1 5 8 -1 6 -1 0 -1 2 6 -1 2 -1 17 19 -1 3 12 17 -1 19 -1 5 -1 10 18 19 -1 18 -1 16 -1 10 -1 9 12 16 -1 12 -1
11 3 -1 14 -1 8 10 16 18 -1 5 -1 10 16 -1 10 19 -1 18 19 -1
12 7 14 16 19 -1 14 -1 19 -1 3 6 -1 9 12 -1 2 14 -1 14 -1 12 13 -1 14 18 19 -1 14 -1 11 -1
13 9 -1 12 -1 17 -1 18 -1 9 10 -1 6 -1 17 18 -1 14 -1 5 -1 16 19 -1 3 -1 4 -1 15 18 19 -1 5 16 17 -1 10 18 -1 5 11 -1 15 16 18 -1
14 13 15 -1 3 6 -1 12 -1 8 -1 4 -1 5 19 -1 5 -1
15 8 -1 1 -1 1 -1 11 16 17 18 19 -1 3 15 18 19 -1 10 -1 4 -1 8 -1 16 17 18 19 -1 12 -1 7 13 18 -1 14 -1 17 -1
16 12 -1 18 -1 16 19 -1 10 -1 12 15 -1 13 16 -1 9 -1 6 -1 13 19 -1 5 14 -1 1 -1 3 -1 1 4 13 18 19 -1 0 18 19 -1 4 -1 8 18 19 -1 0 15 19 -1
17 3 7 -1 5 8 17 -1 5 -1 5 -1 18 19 -1 9 16 -1 8 -1 3 -1 12 -1 18 -1 14 -1 18 19 -1 0 -1 11 -1 14 -1 18 19 -1 11 17 19 -1 2 13 14 -1 3 -1 18 -1 16 -1 2 -1
18 6 17 -1 10 -1 11 12 -1
19 5 11 -1 17 -1 2 -1 2 -1 15 18 19 -1 8 18 19 -1 3 14 16 -1 16 -1 16 18 19 -1 10 15 -1 6 8 -1 11 -1 18 19 -1 7 9 15 16 -1 16 19 -1 11 -1
