12
84 15 -1 18 -1 16 17 -1 1 16 17 18 19 -1 10 16 19 -1 19 -1 10 17 18 -1 17 -1
85 14 19 -1 9 11 15 17 -1 14 -1 9 -1 19 -1 4 14 -1 0 7 -1 5 -1 4 7 18 19 -1 11 16 -1 7 -1 2 -1 13 17 -1 14 -1 1 -1 7 -1 19 -1 9 -1 17 -1 4 -1 3 -1 14 17 18 19 -1 9 -1
67 8 19 -1 14 -1 7 -1 13 -1 17 -1 0 -1 15 16 18 -1 7 -1 6 -1 10 -1
40 3 12 16 -1
86 17 19 -1 16 -1 12 -1 19 -1 17 19 -1 9 17 -1 14 18 -1 18 19 -1 13 14 17 -1 11 -1 16 18 -1 16 18 -1 8 -1 12 -1 6 -1 5 -1 3 -1 0 -1 5 -1 1 2 -1 11 -1 16 -1 10 -1 13 -1 0 -1 15 -1
87 0 -1 18 -1 11 19 -1 18 -1 10 -1 2 -1 1 19 -1 3 -1 19 -1 11 -1 0 -1 13 -1
22 16 -1 11 -1 5 -1 2 -1 15 16 -1 8 -1 7 17 -1 12 15 -1 7 -1 15 -1 7 -1 16 -1 15 -1 19 -1 8 -1 12 15 17 18 -1 19 -1 9 -1 1 -1 19 -1 2 -1 2 -1 11 -1 11 -1
88 19 -1 19 -1 9 -1 19 -1 16 17 19 -1 3 16 19 -1 16 -1 14 -1 2 7 -1 15 17 18 -1 7 -1 6 11 -1 8 14 18 19 -1 5 -1 13 15 -1 8 -1 15 18 -1 9 -1 10 18 -1 18 -1 13 -1
89 0 16 18 -1
90 14 -1 15 17 19 -1 0 -1 3 -1 2 15 -1 14 -1 2 6 -1 19 -1 4 -1 19 -1 11 19 -1 18 19 -1 10 -1 10 16 17 -1
55 2 16 18 -1
91 14 15 -1 6 -1 12 -1 9 -1 19 -1 16 -1 8 -1 17 -1 9 19 -1 16 19 -1 6 16 19 -1 14 15 19 -1 5 17 -1 13 15 19 -1 11 16 -1 3 -1
