22
45 2 -1 4 -1
32 5 8 -1 1 -1 5 7 -1
40 7 -1
92 10 -1 5 17 -1 6 -1 0 -1 11 16 18 19 -1 8 12 -1 19 -1 18 -1 16 17 18 19 -1 7 -1 0 -1
93 17 -1 9 16 17 19 -1 19 -1 4 -1 9 17 19 -1 7 -1 7 -1 13 -1 11 -1 10 -1 8 -1 18 19 -1 9 17 19 -1 2 16 17 18 19 -1 4 -1 17 -1
86 11 -1
94 3 -1 1 18 -1 12 -1 9 -1 5 -1 1 12 19 -1 12 -1 15 -1 14 15 18 -1 0 7 -1 15 -1 7 -1 19 -1 1 -1 19 -1 11 -1 19 -1 2 18 19 -1 12 -1 19 -1 6 14 -1 16 -1 5 -1 9 -1 9 14 15 19 -1 4 -1
95 15 -1 9 -1 4 9 18 19 -1 16 18 -1 14 19 -1 4 -1 10 -1 0 -1 3 4 17 19 -1 2 7 8 -1 1 -1 12 17 19 -1 8 -1 14 -1 4 -1 11 -1
91 9 12 15 -1 8 -1 12 13 -1 2 11 12 16 19 -1 4 8 -1
96 17 -1 14 19 -1 6 17 19 -1 14 -1 6 -1 0 9 -1 19 -1 19 -1 9 15 -1 2 -1 15 -1 0 15 -1 16 -1 0 3 -1 16 18 19 -1 6 7 8 -1
97 11 19 -1 3 15 16 19 -1 1 -1 5 19 -1 16 19 -1 2 -1 1 -1 15 -1 15 -1 2 15 -1 11 -1 9 -1 7 -1 6 -1 15 -1 18 19 -1 6 -1 5 17 19 -1
54 0 16 -1 7 -1 7 -1 18 19 -1
64 12 -1 12 18 19 -1 18 -1
72 2 3 -1 8 -1 1 2 12 -1 5 -1 5 12 18 19 -1 5 8 15 -1 8 9 -1 1 13 -1 18 19 -1 8 18 19 -1 17 19 -1 13 18 -1
98 11 -1 10 14 17 19 -1 9 -1 1 17 18 19 -1 5 16 -1 4 -1 13 16 -1 18 -1
83 1 -1 13 -1 4 17 -1 10 15 18 -1 14 -1 14 15 17 19 -1 7 -1 19 -1 15 17 -1 13 17 -1 8 -1 10 -1 14 -1 17 -1 5 -1 19 -1 6 -1 10 19 -1
99 3 7 8 12 16 -1 0 11 -1 18 19 -1 17 19 -1 0 -1 7 11 -1 2 14 -1 19 -1 16 19 -1 10 -1 11 -1 16 19 -1 3 -1 10 -1
13 1 -1 1 7 -1 15 -1
100 11 17 -1 5 -1 11 -1 8 18 -1 8 15 -1
101 8 -1 10 14 18 -1 1 -1 11 -1 3 6 16 19 -1 1 10 -1 2 5 19 -1 10 -1 17 18 19 -1 11 12 -1 5 18 19 -1 14 -1 5 -1 10 -1 18 19 -1
102 13 -1 17 -1 11 -1 14 -1 1 8 -1 5 -1 9 -1 8 14 -1 5 15 17 18 19 -1 7 13 15 -1 10 14 16 19 -1 5 -1 1 5 -1 8 16 18 -1 16 -1
103 19 -1 15 18 -1 1 -1 17 18 -1 5 -1 0 -1 14 -1 1 -1 10 -1 5 14 -1
