16
104 17 -1 15 16 -1 3 17 19 -1 18 -1 4 18 -1 8 -1 10 -1 15 19 -1 4 16 -1 3 -1 11 -1 17 -1 13 -1 2 12 -1 0 -1 11 -1
31 5 -1
103 17 -1 16 -1 8 -1 16 -1 2 15 17 -1 15 19 -1 11 -1 15 18 -1 15 -1 6 -1 7 10 -1 2 -1 8 15 19 -1 14 19 -1 19 -1 5 -1 7 -1
105 2 -1 7 -1 19 -1 13 -1 13 -1 0 -1 3 14 -1 14 -1 7 17 19 -1 11 15 -1 3 -1 11 12 15 16 -1 11 -1 3 -1 1 3 15 16 -1
106 14 16 -1 16 17 -1 13 -1 12 -1
12 10 17 -1 0 -1 18 -1
98 15 -1
107 18 19 -1
88 17 18 -1 9 -1 19 -1
53 0 -1 11 -1
28 14 -1
108 18 19 -1 9 -1 10 -1 14 -1 1 -1 16 -1 10 -1 19 -1 5 -1 10 16 -1 5 -1 0 -1 7 -1 10 -1 6 -1 0 9 -1 18 19 -1 0 -1 19 -1 17 -1 1 -1 13 -1 0 -1 13 -1 11 -1
75 1 -1 9 -1 10 14 -1 6 17 -1 10 -1
109 9 19 -1 8 15 17 -1 14 -1 14 15 18 19 -1 4 -1 17 -1 0 16 19 -1 6 18 -1 18 -1 4 -1 16 -1 13 17 -1 7 16 17 -1 8 -1 7 -1 13 19 -1 11 -1 9 -1 3 -1 19 -1 14 -1
110 14 19 -1 16 -1 13 -1 0 10 -1 15 -1 12 19 -1 6 8 -1 18 19 -1 11 12 -1 9 -1 8 19 -1 4 7 -1 14 -1 10 -1 2 -1 0 10 -1 11 -1
8 4 -1 8 16 18 -1 5 -1 11 -1
