12
59 7 -1 14 19 -1 3 14 -1 10 16 -1 10 16 -1 4 5 7 -1 7 15 -1 16 -1
114 11 18 19 -1
17 13 17 -1 2 13 -1 2 18 -1 0 10 12 -1 11 -1 0 2 -1 17 -1 18 -1 1 -1 8 19 -1 14 16 -1 12 -1 3 11 -1 7 -1 4 -1 9 -1 18 -1
49 12 14 -1 0 -1 16 -1 13 -1 7 18 19 -1 15 -1 16 -1 13 18 -1
60 6 -1
86 4 13 -1 14 19 -1 16 19 -1 15 18 19 -1 18 19 -1 10 19 -1 5 -1 0 -1 6 15 16 -1
37 17 -1 17 -1 2 -1
72 15 -1 6 -1 10 -1 9 14 -1 8 -1 16 19 -1 3 8 -1 6 -1 12 -1
115 6 -1 14 15 -1 17 19 -1 12 19 -1 10 15 18 -1
88 11 17 18 19 -1 10 14 15 19 -1 6 -1 9 -1 17 18 -1 6 -1 15 19 -1 18 19 -1 17 18 19 -1 2 8 13 19 -1 17 19 -1 2 -1 11 -1 16 -1
116 3 -1 19 -1 6 18 -1 13 -1 9 18 -1 19 -1 8 19 -1 7 8 18 -1
117 10 -1 3 -1 7 19 -1 15 -1 9 -1 12 16 -1 15 18 19 -1 1 13 -1 9 15 17 18 -1 5 -1 5 -1 4 6 10 -1 14 -1 12 -1 13 -1 9 -1 12 16 -1
