17
113 18 -1 4 -1
55 8 -1
114 5 17 19 -1 6 -1 6 -1 3 11 18 19 -1 0 5 -1 4 -1 0 3 -1 18 -1 17 18 19 -1 6 15 18 -1 14 15 -1 10 18 -1 8 15 17 -1 11 16 17 18 -1 19 -1 17 -1 3 13 17 -1 3 -1
115 6 15 19 -1 17 -1 1 4 -1 16 19 -1 6 -1 11 -1 0 16 -1 5 -1 3 16 19 -1 10 14 -1 12 -1
99 11 18 -1 17 -1 2 14 -1 17 -1 3 -1
116 18 -1 11 12 18 19 -1 17 19 -1 1 12 16 -1 0 18 -1 7 16 17 -1 5 -1
75 7 -1
117 1 -1 12 -1 10 14 19 -1 10 -1 16 17 -1 12 -1 3 12 -1 14 -1
118 17 19 -1 8 18 -1 15 -1 11 -1 3 -1 2 4 6 -1 3 12 18 -1 15 19 -1 10 -1 4 9 -1 15 -1 3 -1 12 18 -1 2 3 -1 11 -1 12 -1 5 9 17 -1 6 10 -1 16 -1
119 16 18 19 -1 15 16 19 -1 17 -1 15 16 -1 2 3 16 18 19 -1 0 -1 19 -1 12 -1 1 -1 11 -1 10 11 -1
120 0 3 5 -1 6 17 -1 2 -1 15 -1 19 -1 5 12 -1 7 -1 3 -1 1 -1 9 12 -1
121 6 14 -1 6 7 11 18 19 -1 2 19 -1 17 -1 12 -1 17 18 -1 1 4 -1 16 18 19 -1 1 -1 11 -1 6 14 -1 16 17 -1 17 -1 1 -1 8 -1 13 -1 10 11 -1 2 -1
122 10 18 -1 0 -1 1 18 19 -1 13 -1 1 -1 8 -1 11 18 -1 1 -1 3 -1 8 -1 0 -1 10 19 -1 1 -1 19 -1 17 -1 8 -1
123 13 -1 13 -1 1 -1 9 -1 6 -1 8 -1 6 -1
124 9 11 -1 11 -1 15 16 19 -1 19 -1 11 -1 4 -1 4 -1 17 18 -1 14 15 17 -1 1 -1 14 -1 12 17 19 -1 16 19 -1 16 -1 1 13 -1 11 -1 0 -1 14 -1 12 -1 10 -1 12 15 -1 11 -1 9 10 18 19 -1 19 -1 7 -1
29 19 -1 18 -1 6 -1 13 16 -1 4 13 -1 19 -1 5 14 15 -1 4 -1
51 5 -1 19 -1 7 11 -1 18 19 -1 1 -1 18 -1 19 -1 8 14 15 -1 8 -1 8 16 -1
