15
88 3 -1 15 -1 3 -1
129 13 18 19 -1 18 -1 9 -1 11 -1 0 -1 15 16 -1 2 9 15 18 -1 6 -1
121 1 14 18 -1 16 -1 15 17 -1 2 -1 15 -1 10 16 18 -1
130 17 18 19 -1 0 1 5 8 11 -1 10 -1 1 10 -1 17 -1 13 -1 8 17 -1 14 17 -1 14 -1 0 -1 19 -1 17 -1 1 -1 17 18 19 -1 18 -1 19 -1 18 -1 15 -1 13 -1 19 -1 19 -1 1 -1 10 -1 7 12 -1 3 -1
131 9 11 -1 5 -1 18 19 -1 1 -1 11 -1 9 -1 0 5 -1 8 10 16 -1 6 11 18 -1 7 -1 18 19 -1 0 17 19 -1 7 13 15 18 -1
132 10 -1 14 17 -1 9 19 -1 7 13 17 18 -1 4 -1 10 -1 18 -1 13 19 -1 6 17 18 -1 14 17 18 -1 14 -1 4 -1 6 13 -1
102 3 6 -1 3 13 -1 12 -1 18 -1 3 15 16 17 19 -1 19 -1 4 -1
133 7 -1 3 9 13 16 -1 18 -1
134 6 17 -1 12 -1 2 7 19 -1 5 -1 7 -1 19 -1 9 13 -1 9 16 -1 5 -1 6 17 18 -1 15 -1 17 -1 4 -1 4 15 -1 4 13 15 -1 18 19 -1 9 14 -1 12 -1 14 -1 10 18 19 -1 7 14 18 -1
49 7 -1
135 4 19 -1 16 18 -1 14 16 -1 12 13 -1 8 17 19 -1 3 14 -1 6 8 -1 17 -1 17 -1
36 15 16 -1
58 16 19 -1 13 -1 10 17 -1 11 14 -1 18 -1 13 15 -1 8 13 17 -1 9 -1 11 -1 10 15 -1 14 -1 5 -1 1 12 -1 7 -1
136 8 11 13 -1 3 -1 6 -1 13 18 -1 16 17 19 -1 19 -1 10 11 19 -1 3 19 -1
110 18 -1 3 -1 16 18 19 -1 17 -1 12 14 15 17 19 -1 1 -1 3 17 18 -1 7 -1
