20
99 17 18 -1 17 19 -1 6 -1 15 -1 9 -1 18 -1
26 1 -1 19 -1 17 19 -1 9 -1 16 -1 16 17 18 19 -1 9 16 17 -1 9 -1 3 -1 8 17 19 -1 3 17 19 -1
40 6 -1
140 9 -1 9 -1 1 10 -1 7 10 12 19 -1 16 19 -1 5 -1 1 -1 6 -1 19 -1 14 -1 19 -1 6 -1 5 -1 3 8 13 16 -1 18 -1 4 -1 9 -1 16 -1 15 18 19 -1 16 17 18 -1 0 5 9 11 17 18 -1
20 2 -1
141 18 -1 13 -1 0 1 -1
48 5 14 16 -1 8 -1 19 -1 1 -1 5 -1 7 10 -1 8 -1 19 -1 3 7 11 -1 7 16 -1 11 14 -1 6 19 -1 8 -1 11 13 -1 11 18 -1
142 16 -1 14 15 -1 6 10 19 -1 3 -1 0 5 -1 2 3 -1
120 15 16 -1 4 -1 2 -1
143 10 18 19 -1 0 -1 19 -1 18 -1 13 -1 4 16 -1 15 -1 13 -1 10 15 -1 18 -1 3 -1 5 16 19 -1 12 16 18 19 -1 8 16 -1 7 16 17 -1 19 -1
34 14 17 -1
135 11 15 -1 10 -1 5 7 10 -1 14 17 -1 15 19 -1 1 -1 12 -1 0 -1 6 18 -1 6 19 -1 11 14 -1 4 -1 11 13 17 19 -1 3 -1 1 17 -1 12 -1
137 18 -1 12 19 -1 13 -1 12 14 -1 7 -1 4 15 16 -1
144 7 13 17 19 -1 0 -1 14 15 17 -1 16 18 -1 9 -1 1 16 17 18 -1 1 -1 18 19 -1 0 3 -1 1 -1 8 11 -1 0 2 13 18 -1 2 -1 0 -1 19 -1 5 15 16 -1 7 -1
94 11 -1
145 5 14 -1 16 17 -1 13 -1 7 14 19 -1 4 -1 10 18 19 -1 9 10 12 -1 4 19 -1 19 -1
45 10 -1
56 4 16 19 -1 11 -1 1 2 16 -1 12 -1
146 10 12 -1 17 19 -1 1 11 -1 5 6 17 18 19 -1 13 -1 0 -1 17 -1 19 -1 18 -1 18 -1 1 -1 14 19 -1 17 19 -1 14 16 17 18 19 -1 19 -1 15 16 -1 17 -1 19 -1 19 -1 17 19 -1 13 14 -1
87 8 15 16 18 19 -1 14 19 -1 2 4 16 -1 13 -1 13 -1 14 19 -1 5 8 -1 9 17 -1 8 11 13 -1 12 -1
