25
134 7 8 -1 18 -1 16 -1 0 9 -1 11 17 -1 14 19 -1 14 -1 11 -1 10 -1 4 18 19 -1 1 8 10 16 19 -1
147 1 9 19 -1 0 -1 0 -1 12 -1 3 -1 11 -1 10 -1 10 18 19 -1 13 -1 7 11 19 -1 10 -1 13 17 19 -1 5 -1 9 19 -1 4 6 -1 3 -1 6 14 -1 14 -1
48 12 19 -1 18 -1
148 16 17 18 19 -1 16 -1 9 13 -1 7 14 18 19 -1 4 -1 8 -1 0 -1 3 -1 5 -1 4 -1 0 -1 1 8 11 17 -1 2 -1 17 -1 11 14 15 17 -1 15 18 19 -1
149 16 19 -1 3 6 7 13 19 -1 14 15 17 18 -1 11 -1 7 13 -1 7 10 -1 0 13 -1 1 16 17 18 19 -1 8 -1
139 6 -1 19 -1 5 13 -1 7 8 12 16 -1
78 4 6 14 -1 19 -1 10 16 19 -1 9 -1 19 -1 3 -1 6 19 -1 0 -1 12 19 -1 2 -1 19 -1 1 -1 4 16 -1 7 12 13 18 19 -1 11 -1 10 18 19 -1 13 19 -1 2 12 18 -1
150 12 -1 0 -1 18 -1 0 -1 12 -1 5 -1 2 -1 0 -1 15 17 18 19 -1 2 -1 12 -1 15 16 17 -1 18 19 -1 19 -1 17 -1 9 13 -1 3 16 18 -1
51 7 -1
151 15 16 19 -1 7 -1 19 -1 17 19 -1 12 -1 13 14 -1 5 -1
67 16 -1 0 19 -1
49 5 -1 14 -1 16 19 -1 16 -1
102 7 -1 3 -1
74 10 -1 16 19 -1
152 13 19 -1 3 11 12 -1 16 18 19 -1 1 13 -1
64 10 14 -1 17 19 -1 3 -1
104 12 -1 2 15 -1 7 8 -1 14 15 -1 12 -1 1 4 -1 15 -1 15 -1
122 13 -1 13 -1 2 6 -1 13 16 -1 7 -1 7 18 -1 2 -1 16 17 18 19 -1
129 0 9 13 -1 18 -1 12 -1 10 -1 1 5 -1 0 -1
140 5 7 -1
153 4 7 -1 16 17 19 -1 8 -1 1 13 -1 3 -1 0 -1 18 19 -1 11 -1 11 -1 7 -1 18 -1 3 6 17 -1 5 6 -1 17 -1 15 -1 16 17 19 -1 7 12 -1 15 16 18 -1
93 2 7 17 -1 11 12 -1 5 15 -1 2 7 -1
154 9 12 18 19 -1 10 -1 8 14 -1 14 18 -1 9 -1 9 -1 5 17 19 -1 5 -1 4 -1 18 -1 17 -1 16 -1 5 -1 15 19 -1 7 -1 1 -1
155 15 -1 8 16 -1 14 18 -1 19 -1
28 18 -1 1 -1 7 -1
