9
149 5 8 18 -1 16 19 -1 0 -1 6 12 -1 2 11 17 -1
150 13 16 18 19 -1 9 -1 1 -1 12 -1 12 19 -1 17 -1 6 -1 0 -1
151 16 19 -1 2 4 -1 1 -1 3 -1 14 -1 2 -1 11 -1 6 -1 4 19 -1 15 -1 1 2 -1 11 -1 16 18 19 -1 7 8 -1 3 -1 17 18 19 -1
152 0 -1 18 19 -1
153 4 -1 17 -1 15 -1 13 15 -1 4 -1 0 17 19 -1 19 -1 17 -1 14 -1 5 -1 2 13 18 -1 15 16 -1 16 -1 16 -1
154 7 13 -1 7 -1 10 -1 1 -1
155 14 -1 4 16 -1 16 -1 12 15 -1 3 10 -1 9 19 -1 7 14 15 17 -1 1 -1 15 -1 10 14 18 19 -1 4 7 -1 18 -1 12 -1 2 9 19 -1 1 -1 18 -1
156 10 -1 16 -1 10 18 19 -1 9 -1 1 -1 16 17 -1 7 9 -1 19 -1 15 -1 5 17 18 19 -1 3 -1 5 -1 0 6 11 15 18 19 -1 6 -1 0 6 18 -1 4 -1
9 8 -1 14 16 17 -1 15 -1 11 -1 13 19 -1 13 -1 9 18 -1 14 16 -1 14 17 -1 5 -1 16 -1 10 -1 2 5 -1 6 -1
