23
6 2 -1 14 -1
10 4 -1 1 -1 5 9 13 -1 16 -1 11 -1 10 -1 6 8 16 18 -1 15 18 -1 5 16 19 -1 6 -1 11 18 -1 13 -1 16 19 -1
4 3 13 16 -1 14 -1
2 13 -1 14 19 -1
3 13 14 -1 0 -1 3 -1
11 14 17 18 -1 10 -1 19 -1 11 -1 4 11 14 15 -1 18 19 -1 14 18 -1 7 19 -1 5 -1 0 1 12 -1 5 -1 17 18 19 -1 7 -1 7 10 13 -1 15 -1 17 -1 1 10 17 19 -1 4 -1 14 -1
5 9 -1 12 14 16 18 -1 3 -1 5 9 19 -1 6 -1 8 14 18 19 -1
12 6 -1 13 17 18 19 -1 15 18 -1 15 -1 15 -1 15 -1 18 19 -1 11 14 18 -1 3 13 -1 5 14 -1 15 18 19 -1 7 -1 15 -1 5 9 -1 18 -1 2 -1 15 -1 16 -1 11 -1 10 15 -1 15 16 18 -1
7 11 -1
13 5 -1 0 -1 17 18 -1 16 17 18 -1 9 13 18 -1 11 18 19 -1 8 18 -1 18 -1 6 10 13 17 19 -1 13 -1 13 -1 9 -1 12 -1 18 -1 7 18 -1 1 -1
14 0 17 -1 13 19 -1 5 -1 8 11 17 -1 2 -1 2 -1 6 -1 0 -1 2 -1 14 -1 14 18 -1
15 1 -1 15 -1 18 -1 7 -1 11 16 19 -1 11 -1 5 -1 18 -1 7 -1 1 17 -1 13 15 17 19 -1
16 10 -1 14 17 -1 6 9 -1 9 -1 12 -1 5 -1 16 18 19 -1 0 12 -1 3 10 -1
17 12 -1 12 19 -1 14 -1 9 15 -1 9 -1 12 -1 6 -1
18 15 -1 11 -1 3 -1 19 -1 8 15 17 18 -1 10 18 -1 6 7 14 16 18 -1 1 -1 15 -1 4 17 19 -1 16 19 -1 7 -1 9 -1 14 19 -1 15 16 -1 0 -1
19 1 -1 18 -1 19 -1 17 -1 13 -1 18 19 -1 10 -1 9 13 -1 8 9 -1 0 -1 1 5 -1 0 13 18 -1 4 -1 14 19 -1 2 7 -1 11 17 18 19 -1
20 6 18 -1 4 18 19 -1 5 -1 14 16 -1 14 16 -1 19 -1 18 -1 10 -1 3 12 18 -1 9 -1 10 13 -1 9 -1 3 -1 9 14 -1 9 -1 19 -1 14 15 17 18 -1
21 17 18 -1 18 19 -1 1 -1 7 -1 16 -1 6 12 13 -1 5 -1 4 -1
22 4 18 19 -1 19 -1 7 16 17 -1 16 19 -1 10 -1
23 19 -1 1 14 -1 12 16 18 -1 0 -1 6 -1 9 10 -1 5 7 -1 19 -1 9 16 -1 8 -1 18 19 -1 10 -1 10 12 -1
24 2 -1 7 -1 7 -1 4 10 14 -1 10 -1 12 15 19 -1 15 -1 8 -1 5 -1 8 16 -1
25 12 -1 9 12 14 -1 19 -1 12 -1 3 7 9 -1 9 10 -1 9 14 -1 17 -1 4 -1 2 4 -1 13 -1 14 -1 11 13 15 19 -1 4 17 -1 5 -1
26 4 -1 6 -1 14 15 -1 11 -1 7 -1 9 17 -1 15 18 -1 10 18 -1 7 18 19 -1 10 19 -1 12 13 -1 1 -1 4 -1
