20
157 6 12 16 18 -1 7 9 15 17 19 -1 2 7 -1 8 14 -1 9 -1 6 -1 7 -1 10 13 18 19 -1 19 -1 7 19 -1 6 17 -1 15 17 19 -1 10 13 18 -1
22 2 -1 15 -1 0 -1 6 15 -1
132 2 18 19 -1
158 0 10 -1 2 -1 19 -1 19 -1 6 10 17 -1 4 19 -1 19 -1 7 -1 17 18 19 -1 12 -1 17 18 -1 3 -1 12 -1 1 6 18 -1 15 -1 12 14 -1
44 12 17 18 19 -1 9 -1 12 -1 9 -1 12 -1
48 6 19 -1
159 9 14 19 -1 16 -1 6 16 -1 15 19 -1 16 -1 8 11 13 -1 10 -1 4 -1 10 14 19 -1 0 19 -1 3 12 -1 15 -1 9 -1 9 16 17 19 -1 13 18 -1 9 -1 7 -1 16 -1
150 15 -1 0 -1 17 -1 11 -1 13 15 -1 9 -1 14 -1 18 19 -1 3 -1 17 19 -1 3 -1 18 19 -1 16 17 -1
140 2 -1 14 -1 16 -1
127 7 18 19 -1 0 -1 8 -1 16 18 -1 8 13 14 16 -1 8 17 -1 12 16 19 -1 5 9 -1
49 4 -1
160 17 19 -1 3 -1 13 16 -1 4 -1 7 -1 5 -1 14 -1 7 -1 7 18 -1
161 7 8 -1
162 2 -1 14 -1 12 -1 11 -1 7 -1 10 -1 12 15 -1 17 -1 13 16 -1 9 -1 4 16 19 -1 8 -1 16 -1
73 5 -1 9 16 -1 7 12 -1
163 15 18 -1 17 -1 19 -1 0 13 -1 18 -1 14 -1 6 -1 19 -1 8 -1 1 -1 7 19 -1 19 -1 10 13 17 18 -1 12 13 -1 19 -1 5 14 16 -1 2 6 -1 16 18 19 -1 2 -1 11 -1 17 18 19 -1
98 12 -1
164 19 -1 0 -1 12 -1 14 -1 11 19 -1 9 -1 5 -1
19 14 -1 15 19 -1 17 18 -1 14 17 18 19 -1
119 8 19 -1 1 -1 7 -1 13 -1
