12
166 9 -1 13 -1 12 18 -1 8 -1 15 16 -1 9 -1 13 16 -1 11 13 -1 0 -1 16 -1 7 14 18 19 -1 14 -1 19 -1 1 -1 7 10 -1 5 7 18 -1
167 16 19 -1 0 -1 12 13 -1 1 -1 8 14 19 -1 9 10 13 16 18 -1 6 -1 17 18 19 -1 8 -1 13 17 -1 8 -1 10 17 -1 2 18 19 -1 10 -1 0 -1 13 -1 17 19 -1 15 -1
168 18 -1 10 18 -1 12 13 14 -1 1 -1 3 5 19 -1 3 13 18 19 -1 1 4 -1 13 19 -1 7 10 -1 18 19 -1 11 17 18 19 -1 9 15 17 -1 4 -1 15 17 -1 9 17 -1
97 16 -1 18 19 -1 3 -1 12 -1 8 13 -1 7 -1 5 -1 3 -1 14 -1
83 19 -1
66 12 14 -1 1 -1 10 -1 15 -1 10 11 15 19 -1
169 13 -1
170 1 -1 4 -1 3 -1 18 -1 10 -1 6 12 -1 9 -1 1 -1 15 18 19 -1 6 14 -1 17 19 -1 19 -1 7 -1 12 -1 13 16 -1 1 7 -1 16 -1 12 -1 16 -1 7 16 -1 13 -1 7 16 -1 14 15 -1
139 4 -1 11 -1 2 -1 8 -1 15 -1 6 -1
25 1 12 -1 5 14 -1 9 -1 1 3 -1
171 19 -1 12 -1 6 -1 17 18 19 -1 8 -1 6 10 -1 2 8 -1 15 -1 17 18 19 -1 5 13 18 -1 14 18 -1 18 19 -1 16 -1 7 14 -1 4 12 18 -1 3 7 -1 4 -1 0 -1 13 -1 13 -1 6 14 19 -1
110 15 -1 4 -1 16 -1 14 -1 1 -1 1 -1 19 -1
