18
173 12 -1 3 15 18 -1 6 -1
40 1 -1
174 5 -1 17 18 19 -1 3 -1 9 -1
81 12 -1 3 -1 16 18 19 -1 4 -1 14 18 19 -1 9 17 -1 4 16 -1 7 -1 0 12 15 18 19 -1 18 19 -1 5 -1 17 18 -1 12 -1 15 17 -1 8 11 19 -1 1 6 -1 0 -1
144 14 18 19 -1 18 -1 0 15 17 18 19 -1 16 -1 4 15 -1 3 -1 12 -1 18 -1 11 -1 17 -1 1 -1 8 -1 6 17 18 -1 5 12 13 -1 5 -1 9 19 -1 7 12 -1 7 19 -1
175 14 19 -1 3 -1 13 16 -1 5 -1 4 18 19 -1 19 -1 17 19 -1 19 -1 14 -1 19 -1
176 19 -1 9 -1 1 19 -1 1 13 -1 4 8 18 19 -1 16 17 19 -1 18 -1
177 12 -1 0 -1 19 -1 5 -1 4 -1 4 18 -1 7 16 19 -1 18 19 -1 18 19 -1 19 -1 1 4 10 -1 2 11 -1 11 18 -1 11 17 -1 14 16 19 -1 5 -1 14 15 19 -1
72 13 16 -1
111 18 -1 9 13 16 -1 19 -1 12 -1 13 -1 14 16 -1 17 19 -1 18 -1
71 11 17 -1 1 -1
154 7 -1 17 -1 2 7 -1 3 -1 1 8 -1 17 -1 14 19 -1 15 19 -1 17 -1 16 -1
178 18 19 -1 15 -1 17 -1
37 15 -1
107 6 -1 19 -1 0 -1 13 15 -1
179 15 17 19 -1 14 18 19 -1 5 -1 5 11 19 -1 3 -1 9 -1 4 5 15 19 -1 10 -1 3 -1 12 15 18 -1 18 19 -1 6 -1 8 -1 13 -1 8 10 -1 7 11 13 18 -1 12 -1 13 -1
59 8 -1
131 11 -1 12 -1 14 -1 11 -1 0 -1 5 -1 18 19 -1 17 -1 18 -1 4 15 -1 2 -1
