17
180 2 -1 8 -1 2 6 7 -1 10 -1 1 -1 13 18 -1 12 -1
181 10 12 -1 11 16 -1 3 -1 17 18 -1
15 18 19 -1 0 6 -1 11 -1
182 11 -1 7 -1 10 14 -1 6 -1 18 -1 13 -1 4 -1 5 -1 15 -1 17 19 -1 4 -1 8 18 -1 19 -1 4 14 -1 4 -1
183 5 11 19 -1 9 17 18 -1 10 14 -1 18 19 -1 14 -1 12 13 17 18 19 -1 14 -1 4 14 -1 9 14 -1 13 -1 15 18 19 -1 15 -1 0 1 14 -1 2 -1 18 -1 18 19 -1 7 -1
184 4 6 -1 0 19 -1 15 16 -1 10 18 19 -1 7 -1 11 12 18 19 -1 16 -1 1 -1 11 -1 19 -1 7 -1 14 -1 9 -1
185 18 19 -1 5 18 19 -1 10 11 -1 17 18 19 -1 8 15 18 -1 9 11 14 15 -1 7 -1 16 19 -1 2 4 19 -1 16 17 -1 17 -1 0 -1 12 18 19 -1
120 1 11 14 -1 7 -1 4 -1 7 9 19 -1 5 10 -1
109 5 13 -1 5 -1 19 -1 5 10 11 -1 17 19 -1 10 -1 4 -1 5 -1 6 15 -1 4 -1 6 -1 12 18 -1
186 1 15 19 -1 0 14 -1 0 6 -1 0 17 -1 3 13 19 -1 19 -1 15 -1 6 -1 15 16 -1 11 -1 10 18 -1 9 -1 1 4 10 -1 0 2 18 19 -1 18 -1 13 16 17 -1 6 -1 13 -1 15 19 -1 13 -1
187 8 12 -1 1 14 19 -1 1 -1 16 19 -1 19 -1 11 -1 15 -1 8 -1 14 15 18 19 -1 8 -1 15 17 18 -1 14 17 -1 8 14 -1
188 18 19 -1 9 -1 15 18 -1 10 18 -1 1 -1 11 -1 15 16 -1 11 14 19 -1 3 15 -1
189 9 -1 12 -1 3 -1 5 16 -1 5 14 17 18 -1 7 18 19 -1 1 -1 14 19 -1 11 -1 13 15 18 -1 17 19 -1 14 18 19 -1 6 -1
53 16 -1 16 -1 6 -1 19 -1 1 5 -1 9 18 -1 17 19 -1 17 -1 18 19 -1 1 -1 5 12 14 -1 9 10 12 -1 18 -1
190 2 16 -1 0 5 -1 16 -1 13 -1 11 -1 0 -1 8 11 -1 17 -1
191 5 -1 6 16 19 -1
65 14 -1
