18
101 6 19 -1 13 -1 6 14 -1 6 -1 0 13 -1 4 14 16 18 -1 0 5 17 -1
192 10 18 19 -1 19 -1
48 4 19 -1 6 -1
55 4 16 -1 2 -1 10 -1
193 18 19 -1 19 -1 2 8 9 13 19 -1 14 16 -1
167 15 16 -1 7 -1 3 -1 16 -1 13 -1 2 10 11 -1 19 -1 9 -1 9 19 -1 19 -1 2 -1 13 -1 17 -1 19 -1 3 11 -1 6 15 -1
86 19 -1 0 4 -1
44 16 -1
95 16 19 -1
119 14 19 -1 3 18 19 -1 13 -1 18 19 -1 3 -1 2 8 -1 7 -1
23 5 15 -1
155 4 -1
194 16 -1 1 3 16 -1 10 -1
195 15 16 19 -1 3 11 -1 2 -1 7 12 -1 16 -1 9 12 19 -1 2 -1 6 -1 5 19 -1 13 16 -1 10 -1 0 -1 12 -1 19 -1 19 -1 1 19 -1 8 -1 10 -1 18 -1 8 -1
158 19 -1 9 -1 18 -1 18 19 -1 16 -1 6 9 -1
196 3 -1 4 -1 2 5 10 -1 14 16 17 19 -1 13 14 -1 16 -1 13 17 19 -1 11 -1 2 -1 1 9 -1 13 -1 18 19 -1 12 -1 18 19 -1
114 17 -1 2 14 16 -1 9 -1 3 14 -1 16 -1 11 -1 8 -1 10 -1 8 -1 8 -1 12 18 -1 11 17 -1 12 14 17 -1 15 18 19 -1 12 16 17 19 -1 19 -1 18 19 -1
178 7 19 -1 0 14 -1 6 -1 6 9 -1 7 14 16 19 -1 6 -1 3 -1 4 -1 10 -1 3 -1 19 -1 2 -1 3 8 11 15 -1 6 -1
