18
199 7 -1 18 19 -1 7 -1 15 17 -1 19 -1 10 14 -1 5 -1 12 17 -1 15 -1 16 19 -1 3 -1 5 16 18 19 -1 13 15 -1 18 19 -1 7 -1 6 -1 17 -1
198 10 -1
200 6 -1 9 12 -1 2 4 9 17 -1 14 -1 4 -1 15 17 18 19 -1 0 13 14 17 19 -1 16 -1 14 -1
201 15 19 -1 1 -1 0 15 16 -1
202 11 -1 0 10 12 -1 18 -1 18 19 -1 1 12 -1 16 19 -1 16 -1 5 9 -1 18 -1 7 -1 18 19 -1 4 -1
24 4 -1 10 -1 17 -1 8 18 -1 5 -1 5 9 -1 17 -1 9 19 -1 18 -1
175 7 16 19 -1 19 -1
203 13 15 -1
204 3 12 15 -1 5 17 19 -1
133 4 -1 7 17 -1 17 18 19 -1 18 -1 16 -1 0 19 -1 16 19 -1 0 8 -1 19 -1 11 -1 12 -1 18 19 -1 14 -1 17 19 -1 7 10 17 18 19 -1 2 -1
161 9 -1 6 -1 11 -1 18 -1 6 8 9 -1 2 -1 5 -1 18 -1 18 -1 17 -1 6 18 -1
205 17 -1 2 4 8 -1 13 -1 2 -1 7 10 -1 0 -1 12 19 -1 8 11 -1 11 -1 8 9 -1 15 -1 17 19 -1 17 19 -1 11 -1 0 15 17 -1 5 7 -1 16 -1 16 -1 3 19 -1 5 6 17 -1 9 -1 1 -1 15 16 -1
206 12 -1 3 4 -1 8 -1 14 -1 19 -1 15 -1 8 -1 19 -1 5 7 -1 6 14 -1 19 -1 15 16 18 19 -1 17 -1 17 19 -1 18 19 -1 9 -1 14 -1 17 -1 15 18 -1 10 -1 15 18 -1 1 4 5 11 -1 3 -1 2 -1
207 8 13 -1 9 -1 19 -1 17 -1 1 -1 16 17 19 -1 5 10 16 -1 5 7 11 -1 16 -1 16 17 18 19 -1 14 19 -1 5 -1 17 -1 16 -1
208 11 13 -1 10 18 -1 10 11 15 19 -1 8 -1 12 14 -1 17 -1 6 8 12 14 15 17 19 -1 6 -1 18 -1 8 16 -1 8 -1 4 11 19 -1 10 11 -1 10 15 -1
209 8 12 -1 10 13 19 -1 15 19 -1 17 -1 6 10 -1 10 -1 14 -1 18 19 -1 9 13 -1 8 -1 13 -1
125 0 18 19 -1 7 -1 6 10 -1 17 -1 8 -1 9 -1 8 -1 4 -1 3 -1 16 18 19 -1 3 6 -1 7 9 19 -1 2 13 19 -1 10 -1 13 -1 12 17 18 -1
210 1 -1
