19
212 11 13 -1 11 -1 1 5 -1 2 13 -1 4 -1 11 17 18 19 -1 18 -1 2 17 -1 2 -1 14 18 19 -1 10 12 13 17 -1 8 -1 8 16 -1 16 -1 9 -1 16 -1 2 -1 15 17 18 19 -1
145 9 14 19 -1 3 -1 2 -1 14 -1 15 -1 5 -1 7 9 10 17 18 -1 1 -1 18 -1 16 17 -1 7 17 -1 18 -1 2 8 15 16 -1 18 -1 11 -1
213 7 -1 10 -1 4 12 -1 16 -1 6 -1 12 -1 8 15 -1 1 9 17 18 -1 7 -1 6 11 -1 0 18 -1 8 -1 3 9 -1 7 -1 1 14 -1
214 0 1 5 -1 15 16 -1 1 4 6 -1 11 18 19 -1 2 -1 13 14 -1 15 18 -1 4 19 -1 7 -1 7 9 -1 17 19 -1 13 18 19 -1 8 15 -1 6 19 -1 7 12 17 -1 1 12 19 -1
113 10 14 -1
215 0 -1 1 19 -1 19 -1 16 -1 3 15 -1 14 -1 5 -1 7 10 13 -1 6 16 18 19 -1 7 10 -1 3 -1 14 15 19 -1 8 -1
216 10 -1
182 17 -1 12 18 -1 13 -1 5 15 -1 4 -1 1 3 16 17 -1
217 1 -1 9 -1 3 -1 12 16 -1 8 14 -1 2 9 11 -1 0 12 18 -1 9 -1 15 16 -1 19 -1 12 18 19 -1 12 -1 19 -1 7 -1 7 -1 14 -1 18 -1 15 -1 9 -1 17 -1 10 -1 5 17 18 -1 17 18 19 -1 0 -1
218 17 -1 13 19 -1 14 15 -1 19 -1 10 -1 8 -1 1 12 -1 2 -1 18 19 -1 19 -1 1 4 -1 5 -1 2 -1 7 -1 10 -1
219 2 -1 17 19 -1 12 -1 6 16 19 -1 4 13 19 -1 18 -1 19 -1 2 -1 1 -1 5 -1 12 -1 3 17 18 19 -1 7 -1 4 17 -1 17 -1 18 19 -1 17 -1 16 -1 18 -1
16 1 -1
220 11 -1 18 19 -1 14 19 -1 16 -1 12 18 19 -1 19 -1 8 10 -1 4 -1 11 15 -1 3 6 7 -1 14 19 -1 12 -1 19 -1 7 13 18 -1 18 19 -1 18 -1 16 -1 10 -1
84 19 -1 0 -1 14 -1 6 12 14 -1 12 -1 0 19 -1 1 18 -1 10 -1 4 16 -1
221 11 -1 5 -1 10 12 -1 3 13 16 18 -1 17 -1 19 -1 19 -1 10 15 -1 1 19 -1 7 14 16 19 -1 3 8 -1
222 16 17 18 -1 17 19 -1 19 -1 9 11 17 19 -1 18 19 -1 15 -1 17 18 -1 4 18 -1 4 -1
223 3 -1 10 13 17 18 -1 19 -1 4 12 -1 1 -1 16 -1 14 -1 15 -1 8 -1 9 11 -1 11 -1 16 19 -1 19 -1
224 16 -1 3 -1 2 19 -1 8 18 19 -1 13 -1 0 10 -1 5 13 -1 18 -1 4 18 -1 5 -1
34 5 -1 9 10 15 -1 1 16 17 -1 8 18 19 -1 14 -1 6 8 17 -1
