11
190 7 14 18 19 -1 3 10 12 -1 4 -1 0 8 12 -1 11 -1
179 15 -1 11 -1 6 -1 13 15 -1 1 -1 17 -1 12 16 -1 3 -1 5 13 -1
209 16 19 -1 5 -1 5 -1 4 -1 0 1 6 18 -1 10 -1 18 -1 18 -1 15 16 19 -1 16 -1 19 -1 12 -1 7 8 -1 3 -1 10 -1
63 9 13 18 19 -1 9 -1
210 14 -1 2 14 -1 9 16 17 -1 4 15 16 18 19 -1 0 -1 17 19 -1 6 -1 17 -1 5 16 -1
200 10 16 18 -1 5 -1 4 -1 10 18 -1 14 -1 10 13 14 18 19 -1 2 -1
211 11 19 -1 14 -1 14 19 -1 18 -1 1 11 -1 5 -1 2 -1 5 16 17 19 -1 6 -1 4 -1 17 -1 5 12 -1 2 -1 3 -1 2 19 -1 6 -1 10 17 18 19 -1 10 -1 0 -1
212 4 -1 10 -1 8 -1 3 -1 18 19 -1 19 -1 8 10 -1 5 16 -1 5 -1
213 11 17 -1 0 -1 14 17 -1 16 17 19 -1 12 -1 5 17 18 -1 14 -1 17 18 -1 4 17 -1 4 10 -1 8 18 19 -1 13 -1 16 -1 10 -1 12 -1 13 16 17 -1 18 19 -1 2 15 -1 11 16 -1 3 -1
214 4 18 19 -1 10 17 18 -1 9 10 -1 10 -1 14 19 -1
196 8 -1 17 19 -1 13 -1 0 -1 19 -1 0 -1 18 -1 15 18 19 -1 8 -1 19 -1 10 -1 16 -1 4 6 -1 3 19 -1 2 -1
