17
86 1 16 -1
156 12 -1 19 -1 16 -1
215 13 -1 12 -1 11 -1
152 14 18 19 -1 0 -1 10 -1 13 -1 12 -1 3 -1 15 -1 15 -1 14 17 18 19 -1 19 -1 8 -1 17 18 19 -1 13 15 19 -1 2 -1
70 9 -1
216 10 -1 17 18 -1 12 -1
217 1 6 17 19 -1 9 -1 13 15 18 -1 18 -1 10 -1 3 -1 15 19 -1 16 18 19 -1 14 -1 16 -1 16 -1 1 -1 0 -1 5 8 -1 10 -1 8 -1 9 -1
218 15 -1 8 -1 4 -1 2 15 16 17 19 -1 1 17 -1 11 15 -1 9 -1 0 17 -1
5 1 -1 18 19 -1
219 12 -1 17 -1 16 -1 5 -1 3 -1 10 19 -1 0 16 -1 19 -1 13 -1 14 18 19 -1 5 12 -1
220 13 15 -1 17 -1 2 7 18 -1 4 -1 12 15 -1 15 19 -1 13 15 17 19 -1 16 -1 19 -1 7 -1 7 -1 9 18 19 -1 4 12 14 -1 18 -1 11 12 -1 14 -1 2 -1 14 -1 10 -1 11 -1 0 14 -1
221 2 5 -1 9 12 -1 17 19 -1 15 -1 18 -1 3 18 19 -1 1 3 -1 3 -1 11 -1 15 17 -1 15 -1 9 14 18 19 -1 2 5 -1 19 -1 17 -1 1 -1 8 -1
127 9 18 -1
206 7 -1 12 -1 18 -1 8 19 -1 13 17 18 -1 11 14 -1 18 -1 11 -1
222 17 -1 19 -1 10 17 18 -1 14 15 17 19 -1 3 18 19 -1 7 11 19 -1 9 -1 4 17 -1 10 -1
223 5 -1 6 14 -1 17 -1 8 19 -1 19 -1 16 18 19 -1 19 -1 14 -1 9 -1 10 12 -1 10 -1
224 5 -1 16 17 -1 19 -1 13 19 -1 3 18 19 -1 13 -1 16 -1 12 -1 19 -1 3 -1 5 -1 9 14 18 -1 13 19 -1 1 -1 12 -1 13 18 19 -1 19 -1 8 -1 13 -1
