18
19 8 18 19 -1 3 -1
31 13 16 -1 18 19 -1 0 -1 19 -1 13 -1 11 -1 1 16 18 19 -1 2 -1 4 18 -1 8 -1 1 -1 9 -1 14 18 19 -1 6 -1 17 18 19 -1 6 -1
32 7 -1 19 -1 17 18 -1 13 16 18 19 -1 2 -1 17 -1 16 -1 12 -1 6 -1 4 -1 18 -1
33 9 -1 9 17 -1 0 -1 18 -1 2 -1 12 -1 4 -1 18 -1 14 -1 16 18 19 -1 8 -1 16 -1 5 -1 2 -1 2 8 -1 6 8 10 -1 19 -1 16 -1 1 4 13 18 19 -1 3 4 -1 4 -1 15 -1 19 -1 0 12 -1
34 7 -1 18 19 -1 3 -1 12 -1 17 -1 5 -1 7 -1 5 6 19 -1 18 -1 19 -1 16 19 -1 10 15 -1 8 9 -1 11 -1 10 -1 8 -1 17 19 -1 16 17 19 -1 11 -1 3 9 15 16 18 19 -1 10 18 -1 14 -1
35 1 -1 11 -1
36 10 12 -1
13 9 -1 8 -1
1 0 9 -1 16 -1
18 5 -1 16 19 -1 16 -1 12 18 -1 0 -1 4 10 -1 2 3 17 18 -1 11 -1 0 -1 7 -1 11 18 19 -1 13 17 18 -1 0 -1 0 -1 8 -1
4 16 17 -1
37 16 -1 13 14 -1 14 -1 8 18 -1 12 -1 18 -1 14 19 -1 5 17 -1 13 -1 16 17 -1
8 4 -1 9 -1 16 17 -1 15 -1 5 -1
30 5 -1 4 -1 15 17 18 19 -1 6 15 -1 18 -1 5 18 -1
38 16 18 -1 14 17 -1
23 12 -1 4 -1 3 17 19 -1 4 -1 3 -1
39 13 14 18 -1 2 17 19 -1 8 18 19 -1 15 17 19 -1 13 -1 6 -1 16 -1
5 7 14 -1 7 -1 7 -1 15 -1 9 17 -1 16 19 -1 14 -1
