21
40 0 4 9 10 15 -1 13 14 18 19 -1 14 -1 5 -1 2 -1 6 17 -1 7 9 -1 13 -1 10 -1 11 -1 12 -1 7 16 17 19 -1 19 -1 11 -1 1 18 -1 4 -1 10 12 -1 13 -1
41 12 -1 5 -1 3 16 -1
42 16 17 -1 6 10 -1 15 19 -1 4 12 -1 7 -1 5 19 -1 5 9 13 14 -1 13 16 17 -1 4 -1 16 -1 1 13 19 -1 14 15 -1 14 -1 4 -1 4 10 -1 1 -1 14 -1
43 5 10 -1 2 -1 4 19 -1 10 15 -1 8 -1 0 2 -1 9 -1 8 -1 17 -1 11 18 -1 12 -1 3 7 -1 9 18 -1 6 -1
9 7 -1 12 -1 5 11 14 -1 19 -1
15 8 -1
31 19 -1 3 10 -1 1 19 -1 11 17 -1
20 14 17 19 -1 9 -1 17 -1 10 19 -1 10 -1 6 7 -1
44 11 -1 19 -1 9 -1
28 18 19 -1 1 -1 15 18 19 -1 4 13 -1 0 -1 5 -1 7 -1 16 17 19 -1 8 -1 15 18 19 -1 3 17 -1 16 -1
45 4 -1 8 15 -1 14 17 -1 14 15 17 18 -1 2 12 -1 19 -1 17 18 19 -1
10 18 -1 6 19 -1 17 19 -1 11 15 -1 0 -1
46 5 -1 3 -1 10 15 -1 8 -1 12 13 -1
25 2 7 10 -1 10 16 -1 18 19 -1 7 10 -1 14 15 -1 12 -1 1 12 -1 8 16 19 -1 8 -1 0 5 -1 4 -1 5 -1 2 -1 8 12 -1
47 3 -1 6 7 -1 8 19 -1 5 -1 18 -1 0 -1 6 -1 10 -1 9 12 -1 10 18 19 -1 13 -1 3 13 15 19 -1 11 19 -1 14 -1 2 -1 15 19 -1 13 -1 9 -1 10 -1 7 -1 17 19 -1
39 15 18 -1 5 14 16 -1
48 8 15 -1
49 0 -1 18 19 -1 1 8 11 13 -1 17 19 -1 5 -1 2 5 -1 5 6 -1 7 19 -1 18 -1 6 17 -1
50 0 18 19 -1 0 13 -1 17 19 -1 19 -1 11 -1 2 -1 10 -1 17 19 -1 8 16 -1 17 18 19 -1 16 19 -1 6 14 -1 5 11 -1 15 17 18 -1 12 -1 12 19 -1 12 17 -1 11 -1 8 -1
34 18 -1
51 6 17 -1 3 18 19 -1 1 5 7 -1 2 -1 15 17 -1 4 -1 16 -1 8 12 -1
