19
48 10 16 17 -1 9 -1 9 -1 13 -1 5 -1
52 11 -1 0 -1 19 -1 15 16 19 -1 6 -1 16 -1 7 9 14 -1 14 17 19 -1 3 -1 19 -1 4 -1 19 -1 11 15 18 -1 4 14 -1 1 -1
53 2 -1 2 -1 13 16 -1 16 17 18 19 -1 1 -1 13 -1 10 13 17 -1 6 18 -1 12 18 19 -1 5 11 -1 5 -1 5 7 14 -1 8 -1
54 0 5 14 -1 8 16 17 19 -1 6 -1 3 18 -1 19 -1 17 19 -1 11 -1 12 18 -1 3 16 19 -1 8 -1 7 -1 6 -1 8 -1 9 18 -1 13 -1 0 3 8 17 -1 18 19 -1 9 -1
55 18 19 -1 1 -1 2 -1 11 -1 0 7 17 19 -1 4 8 -1 15 -1 7 14 -1
32 16 -1 6 10 12 18 19 -1 19 -1 5 10 -1 14 15 -1 10 18 -1
1 15 -1
56 11 -1 18 19 -1 15 -1
57 0 -1 7 10 -1 1 -1 16 18 19 -1 0 9 -1 7 18 -1 3 -1 11 17 18 -1 4 11 16 -1 17 -1
58 7 -1 18 19 -1 13 -1 4 5 10 -1 12 18 -1
31 16 -1 5 13 -1 2 -1 19 -1 7 -1
20 18 19 -1 3 -1 2 10 18 -1 10 -1 15 16 -1
59 4 -1 8 15 19 -1 0 19 -1 16 18 -1 10 15 -1
60 13 -1 16 18 19 -1
42 8 -1 4 8 11 -1 1 9 -1
61 5 -1 10 18 -1 0 7 -1 6 -1 4 11 12 -1 3 -1
62 9 -1 14 17 -1 5 9 19 -1 1 17 -1 18 -1 16 19 -1 18 -1 18 -1 15 -1 7 -1 14 -1 5 11 12 -1 6 13 -1
50 2 8 13 -1
63 0 -1 5 -1 10 14 15 -1 13 -1 6 7 8 -1 0 -1 15 -1 17 19 -1
