22
72 8 -1 7 9 14 15 18 19 -1 12 -1 17 19 -1 10 -1 18 19 -1 17 -1
20 19 -1
22 5 -1
8 17 18 19 -1 0 10 13 15 17 19 -1
23 2 8 -1 16 19 -1 13 15 18 -1 17 19 -1 11 12 -1 19 -1 14 -1 14 15 -1 16 -1
73 15 -1 19 -1 10 11 -1 1 11 12 -1 5 -1 4 15 -1 0 8 -1 3 12 14 -1 15 -1 2 16 19 -1 8 12 -1
12 18 -1 6 -1 5 -1
74 5 9 17 18 19 -1 18 -1 16 19 -1 5 -1 8 9 13 19 -1 4 14 -1 14 -1 5 -1 6 7 -1 2 15 19 -1 14 -1 11 18 19 -1 11 -1 4 -1 3 16 18 -1 3 6 -1 7 -1 14 -1 2 -1
32 14 19 -1 7 8 18 19 -1 2 7 9 18 -1 19 -1 8 -1 0 10 -1 12 14 19 -1 5 -1 9 -1 17 19 -1 19 -1 11 -1 8 19 -1 17 -1 1 19 -1 19 -1 19 -1 16 19 -1 13 -1 11 -1 10 -1
75 9 -1 14 19 -1 6 18 19 -1 1 -1 1 -1 8 11 14 -1 17 -1 12 15 -1 6 -1 12 -1 0 -1 11 13 -1 1 17 19 -1 7 18 -1 10 -1 8 -1 7 13 17 18 19 -1
76 15 17 18 -1 4 8 -1 5 -1 2 18 -1 17 18 19 -1 7 17 19 -1 16 -1 5 12 -1 18 -1
70 13 -1 19 -1 19 -1 3 12 -1 17 18 -1 13 -1 7 8 -1 8 12 18 19 -1 6 -1 15 -1 14 15 -1
77 12 -1 13 15 -1 1 -1 3 13 18 19 -1 15 16 18 19 -1 0 14 16 -1 13 14 -1 17 -1 17 -1
78 18 -1 6 -1 12 -1 12 19 -1 6 19 -1 2 5 7 -1 5 -1 12 17 18 -1 19 -1 8 18 19 -1 5 -1
38 6 -1
67 18 19 -1 3 -1 4 -1 15 -1 6 7 9 18 19 -1 17 19 -1 13 -1
79 2 8 16 -1 6 -1 8 -1 15 19 -1 0 1 -1 9 18 -1 12 -1 13 -1 19 -1 15 19 -1 16 -1 2 15 16 -1 3 11 -1 7 14 -1 17 19 -1 0 19 -1
60 3 -1 2 -1 15 18 19 -1
80 2 5 17 -1 18 19 -1 16 -1 3 -1 18 -1 7 -1 16 19 -1 3 4 -1 16 17 18 19 -1 4 12 -1 19 -1 5 -1 14 -1 9 15 -1 17 -1 9 -1 0 -1 17 -1 1 10 -1 9 -1 6 -1
81 16 -1 0 -1 6 -1 19 -1 17 18 19 -1
10 9 -1
82 15 16 19 -1
