228
1 4 -1 16 -1 5 -1 12 16 -1 19 -1 12 14 -1
2 18 19 -1 18 19 -1 12 -1 13 -1 13 14 -1 14 18 -1 4 -1 4 -1 2 -1 12 -1 8 11 15 -1 11 18 19 -1 8 -1 1 -1 2 16 -1 7 -1 16 18 -1 3 -1 1 2 -1 1 -1 3 6 9 -1 19 -1 19 -1 13 -1 14 19 -1 2 -1
3 6 -1 2 18 19 -1 4 19 -1 13 -1 11 13 -1 5 -1 18 19 -1 6 -1 2 17 -1 15 -1 17 -1 4 13 -1 2 -1 2 -1 18 -1 7 14 -1 18 19 -1 4 17 -1 3 -1 0 4 -1 11 14 18 -1 10 -1 13 14 -1 0 -1 3 -1 6 -1
4 3 -1 19 -1 7 13 17 19 -1 14 15 19 -1 17 -1 1 13 -1 7 -1 9 15 -1 13 -1 8 -1 9 -1 5 18 19 -1 10 13 18 -1 9 -1 14 -1 9 11 -1 4 -1 8 -1 3 13 16 -1 14 -1
5 17 18 -1 3 -1 8 -1 14 -1 11 13 -1 11 -1 13 -1 15 -1 19 -1 9 18 -1 9 -1 3 -1 10 -1 4 -1 10 16 18 -1 11 -1 10 18 -1 18 -1 9 -1 12 14 16 18 -1 3 -1 5 9 19 -1 6 -1 8 14 18 19 -1 8 -1 9 -1
6 3 -1 2 -1 8 -1 9 10 19 -1 0 -1 18 19 -1 3 -1 0 3 8 13 -1 13 -1 0 -1 6 -1 5 9 11 -1 5 -1 16 -1 17 -1 16 -1 3 4 -1 11 -1 3 -1 1 -1 9 16 17 -1 10 -1 3 14 -1 10 12 -1 2 -1 14 -1 1 -1
7 13 -1 3 11 -1 1 -1 11 -1 12 -1 19 -1 14 -1 13 -1 15 -1 0 -1 15 18 -1 2 12 -1 4 -1
8 8 10 19 -1 6 9 -1 4 -1 11 17 19 -1 15 19 -1 4 -1 3 -1 18 19 -1 7 -1 18 19 -1 13 16 17 -1 10 11 -1 11 15 19 -1 18 -1 2 3 17 -1 0 -1 17 18 19 -1 0 10 13 15 17 19 -1
9 19 -1 6 -1 5 18 -1 12 16 19 -1 1 -1 18 -1 0 5 -1 13 15 -1 8 -1 14 16 17 -1 15 -1 11 -1 13 19 -1 13 -1 9 18 -1 14 16 -1 14 17 -1 5 -1 16 -1 10 -1 2 5 -1 6 -1
10 4 -1 1 -1 5 9 13 -1 16 -1 11 -1 10 -1 6 8 16 18 -1 15 18 -1 5 16 19 -1 6 -1 11 18 -1 13 -1 16 19 -1 6 11 19 -1 19 -1 4 17 19 -1 16 18 -1 13 -1 17 -1 2 10 -1 8 10 12 -1 9 -1
11 14 17 18 -1 10 -1 19 -1 11 -1 4 11 14 15 -1 18 19 -1 14 18 -1 7 19 -1 5 -1 0 1 12 -1 5 -1 17 18 19 -1 7 -1 7 10 13 -1 15 -1 17 -1 1 10 17 19 -1 4 -1 14 -1 6 13 -1
12 6 -1 13 17 18 19 -1 15 18 -1 15 -1 15 -1 15 -1 18 19 -1 11 14 18 -1 3 13 -1 5 14 -1 15 18 19 -1 7 -1 15 -1 5 9 -1 18 -1 2 -1 15 -1 16 -1 11 -1 10 15 -1 15 16 18 -1 18 -1 6 -1 5 -1
13 5 -1 0 -1 17 18 -1 16 17 18 -1 9 13 18 -1 11 18 19 -1 8 18 -1 18 -1 6 10 13 17 19 -1 13 -1 13 -1 9 -1 12 -1 18 -1 7 18 -1 1 -1 8 14 17 19 -1 3 -1 5 -1 7 -1 17 -1 3 -1
14 0 17 -1 13 19 -1 5 -1 8 11 17 -1 2 -1 2 -1 6 -1 0 -1 2 -1 14 -1 14 18 -1 13 -1 16 -1 16 17 -1 6 9 17 -1 15 -1 6 7 -1 12 -1 12 19 -1 14 -1 7 -1 17 -1 15 16 -1
15 1 -1 15 -1 18 -1 7 -1 11 16 19 -1 11 -1 5 -1 18 -1 7 -1 1 17 -1 13 15 17 19 -1 18 19 -1 0 6 -1 11 -1
16 10 -1 14 17 -1 6 9 -1 9 -1 12 -1 5 -1 16 18 19 -1 0 12 -1 3 10 -1 3 6 -1 18 19 -1 8 16 -1 10 -1 9 11 14 19 -1 17 -1 13 14 19 -1 9 -1 18 -1 4 7 -1 18 19 -1 4 -1 11 16 -1 1 -1
17 12 -1 12 19 -1 14 -1 9 15 -1 9 -1 12 -1 6 -1 13 17 -1 2 13 -1 2 18 -1 0 10 12 -1 11 -1 0 2 -1 17 -1 18 -1 1 -1 8 19 -1 14 16 -1 12 -1 3 11 -1 7 -1 4 -1 9 -1 18 -1
18 15 -1 11 -1 3 -1 19 -1 8 15 17 18 -1 10 18 -1 6 7 14 16 18 -1 1 -1 15 -1 4 17 19 -1 16 19 -1 7 -1 9 -1 14 19 -1 15 16 -1 0 -1
19 1 -1 18 -1 19 -1 17 -1 13 -1 18 19 -1 10 -1 9 13 -1 8 9 -1 0 -1 1 5 -1 0 13 18 -1 4 -1 14 19 -1 2 7 -1 11 17 18 19 -1 14 -1 15 19 -1 17 18 -1 14 17 18 19 -1
20 6 18 -1 4 18 19 -1 5 -1 14 16 -1 14 16 -1 19 -1 18 -1 10 -1 3 12 18 -1 9 -1 10 13 -1 9 -1 3 -1 9 14 -1 9 -1 19 -1 14 15 17 18 -1 5 15 -1 1 4 14 18 -1 13 -1 19 -1 14 18 -1 19 -1
21 17 18 -1 18 19 -1 1 -1 7 -1 16 -1 6 12 13 -1 5 -1 4 -1 0 9 -1 14 -1 1 -1 12 -1 1 -1 13 14 -1 14 16 -1 9 -1
22 4 18 19 -1 19 -1 7 16 17 -1 16 19 -1 10 -1 14 16 -1 8 16 19 -1 19 -1 7 13 14 -1 11 18 19 -1 15 -1 11 13 17 -1 6 -1 9 -1 0 -1 19 -1 5 -1 18 19 -1 7 -1 5 -1 2 -1 15 -1 0 -1 6 15 -1
23 19 -1 1 14 -1 12 16 18 -1 0 -1 6 -1 9 10 -1 5 7 -1 19 -1 9 16 -1 8 -1 18 19 -1 10 -1 10 12 -1 2 8 -1 16 19 -1 13 15 18 -1 17 19 -1 11 12 -1 19 -1 14 -1 14 15 -1 16 -1 5 15 -1
24 2 -1 7 -1 7 -1 4 10 14 -1 10 -1 12 15 19 -1 15 -1 8 -1 5 -1 8 16 -1 14 18 -1 7 -1 10 11 14 17 -1 4 -1 10 -1 17 -1 8 18 -1 5 -1 5 9 -1 17 -1 9 19 -1 18 -1
25 12 -1 9 12 14 -1 19 -1 12 -1 3 7 9 -1 9 10 -1 9 14 -1 17 -1 4 -1 2 4 -1 13 -1 14 -1 11 13 15 19 -1 4 17 -1 5 -1
26 4 -1 6 -1 14 15 -1 11 -1 7 -1 9 17 -1 15 18 -1 10 18 -1 7 18 19 -1 10 19 -1 12 13 -1 1 -1 4 -1 7 -1 19 -1 8 17 18 -1 18 19 -1 2 -1 6 14 17 -1 8 18 -1 10 -1 9 18 19 -1 0 -1
27 2 15 -1 19 -1 6 -1 2 -1 19 -1 17 -1 7 -1 13 -1 9 14 16 -1 7 -1 14 -1 0 -1 8 18 19 -1 5 -1 4 15 -1
28 14 -1 6 18 -1 18 19 -1 5 16 17 19 -1 12 -1 4 14 15 17 19 -1 17 -1 5 14 -1 15 16 17 18 -1
29 15 -1 16 19 -1 14 -1 13 15 -1 1 8 19 -1 13 -1 19 -1 11 13 -1 13 -1 2 -1 19 -1 0 -1 16 17 -1 6 17 -1 0 12 13 -1
30 12 -1 9 -1 11 12 19 -1 13 15 -1 3 -1 1 13 17 18 19 -1 15 -1 0 15 16 -1 16 -1 0 -1 19 -1 9 14 -1 2 14 -1 8 -1 5 -1 5 8 -1 12 16 -1 3 -1 17 19 -1 13 -1
31 8 -1 0 -1 16 -1 1 2 7 19 -1 19 -1 11 17 -1 4 -1 17 -1 0 11 17 -1 1 3 -1 14 -1 3 12 16 -1 4 -1 8 -1 7 -1 17 -1 11 14 -1 13 14 16 -1 17 -1 6 -1 10 19 -1 0 2 -1 5 -1 8 -1
32 16 -1 14 19 -1 7 8 18 19 -1 2 7 9 18 -1 19 -1 8 -1 0 10 -1 12 14 19 -1 5 -1 9 -1 17 19 -1 19 -1 11 -1 8 19 -1 17 -1 1 19 -1 19 -1 19 -1 16 19 -1 13 -1 11 -1 10 -1 16 -1 19 -1
33 7 -1 12 -1 19 -1 10 13 -1 12 -1 15 -1 7 -1 18 -1 9 -1 17 -1 9 17 -1 2 -1 1 19 -1 17 18 -1 12 -1 9 -1 16 17 19 -1 12 -1 0 -1 19 -1 1 -1 4 5 18 19 -1 16 -1 4 9 -1 14 -1 10 18 19 -1 1 -1 5 -1
34 12 -1 16 17 -1 14 18 19 -1 5 -1 9 10 15 -1 1 16 17 -1 8 18 19 -1 14 -1 6 8 17 -1
35 7 -1 13 14 -1 8 -1 1 17 -1 18 -1 8 -1 19 -1 16 -1 6 17 19 -1 18 19 -1 5 -1 0 -1 12 -1 7 -1 3 -1 1 6 -1 2 8 -1 2 -1
36 0 -1 10 -1 8 -1 2 -1 2 -1 2 -1 6 -1 8 -1 3 12 -1 19 -1 5 10 17 -1 9 -1 3 -1 17 -1 2 8 17 18 19 -1 6 9 -1 8 18 -1 8 -1 11 -1 0 -1 4 17 18 -1 9 15 -1 18 -1 19 -1 13 18 -1 15 16 -1
37 3 16 19 -1 6 8 -1 0 13 -1 19 -1 9 10 -1 12 -1 11 13 16 18 -1 2 17 18 -1 9 -1 11 -1 8 -1 1 -1 6 -1 8 -1 0 13 -1 14 -1 7 15 -1 9 15 -1 4 8 -1 6 -1 11 -1 17 -1 17 -1 17 -1 2 -1 15 -1
38 15 -1 14 -1 17 19 -1 12 18 -1 10 -1 7 14 19 -1 3 8 12 19 -1 11 -1 11 13 -1 16 17 18 19 -1 18 -1 15 16 -1 0 -1 19 -1 7 14 18 19 -1 8 10 -1 6 13 18 -1 5 8 -1 9 -1 0 -1 6 -1
39 12 -1 17 18 -1 4 -1 1 18 -1 19 -1 8 19 -1 13 15 17 19 -1 11 -1 15 17 -1 7 -1 12 -1 15 19 -1 12 -1 15 -1 1 -1
40 4 14 -1 9 19 -1 5 17 19 -1 11 -1 9 -1 5 -1 11 -1 2 -1 9 -1 15 19 -1 12 -1 8 11 -1 3 -1 10 -1 7 -1 11 -1 18 19 -1 1 -1
41 9 -1 5 7 9 -1 3 15 19 -1 19 -1 14 15 -1 3 8 -1 13 -1 11 -1
42 9 -1 14 -1 1 -1 2 3 -1 16 19 -1 0 6 8 19 -1 0 -1 0 16 -1 12 15 -1 10 -1 15 18 19 -1 3 7 18 19 -1 19 -1 10 -1 16 18 19 -1 3 12 -1 8 -1 18 -1 3 12 -1 17 -1 10 -1 19 -1 0 -1
43 9 19 -1 3 18 -1 10 -1 8 13 -1 17 19 -1 19 -1 11 -1 0 17 19 -1 6 -1 7 -1 7 17 18 19 -1 18 -1 3 19 -1 2 10 15 -1 14 -1
44 15 18 19 -1 11 -1 14 19 -1 18 19 -1 8 11 13 -1 4 -1 3 -1 11 -1 0 -1 12 -1 1 -1 4 -1 19 -1 19 -1 5 8 18 19 -1 5 -1 8 9 14 -1 12 17 18 19 -1 9 -1 12 -1 9 -1 12 -1 16 -1
45 7 8 16 17 18 -1 12 17 -1 15 16 18 -1 9 18 19 -1 16 17 19 -1 10 -1 1 -1 14 -1 12 15 18 -1 16 -1 0 -1 1 6 -1 16 17 19 -1 2 10 -1 13 -1 1 -1 1 -1 3 7 -1 9 -1 6 -1 16 19 -1
46 9 14 18 -1 9 19 -1 3 6 12 13 18 19 -1 7 16 17 18 19 -1 4 -1 18 -1 18 -1 7 9 13 15 -1 13 14 -1 12 -1 14 19 -1 5 8 -1 16 -1 11 -1 3 11 -1 7 8 -1 10 -1 8 -1 2 -1 11 -1
47 2 7 9 -1 9 15 19 -1 3 -1 3 11 -1 16 18 -1 11 -1 4 14 15 17 -1 16 -1 13 -1 4 -1 15 -1 5 16 -1 0 -1 1 4 -1 8 19 -1
48 0 2 6 10 11 -1 2 -1 0 13 16 -1 10 -1 13 17 -1 15 17 -1 0 3 6 -1 5 11 -1 4 14 -1 17 -1 7 14 -1 9 -1 10 -1 13 17 18 19 -1 3 -1 6 -1 5 -1 6 19 -1 4 19 -1 6 -1
49 2 -1 2 -1 15 17 -1 19 -1 14 -1 14 18 19 -1 13 -1 13 -1 0 5 14 17 19 -1 11 18 -1 7 18 19 -1 4 15 -1 14 -1 14 -1 11 -1 12 14 -1 0 -1 16 -1 13 -1 7 18 19 -1 15 -1 16 -1 13 18 -1 7 -1 4 -1
50 0 -1 2 -1 12 -1 13 -1 4 9 -1 0 -1
51 16 19 -1 17 -1 16 -1 16 18 19 -1 7 -1 12 18 19 -1
52 8 11 -1 13 -1 7 10 -1 17 -1 15 -1 6 10 11 13 15 19 -1
53 15 -1 1 3 15 -1 10 13 -1 13 19 -1 17 18 -1 4 -1 8 -1 3 18 -1 1 16 19 -1 12 -1 16 -1 16 -1 6 -1 19 -1 1 5 -1 9 18 -1 17 19 -1 17 -1 18 19 -1 1 -1 5 12 14 -1 9 10 12 -1 18 -1
54 18 19 -1 2 18 -1 4 14 15 -1 4 6 -1 16 17 -1 12 13 -1 3 15 19 -1 15 18 -1
55 8 -1 12 14 -1 4 10 11 -1 0 15 -1 13 14 18 -1 3 19 -1 8 -1 0 19 -1 16 19 -1 11 14 -1 2 -1 16 19 -1 4 16 -1 2 -1 10 -1
56 0 -1 12 16 -1 14 -1 2 5 -1 2 17 -1 13 -1 0 11 -1 15 16 -1 14 -1 11 13 17 -1 18 -1 19 -1 13 -1 8 10 16 19 -1 17 -1 13 16 -1 18 -1 16 19 -1 19 -1 17 -1 7 -1 11 19 -1
57 5 -1
58 8 19 -1 13 -1 11 15 -1 15 18 -1 13 18 -1 14 -1 14 -1 2 -1 9 -1 7 -1 17 19 -1 1 -1 16 19 -1 13 -1 10 17 -1 11 14 -1 18 -1 13 15 -1 8 13 17 -1 9 -1 11 -1 10 15 -1 14 -1 5 -1 1 12 -1 7 -1
59 17 -1 14 -1 9 -1 6 -1 5 -1 0 2 8 -1 7 -1 13 14 -1 4 -1 16 -1 8 9 18 19 -1 4 -1 0 8 18 19 -1 10 -1 10 -1 7 -1 14 19 -1 3 14 -1 10 16 -1 10 16 -1 4 5 7 -1 7 15 -1 16 -1 8 -1
60 11 -1 1 -1 5 17 19 -1 16 19 -1 14 -1 12 16 -1 6 -1 0 13 16 18 -1 0 -1 5 -1 0 19 -1 12 -1 9 -1 11 16 19 -1 8 14 -1 17 19 -1 16 -1 3 -1 2 -1 15 18 19 -1 0 15 16 -1 6 -1
61 17 -1 17 -1 19 -1 13 15 17 18 19 -1 4 -1 14 -1 13 17 -1 7 -1 4 -1 6 8 11 14 17 18 19 -1 10 -1 16 -1 3 13 -1 5 -1 12 14 17 -1 18 19 -1 11 -1 0 -1 15 18 -1
62 10 -1 12 -1 9 12 18 19 -1 0 -1 2 12 -1 5 -1 1 -1 4 6 -1 8 -1 7 -1 5 10 15 19 -1 16 18 19 -1 15 16 19 -1 12 -1 4 -1 10 17 -1 5 -1 6 -1 4 11 -1 5 -1 10 -1 7 14 -1 15 -1 16 -1
63 1 -1 2 12 17 -1 6 -1 4 -1 13 14 -1 0 -1 12 14 -1 15 17 19 -1 7 -1 8 14 18 19 -1 12 19 -1 17 18 -1 4 -1 6 -1 10 11 16 -1 3 -1 15 16 -1 17 -1 12 13 -1 17 -1 12 -1
64 6 19 -1 14 -1 5 11 -1 16 19 -1 5 18 19 -1 12 -1 2 -1 17 -1 4 8 -1 16 18 -1 17 19 -1 8 16 18 -1 11 15 18 19 -1 15 -1 5 14 16 19 -1 14 16 17 -1 1 3 16 -1 10 15 -1 2 -1
65 11 14 17 -1 14 15 -1 9 -1 12 18 -1 12 -1 18 19 -1 1 -1 4 -1 9 12 -1 0 14 -1 6 18 -1 6 9 -1 12 15 -1 0 13 -1 14 -1 13 15 -1 6 12 17 -1 12 -1 17 -1 10 11 -1 3 18 19 -1 9 -1 14 -1
66 6 -1 6 -1 0 17 -1 2 -1 16 -1 12 -1 13 -1 15 17 -1 13 -1 13 -1 13 17 -1 18 19 -1 16 -1 11 -1 11 14 -1 10 12 -1 11 -1 6 7 -1 11 -1 15 -1 12 -1
67 4 8 19 -1 16 19 -1 9 19 -1 17 -1 7 -1 17 -1 14 -1 18 19 -1 3 -1 4 -1 15 -1 6 7 9 18 19 -1 17 19 -1 13 -1 19 -1 15 -1 5 16 19 -1 17 18 -1 19 -1 2 -1 5 16 -1
68 2 18 -1 4 15 -1 1 -1 4 7 -1 0 5 17 -1 9 11 -1 11 -1 2 14 16 19 -1 19 -1 7 -1 16 17 -1 4 -1 16 19 -1 15 -1 0 -1 15 17 -1
69 8 -1 8 -1 17 -1 12 -1
70 17 18 -1 11 -1 0 1 19 -1 6 -1 17 -1 13 14 17 19 -1 2 4 -1 4 6 -1 15 -1 13 -1 19 -1 19 -1 3 12 -1 17 18 -1 13 -1 7 8 -1 8 12 18 19 -1 6 -1 15 -1 14 15 -1
71 3 -1 8 -1 16 17 18 19 -1 11 15 -1 3 -1 2 -1 5 16 -1 11 17 -1 1 -1
72 8 -1 7 9 14 15 18 19 -1 12 -1 17 19 -1 10 -1 18 19 -1 17 -1 1 -1 19 -1 1 -1 9 -1 12 13 -1 0 1 17 18 19 -1 15 -1 6 -1 10 -1 9 14 -1 8 -1 16 19 -1 3 8 -1 6 -1 12 -1 13 16 -1
73 15 -1 19 -1 10 11 -1 1 11 12 -1 5 -1 4 15 -1 0 8 -1 3 12 14 -1 15 -1 2 16 19 -1 8 12 -1 18 19 -1 17 19 -1 5 -1 9 16 -1 7 12 -1
74 5 9 17 18 19 -1 18 -1 16 19 -1 5 -1 8 9 13 19 -1 4 14 -1 14 -1 5 -1 6 7 -1 2 15 19 -1 14 -1 11 18 19 -1 11 -1 4 -1 3 16 18 -1 3 6 -1 7 -1 14 -1 2 -1
75 9 -1 14 19 -1 6 18 19 -1 1 -1 1 -1 8 11 14 -1 17 -1 12 15 -1 6 -1 12 -1 0 -1 11 13 -1 1 17 19 -1 7 18 -1 10 -1 8 -1 7 13 17 18 19 -1
76 15 17 18 -1 4 8 -1 5 -1 2 18 -1 17 18 19 -1 7 17 19 -1 16 -1 5 12 -1 18 -1 14 19 -1 19 -1 16 19 -1 18 19 -1 2 -1 2 16 19 -1 4 -1
77 12 -1 13 15 -1 1 -1 3 13 18 19 -1 15 16 18 19 -1 0 14 16 -1 13 14 -1 17 -1 17 -1 6 -1 0 -1 1 -1 12 17 19 -1 11 -1 11 19 -1 1 15 -1 13 -1 2 -1 5 -1 15 -1 17 -1 14 -1
78 18 -1 6 -1 12 -1 12 19 -1 6 19 -1 2 5 7 -1 5 -1 12 17 18 -1 19 -1 8 18 19 -1 5 -1 10 17 -1 1 9 19 -1 19 -1 3 -1 1 -1
79 2 8 16 -1 6 -1 8 -1 15 19 -1 0 1 -1 9 18 -1 12 -1 13 -1 19 -1 15 19 -1 16 -1 2 15 16 -1 3 11 -1 7 14 -1 17 19 -1 0 19 -1
80 2 5 17 -1 18 19 -1 16 -1 3 -1 18 -1 7 -1 16 19 -1 3 4 -1 16 17 18 19 -1 4 12 -1 19 -1 5 -1 14 -1 9 15 -1 17 -1 9 -1 0 -1 17 -1 1 10 -1 9 -1 6 -1
81 16 -1 0 -1 6 -1 19 -1 17 18 19 -1 12 -1 3 -1 16 18 19 -1 4 -1 14 18 19 -1 9 17 -1 4 16 -1 7 -1 0 12 15 18 19 -1 18 19 -1 5 -1 17 18 -1 12 -1 15 17 -1 8 11 19 -1 1 6 -1 0 -1
82 15 16 19 -1
83 7 -1 10 12 -1 18 -1 9 17 19 -1 4 -1 2 -1 15 17 18 19 -1 5 15 17 -1 3 -1 6 -1 2 -1 3 -1 15 -1 15 18 19 -1 14 18 -1 19 -1 2 -1 12 -1 12 16 -1
84 7 -1 13 -1 12 19 -1 2 -1 0 18 19 -1 0 12 -1 19 -1 0 -1 14 -1 6 12 14 -1 12 -1 0 19 -1 1 18 -1 10 -1 4 16 -1
85 15 -1 18 -1 19 -1 8 -1 0 -1 13 -1 8 -1 3 10 15 -1 10 19 -1 8 -1
86 8 -1 15 17 18 19 -1 5 -1 15 -1 17 -1 15 18 -1 4 -1 0 -1 17 -1 16 17 18 -1 14 -1 8 -1 4 13 -1 14 19 -1 16 19 -1 15 18 19 -1 18 19 -1 10 19 -1 5 -1 0 -1 6 15 16 -1 19 -1 0 4 -1
87 19 -1 12 13 -1 0 14 -1 10 -1 13 -1 7 15 -1 8 -1 18 -1 17 -1 11 12 15 -1 3 -1 0 11 13 14 18 19 -1
88 12 16 19 -1 8 16 -1 11 17 18 19 -1 10 14 15 19 -1 6 -1 9 -1 17 18 -1 6 -1 15 19 -1 18 19 -1 17 18 19 -1 2 8 13 19 -1 17 19 -1 2 -1 11 -1 16 -1 3 -1 15 -1 3 -1
89 6 -1 1 -1 16 17 19 -1 13 16 19 -1 17 -1 7 17 -1 14 -1 10 -1
90 11 -1 16 18 -1 14 -1 13 -1 9 -1 10 14 -1 15 18 19 -1 11 12 -1 12 -1 6 -1 7 -1 9 11 16 19 -1 12 -1 11 13 -1 17 -1 12 14 -1 15 19 -1 5 12 -1 16 17 -1
91 3 -1 3 -1 9 -1 11 12 -1 16 19 -1 15 17 -1 5 12 -1 17 18 -1 14 -1 6 -1 16 19 -1
92 9 12 -1 10 -1 6 13 -1 9 -1 18 -1 8 15 16 -1
93 9 -1 17 -1 2 -1 13 -1 7 11 -1 14 -1 0 5 -1 16 17 -1 7 17 19 -1 17 -1 17 19 -1 16 17 -1 8 9 13 -1 2 -1 13 -1 11 13 -1 9 -1
94 6 13 -1 6 9 12 16 17 -1 10 17 -1 5 8 -1 17 -1 1 -1 3 -1 18 -1 19 -1 1 2 -1 3 8 -1 0 -1 10 16 -1 11 14 -1 16 -1 5 12 18 19 -1 6 -1
95 12 -1 14 -1 4 -1 3 -1 15 17 19 -1 18 19 -1 12 -1 7 15 17 18 19 -1 7 -1 2 17 18 -1 17 -1 18 19 -1 16 18 -1 13 -1 1 -1 9 -1 15 -1 16 19 -1 19 -1 0 -1 10 -1 9 11 -1 17 19 -1 16 -1 4 10 -1
96 19 -1 7 -1 18 -1 13 14 19 -1 3 -1 8 9 17 -1 6 -1 19 -1 11 -1 9 19 -1 11 -1 9 -1 7 -1 2 17 19 -1 9 -1 13 -1
97 12 16 -1 17 19 -1 17 -1 0 7 8 -1
98 19 -1 11 19 -1 6 17 -1 12 -1 6 13 -1 16 17 18 -1 9 -1 12 -1
99 16 -1 8 -1 14 -1 14 19 -1 18 19 -1 12 16 -1 14 19 -1 5 -1
100 3 -1 3 -1 15 -1
101 19 -1 18 19 -1 12 -1 14 -1 0 6 -1 3 -1 7 11 12 -1 13 -1 2 -1 14 19 -1 6 19 -1 13 -1 6 14 -1 6 -1 0 13 -1 4 14 16 18 -1 0 5 17 -1
102 16 -1 9 -1 6 -1 1 -1 16 18 19 -1 9 12 17 19 -1 15 -1 7 14 -1 17 19 -1 12 16 -1 3 6 -1 3 13 -1 12 -1 18 -1 3 15 16 17 19 -1 19 -1 4 -1
103 17 -1 2 -1 2 -1 6 12 13 -1
104 17 19 -1 4 -1 14 17 -1 4 11 17 -1 18 19 -1 12 17 19 -1 5 -1 11 -1 5 9 11 -1 1 8 15 -1 10 13 18 19 -1 17 -1 5 -1 10 13 19 -1 12 14 19 -1
105 1 -1 11 16 18 -1 11 12 -1 15 18 -1
106 12 -1 11 -1 13 -1
107 5 7 -1 17 19 -1 5 -1 1 -1 5 13 -1 0 8 9 -1 10 -1 19 -1 11 15 -1 16 -1 4 18 19 -1 17 -1 8 17 -1 13 -1 8 14 -1 6 -1 19 -1 0 -1 13 15 -1
108 2 -1 4 -1 16 17 -1 5 17 19 -1 19 -1
109 17 -1 1 -1 11 -1 2 -1 2 8 -1 16 17 18 19 -1 10 19 -1 11 -1 15 19 -1 7 -1 5 13 -1 5 -1 19 -1 5 10 11 -1 17 19 -1 10 -1 4 -1 5 -1 6 15 -1 4 -1 6 -1 12 18 -1
110 10 -1 1 12 -1 15 -1 2 9 16 17 19 -1 19 -1 11 -1 9 -1 13 -1 14 -1 7 13 17 19 -1 19 -1 8 -1 19 -1 18 -1 3 -1 16 18 19 -1 17 -1 12 14 15 17 19 -1 1 -1 3 17 18 -1 7 -1
111 10 11 -1 9 -1 7 19 -1 3 11 14 18 19 -1 2 13 15 19 -1 5 -1 13 18 19 -1 17 -1 13 -1 12 -1 18 -1 8 -1 9 12 15 -1 12 -1 18 -1 9 13 16 -1 19 -1 12 -1 13 -1 14 16 -1 17 19 -1 18 -1
112 3 -1 1 2 -1 8 13 -1 8 19 -1 7 -1 5 18 -1 18 19 -1 9 -1 13 18 -1 13 -1 19 -1 10 12 -1 5 16 -1 17 -1 3 19 -1
113 16 17 -1 0 11 14 17 -1 10 14 -1 12 -1 5 -1 11 17 18 -1 6 -1 15 -1 16 -1 15 18 -1 19 -1 11 -1 16 17 18 -1 1 -1 1 13 -1 18 -1 5 -1 4 -1 13 -1 10 -1 15 19 -1 1 15 17 19 -1 8 -1 10 14 -1
114 11 18 19 -1 17 -1 2 14 16 -1 9 -1 3 14 -1 16 -1 11 -1 8 -1 10 -1 8 -1 8 -1 12 18 -1 11 17 -1 12 14 17 -1 15 18 19 -1 12 16 17 19 -1 19 -1 18 19 -1
115 6 -1 14 15 -1 17 19 -1 12 19 -1 10 15 18 -1
116 3 -1 19 -1 6 18 -1 13 -1 9 18 -1 19 -1 8 19 -1 7 8 18 -1
117 10 -1 3 -1 7 19 -1 15 -1 9 -1 12 16 -1 15 18 19 -1 1 13 -1 9 15 17 18 -1 5 -1 5 -1 4 6 10 -1 14 -1 12 -1 13 -1 9 -1 12 16 -1
118 1 16 18 -1 18 -1 11 -1 2 -1 17 18 19 -1 3 10 13 19 -1 5 18 -1 14 -1 14 -1 3 5 8 12 -1 10 -1 7 15 18 19 -1 16 -1 10 -1 15 -1 7 -1 8 -1 2 5 -1 13 -1 19 -1 8 16 -1
119 3 8 -1 4 5 -1 5 12 18 19 -1 13 -1 8 19 -1 1 -1 7 -1 13 -1 14 19 -1 3 18 19 -1 13 -1 18 19 -1 3 -1 2 8 -1 7 -1
120 16 -1 19 -1 16 -1 1 -1 0 -1 3 12 16 19 -1 19 -1 9 -1 11 19 -1 13 -1 16 18 19 -1 1 11 14 -1 7 -1 4 -1 7 9 19 -1 5 10 -1
121 3 18 19 -1 1 14 18 -1 16 -1 15 17 -1 2 -1 15 -1 10 16 18 -1
122 5 8 -1 5 9 16 19 -1 6 14 -1 18 19 -1 15 -1 16 18 -1 6 10 -1 14 18 19 -1 1 12 -1
123 2 -1 8 14 19 -1 18 19 -1 11 16 -1 17 -1 13 -1 14 -1 16 -1 15 -1 8 -1 16 -1 11 -1 7 -1 16 -1 6 11 12 -1 18 19 -1 11 -1 2 -1 15 16 19 -1 7 14 -1 5 17 -1 2 10 -1 11 17 -1
124 17 19 -1 0 -1
125 14 -1 0 18 19 -1 7 -1 6 10 -1 17 -1 8 -1 9 -1 8 -1 4 -1 3 -1 16 18 19 -1 3 6 -1 7 9 19 -1 2 13 19 -1 10 -1 13 -1 12 17 18 -1
126 14 19 -1 0 3 -1 14 -1 19 -1 17 -1 2 -1 11 -1 17 -1 5 -1 2 10 -1 4 13 16 19 -1 0 -1 16 -1
127 2 -1 1 14 17 -1 5 -1 0 -1 5 -1 5 15 19 -1 5 19 -1 17 -1 7 18 19 -1 0 -1 8 -1 16 18 -1 8 13 14 16 -1 8 17 -1 12 16 19 -1 5 9 -1
128 4 15 -1 13 -1 6 11 14 -1 2 -1 3 15 -1 1 -1
129 13 18 19 -1 18 -1 9 -1 11 -1 0 -1 15 16 -1 2 9 15 18 -1 6 -1 15 17 19 -1 4 19 -1 18 -1 17 18 -1 13 -1 8 12 15 -1 1 -1
130 17 18 19 -1 0 1 5 8 11 -1 10 -1 1 10 -1 17 -1 13 -1 8 17 -1 14 17 -1 14 -1 0 -1 19 -1 17 -1 1 -1 17 18 19 -1 18 -1 19 -1 18 -1 15 -1 13 -1 19 -1 19 -1 1 -1 10 -1 7 12 -1 3 -1
131 9 11 -1 5 -1 18 19 -1 1 -1 11 -1 9 -1 0 5 -1 8 10 16 -1 6 11 18 -1 7 -1 18 19 -1 0 17 19 -1 7 13 15 18 -1 11 -1 12 -1 14 -1 11 -1 0 -1 5 -1 18 19 -1 17 -1 18 -1 4 15 -1 2 -1
132 10 -1 14 17 -1 9 19 -1 7 13 17 18 -1 4 -1 10 -1 18 -1 13 19 -1 6 17 18 -1 14 17 18 -1 14 -1 4 -1 6 13 -1 2 18 19 -1
133 7 -1 3 9 13 16 -1 18 -1 4 -1 7 17 -1 17 18 19 -1 18 -1 16 -1 0 19 -1 16 19 -1 0 8 -1 19 -1 11 -1 12 -1 18 19 -1 14 -1 17 19 -1 7 10 17 18 19 -1 2 -1
134 6 17 -1 12 -1 2 7 19 -1 5 -1 7 -1 19 -1 9 13 -1 9 16 -1 5 -1 6 17 18 -1 15 -1 17 -1 4 -1 4 15 -1 4 13 15 -1 18 19 -1 9 14 -1 12 -1 14 -1 10 18 19 -1 7 14 18 -1
135 4 19 -1 16 18 -1 14 16 -1 12 13 -1 8 17 19 -1 3 14 -1 6 8 -1 17 -1 17 -1
136 8 11 13 -1 3 -1 6 -1 13 18 -1 16 17 19 -1 19 -1 10 11 19 -1 3 19 -1
137 15 18 -1 9 13 15 -1 15 -1 18 -1 12 -1 14 -1 12 15 17 -1 1 -1
138 14 -1 12 16 19 -1 19 -1 18 -1 5 -1 6 19 -1 15 18 19 -1 14 16 17 -1 12 18 -1 0 5 -1 5 -1 6 -1 15 -1 2 -1 10 -1 19 -1 0 10 -1 2 -1 6 9 19 -1 9 -1 13 14 -1 8 -1 18 -1 12 -1 0 -1
139 7 -1 18 -1 5 10 12 -1 3 -1 6 11 -1 5 19 -1 7 -1 19 -1 18 -1 17 -1 19 -1 5 8 13 16 -1 7 -1 13 -1 17 18 -1 11 -1 0 12 14 -1 6 14 -1 12 -1 7 -1 9 12 14 16 18 19 -1 8 -1
140 17 -1 16 -1 19 -1 17 -1 18 -1 11 14 18 -1 11 -1 2 -1 13 14 15 18 19 -1 4 17 -1 1 12 -1 15 17 19 -1 6 12 -1 10 15 16 19 -1 2 7 17 -1 2 -1 14 -1 16 -1
141 13 15 -1 14 -1 6 7 16 17 -1 1 -1 17 18 -1 18 -1 3 -1 7 -1 6 -1 12 -1
142 16 18 -1 1 9 -1 0 4 -1 11 -1 0 19 -1 0 -1 5 -1 9 16 -1
143 9 11 -1 15 -1 8 16 -1 8 12 15 -1 16 -1 14 -1 3 -1 7 -1 14 -1 10 15 -1 0 8 -1 12 -1 15 -1 11 -1 1 11 -1 4 -1 3 13 19 -1 10 18 -1 9 11 19 -1 2 -1 10 16 -1 6 -1
144 14 17 -1 9 -1 12 16 19 -1 1 -1 14 18 19 -1 18 -1 0 15 17 18 19 -1 16 -1 4 15 -1 3 -1 12 -1 18 -1 11 -1 17 -1 1 -1 8 -1 6 17 18 -1 5 12 13 -1 5 -1 9 19 -1 7 12 -1 7 19 -1 3 -1
145 14 19 -1 10 -1 6 15 18 -1 6 11 18 -1 2 19 -1 19 -1 9 14 19 -1 3 -1 2 -1 14 -1 15 -1 5 -1 7 9 10 17 18 -1 1 -1 18 -1 16 17 -1 7 17 -1 18 -1 2 8 15 16 -1 18 -1 11 -1
146 2 17 18 -1 3 -1 8 -1 10 -1 4 6 -1 2 17 -1 12 19 -1 17 -1 15 -1 2 -1 6 -1 14 -1 15 -1 3 16 -1 1 -1 11 -1 6 15 18 19 -1 8 18 -1 0 -1 11 -1
147 8 -1 19 -1 16 17 18 19 -1 3 6 -1 7 19 -1 17 18 19 -1 9 13 17 -1 12 -1 9 -1 0 -1 19 -1 4 17 -1 4 -1 4 -1 0 7 -1 5 14 18 -1 7 -1 7 -1
148 9 14 17 18 19 -1 0 17 18 19 -1 2 13 14 15 17 19 -1 11 -1 4 -1 18 19 -1 4 -1 12 14 -1
149 5 8 18 -1 16 19 -1 0 -1 6 12 -1 2 11 17 -1
150 13 16 18 19 -1 9 -1 1 -1 12 -1 12 19 -1 17 -1 6 -1 0 -1 15 -1 0 -1 17 -1 11 -1 13 15 -1 9 -1 14 -1 18 19 -1 3 -1 17 19 -1 3 -1 18 19 -1 16 17 -1
151 16 19 -1 2 4 -1 1 -1 3 -1 14 -1 2 -1 11 -1 6 -1 4 19 -1 15 -1 1 2 -1 11 -1 16 18 19 -1 7 8 -1 3 -1 17 18 19 -1
152 0 -1 18 19 -1
153 4 -1 17 -1 15 -1 13 15 -1 4 -1 0 17 19 -1 19 -1 17 -1 14 -1 5 -1 2 13 18 -1 15 16 -1 16 -1 16 -1
154 7 13 -1 7 -1 10 -1 1 -1 7 -1 17 -1 2 7 -1 3 -1 1 8 -1 17 -1 14 19 -1 15 19 -1 17 -1 16 -1
155 14 -1 4 16 -1 16 -1 12 15 -1 3 10 -1 9 19 -1 7 14 15 17 -1 1 -1 15 -1 10 14 18 19 -1 4 7 -1 18 -1 12 -1 2 9 19 -1 1 -1 18 -1 4 -1
156 10 -1 16 -1 10 18 19 -1 9 -1 1 -1 16 17 -1 7 9 -1 19 -1 15 -1 5 17 18 19 -1 3 -1 5 -1 0 6 11 15 18 19 -1 6 -1 0 6 18 -1 4 -1
157 6 12 16 18 -1 7 9 15 17 19 -1 2 7 -1 8 14 -1 9 -1 6 -1 7 -1 10 13 18 19 -1 19 -1 7 19 -1 6 17 -1 15 17 19 -1 10 13 18 -1
158 0 10 -1 2 -1 19 -1 19 -1 6 10 17 -1 4 19 -1 19 -1 7 -1 17 18 19 -1 12 -1 17 18 -1 3 -1 12 -1 1 6 18 -1 15 -1 12 14 -1 19 -1 9 -1 18 -1 18 19 -1 16 -1 6 9 -1
159 9 14 19 -1 16 -1 6 16 -1 15 19 -1 16 -1 8 11 13 -1 10 -1 4 -1 10 14 19 -1 0 19 -1 3 12 -1 15 -1 9 -1 9 16 17 19 -1 13 18 -1 9 -1 7 -1 16 -1
160 17 19 -1 3 -1 13 16 -1 4 -1 7 -1 5 -1 14 -1 7 -1 7 18 -1
161 7 8 -1 9 -1 6 -1 11 -1 18 -1 6 8 9 -1 2 -1 5 -1 18 -1 18 -1 17 -1 6 18 -1
162 2 -1 14 -1 12 -1 11 -1 7 -1 10 -1 12 15 -1 17 -1 13 16 -1 9 -1 4 16 19 -1 8 -1 16 -1
163 15 18 -1 17 -1 19 -1 0 13 -1 18 -1 14 -1 6 -1 19 -1 8 -1 1 -1 7 19 -1 19 -1 10 13 17 18 -1 12 13 -1 19 -1 5 14 16 -1 2 6 -1 16 18 19 -1 2 -1 11 -1 17 18 19 -1 17 -1 3 -1 19 -1
164 19 -1 0 -1 12 -1 14 -1 11 19 -1 9 -1 5 -1
165 10 14 -1 1 6 18 19 -1 19 -1 6 10 14 -1 0 9 10 -1 0 -1 19 -1 0 -1 7 -1 8 -1 12 -1 14 16 -1 8 -1 14 15 -1 13 18 19 -1 10 16 19 -1 12 -1 18 19 -1 7 -1 18 -1 6 16 -1 16 -1
166 8 9 -1 11 19 -1 14 -1 1 -1 14 -1 2 -1 5 -1 0 -1 18 19 -1 17 -1 6 -1 2 -1 12 -1 12 16 -1 19 -1 3 7 8 -1 15 -1 7 -1 10 14 -1 17 18 -1 5 16 -1 13 16 17 18 -1 10 12 -1 2 -1 16 -1
167 1 8 15 -1 17 -1 6 -1 5 19 -1 2 -1 1 -1 7 -1 15 16 -1 7 -1 3 -1 16 -1 13 -1 2 10 11 -1 19 -1 9 -1 9 19 -1 19 -1 2 -1 13 -1 17 -1 19 -1 3 11 -1 6 15 -1
168 7 -1 12 -1 9 11 -1 5 16 18 19 -1 8 -1 4 -1 16 -1 13 18 19 -1 1 19 -1 12 -1 18 19 -1
169 4 -1 10 18 19 -1 16 -1 8 -1 0 12 18 19 -1 16 18 19 -1 3 -1 8 -1 10 -1 11 -1 11 15 -1 10 15 -1 19 -1 4 9 11 19 -1 6 7 14 -1
170 16 18 19 -1 2 -1 4 10 18 19 -1 13 -1 5 -1
171 3 5 14 18 19 -1 17 -1 12 -1 4 -1 16 17 19 -1 16 18 -1 7 13 -1 17 18 -1 19 -1 7 -1 10 12 -1 8 -1 5 6 8 -1 1 -1 10 -1
172 16 18 -1 19 -1 12 15 16 19 -1
173 12 -1 3 15 18 -1 6 -1
174 5 -1 17 18 19 -1 3 -1 9 -1
175 14 19 -1 3 -1 13 16 -1 5 -1 4 18 19 -1 19 -1 17 19 -1 19 -1 14 -1 19 -1 7 16 19 -1 19 -1
176 19 -1 9 -1 1 19 -1 1 13 -1 4 8 18 19 -1 16 17 19 -1 18 -1 17 -1 19 -1 14 15 16 18 19 -1 18 -1 2 11 16 -1
177 12 -1 0 -1 19 -1 5 -1 4 -1 4 18 -1 7 16 19 -1 18 19 -1 18 19 -1 19 -1 1 4 10 -1 2 11 -1 11 18 -1 11 17 -1 14 16 19 -1 5 -1 14 15 19 -1
178 18 19 -1 15 -1 17 -1 7 19 -1 0 14 -1 6 -1 6 9 -1 7 14 16 19 -1 6 -1 3 -1 4 -1 10 -1 3 -1 19 -1 2 -1 3 8 11 15 -1 6 -1
179 15 17 19 -1 14 18 19 -1 5 -1 5 11 19 -1 3 -1 9 -1 4 5 15 19 -1 10 -1 3 -1 12 15 18 -1 18 19 -1 6 -1 8 -1 13 -1 8 10 -1 7 11 13 18 -1 12 -1 13 -1
180 2 -1 8 -1 2 6 7 -1 10 -1 1 -1 13 18 -1 12 -1
181 10 12 -1 11 16 -1 3 -1 17 18 -1
182 11 -1 7 -1 10 14 -1 6 -1 18 -1 13 -1 4 -1 5 -1 15 -1 17 19 -1 4 -1 8 18 -1 19 -1 4 14 -1 4 -1 17 -1 12 18 -1 13 -1 5 15 -1 4 -1 1 3 16 17 -1
183 5 11 19 -1 9 17 18 -1 10 14 -1 18 19 -1 14 -1 12 13 17 18 19 -1 14 -1 4 14 -1 9 14 -1 13 -1 15 18 19 -1 15 -1 0 1 14 -1 2 -1 18 -1 18 19 -1 7 -1
184 4 6 -1 0 19 -1 15 16 -1 10 18 19 -1 7 -1 11 12 18 19 -1 16 -1 1 -1 11 -1 19 -1 7 -1 14 -1 9 -1
185 18 19 -1 5 18 19 -1 10 11 -1 17 18 19 -1 8 15 18 -1 9 11 14 15 -1 7 -1 16 19 -1 2 4 19 -1 16 17 -1 17 -1 0 -1 12 18 19 -1
186 1 15 19 -1 0 14 -1 0 6 -1 0 17 -1 3 13 19 -1 19 -1 15 -1 6 -1 15 16 -1 11 -1 10 18 -1 9 -1 1 4 10 -1 0 2 18 19 -1 18 -1 13 16 17 -1 6 -1 13 -1 15 19 -1 13 -1
187 8 12 -1 1 14 19 -1 1 -1 16 19 -1 19 -1 11 -1 15 -1 8 -1 14 15 18 19 -1 8 -1 15 17 18 -1 14 17 -1 8 14 -1
188 18 19 -1 9 -1 15 18 -1 10 18 -1 1 -1 11 -1 15 16 -1 11 14 19 -1 3 15 -1
189 9 -1 12 -1 3 -1 5 16 -1 5 14 17 18 -1 7 18 19 -1 1 -1 14 19 -1 11 -1 13 15 18 -1 17 19 -1 14 18 19 -1 6 -1 1 -1 2 9 15 -1 6 7 -1 1 4 -1 15 19 -1 0 2 -1
190 2 16 -1 0 5 -1 16 -1 13 -1 11 -1 0 -1 8 11 -1 17 -1
191 5 -1 6 16 19 -1
192 10 18 19 -1 19 -1
193 18 19 -1 19 -1 2 8 9 13 19 -1 14 16 -1
194 16 -1 1 3 16 -1 10 -1
195 15 16 19 -1 3 11 -1 2 -1 7 12 -1 16 -1 9 12 19 -1 2 -1 6 -1 5 19 -1 13 16 -1 10 -1 0 -1 12 -1 19 -1 19 -1 1 19 -1 8 -1 10 -1 18 -1 8 -1
196 3 -1 4 -1 2 5 10 -1 14 16 17 19 -1 13 14 -1 16 -1 13 17 19 -1 11 -1 2 -1 1 9 -1 13 -1 18 19 -1 12 -1 18 19 -1
197 9 18 -1 8 18 -1 2 -1 15 19 -1 12 -1 4 -1 12 -1 3 -1 11 14 16 19 -1 4 -1 19 -1 3 -1 6 -1 2 -1 6 -1 13 18 -1 10 -1 1 11 -1 15 -1 13 -1 8 -1 18 19 -1 10 -1 4 -1
198 16 -1 9 17 -1 13 19 -1 18 19 -1 6 -1 10 -1
199 7 -1 18 19 -1 7 -1 15 17 -1 19 -1 10 14 -1 5 -1 12 17 -1 15 -1 16 19 -1 3 -1 5 16 18 19 -1 13 15 -1 18 19 -1 7 -1 6 -1 17 -1
200 6 -1 9 12 -1 2 4 9 17 -1 14 -1 4 -1 15 17 18 19 -1 0 13 14 17 19 -1 16 -1 14 -1
201 15 19 -1 1 -1 0 15 16 -1
202 11 -1 0 10 12 -1 18 -1 18 19 -1 1 12 -1 16 19 -1 16 -1 5 9 -1 18 -1 7 -1 18 19 -1 4 -1
203 13 15 -1
204 3 12 15 -1 5 17 19 -1
205 17 -1 2 4 8 -1 13 -1 2 -1 7 10 -1 0 -1 12 19 -1 8 11 -1 11 -1 8 9 -1 15 -1 17 19 -1 17 19 -1 11 -1 0 15 17 -1 5 7 -1 16 -1 16 -1 3 19 -1 5 6 17 -1 9 -1 1 -1 15 16 -1
206 12 -1 3 4 -1 8 -1 14 -1 19 -1 15 -1 8 -1 19 -1 5 7 -1 6 14 -1 19 -1 15 16 18 19 -1 17 -1 17 19 -1 18 19 -1 9 -1 14 -1 17 -1 15 18 -1 10 -1 15 18 -1 1 4 5 11 -1 3 -1 2 -1
207 8 13 -1 9 -1 19 -1 17 -1 1 -1 16 17 19 -1 5 10 16 -1 5 7 11 -1 16 -1 16 17 18 19 -1 14 19 -1 5 -1 17 -1 16 -1
208 11 13 -1 10 18 -1 10 11 15 19 -1 8 -1 12 14 -1 17 -1 6 8 12 14 15 17 19 -1 6 -1 18 -1 8 16 -1 8 -1 4 11 19 -1 10 11 -1 10 15 -1
209 8 12 -1 10 13 19 -1 15 19 -1 17 -1 6 10 -1 10 -1 14 -1 18 19 -1 9 13 -1 8 -1 13 -1
210 1 -1
211 19 -1 1 -1 0 13 -1 1 -1 0 -1 10 11 15 -1 9 13 -1
212 11 13 -1 11 -1 1 5 -1 2 13 -1 4 -1 11 17 18 19 -1 18 -1 2 17 -1 2 -1 14 18 19 -1 10 12 13 17 -1 8 -1 8 16 -1 16 -1 9 -1 16 -1 2 -1 15 17 18 19 -1
213 7 -1 10 -1 4 12 -1 16 -1 6 -1 12 -1 8 15 -1 1 9 17 18 -1 7 -1 6 11 -1 0 18 -1 8 -1 3 9 -1 7 -1 1 14 -1
214 0 1 5 -1 15 16 -1 1 4 6 -1 11 18 19 -1 2 -1 13 14 -1 15 18 -1 4 19 -1 7 -1 7 9 -1 17 19 -1 13 18 19 -1 8 15 -1 6 19 -1 7 12 17 -1 1 12 19 -1
215 0 -1 1 19 -1 19 -1 16 -1 3 15 -1 14 -1 5 -1 7 10 13 -1 6 16 18 19 -1 7 10 -1 3 -1 14 15 19 -1 8 -1
216 10 -1
217 1 -1 9 -1 3 -1 12 16 -1 8 14 -1 2 9 11 -1 0 12 18 -1 9 -1 15 16 -1 19 -1 12 18 19 -1 12 -1 19 -1 7 -1 7 -1 14 -1 18 -1 15 -1 9 -1 17 -1 10 -1 5 17 18 -1 17 18 19 -1 0 -1
218 17 -1 13 19 -1 14 15 -1 19 -1 10 -1 8 -1 1 12 -1 2 -1 18 19 -1 19 -1 1 4 -1 5 -1 2 -1 7 -1 10 -1
219 2 -1 17 19 -1 12 -1 6 16 19 -1 4 13 19 -1 18 -1 19 -1 2 -1 1 -1 5 -1 12 -1 3 17 18 19 -1 7 -1 4 17 -1 17 -1 18 19 -1 17 -1 16 -1 18 -1
220 11 -1 18 19 -1 14 19 -1 16 -1 12 18 19 -1 19 -1 8 10 -1 4 -1 11 15 -1 3 6 7 -1 14 19 -1 12 -1 19 -1 7 13 18 -1 18 19 -1 18 -1 16 -1 10 -1
221 11 -1 5 -1 10 12 -1 3 13 16 18 -1 17 -1 19 -1 19 -1 10 15 -1 1 19 -1 7 14 16 19 -1 3 8 -1
222 16 17 18 -1 17 19 -1 19 -1 9 11 17 19 -1 18 19 -1 15 -1 17 18 -1 4 18 -1 4 -1
223 3 -1 10 13 17 18 -1 19 -1 4 12 -1 1 -1 16 -1 14 -1 15 -1 8 -1 9 11 -1 11 -1 16 19 -1 19 -1
224 16 -1 3 -1 2 19 -1 8 18 19 -1 13 -1 0 10 -1 5 13 -1 18 -1 4 18 -1 5 -1
225 11 -1 15 -1 12 18 19 -1 14 -1 4 7 10 -1 2 15 19 -1 6 -1 1 19 -1 16 18 -1 10 -1 8 -1 4 -1 13 -1 13 -1 17 -1 11 -1 15 16 -1 9 -1 4 -1 10 -1 11 14 18 -1 6 -1 18 19 -1
226 14 -1 13 -1 14 16 -1 19 -1 4 -1 11 -1 8 17 -1 3 10 12 -1 4 16 18 19 -1 19 -1 5 -1 5 -1 9 -1 10 16 -1 18 -1 10 -1 1 18 19 -1 1 19 -1 9 16 -1 17 -1 9 -1 0 12 -1 2 -1 9 -1 18 -1
227 16 17 -1 16 -1 8 -1 18 -1 6 9 18 19 -1 2 12 14 -1 6 -1 3 -1 8 14 -1
228 4 14 -1 19 -1 8 17 18 -1 16 18 19 -1 15 18 19 -1 15 -1 0 -1 17 -1 6 -1 16 -1 8 -1 16 -1 16 19 -1
