[[14]]
99
[[14], [3]]
44
[[14], [4]]
38
[[14], [9]]
39
[[14], [10]]
49
[[14], [11]]
45
[[14], [14]]
59
[[14], [14], [19]]
40
[[14], [15]]
66
[[14], [15], [19]]
44
[[14], [15], [18]]
37
[[14], [15], [16]]
35
[[14], [15], [17]]
35
[[14], [18]]
66
[[14], [18], [18]]
46
[[14], [18], [19]]
47
[[14], [18], [19], [19]]
36
[[14], [18], [12]]
38
[[14], [18], [17]]
39
[[14], [18], [14]]
38
[[14], [18], [16]]
37
[[14], [18], [13]]
36
[[14], [18], [15]]
38
[[14], [18, 19]]
52
[[14], [18, 19], [18]]
36
[[14], [19]]
80
[[14], [19], [18]]
52
[[14], [19], [18], [19]]
36
[[14], [19], [18, 19]]
36
[[14], [19], [12]]
41
[[14], [19], [16]]
44
[[14], [19], [19]]
59
[[14], [19], [19], [19]]
43
[[14], [19], [19], [17]]
38
[[14], [19], [19], [18]]
35
[[14], [19], [17]]
49
[[14], [19], [17], [19]]
37
[[14], [19], [14]]
43
[[14], [19], [11]]
35
[[14], [19], [13]]
42
[[14], [19], [8]]
37
[[14], [19], [15]]
45
[[14], [19], [10]]
35
[[14], [5]]
45
[[14], [7]]
48
[[14], [7], [19]]
40
[[14], [12]]
63
[[14], [12], [19]]
45
[[14], [12], [18]]
38
[[14], [13]]
62
[[14], [13], [19]]
47
[[14], [13], [14]]
35
[[14], [16]]
57
[[14], [16], [19]]
39
[[14], [17]]
65
[[14], [17], [19]]
51
[[14], [17], [13]]
40
[[14], [17], [15]]
39
[[14], [17], [18]]
39
[[14], [17], [17]]
38
[[14], [17, 19]]
35
[[14], [0]]
39
[[14], [6]]
47
[[14], [8]]
49
[[14], [2]]
41
[[14, 19]]
35
[[12]]
95
[[12], [5]]
41
[[12], [14]]
56
[[12], [18]]
64
[[12], [18], [18]]
38
[[12], [18], [19]]
42
[[12], [18], [15]]
36
[[12], [18], [17]]
36
[[12], [18, 19]]
45
[[12], [19]]
70
[[12], [19], [18]]
42
[[12], [19], [19]]
46
[[12], [19], [14]]
42
[[12], [19], [17]]
46
[[12], [19], [15]]
41
[[12], [19], [16]]
39
[[12], [19], [12]]
35
[[12], [19], [13]]
35
[[12], [7]]
38
[[12], [8]]
44
[[12], [9]]
39
[[12], [13]]
51
[[12], [13], [19]]
38
[[12], [15]]
56
[[12], [17]]
57
[[12], [17], [19]]
43
[[12], [17], [17]]
35
[[12], [17], [14]]
35
[[12], [12]]
44
[[12], [16]]
49
[[12], [10]]
38
[[12], [11]]
37
[[12], [6]]
37
[[12], [3]]
37
[[12], [0]]
35
[[19]]
127
[[19], [0]]
58
[[19], [0], [19]]
43
[[19], [0], [18]]
36
[[19], [0], [14]]
35
[[19], [1]]
49
[[19], [2]]
53
[[19], [2], [19]]
36
[[19], [3]]
59
[[19], [3], [19]]
37
[[19], [4]]
51
[[19], [4], [19]]
36
[[19], [5]]
66
[[19], [5], [19]]
39
[[19], [5], [18]]
36
[[19], [6]]
64
[[19], [6], [19]]
45
[[19], [6], [13]]
37
[[19], [6], [18]]
39
[[19], [6], [17]]
37
[[19], [7]]
66
[[19], [7], [17]]
41
[[19], [7], [18]]
43
[[19], [7], [19]]
53
[[19], [7], [14]]
38
[[19], [7], [15]]
36
[[19], [7], [16]]
35
[[19], [8]]
69
[[19], [8], [18]]
43
[[19], [8], [11]]
36
[[19], [8], [17]]
38
[[19], [8], [19]]
50
[[19], [8], [16]]
37
[[19], [8], [14]]
37
[[19], [9]]
57
[[19], [9], [19]]
42
[[19], [9], [18]]
35
[[19], [9], [14]]
35
[[19], [10]]
66
[[19], [10], [19]]
45
[[19], [10], [18]]
38
[[19], [10], [14]]
37
[[19], [10], [17]]
35
[[19], [11]]
67
[[19], [11], [18]]
43
[[19], [11], [19]]
53
[[19], [11], [17]]
42
[[19], [11], [13]]
41
[[19], [11], [14]]
37
[[19], [11], [15]]
36
[[19], [11], [16]]
40
[[19], [12]]
79
[[19], [12], [18]]
46
[[19], [12], [19]]
52
[[19], [12], [17]]
41
[[19], [12], [14]]
41
[[19], [12], [15]]
39
[[19], [12], [13]]
35
[[19], [13]]
84
[[19], [13], [11]]
36
[[19], [13], [13]]
42
[[19], [13], [14]]
49
[[19], [13], [15]]
49
[[19], [13], [17]]
56
[[19], [13], [17], [19]]
38
[[19], [13], [18]]
51
[[19], [13], [18, 19]]
35
[[19], [13], [19]]
66
[[19], [13], [19], [19]]
41
[[19], [13], [19], [17]]
35
[[19], [13], [16]]
43
[[19], [13], [7]]
35
[[19], [13], [8]]
37
[[19], [13], [10]]
37
[[19], [13], [12]]
39
[[19], [14]]
83
[[19], [14], [14]]
47
[[19], [14], [18]]
50
[[19], [14], [18, 19]]
37
[[19], [14], [19]]
63
[[19], [14], [19], [19]]
37
[[19], [14], [19], [18]]
35
[[19], [14], [13]]
49
[[19], [14], [13], [19]]
36
[[19], [14], [15]]
50
[[19], [14], [17]]
48
[[19], [14], [12]]
48
[[19], [14], [16]]
46
[[19], [14], [8]]
38
[[19], [14], [11]]
36
[[19], [14], [5]]
36
[[19], [14], [6]]
37
[[19], [14], [7]]
35
[[19], [14], [10]]
35
[[19], [15]]
80
[[19], [15], [18]]
45
[[19], [15], [19]]
54
[[19], [15], [17]]
47
[[19], [15], [15]]
43
[[19], [15], [16]]
44
[[19], [15], [13]]
39
[[19], [15], [14]]
38
[[19], [15], [12]]
37
[[19], [16]]
83
[[19], [16], [16]]
48
[[19], [16], [19]]
56
[[19], [16], [18]]
50
[[19], [16], [14]]
47
[[19], [16], [17]]
44
[[19], [16], [13]]
44
[[19], [16], [12]]
42
[[19], [16], [15]]
46
[[19], [16], [5]]
35
[[19], [16, 19]]
35
[[19], [17]]
90
[[19], [17], [4]]
36
[[19], [17], [13]]
56
[[19], [17], [14]]
52
[[19], [17], [15]]
54
[[19], [17], [17]]
60
[[19], [17], [18]]
58
[[19], [17], [18], [19]]
40
[[19], [17], [18], [18]]
35
[[19], [17], [18, 19]]
36
[[19], [17], [19]]
70
[[19], [17], [19], [19]]
38
[[19], [17], [19], [17]]
39
[[19], [17], [19], [18]]
38
[[19], [17], [16]]
47
[[19], [17], [12]]
45
[[19], [17], [7]]
38
[[19], [17], [8]]
40
[[19], [17], [10]]
42
[[19], [17], [0]]
35
[[19], [17], [9]]
35
[[19], [17, 19]]
48
[[19], [17, 19], [19]]
35
[[19], [17, 18]]
35
[[19], [18]]
96
[[19], [18], [0]]
38
[[19], [18], [3]]
42
[[19], [18], [4]]
36
[[19], [18], [6]]
44
[[19], [18], [7]]
43
[[19], [18], [9]]
44
[[19], [18], [10]]
46
[[19], [18], [11]]
40
[[19], [18], [13]]
61
[[19], [18], [13], [19]]
45
[[19], [18], [13], [14]]
35
[[19], [18], [14]]
59
[[19], [18], [14], [19]]
37
[[19], [18], [15]]
57
[[19], [18], [15], [19]]
39
[[19], [18], [16]]
54
[[19], [18], [16], [19]]
36
[[19], [18], [17]]
65
[[19], [18], [17], [19]]
47
[[19], [18], [17], [13]]
39
[[19], [18], [17], [15]]
38
[[19], [18], [17], [18]]
38
[[19], [18], [17], [14]]
35
[[19], [18], [17, 19]]
35
[[19], [18], [18]]
67
[[19], [18], [18], [19]]
48
[[19], [18], [18], [18]]
41
[[19], [18], [18], [14]]
39
[[19], [18], [18], [13]]
35
[[19], [18], [18], [10]]
35
[[19], [18], [18, 19]]
46
[[19], [18], [19]]
76
[[19], [18], [19], [18]]
50
[[19], [18], [19], [19]]
54
[[19], [18], [19], [17]]
44
[[19], [18], [19], [14]]
41
[[19], [18], [19], [13]]
37
[[19], [18], [19], [15]]
38
[[19], [18], [19], [16]]
36
[[19], [18], [12]]
55
[[19], [18], [12], [19]]
38
[[19], [18], [5]]
41
[[19], [18], [8]]
45
[[19], [18], [2]]
35
[[19], [18, 19]]
67
[[19], [18, 19], [18]]
43
[[19], [18, 19], [19]]
48
[[19], [18, 19], [17]]
37
[[19], [18, 19], [13]]
37
[[19], [18, 19], [14]]
39
[[19], [18, 19], [15]]
39
[[19], [18, 19], [10]]
35
[[19], [19]]
109
[[19], [19], [3]]
42
[[19], [19], [4]]
37
[[19], [19], [5]]
47
[[19], [19], [7]]
51
[[19], [19], [7], [19]]
38
[[19], [19], [9]]
46
[[19], [19], [10]]
47
[[19], [19], [11]]
49
[[19], [19], [11], [19]]
37
[[19], [19], [13]]
64
[[19], [19], [13], [19]]
44
[[19], [19], [13], [17]]
38
[[19], [19], [14]]
64
[[19], [19], [14], [19]]
36
[[19], [19], [15]]
63
[[19], [19], [15], [19]]
37
[[19], [19], [16]]
62
[[19], [19], [16], [19]]
36
[[19], [19], [17]]
72
[[19], [19], [17], [19]]
48
[[19], [19], [17], [17]]
45
[[19], [19], [17], [13]]
45
[[19], [19], [17], [18]]
41
[[19], [19], [17], [15]]
42
[[19], [19], [17], [14]]
38
[[19], [19], [18]]
73
[[19], [19], [18], [18]]
44
[[19], [19], [18], [19]]
47
[[19], [19], [18], [17]]
40
[[19], [19], [18], [13]]
38
[[19], [19], [18], [14]]
38
[[19], [19], [18], [15]]
36
[[19], [19], [18, 19]]
50
[[19], [19], [19]]
81
[[19], [19], [19], [18]]
49
[[19], [19], [19], [19]]
58
[[19], [19], [19], [17]]
49
[[19], [19], [19], [13]]
39
[[19], [19], [19], [14]]
40
[[19], [19], [19], [15]]
43
[[19], [19], [19], [16]]
42
[[19], [19], [19], [7]]
37
[[19], [19], [12]]
60
[[19], [19], [12], [19]]
40
[[19], [19], [12], [18]]
36
[[19], [19], [0]]
37
[[19], [19], [2]]
37
[[19], [19], [8]]
49
[[19], [19], [6]]
42
[[16]]
98
[[16], [16]]
60
[[16], [16], [19]]
40
[[16], [16], [14]]
35
[[16], [18]]
64
[[16], [18], [19]]
40
[[16], [18], [18]]
39
[[16], [18], [15]]
35
[[16], [18, 19]]
44
[[16], [19]]
73
[[16], [19], [19]]
51
[[16], [19], [18]]
43
[[16], [19], [17]]
40
[[16], [19], [14]]
42
[[16], [19], [16]]
41
[[16], [19], [15]]
37
[[16], [9]]
41
[[16], [12]]
54
[[16], [12], [19]]
35
[[16], [14]]
58
[[16], [14], [19]]
36
[[16], [5]]
45
[[16], [17]]
59
[[16], [17], [19]]
41
[[16], [17], [17]]
35
[[16], [0]]
37
[[16], [8]]
40
[[16], [13]]
51
[[16], [13], [19]]
35
[[16], [15]]
56
[[16], [11]]
43
[[16], [7]]
40
[[16], [6]]
41
[[16], [10]]
40
[[16], [3]]
35
[[16, 19]]
47
[[16, 19], [19]]
36
[[16, 18]]
37
[[5]]
77
[[5], [14]]
41
[[5], [8]]
38
[[5], [18]]
47
[[5], [18, 19]]
38
[[5], [19]]
56
[[5], [19], [19]]
39
[[5], [19], [18]]
36
[[5], [16]]
45
[[5], [17]]
41
[[5], [13]]
39
[[5], [12]]
37
[[5], [15]]
38
[[5], [5]]
35
[[5], [9]]
35
[[5], [10]]
35
[[4]]
65
[[4], [14]]
42
[[4], [15]]
38
[[4], [16]]
40
[[4], [17]]
36
[[4], [18]]
43
[[4], [19]]
50
[[4], [13]]
36
[[9]]
77
[[9], [9]]
40
[[9], [10]]
38
[[9], [11]]
40
[[9], [13]]
48
[[9], [16]]
45
[[9], [18]]
56
[[9], [18], [19]]
36
[[9], [18], [17]]
36
[[9], [18], [18]]
35
[[9], [18, 19]]
40
[[9], [19]]
61
[[9], [19], [18]]
43
[[9], [19], [19]]
49
[[9], [19], [17]]
42
[[9], [19], [13]]
36
[[9], [19], [14]]
40
[[9], [19], [16]]
37
[[9], [19], [15]]
37
[[9], [5]]
36
[[9], [8]]
40
[[9], [12]]
39
[[9], [14]]
51
[[9], [7]]
35
[[9], [17]]
51
[[9], [17], [19]]
36
[[9], [6]]
38
[[9], [15]]
47
[[6]]
78
[[6], [17]]
52
[[6], [17], [19]]
40
[[6], [19]]
61
[[6], [19], [19]]
45
[[6], [19], [18]]
42
[[6], [7]]
37
[[6], [13]]
48
[[6], [13], [19]]
35
[[6], [16]]
45
[[6], [18]]
54
[[6], [18], [18]]
37
[[6], [18], [19]]
38
[[6], [18, 19]]
39
[[6], [2]]
36
[[6], [12]]
43
[[6], [14]]
47
[[6], [15]]
44
[[6], [9]]
38
[[6], [10]]
35
[[3]]
74
[[3], [13]]
40
[[3], [14]]
38
[[3], [15]]
40
[[3], [18]]
49
[[3], [18, 19]]
35
[[3], [19]]
55
[[3], [19], [19]]
37
[[3], [17]]
41
[[3], [16]]
38
[[1]]
65
[[1], [13]]
39
[[1], [16]]
39
[[1], [18]]
43
[[1], [19]]
50
[[1], [19], [19]]
42
[[1], [17]]
43
[[1], [14]]
39
[[1], [15]]
38
[[1], [12]]
35
[[2]]
74
[[2], [18]]
46
[[2], [19]]
57
[[2], [19], [19]]
37
[[2], [19], [16]]
37
[[2], [13]]
38
[[2], [17]]
49
[[2], [17], [19]]
38
[[2], [14]]
41
[[2], [15]]
41
[[2], [16]]
47
[[2], [12]]
38
[[2], [5]]
35
[[18]]
115
[[18], [0]]
48
[[18], [3]]
51
[[18], [4]]
46
[[18], [6]]
55
[[18], [6], [19]]
36
[[18], [7]]
54
[[18], [7], [19]]
41
[[18], [8]]
57
[[18], [8], [19]]
41
[[18], [9]]
52
[[18], [10]]
57
[[18], [10], [19]]
39
[[18], [11]]
58
[[18], [11], [19]]
45
[[18], [11], [13]]
36
[[18], [11], [14]]
35
[[18], [11], [17]]
36
[[18], [11], [15]]
36
[[18], [11], [18]]
35
[[18], [13]]
71
[[18], [13], [17]]
43
[[18], [13], [19]]
52
[[18], [13], [19], [19]]
37
[[18], [13], [14]]
42
[[18], [13], [15]]
40
[[18], [13], [18]]
41
[[18], [14]]
72
[[18], [14], [19]]
46
[[18], [14], [16]]
40
[[18], [14], [14]]
38
[[18], [14], [15]]
39
[[18], [14], [12]]
37
[[18], [14], [13]]
35
[[18], [14], [17]]
36
[[18], [14], [18]]
38
[[18], [15]]
71
[[18], [15], [17]]
39
[[18], [15], [19]]
48
[[18], [15], [14]]
37
[[18], [15], [16]]
37
[[18], [15], [13]]
36
[[18], [15], [15]]
39
[[18], [15], [18]]
37
[[18], [16]]
72
[[18], [16], [19]]
50
[[18], [16], [16]]
41
[[18], [16], [18]]
42
[[18], [16], [14]]
38
[[18], [16], [15]]
41
[[18], [16], [17]]
36
[[18], [16], [12]]
35
[[18], [16], [13]]
35
[[18], [17]]
77
[[18], [17], [17]]
48
[[18], [17], [19]]
62
[[18], [17], [19], [18]]
36
[[18], [17], [19], [19]]
36
[[18], [17], [15]]
49
[[18], [17], [18]]
50
[[18], [17], [18], [19]]
35
[[18], [17], [13]]
47
[[18], [17], [14]]
46
[[18], [17], [12]]
38
[[18], [17], [16]]
37
[[18], [17], [10]]
36
[[18], [17, 19]]
45
[[18], [18]]
82
[[18], [18], [13]]
51
[[18], [18], [14]]
50
[[18], [18], [15]]
50
[[18], [18], [16]]
50
[[18], [18], [18]]
57
[[18], [18], [18], [19]]
39
[[18], [18], [18], [18]]
36
[[18], [18], [18, 19]]
37
[[18], [18], [19]]
66
[[18], [18], [19], [18]]
47
[[18], [18], [19], [19]]
47
[[18], [18], [19], [14]]
38
[[18], [18], [12]]
45
[[18], [18], [17]]
55
[[18], [18], [17], [19]]
41
[[18], [18], [9]]
36
[[18], [18], [5]]
37
[[18], [18], [10]]
41
[[18], [18], [7]]
36
[[18], [18, 19]]
58
[[18], [18, 19], [19]]
45
[[18], [18, 19], [18]]
38
[[18], [18, 19], [14]]
36
[[18], [18, 19], [15]]
35
[[18], [19]]
89
[[18], [19], [10]]
43
[[18], [19], [11]]
40
[[18], [19], [13]]
51
[[18], [19], [13], [19]]
36
[[18], [19], [15]]
52
[[18], [19], [16]]
52
[[18], [19], [16], [19]]
36
[[18], [19], [18]]
62
[[18], [19], [18], [18]]
41
[[18], [19], [18], [19]]
42
[[18], [19], [18, 19]]
41
[[18], [19], [19]]
72
[[18], [19], [19], [18]]
47
[[18], [19], [19], [19]]
51
[[18], [19], [19], [19], [19]]
37
[[18], [19], [19], [17]]
42
[[18], [19], [19], [14]]
39
[[18], [19], [19], [15]]
39
[[18], [19], [19], [13]]
37
[[18], [19], [19], [16]]
35
[[18], [19], [7]]
42
[[18], [19], [12]]
48
[[18], [19], [14]]
52
[[18], [19], [17]]
59
[[18], [19], [17], [19]]
44
[[18], [19], [17], [17]]
36
[[18], [19], [17], [18]]
37
[[18], [19], [17], [15]]
35
[[18], [19], [8]]
39
[[18], [19], [5]]
41
[[18], [19], [9]]
36
[[18], [19], [3]]
39
[[18], [1]]
43
[[18], [5]]
55
[[18], [12]]
70
[[18], [12], [18]]
41
[[18], [12], [19]]
47
[[18], [12], [17]]
37
[[18], [12], [14]]
38
[[18], [2]]
44
[[18, 19]]
86
[[18, 19], [7]]
38
[[18, 19], [10]]
44
[[18, 19], [13]]
48
[[18, 19], [14]]
54
[[18, 19], [16]]
49
[[18, 19], [17]]
49
[[18, 19], [17], [19]]
36
[[18, 19], [18]]
57
[[18, 19], [18], [19]]
44
[[18, 19], [18], [13]]
36
[[18, 19], [18], [14]]
35
[[18, 19], [18], [18]]
38
[[18, 19], [18], [15]]
35
[[18, 19], [18, 19]]
38
[[18, 19], [19]]
60
[[18, 19], [19], [18]]
42
[[18, 19], [19], [19]]
45
[[18, 19], [19], [15]]
35
[[18, 19], [19], [13]]
35
[[18, 19], [5]]
42
[[18, 19], [12]]
49
[[18, 19], [15]]
52
[[18, 19], [9]]
36
[[18, 19], [6]]
41
[[18, 19], [3]]
36
[[18, 19], [8]]
36
[[7]]
80
[[7], [10]]
38
[[7], [17]]
52
[[7], [17], [19]]
39
[[7], [18]]
56
[[7], [18], [17]]
35
[[7], [18], [19]]
36
[[7], [18, 19]]
43
[[7], [19]]
67
[[7], [19], [19]]
44
[[7], [19], [17]]
42
[[7], [19], [16]]
39
[[7], [19], [15]]
38
[[7], [19], [18]]
37
[[7], [9]]
38
[[7], [13]]
48
[[7], [14]]
50
[[7], [15]]
48
[[7], [16]]
46
[[7], [12]]
38
[[7], [5]]
36
[[8]]
84
[[8], [10]]
43
[[8], [11]]
44
[[8], [13]]
48
[[8], [13], [19]]
35
[[8], [14]]
44
[[8], [16]]
52
[[8], [18]]
63
[[8], [18], [18]]
39
[[8], [18], [19]]
46
[[8], [18], [17]]
36
[[8], [18], [16]]
40
[[8], [18], [14]]
35
[[8], [18, 19]]
47
[[8], [19]]
68
[[8], [19], [18]]
44
[[8], [19], [19]]
52
[[8], [19], [19], [19]]
35
[[8], [19], [17]]
40
[[8], [19], [16]]
40
[[8], [19], [14]]
36
[[8], [3]]
39
[[8], [7]]
39
[[8], [8]]
41
[[8], [12]]
43
[[8], [17]]
55
[[8], [17], [19]]
40
[[8], [15]]
44
[[8], [6]]
36
[[11]]
83
[[11], [7]]
41
[[11], [11]]
51
[[11], [13]]
58
[[11], [13], [19]]
43
[[11], [15]]
53
[[11], [17]]
58
[[11], [17], [19]]
44
[[11], [17], [13]]
38
[[11], [17], [17]]
36
[[11], [18]]
57
[[11], [18], [19]]
42
[[11], [18], [18]]
35
[[11], [18, 19]]
38
[[11], [19]]
66
[[11], [19], [19]]
44
[[11], [19], [18]]
38
[[11], [19], [17]]
36
[[11], [14]]
52
[[11], [2]]
39
[[11], [16]]
50
[[11], [12]]
39
[[11], [8]]
38
[[11], [5]]
36
[[11], [10]]
36
[[11], [0]]
35
[[11], [3]]
35
[[15]]
97
[[15], [3]]
39
[[15], [7]]
41
[[15], [10]]
43
[[15], [11]]
45
[[15], [13]]
58
[[15], [13], [19]]
43
[[15], [16]]
58
[[15], [17]]
64
[[15], [17], [19]]
46
[[15], [17], [18]]
38
[[15], [17], [13]]
38
[[15], [17], [15]]
39
[[15], [18]]
67
[[15], [18], [18]]
44
[[15], [18], [19]]
50
[[15], [18], [13]]
38
[[15], [18], [17]]
40
[[15], [18], [14]]
39
[[15], [18], [16]]
38
[[15], [18], [12]]
35
[[15], [18, 19]]
44
[[15], [19]]
75
[[15], [19], [16]]
46
[[15], [19], [18]]
48
[[15], [19], [13]]
39
[[15], [19], [14]]
42
[[15], [19], [19]]
52
[[15], [19], [17]]
44
[[15], [19], [12]]
39
[[15], [19], [15]]
41
[[15], [5]]
40
[[15], [14]]
56
[[15], [14], [19]]
35
[[15], [15]]
62
[[15], [8]]
41
[[15], [12]]
50
[[15], [6]]
40
[[15, 19]]
39
[[13]]
103
[[13], [2]]
36
[[13], [3]]
43
[[13], [4]]
36
[[13], [5]]
42
[[13], [9]]
43
[[13], [10]]
47
[[13], [11]]
51
[[13], [11], [19]]
36
[[13], [13]]
53
[[13], [13], [19]]
36
[[13], [14]]
61
[[13], [14], [19]]
37
[[13], [15]]
61
[[13], [15], [19]]
41
[[13], [17]]
65
[[13], [17], [19]]
48
[[13], [17], [14]]
38
[[13], [17], [18]]
35
[[13], [18]]
69
[[13], [18], [18]]
44
[[13], [18], [19]]
47
[[13], [18], [14]]
39
[[13], [18], [16]]
38
[[13], [18], [15]]
38
[[13], [18, 19]]
47
[[13], [19]]
80
[[13], [19], [17]]
39
[[13], [19], [18]]
45
[[13], [19], [19]]
54
[[13], [19], [14]]
43
[[13], [19], [8]]
35
[[13], [19], [16]]
40
[[13], [19], [15]]
38
[[13], [8]]
48
[[13], [7]]
44
[[13], [16]]
56
[[13], [0]]
43
[[13], [12]]
46
[[13], [6]]
41
[[10]]
78
[[10], [16]]
42
[[10], [18]]
53
[[10], [18], [18]]
35
[[10], [18], [19]]
36
[[10], [18, 19]]
36
[[10], [8]]
40
[[10], [12]]
40
[[10], [13]]
46
[[10], [15]]
42
[[10], [17]]
47
[[10], [19]]
59
[[10], [19], [19]]
39
[[10], [9]]
36
[[10], [11]]
37
[[10], [5]]
35
[[10], [14]]
44
[[10], [3]]
35
[[0]]
69
[[0], [18]]
46
[[0], [19]]
54
[[0], [19], [19]]
40
[[0], [8]]
37
[[0], [13]]
43
[[0], [14]]
43
[[0], [12]]
38
[[0], [17]]
40
[[0], [16]]
37
[[0], [15]]
36
[[17]]
110
[[17], [3]]
44
[[17], [4]]
47
[[17], [4], [19]]
36
[[17], [7]]
53
[[17], [7], [19]]
40
[[17], [9]]
47
[[17], [10]]
57
[[17], [11]]
56
[[17], [11], [17]]
37
[[17], [11], [19]]
42
[[17], [11], [14]]
36
[[17], [13]]
72
[[17], [13], [18]]
43
[[17], [13], [19]]
49
[[17], [13], [17]]
41
[[17], [13], [14]]
42
[[17], [13], [15]]
40
[[17], [13], [16]]
35
[[17], [14]]
69
[[17], [14], [19]]
46
[[17], [14], [14]]
40
[[17], [14], [17]]
38
[[17], [14], [13]]
36
[[17], [14], [16]]
38
[[17], [14], [18]]
42
[[17], [14], [15]]
38
[[17], [15]]
70
[[17], [15], [18]]
40
[[17], [15], [19]]
48
[[17], [15], [17]]
41
[[17], [15], [14]]
37
[[17], [15], [13]]
37
[[17], [15], [16]]
35
[[17], [16]]
64
[[17], [16], [19]]
39
[[17], [16], [16]]
35
[[17], [17]]
74
[[17], [17], [18]]
44
[[17], [17], [18, 19]]
35
[[17], [17], [19]]
55
[[17], [17], [17]]
46
[[17], [17], [13]]
38
[[17], [17], [14]]
40
[[17], [17], [10]]
36
[[17], [17], [15]]
35
[[17], [17, 19]]
40
[[17], [18]]
75
[[17], [18], [18]]
51
[[17], [18], [18], [19]]
38
[[17], [18], [18, 19]]
38
[[17], [18], [13]]
40
[[17], [18], [19]]
57
[[17], [18], [19], [18]]
40
[[17], [18], [19], [19]]
43
[[17], [18], [17]]
44
[[17], [18], [12]]
39
[[17], [18], [10]]
40
[[17], [18], [14]]
43
[[17], [18], [15]]
42
[[17], [18], [16]]
39
[[17], [18], [7]]
37
[[17], [18, 19]]
54
[[17], [18, 19], [19]]
36
[[17], [19]]
91
[[17], [19], [10]]
44
[[17], [19], [11]]
40
[[17], [19], [17]]
56
[[17], [19], [17], [19]]
37
[[17], [19], [18]]
58
[[17], [19], [18], [19]]
42
[[17], [19], [18], [18]]
35
[[17], [19], [18, 19]]
41
[[17], [19], [5]]
41
[[17], [19], [7]]
44
[[17], [19], [13]]
45
[[17], [19], [14]]
48
[[17], [19], [19]]
65
[[17], [19], [19], [19]]
43
[[17], [19], [19], [17]]
37
[[17], [19], [19], [18]]
36
[[17], [19], [8]]
39
[[17], [19], [15]]
47
[[17], [19], [16]]
49
[[17], [19], [12]]
40
[[17], [19], [3]]
35
[[17], [0]]
50
[[17], [0], [19]]
35
[[17], [1]]
37
[[17], [2]]
43
[[17], [5]]
54
[[17], [5], [19]]
35
[[17], [12]]
60
[[17], [12], [19]]
40
[[17], [12], [18]]
36
[[17], [8]]
53
[[17], [8], [19]]
40
[[17], [8], [18]]
35
[[17], [6]]
48
[[17, 18]]
47
[[17, 18], [19]]
36
[[17, 19]]
63
[[17, 19], [15]]
40
[[17, 19], [19]]
48
[[17, 19], [17]]
36
[[17, 19], [18]]
37
[[17, 19], [13]]
35
[[17, 19], [14]]
35
