[[14]]
77
[[14], [10]]
34
[[14], [11]]
38
[[14], [14]]
44
[[14], [15]]
46
[[14], [18]]
48
[[14], [18], [18]]
35
[[14], [18], [19]]
35
[[14], [18, 19]]
40
[[14], [19]]
63
[[14], [19], [18]]
38
[[14], [19], [19]]
45
[[14], [19], [19], [19]]
36
[[14], [19], [17]]
36
[[14], [7]]
38
[[14], [7], [19]]
34
[[14], [12]]
48
[[14], [12], [19]]
35
[[14], [13]]
48
[[14], [13], [19]]
36
[[14], [16]]
41
[[14], [6]]
35
[[14], [8]]
39
[[14], [17]]
51
[[14], [17], [19]]
40
[[14], [5]]
36
[[14], [9]]
34
[[12]]
79
[[12], [19]]
58
[[12], [19], [19]]
37
[[12], [19], [17]]
35
[[12], [14]]
45
[[12], [15]]
44
[[12], [18]]
50
[[12], [18, 19]]
34
[[12], [8]]
37
[[12], [13]]
40
[[12], [17]]
46
[[12], [17], [19]]
37
[[12], [12]]
38
[[12], [16]]
37
[[12], [5]]
34
[[19]]
105
[[19], [0]]
48
[[19], [1]]
41
[[19], [2]]
45
[[19], [3]]
45
[[19], [4]]
44
[[19], [5]]
52
[[19], [6]]
47
[[19], [7]]
54
[[19], [7], [19]]
43
[[19], [8]]
57
[[19], [8], [19]]
40
[[19], [9]]
48
[[19], [9], [19]]
34
[[19], [10]]
48
[[19], [11]]
56
[[19], [11], [19]]
43
[[19], [11], [17]]
35
[[19], [12]]
64
[[19], [12], [19]]
40
[[19], [12], [17]]
34
[[19], [13]]
66
[[19], [13], [17]]
44
[[19], [13], [18]]
36
[[19], [13], [19]]
50
[[19], [13], [13]]
34
[[19], [13], [14]]
34
[[19], [13], [15]]
36
[[19], [14]]
64
[[19], [14], [18]]
34
[[19], [14], [19]]
48
[[19], [14], [13]]
36
[[19], [14], [17]]
39
[[19], [14], [12]]
34
[[19], [14], [15]]
35
[[19], [15]]
63
[[19], [15], [19]]
41
[[19], [15], [17]]
38
[[19], [16]]
62
[[19], [16], [19]]
39
[[19], [16], [14]]
34
[[19], [17]]
76
[[19], [17], [13]]
40
[[19], [17], [17]]
47
[[19], [17], [19]]
57
[[19], [17], [18]]
44
[[19], [17], [15]]
42
[[19], [17], [14]]
35
[[19], [17], [12]]
34
[[19], [17, 19]]
44
[[19], [18]]
76
[[19], [18], [13]]
47
[[19], [18], [16]]
35
[[19], [18], [17]]
51
[[19], [18], [17], [19]]
35
[[19], [18], [18]]
50
[[19], [18], [18, 19]]
35
[[19], [18], [19]]
58
[[19], [18], [19], [18]]
37
[[19], [18], [19], [19]]
39
[[19], [18], [12]]
41
[[19], [18], [14]]
41
[[19], [18], [15]]
38
[[19], [18], [9]]
36
[[19], [18, 19]]
54
[[19], [18, 19], [19]]
35
[[19], [19]]
89
[[19], [19], [7]]
39
[[19], [19], [13]]
49
[[19], [19], [14]]
46
[[19], [19], [16]]
42
[[19], [19], [17]]
56
[[19], [19], [17], [19]]
39
[[19], [19], [18]]
53
[[19], [19], [18], [19]]
34
[[19], [19], [18, 19]]
38
[[19], [19], [19]]
63
[[19], [19], [19], [18]]
36
[[19], [19], [19], [19]]
46
[[19], [19], [19], [17]]
40
[[19], [19], [8]]
38
[[19], [19], [11]]
40
[[19], [19], [12]]
47
[[19], [19], [15]]
45
[[19], [19], [9]]
38
[[19], [19], [5]]
35
[[16]]
77
[[16], [16]]
46
[[16], [18]]
45
[[16], [19]]
58
[[16], [19], [19]]
41
[[16], [12]]
40
[[16], [14]]
43
[[16], [17]]
47
[[16], [13]]
36
[[16], [15]]
39
[[16], [5]]
35
[[16, 19]]
37
[[5]]
63
[[5], [18]]
37
[[5], [19]]
43
[[5], [16]]
35
[[5], [17]]
34
[[4]]
55
[[4], [14]]
34
[[4], [18]]
35
[[4], [19]]
42
[[9]]
64
[[9], [18]]
41
[[9], [19]]
52
[[9], [19], [19]]
42
[[9], [19], [17]]
36
[[9], [17]]
43
[[9], [14]]
38
[[9], [13]]
38
[[9], [15]]
35
[[9], [9]]
34
[[9], [11]]
34
[[6]]
60
[[6], [19]]
47
[[6], [19], [19]]
35
[[6], [18]]
41
[[6], [13]]
36
[[6], [17]]
39
[[6], [14]]
34
[[6], [12]]
34
[[3]]
53
[[3], [19]]
44
[[3], [18]]
36
[[1]]
54
[[1], [19]]
42
[[1], [19], [19]]
37
[[1], [17]]
35
[[1], [18]]
34
[[2]]
63
[[2], [19]]
49
[[2], [17]]
42
[[2], [18]]
38
[[2], [16]]
36
[[18]]
91
[[18], [3]]
38
[[18], [4]]
40
[[18], [6]]
39
[[18], [7]]
42
[[18], [9]]
42
[[18], [10]]
39
[[18], [11]]
47
[[18], [11], [19]]
37
[[18], [13]]
54
[[18], [13], [19]]
40
[[18], [14]]
51
[[18], [14], [19]]
34
[[18], [15]]
52
[[18], [15], [19]]
38
[[18], [16]]
52
[[18], [16], [19]]
36
[[18], [17]]
60
[[18], [17], [19]]
49
[[18], [17], [17]]
39
[[18], [17], [18]]
35
[[18], [17], [15]]
37
[[18], [17, 19]]
37
[[18], [18]]
63
[[18], [18], [13]]
39
[[18], [18], [18]]
41
[[18], [18], [19]]
49
[[18], [18], [19], [19]]
36
[[18], [18], [17]]
43
[[18], [18], [15]]
34
[[18], [18], [16]]
34
[[18], [18, 19]]
46
[[18], [19]]
72
[[18], [19], [13]]
40
[[18], [19], [16]]
38
[[18], [19], [18]]
47
[[18], [19], [18], [19]]
35
[[18], [19], [19]]
57
[[18], [19], [19], [19]]
41
[[18], [19], [19], [17]]
34
[[18], [19], [12]]
37
[[18], [19], [17]]
47
[[18], [19], [17], [19]]
36
[[18], [19], [14]]
36
[[18], [19], [15]]
38
[[18], [1]]
35
[[18], [5]]
44
[[18], [12]]
55
[[18], [12], [19]]
37
[[18], [0]]
41
[[18], [8]]
44
[[18], [2]]
37
[[18, 19]]
70
[[18, 19], [18]]
42
[[18, 19], [19]]
48
[[18, 19], [19], [19]]
35
[[18, 19], [12]]
39
[[18, 19], [13]]
37
[[18, 19], [17]]
40
[[18, 19], [14]]
38
[[18, 19], [15]]
36
[[18, 19], [16]]
35
[[7]]
67
[[7], [17]]
42
[[7], [18]]
43
[[7], [18, 19]]
35
[[7], [19]]
57
[[7], [19], [19]]
37
[[7], [14]]
37
[[7], [13]]
37
[[7], [15]]
34
[[8]]
71
[[8], [18]]
49
[[8], [18], [19]]
36
[[8], [18, 19]]
37
[[8], [19]]
58
[[8], [19], [18]]
36
[[8], [19], [19]]
41
[[8], [11]]
37
[[8], [13]]
38
[[8], [16]]
39
[[8], [17]]
46
[[8], [10]]
34
[[8], [15]]
34
[[11]]
69
[[11], [11]]
42
[[11], [13]]
47
[[11], [15]]
43
[[11], [17]]
48
[[11], [18]]
45
[[11], [19]]
55
[[11], [19], [19]]
34
[[11], [14]]
42
[[11], [7]]
34
[[11], [16]]
34
[[15]]
81
[[15], [11]]
39
[[15], [13]]
46
[[15], [13], [19]]
35
[[15], [16]]
43
[[15], [17]]
53
[[15], [17], [19]]
37
[[15], [18]]
53
[[15], [18], [18]]
36
[[15], [18], [19]]
40
[[15], [18, 19]]
36
[[15], [19]]
62
[[15], [19], [18]]
37
[[15], [19], [19]]
42
[[15], [19], [17]]
36
[[15], [14]]
44
[[15], [15]]
43
[[15], [12]]
38
[[15], [7]]
34
[[13]]
80
[[13], [11]]
42
[[13], [13]]
44
[[13], [14]]
43
[[13], [15]]
44
[[13], [17]]
52
[[13], [17], [19]]
38
[[13], [18]]
50
[[13], [18, 19]]
38
[[13], [19]]
64
[[13], [19], [18]]
36
[[13], [19], [19]]
43
[[13], [0]]
35
[[13], [8]]
37
[[13], [9]]
36
[[13], [7]]
34
[[13], [10]]
34
[[13], [16]]
35
[[10]]
59
[[10], [18]]
39
[[10], [19]]
44
[[10], [13]]
35
[[10], [17]]
37
[[0]]
58
[[0], [18]]
38
[[0], [19]]
44
[[0], [13]]
36
[[0], [17]]
35
[[17]]
91
[[17], [4]]
40
[[17], [7]]
42
[[17], [9]]
39
[[17], [10]]
40
[[17], [11]]
47
[[17], [11], [19]]
35
[[17], [13]]
57
[[17], [13], [19]]
37
[[17], [14]]
52
[[17], [14], [19]]
36
[[17], [15]]
55
[[17], [15], [19]]
37
[[17], [16]]
49
[[17], [17]]
63
[[17], [17], [19]]
46
[[17], [17], [18]]
35
[[17], [17], [17]]
37
[[17], [17, 19]]
38
[[17], [18]]
60
[[17], [18], [18]]
41
[[17], [18], [19]]
44
[[17], [18], [17]]
35
[[17], [18, 19]]
46
[[17], [19]]
76
[[17], [19], [18]]
45
[[17], [19], [18, 19]]
34
[[17], [19], [19]]
53
[[17], [19], [17]]
47
[[17], [19], [14]]
34
[[17], [19], [13]]
36
[[17], [19], [16]]
35
[[17], [5]]
42
[[17], [0]]
42
[[17], [6]]
35
[[17], [8]]
42
[[17], [12]]
47
[[17], [2]]
34
[[17, 19]]
55
[[17, 19], [19]]
39
[[17, 18]]
39
