[[15]]
10
[[15], [4]]
5
[[15], [4], [19]]
5
[[15], [5]]
7
[[15], [5], [15]]
5
[[15], [5], [18]]
5
[[15], [5], [18], [18]]
5
[[15], [6]]
7
[[15], [6], [8]]
5
[[15], [6], [19]]
5
[[15], [7]]
6
[[15], [8]]
7
[[15], [9]]
5
[[15], [10]]
7
[[15], [10], [5]]
5
[[15], [10], [7]]
6
[[15], [10], [15]]
5
[[15], [10], [16]]
7
[[15], [10], [17]]
5
[[15], [10], [18]]
6
[[15], [10], [19]]
5
[[15], [11]]
6
[[15], [11], [15]]
5
[[15], [12]]
6
[[15], [13]]
5
[[15], [14]]
6
[[15], [15]]
6
[[15], [16]]
8
[[15], [16], [15]]
5
[[15], [16], [18]]
6
[[15], [16], [18], [18]]
5
[[15], [16, 18]]
5
[[15], [17]]
6
[[15], [17], [18]]
5
[[15], [18]]
8
[[15], [18], [11]]
5
[[15], [18], [15]]
6
[[15], [18], [16]]
5
[[15], [18], [18]]
8
[[15], [18], [18], [15]]
5
[[15], [18], [18, 19]]
5
[[15], [18], [19]]
5
[[15], [18, 19]]
6
[[15], [18, 19], [15]]
5
[[15], [18, 19], [18]]
5
[[15], [19]]
7
[[15], [19], [7]]
5
[[15], [19], [13]]
5
[[15], [19], [15]]
5
[[15], [19], [18]]
6
[[15], [19], [18], [15]]
5
[[15], [19], [18], [18]]
5
[[15], [19], [18], [18], [15]]
5
[[15], [19], [18], [19]]
5
[[15], [19], [18, 19]]
5
[[15], [19], [18, 19], [15]]
5
[[15], [19], [19]]
5
[[15], [19], [19], [15]]
5
[[15, 19]]
6
[[14]]
11
[[14], [10]]
5
[[14], [11]]
6
[[14], [15]]
5
[[14], [16]]
6
[[14], [17]]
5
[[14], [18]]
8
[[14], [18], [11]]
5
[[14], [18], [16]]
5
[[14], [18], [18]]
7
[[14], [18], [18, 19]]
5
[[14], [18], [19]]
5
[[14], [18], [19], [19]]
5
[[14], [18, 19]]
7
[[14], [18, 19], [11]]
5
[[14], [18, 19], [18]]
5
[[14], [19]]
7
[[14], [19], [11]]
5
[[14], [19], [18]]
7
[[14], [19], [18], [11]]
5
[[14], [19], [18, 19]]
7
[[14], [19], [18, 19], [11]]
5
[[14], [19], [19]]
7
[[14], [19], [19], [11]]
5
[[10]]
12
[[10], [4]]
5
[[10], [4], [18]]
5
[[10], [4], [18], [18]]
5
[[10], [4], [18, 19]]
5
[[10], [4], [19]]
5
[[10], [5]]
8
[[10], [5], [15]]
6
[[10], [5], [16]]
6
[[10], [5], [16], [19]]
5
[[10], [5], [17]]
5
[[10], [5], [18]]
7
[[10], [5], [18], [18]]
5
[[10], [5], [18, 19]]
6
[[10], [5], [19]]
7
[[10], [5], [19], [18]]
6
[[10], [5], [19], [18, 19]]
6
[[10], [5], [19], [19]]
7
[[10], [6]]
7
[[10], [6], [18]]
5
[[10], [6], [19]]
5
[[10], [6], [19], [19]]
5
[[10], [7]]
6
[[10], [8]]
6
[[10], [9]]
5
[[10], [10]]
5
[[10], [11]]
6
[[10], [12]]
8
[[10], [13]]
5
[[10], [14]]
5
[[10], [15]]
7
[[10], [15], [16]]
5
[[10], [16]]
11
[[10], [16], [10]]
5
[[10], [16], [11]]
5
[[10], [16], [15]]
5
[[10], [16], [17]]
5
[[10], [16], [18]]
7
[[10], [16], [18, 19]]
5
[[10], [16], [19]]
7
[[10], [16], [19], [18]]
5
[[10], [16], [19], [19]]
5
[[10], [16, 19]]
5
[[10], [17]]
7
[[10], [17], [18]]
5
[[10], [17], [19]]
5
[[10], [18]]
10
[[10], [18], [11]]
5
[[10], [18], [15]]
5
[[10], [18], [16]]
5
[[10], [18], [18]]
6
[[10], [18], [19]]
5
[[10], [18, 19]]
8
[[10], [18, 19], [11]]
5
[[10], [18, 19], [15]]
5
[[10], [19]]
9
[[10], [19], [11]]
5
[[10], [19], [15]]
6
[[10], [19], [16]]
5
[[10], [19], [18]]
7
[[10], [19], [18, 19]]
6
[[10], [19], [19]]
8
[[10], [19], [19], [11]]
5
[[7]]
8
[[7], [11]]
5
[[7], [14]]
5
[[7], [16]]
5
[[7], [17]]
5
[[7], [18]]
5
[[7], [19]]
5
[[7], [19], [11]]
5
[[11]]
12
[[11], [2]]
6
[[11], [2], [16]]
6
[[11], [2], [18]]
6
[[11], [2], [18], [16]]
5
[[11], [6]]
5
[[11], [7]]
6
[[11], [8]]
6
[[11], [10]]
6
[[11], [10], [7]]
5
[[11], [10], [16]]
5
[[11], [14]]
6
[[11], [15]]
7
[[11], [15], [16]]
5
[[11], [15], [18]]
5
[[11], [15], [18], [18]]
5
[[11], [16]]
8
[[11], [17]]
6
[[11], [17], [16]]
5
[[11], [17], [18]]
6
[[11], [18]]
8
[[11], [18], [16]]
6
[[11], [18], [17]]
5
[[11], [18], [18]]
6
[[11], [18], [19]]
5
[[11], [18], [19], [18]]
5
[[11], [18, 19]]
5
[[11], [18, 19], [16]]
5
[[11], [18, 19], [18]]
5
[[11], [18, 19], [19]]
5
[[11], [18, 19], [19], [18]]
5
[[11], [19]]
7
[[11], [19], [7]]
5
[[11], [19], [8]]
5
[[11], [19], [14]]
5
[[11], [19], [16]]
7
[[11], [19], [17]]
5
[[11], [19], [18]]
7
[[11], [19], [18], [16]]
5
[[11], [19], [18], [18]]
5
[[11], [19], [19]]
5
[[11], [19], [19], [18]]
5
[[19]]
18
[[19], [0]]
6
[[19], [2]]
8
[[19], [2], [12]]
5
[[19], [2], [16]]
7
[[19], [2], [17]]
5
[[19], [2], [18]]
8
[[19], [2], [18], [16]]
5
[[19], [2], [18, 19]]
5
[[19], [2], [19]]
6
[[19], [2], [19], [16]]
5
[[19], [2], [19], [18]]
5
[[19], [3]]
7
[[19], [3], [16]]
5
[[19], [3], [18]]
7
[[19], [3], [18], [18]]
6
[[19], [3], [18, 19]]
7
[[19], [3], [18, 19], [18]]
6
[[19], [3], [19]]
7
[[19], [3], [19], [18]]
6
[[19], [4]]
7
[[19], [4], [16]]
5
[[19], [4], [16, 18]]
5
[[19], [4], [18]]
6
[[19], [4], [18], [18]]
5
[[19], [4], [18, 19]]
5
[[19], [4], [19]]
5
[[19], [4], [19], [18]]
5
[[19], [5]]
10
[[19], [5], [15]]
6
[[19], [5], [16]]
6
[[19], [5], [17]]
5
[[19], [5], [18]]
7
[[19], [5], [18], [18]]
6
[[19], [5], [18, 19]]
5
[[19], [5], [19]]
6
[[19], [5], [19], [18]]
5
[[19], [5], [19], [18, 19]]
5
[[19], [5], [19], [19]]
6
[[19], [6]]
8
[[19], [6], [6]]
5
[[19], [6], [9]]
5
[[19], [6], [16]]
5
[[19], [6], [18]]
6
[[19], [6], [18, 19]]
5
[[19], [6], [19]]
6
[[19], [6], [19], [19]]
5
[[19], [7]]
6
[[19], [8]]
10
[[19], [8], [16]]
5
[[19], [8], [17]]
5
[[19], [8], [18]]
6
[[19], [8], [18], [18]]
5
[[19], [8], [18, 19]]
5
[[19], [8], [19]]
6
[[19], [8], [19], [18]]
5
[[19], [9]]
8
[[19], [9], [11]]
5
[[19], [9], [12]]
5
[[19], [9], [16]]
5
[[19], [9], [18]]
5
[[19], [9], [18, 19]]
5
[[19], [9], [19]]
7
[[19], [9], [19], [19]]
5
[[19], [10]]
10
[[19], [10], [5]]
6
[[19], [10], [5], [15]]
5
[[19], [10], [5], [18]]
5
[[19], [10], [6]]
6
[[19], [10], [7]]
6
[[19], [10], [8]]
6
[[19], [10], [9]]
5
[[19], [10], [11]]
5
[[19], [10], [12]]
7
[[19], [10], [15]]
7
[[19], [10], [16]]
9
[[19], [10], [17]]
6
[[19], [10], [18]]
9
[[19], [10], [18], [18]]
5
[[19], [10], [18, 19]]
6
[[19], [10], [19]]
7
[[19], [10], [19], [15]]
5
[[19], [10], [19], [18]]
5
[[19], [10], [19], [19]]
6
[[19], [11]]
8
[[19], [11], [16]]
5
[[19], [12]]
9
[[19], [12], [13]]
5
[[19], [12], [14]]
6
[[19], [12], [16]]
5
[[19], [12], [17]]
5
[[19], [12], [18]]
7
[[19], [12], [18], [18]]
5
[[19], [12], [18, 19]]
5
[[19], [12], [19]]
6
[[19], [12], [19], [19]]
5
[[19], [13]]
8
[[19], [13], [11]]
5
[[19], [13], [15]]
5
[[19], [13], [16]]
5
[[19], [13], [18]]
7
[[19], [13], [18], [11]]
5
[[19], [13], [18, 19]]
5
[[19], [13], [19]]
6
[[19], [14]]
8
[[19], [14], [18]]
5
[[19], [15]]
9
[[19], [15], [5]]
5
[[19], [15], [6]]
6
[[19], [15], [7]]
5
[[19], [15], [8]]
6
[[19], [15], [9]]
5
[[19], [15], [10]]
5
[[19], [15], [10], [16]]
5
[[19], [15], [11]]
6
[[19], [15], [12]]
5
[[19], [15], [15]]
5
[[19], [15], [16]]
8
[[19], [15], [16], [18]]
5
[[19], [15], [17]]
5
[[19], [15], [18]]
8
[[19], [15], [18], [11]]
5
[[19], [15], [18], [15]]
5
[[19], [15], [18], [16]]
5
[[19], [15], [18], [18]]
7
[[19], [15], [18], [19]]
5
[[19], [15], [18, 19]]
6
[[19], [15], [19]]
6
[[19], [15], [19], [18]]
5
[[19], [15], [19], [19]]
5
[[19], [15, 19]]
5
[[19], [16]]
13
[[19], [16], [6]]
5
[[19], [16], [8]]
8
[[19], [16], [9]]
5
[[19], [16], [10]]
6
[[19], [16], [10], [15]]
5
[[19], [16], [11]]
6
[[19], [16], [12]]
5
[[19], [16], [14]]
5
[[19], [16], [15]]
6
[[19], [16], [16]]
6
[[19], [16], [17]]
5
[[19], [16], [18]]
9
[[19], [16], [18], [11]]
5
[[19], [16], [18], [18]]
6
[[19], [16], [18, 19]]
5
[[19], [16], [19]]
7
[[19], [16], [19], [8]]
5
[[19], [16], [19], [18]]
6
[[19], [16], [19], [18, 19]]
5
[[19], [16], [19], [19]]
7
[[19], [16, 18]]
6
[[19], [16, 19]]
5
[[19], [17]]
9
[[19], [17], [10]]
5
[[19], [17], [12]]
5
[[19], [17], [15]]
5
[[19], [17], [16]]
6
[[19], [17], [18]]
7
[[19], [17], [18], [16]]
5
[[19], [17], [19]]
5
[[19], [17], [19], [19]]
5
[[19], [18]]
15
[[19], [18], [8]]
7
[[19], [18], [9]]
5
[[19], [18], [10]]
6
[[19], [18], [10], [16]]
5
[[19], [18], [11]]
8
[[19], [18], [11], [16]]
5
[[19], [18], [14]]
6
[[19], [18], [15]]
6
[[19], [18], [16]]
9
[[19], [18], [16, 18]]
5
[[19], [18], [17]]
6
[[19], [18], [18]]
10
[[19], [18], [18], [11]]
6
[[19], [18], [18], [11], [16]]
5
[[19], [18], [18], [15]]
6
[[19], [18], [18], [16]]
6
[[19], [18], [18], [18]]
6
[[19], [18], [18], [19]]
5
[[19], [18], [18], [19], [19]]
5
[[19], [18], [18, 19]]
6
[[19], [18], [18, 19], [18]]
5
[[19], [18], [19]]
7
[[19], [18], [19], [18]]
5
[[19], [18], [19], [19]]
5
[[19], [18, 19]]
12
[[19], [18, 19], [8]]
5
[[19], [18, 19], [9]]
5
[[19], [18, 19], [10]]
6
[[19], [18, 19], [10], [16]]
5
[[19], [18, 19], [11]]
8
[[19], [18, 19], [11], [16]]
5
[[19], [18, 19], [14]]
5
[[19], [18, 19], [15]]
6
[[19], [18, 19], [16]]
7
[[19], [18, 19], [17]]
5
[[19], [18, 19], [18]]
8
[[19], [18, 19], [18], [11]]
5
[[19], [18, 19], [18], [11], [16]]
5
[[19], [18, 19], [18], [15]]
5
[[19], [18, 19], [18], [16]]
6
[[19], [18, 19], [18], [18]]
6
[[19], [18, 19], [18], [19]]
5
[[19], [18, 19], [18, 19]]
5
[[19], [18, 19], [18, 19], [18]]
5
[[19], [18, 19], [19]]
6
[[19], [18, 19], [19], [18]]
5
[[19], [18, 19], [19], [19]]
5
[[19], [19]]
14
[[19], [19], [3]]
5
[[19], [19], [3], [18]]
5
[[19], [19], [4]]
5
[[19], [19], [4], [18]]
5
[[19], [19], [5]]
5
[[19], [19], [6]]
5
[[19], [19], [7]]
5
[[19], [19], [8]]
7
[[19], [19], [9]]
6
[[19], [19], [10]]
7
[[19], [19], [10], [15]]
5
[[19], [19], [10], [16]]
5
[[19], [19], [10], [18]]
5
[[19], [19], [11]]
8
[[19], [19], [11], [16]]
5
[[19], [19], [12]]
5
[[19], [19], [13]]
7
[[19], [19], [13], [18]]
5
[[19], [19], [13], [19]]
5
[[19], [19], [14]]
7
[[19], [19], [15]]
7
[[19], [19], [16]]
11
[[19], [19], [16], [8]]
5
[[19], [19], [16], [10]]
5
[[19], [19], [16], [11]]
5
[[19], [19], [16], [15]]
5
[[19], [19], [16], [16]]
5
[[19], [19], [16], [18]]
6
[[19], [19], [16, 18]]
6
[[19], [19], [16, 19]]
5
[[19], [19], [17]]
7
[[19], [19], [17], [16]]
5
[[19], [19], [17], [18]]
6
[[19], [19], [18]]
13
[[19], [19], [18], [8]]
6
[[19], [19], [18], [9]]
5
[[19], [19], [18], [11]]
8
[[19], [19], [18], [11], [16]]
5
[[19], [19], [18], [14]]
5
[[19], [19], [18], [15]]
6
[[19], [19], [18], [16]]
8
[[19], [19], [18], [18]]
8
[[19], [19], [18], [19]]
6
[[19], [19], [18, 19]]
9
[[19], [19], [18, 19], [11]]
6
[[19], [19], [18, 19], [18]]
6
[[19], [19], [19]]
11
[[19], [19], [19], [8]]
5
[[19], [19], [19], [11]]
6
[[19], [19], [19], [15]]
5
[[19], [19], [19], [16]]
6
[[19], [19], [19], [18]]
8
[[19], [19], [19], [18, 19]]
5
[[19], [19], [19], [19]]
7
[[19], [19], [19], [19], [18]]
5
[[18]]
15
[[18], [3]]
5
[[18], [3], [18]]
5
[[18], [3], [18], [18]]
5
[[18], [3], [18, 19]]
5
[[18], [3], [18, 19], [18]]
5
[[18], [3], [19]]
5
[[18], [3], [19], [18]]
5
[[18], [5]]
6
[[18], [5], [15]]
5
[[18], [5], [16]]
5
[[18], [5], [16], [19]]
5
[[18], [5], [18]]
5
[[18], [5], [18, 19]]
5
[[18], [5], [19]]
6
[[18], [5], [19], [18]]
5
[[18], [5], [19], [18, 19]]
5
[[18], [5], [19], [19]]
6
[[18], [6]]
6
[[18], [6], [19]]
5
[[18], [6], [19], [19]]
5
[[18], [8]]
8
[[18], [8], [19]]
5
[[18], [9]]
8
[[18], [9], [6]]
5
[[18], [9], [11]]
5
[[18], [9], [16]]
6
[[18], [9], [18]]
5
[[18], [9], [18, 19]]
5
[[18], [9], [19]]
7
[[18], [9], [19], [18]]
5
[[18], [9], [19], [18, 19]]
5
[[18], [9], [19], [19]]
6
[[18], [9], [19], [19], [18]]
5
[[18], [10]]
9
[[18], [10], [6]]
5
[[18], [10], [8]]
5
[[18], [10], [12]]
5
[[18], [10], [15]]
6
[[18], [10], [16]]
7
[[18], [10], [16], [19]]
5
[[18], [10], [18]]
6
[[18], [10], [18, 19]]
6
[[18], [10], [19]]
7
[[18], [10], [19], [18]]
5
[[18], [10], [19], [19]]
6
[[18], [11]]
8
[[18], [11], [16]]
5
[[18], [12]]
6
[[18], [13]]
6
[[18], [13], [18]]
5
[[18], [14]]
8
[[18], [14], [11]]
5
[[18], [15]]
8
[[18], [15], [6]]
5
[[18], [15], [8]]
5
[[18], [15], [9]]
5
[[18], [15], [11]]
5
[[18], [15], [16]]
6
[[18], [15], [18]]
6
[[18], [15], [18], [18]]
5
[[18], [15], [18, 19]]
5
[[18], [15], [19]]
5
[[18], [15, 19]]
5
[[18], [16]]
12
[[18], [16], [8]]
6
[[18], [16], [9]]
5
[[18], [16], [10]]
7
[[18], [16], [10], [15]]
5
[[18], [16], [10], [18]]
5
[[18], [16], [11]]
5
[[18], [16], [12]]
5
[[18], [16], [15]]
5
[[18], [16], [16]]
6
[[18], [16], [18]]
8
[[18], [16], [18, 19]]
7
[[18], [16], [19]]
8
[[18], [16], [19], [18]]
7
[[18], [16], [19], [18, 19]]
6
[[18], [16], [19], [19]]
7
[[18], [16, 18]]
5
[[18], [16, 19]]
6
[[18], [16, 19], [18]]
5
[[18], [17]]
7
[[18], [17], [18]]
5
[[18], [18]]
12
[[18], [18], [8]]
5
[[18], [18], [9]]
5
[[18], [18], [10]]
6
[[18], [18], [10], [16]]
5
[[18], [18], [11]]
7
[[18], [18], [11], [16]]
5
[[18], [18], [14]]
5
[[18], [18], [15]]
6
[[18], [18], [16]]
7
[[18], [18], [18]]
7
[[18], [18], [18], [11]]
5
[[18], [18], [18], [11], [16]]
5
[[18], [18], [18], [16]]
5
[[18], [18], [18], [18]]
6
[[18], [18], [18], [19]]
5
[[18], [18], [18], [19], [19]]
5
[[18], [18], [18, 19]]
6
[[18], [18], [18, 19], [18]]
6
[[18], [18], [19]]
7
[[18], [18], [19], [18]]
6
[[18], [18], [19], [18, 19]]
5
[[18], [18], [19], [19]]
6
[[18], [18, 19]]
10
[[18], [18, 19], [8]]
5
[[18], [18, 19], [10]]
5
[[18], [18, 19], [11]]
6
[[18], [18, 19], [15]]
5
[[18], [18, 19], [16]]
6
[[18], [18, 19], [18]]
7
[[18], [18, 19], [18], [18]]
5
[[18], [18, 19], [18, 19]]
5
[[18], [18, 19], [19]]
6
[[18], [18, 19], [19], [18]]
5
[[18], [18, 19], [19], [19]]
5
[[18], [19]]
10
[[18], [19], [6]]
5
[[18], [19], [8]]
5
[[18], [19], [9]]
5
[[18], [19], [9], [19]]
5
[[18], [19], [10]]
7
[[18], [19], [10], [8]]
5
[[18], [19], [10], [15]]
6
[[18], [19], [10], [16]]
5
[[18], [19], [10], [18]]
5
[[18], [19], [10], [19]]
5
[[18], [19], [11]]
7
[[18], [19], [11], [16]]
5
[[18], [19], [13]]
5
[[18], [19], [14]]
5
[[18], [19], [15]]
6
[[18], [19], [16]]
8
[[18], [19], [16], [18]]
6
[[18], [19], [16], [19]]
5
[[18], [19], [16], [19], [19]]
5
[[18], [19], [17]]
5
[[18], [19], [18]]
9
[[18], [19], [18], [11]]
6
[[18], [19], [18], [11], [16]]
5
[[18], [19], [18], [16]]
5
[[18], [19], [18], [18]]
6
[[18], [19], [18], [19]]
5
[[18], [19], [18, 19]]
8
[[18], [19], [18, 19], [18]]
6
[[18], [19], [19]]
9
[[18], [19], [19], [11]]
5
[[18], [19], [19], [16]]
5
[[18], [19], [19], [18]]
7
[[18], [19], [19], [19]]
6
[[18, 19]]
12
[[18, 19], [8]]
6
[[18, 19], [9]]
6
[[18, 19], [10]]
6
[[18, 19], [10], [16]]
5
[[18, 19], [11]]
8
[[18, 19], [11], [16]]
5
[[18, 19], [12]]
5
[[18, 19], [14]]
5
[[18, 19], [15]]
7
[[18, 19], [16]]
7
[[18, 19], [16], [16]]
5
[[18, 19], [16], [18]]
5
[[18, 19], [17]]
5
[[18, 19], [18]]
8
[[18, 19], [18], [11]]
5
[[18, 19], [18], [11], [16]]
5
[[18, 19], [18], [15]]
5
[[18, 19], [18], [16]]
7
[[18, 19], [18], [18]]
7
[[18, 19], [18], [18], [19]]
5
[[18, 19], [18], [18, 19]]
5
[[18, 19], [18], [19]]
6
[[18, 19], [18], [19], [19]]
5
[[18, 19], [18, 19]]
6
[[18, 19], [18, 19], [16]]
5
[[18, 19], [18, 19], [18]]
6
[[18, 19], [18, 19], [18, 19]]
5
[[18, 19], [18, 19], [19]]
6
[[18, 19], [18, 19], [19], [19]]
5
[[18, 19], [19]]
6
[[18, 19], [19], [16]]
5
[[18, 19], [19], [18]]
6
[[18, 19], [19], [18], [19]]
5
[[18, 19], [19], [18, 19]]
5
[[18, 19], [19], [19]]
6
[[18, 19], [19], [19], [19]]
5
[[16]]
16
[[16], [0]]
5
[[16], [2]]
5
[[16], [2], [18]]
5
[[16], [3]]
5
[[16], [3], [18]]
5
[[16], [3], [18, 19]]
5
[[16], [3], [19]]
5
[[16], [4]]
6
[[16], [4], [18]]
5
[[16], [5]]
6
[[16], [5], [18]]
5
[[16], [6]]
6
[[16], [6], [18]]
5
[[16], [7]]
5
[[16], [8]]
9
[[16], [9]]
6
[[16], [10]]
10
[[16], [10], [6]]
5
[[16], [10], [8]]
5
[[16], [10], [9]]
5
[[16], [10], [12]]
5
[[16], [10], [15]]
6
[[16], [10], [16]]
7
[[16], [10], [18]]
8
[[16], [10], [18, 19]]
6
[[16], [10], [19]]
6
[[16], [10], [19], [18]]
5
[[16], [10], [19], [19]]
5
[[16], [11]]
7
[[16], [12]]
7
[[16], [12], [14]]
5
[[16], [12], [18]]
5
[[16], [13]]
5
[[16], [14]]
6
[[16], [15]]
8
[[16], [15], [6]]
5
[[16], [15], [8]]
5
[[16], [15], [16]]
6
[[16], [15], [16], [18]]
5
[[16], [15], [18]]
6
[[16], [15], [18], [18]]
5
[[16], [15, 19]]
5
[[16], [16]]
10
[[16], [16], [18]]
8
[[16], [16], [18], [18]]
5
[[16], [16], [19]]
5
[[16], [16], [19], [18]]
5
[[16], [16], [19], [19]]
5
[[16], [16, 18]]
5
[[16], [17]]
6
[[16], [17], [18]]
5
[[16], [18]]
11
[[16], [18], [8]]
5
[[16], [18], [11]]
6
[[16], [18], [16]]
5
[[16], [18], [17]]
5
[[16], [18], [18]]
7
[[16], [18], [18], [18]]
5
[[16], [18], [18, 19]]
5
[[16], [18], [19]]
5
[[16], [18, 19]]
9
[[16], [18, 19], [11]]
6
[[16], [18, 19], [16]]
5
[[16], [18, 19], [18]]
6
[[16], [18, 19], [18], [18]]
5
[[16], [18, 19], [18, 19]]
5
[[16], [18, 19], [19]]
5
[[16], [19]]
12
[[16], [19], [4]]
5
[[16], [19], [8]]
6
[[16], [19], [11]]
6
[[16], [19], [13]]
5
[[16], [19], [15]]
5
[[16], [19], [16]]
6
[[16], [19], [18]]
10
[[16], [19], [18], [11]]
6
[[16], [19], [18], [18]]
5
[[16], [19], [18, 19]]
8
[[16], [19], [18, 19], [11]]
5
[[16], [19], [19]]
10
[[16], [19], [19], [11]]
5
[[16], [19], [19], [18]]
5
[[16, 18]]
7
[[16, 19]]
9
[[16, 19], [6]]
5
[[16, 19], [6], [18]]
5
[[16, 19], [8]]
5
[[16, 19], [10]]
6
[[16, 19], [10], [16]]
5
[[16, 19], [10], [18]]
5
[[16, 19], [11]]
5
[[16, 19], [14]]
5
[[16, 19], [15]]
7
[[16, 19], [15], [16]]
6
[[16, 19], [15], [16], [18]]
5
[[16, 19], [15], [18]]
6
[[16, 19], [15], [18], [18]]
5
[[16, 19], [16]]
7
[[16, 19], [16], [18]]
6
[[16, 19], [18]]
8
[[16, 19], [18], [18]]
5
[[16, 19], [18, 19]]
6
[[16, 19], [19]]
6
[[16, 19], [19], [18]]
5
[[16, 19], [19], [19]]
5
[[13]]
10
[[13], [6]]
5
[[13], [8]]
5
[[13], [11]]
5
[[13], [15]]
5
[[13], [16]]
6
[[13], [18]]
8
[[13], [18], [11]]
5
[[13], [18, 19]]
6
[[13], [18, 19], [11]]
5
[[13], [19]]
8
[[13], [19], [11]]
5
[[13], [19], [15]]
5
[[13], [19], [18]]
5
[[13], [19], [19]]
5
[[13], [19], [19], [18]]
5
[[13], [19], [19], [19]]
5
[[4]]
9
[[4], [5]]
5
[[4], [15]]
5
[[4], [16]]
6
[[4], [16], [18]]
5
[[4], [16, 18]]
5
[[4], [17]]
5
[[4], [17], [18]]
5
[[4], [18]]
7
[[4], [18], [15]]
5
[[4], [18], [18]]
6
[[4], [18, 19]]
6
[[4], [19]]
7
[[4], [19], [15]]
5
[[4], [19], [18]]
6
[[17]]
11
[[17], [2]]
6
[[17], [2], [16]]
5
[[17], [2], [18]]
6
[[17], [3]]
5
[[17], [3], [16]]
5
[[17], [3], [18]]
5
[[17], [3], [18], [18]]
5
[[17], [3], [18, 19]]
5
[[17], [3], [18, 19], [18]]
5
[[17], [3], [19]]
5
[[17], [3], [19], [18]]
5
[[17], [5]]
6
[[17], [5], [5]]
5
[[17], [5], [5], [16]]
5
[[17], [5], [16]]
5
[[17], [5], [17]]
6
[[17], [5], [17], [16]]
5
[[17], [5], [17], [18]]
5
[[17], [5], [17], [18], [16]]
5
[[17], [5], [18]]
6
[[17], [5], [18], [16]]
5
[[17], [5], [18], [18]]
6
[[17], [5], [18, 19]]
5
[[17], [5], [19]]
5
[[17], [5], [19], [16]]
5
[[17], [5], [19], [18]]
5
[[17], [5], [19], [18], [16]]
5
[[17], [5], [19], [18], [18]]
5
[[17], [5], [19], [18, 19]]
5
[[17], [5], [19], [19]]
5
[[17], [6]]
7
[[17], [6], [6]]
5
[[17], [6], [9]]
5
[[17], [6], [16]]
6
[[17], [6], [18]]
6
[[17], [6], [18], [16]]
5
[[17], [6], [18], [18]]
5
[[17], [6], [18, 19]]
5
[[17], [6], [18, 19], [16]]
5
[[17], [6], [19]]
5
[[17], [6], [19], [16]]
5
[[17], [6], [19], [19]]
5
[[17], [7]]
5
[[17], [8]]
7
[[17], [8], [18]]
5
[[17], [8], [18], [18]]
5
[[17], [9]]
7
[[17], [9], [16]]
5
[[17], [9], [19]]
5
[[17], [10]]
9
[[17], [10], [6]]
5
[[17], [10], [7]]
5
[[17], [10], [8]]
5
[[17], [10], [11]]
5
[[17], [10], [12]]
7
[[17], [10], [15]]
5
[[17], [10], [16]]
7
[[17], [10], [17]]
5
[[17], [10], [18]]
7
[[17], [10], [18, 19]]
5
[[17], [10], [19]]
6
[[17], [11]]
8
[[17], [11], [16]]
5
[[17], [12]]
8
[[17], [12], [17]]
5
[[17], [12], [18]]
6
[[17], [12], [18], [18]]
5
[[17], [14]]
6
[[17], [15]]
8
[[17], [15], [6]]
5
[[17], [15], [7]]
5
[[17], [15], [8]]
5
[[17], [15], [10]]
6
[[17], [15], [10], [7]]
5
[[17], [15], [10], [16]]
6
[[17], [15], [10], [18]]
5
[[17], [15], [11]]
6
[[17], [15], [12]]
5
[[17], [15], [16]]
7
[[17], [15], [16], [18]]
5
[[17], [15], [16, 18]]
5
[[17], [15], [17]]
5
[[17], [15], [18]]
7
[[17], [15], [18], [11]]
5
[[17], [15], [18], [16]]
5
[[17], [15], [18], [18]]
7
[[17], [15], [18, 19]]
5
[[17], [15], [19]]
5
[[17], [15], [19], [18]]
5
[[17], [15, 19]]
5
[[17], [16]]
9
[[17], [16], [16]]
5
[[17], [16], [18]]
6
[[17], [16], [19]]
5
[[17], [16, 18]]
5
[[17], [16, 19]]
5
[[17], [17]]
7
[[17], [17], [16]]
5
[[17], [17], [17]]
5
[[17], [17], [18]]
6
[[17], [17], [18], [16]]
5
[[17], [18]]
10
[[17], [18], [6]]
5
[[17], [18], [8]]
5
[[17], [18], [9]]
7
[[17], [18], [9], [16]]
5
[[17], [18], [9], [19]]
5
[[17], [18], [10]]
6
[[17], [18], [10], [16]]
5
[[17], [18], [11]]
7
[[17], [18], [11], [16]]
5
[[17], [18], [12]]
5
[[17], [18], [14]]
5
[[17], [18], [16]]
8
[[17], [18], [16], [16]]
5
[[17], [18], [16], [18]]
5
[[17], [18], [16], [19]]
5
[[17], [18], [16, 18]]
5
[[17], [18], [16, 19]]
5
[[17], [18], [17]]
5
[[17], [18], [18]]
9
[[17], [18], [18], [10]]
5
[[17], [18], [18], [11]]
5
[[17], [18], [18], [14]]
5
[[17], [18], [18], [16]]
6
[[17], [18], [18], [18]]
6
[[17], [18], [18], [19]]
5
[[17], [18], [18], [19], [19]]
5
[[17], [18], [18, 19]]
7
[[17], [18], [18, 19], [11]]
5
[[17], [18], [18, 19], [16]]
5
[[17], [18], [18, 19], [18]]
6
[[17], [18], [19]]
7
[[17], [18], [19], [11]]
5
[[17], [18], [19], [16]]
5
[[17], [18], [19], [18]]
6
[[17], [18], [19], [19]]
5
[[17], [18, 19]]
9
[[17], [18, 19], [8]]
5
[[17], [18, 19], [9]]
6
[[17], [18, 19], [10]]
6
[[17], [18, 19], [10], [16]]
5
[[17], [18, 19], [11]]
6
[[17], [18, 19], [12]]
5
[[17], [18, 19], [16]]
7
[[17], [18, 19], [16], [16]]
5
[[17], [18, 19], [16], [18]]
5
[[17], [18, 19], [18]]
7
[[17], [18, 19], [18], [16]]
5
[[17], [18, 19], [18], [18]]
5
[[17], [18, 19], [18, 19]]
5
[[17], [18, 19], [19]]
5
[[17], [18, 19], [19], [18]]
5
[[17], [19]]
9
[[17], [19], [8]]
5
[[17], [19], [9]]
6
[[17], [19], [10]]
7
[[17], [19], [10], [15]]
5
[[17], [19], [10], [16]]
5
[[17], [19], [10], [18]]
5
[[17], [19], [11]]
7
[[17], [19], [11], [16]]
5
[[17], [19], [12]]
5
[[17], [19], [15]]
5
[[17], [19], [16]]
8
[[17], [19], [16], [16]]
5
[[17], [19], [16], [18]]
5
[[17], [19], [16, 18]]
5
[[17], [19], [17]]
5
[[17], [19], [18]]
9
[[17], [19], [18], [9]]
5
[[17], [19], [18], [10]]
5
[[17], [19], [18], [11]]
7
[[17], [19], [18], [11], [16]]
5
[[17], [19], [18], [16]]
7
[[17], [19], [18], [18]]
8
[[17], [19], [18], [18], [11]]
5
[[17], [19], [18], [18], [16]]
6
[[17], [19], [18], [19]]
5
[[17], [19], [18, 19]]
9
[[17], [19], [18, 19], [9]]
5
[[17], [19], [18, 19], [10]]
5
[[17], [19], [18, 19], [11]]
6
[[17], [19], [18, 19], [16]]
6
[[17], [19], [18, 19], [18]]
7
[[17], [19], [18, 19], [18], [16]]
5
[[17], [19], [19]]
9
[[17], [19], [19], [9]]
5
[[17], [19], [19], [10]]
5
[[17], [19], [19], [11]]
7
[[17], [19], [19], [11], [16]]
5
[[17], [19], [19], [16]]
6
[[17], [19], [19], [18]]
7
[[17], [19], [19], [18], [11]]
5
[[17], [19], [19], [18], [11], [16]]
5
[[17], [19], [19], [18], [16]]
6
[[17], [19], [19], [18], [18]]
5
[[17], [19], [19], [19]]
5
[[17, 19]]
5
[[17, 19], [16]]
5
[[17, 19], [18]]
5
[[5]]
13
[[5], [0]]
5
[[5], [2]]
6
[[5], [2], [9]]
5
[[5], [2], [16]]
5
[[5], [2], [18]]
6
[[5], [2], [18], [9]]
5
[[5], [2], [18], [16]]
5
[[5], [2], [18, 19]]
5
[[5], [2], [18, 19], [9]]
5
[[5], [2], [19]]
5
[[5], [2], [19], [9]]
5
[[5], [2], [19], [18]]
5
[[5], [2], [19], [18], [9]]
5
[[5], [2], [19], [19]]
5
[[5], [3]]
5
[[5], [3], [18]]
5
[[5], [3], [18], [18]]
5
[[5], [3], [18, 19]]
5
[[5], [3], [18, 19], [18]]
5
[[5], [3], [19]]
5
[[5], [3], [19], [18]]
5
[[5], [4]]
5
[[5], [5]]
7
[[5], [5], [16]]
6
[[5], [5], [18]]
5
[[5], [5], [18], [16]]
5
[[5], [5], [18], [18]]
5
[[5], [5], [19]]
5
[[5], [6]]
5
[[5], [6], [9]]
5
[[5], [8]]
6
[[5], [9]]
6
[[5], [9], [16]]
5
[[5], [9], [19]]
5
[[5], [10]]
8
[[5], [10], [15]]
6
[[5], [10], [16]]
5
[[5], [10], [18]]
6
[[5], [10], [19]]
5
[[5], [10], [19], [19]]
5
[[5], [11]]
7
[[5], [11], [15]]
5
[[5], [11], [16]]
5
[[5], [12]]
5
[[5], [13]]
5
[[5], [13], [18]]
5
[[5], [14]]
5
[[5], [15]]
7
[[5], [15], [11]]
5
[[5], [15, 19]]
5
[[5], [16]]
9
[[5], [16], [10]]
7
[[5], [16], [10], [15]]
5
[[5], [16], [10], [18]]
5
[[5], [16], [11]]
6
[[5], [16], [15]]
5
[[5], [16], [16]]
5
[[5], [16], [18]]
6
[[5], [16], [18], [11]]
5
[[5], [16], [18, 19]]
6
[[5], [16], [18, 19], [11]]
5
[[5], [16], [19]]
7
[[5], [16], [19], [11]]
5
[[5], [16], [19], [18]]
6
[[5], [16], [19], [18], [11]]
5
[[5], [16], [19], [18, 19]]
5
[[5], [16], [19], [19]]
6
[[5], [17]]
9
[[5], [17], [9]]
5
[[5], [17], [10]]
6
[[5], [17], [10], [15]]
5
[[5], [17], [11]]
6
[[5], [17], [15]]
6
[[5], [17], [16]]
7
[[5], [17], [18]]
8
[[5], [17], [18], [9]]
5
[[5], [17], [18], [11]]
6
[[5], [17], [18], [16]]
7
[[5], [17], [18], [18]]
6
[[5], [17], [18, 19]]
6
[[5], [17], [18, 19], [9]]
5
[[5], [17], [19]]
6
[[5], [17], [19], [9]]
5
[[5], [17], [19], [10]]
5
[[5], [17], [19], [11]]
5
[[5], [17], [19], [18]]
5
[[5], [17], [19], [18], [9]]
5
[[5], [17], [19], [18, 19]]
5
[[5], [17], [19], [18, 19], [9]]
5
[[5], [17], [19], [19]]
5
[[5], [17], [19], [19], [9]]
5
[[5], [18]]
11
[[5], [18], [8]]
5
[[5], [18], [9]]
6
[[5], [18], [10]]
5
[[5], [18], [11]]
7
[[5], [18], [11], [16]]
5
[[5], [18], [15]]
6
[[5], [18], [16]]
7
[[5], [18], [16], [16]]
5
[[5], [18], [17]]
5
[[5], [18], [18]]
9
[[5], [18], [18], [11]]
6
[[5], [18], [18], [11], [16]]
5
[[5], [18], [18], [15]]
6
[[5], [18], [18], [16]]
6
[[5], [18], [18], [18]]
6
[[5], [18], [18], [18], [19]]
5
[[5], [18], [18], [19]]
5
[[5], [18], [18], [19], [19]]
5
[[5], [18], [18, 19]]
6
[[5], [18], [18, 19], [18]]
5
[[5], [18], [18, 19], [19]]
5
[[5], [18], [18, 19], [19], [19]]
5
[[5], [18], [19]]
6
[[5], [18], [19], [11]]
5
[[5], [18], [19], [18]]
5
[[5], [18], [19], [18], [19]]
5
[[5], [18], [19], [19]]
5
[[5], [18], [19], [19], [19]]
5
[[5], [18, 19]]
10
[[5], [18, 19], [8]]
5
[[5], [18, 19], [9]]
6
[[5], [18, 19], [10]]
5
[[5], [18, 19], [11]]
7
[[5], [18, 19], [11], [16]]
5
[[5], [18, 19], [15]]
6
[[5], [18, 19], [16]]
6
[[5], [18, 19], [16], [16]]
5
[[5], [18, 19], [18]]
7
[[5], [18, 19], [18], [11]]
5
[[5], [18, 19], [18], [11], [16]]
5
[[5], [18, 19], [18], [15]]
5
[[5], [18, 19], [18], [16]]
6
[[5], [18, 19], [18], [18]]
6
[[5], [18, 19], [18], [18], [19]]
5
[[5], [18, 19], [18], [19]]
5
[[5], [18, 19], [18], [19], [19]]
5
[[5], [18, 19], [18, 19]]
5
[[5], [18, 19], [18, 19], [18]]
5
[[5], [18, 19], [18, 19], [19]]
5
[[5], [18, 19], [18, 19], [19], [19]]
5
[[5], [18, 19], [19]]
5
[[5], [18, 19], [19], [18]]
5
[[5], [18, 19], [19], [18], [19]]
5
[[5], [18, 19], [19], [19]]
5
[[5], [18, 19], [19], [19], [19]]
5
[[5], [19]]
10
[[5], [19], [8]]
5
[[5], [19], [9]]
6
[[5], [19], [10]]
7
[[5], [19], [10], [15]]
6
[[5], [19], [10], [16]]
5
[[5], [19], [10], [18]]
5
[[5], [19], [11]]
7
[[5], [19], [11], [16]]
5
[[5], [19], [15]]
7
[[5], [19], [15], [11]]
5
[[5], [19], [16]]
8
[[5], [19], [16], [10]]
6
[[5], [19], [16], [10], [15]]
5
[[5], [19], [16], [11]]
6
[[5], [19], [16], [15]]
5
[[5], [19], [16], [16]]
5
[[5], [19], [16], [18]]
5
[[5], [19], [16], [18], [11]]
5
[[5], [19], [16], [19]]
5
[[5], [19], [16], [19], [19]]
5
[[5], [19], [17]]
6
[[5], [19], [17], [16]]
5
[[5], [19], [17], [18]]
5
[[5], [19], [18]]
10
[[5], [19], [18], [9]]
5
[[5], [19], [18], [10]]
5
[[5], [19], [18], [11]]
7
[[5], [19], [18], [11], [16]]
5
[[5], [19], [18], [15]]
6
[[5], [19], [18], [16]]
7
[[5], [19], [18], [18]]
8
[[5], [19], [18], [18], [11]]
6
[[5], [19], [18], [18], [11], [16]]
5
[[5], [19], [18], [18], [15]]
6
[[5], [19], [18], [18], [16]]
6
[[5], [19], [18], [18], [19]]
5
[[5], [19], [18], [18, 19]]
5
[[5], [19], [18], [19]]
6
[[5], [19], [18], [19], [19]]
5
[[5], [19], [18, 19]]
10
[[5], [19], [18, 19], [9]]
5
[[5], [19], [18, 19], [10]]
5
[[5], [19], [18, 19], [11]]
7
[[5], [19], [18, 19], [11], [16]]
5
[[5], [19], [18, 19], [15]]
6
[[5], [19], [18, 19], [16]]
6
[[5], [19], [18, 19], [18]]
7
[[5], [19], [18, 19], [18], [11]]
5
[[5], [19], [18, 19], [18], [11], [16]]
5
[[5], [19], [18, 19], [18], [15]]
5
[[5], [19], [18, 19], [18], [16]]
6
[[5], [19], [18, 19], [18], [19]]
5
[[5], [19], [18, 19], [19]]
5
[[5], [19], [18, 19], [19], [19]]
5
[[5], [19], [19]]
10
[[5], [19], [19], [9]]
5
[[5], [19], [19], [10]]
6
[[5], [19], [19], [10], [15]]
5
[[5], [19], [19], [11]]
7
[[5], [19], [19], [11], [16]]
5
[[5], [19], [19], [15]]
7
[[5], [19], [19], [16]]
7
[[5], [19], [19], [17]]
5
[[5], [19], [19], [18]]
8
[[5], [19], [19], [18], [9]]
5
[[5], [19], [19], [18], [11]]
6
[[5], [19], [19], [18], [11], [16]]
5
[[5], [19], [19], [18], [15]]
5
[[5], [19], [19], [18], [16]]
6
[[5], [19], [19], [18], [18]]
5
[[5], [19], [19], [18], [19]]
5
[[5], [19], [19], [18, 19]]
6
[[5], [19], [19], [19]]
7
[[5], [19], [19], [19], [18]]
5
[[5], [19], [19], [19], [19]]
6
[[12]]
12
[[12], [5]]
7
[[12], [5], [18]]
5
[[12], [5], [18], [18]]
5
[[12], [5], [19]]
5
[[12], [6]]
5
[[12], [8]]
5
[[12], [9]]
5
[[12], [10]]
5
[[12], [10], [16]]
5
[[12], [11]]
5
[[12], [12]]
5
[[12], [13]]
6
[[12], [13], [18]]
5
[[12], [14]]
7
[[12], [14], [18]]
5
[[12], [16]]
6
[[12], [17]]
6
[[12], [18]]
9
[[12], [18], [10]]
5
[[12], [18], [11]]
5
[[12], [18], [14]]
6
[[12], [18], [16]]
6
[[12], [18], [17]]
5
[[12], [18], [18]]
7
[[12], [18], [19]]
5
[[12], [18, 19]]
7
[[12], [18, 19], [11]]
5
[[12], [18, 19], [18]]
5
[[12], [19]]
8
[[12], [19], [5]]
6
[[12], [19], [10]]
5
[[12], [19], [10], [16]]
5
[[12], [19], [11]]
5
[[12], [19], [16]]
6
[[12], [19], [18]]
6
[[12], [19], [18], [16]]
5
[[12], [19], [18], [18]]
5
[[12], [19], [18, 19]]
5
[[12], [19], [19]]
6
[[12], [19], [19], [18]]
5
[[6]]
11
[[6], [2]]
5
[[6], [2], [18]]
5
[[6], [5]]
7
[[6], [5], [18]]
5
[[6], [5], [18], [18]]
5
[[6], [5], [19]]
5
[[6], [6]]
5
[[6], [8]]
5
[[6], [9]]
6
[[6], [10]]
5
[[6], [11]]
6
[[6], [12]]
6
[[6], [15]]
6
[[6], [15], [16]]
5
[[6], [16]]
6
[[6], [17]]
5
[[6], [18]]
8
[[6], [18], [11]]
5
[[6], [18], [15]]
5
[[6], [18], [16]]
5
[[6], [18], [18]]
6
[[6], [18], [19]]
5
[[6], [18, 19]]
7
[[6], [18, 19], [11]]
5
[[6], [18, 19], [15]]
5
[[6], [18, 19], [16]]
5
[[6], [18, 19], [18]]
5
[[6], [19]]
8
[[6], [19], [5]]
6
[[6], [19], [11]]
5
[[6], [19], [15]]
5
[[6], [19], [16]]
5
[[6], [19], [18]]
5
[[6], [19], [18], [18]]
5
[[6], [19], [18, 19]]
5
[[6], [19], [18, 19], [18]]
5
[[6], [19], [19]]
6
[[6], [19], [19], [18]]
5
[[9]]
10
[[9], [6]]
5
[[9], [11]]
6
[[9], [12]]
6
[[9], [16]]
6
[[9], [18]]
6
[[9], [18], [11]]
5
[[9], [18, 19]]
6
[[9], [19]]
9
[[9], [19], [11]]
5
[[9], [19], [18]]
5
[[9], [19], [18, 19]]
5
[[9], [19], [19]]
6
[[9], [19], [19], [18]]
5
[[9, 16]]
5
[[2]]
9
[[2], [2]]
5
[[2], [6]]
5
[[2], [8]]
5
[[2], [9]]
5
[[2], [10]]
5
[[2], [11]]
5
[[2], [12]]
5
[[2], [14]]
5
[[2], [16]]
8
[[2], [16], [8]]
5
[[2], [17]]
5
[[2], [18]]
9
[[2], [18], [9]]
5
[[2], [18], [11]]
5
[[2], [18], [16]]
6
[[2], [18], [18]]
5
[[2], [18, 19]]
6
[[2], [18, 19], [9]]
5
[[2], [18, 19], [11]]
5
[[2], [19]]
7
[[2], [19], [9]]
5
[[2], [19], [10]]
5
[[2], [19], [11]]
5
[[2], [19], [16]]
6
[[2], [19], [18]]
6
[[2], [19], [18], [9]]
5
[[2], [19], [18], [16]]
5
[[2], [19], [19]]
5
[[2], [19], [19], [19]]
5
[[8]]
12
[[8], [8]]
5
[[8], [10]]
5
[[8], [10], [18]]
5
[[8], [16]]
7
[[8], [16], [8]]
5
[[8], [16], [10]]
5
[[8], [16], [18]]
5
[[8], [16], [18, 19]]
5
[[8], [16], [19]]
5
[[8], [16], [19], [18]]
5
[[8], [16], [19], [18, 19]]
5
[[8], [16], [19], [19]]
5
[[8], [17]]
5
[[8], [18]]
8
[[8], [18], [8]]
5
[[8], [18], [16]]
5
[[8], [18], [18]]
5
[[8], [18, 19]]
6
[[8], [19]]
9
[[8], [19], [8]]
5
[[8], [19], [16]]
6
[[8], [19], [18]]
7
[[8], [19], [18], [16]]
5
[[8], [19], [18, 19]]
6
[[8], [19], [19]]
6
[[8], [19], [19], [16]]
5
[[8], [19], [19], [19]]
5
[[0]]
6
[[0], [18]]
5
[[1]]
5
[[1], [8]]
5
[[1], [18]]
5
[[3]]
9
[[3], [5]]
5
[[3], [8]]
6
[[3], [8], [19]]
6
[[3], [10]]
5
[[3], [10], [16]]
5
[[3], [10], [18]]
5
[[3], [12]]
5
[[3], [16]]
6
[[3], [16], [16]]
5
[[3], [16], [18]]
5
[[3], [18]]
8
[[3], [18], [16]]
5
[[3], [18], [18]]
7
[[3], [18, 19]]
8
[[3], [18, 19], [18]]
6
[[3], [19]]
9
[[3], [19], [18]]
7
[[3], [19], [18, 19]]
5
[[3], [19], [19]]
5
