[[14]]
95
[[14], [10]]
47
[[14], [11]]
45
[[14], [14]]
57
[[14], [15]]
64
[[14], [15], [19]]
43
[[14], [18]]
63
[[14], [18], [18]]
45
[[14], [18], [19]]
46
[[14], [18, 19]]
49
[[14], [19]]
77
[[14], [19], [18]]
51
[[14], [19], [19]]
58
[[14], [19], [19], [19]]
42
[[14], [19], [17]]
48
[[14], [19], [16]]
43
[[14], [19], [13]]
41
[[14], [19], [14]]
42
[[14], [19], [15]]
44
[[14], [7]]
47
[[14], [12]]
60
[[14], [12], [19]]
43
[[14], [13]]
61
[[14], [13], [19]]
47
[[14], [16]]
55
[[14], [6]]
45
[[14], [8]]
47
[[14], [17]]
63
[[14], [17], [19]]
50
[[14], [5]]
44
[[14], [3]]
44
[[12]]
92
[[12], [19]]
68
[[12], [19], [19]]
44
[[12], [19], [17]]
44
[[12], [14]]
52
[[12], [15]]
54
[[12], [18]]
62
[[12], [18, 19]]
43
[[12], [8]]
42
[[12], [13]]
49
[[12], [17]]
54
[[12], [17], [19]]
41
[[12], [12]]
41
[[12], [16]]
47
[[19]]
125
[[19], [0]]
56
[[19], [0], [19]]
41
[[19], [1]]
49
[[19], [2]]
52
[[19], [3]]
59
[[19], [4]]
51
[[19], [5]]
64
[[19], [6]]
62
[[19], [6], [19]]
43
[[19], [7]]
65
[[19], [7], [19]]
52
[[19], [7], [18]]
42
[[19], [8]]
67
[[19], [8], [19]]
49
[[19], [8], [18]]
41
[[19], [9]]
55
[[19], [9], [19]]
42
[[19], [10]]
65
[[19], [10], [19]]
44
[[19], [11]]
66
[[19], [11], [19]]
52
[[19], [11], [17]]
42
[[19], [11], [13]]
41
[[19], [11], [18]]
42
[[19], [12]]
77
[[19], [12], [19]]
50
[[19], [12], [18]]
44
[[19], [12], [17]]
41
[[19], [13]]
82
[[19], [13], [17]]
55
[[19], [13], [18]]
49
[[19], [13], [19]]
65
[[19], [13], [19], [19]]
41
[[19], [13], [14]]
47
[[19], [13], [15]]
49
[[19], [13], [13]]
41
[[19], [13], [16]]
42
[[19], [14]]
80
[[19], [14], [18]]
47
[[19], [14], [19]]
60
[[19], [14], [13]]
48
[[19], [14], [17]]
48
[[19], [14], [12]]
46
[[19], [14], [15]]
49
[[19], [14], [14]]
45
[[19], [14], [16]]
45
[[19], [15]]
79
[[19], [15], [19]]
53
[[19], [15], [17]]
46
[[19], [15], [18]]
44
[[19], [15], [16]]
43
[[19], [15], [15]]
42
[[19], [16]]
81
[[19], [16], [19]]
54
[[19], [16], [14]]
44
[[19], [16], [16]]
47
[[19], [16], [18]]
48
[[19], [16], [13]]
42
[[19], [16], [15]]
45
[[19], [16], [17]]
43
[[19], [17]]
88
[[19], [17], [13]]
54
[[19], [17], [17]]
59
[[19], [17], [19]]
68
[[19], [17], [18]]
56
[[19], [17], [15]]
53
[[19], [17], [14]]
49
[[19], [17], [12]]
43
[[19], [17], [16]]
46
[[19], [17, 19]]
48
[[19], [18]]
94
[[19], [18], [13]]
59
[[19], [18], [13], [19]]
44
[[19], [18], [16]]
52
[[19], [18], [17]]
63
[[19], [18], [17], [19]]
45
[[19], [18], [18]]
65
[[19], [18], [18], [19]]
46
[[19], [18], [18, 19]]
44
[[19], [18], [19]]
74
[[19], [18], [19], [18]]
48
[[19], [18], [19], [19]]
52
[[19], [18], [19], [17]]
42
[[19], [18], [12]]
53
[[19], [18], [14]]
56
[[19], [18], [15]]
56
[[19], [18], [9]]
42
[[19], [18], [6]]
42
[[19], [18], [8]]
43
[[19], [18], [10]]
44
[[19], [18], [3]]
42
[[19], [18], [7]]
42
[[19], [18, 19]]
65
[[19], [18, 19], [19]]
46
[[19], [18, 19], [18]]
41
[[19], [19]]
107
[[19], [19], [7]]
50
[[19], [19], [13]]
62
[[19], [19], [13], [19]]
43
[[19], [19], [14]]
61
[[19], [19], [16]]
60
[[19], [19], [17]]
70
[[19], [19], [17], [19]]
46
[[19], [19], [17], [13]]
43
[[19], [19], [17], [17]]
44
[[19], [19], [17], [15]]
41
[[19], [19], [18]]
71
[[19], [19], [18], [19]]
45
[[19], [19], [18], [18]]
42
[[19], [19], [18, 19]]
48
[[19], [19], [19]]
79
[[19], [19], [19], [18]]
47
[[19], [19], [19], [19]]
56
[[19], [19], [19], [17]]
47
[[19], [19], [19], [15]]
42
[[19], [19], [8]]
47
[[19], [19], [11]]
48
[[19], [19], [12]]
58
[[19], [19], [15]]
62
[[19], [19], [9]]
44
[[19], [19], [5]]
45
[[19], [19], [10]]
45
[[19], [19], [3]]
42
[[16]]
96
[[16], [16]]
58
[[16], [18]]
62
[[16], [18, 19]]
42
[[16], [19]]
71
[[16], [19], [19]]
50
[[16], [19], [18]]
42
[[16], [12]]
52
[[16], [14]]
55
[[16], [17]]
57
[[16], [13]]
49
[[16], [15]]
55
[[16], [5]]
44
[[16], [11]]
42
[[16, 19]]
45
[[5]]
75
[[5], [18]]
44
[[5], [19]]
53
[[5], [16]]
43
[[4]]
65
[[4], [18]]
42
[[4], [19]]
49
[[4], [14]]
41
[[9]]
74
[[9], [18]]
54
[[9], [19]]
61
[[9], [19], [19]]
49
[[9], [19], [17]]
42
[[9], [19], [18]]
43
[[9], [17]]
50
[[9], [14]]
48
[[9], [13]]
47
[[9], [15]]
46
[[9], [16]]
45
[[6]]
76
[[6], [19]]
59
[[6], [19], [19]]
43
[[6], [18]]
52
[[6], [13]]
46
[[6], [17]]
50
[[6], [14]]
45
[[6], [12]]
41
[[6], [15]]
43
[[6], [16]]
43
[[3]]
73
[[3], [19]]
54
[[3], [18]]
48
[[1]]
64
[[1], [19]]
50
[[1], [19], [19]]
42
[[1], [17]]
43
[[1], [18]]
43
[[2]]
73
[[2], [19]]
56
[[2], [17]]
49
[[2], [18]]
45
[[2], [16]]
47
[[2], [15]]
41
[[18]]
112
[[18], [3]]
50
[[18], [4]]
46
[[18], [6]]
53
[[18], [7]]
53
[[18], [9]]
49
[[18], [10]]
54
[[18], [11]]
57
[[18], [11], [19]]
44
[[18], [13]]
68
[[18], [13], [19]]
51
[[18], [13], [17]]
41
[[18], [14]]
68
[[18], [14], [19]]
43
[[18], [15]]
69
[[18], [15], [19]]
47
[[18], [16]]
70
[[18], [16], [19]]
48
[[18], [17]]
74
[[18], [17], [19]]
60
[[18], [17], [17]]
47
[[18], [17], [18]]
48
[[18], [17], [15]]
48
[[18], [17], [13]]
45
[[18], [17], [14]]
43
[[18], [17, 19]]
45
[[18], [18]]
79
[[18], [18], [13]]
49
[[18], [18], [18]]
55
[[18], [18], [19]]
64
[[18], [18], [19], [19]]
45
[[18], [18], [19], [18]]
45
[[18], [18], [17]]
52
[[18], [18], [15]]
48
[[18], [18], [16]]
48
[[18], [18], [14]]
46
[[18], [18], [12]]
42
[[18], [18, 19]]
56
[[18], [18, 19], [19]]
43
[[18], [19]]
87
[[18], [19], [13]]
49
[[18], [19], [16]]
50
[[18], [19], [18]]
60
[[18], [19], [19]]
70
[[18], [19], [19], [19]]
49
[[18], [19], [19], [18]]
45
[[18], [19], [12]]
46
[[18], [19], [17]]
57
[[18], [19], [17], [19]]
42
[[18], [19], [14]]
49
[[18], [19], [15]]
51
[[18], [19], [10]]
41
[[18], [19], [7]]
41
[[18], [5]]
53
[[18], [12]]
67
[[18], [12], [19]]
45
[[18], [0]]
46
[[18], [8]]
55
[[18], [2]]
43
[[18], [1]]
42
[[18, 19]]
84
[[18, 19], [18]]
55
[[18, 19], [18], [19]]
43
[[18, 19], [19]]
58
[[18, 19], [19], [19]]
44
[[18, 19], [19], [18]]
41
[[18, 19], [12]]
48
[[18, 19], [13]]
47
[[18, 19], [17]]
48
[[18, 19], [14]]
52
[[18, 19], [15]]
51
[[18, 19], [16]]
48
[[18, 19], [5]]
41
[[18, 19], [10]]
42
[[7]]
79
[[7], [17]]
51
[[7], [18]]
55
[[7], [18, 19]]
42
[[7], [19]]
66
[[7], [19], [19]]
43
[[7], [19], [17]]
41
[[7], [14]]
48
[[7], [13]]
47
[[7], [15]]
48
[[7], [16]]
45
[[8]]
82
[[8], [18]]
61
[[8], [18], [19]]
45
[[8], [18, 19]]
46
[[8], [19]]
67
[[8], [19], [18]]
44
[[8], [19], [19]]
52
[[8], [11]]
43
[[8], [13]]
47
[[8], [16]]
51
[[8], [17]]
54
[[8], [10]]
43
[[8], [15]]
44
[[8], [14]]
43
[[8], [12]]
41
[[11]]
82
[[11], [11]]
50
[[11], [13]]
57
[[11], [13], [19]]
42
[[11], [15]]
53
[[11], [17]]
57
[[11], [17], [19]]
43
[[11], [18]]
56
[[11], [18], [19]]
41
[[11], [19]]
65
[[11], [19], [19]]
43
[[11], [14]]
51
[[11], [16]]
49
[[15]]
95
[[15], [11]]
45
[[15], [13]]
56
[[15], [13], [19]]
43
[[15], [16]]
57
[[15], [17]]
62
[[15], [17], [19]]
45
[[15], [18]]
65
[[15], [18], [18]]
43
[[15], [18], [19]]
49
[[15], [18, 19]]
44
[[15], [19]]
74
[[15], [19], [18]]
47
[[15], [19], [19]]
51
[[15], [19], [17]]
44
[[15], [19], [16]]
46
[[15], [19], [15]]
41
[[15], [14]]
53
[[15], [15]]
60
[[15], [12]]
48
[[15], [7]]
41
[[15], [10]]
41
[[13]]
100
[[13], [11]]
50
[[13], [13]]
52
[[13], [14]]
58
[[13], [15]]
60
[[13], [15], [19]]
41
[[13], [17]]
63
[[13], [17], [19]]
47
[[13], [18]]
66
[[13], [18], [19]]
46
[[13], [18], [18]]
43
[[13], [18, 19]]
46
[[13], [19]]
79
[[13], [19], [18]]
45
[[13], [19], [19]]
54
[[13], [19], [14]]
42
[[13], [0]]
41
[[13], [8]]
46
[[13], [9]]
42
[[13], [7]]
43
[[13], [10]]
46
[[13], [16]]
55
[[13], [5]]
42
[[13], [3]]
43
[[13], [12]]
43
[[10]]
76
[[10], [18]]
51
[[10], [19]]
57
[[10], [13]]
44
[[10], [17]]
46
[[10], [15]]
42
[[10], [16]]
41
[[10], [14]]
41
[[0]]
67
[[0], [18]]
44
[[0], [19]]
52
[[0], [13]]
42
[[17]]
107
[[17], [4]]
47
[[17], [7]]
52
[[17], [9]]
45
[[17], [10]]
55
[[17], [11]]
55
[[17], [11], [19]]
41
[[17], [13]]
70
[[17], [13], [19]]
48
[[17], [13], [14]]
41
[[17], [13], [18]]
41
[[17], [14]]
66
[[17], [14], [19]]
44
[[17], [15]]
69
[[17], [15], [19]]
47
[[17], [15], [17]]
41
[[17], [16]]
63
[[17], [17]]
73
[[17], [17], [19]]
54
[[17], [17], [17]]
46
[[17], [17], [18]]
43
[[17], [18]]
73
[[17], [18], [18]]
49
[[17], [18], [19]]
55
[[17], [18], [19], [19]]
42
[[17], [18], [17]]
44
[[17], [18], [15]]
41
[[17], [18, 19]]
53
[[17], [19]]
89
[[17], [19], [18]]
56
[[17], [19], [18], [19]]
41
[[17], [19], [19]]
63
[[17], [19], [19], [19]]
43
[[17], [19], [17]]
55
[[17], [19], [14]]
45
[[17], [19], [16]]
48
[[17], [19], [15]]
47
[[17], [19], [7]]
43
[[17], [19], [10]]
42
[[17], [19], [13]]
43
[[17], [5]]
52
[[17], [0]]
48
[[17], [6]]
46
[[17], [8]]
51
[[17], [12]]
58
[[17], [2]]
42
[[17], [3]]
44
[[17, 19]]
63
[[17, 19], [19]]
48
[[17, 18]]
46
