[[14]]
111
[[14], [3]]
49
[[14], [4]]
42
[[14], [9]]
44
[[14], [10]]
55
[[14], [11]]
50
[[14], [14]]
63
[[14], [14], [19]]
44
[[14], [15]]
74
[[14], [15], [19]]
51
[[14], [15], [18]]
42
[[14], [15], [16]]
41
[[14], [15], [17]]
40
[[14], [18]]
74
[[14], [18], [18]]
50
[[14], [18], [19]]
53
[[14], [18], [19], [19]]
39
[[14], [18], [12]]
41
[[14], [18], [17]]
43
[[14], [18], [14]]
39
[[14], [18], [15]]
40
[[14], [18], [16]]
41
[[14], [18, 19]]
55
[[14], [19]]
88
[[14], [19], [18]]
56
[[14], [19], [18], [19]]
39
[[14], [19], [12]]
43
[[14], [19], [19]]
65
[[14], [19], [19], [19]]
46
[[14], [19], [19], [17]]
40
[[14], [19], [16]]
49
[[14], [19], [17]]
53
[[14], [19], [17], [19]]
40
[[14], [19], [14]]
45
[[14], [19], [13]]
44
[[14], [19], [15]]
48
[[14], [19], [10]]
40
[[14], [5]]
47
[[14], [7]]
55
[[14], [7], [19]]
44
[[14], [12]]
68
[[14], [12], [19]]
49
[[14], [12], [18]]
40
[[14], [13]]
67
[[14], [13], [19]]
51
[[14], [16]]
66
[[14], [16], [19]]
42
[[14], [17]]
71
[[14], [17], [19]]
55
[[14], [17], [13]]
41
[[14], [17], [15]]
41
[[14], [17], [18]]
41
[[14], [17], [17]]
40
[[14], [6]]
55
[[14], [8]]
51
[[14], [0]]
42
[[14], [2]]
49
[[12]]
105
[[12], [5]]
42
[[12], [14]]
61
[[12], [19]]
76
[[12], [19], [18]]
47
[[12], [19], [19]]
50
[[12], [19], [14]]
46
[[12], [19], [17]]
52
[[12], [19], [15]]
44
[[12], [19], [16]]
43
[[12], [18]]
67
[[12], [18], [19]]
46
[[12], [18], [18]]
41
[[12], [7]]
43
[[12], [8]]
46
[[12], [9]]
44
[[12], [13]]
53
[[12], [13], [19]]
41
[[12], [15]]
60
[[12], [15], [19]]
39
[[12], [17]]
65
[[12], [17], [19]]
47
[[12], [17], [14]]
39
[[12], [12]]
48
[[12], [16]]
53
[[12], [10]]
43
[[12], [11]]
41
[[12], [6]]
42
[[12], [3]]
40
[[12], [0]]
40
[[12], [2]]
40
[[19]]
142
[[19], [0]]
65
[[19], [0], [19]]
48
[[19], [0], [18]]
40
[[19], [1]]
56
[[19], [1], [19]]
41
[[19], [2]]
62
[[19], [2], [19]]
43
[[19], [3]]
63
[[19], [3], [19]]
41
[[19], [4]]
57
[[19], [4], [19]]
40
[[19], [5]]
70
[[19], [5], [19]]
41
[[19], [5], [18]]
39
[[19], [6]]
73
[[19], [6], [19]]
53
[[19], [6], [13]]
40
[[19], [6], [18]]
45
[[19], [6], [17]]
45
[[19], [7]]
72
[[19], [7], [17]]
45
[[19], [7], [18]]
48
[[19], [7], [19]]
59
[[19], [7], [14]]
41
[[19], [7], [15]]
39
[[19], [8]]
72
[[19], [8], [18]]
46
[[19], [8], [17]]
41
[[19], [8], [19]]
53
[[19], [8], [16]]
39
[[19], [8], [14]]
39
[[19], [9]]
66
[[19], [9], [19]]
47
[[19], [10]]
72
[[19], [10], [19]]
50
[[19], [10], [18]]
41
[[19], [11]]
75
[[19], [11], [18]]
47
[[19], [11], [19]]
58
[[19], [11], [17]]
46
[[19], [11], [13]]
44
[[19], [11], [14]]
40
[[19], [11], [16]]
45
[[19], [11], [15]]
39
[[19], [12]]
85
[[19], [12], [18]]
49
[[19], [12], [19]]
59
[[19], [12], [17]]
48
[[19], [12], [14]]
44
[[19], [12], [15]]
41
[[19], [13]]
89
[[19], [13], [13]]
43
[[19], [13], [14]]
51
[[19], [13], [15]]
53
[[19], [13], [17]]
59
[[19], [13], [17], [19]]
40
[[19], [13], [18]]
53
[[19], [13], [19]]
71
[[19], [13], [19], [19]]
42
[[19], [13], [16]]
47
[[19], [13], [8]]
39
[[19], [13], [10]]
39
[[19], [13], [12]]
42
[[19], [14]]
90
[[19], [14], [14]]
50
[[19], [14], [18]]
55
[[19], [14], [19]]
69
[[19], [14], [19], [19]]
41
[[19], [14], [13]]
53
[[19], [14], [13], [19]]
39
[[19], [14], [15]]
56
[[19], [14], [17]]
52
[[19], [14], [12]]
50
[[19], [14], [16]]
51
[[19], [14], [6]]
42
[[19], [14], [8]]
39
[[19], [14], [11]]
39
[[19], [14], [7]]
40
[[19], [14], [10]]
39
[[19], [15]]
87
[[19], [15], [18]]
51
[[19], [15], [19]]
63
[[19], [15], [17]]
54
[[19], [15], [15]]
48
[[19], [15], [16]]
49
[[19], [15], [13]]
42
[[19], [15], [12]]
41
[[19], [15], [14]]
41
[[19], [16]]
91
[[19], [16], [16]]
51
[[19], [16], [18]]
53
[[19], [16], [19]]
63
[[19], [16], [14]]
50
[[19], [16], [17]]
52
[[19], [16], [13]]
47
[[19], [16], [12]]
45
[[19], [16], [15]]
48
[[19], [16], [6]]
39
[[19], [17]]
102
[[19], [17], [4]]
42
[[19], [17], [13]]
62
[[19], [17], [14]]
58
[[19], [17], [15]]
61
[[19], [17], [17]]
66
[[19], [17], [17], [19]]
39
[[19], [17], [18]]
65
[[19], [17], [18], [19]]
46
[[19], [17], [18], [18]]
40
[[19], [17], [19]]
77
[[19], [17], [19], [19]]
44
[[19], [17], [19], [17]]
44
[[19], [17], [19], [18]]
43
[[19], [17], [16]]
51
[[19], [17], [12]]
49
[[19], [17], [7]]
44
[[19], [17], [8]]
41
[[19], [17], [10]]
46
[[19], [17], [0]]
40
[[19], [17], [9]]
41
[[19], [17], [5]]
39
[[19], [17], [6]]
41
[[19], [18]]
105
[[19], [18], [0]]
42
[[19], [18], [3]]
46
[[19], [18], [4]]
42
[[19], [18], [6]]
52
[[19], [18], [7]]
49
[[19], [18], [9]]
50
[[19], [18], [10]]
51
[[19], [18], [11]]
46
[[19], [18], [13]]
65
[[19], [18], [13], [19]]
50
[[19], [18], [14]]
63
[[19], [18], [14], [19]]
40
[[19], [18], [15]]
61
[[19], [18], [15], [19]]
42
[[19], [18], [16]]
58
[[19], [18], [16], [19]]
39
[[19], [18], [17]]
72
[[19], [18], [17], [19]]
54
[[19], [18], [17], [13]]
43
[[19], [18], [17], [15]]
42
[[19], [18], [17], [18]]
41
[[19], [18], [18]]
73
[[19], [18], [18], [19]]
55
[[19], [18], [18], [18]]
47
[[19], [18], [18], [14]]
42
[[19], [18], [18, 19]]
50
[[19], [18], [19]]
86
[[19], [18], [19], [18]]
54
[[19], [18], [19], [19]]
61
[[19], [18], [19], [17]]
49
[[19], [18], [19], [14]]
44
[[19], [18], [19], [15]]
41
[[19], [18], [19], [13]]
40
[[19], [18], [19], [16]]
41
[[19], [18], [5]]
44
[[19], [18], [12]]
60
[[19], [18], [12], [19]]
42
[[19], [18], [8]]
48
[[19], [18], [2]]
41
[[19], [18, 19]]
73
[[19], [18, 19], [18]]
47
[[19], [18, 19], [19]]
55
[[19], [18, 19], [17]]
41
[[19], [18, 19], [14]]
41
[[19], [18, 19], [15]]
42
[[19], [19]]
120
[[19], [19], [3]]
46
[[19], [19], [4]]
43
[[19], [19], [5]]
51
[[19], [19], [7]]
57
[[19], [19], [7], [19]]
42
[[19], [19], [9]]
51
[[19], [19], [10]]
51
[[19], [19], [11]]
53
[[19], [19], [11], [19]]
39
[[19], [19], [13]]
68
[[19], [19], [13], [19]]
48
[[19], [19], [13], [17]]
40
[[19], [19], [14]]
68
[[19], [19], [14], [19]]
39
[[19], [19], [15]]
69
[[19], [19], [15], [19]]
42
[[19], [19], [16]]
68
[[19], [19], [16], [19]]
40
[[19], [19], [17]]
82
[[19], [19], [17], [19]]
53
[[19], [19], [17], [17]]
48
[[19], [19], [17], [18]]
45
[[19], [19], [17], [13]]
50
[[19], [19], [17], [15]]
48
[[19], [19], [17], [14]]
42
[[19], [19], [17], [16]]
39
[[19], [19], [18]]
80
[[19], [19], [18], [18]]
50
[[19], [19], [18], [19]]
54
[[19], [19], [18], [17]]
46
[[19], [19], [18], [13]]
41
[[19], [19], [18], [14]]
41
[[19], [19], [18], [15]]
40
[[19], [19], [18, 19]]
54
[[19], [19], [19]]
91
[[19], [19], [19], [18]]
55
[[19], [19], [19], [19]]
64
[[19], [19], [19], [17]]
55
[[19], [19], [19], [15]]
47
[[19], [19], [19], [16]]
46
[[19], [19], [19], [13]]
43
[[19], [19], [19], [14]]
43
[[19], [19], [19], [7]]
42
[[19], [19], [0]]
42
[[19], [19], [8]]
52
[[19], [19], [12]]
65
[[19], [19], [12], [19]]
44
[[19], [19], [2]]
44
[[19], [19], [6]]
50
[[16]]
111
[[16], [16]]
69
[[16], [16], [19]]
45
[[16], [16], [14]]
39
[[16], [18]]
71
[[16], [18], [19]]
48
[[16], [18], [18]]
47
[[16], [19]]
84
[[16], [19], [19]]
58
[[16], [19], [19], [19]]
39
[[16], [19], [18]]
51
[[16], [19], [17]]
49
[[16], [19], [14]]
47
[[16], [19], [16]]
48
[[16], [19], [15]]
43
[[16], [12]]
63
[[16], [12], [19]]
40
[[16], [9]]
48
[[16], [14]]
65
[[16], [14], [19]]
42
[[16], [17]]
70
[[16], [17], [19]]
47
[[16], [17], [17]]
40
[[16], [17], [14]]
39
[[16], [0]]
44
[[16], [5]]
49
[[16], [8]]
44
[[16], [13]]
56
[[16], [13], [19]]
41
[[16], [15]]
62
[[16], [11]]
51
[[16], [7]]
49
[[16], [6]]
52
[[16], [10]]
46
[[16], [3]]
42
[[5]]
82
[[5], [14]]
43
[[5], [18]]
50
[[5], [19]]
59
[[5], [19], [19]]
41
[[5], [8]]
39
[[5], [16]]
49
[[5], [17]]
44
[[5], [13]]
40
[[5], [15]]
41
[[5], [12]]
39
[[4]]
75
[[4], [14]]
47
[[4], [15]]
44
[[4], [16]]
47
[[4], [17]]
43
[[4], [18]]
50
[[4], [19]]
58
[[4], [19], [19]]
39
[[4], [13]]
39
[[9]]
86
[[9], [9]]
47
[[9], [10]]
42
[[9], [11]]
44
[[9], [13]]
51
[[9], [16]]
51
[[9], [18]]
61
[[9], [18], [19]]
42
[[9], [18], [17]]
39
[[9], [18, 19]]
43
[[9], [19]]
70
[[9], [19], [18]]
49
[[9], [19], [19]]
55
[[9], [19], [17]]
48
[[9], [19], [14]]
42
[[9], [19], [16]]
40
[[9], [19], [15]]
40
[[9], [12]]
45
[[9], [5]]
40
[[9], [7]]
40
[[9], [8]]
42
[[9], [14]]
56
[[9], [17]]
58
[[9], [17], [19]]
40
[[9], [6]]
43
[[9], [15]]
51
[[9], [0]]
39
[[6]]
89
[[6], [17]]
62
[[6], [17], [19]]
46
[[6], [19]]
69
[[6], [19], [19]]
53
[[6], [19], [18]]
46
[[6], [19], [17]]
41
[[6], [13]]
51
[[6], [13], [19]]
39
[[6], [16]]
49
[[6], [18]]
61
[[6], [18], [18]]
41
[[6], [18], [19]]
42
[[6], [2]]
43
[[6], [7]]
42
[[6], [12]]
48
[[6], [15]]
48
[[6], [14]]
50
[[6], [9]]
41
[[6], [10]]
39
[[3]]
82
[[3], [13]]
42
[[3], [14]]
42
[[3], [15]]
44
[[3], [18]]
54
[[3], [19]]
62
[[3], [19], [19]]
41
[[3], [17]]
45
[[3], [16]]
41
[[1]]
76
[[1], [13]]
41
[[1], [16]]
46
[[1], [18]]
49
[[1], [19]]
60
[[1], [19], [19]]
49
[[1], [19], [17]]
40
[[1], [17]]
51
[[1], [14]]
43
[[1], [15]]
43
[[1], [12]]
40
[[2]]
84
[[2], [18]]
51
[[2], [19]]
65
[[2], [19], [19]]
41
[[2], [19], [16]]
40
[[2], [19], [17]]
39
[[2], [13]]
41
[[2], [17]]
54
[[2], [17], [19]]
42
[[2], [15]]
46
[[2], [16]]
53
[[2], [12]]
42
[[2], [14]]
44
[[18]]
130
[[18], [0]]
55
[[18], [0], [19]]
39
[[18], [3]]
57
[[18], [4]]
53
[[18], [6]]
66
[[18], [6], [19]]
44
[[18], [6], [17]]
39
[[18], [7]]
61
[[18], [7], [19]]
47
[[18], [8]]
61
[[18], [8], [19]]
45
[[18], [9]]
60
[[18], [9], [19]]
39
[[18], [10]]
62
[[18], [10], [19]]
42
[[18], [11]]
66
[[18], [11], [19]]
50
[[18], [11], [17]]
39
[[18], [11], [13]]
39
[[18], [13]]
75
[[18], [13], [17]]
46
[[18], [13], [19]]
57
[[18], [13], [14]]
44
[[18], [13], [15]]
43
[[18], [13], [18]]
43
[[18], [14]]
76
[[18], [14], [19]]
50
[[18], [14], [16]]
43
[[18], [14], [15]]
42
[[18], [14], [14]]
40
[[18], [14], [17]]
39
[[18], [14], [18]]
40
[[18], [15]]
75
[[18], [15], [17]]
44
[[18], [15], [19]]
53
[[18], [15], [14]]
39
[[18], [15], [16]]
41
[[18], [15], [15]]
43
[[18], [15], [13]]
39
[[18], [15], [18]]
40
[[18], [16]]
79
[[18], [16], [19]]
54
[[18], [16], [16]]
44
[[18], [16], [18]]
43
[[18], [16], [15]]
43
[[18], [16], [14]]
40
[[18], [16], [17]]
42
[[18], [17]]
87
[[18], [17], [17]]
54
[[18], [17], [19]]
69
[[18], [17], [19], [19]]
39
[[18], [17], [19], [18]]
40
[[18], [17], [19], [17]]
40
[[18], [17], [18]]
54
[[18], [17], [15]]
54
[[18], [17], [13]]
51
[[18], [17], [14]]
49
[[18], [17], [10]]
39
[[18], [17], [12]]
42
[[18], [17], [16]]
40
[[18], [18]]
90
[[18], [18], [13]]
55
[[18], [18], [13], [19]]
39
[[18], [18], [14]]
54
[[18], [18], [15]]
53
[[18], [18], [16]]
53
[[18], [18], [18]]
62
[[18], [18], [18], [19]]
41
[[18], [18], [19]]
74
[[18], [18], [19], [18]]
52
[[18], [18], [19], [19]]
51
[[18], [18], [19], [14]]
41
[[18], [18], [12]]
51
[[18], [18], [17]]
60
[[18], [18], [17], [19]]
47
[[18], [18], [9]]
40
[[18], [18], [5]]
40
[[18], [18], [10]]
44
[[18], [18], [7]]
41
[[18], [18], [6]]
40
[[18], [18, 19]]
63
[[18], [18, 19], [19]]
49
[[18], [18, 19], [18]]
40
[[18], [19]]
102
[[18], [19], [10]]
47
[[18], [19], [11]]
44
[[18], [19], [13]]
54
[[18], [19], [13], [19]]
40
[[18], [19], [15]]
56
[[18], [19], [16]]
57
[[18], [19], [16], [19]]
39
[[18], [19], [18]]
67
[[18], [19], [18], [18]]
45
[[18], [19], [18], [19]]
47
[[18], [19], [18], [17]]
39
[[18], [19], [19]]
79
[[18], [19], [19], [18]]
51
[[18], [19], [19], [19]]
57
[[18], [19], [19], [17]]
48
[[18], [19], [19], [14]]
42
[[18], [19], [19], [15]]
43
[[18], [19], [19], [13]]
41
[[18], [19], [7]]
46
[[18], [19], [12]]
53
[[18], [19], [17]]
68
[[18], [19], [17], [19]]
50
[[18], [19], [17], [17]]
40
[[18], [19], [17], [18]]
40
[[18], [19], [17], [15]]
40
[[18], [19], [14]]
55
[[18], [19], [8]]
41
[[18], [19], [5]]
45
[[18], [19], [9]]
41
[[18], [19], [3]]
41
[[18], [19], [6]]
42
[[18], [1]]
49
[[18], [5]]
58
[[18], [12]]
78
[[18], [12], [18]]
44
[[18], [12], [19]]
53
[[18], [12], [17]]
44
[[18], [12], [14]]
41
[[18], [2]]
52
[[18, 19]]
94
[[18, 19], [7]]
44
[[18, 19], [10]]
46
[[18, 19], [13]]
51
[[18, 19], [14]]
56
[[18, 19], [16]]
52
[[18, 19], [17]]
56
[[18, 19], [17], [19]]
42
[[18, 19], [18]]
62
[[18, 19], [18], [19]]
50
[[18, 19], [18], [13]]
39
[[18, 19], [18], [18]]
41
[[18, 19], [19]]
68
[[18, 19], [19], [18]]
47
[[18, 19], [19], [19]]
51
[[18, 19], [19], [15]]
39
[[18, 19], [19], [17]]
40
[[18, 19], [12]]
54
[[18, 19], [12], [19]]
39
[[18, 19], [5]]
44
[[18, 19], [15]]
55
[[18, 19], [9]]
42
[[18, 19], [6]]
46
[[18, 19], [3]]
40
[[7]]
88
[[7], [10]]
42
[[7], [17]]
57
[[7], [17], [19]]
41
[[7], [18]]
63
[[7], [18], [19]]
41
[[7], [18, 19]]
48
[[7], [19]]
73
[[7], [19], [19]]
49
[[7], [19], [17]]
45
[[7], [19], [16]]
41
[[7], [19], [15]]
40
[[7], [19], [18]]
42
[[7], [13]]
51
[[7], [15]]
52
[[7], [16]]
48
[[7], [9]]
41
[[7], [14]]
54
[[7], [12]]
43
[[7], [5]]
39
[[7], [7]]
39
[[8]]
91
[[8], [10]]
47
[[8], [11]]
48
[[8], [13]]
52
[[8], [13], [19]]
39
[[8], [14]]
48
[[8], [16]]
57
[[8], [18]]
68
[[8], [18], [18]]
40
[[8], [18], [19]]
50
[[8], [18], [17]]
39
[[8], [18], [16]]
43
[[8], [18, 19]]
50
[[8], [19]]
75
[[8], [19], [18]]
48
[[8], [19], [19]]
56
[[8], [19], [17]]
45
[[8], [19], [16]]
44
[[8], [19], [14]]
39
[[8], [3]]
43
[[8], [7]]
42
[[8], [8]]
42
[[8], [12]]
48
[[8], [17]]
61
[[8], [17], [19]]
44
[[8], [15]]
47
[[8], [6]]
43
[[11]]
92
[[11], [7]]
45
[[11], [11]]
54
[[11], [13]]
62
[[11], [13], [19]]
45
[[11], [15]]
57
[[11], [17]]
62
[[11], [17], [19]]
46
[[11], [17], [13]]
39
[[11], [18]]
62
[[11], [18], [19]]
46
[[11], [18, 19]]
40
[[11], [19]]
73
[[11], [19], [19]]
49
[[11], [19], [18]]
42
[[11], [19], [17]]
40
[[11], [14]]
56
[[11], [2]]
44
[[11], [16]]
56
[[11], [8]]
41
[[11], [12]]
42
[[11], [5]]
39
[[11], [10]]
40
[[11], [0]]
39
[[11], [6]]
39
[[15]]
106
[[15], [3]]
45
[[15], [7]]
48
[[15], [10]]
48
[[15], [11]]
51
[[15], [13]]
63
[[15], [13], [19]]
47
[[15], [16]]
65
[[15], [17]]
73
[[15], [17], [19]]
54
[[15], [17], [18]]
44
[[15], [17], [13]]
42
[[15], [17], [15]]
46
[[15], [17], [17]]
40
[[15], [18]]
76
[[15], [18], [18]]
49
[[15], [18], [19]]
57
[[15], [18], [13]]
40
[[15], [18], [17]]
44
[[15], [18], [16]]
42
[[15], [18], [14]]
41
[[15], [18], [12]]
39
[[15], [18, 19]]
48
[[15], [19]]
85
[[15], [19], [16]]
51
[[15], [19], [18]]
55
[[15], [19], [13]]
43
[[15], [19], [19]]
61
[[15], [19], [14]]
46
[[15], [19], [17]]
51
[[15], [19], [12]]
43
[[15], [19], [15]]
47
[[15], [19], [10]]
39
[[15], [5]]
44
[[15], [15]]
69
[[15], [15], [19]]
40
[[15], [14]]
62
[[15], [14], [19]]
40
[[15], [8]]
45
[[15], [12]]
56
[[15], [6]]
49
[[15], [1]]
40
[[15], [2]]
42
[[15], [4]]
41
[[13]]
111
[[13], [2]]
40
[[13], [3]]
45
[[13], [4]]
40
[[13], [5]]
45
[[13], [9]]
49
[[13], [10]]
51
[[13], [11]]
53
[[13], [13]]
56
[[13], [14]]
65
[[13], [14], [19]]
39
[[13], [15]]
64
[[13], [15], [19]]
44
[[13], [17]]
72
[[13], [17], [19]]
52
[[13], [17], [14]]
41
[[13], [17], [18]]
40
[[13], [17], [17]]
39
[[13], [18]]
74
[[13], [18], [18]]
45
[[13], [18], [19]]
49
[[13], [18], [14]]
40
[[13], [18], [15]]
39
[[13], [18], [16]]
41
[[13], [18, 19]]
47
[[13], [19]]
89
[[13], [19], [17]]
45
[[13], [19], [18]]
49
[[13], [19], [19]]
57
[[13], [19], [14]]
46
[[13], [19], [16]]
44
[[13], [19], [15]]
41
[[13], [8]]
50
[[13], [0]]
47
[[13], [7]]
49
[[13], [16]]
62
[[13], [12]]
51
[[13], [6]]
47
[[10]]
86
[[10], [16]]
45
[[10], [18]]
57
[[10], [18], [19]]
42
[[10], [18], [18]]
39
[[10], [12]]
43
[[10], [13]]
48
[[10], [15]]
47
[[10], [17]]
53
[[10], [19]]
65
[[10], [19], [19]]
45
[[10], [8]]
41
[[10], [9]]
41
[[10], [11]]
41
[[10], [14]]
46
[[10], [6]]
39
[[0]]
79
[[0], [18]]
53
[[0], [19]]
63
[[0], [19], [19]]
44
[[0], [8]]
39
[[0], [13]]
47
[[0], [14]]
47
[[0], [12]]
41
[[0], [17]]
47
[[0], [16]]
43
[[0], [15]]
39
[[17]]
125
[[17], [3]]
49
[[17], [4]]
55
[[17], [4], [19]]
40
[[17], [7]]
60
[[17], [7], [19]]
44
[[17], [9]]
53
[[17], [10]]
62
[[17], [11]]
60
[[17], [11], [17]]
39
[[17], [11], [19]]
44
[[17], [11], [14]]
39
[[17], [13]]
78
[[17], [13], [18]]
46
[[17], [13], [19]]
54
[[17], [13], [17]]
45
[[17], [13], [14]]
45
[[17], [13], [15]]
43
[[17], [13], [16]]
39
[[17], [14]]
75
[[17], [14], [19]]
50
[[17], [14], [14]]
42
[[17], [14], [17]]
41
[[17], [14], [16]]
42
[[17], [14], [13]]
39
[[17], [14], [15]]
41
[[17], [14], [18]]
45
[[17], [15]]
77
[[17], [15], [18]]
44
[[17], [15], [19]]
53
[[17], [15], [17]]
45
[[17], [15], [14]]
40
[[17], [15], [13]]
40
[[17], [15], [16]]
39
[[17], [16]]
69
[[17], [16], [19]]
40
[[17], [17]]
82
[[17], [17], [18]]
49
[[17], [17], [19]]
60
[[17], [17], [17]]
50
[[17], [17], [13]]
43
[[17], [17], [14]]
43
[[17], [17], [15]]
39
[[17], [18]]
83
[[17], [18], [18]]
57
[[17], [18], [18], [19]]
40
[[17], [18], [13]]
44
[[17], [18], [19]]
61
[[17], [18], [19], [19]]
44
[[17], [18], [19], [18]]
43
[[17], [18], [17]]
48
[[17], [18], [12]]
44
[[17], [18], [10]]
42
[[17], [18], [16]]
42
[[17], [18], [14]]
46
[[17], [18], [15]]
46
[[17], [18], [7]]
42
[[17], [18, 19]]
58
[[17], [18, 19], [19]]
40
[[17], [19]]
100
[[17], [19], [10]]
46
[[17], [19], [11]]
42
[[17], [19], [17]]
63
[[17], [19], [17], [19]]
42
[[17], [19], [18]]
65
[[17], [19], [18], [19]]
47
[[17], [19], [18], [18]]
40
[[17], [19], [5]]
45
[[17], [19], [7]]
48
[[17], [19], [13]]
51
[[17], [19], [19]]
70
[[17], [19], [19], [19]]
47
[[17], [19], [19], [17]]
41
[[17], [19], [19], [18]]
40
[[17], [19], [14]]
52
[[17], [19], [8]]
40
[[17], [19], [15]]
51
[[17], [19], [16]]
52
[[17], [19], [12]]
44
[[17], [5]]
59
[[17], [0]]
56
[[17], [1]]
42
[[17], [2]]
49
[[17], [8]]
55
[[17], [8], [19]]
41
[[17], [12]]
67
[[17], [12], [19]]
43
[[17], [6]]
58
