[[14]]
74
[[14], [10]]
33
[[14], [11]]
37
[[14], [14]]
43
[[14], [15]]
43
[[14], [18]]
46
[[14], [18], [18]]
33
[[14], [18, 19]]
39
[[14], [19]]
59
[[14], [19], [18]]
36
[[14], [19], [19]]
41
[[14], [19], [19], [19]]
33
[[14], [19], [17]]
33
[[14], [7]]
36
[[14], [12]]
45
[[14], [13]]
44
[[14], [16]]
38
[[14], [6]]
33
[[14], [8]]
36
[[14], [17]]
46
[[14], [17], [19]]
36
[[14], [5]]
33
[[12]]
74
[[12], [19]]
53
[[12], [19], [19]]
34
[[12], [14]]
42
[[12], [15]]
40
[[12], [18]]
48
[[12], [18, 19]]
34
[[12], [8]]
34
[[12], [13]]
37
[[12], [17]]
42
[[12], [17], [19]]
33
[[12], [12]]
36
[[12], [16]]
33
[[19]]
99
[[19], [0]]
48
[[19], [1]]
39
[[19], [2]]
44
[[19], [3]]
42
[[19], [4]]
43
[[19], [5]]
48
[[19], [6]]
47
[[19], [7]]
50
[[19], [7], [19]]
39
[[19], [8]]
54
[[19], [8], [19]]
37
[[19], [9]]
42
[[19], [10]]
44
[[19], [11]]
52
[[19], [11], [19]]
37
[[19], [12]]
61
[[19], [12], [19]]
37
[[19], [13]]
60
[[19], [13], [17]]
38
[[19], [13], [18]]
34
[[19], [13], [19]]
44
[[19], [14]]
61
[[19], [14], [14]]
33
[[19], [14], [18]]
33
[[19], [14], [19]]
44
[[19], [14], [13]]
33
[[19], [14], [17]]
35
[[19], [15]]
58
[[19], [15], [19]]
38
[[19], [15], [17]]
35
[[19], [16]]
58
[[19], [16], [19]]
35
[[19], [17]]
71
[[19], [17], [13]]
37
[[19], [17], [17]]
43
[[19], [17], [19]]
52
[[19], [17], [18]]
42
[[19], [17], [15]]
38
[[19], [17], [14]]
34
[[19], [17, 19]]
42
[[19], [18]]
73
[[19], [18], [13]]
43
[[19], [18], [16]]
33
[[19], [18], [17]]
46
[[19], [18], [18]]
47
[[19], [18], [18, 19]]
33
[[19], [18], [19]]
54
[[19], [18], [19], [18]]
35
[[19], [18], [19], [19]]
36
[[19], [18], [12]]
38
[[19], [18], [14]]
40
[[19], [18], [15]]
35
[[19], [18], [11]]
33
[[19], [18, 19]]
52
[[19], [19]]
81
[[19], [19], [7]]
37
[[19], [19], [13]]
45
[[19], [19], [14]]
43
[[19], [19], [16]]
40
[[19], [19], [17]]
51
[[19], [19], [17], [19]]
36
[[19], [19], [18]]
51
[[19], [19], [18], [19]]
33
[[19], [19], [18, 19]]
37
[[19], [19], [19]]
57
[[19], [19], [19], [18]]
35
[[19], [19], [19], [19]]
43
[[19], [19], [19], [17]]
36
[[19], [19], [8]]
35
[[19], [19], [11]]
37
[[19], [19], [12]]
44
[[19], [19], [15]]
41
[[19], [19], [9]]
34
[[16]]
71
[[16], [16]]
43
[[16], [18]]
44
[[16], [19]]
52
[[16], [19], [19]]
36
[[16], [12]]
38
[[16], [14]]
40
[[16], [17]]
41
[[16], [13]]
34
[[16], [15]]
36
[[16, 19]]
34
[[5]]
58
[[5], [18]]
34
[[5], [19]]
38
[[4]]
53
[[4], [14]]
34
[[4], [18]]
35
[[4], [19]]
40
[[9]]
59
[[9], [18]]
39
[[9], [19]]
47
[[9], [19], [19]]
38
[[9], [17]]
39
[[9], [14]]
35
[[9], [13]]
34
[[9], [15]]
33
[[6]]
59
[[6], [19]]
44
[[6], [19], [19]]
33
[[6], [18]]
40
[[6], [13]]
33
[[6], [17]]
36
[[6], [14]]
33
[[3]]
50
[[3], [19]]
42
[[3], [18]]
34
[[1]]
49
[[1], [19]]
37
[[1], [19], [19]]
33
[[2]]
58
[[2], [19]]
43
[[2], [17]]
36
[[2], [18]]
35
[[18]]
87
[[18], [3]]
36
[[18], [4]]
39
[[18], [6]]
37
[[18], [7]]
40
[[18], [9]]
38
[[18], [10]]
35
[[18], [11]]
45
[[18], [11], [19]]
34
[[18], [13]]
50
[[18], [13], [19]]
36
[[18], [14]]
50
[[18], [14], [19]]
34
[[18], [15]]
48
[[18], [15], [19]]
34
[[18], [16]]
48
[[18], [17]]
55
[[18], [17], [19]]
45
[[18], [17], [17]]
35
[[18], [17], [18]]
33
[[18], [17], [15]]
33
[[18], [17, 19]]
36
[[18], [18]]
60
[[18], [18], [13]]
35
[[18], [18], [18]]
38
[[18], [18], [19]]
46
[[18], [18], [19], [19]]
33
[[18], [18], [17]]
38
[[18], [18, 19]]
44
[[18], [19]]
67
[[18], [19], [13]]
36
[[18], [19], [16]]
35
[[18], [19], [18]]
44
[[18], [19], [18], [19]]
33
[[18], [19], [19]]
52
[[18], [19], [19], [19]]
38
[[18], [19], [12]]
35
[[18], [19], [17]]
43
[[18], [19], [17], [19]]
33
[[18], [19], [14]]
34
[[18], [19], [15]]
34
[[18], [1]]
33
[[18], [5]]
40
[[18], [12]]
52
[[18], [12], [19]]
34
[[18], [0]]
41
[[18], [8]]
42
[[18], [2]]
36
[[18, 19]]
67
[[18, 19], [18]]
40
[[18, 19], [19]]
43
[[18, 19], [12]]
37
[[18, 19], [13]]
34
[[18, 19], [17]]
36
[[18, 19], [14]]
37
[[18, 19], [15]]
33
[[18, 19], [16]]
33
[[7]]
62
[[7], [17]]
39
[[7], [18]]
41
[[7], [18, 19]]
33
[[7], [19]]
52
[[7], [19], [19]]
33
[[7], [14]]
34
[[7], [13]]
34
[[8]]
66
[[8], [18]]
47
[[8], [18], [19]]
33
[[8], [18, 19]]
35
[[8], [19]]
53
[[8], [19], [18]]
35
[[8], [19], [19]]
38
[[8], [11]]
36
[[8], [13]]
36
[[8], [16]]
36
[[8], [17]]
42
[[11]]
65
[[11], [11]]
39
[[11], [13]]
43
[[11], [15]]
39
[[11], [17]]
42
[[11], [18]]
42
[[11], [19]]
50
[[11], [14]]
39
[[15]]
76
[[15], [11]]
37
[[15], [13]]
42
[[15], [16]]
40
[[15], [17]]
49
[[15], [17], [19]]
34
[[15], [18]]
51
[[15], [18], [18]]
34
[[15], [18], [19]]
39
[[15], [18, 19]]
35
[[15], [19]]
57
[[15], [19], [18]]
35
[[15], [19], [19]]
39
[[15], [14]]
41
[[15], [15]]
40
[[15], [12]]
36
[[13]]
76
[[13], [11]]
42
[[13], [13]]
38
[[13], [14]]
42
[[13], [15]]
41
[[13], [17]]
47
[[13], [17], [19]]
34
[[13], [18]]
47
[[13], [18, 19]]
36
[[13], [19]]
59
[[13], [19], [18]]
34
[[13], [19], [19]]
39
[[13], [0]]
35
[[13], [8]]
33
[[13], [9]]
33
[[10]]
53
[[10], [18]]
37
[[10], [19]]
38
[[0]]
57
[[0], [18]]
37
[[0], [19]]
43
[[0], [13]]
35
[[0], [17]]
34
[[17]]
84
[[17], [4]]
39
[[17], [7]]
39
[[17], [9]]
35
[[17], [10]]
37
[[17], [11]]
44
[[17], [13]]
54
[[17], [13], [19]]
34
[[17], [14]]
49
[[17], [15]]
50
[[17], [15], [19]]
35
[[17], [16]]
45
[[17], [17]]
57
[[17], [17], [19]]
40
[[17], [17], [18]]
34
[[17], [17], [17]]
35
[[17], [17, 19]]
34
[[17], [18]]
57
[[17], [18], [18]]
40
[[17], [18], [19]]
40
[[17], [18, 19]]
45
[[17], [19]]
70
[[17], [19], [18]]
44
[[17], [19], [18, 19]]
34
[[17], [19], [19]]
48
[[17], [19], [17]]
43
[[17], [19], [14]]
33
[[17], [19], [13]]
33
[[17], [5]]
39
[[17], [0]]
41
[[17], [6]]
34
[[17], [8]]
38
[[17], [12]]
43
[[17], [2]]
33
[[17, 19]]
51
[[17, 19], [19]]
36
[[17, 18]]
37
