[[14]]
80
[[14], [3]]
34
[[14], [4]]
33
[[14], [9]]
36
[[14], [10]]
37
[[14], [11]]
40
[[14], [14]]
47
[[14], [14], [19]]
32
[[14], [15]]
51
[[14], [15], [19]]
37
[[14], [15], [18]]
32
[[14], [18]]
52
[[14], [18], [18]]
38
[[14], [18], [19]]
38
[[14], [18], [19], [19]]
31
[[14], [18], [12]]
31
[[14], [18], [17]]
32
[[14], [18], [14]]
30
[[14], [18], [16]]
30
[[14], [18, 19]]
42
[[14], [19]]
67
[[14], [19], [18]]
42
[[14], [19], [18, 19]]
30
[[14], [19], [12]]
34
[[14], [19], [16]]
35
[[14], [19], [19]]
48
[[14], [19], [19], [19]]
39
[[14], [19], [19], [17]]
32
[[14], [19], [17]]
37
[[14], [19], [14]]
34
[[14], [19], [11]]
31
[[14], [19], [13]]
33
[[14], [19], [8]]
31
[[14], [19], [15]]
33
[[14], [5]]
37
[[14], [7]]
39
[[14], [7], [19]]
35
[[14], [12]]
51
[[14], [12], [19]]
37
[[14], [12], [18]]
30
[[14], [13]]
52
[[14], [13], [19]]
39
[[14], [16]]
47
[[14], [16], [19]]
31
[[14], [17]]
54
[[14], [17], [19]]
43
[[14], [17], [13]]
32
[[14], [17], [15]]
31
[[14], [17], [18]]
30
[[14], [17, 19]]
32
[[14], [0]]
34
[[14], [6]]
38
[[14], [8]]
42
[[14], [8], [19]]
31
[[14], [2]]
35
[[12]]
82
[[12], [5]]
35
[[12], [14]]
48
[[12], [18]]
55
[[12], [18], [18]]
33
[[12], [18], [19]]
34
[[12], [18, 19]]
37
[[12], [19]]
61
[[12], [19], [18]]
35
[[12], [19], [19]]
39
[[12], [19], [14]]
36
[[12], [19], [17]]
38
[[12], [19], [12]]
31
[[12], [19], [8]]
30
[[12], [19], [15]]
32
[[12], [19], [16]]
30
[[12], [7]]
31
[[12], [8]]
39
[[12], [9]]
35
[[12], [13]]
44
[[12], [13], [19]]
32
[[12], [15]]
49
[[12], [15], [17]]
30
[[12], [15], [19]]
31
[[12], [17]]
49
[[12], [17], [19]]
39
[[12], [17], [14]]
30
[[12], [17], [17]]
30
[[12], [0]]
32
[[12], [12]]
39
[[12], [16]]
41
[[12], [10]]
34
[[12], [11]]
33
[[12], [1]]
30
[[12], [2]]
30
[[12], [3]]
30
[[12], [6]]
31
[[19]]
109
[[19], [0]]
49
[[19], [0], [19]]
37
[[19], [1]]
43
[[19], [2]]
47
[[19], [2], [19]]
32
[[19], [3]]
48
[[19], [3], [19]]
31
[[19], [4]]
46
[[19], [4], [19]]
32
[[19], [5]]
54
[[19], [5], [19]]
30
[[19], [6]]
52
[[19], [6], [19]]
36
[[19], [6], [13]]
31
[[19], [6], [18]]
30
[[19], [7]]
57
[[19], [7], [17]]
32
[[19], [7], [18]]
34
[[19], [7], [19]]
45
[[19], [8]]
60
[[19], [8], [18]]
35
[[19], [8], [11]]
31
[[19], [8], [17]]
31
[[19], [8], [19]]
44
[[19], [8], [16]]
30
[[19], [9]]
51
[[19], [9], [19]]
38
[[19], [10]]
53
[[19], [10], [19]]
35
[[19], [11]]
58
[[19], [11], [18]]
35
[[19], [11], [19]]
45
[[19], [11], [17]]
37
[[19], [11], [13]]
35
[[19], [11], [14]]
31
[[19], [12]]
67
[[19], [12], [18]]
37
[[19], [12], [19]]
43
[[19], [12], [17]]
36
[[19], [12], [14]]
34
[[19], [12], [15]]
33
[[19], [12], [13]]
31
[[19], [13]]
71
[[19], [13], [11]]
32
[[19], [13], [13]]
36
[[19], [13], [14]]
38
[[19], [13], [15]]
39
[[19], [13], [17]]
47
[[19], [13], [17], [19]]
32
[[19], [13], [18]]
40
[[19], [13], [19]]
54
[[19], [13], [19], [19]]
34
[[19], [13], [9]]
32
[[19], [13], [16]]
30
[[19], [14]]
68
[[19], [14], [14]]
36
[[19], [14], [18]]
37
[[19], [14], [19]]
52
[[19], [14], [13]]
40
[[19], [14], [13], [19]]
30
[[19], [14], [15]]
38
[[19], [14], [17]]
41
[[19], [14], [12]]
37
[[19], [14], [16]]
36
[[19], [14], [8]]
31
[[19], [14], [11]]
30
[[19], [15]]
68
[[19], [15], [18]]
36
[[19], [15], [19]]
47
[[19], [15], [17]]
41
[[19], [15], [15]]
33
[[19], [15], [16]]
35
[[19], [15], [13]]
33
[[19], [15], [14]]
31
[[19], [16]]
67
[[19], [16], [16]]
38
[[19], [16], [19]]
43
[[19], [16], [18]]
37
[[19], [16], [14]]
36
[[19], [16], [17]]
34
[[19], [16], [13]]
33
[[19], [16], [12]]
31
[[19], [16], [15]]
33
[[19], [17]]
79
[[19], [17], [4]]
31
[[19], [17], [13]]
45
[[19], [17], [14]]
39
[[19], [17], [15]]
44
[[19], [17], [17]]
49
[[19], [17], [18]]
46
[[19], [17], [18], [19]]
30
[[19], [17], [18, 19]]
30
[[19], [17], [19]]
60
[[19], [17], [19], [19]]
31
[[19], [17], [16]]
38
[[19], [17], [12]]
37
[[19], [17], [7]]
30
[[19], [17], [8]]
32
[[19], [17], [0]]
30
[[19], [17], [9]]
31
[[19], [17], [10]]
32
[[19], [17, 19]]
45
[[19], [17, 19], [19]]
31
[[19], [17, 18]]
30
[[19], [18]]
81
[[19], [18], [0]]
33
[[19], [18], [3]]
34
[[19], [18], [4]]
32
[[19], [18], [6]]
36
[[19], [18], [7]]
35
[[19], [18], [9]]
40
[[19], [18], [10]]
35
[[19], [18], [11]]
35
[[19], [18], [13]]
51
[[19], [18], [13], [19]]
36
[[19], [18], [14]]
46
[[19], [18], [15]]
43
[[19], [18], [15], [19]]
32
[[19], [18], [16]]
41
[[19], [18], [17]]
54
[[19], [18], [17], [19]]
38
[[19], [18], [17], [13]]
31
[[19], [18], [17], [15]]
30
[[19], [18], [17, 19]]
30
[[19], [18], [18]]
54
[[19], [18], [18], [19]]
37
[[19], [18], [18], [18]]
31
[[19], [18], [18, 19]]
37
[[19], [18], [19]]
63
[[19], [18], [19], [18]]
41
[[19], [18], [19], [19]]
42
[[19], [18], [19], [17]]
33
[[19], [18], [12]]
44
[[19], [18], [12], [19]]
30
[[19], [18], [5]]
34
[[19], [18], [8]]
37
[[19], [18], [2]]
30
[[19], [18, 19]]
57
[[19], [18, 19], [18]]
34
[[19], [18, 19], [19]]
38
[[19], [18, 19], [17]]
32
[[19], [18, 19], [13]]
31
[[19], [18, 19], [14]]
31
[[19], [18, 19], [15]]
30
[[19], [19]]
95
[[19], [19], [3]]
33
[[19], [19], [4]]
32
[[19], [19], [5]]
38
[[19], [19], [7]]
42
[[19], [19], [7], [19]]
33
[[19], [19], [9]]
41
[[19], [19], [10]]
36
[[19], [19], [11]]
42
[[19], [19], [11], [19]]
31
[[19], [19], [13]]
51
[[19], [19], [13], [19]]
34
[[19], [19], [13], [17]]
31
[[19], [19], [14]]
51
[[19], [19], [15]]
51
[[19], [19], [15], [19]]
31
[[19], [19], [16]]
49
[[19], [19], [17]]
58
[[19], [19], [17], [19]]
40
[[19], [19], [17], [17]]
33
[[19], [19], [17], [13]]
34
[[19], [19], [17], [18]]
30
[[19], [19], [17], [15]]
31
[[19], [19], [17, 19]]
30
[[19], [19], [18]]
59
[[19], [19], [18], [18]]
35
[[19], [19], [18], [19]]
36
[[19], [19], [18], [17]]
30
[[19], [19], [18], [13]]
30
[[19], [19], [18, 19]]
40
[[19], [19], [19]]
67
[[19], [19], [19], [18]]
39
[[19], [19], [19], [19]]
48
[[19], [19], [19], [17]]
41
[[19], [19], [19], [13]]
30
[[19], [19], [19], [14]]
30
[[19], [19], [19], [15]]
32
[[19], [19], [19], [16]]
32
[[19], [19], [12]]
50
[[19], [19], [12], [19]]
32
[[19], [19], [0]]
32
[[19], [19], [2]]
33
[[19], [19], [8]]
41
[[19], [19], [6]]
33
[[16]]
81
[[16], [16]]
50
[[16], [16], [19]]
31
[[16], [18]]
50
[[16], [18], [19]]
31
[[16], [18, 19]]
34
[[16], [19]]
62
[[16], [19], [19]]
43
[[16], [19], [18]]
34
[[16], [19], [17]]
35
[[16], [19], [14]]
33
[[16], [19], [16]]
34
[[16], [9]]
35
[[16], [12]]
43
[[16], [14]]
46
[[16], [5]]
38
[[16], [17]]
49
[[16], [17], [19]]
34
[[16], [0]]
31
[[16], [8]]
34
[[16], [13]]
40
[[16], [15]]
44
[[16], [11]]
35
[[16], [7]]
33
[[16], [6]]
32
[[16], [10]]
31
[[16, 19]]
39
[[16, 19], [19]]
31
[[16, 18]]
30
[[5]]
64
[[5], [14]]
31
[[5], [8]]
33
[[5], [18]]
37
[[5], [19]]
44
[[5], [19], [19]]
31
[[5], [16]]
37
[[5], [17]]
34
[[5], [9]]
30
[[5], [13]]
31
[[4]]
57
[[4], [14]]
36
[[4], [15]]
35
[[4], [16]]
35
[[4], [17]]
33
[[4], [18]]
37
[[4], [19]]
44
[[4], [19], [19]]
31
[[4], [13]]
30
[[9]]
67
[[9], [9]]
35
[[9], [10]]
32
[[9], [11]]
36
[[9], [13]]
41
[[9], [16]]
36
[[9], [18]]
45
[[9], [18], [19]]
31
[[9], [18], [17]]
30
[[9], [18, 19]]
35
[[9], [19]]
56
[[9], [19], [18]]
35
[[9], [19], [19]]
44
[[9], [19], [19], [19]]
30
[[9], [19], [17]]
38
[[9], [19], [13]]
31
[[9], [19], [14]]
32
[[9], [19], [15]]
30
[[9], [19], [16]]
30
[[9], [5]]
32
[[9], [8]]
36
[[9], [12]]
33
[[9], [14]]
41
[[9], [7]]
32
[[9], [17]]
46
[[9], [17], [19]]
32
[[9], [6]]
33
[[9], [15]]
39
[[9], [2]]
30
[[6]]
66
[[6], [17]]
42
[[6], [17], [19]]
35
[[6], [19]]
52
[[6], [19], [19]]
38
[[6], [19], [18]]
35
[[6], [7]]
32
[[6], [13]]
40
[[6], [16]]
37
[[6], [18]]
45
[[6], [18], [18]]
30
[[6], [18], [19]]
30
[[6], [18, 19]]
32
[[6], [2]]
32
[[6], [12]]
38
[[6], [14]]
38
[[6], [15]]
36
[[6], [9]]
35
[[3]]
58
[[3], [13]]
33
[[3], [14]]
31
[[3], [15]]
34
[[3], [18]]
39
[[3], [19]]
46
[[3], [19], [19]]
30
[[3], [17]]
32
[[1]]
56
[[1], [13]]
33
[[1], [16]]
34
[[1], [18]]
36
[[1], [19]]
43
[[1], [19], [19]]
37
[[1], [17]]
36
[[1], [14]]
33
[[1], [15]]
32
[[1], [12]]
30
[[2]]
65
[[2], [18]]
39
[[2], [18, 19]]
30
[[2], [19]]
51
[[2], [19], [19]]
31
[[2], [13]]
32
[[2], [17]]
44
[[2], [17], [19]]
32
[[2], [14]]
33
[[2], [15]]
31
[[2], [16]]
39
[[2], [12]]
32
[[2], [8]]
30
[[18]]
97
[[18], [0]]
42
[[18], [3]]
41
[[18], [4]]
42
[[18], [6]]
44
[[18], [7]]
45
[[18], [7], [19]]
35
[[18], [8]]
48
[[18], [8], [19]]
35
[[18], [9]]
46
[[18], [9], [19]]
32
[[18], [10]]
43
[[18], [11]]
49
[[18], [11], [19]]
38
[[18], [13]]
58
[[18], [13], [17]]
35
[[18], [13], [19]]
43
[[18], [13], [19], [19]]
30
[[18], [13], [14]]
30
[[18], [13], [15]]
31
[[18], [13], [18]]
30
[[18], [14]]
56
[[18], [14], [19]]
37
[[18], [14], [16]]
32
[[18], [15]]
56
[[18], [15], [17]]
32
[[18], [15], [19]]
42
[[18], [15], [13]]
30
[[18], [15], [14]]
30
[[18], [15], [16]]
30
[[18], [16]]
58
[[18], [16], [19]]
38
[[18], [16], [16]]
34
[[18], [16], [18]]
31
[[18], [17]]
63
[[18], [17], [17]]
40
[[18], [17], [19]]
52
[[18], [17], [15]]
39
[[18], [17], [18]]
37
[[18], [17], [13]]
36
[[18], [17], [14]]
31
[[18], [17, 19]]
38
[[18], [18]]
67
[[18], [18], [13]]
43
[[18], [18], [14]]
37
[[18], [18], [15]]
38
[[18], [18], [16]]
40
[[18], [18], [18]]
44
[[18], [18], [18], [19]]
33
[[18], [18], [18, 19]]
31
[[18], [18], [19]]
54
[[18], [18], [19], [18]]
37
[[18], [18], [19], [19]]
40
[[18], [18], [12]]
35
[[18], [18], [17]]
44
[[18], [18], [17], [19]]
33
[[18], [18], [9]]
32
[[18], [18], [5]]
30
[[18], [18], [8]]
30
[[18], [18], [10]]
31
[[18], [18, 19]]
48
[[18], [18, 19], [19]]
36
[[18], [18, 19], [18]]
30
[[18], [19]]
76
[[18], [19], [10]]
34
[[18], [19], [11]]
35
[[18], [19], [13]]
42
[[18], [19], [15]]
42
[[18], [19], [16]]
44
[[18], [19], [16], [19]]
30
[[18], [19], [18]]
51
[[18], [19], [18], [18]]
34
[[18], [19], [18], [19]]
37
[[18], [19], [18, 19]]
35
[[18], [19], [19]]
61
[[18], [19], [19], [18]]
37
[[18], [19], [19], [19]]
44
[[18], [19], [19], [19], [19]]
31
[[18], [19], [19], [17]]
35
[[18], [19], [19], [13]]
30
[[18], [19], [19], [14]]
30
[[18], [19], [19], [15]]
31
[[18], [19], [19], [16]]
31
[[18], [19], [7]]
33
[[18], [19], [12]]
39
[[18], [19], [14]]
39
[[18], [19], [17]]
48
[[18], [19], [17], [19]]
37
[[18], [19], [17, 19]]
31
[[18], [19], [8]]
34
[[18], [19], [5]]
34
[[18], [19], [9]]
32
[[18], [19], [3]]
30
[[18], [1]]
37
[[18], [5]]
46
[[18], [12]]
58
[[18], [12], [18]]
33
[[18], [12], [19]]
39
[[18], [12], [17]]
30
[[18], [12], [14]]
30
[[18], [2]]
39
[[18, 19]]
73
[[18, 19], [7]]
30
[[18, 19], [10]]
34
[[18, 19], [13]]
40
[[18, 19], [14]]
42
[[18, 19], [16]]
40
[[18, 19], [17]]
42
[[18, 19], [17], [19]]
30
[[18, 19], [18]]
44
[[18, 19], [18], [19]]
36
[[18, 19], [18], [13]]
31
[[18, 19], [18, 19]]
30
[[18, 19], [19]]
50
[[18, 19], [19], [18]]
34
[[18, 19], [19], [19]]
38
[[18, 19], [5]]
35
[[18, 19], [12]]
41
[[18, 19], [15]]
40
[[18, 19], [9]]
32
[[18, 19], [6]]
33
[[7]]
70
[[7], [10]]
31
[[7], [17]]
43
[[7], [17], [19]]
33
[[7], [18]]
46
[[7], [18, 19]]
37
[[7], [19]]
59
[[7], [19], [19]]
37
[[7], [19], [17]]
31
[[7], [19], [16]]
30
[[7], [9]]
34
[[7], [13]]
39
[[7], [14]]
39
[[7], [15]]
37
[[7], [16]]
36
[[7], [12]]
31
[[8]]
73
[[8], [10]]
36
[[8], [11]]
39
[[8], [13]]
40
[[8], [14]]
34
[[8], [16]]
42
[[8], [18]]
52
[[8], [18], [18]]
32
[[8], [18], [19]]
38
[[8], [18], [17]]
32
[[8], [18], [16]]
31
[[8], [18, 19]]
38
[[8], [19]]
59
[[8], [19], [18]]
37
[[8], [19], [19]]
43
[[8], [19], [19], [19]]
30
[[8], [19], [17]]
33
[[8], [19], [16]]
32
[[8], [3]]
32
[[8], [7]]
33
[[8], [8]]
34
[[8], [12]]
34
[[8], [17]]
47
[[8], [17], [19]]
32
[[8], [15]]
36
[[8], [6]]
30
[[11]]
72
[[11], [7]]
35
[[11], [11]]
44
[[11], [13]]
49
[[11], [13], [19]]
34
[[11], [15]]
44
[[11], [15], [19]]
31
[[11], [17]]
50
[[11], [17], [19]]
35
[[11], [17], [13]]
31
[[11], [17], [17]]
30
[[11], [18]]
47
[[11], [18], [19]]
35
[[11], [18, 19]]
30
[[11], [19]]
57
[[11], [19], [19]]
36
[[11], [19], [18]]
31
[[11], [14]]
44
[[11], [2]]
34
[[11], [16]]
37
[[11], [12]]
32
[[11], [8]]
32
[[11], [9]]
30
[[15]]
85
[[15], [3]]
33
[[15], [4]]
31
[[15], [7]]
35
[[15], [10]]
33
[[15], [11]]
41
[[15], [11], [19]]
31
[[15], [13]]
50
[[15], [13], [19]]
38
[[15], [16]]
49
[[15], [17]]
57
[[15], [17], [19]]
41
[[15], [17], [18]]
32
[[15], [17], [13]]
33
[[15], [17], [15]]
30
[[15], [17], [17]]
31
[[15], [18]]
57
[[15], [18], [18]]
39
[[15], [18], [19]]
43
[[15], [18], [13]]
36
[[15], [18], [17]]
35
[[15], [18], [14]]
30
[[15], [18], [16]]
32
[[15], [18, 19]]
39
[[15], [19]]
67
[[15], [19], [16]]
39
[[15], [19], [18]]
42
[[15], [19], [13]]
35
[[15], [19], [14]]
35
[[15], [19], [19]]
45
[[15], [19], [17]]
38
[[15], [19], [12]]
32
[[15], [19], [15]]
31
[[15], [5]]
34
[[15], [14]]
47
[[15], [14], [19]]
31
[[15], [15]]
47
[[15], [8]]
36
[[15], [12]]
41
[[15], [0]]
30
[[15], [6]]
32
[[15], [9]]
30
[[15, 19]]
33
[[13]]
85
[[13], [2]]
32
[[13], [3]]
33
[[13], [4]]
32
[[13], [5]]
36
[[13], [9]]
40
[[13], [10]]
38
[[13], [11]]
44
[[13], [11], [19]]
31
[[13], [13]]
46
[[13], [14]]
48
[[13], [14], [19]]
30
[[13], [15]]
48
[[13], [15], [19]]
36
[[13], [17]]
55
[[13], [17], [19]]
40
[[13], [18]]
54
[[13], [18], [18]]
36
[[13], [18], [19]]
37
[[13], [18, 19]]
39
[[13], [19]]
68
[[13], [19], [17]]
31
[[13], [19], [18]]
39
[[13], [19], [19]]
46
[[13], [19], [14]]
32
[[13], [19], [8]]
31
[[13], [19], [16]]
33
[[13], [8]]
40
[[13], [7]]
37
[[13], [16]]
41
[[13], [0]]
37
[[13], [12]]
35
[[13], [6]]
31
[[10]]
64
[[10], [16]]
37
[[10], [18]]
42
[[10], [8]]
34
[[10], [12]]
32
[[10], [13]]
37
[[10], [15]]
36
[[10], [17]]
40
[[10], [17], [19]]
30
[[10], [19]]
48
[[10], [19], [19]]
33
[[10], [9]]
32
[[10], [11]]
32
[[10], [5]]
30
[[10], [14]]
31
[[0]]
59
[[0], [18]]
39
[[0], [18, 19]]
30
[[0], [19]]
47
[[0], [19], [19]]
34
[[0], [8]]
33
[[0], [13]]
38
[[0], [14]]
35
[[0], [12]]
34
[[0], [17]]
36
[[0], [11]]
30
[[0], [16]]
31
[[17]]
95
[[17], [3]]
35
[[17], [4]]
42
[[17], [4], [19]]
32
[[17], [7]]
43
[[17], [7], [19]]
33
[[17], [9]]
42
[[17], [10]]
45
[[17], [11]]
49
[[17], [11], [17]]
32
[[17], [11], [19]]
36
[[17], [13]]
61
[[17], [13], [18]]
32
[[17], [13], [19]]
40
[[17], [13], [17]]
33
[[17], [13], [14]]
33
[[17], [14]]
56
[[17], [14], [19]]
39
[[17], [14], [14]]
31
[[17], [14], [17]]
32
[[17], [14], [13]]
30
[[17], [14], [16]]
32
[[17], [14], [18]]
31
[[17], [15]]
59
[[17], [15], [18]]
33
[[17], [15], [19]]
41
[[17], [15], [17]]
34
[[17], [15], [14]]
31
[[17], [15], [13]]
30
[[17], [16]]
54
[[17], [16], [19]]
31
[[17], [17]]
65
[[17], [17], [18]]
37
[[17], [17], [18, 19]]
31
[[17], [17], [19]]
49
[[17], [17], [19], [19]]
30
[[17], [17], [17]]
39
[[17], [17], [13]]
32
[[17], [17], [14]]
30
[[17], [17, 19]]
39
[[17], [18]]
63
[[17], [18], [18]]
43
[[17], [18], [18], [19]]
31
[[17], [18], [18, 19]]
33
[[17], [18], [13]]
33
[[17], [18], [19]]
47
[[17], [18], [19], [18]]
34
[[17], [18], [19], [19]]
36
[[17], [18], [17]]
37
[[17], [18], [12]]
31
[[17], [18], [10]]
31
[[17], [18], [14]]
31
[[17], [18], [15]]
31
[[17], [18], [16]]
32
[[17], [18, 19]]
48
[[17], [19]]
80
[[17], [19], [10]]
34
[[17], [19], [11]]
35
[[17], [19], [17]]
48
[[17], [19], [17], [19]]
30
[[17], [19], [18]]
49
[[17], [19], [18], [19]]
34
[[17], [19], [18, 19]]
36
[[17], [19], [5]]
33
[[17], [19], [7]]
35
[[17], [19], [13]]
37
[[17], [19], [14]]
37
[[17], [19], [19]]
55
[[17], [19], [19], [19]]
36
[[17], [19], [19], [18]]
30
[[17], [19], [8]]
34
[[17], [19], [15]]
38
[[17], [19], [16]]
41
[[17], [19], [12]]
32
[[17], [0]]
43
[[17], [0], [19]]
31
[[17], [1]]
34
[[17], [2]]
37
[[17], [5]]
43
[[17], [12]]
51
[[17], [12], [19]]
32
[[17], [8]]
45
[[17], [8], [19]]
35
[[17], [6]]
39
[[17, 18]]
41
[[17, 18], [19]]
30
[[17, 19]]
57
[[17, 19], [15]]
34
[[17, 19], [19]]
42
[[17, 19], [17]]
31
[[17, 19], [18]]
30
