[[15]]
60
[[15], [5]]
28
[[15], [8]]
32
[[15], [9]]
30
[[15], [14]]
32
[[15], [14], [19]]
24
[[15], [14], [18]]
23
[[15], [15]]
35
[[15], [16]]
39
[[15], [16], [15]]
23
[[15], [16], [18]]
24
[[15], [16], [19]]
28
[[15], [17]]
35
[[15], [17], [18]]
23
[[15], [17], [19]]
23
[[15], [18]]
39
[[15], [18], [18]]
29
[[15], [18], [16]]
23
[[15], [18], [19]]
24
[[15], [18, 19]]
25
[[15], [19]]
41
[[15], [19], [15]]
26
[[15], [19], [18]]
29
[[15], [19], [19]]
30
[[15], [19], [19], [19]]
25
[[15], [19], [17]]
27
[[15], [19], [16]]
23
[[15], [7]]
31
[[15], [10]]
27
[[15], [11]]
27
[[15], [12]]
26
[[15], [13]]
29
[[15], [3]]
23
[[15], [6]]
24
[[15, 19]]
24
[[14]]
60
[[14], [15]]
35
[[14], [16]]
42
[[14], [17]]
40
[[14], [17], [18]]
26
[[14], [17], [19]]
28
[[14], [17], [16]]
26
[[14], [17], [15]]
23
[[14], [18]]
44
[[14], [18], [16]]
33
[[14], [18], [18]]
29
[[14], [18], [19]]
31
[[14], [18], [17]]
29
[[14], [18], [15]]
25
[[14], [18], [13]]
23
[[14], [18, 19]]
28
[[14], [19]]
46
[[14], [19], [18]]
33
[[14], [19], [18], [16]]
23
[[14], [19], [18, 19]]
23
[[14], [19], [19]]
35
[[14], [19], [19], [18]]
25
[[14], [19], [19], [16]]
24
[[14], [19], [19], [17]]
23
[[14], [19], [15]]
28
[[14], [19], [16]]
32
[[14], [19], [17]]
28
[[14], [19], [13]]
27
[[14], [19], [3]]
26
[[14], [19], [8]]
23
[[14], [3]]
30
[[14], [8]]
31
[[14], [13]]
32
[[14], [13], [19]]
23
[[14], [14]]
31
[[14], [9]]
28
[[14], [11]]
27
[[14], [6]]
26
[[14], [4]]
23
[[14], [7]]
25
[[14], [10]]
25
[[14], [5]]
24
[[10]]
52
[[10], [5]]
24
[[10], [7]]
29
[[10], [8]]
24
[[10], [11]]
24
[[10], [12]]
26
[[10], [14]]
24
[[10], [15]]
31
[[10], [16]]
31
[[10], [16], [19]]
25
[[10], [17]]
34
[[10], [18]]
35
[[10], [19]]
38
[[10], [19], [15]]
26
[[10], [19], [16]]
24
[[10], [19], [18]]
25
[[10], [19], [19]]
26
[[10], [19], [17]]
26
[[10], [9]]
23
[[10], [10]]
24
[[10], [13]]
23
[[7]]
51
[[7], [11]]
25
[[7], [14]]
24
[[7], [16]]
30
[[7], [17]]
32
[[7], [18]]
38
[[7], [18], [18]]
25
[[7], [18, 19]]
25
[[7], [19]]
34
[[7], [19], [18]]
28
[[7], [19], [19]]
23
[[7], [15]]
29
[[7], [5]]
23
[[7], [8]]
25
[[7], [12]]
23
[[7], [9]]
23
[[11]]
58
[[11], [7]]
27
[[11], [8]]
27
[[11], [14]]
26
[[11], [15]]
26
[[11], [16]]
33
[[11], [17]]
31
[[11], [17], [18]]
23
[[11], [18]]
39
[[11], [18], [18]]
25
[[11], [19]]
35
[[11], [19], [18]]
29
[[11], [19], [19]]
26
[[11], [19], [17]]
23
[[11], [9]]
25
[[11], [12]]
23
[[11], [5]]
23
[[11], [11]]
24
[[19]]
78
[[19], [0]]
39
[[19], [0], [18]]
27
[[19], [0], [19]]
25
[[19], [0], [17]]
23
[[19], [0], [16]]
25
[[19], [2]]
36
[[19], [2], [16]]
26
[[19], [2], [18]]
29
[[19], [2], [19]]
29
[[19], [2], [19], [18]]
23
[[19], [2], [17]]
25
[[19], [3]]
43
[[19], [3], [16]]
30
[[19], [3], [18]]
27
[[19], [3], [19]]
32
[[19], [3], [17]]
26
[[19], [3], [15]]
23
[[19], [4]]
41
[[19], [4], [18]]
28
[[19], [4], [19]]
29
[[19], [4], [15]]
24
[[19], [4], [16]]
27
[[19], [4], [17]]
23
[[19], [5]]
48
[[19], [5], [15]]
30
[[19], [5], [16]]
28
[[19], [5], [17]]
28
[[19], [5], [18]]
34
[[19], [5], [19]]
32
[[19], [5], [19], [18]]
24
[[19], [5], [19], [19]]
23
[[19], [6]]
42
[[19], [6], [16]]
28
[[19], [6], [18]]
32
[[19], [6], [19]]
33
[[19], [6], [19], [19]]
24
[[19], [6], [15]]
23
[[19], [7]]
40
[[19], [7], [18]]
29
[[19], [7], [19]]
26
[[19], [7], [17]]
27
[[19], [7], [15]]
24
[[19], [7], [16]]
23
[[19], [8]]
50
[[19], [8], [16]]
32
[[19], [8], [17]]
28
[[19], [8], [18]]
34
[[19], [8], [19]]
33
[[19], [8], [15]]
26
[[19], [9]]
47
[[19], [9], [18]]
34
[[19], [9], [18, 19]]
25
[[19], [9], [19]]
37
[[19], [9], [19], [19]]
27
[[19], [9], [19], [18]]
26
[[19], [9], [19], [14]]
23
[[19], [9], [19], [17]]
24
[[19], [9], [17]]
34
[[19], [9], [16]]
29
[[19], [9], [15]]
25
[[19], [9], [14]]
26
[[19], [9], [3]]
25
[[19], [9], [11]]
25
[[19], [10]]
44
[[19], [10], [15]]
25
[[19], [10], [18]]
28
[[19], [10], [19]]
28
[[19], [10], [17]]
25
[[19], [11]]
47
[[19], [11], [16]]
26
[[19], [11], [18]]
31
[[19], [11], [19]]
28
[[19], [11], [19], [18]]
23
[[19], [11], [17]]
27
[[19], [11], [8]]
23
[[19], [12]]
40
[[19], [12], [19]]
28
[[19], [12], [17]]
24
[[19], [13]]
42
[[19], [13], [16]]
26
[[19], [13], [18]]
32
[[19], [13], [19]]
31
[[19], [13], [17]]
25
[[19], [13], [15]]
23
[[19], [14]]
48
[[19], [14], [18]]
32
[[19], [14], [19]]
32
[[19], [14], [17]]
30
[[19], [14], [16]]
29
[[19], [15]]
51
[[19], [15], [8]]
25
[[19], [15], [15]]
27
[[19], [15], [16]]
30
[[19], [15], [18]]
33
[[19], [15], [19]]
32
[[19], [15], [14]]
26
[[19], [15], [17]]
26
[[19], [15], [5]]
23
[[19], [15], [7]]
24
[[19], [15], [9]]
23
[[19], [15], [11]]
23
[[19], [16]]
65
[[19], [16], [6]]
29
[[19], [16], [8]]
36
[[19], [16], [8], [19]]
24
[[19], [16], [9]]
29
[[19], [16], [9], [19]]
23
[[19], [16], [11]]
28
[[19], [16], [12]]
27
[[19], [16], [14]]
33
[[19], [16], [15]]
40
[[19], [16], [16]]
36
[[19], [16], [16], [19]]
24
[[19], [16], [17]]
39
[[19], [16], [17], [19]]
28
[[19], [16], [17], [18]]
23
[[19], [16], [18]]
46
[[19], [16], [18], [18]]
31
[[19], [16], [18], [19]]
30
[[19], [16], [18], [15]]
26
[[19], [16], [18], [14]]
23
[[19], [16], [18], [17]]
24
[[19], [16], [18, 19]]
31
[[19], [16], [19]]
48
[[19], [16], [19], [18]]
35
[[19], [16], [19], [18, 19]]
25
[[19], [16], [19], [19]]
33
[[19], [16], [19], [15]]
31
[[19], [16], [19], [16]]
24
[[19], [16], [19], [17]]
28
[[19], [16], [19], [14]]
24
[[19], [16], [13]]
26
[[19], [16], [4]]
25
[[19], [16], [10]]
27
[[19], [16], [5]]
27
[[19], [16], [7]]
25
[[19], [16], [3]]
28
[[19], [16, 19]]
31
[[19], [16, 19], [18]]
24
[[19], [16, 19], [19]]
24
[[19], [16, 18]]
23
[[19], [17]]
61
[[19], [17], [16]]
43
[[19], [17], [18]]
45
[[19], [17], [18], [16]]
27
[[19], [17], [18], [18]]
29
[[19], [17], [18], [19]]
29
[[19], [17], [18], [17]]
23
[[19], [17], [18], [14]]
23
[[19], [17], [18, 19]]
25
[[19], [17], [19]]
45
[[19], [17], [19], [18]]
33
[[19], [17], [19], [19]]
29
[[19], [17], [19], [16]]
26
[[19], [17], [19], [14]]
24
[[19], [17], [19], [15]]
25
[[19], [17], [19], [17]]
26
[[19], [17], [17]]
38
[[19], [17], [17], [19]]
26
[[19], [17], [14]]
33
[[19], [17], [6]]
29
[[19], [17], [15]]
35
[[19], [17], [5]]
30
[[19], [17], [7]]
30
[[19], [17], [11]]
30
[[19], [17], [12]]
25
[[19], [17], [3]]
28
[[19], [17], [8]]
28
[[19], [17], [9]]
27
[[19], [17], [10]]
25
[[19], [17], [13]]
25
[[19], [17, 19]]
28
[[19], [17, 19], [19]]
23
[[19], [17, 19], [18]]
23
[[19], [18]]
67
[[19], [18], [8]]
33
[[19], [18], [9]]
29
[[19], [18], [11]]
33
[[19], [18], [14]]
39
[[19], [18], [14], [18]]
23
[[19], [18], [15]]
38
[[19], [18], [16]]
43
[[19], [18], [16], [18]]
25
[[19], [18], [16], [19]]
23
[[19], [18], [17]]
43
[[19], [18], [17], [19]]
23
[[19], [18], [17], [18]]
24
[[19], [18], [18]]
50
[[19], [18], [18], [15]]
24
[[19], [18], [18], [16]]
25
[[19], [18], [18], [18]]
30
[[19], [18], [18], [19]]
29
[[19], [18], [18], [14]]
27
[[19], [18], [18], [17]]
27
[[19], [18], [18, 19]]
29
[[19], [18], [19]]
50
[[19], [18], [19], [18]]
33
[[19], [18], [19], [19]]
28
[[19], [18], [19], [14]]
27
[[19], [18], [19], [17]]
29
[[19], [18], [19], [15]]
26
[[19], [18], [3]]
31
[[19], [18], [5]]
28
[[19], [18], [13]]
29
[[19], [18], [4]]
25
[[19], [18], [6]]
27
[[19], [18], [12]]
28
[[19], [18], [7]]
25
[[19], [18], [10]]
28
[[19], [18], [0]]
24
[[19], [18, 19]]
48
[[19], [18, 19], [14]]
30
[[19], [18, 19], [15]]
30
[[19], [18, 19], [16]]
30
[[19], [18, 19], [17]]
31
[[19], [18, 19], [18]]
37
[[19], [18, 19], [19]]
33
[[19], [18, 19], [3]]
23
[[19], [18, 19], [8]]
25
[[19], [19]]
66
[[19], [19], [3]]
35
[[19], [19], [3], [19]]
23
[[19], [19], [4]]
32
[[19], [19], [4], [19]]
23
[[19], [19], [5]]
32
[[19], [19], [6]]
33
[[19], [19], [6], [19]]
24
[[19], [19], [8]]
37
[[19], [19], [9]]
32
[[19], [19], [9], [19]]
26
[[19], [19], [9], [17]]
24
[[19], [19], [11]]
38
[[19], [19], [11], [18]]
24
[[19], [19], [12]]
27
[[19], [19], [13]]
35
[[19], [19], [13], [19]]
23
[[19], [19], [14]]
43
[[19], [19], [14], [18]]
27
[[19], [19], [14], [19]]
27
[[19], [19], [14], [16]]
23
[[19], [19], [14], [17]]
25
[[19], [19], [15]]
44
[[19], [19], [15], [19]]
23
[[19], [19], [16]]
50
[[19], [19], [16], [15]]
27
[[19], [19], [16], [18]]
28
[[19], [19], [16], [19]]
31
[[19], [19], [16], [8]]
23
[[19], [19], [16], [17]]
24
[[19], [19], [16], [16]]
23
[[19], [19], [17]]
48
[[19], [19], [17], [18]]
29
[[19], [19], [17], [19]]
33
[[19], [19], [17], [16]]
27
[[19], [19], [17], [15]]
27
[[19], [19], [17], [17]]
24
[[19], [19], [18]]
58
[[19], [19], [18], [8]]
28
[[19], [19], [18], [14]]
29
[[19], [19], [18], [15]]
32
[[19], [19], [18], [16]]
35
[[19], [19], [18], [18]]
36
[[19], [19], [18], [19]]
38
[[19], [19], [18], [19], [18]]
24
[[19], [19], [18], [17]]
35
[[19], [19], [18], [3]]
25
[[19], [19], [18], [11]]
25
[[19], [19], [18], [10]]
23
[[19], [19], [18, 19]]
37
[[19], [19], [18, 19], [18]]
28
[[19], [19], [18, 19], [19]]
25
[[19], [19], [18, 19], [17]]
24
[[19], [19], [19]]
57
[[19], [19], [19], [8]]
25
[[19], [19], [19], [15]]
34
[[19], [19], [19], [16]]
37
[[19], [19], [19], [18]]
44
[[19], [19], [19], [18], [19]]
24
[[19], [19], [19], [18, 19]]
25
[[19], [19], [19], [19]]
42
[[19], [19], [19], [19], [18]]
29
[[19], [19], [19], [19], [15]]
25
[[19], [19], [19], [19], [19]]
27
[[19], [19], [19], [19], [17]]
26
[[19], [19], [19], [14]]
31
[[19], [19], [19], [17]]
39
[[19], [19], [19], [11]]
29
[[19], [19], [19], [3]]
29
[[19], [19], [19], [4]]
24
[[19], [19], [19], [10]]
27
[[19], [19], [19], [6]]
23
[[19], [19], [7]]
28
[[19], [19], [10]]
31
[[19], [19], [0]]
24
[[19], [19], [2]]
23
[[19], [1]]
33
[[19], [1], [19]]
24
[[18]]
79
[[18], [3]]
37
[[18], [3], [16]]
25
[[18], [3], [19]]
25
[[18], [5]]
41
[[18], [5], [18]]
27
[[18], [5], [19]]
25
[[18], [5], [15]]
24
[[18], [6]]
38
[[18], [6], [19]]
29
[[18], [6], [18]]
26
[[18], [8]]
41
[[18], [8], [19]]
27
[[18], [8], [18]]
28
[[18], [8], [16]]
27
[[18], [9]]
40
[[18], [9], [18]]
29
[[18], [9], [19]]
32
[[18], [9], [19], [19]]
23
[[18], [9], [17]]
27
[[18], [9], [16]]
25
[[18], [10]]
40
[[18], [10], [15]]
23
[[18], [10], [18]]
26
[[18], [10], [19]]
28
[[18], [10], [17]]
23
[[18], [11]]
43
[[18], [11], [18]]
26
[[18], [11], [19]]
25
[[18], [12]]
40
[[18], [12], [19]]
25
[[18], [13]]
43
[[18], [13], [18]]
32
[[18], [13], [17]]
25
[[18], [13], [19]]
31
[[18], [13], [16]]
26
[[18], [13], [15]]
23
[[18], [14]]
48
[[18], [14], [16]]
28
[[18], [14], [18]]
31
[[18], [14], [19]]
27
[[18], [14], [17]]
25
[[18], [15]]
47
[[18], [15], [18]]
27
[[18], [15], [19]]
27
[[18], [15], [8]]
23
[[18], [15], [16]]
27
[[18], [16]]
60
[[18], [16], [8]]
29
[[18], [16], [12]]
24
[[18], [16], [15]]
32
[[18], [16], [16]]
30
[[18], [16], [18]]
40
[[18], [16], [18], [18]]
26
[[18], [16], [18], [19]]
23
[[18], [16], [18, 19]]
29
[[18], [16], [19]]
39
[[18], [16], [19], [18]]
30
[[18], [16], [19], [19]]
28
[[18], [16], [19], [15]]
23
[[18], [16], [14]]
28
[[18], [16], [17]]
29
[[18], [16], [3]]
24
[[18], [16], [10]]
25
[[18], [16, 19]]
30
[[18], [16, 19], [18]]
25
[[18], [16, 19], [19]]
24
[[18], [17]]
58
[[18], [17], [18]]
37
[[18], [17], [18], [19]]
23
[[18], [17], [18], [18]]
23
[[18], [17], [15]]
28
[[18], [17], [16]]
36
[[18], [17], [17]]
30
[[18], [17], [19]]
37
[[18], [17], [19], [18]]
26
[[18], [17], [19], [19]]
24
[[18], [17], [7]]
26
[[18], [17], [8]]
25
[[18], [17], [14]]
25
[[18], [17], [5]]
23
[[18], [17], [3]]
23
[[18], [17], [10]]
23
[[18], [17, 19]]
24
[[18], [18]]
64
[[18], [18], [8]]
34
[[18], [18], [9]]
27
[[18], [18], [11]]
27
[[18], [18], [14]]
34
[[18], [18], [15]]
37
[[18], [18], [16]]
40
[[18], [18], [16], [19]]
26
[[18], [18], [18]]
47
[[18], [18], [18], [18]]
27
[[18], [18], [18], [19]]
26
[[18], [18], [18], [16]]
24
[[18], [18], [18], [17]]
24
[[18], [18], [18, 19]]
26
[[18], [18], [19]]
46
[[18], [18], [19], [18]]
31
[[18], [18], [19], [19]]
29
[[18], [18], [19], [17]]
25
[[18], [18], [19], [15]]
24
[[18], [18], [3]]
28
[[18], [18], [17]]
35
[[18], [18], [5]]
28
[[18], [18], [6]]
26
[[18], [18], [13]]
28
[[18], [18], [4]]
23
[[18], [18], [7]]
23
[[18], [18], [10]]
28
[[18], [18], [12]]
26
[[18], [18], [0]]
23
[[18], [18, 19]]
43
[[18], [18, 19], [8]]
27
[[18], [18, 19], [15]]
26
[[18], [18, 19], [16]]
27
[[18], [18, 19], [18]]
34
[[18], [18, 19], [19]]
30
[[18], [18, 19], [14]]
27
[[18], [18, 19], [17]]
25
[[18], [19]]
59
[[18], [19], [6]]
27
[[18], [19], [8]]
34
[[18], [19], [8], [18]]
23
[[18], [19], [9]]
28
[[18], [19], [11]]
30
[[18], [19], [13]]
29
[[18], [19], [14]]
36
[[18], [19], [15]]
36
[[18], [19], [16]]
39
[[18], [19], [16], [18]]
24
[[18], [19], [16], [19]]
27
[[18], [19], [17]]
37
[[18], [19], [17], [19]]
24
[[18], [19], [17], [18]]
24
[[18], [19], [18]]
49
[[18], [19], [18], [16]]
28
[[18], [19], [18], [18]]
31
[[18], [19], [18], [19]]
32
[[18], [19], [18], [15]]
26
[[18], [19], [18], [8]]
24
[[18], [19], [18], [17]]
25
[[18], [19], [18], [3]]
23
[[18], [19], [18, 19]]
31
[[18], [19], [18, 19], [19]]
23
[[18], [19], [19]]
46
[[18], [19], [19], [16]]
30
[[18], [19], [19], [18]]
36
[[18], [19], [19], [18, 19]]
23
[[18], [19], [19], [19]]
36
[[18], [19], [19], [19], [18]]
25
[[18], [19], [19], [15]]
27
[[18], [19], [19], [17]]
28
[[18], [19], [19], [3]]
24
[[18], [19], [3]]
31
[[18], [19], [5]]
29
[[18], [19], [10]]
31
[[18], [19], [7]]
25
[[18], [19], [4]]
25
[[18], [19], [0]]
24
[[18], [1]]
32
[[18], [1], [19]]
24
[[18], [4]]
35
[[18], [0]]
33
[[18], [2]]
31
[[18], [2], [18]]
23
[[18], [2], [19]]
24
[[18], [7]]
40
[[18], [7], [18]]
27
[[18], [7], [19]]
23
[[18, 19]]
60
[[18, 19], [8]]
35
[[18, 19], [8], [16]]
23
[[18, 19], [8], [18]]
23
[[18, 19], [9]]
30
[[18, 19], [11]]
30
[[18, 19], [12]]
27
[[18, 19], [14]]
36
[[18, 19], [14], [18]]
24
[[18, 19], [15]]
37
[[18, 19], [15], [18]]
24
[[18, 19], [16]]
45
[[18, 19], [16], [18]]
28
[[18, 19], [16], [19]]
27
[[18, 19], [16], [16]]
23
[[18, 19], [17]]
45
[[18, 19], [17], [16]]
28
[[18, 19], [17], [18]]
29
[[18, 19], [17], [19]]
25
[[18, 19], [18]]
51
[[18, 19], [18], [15]]
27
[[18, 19], [18], [16]]
30
[[18, 19], [18], [18]]
33
[[18, 19], [18], [19]]
31
[[18, 19], [18], [8]]
25
[[18, 19], [18], [17]]
23
[[18, 19], [18, 19]]
28
[[18, 19], [19]]
43
[[18, 19], [19], [18]]
37
[[18, 19], [19], [18], [19]]
24
[[18, 19], [19], [19]]
35
[[18, 19], [19], [19], [16]]
23
[[18, 19], [19], [19], [18]]
24
[[18, 19], [19], [19], [19]]
23
[[18, 19], [19], [14]]
26
[[18, 19], [19], [15]]
26
[[18, 19], [19], [16]]
28
[[18, 19], [19], [17]]
26
[[18, 19], [6]]
28
[[18, 19], [0]]
25
[[18, 19], [4]]
27
[[18, 19], [5]]
31
[[18, 19], [13]]
27
[[18, 19], [13], [18]]
23
[[18, 19], [7]]
26
[[18, 19], [10]]
31
[[18, 19], [1]]
23
[[18, 19], [3]]
28
[[18, 19], [2]]
24
[[16]]
76
[[16], [0]]
29
[[16], [3]]
36
[[16], [3], [19]]
24
[[16], [3], [16]]
23
[[16], [4]]
31
[[16], [5]]
34
[[16], [6]]
33
[[16], [6], [19]]
27
[[16], [8]]
43
[[16], [8], [18]]
25
[[16], [8], [19]]
28
[[16], [8], [16]]
24
[[16], [9]]
39
[[16], [9], [19]]
30
[[16], [9], [17]]
25
[[16], [9], [18]]
23
[[16], [10]]
36
[[16], [10], [15]]
24
[[16], [10], [19]]
25
[[16], [10], [18]]
23
[[16], [11]]
38
[[16], [12]]
37
[[16], [12], [19]]
24
[[16], [13]]
32
[[16], [14]]
42
[[16], [14], [18]]
26
[[16], [14], [19]]
29
[[16], [14], [17]]
24
[[16], [15]]
43
[[16], [15], [19]]
26
[[16], [15], [18]]
23
[[16], [15], [16]]
23
[[16], [16]]
48
[[16], [16], [18]]
35
[[16], [16], [18], [18]]
24
[[16], [16], [18], [19]]
23
[[16], [16], [18, 19]]
24
[[16], [16], [19]]
38
[[16], [16], [19], [18]]
25
[[16], [16], [15]]
30
[[16], [16], [16]]
31
[[16], [16], [14]]
24
[[16], [16], [8]]
26
[[16], [16], [17]]
28
[[16], [16], [5]]
24
[[16], [16], [6]]
24
[[16], [16], [11]]
24
[[16], [17]]
49
[[16], [17], [18]]
33
[[16], [17], [16]]
27
[[16], [17], [17]]
27
[[16], [17], [19]]
36
[[16], [17], [19], [18]]
24
[[16], [17], [14]]
26
[[16], [17], [11]]
24
[[16], [17], [15]]
25
[[16], [18]]
55
[[16], [18], [16]]
32
[[16], [18], [17]]
34
[[16], [18], [18]]
40
[[16], [18], [18], [18]]
26
[[16], [18], [18], [19]]
24
[[16], [18], [18, 19]]
23
[[16], [18], [19]]
38
[[16], [18], [19], [18]]
24
[[16], [18], [15]]
30
[[16], [18], [14]]
30
[[16], [18], [5]]
25
[[16], [18], [11]]
24
[[16], [18], [3]]
23
[[16], [18], [6]]
24
[[16], [18], [8]]
26
[[16], [18], [12]]
25
[[16], [18], [10]]
23
[[16], [18, 19]]
39
[[16], [18, 19], [18]]
31
[[16], [18, 19], [19]]
24
[[16], [18, 19], [14]]
23
[[16], [18, 19], [15]]
24
[[16], [18, 19], [17]]
24
[[16], [19]]
55
[[16], [19], [4]]
26
[[16], [19], [8]]
28
[[16], [19], [11]]
28
[[16], [19], [15]]
35
[[16], [19], [16]]
35
[[16], [19], [16], [19]]
23
[[16], [19], [18]]
43
[[16], [19], [18], [18]]
26
[[16], [19], [18], [19]]
26
[[16], [19], [18], [17]]
24
[[16], [19], [18, 19]]
31
[[16], [19], [19]]
44
[[16], [19], [19], [18]]
29
[[16], [19], [19], [17]]
29
[[16], [19], [19], [14]]
24
[[16], [19], [19], [16]]
24
[[16], [19], [19], [19]]
31
[[16], [19], [19], [15]]
28
[[16], [19], [3]]
27
[[16], [19], [14]]
33
[[16], [19], [17]]
38
[[16], [19], [17], [19]]
26
[[16], [19], [13]]
25
[[16], [19], [5]]
24
[[16], [19], [10]]
26
[[16], [19], [9]]
25
[[16], [19], [6]]
23
[[16], [1]]
26
[[16], [7]]
32
[[16], [2]]
24
[[16, 18]]
31
[[16, 19]]
39
[[16, 19], [15]]
25
[[16, 19], [16]]
29
[[16, 19], [16], [19]]
23
[[16, 19], [18]]
34
[[16, 19], [18], [18]]
25
[[16, 19], [18, 19]]
25
[[16, 19], [19]]
34
[[16, 19], [19], [18]]
27
[[16, 19], [17]]
29
[[16, 19], [8]]
23
[[16, 19], [6]]
23
[[16, 19], [11]]
23
[[16, 19], [3]]
24
[[13]]
54
[[13], [6]]
25
[[13], [8]]
31
[[13], [15]]
30
[[13], [16]]
35
[[13], [16], [19]]
25
[[13], [18]]
38
[[13], [18], [18]]
27
[[13], [18], [19]]
26
[[13], [18], [16]]
25
[[13], [18], [17]]
23
[[13], [18, 19]]
28
[[13], [19]]
41
[[13], [19], [18]]
30
[[13], [19], [18, 19]]
24
[[13], [19], [19]]
29
[[13], [19], [19], [18]]
23
[[13], [19], [17]]
24
[[13], [19], [14]]
24
[[13], [14]]
28
[[13], [17]]
33
[[13], [17], [19]]
24
[[13], [17], [18]]
23
[[13], [13]]
25
[[13], [5]]
25
[[13], [3]]
27
[[13], [9]]
24
[[13], [11]]
25
[[13], [10]]
23
[[4]]
46
[[4], [15]]
29
[[4], [16]]
32
[[4], [17]]
28
[[4], [18]]
35
[[4], [18], [18]]
25
[[4], [18], [19]]
23
[[4], [18, 19]]
24
[[4], [19]]
34
[[4], [19], [15]]
25
[[4], [19], [18]]
28
[[4], [19], [16]]
24
[[4], [19], [17]]
25
[[4], [19], [19]]
25
[[4], [8]]
26
[[4], [14]]
24
[[4], [4]]
23
[[17]]
71
[[17], [2]]
29
[[17], [3]]
37
[[17], [3], [16]]
25
[[17], [3], [18]]
24
[[17], [3], [19]]
23
[[17], [5]]
41
[[17], [5], [17]]
23
[[17], [5], [18]]
27
[[17], [5], [19]]
27
[[17], [5], [15]]
25
[[17], [5], [16]]
26
[[17], [6]]
38
[[17], [6], [18]]
26
[[17], [6], [19]]
29
[[17], [6], [16]]
24
[[17], [8]]
38
[[17], [8], [16]]
27
[[17], [8], [18]]
25
[[17], [8], [19]]
24
[[17], [9]]
36
[[17], [9], [19]]
28
[[17], [9], [17]]
23
[[17], [10]]
33
[[17], [10], [19]]
23
[[17], [11]]
37
[[17], [12]]
32
[[17], [14]]
39
[[17], [14], [16]]
23
[[17], [14], [17]]
23
[[17], [14], [18]]
25
[[17], [14], [19]]
23
[[17], [15]]
44
[[17], [15], [16]]
28
[[17], [15], [18]]
25
[[17], [15], [19]]
25
[[17], [16]]
54
[[17], [16], [16]]
25
[[17], [16], [18]]
32
[[17], [16], [19]]
35
[[17], [16], [19], [18]]
23
[[17], [16], [15]]
28
[[17], [16], [17]]
28
[[17], [16], [14]]
24
[[17], [16, 19]]
25
[[17], [17]]
50
[[17], [17], [16]]
31
[[17], [17], [18]]
33
[[17], [17], [18], [18]]
23
[[17], [17], [15]]
28
[[17], [17], [19]]
35
[[17], [17], [19], [18]]
25
[[17], [17], [17]]
25
[[17], [18]]
55
[[17], [18], [8]]
24
[[17], [18], [9]]
26
[[17], [18], [11]]
26
[[17], [18], [12]]
26
[[17], [18], [14]]
29
[[17], [18], [16]]
39
[[17], [18], [16], [18]]
25
[[17], [18], [16], [19]]
24
[[17], [18], [18]]
39
[[17], [18], [18], [18]]
26
[[17], [18], [18], [19]]
24
[[17], [18], [18, 19]]
24
[[17], [18], [19]]
40
[[17], [18], [19], [18]]
31
[[17], [18], [19], [19]]
25
[[17], [18], [19], [15]]
23
[[17], [18], [19], [17]]
23
[[17], [18], [6]]
25
[[17], [18], [15]]
30
[[17], [18], [17]]
33
[[17], [18], [3]]
25
[[17], [18], [5]]
24
[[17], [18], [7]]
24
[[17], [18], [10]]
24
[[17], [18, 19]]
39
[[17], [18, 19], [16]]
27
[[17], [18, 19], [18]]
31
[[17], [18, 19], [19]]
24
[[17], [18, 19], [17]]
24
[[17], [19]]
57
[[17], [19], [9]]
28
[[17], [19], [11]]
32
[[17], [19], [15]]
34
[[17], [19], [16]]
42
[[17], [19], [16], [18]]
26
[[17], [19], [16], [19]]
27
[[17], [19], [16], [15]]
23
[[17], [19], [18]]
45
[[17], [19], [18], [16]]
29
[[17], [19], [18], [18]]
27
[[17], [19], [18], [19]]
33
[[17], [19], [18], [15]]
25
[[17], [19], [18], [17]]
27
[[17], [19], [18], [14]]
24
[[17], [19], [18], [11]]
23
[[17], [19], [18, 19]]
30
[[17], [19], [18, 19], [18]]
24
[[17], [19], [19]]
43
[[17], [19], [19], [16]]
29
[[17], [19], [19], [18]]
34
[[17], [19], [19], [19]]
33
[[17], [19], [19], [19], [18]]
24
[[17], [19], [19], [15]]
28
[[17], [19], [19], [11]]
26
[[17], [19], [19], [17]]
28
[[17], [19], [3]]
30
[[17], [19], [8]]
28
[[17], [19], [14]]
30
[[17], [19], [5]]
28
[[17], [19], [6]]
26
[[17], [19], [10]]
29
[[17], [19], [12]]
24
[[17], [19], [17]]
40
[[17], [19], [17], [18]]
23
[[17], [19], [17], [19]]
23
[[17], [19], [4]]
25
[[17], [19], [7]]
24
[[17], [19], [13]]
25
[[17], [4]]
28
[[17], [13]]
35
[[17], [13], [19]]
23
[[17], [7]]
37
[[17], [7], [18]]
24
[[17], [1]]
25
[[17, 19]]
35
[[17, 19], [18]]
28
[[17, 19], [19]]
29
[[17, 19], [19], [18]]
23
[[17, 19], [17]]
29
[[17, 19], [15]]
24
[[17, 19], [16]]
25
[[17, 18]]
25
[[5]]
62
[[5], [3]]
30
[[5], [5]]
27
[[5], [6]]
25
[[5], [8]]
34
[[5], [9]]
30
[[5], [9], [19]]
23
[[5], [10]]
31
[[5], [11]]
31
[[5], [13]]
28
[[5], [14]]
29
[[5], [15]]
40
[[5], [16]]
39
[[5], [16], [18]]
23
[[5], [16], [19]]
27
[[5], [17]]
41
[[5], [17], [16]]
26
[[5], [17], [18]]
29
[[5], [17], [19]]
31
[[5], [17], [15]]
25
[[5], [17], [17]]
23
[[5], [18]]
46
[[5], [18], [9]]
25
[[5], [18], [11]]
23
[[5], [18], [15]]
27
[[5], [18], [16]]
27
[[5], [18], [17]]
28
[[5], [18], [18]]
32
[[5], [18], [18], [18]]
23
[[5], [18], [18], [19]]
23
[[5], [18], [19]]
32
[[5], [18, 19]]
28
[[5], [19]]
44
[[5], [19], [11]]
25
[[5], [19], [15]]
29
[[5], [19], [16]]
27
[[5], [19], [17]]
29
[[5], [19], [18]]
34
[[5], [19], [18], [18]]
23
[[5], [19], [18], [19]]
24
[[5], [19], [18, 19]]
23
[[5], [19], [19]]
32
[[5], [19], [19], [18]]
26
[[5], [19], [19], [19]]
26
[[5], [19], [19], [17]]
24
[[5], [19], [3]]
23
[[5], [12]]
30
[[5], [0]]
25
[[5], [4]]
27
[[5], [7]]
30
[[5], [2]]
23
[[12]]
54
[[12], [5]]
30
[[12], [8]]
28
[[12], [11]]
26
[[12], [13]]
23
[[12], [14]]
25
[[12], [16]]
33
[[12], [16], [19]]
24
[[12], [17]]
32
[[12], [17], [19]]
25
[[12], [18]]
31
[[12], [18], [18]]
25
[[12], [18], [19]]
26
[[12], [18, 19]]
24
[[12], [19]]
39
[[12], [19], [18]]
27
[[12], [19], [19]]
30
[[12], [19], [17]]
25
[[12], [19], [15]]
25
[[12], [19], [16]]
23
[[12], [3]]
25
[[12], [15]]
27
[[12], [10]]
24
[[12], [12]]
25
[[12], [9]]
23
[[6]]
53
[[6], [5]]
32
[[6], [8]]
28
[[6], [9]]
25
[[6], [12]]
30
[[6], [15]]
32
[[6], [16]]
36
[[6], [16], [18]]
24
[[6], [16], [19]]
26
[[6], [16], [15]]
23
[[6], [17]]
31
[[6], [18]]
40
[[6], [18], [15]]
24
[[6], [18], [16]]
26
[[6], [18], [18]]
26
[[6], [18], [19]]
29
[[6], [18], [17]]
25
[[6], [18, 19]]
27
[[6], [19]]
42
[[6], [19], [15]]
25
[[6], [19], [16]]
27
[[6], [19], [18]]
29
[[6], [19], [19]]
30
[[6], [19], [3]]
24
[[6], [19], [17]]
25
[[6], [19], [11]]
23
[[6], [3]]
27
[[6], [11]]
27
[[6], [14]]
25
[[6], [10]]
23
[[6], [13]]
23
[[9]]
52
[[9], [11]]
30
[[9], [16]]
36
[[9], [18]]
39
[[9], [18], [18]]
28
[[9], [18], [14]]
26
[[9], [18], [16]]
24
[[9], [18], [19]]
26
[[9], [18], [17]]
24
[[9], [18, 19]]
30
[[9], [18, 19], [18]]
24
[[9], [19]]
44
[[9], [19], [18]]
31
[[9], [19], [19]]
33
[[9], [19], [19], [18]]
24
[[9], [19], [19], [19]]
24
[[9], [19], [17]]
31
[[9], [19], [11]]
26
[[9], [19], [14]]
28
[[9], [19], [15]]
25
[[9], [19], [16]]
27
[[9], [19], [3]]
24
[[9], [3]]
29
[[9], [8]]
27
[[9], [14]]
33
[[9], [14], [19]]
25
[[9], [14], [18]]
24
[[9], [15]]
30
[[9], [17]]
39
[[9], [17], [19]]
26
[[9], [17], [18]]
23
[[9], [9]]
27
[[9], [13]]
25
[[9], [5]]
23
[[9], [6]]
24
[[2]]
41
[[2], [6]]
23
[[2], [16]]
31
[[2], [17]]
32
[[2], [18]]
34
[[2], [18], [19]]
25
[[2], [18, 19]]
23
[[2], [19]]
36
[[2], [19], [18]]
29
[[2], [19], [19]]
24
[[2], [8]]
24
[[2], [5]]
23
[[2], [15]]
27
[[2], [11]]
25
[[2], [14]]
23
[[8]]
62
[[8], [8]]
24
[[8], [16]]
44
[[8], [16], [18]]
24
[[8], [16], [19]]
25
[[8], [16], [15]]
24
[[8], [17]]
36
[[8], [17], [19]]
23
[[8], [18]]
42
[[8], [18], [16]]
24
[[8], [18], [18]]
27
[[8], [18], [19]]
26
[[8], [18], [17]]
26
[[8], [18], [9]]
23
[[8], [18, 19]]
29
[[8], [19]]
45
[[8], [19], [16]]
29
[[8], [19], [18]]
32
[[8], [19], [19]]
28
[[8], [19], [19], [19]]
26
[[8], [19], [17]]
29
[[8], [19], [15]]
25
[[8], [5]]
28
[[8], [9]]
30
[[8], [14]]
28
[[8], [15]]
34
[[8], [13]]
25
[[8], [3]]
25
[[8], [7]]
23
[[8], [11]]
24
[[8], [12]]
25
[[8], [6]]
23
[[0]]
46
[[0], [18]]
35
[[0], [18], [18]]
26
[[0], [18], [17]]
25
[[0], [18], [19]]
25
[[0], [18, 19]]
23
[[0], [17]]
31
[[0], [16]]
30
[[0], [19]]
34
[[0], [19], [18]]
28
[[0], [19], [17]]
24
[[0], [19], [19]]
24
[[0], [19], [16]]
23
[[0], [8]]
24
[[0], [11]]
26
[[0], [3]]
26
[[0], [7]]
25
[[0], [15]]
27
[[0], [4]]
23
[[0], [14]]
24
[[0], [10]]
23
[[1]]
40
[[1], [18]]
28
[[1], [17]]
26
[[1], [19]]
30
[[1], [16]]
23
[[3]]
49
[[3], [8]]
27
[[3], [16]]
33
[[3], [18]]
32
[[3], [18], [18]]
24
[[3], [18, 19]]
24
[[3], [19]]
35
[[3], [19], [18]]
24
[[3], [15]]
28
[[3], [17]]
29
[[3], [11]]
24
