[[15]]
80
[[15], [5]]
39
[[15], [8]]
46
[[15], [9]]
40
[[15], [9], [19]]
32
[[15], [14]]
44
[[15], [14], [19]]
32
[[15], [15]]
51
[[15], [15], [16]]
32
[[15], [16]]
56
[[15], [16], [15]]
32
[[15], [16], [18]]
34
[[15], [16], [19]]
42
[[15], [17]]
49
[[15], [17], [18]]
33
[[15], [17], [19]]
35
[[15], [18]]
57
[[15], [18], [18]]
41
[[15], [18], [16]]
35
[[15], [18], [19]]
41
[[15], [18], [17]]
34
[[15], [18], [15]]
31
[[15], [18, 19]]
35
[[15], [19]]
60
[[15], [19], [15]]
36
[[15], [19], [18]]
42
[[15], [19], [19]]
45
[[15], [19], [19], [19]]
36
[[15], [19], [17]]
38
[[15], [19], [16]]
35
[[15], [19], [14]]
32
[[15], [19], [10]]
31
[[15], [7]]
45
[[15], [10]]
39
[[15], [11]]
43
[[15], [12]]
37
[[15], [13]]
36
[[15], [6]]
36
[[15], [4]]
35
[[15], [3]]
33
[[15], [0]]
31
[[15], [1]]
33
[[15, 19]]
35
[[14]]
80
[[14], [15]]
46
[[14], [15], [19]]
32
[[14], [16]]
60
[[14], [16], [19]]
34
[[14], [16], [18]]
33
[[14], [16], [16]]
31
[[14], [17]]
57
[[14], [17], [18]]
39
[[14], [17], [19]]
40
[[14], [17], [16]]
38
[[14], [17], [15]]
32
[[14], [17], [14]]
33
[[14], [17], [17]]
32
[[14], [17], [13]]
31
[[14], [18]]
59
[[14], [18], [16]]
40
[[14], [18], [18]]
37
[[14], [18], [19]]
43
[[14], [18], [17]]
38
[[14], [18], [15]]
32
[[14], [18], [14]]
32
[[14], [18, 19]]
38
[[14], [19]]
63
[[14], [19], [18]]
46
[[14], [19], [18], [19]]
31
[[14], [19], [19]]
50
[[14], [19], [19], [18]]
34
[[14], [19], [19], [16]]
33
[[14], [19], [19], [19]]
33
[[14], [19], [19], [17]]
31
[[14], [19], [15]]
37
[[14], [19], [16]]
44
[[14], [19], [17]]
39
[[14], [19], [13]]
35
[[14], [19], [3]]
31
[[14], [19], [8]]
32
[[14], [19], [11]]
34
[[14], [19], [14]]
35
[[14], [3]]
38
[[14], [8]]
44
[[14], [13]]
42
[[14], [14]]
46
[[14], [9]]
37
[[14], [9], [19]]
31
[[14], [11]]
40
[[14], [6]]
38
[[14], [4]]
32
[[14], [7]]
39
[[14], [10]]
39
[[14], [5]]
32
[[14], [1]]
33
[[14], [2]]
31
[[14], [12]]
33
[[10]]
74
[[10], [5]]
32
[[10], [7]]
39
[[10], [8]]
34
[[10], [11]]
37
[[10], [12]]
35
[[10], [14]]
32
[[10], [15]]
39
[[10], [16]]
43
[[10], [17]]
50
[[10], [18]]
49
[[10], [18], [19]]
31
[[10], [19]]
53
[[10], [19], [18]]
34
[[10], [19], [19]]
36
[[10], [19], [17]]
36
[[10], [10]]
35
[[7]]
70
[[7], [11]]
37
[[7], [14]]
36
[[7], [16]]
38
[[7], [17]]
42
[[7], [18]]
47
[[7], [18, 19]]
32
[[7], [19]]
47
[[7], [19], [18]]
35
[[7], [19], [19]]
36
[[7], [15]]
36
[[7], [5]]
31
[[7], [8]]
33
[[7], [7]]
31
[[11]]
85
[[11], [7]]
38
[[11], [8]]
41
[[11], [14]]
41
[[11], [15]]
39
[[11], [16]]
52
[[11], [16], [18]]
32
[[11], [16], [19]]
31
[[11], [17]]
49
[[11], [17], [18]]
35
[[11], [17], [19]]
34
[[11], [18]]
58
[[11], [18], [18]]
40
[[11], [18], [19]]
39
[[11], [18], [16]]
34
[[11], [18], [17]]
33
[[11], [18, 19]]
36
[[11], [19]]
59
[[11], [19], [18]]
45
[[11], [19], [19]]
43
[[11], [19], [17]]
38
[[11], [19], [16]]
37
[[11], [19], [14]]
31
[[11], [19], [15]]
31
[[11], [9]]
37
[[11], [12]]
37
[[11], [5]]
35
[[11], [11]]
39
[[11], [10]]
38
[[11], [1]]
32
[[11], [3]]
31
[[19]]
108
[[19], [0]]
59
[[19], [0], [18]]
37
[[19], [0], [19]]
39
[[19], [0], [16]]
35
[[19], [0], [11]]
32
[[19], [0], [17]]
34
[[19], [2]]
52
[[19], [2], [16]]
32
[[19], [2], [18]]
39
[[19], [2], [19]]
42
[[19], [2], [17]]
35
[[19], [2], [11]]
32
[[19], [3]]
58
[[19], [3], [16]]
36
[[19], [3], [18]]
33
[[19], [3], [19]]
43
[[19], [3], [17]]
36
[[19], [3], [11]]
31
[[19], [4]]
55
[[19], [4], [18]]
37
[[19], [4], [19]]
40
[[19], [4], [16]]
37
[[19], [4], [17]]
34
[[19], [4], [15]]
31
[[19], [5]]
62
[[19], [5], [15]]
36
[[19], [5], [16]]
37
[[19], [5], [17]]
35
[[19], [5], [18]]
43
[[19], [5], [19]]
43
[[19], [5], [19], [19]]
32
[[19], [6]]
57
[[19], [6], [16]]
36
[[19], [6], [18]]
39
[[19], [6], [19]]
45
[[19], [6], [19], [19]]
32
[[19], [7]]
60
[[19], [7], [18]]
36
[[19], [7], [19]]
37
[[19], [7], [17]]
35
[[19], [7], [15]]
31
[[19], [8]]
68
[[19], [8], [16]]
43
[[19], [8], [17]]
42
[[19], [8], [18]]
44
[[19], [8], [19]]
47
[[19], [8], [15]]
34
[[19], [9]]
60
[[19], [9], [18]]
43
[[19], [9], [18, 19]]
32
[[19], [9], [19]]
49
[[19], [9], [19], [19]]
33
[[19], [9], [19], [18]]
33
[[19], [9], [17]]
42
[[19], [9], [16]]
37
[[19], [9], [15]]
33
[[19], [10]]
64
[[19], [10], [18]]
39
[[19], [10], [19]]
41
[[19], [10], [17]]
39
[[19], [10], [15]]
31
[[19], [10], [16]]
31
[[19], [11]]
67
[[19], [11], [16]]
37
[[19], [11], [18]]
41
[[19], [11], [19]]
43
[[19], [11], [19], [18]]
31
[[19], [11], [19], [19]]
31
[[19], [11], [17]]
38
[[19], [11], [14]]
33
[[19], [11], [8]]
31
[[19], [11], [11]]
32
[[19], [12]]
58
[[19], [12], [19]]
40
[[19], [12], [18]]
34
[[19], [12], [16]]
31
[[19], [13]]
56
[[19], [13], [16]]
32
[[19], [13], [18]]
39
[[19], [13], [19]]
42
[[19], [13], [17]]
33
[[19], [14]]
66
[[19], [14], [18]]
42
[[19], [14], [19]]
44
[[19], [14], [19], [19]]
32
[[19], [14], [17]]
41
[[19], [14], [16]]
42
[[19], [14], [11]]
34
[[19], [15]]
68
[[19], [15], [8]]
38
[[19], [15], [15]]
40
[[19], [15], [16]]
45
[[19], [15], [16], [19]]
32
[[19], [15], [18]]
48
[[19], [15], [18], [18]]
31
[[19], [15], [18], [19]]
32
[[19], [15], [19]]
47
[[19], [15], [19], [18]]
33
[[19], [15], [19], [19]]
33
[[19], [15], [14]]
36
[[19], [15], [17]]
39
[[19], [15], [5]]
32
[[19], [15], [7]]
36
[[19], [15], [9]]
32
[[19], [15], [11]]
37
[[19], [16]]
89
[[19], [16], [6]]
40
[[19], [16], [8]]
47
[[19], [16], [8], [19]]
31
[[19], [16], [9]]
37
[[19], [16], [9], [19]]
32
[[19], [16], [11]]
42
[[19], [16], [12]]
37
[[19], [16], [14]]
45
[[19], [16], [15]]
51
[[19], [16], [16]]
54
[[19], [16], [16], [19]]
34
[[19], [16], [17]]
55
[[19], [16], [17], [19]]
34
[[19], [16], [18]]
61
[[19], [16], [18], [18]]
38
[[19], [16], [18], [19]]
41
[[19], [16], [18], [15]]
32
[[19], [16], [18], [17]]
33
[[19], [16], [18, 19]]
39
[[19], [16], [19]]
64
[[19], [16], [19], [18]]
43
[[19], [16], [19], [18, 19]]
31
[[19], [16], [19], [19]]
44
[[19], [16], [19], [15]]
37
[[19], [16], [19], [17]]
36
[[19], [16], [19], [14]]
33
[[19], [16], [13]]
35
[[19], [16], [4]]
34
[[19], [16], [10]]
38
[[19], [16], [5]]
37
[[19], [16], [7]]
40
[[19], [16], [3]]
39
[[19], [16], [1]]
35
[[19], [16], [2]]
32
[[19], [16], [0]]
32
[[19], [16, 19]]
43
[[19], [16, 18]]
32
[[19], [17]]
86
[[19], [17], [16]]
59
[[19], [17], [16], [18]]
31
[[19], [17], [16], [19]]
32
[[19], [17], [18]]
61
[[19], [17], [18], [16]]
35
[[19], [17], [18], [18]]
39
[[19], [17], [18], [19]]
41
[[19], [17], [18], [17]]
33
[[19], [17], [18], [14]]
32
[[19], [17], [18, 19]]
34
[[19], [17], [19]]
62
[[19], [17], [19], [18]]
43
[[19], [17], [19], [19]]
41
[[19], [17], [19], [16]]
37
[[19], [17], [19], [14]]
35
[[19], [17], [19], [17]]
33
[[19], [17], [19], [15]]
31
[[19], [17], [19], [11]]
32
[[19], [17], [17]]
51
[[19], [17], [17], [19]]
33
[[19], [17], [14]]
48
[[19], [17], [6]]
40
[[19], [17], [15]]
46
[[19], [17], [5]]
38
[[19], [17], [7]]
43
[[19], [17], [11]]
45
[[19], [17], [12]]
38
[[19], [17], [3]]
36
[[19], [17], [8]]
40
[[19], [17], [9]]
32
[[19], [17], [10]]
38
[[19], [17], [13]]
36
[[19], [17, 19]]
41
[[19], [17, 19], [18]]
32
[[19], [18]]
92
[[19], [18], [8]]
48
[[19], [18], [9]]
37
[[19], [18], [11]]
47
[[19], [18], [14]]
50
[[19], [18], [15]]
48
[[19], [18], [16]]
58
[[19], [18], [17]]
62
[[19], [18], [17], [18]]
32
[[19], [18], [17], [19]]
31
[[19], [18], [17], [17]]
31
[[19], [18], [18]]
67
[[19], [18], [18], [16]]
35
[[19], [18], [18], [18]]
38
[[19], [18], [18], [19]]
41
[[19], [18], [18], [14]]
34
[[19], [18], [18], [17]]
39
[[19], [18], [18], [15]]
32
[[19], [18], [18], [8]]
31
[[19], [18], [18, 19]]
38
[[19], [18], [19]]
71
[[19], [18], [19], [18]]
43
[[19], [18], [19], [19]]
39
[[19], [18], [19], [14]]
38
[[19], [18], [19], [17]]
42
[[19], [18], [19], [15]]
33
[[19], [18], [19], [11]]
32
[[19], [18], [19], [16]]
33
[[19], [18], [3]]
38
[[19], [18], [5]]
37
[[19], [18], [13]]
37
[[19], [18], [4]]
37
[[19], [18], [6]]
38
[[19], [18], [12]]
38
[[19], [18], [7]]
38
[[19], [18], [10]]
41
[[19], [18], [0]]
39
[[19], [18], [1]]
32
[[19], [18, 19]]
65
[[19], [18, 19], [14]]
37
[[19], [18, 19], [15]]
35
[[19], [18, 19], [16]]
39
[[19], [18, 19], [17]]
40
[[19], [18, 19], [18]]
46
[[19], [18, 19], [19]]
47
[[19], [18, 19], [8]]
33
[[19], [19]]
95
[[19], [19], [3]]
45
[[19], [19], [4]]
46
[[19], [19], [4], [19]]
31
[[19], [19], [5]]
46
[[19], [19], [6]]
48
[[19], [19], [6], [19]]
35
[[19], [19], [8]]
53
[[19], [19], [8], [19]]
32
[[19], [19], [9]]
44
[[19], [19], [9], [19]]
37
[[19], [19], [9], [17]]
31
[[19], [19], [11]]
57
[[19], [19], [11], [18]]
32
[[19], [19], [11], [19]]
34
[[19], [19], [11], [16]]
31
[[19], [19], [12]]
41
[[19], [19], [13]]
45
[[19], [19], [14]]
57
[[19], [19], [14], [18]]
32
[[19], [19], [14], [19]]
35
[[19], [19], [14], [16]]
31
[[19], [19], [14], [17]]
31
[[19], [19], [15]]
58
[[19], [19], [15], [19]]
32
[[19], [19], [16]]
72
[[19], [19], [16], [15]]
34
[[19], [19], [16], [18]]
38
[[19], [19], [16], [19]]
43
[[19], [19], [16], [17]]
36
[[19], [19], [16], [16]]
36
[[19], [19], [16], [11]]
31
[[19], [19], [17]]
68
[[19], [19], [17], [18]]
39
[[19], [19], [17], [19]]
44
[[19], [19], [17], [16]]
36
[[19], [19], [17], [17]]
34
[[19], [19], [17], [15]]
32
[[19], [19], [17], [14]]
31
[[19], [19], [18]]
81
[[19], [19], [18], [8]]
40
[[19], [19], [18], [14]]
41
[[19], [19], [18], [15]]
40
[[19], [19], [18], [16]]
48
[[19], [19], [18], [18]]
48
[[19], [19], [18], [19]]
55
[[19], [19], [18], [19], [19]]
31
[[19], [19], [18], [17]]
50
[[19], [19], [18], [11]]
35
[[19], [19], [18], [10]]
33
[[19], [19], [18], [6]]
32
[[19], [19], [18, 19]]
51
[[19], [19], [18, 19], [18]]
35
[[19], [19], [18, 19], [19]]
39
[[19], [19], [18, 19], [17]]
31
[[19], [19], [19]]
79
[[19], [19], [19], [8]]
38
[[19], [19], [19], [15]]
42
[[19], [19], [19], [16]]
49
[[19], [19], [19], [18]]
55
[[19], [19], [19], [18], [19]]
34
[[19], [19], [19], [18, 19]]
32
[[19], [19], [19], [19]]
59
[[19], [19], [19], [19], [18]]
38
[[19], [19], [19], [19], [15]]
31
[[19], [19], [19], [19], [19]]
38
[[19], [19], [19], [19], [17]]
32
[[19], [19], [19], [14]]
44
[[19], [19], [19], [17]]
51
[[19], [19], [19], [11]]
43
[[19], [19], [19], [3]]
33
[[19], [19], [19], [4]]
31
[[19], [19], [19], [10]]
39
[[19], [19], [19], [6]]
33
[[19], [19], [7]]
45
[[19], [19], [10]]
47
[[19], [19], [0]]
40
[[19], [19], [2]]
37
[[19], [19], [1]]
39
[[19], [1]]
53
[[19], [1], [19]]
38
[[19], [1], [18]]
37
[[19], [1], [17]]
32
[[18]]
106
[[18], [3]]
47
[[18], [3], [19]]
33
[[18], [5]]
53
[[18], [5], [18]]
37
[[18], [5], [19]]
34
[[18], [5], [16]]
31
[[18], [6]]
52
[[18], [6], [19]]
39
[[18], [6], [18]]
31
[[18], [8]]
59
[[18], [8], [19]]
38
[[18], [8], [18]]
34
[[18], [8], [16]]
35
[[18], [8], [17]]
31
[[18], [9]]
49
[[18], [9], [18]]
37
[[18], [9], [19]]
43
[[18], [9], [17]]
35
[[18], [9], [16]]
32
[[18], [10]]
57
[[18], [10], [18]]
35
[[18], [10], [19]]
39
[[18], [10], [17]]
35
[[18], [11]]
61
[[18], [11], [18]]
35
[[18], [11], [19]]
38
[[18], [11], [17]]
33
[[18], [12]]
53
[[18], [12], [19]]
37
[[18], [12], [18]]
31
[[18], [13]]
54
[[18], [13], [18]]
38
[[18], [13], [17]]
31
[[18], [13], [19]]
38
[[18], [14]]
62
[[18], [14], [16]]
38
[[18], [14], [18]]
40
[[18], [14], [19]]
37
[[18], [14], [17]]
35
[[18], [14], [10]]
31
[[18], [15]]
59
[[18], [15], [18]]
39
[[18], [15], [19]]
39
[[18], [15], [8]]
32
[[18], [15], [16]]
37
[[18], [15], [15]]
31
[[18], [16]]
79
[[18], [16], [8]]
40
[[18], [16], [12]]
31
[[18], [16], [15]]
40
[[18], [16], [16]]
45
[[18], [16], [18]]
55
[[18], [16], [18], [18]]
33
[[18], [16], [18], [19]]
34
[[18], [16], [18, 19]]
35
[[18], [16], [19]]
53
[[18], [16], [19], [18]]
37
[[18], [16], [19], [19]]
39
[[18], [16], [14]]
39
[[18], [16], [17]]
46
[[18], [16], [3]]
31
[[18], [16], [10]]
36
[[18], [16], [1]]
33
[[18], [16], [5]]
32
[[18], [16], [7]]
34
[[18], [16], [11]]
33
[[18], [16, 19]]
40
[[18], [16, 19], [18]]
31
[[18], [17]]
79
[[18], [17], [18]]
53
[[18], [17], [18], [19]]
35
[[18], [17], [18], [18]]
31
[[18], [17], [15]]
36
[[18], [17], [16]]
49
[[18], [17], [17]]
43
[[18], [17], [19]]
53
[[18], [17], [19], [18]]
34
[[18], [17], [19], [19]]
33
[[18], [17], [7]]
38
[[18], [17], [8]]
35
[[18], [17], [14]]
37
[[18], [17], [10]]
34
[[18], [17], [11]]
34
[[18], [17, 19]]
35
[[18], [18]]
88
[[18], [18], [8]]
47
[[18], [18], [9]]
32
[[18], [18], [11]]
40
[[18], [18], [14]]
44
[[18], [18], [15]]
47
[[18], [18], [16]]
53
[[18], [18], [16], [19]]
31
[[18], [18], [18]]
62
[[18], [18], [18], [18]]
32
[[18], [18], [18], [19]]
37
[[18], [18], [18], [17]]
34
[[18], [18], [18], [16]]
34
[[18], [18], [18], [8]]
31
[[18], [18], [18, 19]]
33
[[18], [18], [19]]
67
[[18], [18], [19], [18]]
39
[[18], [18], [19], [19]]
38
[[18], [18], [19], [17]]
37
[[18], [18], [19], [14]]
31
[[18], [18], [19], [15]]
32
[[18], [18], [19], [8]]
31
[[18], [18], [19], [16]]
32
[[18], [18], [3]]
35
[[18], [18], [17]]
54
[[18], [18], [5]]
37
[[18], [18], [6]]
35
[[18], [18], [13]]
36
[[18], [18], [4]]
32
[[18], [18], [7]]
35
[[18], [18], [10]]
40
[[18], [18], [12]]
35
[[18], [18], [0]]
35
[[18], [18, 19]]
57
[[18], [18, 19], [8]]
33
[[18], [18, 19], [16]]
34
[[18], [18, 19], [18]]
42
[[18], [18, 19], [19]]
42
[[18], [18, 19], [14]]
32
[[18], [18, 19], [17]]
34
[[18], [19]]
84
[[18], [19], [6]]
38
[[18], [19], [8]]
46
[[18], [19], [9]]
35
[[18], [19], [11]]
46
[[18], [19], [13]]
38
[[18], [19], [14]]
48
[[18], [19], [15]]
46
[[18], [19], [16]]
56
[[18], [19], [16], [19]]
36
[[18], [19], [17]]
56
[[18], [19], [17], [19]]
34
[[18], [19], [17], [18]]
32
[[18], [19], [18]]
69
[[18], [19], [18], [16]]
39
[[18], [19], [18], [18]]
41
[[18], [19], [18], [19]]
48
[[18], [19], [18], [15]]
32
[[18], [19], [18], [8]]
34
[[18], [19], [18], [17]]
39
[[18], [19], [18, 19]]
41
[[18], [19], [18, 19], [19]]
32
[[18], [19], [19]]
66
[[18], [19], [19], [16]]
38
[[18], [19], [19], [18]]
44
[[18], [19], [19], [19]]
50
[[18], [19], [19], [15]]
33
[[18], [19], [19], [17]]
41
[[18], [19], [19], [14]]
33
[[18], [19], [3]]
39
[[18], [19], [5]]
39
[[18], [19], [10]]
45
[[18], [19], [10], [19]]
31
[[18], [19], [7]]
41
[[18], [19], [4]]
35
[[18], [19], [0]]
37
[[18], [19], [2]]
33
[[18], [19], [1]]
34
[[18], [19], [12]]
32
[[18], [1]]
48
[[18], [1], [19]]
37
[[18], [1], [17]]
33
[[18], [1], [18]]
34
[[18], [4]]
49
[[18], [4], [18]]
31
[[18], [0]]
50
[[18], [2]]
44
[[18], [2], [19]]
35
[[18], [2], [18]]
31
[[18], [7]]
55
[[18], [7], [18]]
33
[[18], [7], [19]]
32
[[18, 19]]
81
[[18, 19], [8]]
47
[[18, 19], [9]]
36
[[18, 19], [11]]
41
[[18, 19], [12]]
36
[[18, 19], [14]]
47
[[18, 19], [15]]
43
[[18, 19], [16]]
60
[[18, 19], [16], [18]]
38
[[18, 19], [16], [19]]
38
[[18, 19], [16], [16]]
32
[[18, 19], [17]]
59
[[18, 19], [17], [16]]
36
[[18, 19], [17], [18]]
39
[[18, 19], [17], [19]]
36
[[18, 19], [17], [17]]
31
[[18, 19], [18]]
68
[[18, 19], [18], [15]]
32
[[18, 19], [18], [16]]
38
[[18, 19], [18], [18]]
43
[[18, 19], [18], [19]]
45
[[18, 19], [18], [8]]
34
[[18, 19], [18], [17]]
37
[[18, 19], [18, 19]]
39
[[18, 19], [19]]
65
[[18, 19], [19], [18]]
51
[[18, 19], [19], [18], [19]]
33
[[18, 19], [19], [19]]
49
[[18, 19], [19], [19], [19]]
31
[[18, 19], [19], [14]]
35
[[18, 19], [19], [15]]
32
[[18, 19], [19], [16]]
41
[[18, 19], [19], [17]]
39
[[18, 19], [19], [8]]
31
[[18, 19], [6]]
37
[[18, 19], [0]]
38
[[18, 19], [4]]
36
[[18, 19], [5]]
41
[[18, 19], [13]]
35
[[18, 19], [7]]
39
[[18, 19], [10]]
43
[[18, 19], [1]]
33
[[18, 19], [3]]
35
[[18, 19], [2]]
31
[[16]]
103
[[16], [0]]
43
[[16], [3]]
47
[[16], [3], [19]]
31
[[16], [4]]
43
[[16], [5]]
46
[[16], [6]]
45
[[16], [6], [19]]
35
[[16], [8]]
59
[[16], [8], [18]]
31
[[16], [8], [19]]
39
[[16], [8], [16]]
32
[[16], [8], [17]]
31
[[16], [9]]
48
[[16], [9], [19]]
41
[[16], [9], [17]]
33
[[16], [10]]
51
[[16], [10], [19]]
36
[[16], [11]]
55
[[16], [11], [18]]
31
[[16], [11], [19]]
32
[[16], [12]]
50
[[16], [12], [19]]
32
[[16], [13]]
44
[[16], [14]]
57
[[16], [14], [19]]
36
[[16], [14], [17]]
31
[[16], [15]]
55
[[16], [15], [19]]
34
[[16], [15], [18]]
32
[[16], [16]]
69
[[16], [16], [18]]
44
[[16], [16], [19]]
49
[[16], [16], [15]]
38
[[16], [16], [16]]
39
[[16], [16], [8]]
34
[[16], [16], [17]]
41
[[16], [16], [5]]
31
[[16], [16], [6]]
31
[[16], [16], [11]]
33
[[16], [16], [14]]
32
[[16], [16], [10]]
31
[[16], [16, 19]]
31
[[16], [17]]
69
[[16], [17], [18]]
44
[[16], [17], [16]]
35
[[16], [17], [17]]
39
[[16], [17], [19]]
48
[[16], [17], [14]]
35
[[16], [17], [11]]
35
[[16], [17], [15]]
32
[[16], [18]]
75
[[16], [18], [16]]
43
[[16], [18], [17]]
47
[[16], [18], [18]]
52
[[16], [18], [18], [19]]
33
[[16], [18], [19]]
55
[[16], [18], [19], [19]]
33
[[16], [18], [19], [18]]
31
[[16], [18], [15]]
39
[[16], [18], [14]]
40
[[16], [18], [5]]
32
[[16], [18], [11]]
33
[[16], [18], [8]]
37
[[16], [18], [12]]
31
[[16], [18], [10]]
32
[[16], [18], [0]]
31
[[16], [18], [7]]
31
[[16], [18, 19]]
51
[[16], [18, 19], [18]]
38
[[16], [18, 19], [19]]
37
[[16], [19]]
76
[[16], [19], [4]]
35
[[16], [19], [8]]
40
[[16], [19], [11]]
41
[[16], [19], [15]]
45
[[16], [19], [16]]
46
[[16], [19], [18]]
57
[[16], [19], [18], [18]]
36
[[16], [19], [18], [19]]
40
[[16], [19], [18], [17]]
34
[[16], [19], [18, 19]]
41
[[16], [19], [19]]
61
[[16], [19], [19], [18]]
38
[[16], [19], [19], [17]]
39
[[16], [19], [19], [14]]
35
[[16], [19], [19], [19]]
47
[[16], [19], [19], [15]]
34
[[16], [19], [19], [8]]
31
[[16], [19], [19], [11]]
31
[[16], [19], [19], [16]]
31
[[16], [19], [3]]
33
[[16], [19], [14]]
45
[[16], [19], [17]]
53
[[16], [19], [17], [19]]
35
[[16], [19], [13]]
33
[[16], [19], [5]]
31
[[16], [19], [10]]
40
[[16], [19], [9]]
35
[[16], [19], [6]]
32
[[16], [19], [7]]
36
[[16], [19], [0]]
33
[[16], [19], [12]]
31
[[16], [1]]
42
[[16], [7]]
49
[[16], [7], [19]]
31
[[16], [2]]
37
[[16, 18]]
41
[[16, 19]]
53
[[16, 19], [16]]
41
[[16, 19], [18]]
43
[[16, 19], [18], [18]]
31
[[16, 19], [18, 19]]
31
[[16, 19], [19]]
43
[[16, 19], [19], [18]]
34
[[16, 19], [17]]
39
[[16, 19], [8]]
33
[[16, 19], [11]]
32
[[13]]
70
[[13], [8]]
42
[[13], [8], [19]]
32
[[13], [15]]
37
[[13], [16]]
42
[[13], [18]]
46
[[13], [18], [18]]
33
[[13], [18], [19]]
36
[[13], [18, 19]]
34
[[13], [19]]
53
[[13], [19], [18]]
35
[[13], [19], [19]]
38
[[13], [14]]
33
[[13], [17]]
41
[[13], [13]]
34
[[13], [3]]
31
[[13], [9]]
31
[[13], [11]]
36
[[13], [10]]
32
[[4]]
62
[[4], [15]]
37
[[4], [16]]
43
[[4], [17]]
39
[[4], [18]]
46
[[4], [18], [18]]
34
[[4], [18], [17]]
32
[[4], [18], [19]]
32
[[4], [19]]
46
[[4], [19], [18]]
35
[[4], [19], [17]]
34
[[4], [19], [19]]
34
[[4], [19], [16]]
34
[[4], [19], [15]]
31
[[4], [8]]
36
[[4], [14]]
34
[[4], [10]]
31
[[4], [11]]
31
[[17]]
100
[[17], [2]]
40
[[17], [3]]
48
[[17], [3], [16]]
31
[[17], [3], [19]]
31
[[17], [5]]
53
[[17], [5], [18]]
35
[[17], [5], [19]]
35
[[17], [5], [16]]
33
[[17], [6]]
50
[[17], [6], [18]]
31
[[17], [6], [19]]
38
[[17], [6], [16]]
32
[[17], [8]]
55
[[17], [8], [16]]
38
[[17], [8], [18]]
33
[[17], [8], [19]]
37
[[17], [8], [17]]
32
[[17], [9]]
45
[[17], [9], [19]]
37
[[17], [10]]
48
[[17], [10], [19]]
32
[[17], [10], [18]]
31
[[17], [11]]
56
[[17], [11], [18]]
33
[[17], [11], [19]]
34
[[17], [12]]
49
[[17], [12], [19]]
31
[[17], [14]]
55
[[17], [14], [16]]
32
[[17], [14], [17]]
34
[[17], [14], [18]]
34
[[17], [14], [19]]
32
[[17], [15]]
60
[[17], [15], [16]]
38
[[17], [15], [18]]
36
[[17], [15], [19]]
37
[[17], [15], [7]]
31
[[17], [15], [8]]
31
[[17], [15], [15]]
32
[[17], [15], [17]]
31
[[17], [15], [11]]
31
[[17], [16]]
73
[[17], [16], [16]]
44
[[17], [16], [18]]
46
[[17], [16], [19]]
48
[[17], [16], [19], [19]]
31
[[17], [16], [15]]
36
[[17], [16], [17]]
40
[[17], [16], [7]]
32
[[17], [16], [8]]
35
[[17], [16], [10]]
32
[[17], [16], [11]]
32
[[17], [16], [14]]
33
[[17], [16, 19]]
36
[[17], [17]]
69
[[17], [17], [16]]
43
[[17], [17], [18]]
46
[[17], [17], [15]]
37
[[17], [17], [19]]
47
[[17], [17], [19], [18]]
33
[[17], [17], [17]]
35
[[17], [17], [7]]
33
[[17], [17], [10]]
32
[[17], [17], [11]]
32
[[17], [17], [14]]
33
[[17], [17, 19]]
31
[[17], [18]]
76
[[17], [18], [8]]
38
[[17], [18], [11]]
34
[[17], [18], [12]]
32
[[17], [18], [14]]
40
[[17], [18], [16]]
51
[[17], [18], [18]]
53
[[17], [18], [18], [18]]
32
[[17], [18], [18], [19]]
33
[[17], [18], [18, 19]]
31
[[17], [18], [19]]
57
[[17], [18], [19], [18]]
39
[[17], [18], [19], [19]]
33
[[17], [18], [19], [17]]
34
[[17], [18], [6]]
35
[[17], [18], [15]]
40
[[17], [18], [17]]
47
[[17], [18], [5]]
33
[[17], [18], [7]]
36
[[17], [18], [10]]
35
[[17], [18, 19]]
50
[[17], [18, 19], [16]]
35
[[17], [18, 19], [18]]
40
[[17], [18, 19], [19]]
36
[[17], [18, 19], [17]]
31
[[17], [19]]
78
[[17], [19], [9]]
35
[[17], [19], [11]]
46
[[17], [19], [15]]
45
[[17], [19], [16]]
57
[[17], [19], [16], [18]]
34
[[17], [19], [16], [19]]
35
[[17], [19], [18]]
60
[[17], [19], [18], [16]]
38
[[17], [19], [18], [18]]
35
[[17], [19], [18], [19]]
43
[[17], [19], [18], [17]]
36
[[17], [19], [18], [15]]
31
[[17], [19], [18, 19]]
38
[[17], [19], [19]]
60
[[17], [19], [19], [16]]
39
[[17], [19], [19], [18]]
44
[[17], [19], [19], [19]]
44
[[17], [19], [19], [15]]
34
[[17], [19], [19], [11]]
34
[[17], [19], [19], [17]]
37
[[17], [19], [19], [14]]
32
[[17], [19], [3]]
38
[[17], [19], [8]]
42
[[17], [19], [14]]
45
[[17], [19], [5]]
38
[[17], [19], [6]]
37
[[17], [19], [10]]
43
[[17], [19], [12]]
34
[[17], [19], [17]]
52
[[17], [19], [4]]
34
[[17], [19], [7]]
37
[[17], [19], [13]]
35
[[17], [4]]
40
[[17], [13]]
48
[[17], [13], [19]]
31
[[17], [7]]
52
[[17], [1]]
40
[[17], [0]]
37
[[17, 19]]
52
[[17, 19], [18]]
40
[[17, 19], [19]]
41
[[17, 19], [19], [18]]
32
[[17, 19], [17]]
38
[[17, 19], [15]]
33
[[17, 19], [16]]
36
[[17, 18]]
34
[[5]]
78
[[5], [3]]
33
[[5], [5]]
40
[[5], [6]]
35
[[5], [8]]
42
[[5], [9]]
37
[[5], [10]]
39
[[5], [11]]
41
[[5], [13]]
33
[[5], [14]]
37
[[5], [15]]
49
[[5], [16]]
50
[[5], [16], [19]]
36
[[5], [17]]
51
[[5], [17], [18]]
36
[[5], [17], [19]]
39
[[5], [17], [15]]
31
[[5], [18]]
58
[[5], [18], [15]]
36
[[5], [18], [16]]
33
[[5], [18], [17]]
34
[[5], [18], [18]]
41
[[5], [18], [18], [19]]
31
[[5], [18], [19]]
44
[[5], [18, 19]]
37
[[5], [18, 19], [19]]
32
[[5], [19]]
58
[[5], [19], [11]]
32
[[5], [19], [15]]
38
[[5], [19], [16]]
33
[[5], [19], [17]]
34
[[5], [19], [18]]
43
[[5], [19], [18], [18]]
31
[[5], [19], [18], [19]]
33
[[5], [19], [19]]
44
[[5], [19], [19], [18]]
34
[[5], [19], [19], [19]]
35
[[5], [12]]
37
[[5], [0]]
31
[[5], [4]]
33
[[5], [7]]
40
[[12]]
74
[[12], [5]]
36
[[12], [8]]
36
[[12], [11]]
38
[[12], [14]]
34
[[12], [16]]
45
[[12], [17]]
40
[[12], [18]]
45
[[12], [18], [18]]
35
[[12], [18], [19]]
36
[[12], [18, 19]]
35
[[12], [19]]
54
[[12], [19], [18]]
38
[[12], [19], [19]]
39
[[12], [19], [17]]
33
[[12], [19], [15]]
31
[[12], [19], [16]]
34
[[12], [3]]
31
[[12], [15]]
34
[[12], [10]]
33
[[12], [12]]
37
[[12], [7]]
31
[[6]]
70
[[6], [5]]
41
[[6], [8]]
38
[[6], [9]]
32
[[6], [12]]
37
[[6], [15]]
39
[[6], [16]]
44
[[6], [16], [19]]
34
[[6], [17]]
42
[[6], [18]]
50
[[6], [18], [16]]
31
[[6], [18], [18]]
33
[[6], [18], [19]]
41
[[6], [18], [17]]
34
[[6], [18, 19]]
35
[[6], [19]]
57
[[6], [19], [16]]
33
[[6], [19], [18]]
36
[[6], [19], [19]]
44
[[6], [19], [17]]
34
[[6], [19], [11]]
32
[[6], [3]]
33
[[6], [11]]
37
[[6], [14]]
35
[[6], [7]]
32
[[6], [10]]
33
[[9]]
68
[[9], [11]]
38
[[9], [16]]
48
[[9], [16], [19]]
31
[[9], [18]]
53
[[9], [18], [18]]
40
[[9], [18], [14]]
32
[[9], [18], [16]]
34
[[9], [18], [19]]
39
[[9], [18], [17]]
36
[[9], [18, 19]]
42
[[9], [18, 19], [18]]
32
[[9], [19]]
59
[[9], [19], [18]]
44
[[9], [19], [19]]
46
[[9], [19], [19], [18]]
31
[[9], [19], [19], [19]]
33
[[9], [19], [19], [17]]
31
[[9], [19], [17]]
41
[[9], [19], [11]]
33
[[9], [19], [14]]
35
[[9], [19], [15]]
32
[[9], [19], [16]]
39
[[9], [3]]
33
[[9], [8]]
37
[[9], [14]]
41
[[9], [14], [19]]
32
[[9], [15]]
40
[[9], [17]]
52
[[9], [17], [19]]
34
[[9], [17], [18]]
32
[[9], [17], [16]]
31
[[9], [9]]
36
[[9], [13]]
33
[[9], [6]]
35
[[9], [1]]
31
[[9], [4]]
32
[[9], [7]]
33
[[9], [10]]
31
[[2]]
59
[[2], [6]]
31
[[2], [16]]
38
[[2], [17]]
43
[[2], [18]]
44
[[2], [18], [19]]
33
[[2], [19]]
51
[[2], [19], [18]]
35
[[2], [19], [19]]
33
[[2], [19], [17]]
31
[[2], [8]]
32
[[2], [5]]
31
[[2], [15]]
36
[[2], [11]]
37
[[2], [14]]
31
[[2], [10]]
31
[[8]]
83
[[8], [8]]
36
[[8], [16]]
57
[[8], [16], [19]]
31
[[8], [16], [17]]
32
[[8], [17]]
53
[[8], [17], [19]]
33
[[8], [18]]
56
[[8], [18], [16]]
32
[[8], [18], [18]]
37
[[8], [18], [19]]
40
[[8], [18], [17]]
36
[[8], [18, 19]]
39
[[8], [19]]
63
[[8], [19], [16]]
38
[[8], [19], [18]]
42
[[8], [19], [19]]
40
[[8], [19], [19], [19]]
33
[[8], [19], [17]]
40
[[8], [5]]
36
[[8], [9]]
37
[[8], [14]]
39
[[8], [15]]
44
[[8], [13]]
31
[[8], [3]]
33
[[8], [7]]
32
[[8], [11]]
37
[[8], [12]]
33
[[8], [10]]
33
[[8], [6]]
32
[[0]]
67
[[0], [18]]
47
[[0], [18], [18]]
32
[[0], [18], [17]]
31
[[0], [18], [19]]
35
[[0], [18, 19]]
32
[[0], [17]]
43
[[0], [16]]
40
[[0], [19]]
50
[[0], [19], [18]]
36
[[0], [19], [19]]
36
[[0], [8]]
32
[[0], [11]]
41
[[0], [3]]
35
[[0], [7]]
38
[[0], [15]]
36
[[0], [14]]
35
[[0], [6]]
32
[[0], [10]]
33
[[1]]
63
[[1], [18]]
44
[[1], [17]]
41
[[1], [19]]
47
[[1], [19], [18]]
32
[[1], [16]]
37
[[1], [15]]
31
[[1], [7]]
31
[[1], [11]]
33
[[1], [14]]
32
[[3]]
66
[[3], [8]]
34
[[3], [16]]
42
[[3], [18]]
42
[[3], [18], [18]]
32
[[3], [18, 19]]
32
[[3], [19]]
52
[[3], [19], [18]]
32
[[3], [19], [17]]
31
[[3], [15]]
37
[[3], [17]]
41
[[3], [11]]
36
[[3], [12]]
33
[[3], [14]]
31
