[[14]]
107
[[14], [10]]
53
[[14], [11]]
48
[[14], [14]]
61
[[14], [15]]
70
[[14], [15], [19]]
48
[[14], [18]]
70
[[14], [18], [18]]
48
[[14], [18], [19]]
51
[[14], [18, 19]]
53
[[14], [19]]
85
[[14], [19], [18]]
53
[[14], [19], [19]]
63
[[14], [19], [17]]
50
[[14], [19], [16]]
47
[[14], [19], [15]]
46
[[14], [7]]
53
[[14], [12]]
67
[[14], [12], [19]]
48
[[14], [13]]
65
[[14], [13], [19]]
51
[[14], [16]]
62
[[14], [6]]
53
[[14], [8]]
50
[[14], [17]]
68
[[14], [17], [19]]
54
[[14], [5]]
45
[[14], [3]]
47
[[14], [2]]
45
[[12]]
102
[[12], [19]]
73
[[12], [19], [19]]
49
[[12], [19], [17]]
49
[[12], [19], [18]]
45
[[12], [14]]
59
[[12], [15]]
59
[[12], [18]]
66
[[12], [18, 19]]
45
[[12], [8]]
45
[[12], [13]]
53
[[12], [17]]
61
[[12], [17], [19]]
45
[[12], [12]]
46
[[12], [16]]
52
[[19]]
135
[[19], [0]]
62
[[19], [0], [19]]
47
[[19], [1]]
52
[[19], [2]]
57
[[19], [3]]
61
[[19], [4]]
54
[[19], [5]]
68
[[19], [6]]
69
[[19], [6], [19]]
52
[[19], [7]]
69
[[19], [7], [19]]
56
[[19], [7], [18]]
45
[[19], [8]]
70
[[19], [8], [19]]
51
[[19], [9]]
62
[[19], [9], [19]]
45
[[19], [10]]
70
[[19], [10], [19]]
49
[[19], [11]]
71
[[19], [11], [19]]
56
[[19], [12]]
82
[[19], [12], [19]]
56
[[19], [12], [18]]
48
[[19], [12], [17]]
45
[[19], [13]]
88
[[19], [13], [17]]
58
[[19], [13], [18]]
52
[[19], [13], [19]]
70
[[19], [13], [14]]
50
[[19], [13], [15]]
51
[[19], [13], [16]]
45
[[19], [14]]
86
[[19], [14], [18]]
51
[[19], [14], [19]]
66
[[19], [14], [13]]
51
[[19], [14], [17]]
50
[[19], [14], [12]]
49
[[19], [14], [15]]
52
[[19], [14], [14]]
48
[[19], [14], [16]]
48
[[19], [15]]
83
[[19], [15], [19]]
59
[[19], [15], [17]]
51
[[19], [15], [18]]
47
[[19], [15], [16]]
46
[[19], [15], [15]]
45
[[19], [16]]
88
[[19], [16], [19]]
60
[[19], [16], [14]]
49
[[19], [16], [16]]
49
[[19], [16], [18]]
51
[[19], [16], [13]]
47
[[19], [16], [15]]
47
[[19], [16], [17]]
49
[[19], [16], [12]]
45
[[19], [17]]
95
[[19], [17], [13]]
60
[[19], [17], [17]]
64
[[19], [17], [19]]
74
[[19], [17], [18]]
61
[[19], [17], [15]]
57
[[19], [17], [14]]
55
[[19], [17], [12]]
48
[[19], [17], [16]]
49
[[19], [17, 19]]
51
[[19], [18]]
101
[[19], [18], [13]]
65
[[19], [18], [13], [19]]
49
[[19], [18], [16]]
57
[[19], [18], [17]]
70
[[19], [18], [17], [19]]
53
[[19], [18], [18]]
70
[[19], [18], [18], [19]]
53
[[19], [18], [18, 19]]
48
[[19], [18], [19]]
83
[[19], [18], [19], [18]]
52
[[19], [18], [19], [19]]
60
[[19], [18], [19], [17]]
48
[[19], [18], [12]]
59
[[19], [18], [14]]
62
[[19], [18], [15]]
59
[[19], [18], [9]]
48
[[19], [18], [6]]
50
[[19], [18], [8]]
46
[[19], [18], [10]]
50
[[19], [18], [7]]
47
[[19], [18, 19]]
70
[[19], [18, 19], [19]]
52
[[19], [19]]
115
[[19], [19], [7]]
55
[[19], [19], [13]]
67
[[19], [19], [13], [19]]
47
[[19], [19], [14]]
66
[[19], [19], [16]]
65
[[19], [19], [17]]
77
[[19], [19], [17], [19]]
51
[[19], [19], [17], [13]]
48
[[19], [19], [17], [17]]
47
[[19], [19], [17], [15]]
45
[[19], [19], [18]]
76
[[19], [19], [18], [19]]
50
[[19], [19], [18], [18]]
46
[[19], [19], [18, 19]]
52
[[19], [19], [19]]
87
[[19], [19], [19], [18]]
51
[[19], [19], [19], [19]]
62
[[19], [19], [19], [17]]
53
[[19], [19], [19], [15]]
46
[[19], [19], [19], [16]]
45
[[19], [19], [8]]
50
[[19], [19], [11]]
50
[[19], [19], [12]]
64
[[19], [19], [15]]
66
[[19], [19], [9]]
49
[[19], [19], [5]]
49
[[19], [19], [10]]
50
[[19], [19], [6]]
47
[[16]]
105
[[16], [16]]
64
[[16], [18]]
68
[[16], [18, 19]]
46
[[16], [19]]
79
[[16], [19], [19]]
55
[[16], [19], [18]]
47
[[16], [19], [14]]
45
[[16], [19], [16]]
45
[[16], [12]]
60
[[16], [14]]
62
[[16], [17]]
64
[[16], [13]]
56
[[16], [15]]
59
[[16], [5]]
48
[[16], [11]]
47
[[16], [6]]
47
[[16], [7]]
46
[[16, 19]]
51
[[5]]
79
[[5], [18]]
48
[[5], [19]]
57
[[5], [16]]
47
[[4]]
71
[[4], [18]]
47
[[4], [19]]
55
[[9]]
82
[[9], [18]]
59
[[9], [19]]
67
[[9], [19], [19]]
53
[[9], [19], [17]]
46
[[9], [19], [18]]
47
[[9], [17]]
54
[[9], [14]]
54
[[9], [13]]
51
[[9], [15]]
49
[[9], [16]]
49
[[9], [9]]
45
[[6]]
85
[[6], [19]]
68
[[6], [19], [19]]
51
[[6], [19], [18]]
45
[[6], [18]]
59
[[6], [13]]
51
[[6], [17]]
59
[[6], [17], [19]]
45
[[6], [14]]
49
[[6], [12]]
48
[[6], [15]]
47
[[6], [16]]
48
[[3]]
79
[[3], [19]]
59
[[3], [18]]
51
[[1]]
71
[[1], [19]]
55
[[1], [19], [19]]
46
[[1], [17]]
47
[[1], [18]]
46
[[2]]
79
[[2], [19]]
64
[[2], [17]]
53
[[2], [18]]
49
[[2], [16]]
51
[[18]]
123
[[18], [3]]
55
[[18], [4]]
51
[[18], [6]]
62
[[18], [7]]
58
[[18], [9]]
56
[[18], [10]]
61
[[18], [11]]
63
[[18], [11], [19]]
49
[[18], [13]]
75
[[18], [13], [19]]
56
[[18], [13], [17]]
45
[[18], [14]]
75
[[18], [14], [19]]
49
[[18], [15]]
73
[[18], [15], [19]]
51
[[18], [16]]
76
[[18], [16], [19]]
52
[[18], [17]]
82
[[18], [17], [19]]
67
[[18], [17], [17]]
52
[[18], [17], [18]]
52
[[18], [17], [15]]
52
[[18], [17], [13]]
50
[[18], [17], [14]]
48
[[18], [17, 19]]
48
[[18], [18]]
87
[[18], [18], [13]]
55
[[18], [18], [18]]
59
[[18], [18], [19]]
71
[[18], [18], [19], [19]]
51
[[18], [18], [19], [18]]
49
[[18], [18], [17]]
59
[[18], [18], [17], [19]]
46
[[18], [18], [15]]
52
[[18], [18], [16]]
52
[[18], [18], [14]]
53
[[18], [18], [12]]
50
[[18], [18, 19]]
61
[[18], [18, 19], [19]]
48
[[18], [19]]
97
[[18], [19], [13]]
54
[[18], [19], [16]]
56
[[18], [19], [18]]
65
[[18], [19], [18], [19]]
45
[[18], [19], [19]]
77
[[18], [19], [19], [19]]
56
[[18], [19], [19], [18]]
49
[[18], [19], [19], [17]]
47
[[18], [19], [12]]
52
[[18], [19], [17]]
64
[[18], [19], [17], [19]]
48
[[18], [19], [14]]
54
[[18], [19], [15]]
55
[[18], [19], [10]]
46
[[18], [19], [7]]
46
[[18], [5]]
57
[[18], [12]]
75
[[18], [12], [19]]
50
[[18], [0]]
52
[[18], [8]]
59
[[18], [2]]
49
[[18], [1]]
46
[[18, 19]]
89
[[18, 19], [18]]
59
[[18, 19], [18], [19]]
48
[[18, 19], [19]]
64
[[18, 19], [19], [19]]
50
[[18, 19], [19], [18]]
45
[[18, 19], [12]]
52
[[18, 19], [13]]
51
[[18, 19], [17]]
53
[[18, 19], [14]]
56
[[18, 19], [15]]
54
[[18, 19], [16]]
51
[[18, 19], [10]]
46
[[7]]
84
[[7], [17]]
55
[[7], [18]]
60
[[7], [18, 19]]
45
[[7], [19]]
70
[[7], [19], [19]]
47
[[7], [14]]
53
[[7], [13]]
51
[[7], [15]]
50
[[7], [16]]
48
[[8]]
88
[[8], [18]]
66
[[8], [18], [19]]
50
[[8], [18, 19]]
49
[[8], [19]]
72
[[8], [19], [18]]
47
[[8], [19], [19]]
56
[[8], [11]]
46
[[8], [13]]
51
[[8], [16]]
55
[[8], [17]]
58
[[8], [10]]
46
[[8], [15]]
46
[[8], [14]]
47
[[8], [12]]
47
[[11]]
88
[[11], [11]]
53
[[11], [13]]
61
[[11], [13], [19]]
45
[[11], [15]]
56
[[11], [17]]
60
[[11], [17], [19]]
46
[[11], [18]]
59
[[11], [18], [19]]
45
[[11], [19]]
71
[[11], [19], [19]]
48
[[11], [14]]
55
[[11], [16]]
54
[[15]]
102
[[15], [11]]
48
[[15], [13]]
61
[[15], [13], [19]]
46
[[15], [16]]
62
[[15], [17]]
68
[[15], [17], [19]]
50
[[15], [18]]
71
[[15], [18], [18]]
46
[[15], [18], [19]]
54
[[15], [18, 19]]
45
[[15], [19]]
80
[[15], [19], [18]]
50
[[15], [19], [19]]
57
[[15], [19], [17]]
47
[[15], [19], [16]]
49
[[15], [14]]
59
[[15], [15]]
65
[[15], [12]]
55
[[15], [10]]
46
[[15], [6]]
47
[[15], [7]]
46
[[13]]
108
[[13], [11]]
52
[[13], [13]]
54
[[13], [14]]
63
[[13], [15]]
62
[[13], [17]]
69
[[13], [17], [19]]
50
[[13], [18]]
72
[[13], [18], [19]]
49
[[13], [18], [18]]
45
[[13], [18, 19]]
47
[[13], [19]]
86
[[13], [19], [18]]
47
[[13], [19], [19]]
56
[[13], [0]]
45
[[13], [8]]
49
[[13], [9]]
47
[[13], [7]]
48
[[13], [10]]
49
[[13], [16]]
60
[[13], [3]]
45
[[13], [12]]
50
[[13], [6]]
45
[[10]]
82
[[10], [18]]
55
[[10], [19]]
63
[[10], [13]]
48
[[10], [17]]
51
[[10], [15]]
45
[[10], [14]]
45
[[0]]
74
[[0], [18]]
49
[[0], [19]]
60
[[0], [13]]
46
[[0], [14]]
45
[[17]]
118
[[17], [4]]
52
[[17], [7]]
58
[[17], [9]]
50
[[17], [10]]
60
[[17], [11]]
58
[[17], [13]]
76
[[17], [13], [19]]
53
[[17], [14]]
72
[[17], [14], [19]]
49
[[17], [15]]
73
[[17], [15], [19]]
49
[[17], [16]]
67
[[17], [17]]
79
[[17], [17], [19]]
58
[[17], [17], [17]]
49
[[17], [17], [18]]
47
[[17], [18]]
79
[[17], [18], [18]]
55
[[17], [18], [19]]
59
[[17], [18], [17]]
47
[[17], [18], [14]]
45
[[17], [18, 19]]
56
[[17], [19]]
96
[[17], [19], [18]]
61
[[17], [19], [18], [19]]
45
[[17], [19], [19]]
67
[[17], [19], [19], [19]]
46
[[17], [19], [17]]
60
[[17], [19], [14]]
50
[[17], [19], [16]]
50
[[17], [19], [15]]
49
[[17], [19], [7]]
47
[[17], [19], [10]]
45
[[17], [19], [13]]
49
[[17], [5]]
56
[[17], [0]]
53
[[17], [6]]
55
[[17], [8]]
55
[[17], [12]]
66
[[17], [2]]
46
[[17], [3]]
48
[[17, 19]]
67
[[17, 19], [19]]
53
[[17, 18]]
52
