[[14]]
141
[[14], [10]]
66
[[14], [11]]
61
[[14], [14]]
77
[[14], [15]]
93
[[14], [15], [19]]
63
[[14], [18]]
96
[[14], [18], [18]]
67
[[14], [18], [19]]
72
[[14], [18], [17]]
60
[[14], [18, 19]]
73
[[14], [19]]
113
[[14], [19], [18]]
76
[[14], [19], [19]]
85
[[14], [19], [19], [19]]
65
[[14], [19], [17]]
71
[[14], [19], [16]]
65
[[14], [19], [15]]
62
[[14], [19], [14]]
59
[[14], [7]]
72
[[14], [12]]
80
[[14], [12], [19]]
60
[[14], [13]]
83
[[14], [13], [19]]
65
[[14], [16]]
84
[[14], [16], [19]]
58
[[14], [6]]
69
[[14], [8]]
63
[[14], [17]]
90
[[14], [17], [19]]
72
[[14], [17], [18]]
58
[[14], [5]]
61
[[14], [3]]
58
[[14], [2]]
59
[[14], [9]]
58
[[12]]
131
[[12], [19]]
99
[[12], [19], [19]]
67
[[12], [19], [17]]
65
[[12], [19], [18]]
67
[[12], [19], [14]]
62
[[12], [19], [16]]
59
[[12], [14]]
83
[[12], [15]]
76
[[12], [18]]
89
[[12], [18], [19]]
64
[[12], [18], [18]]
61
[[12], [18, 19]]
62
[[12], [13]]
66
[[12], [17]]
82
[[12], [17], [19]]
58
[[12], [12]]
60
[[12], [16]]
72
[[12], [9]]
58
[[12], [7]]
60
[[12], [8]]
58
[[19]]
173
[[19], [0]]
78
[[19], [0], [19]]
61
[[19], [1]]
74
[[19], [2]]
76
[[19], [3]]
77
[[19], [4]]
78
[[19], [5]]
86
[[19], [6]]
91
[[19], [6], [19]]
67
[[19], [7]]
93
[[19], [7], [19]]
73
[[19], [7], [18]]
62
[[19], [8]]
90
[[19], [8], [19]]
66
[[19], [8], [18]]
60
[[19], [9]]
84
[[19], [9], [19]]
61
[[19], [10]]
90
[[19], [10], [19]]
63
[[19], [11]]
90
[[19], [11], [19]]
72
[[19], [11], [17]]
59
[[19], [11], [18]]
59
[[19], [12]]
104
[[19], [12], [19]]
77
[[19], [12], [18]]
65
[[19], [12], [17]]
60
[[19], [12], [14]]
61
[[19], [13]]
108
[[19], [13], [17]]
73
[[19], [13], [18]]
71
[[19], [13], [19]]
89
[[19], [13], [19], [19]]
59
[[19], [13], [14]]
62
[[19], [13], [15]]
61
[[19], [14]]
119
[[19], [14], [18]]
74
[[19], [14], [19]]
92
[[19], [14], [13]]
65
[[19], [14], [17]]
67
[[19], [14], [12]]
61
[[19], [14], [15]]
72
[[19], [14], [14]]
59
[[19], [14], [16]]
65
[[19], [15]]
109
[[19], [15], [19]]
82
[[19], [15], [17]]
70
[[19], [15], [18]]
71
[[19], [15], [16]]
62
[[19], [15], [15]]
64
[[19], [16]]
116
[[19], [16], [19]]
83
[[19], [16], [14]]
68
[[19], [16], [16]]
70
[[19], [16], [18]]
72
[[19], [16], [17]]
67
[[19], [16], [12]]
59
[[19], [16], [15]]
59
[[19], [17]]
122
[[19], [17], [13]]
72
[[19], [17], [17]]
83
[[19], [17], [19]]
97
[[19], [17], [19], [18]]
59
[[19], [17], [19], [19]]
61
[[19], [17], [18]]
83
[[19], [17], [18], [19]]
59
[[19], [17], [15]]
74
[[19], [17], [14]]
76
[[19], [17], [12]]
62
[[19], [17], [16]]
67
[[19], [17, 19]]
69
[[19], [18]]
133
[[19], [18], [13]]
75
[[19], [18], [13], [19]]
60
[[19], [18], [16]]
78
[[19], [18], [17]]
91
[[19], [18], [17], [19]]
74
[[19], [18], [18]]
97
[[19], [18], [18], [19]]
71
[[19], [18], [18], [18]]
61
[[19], [18], [18, 19]]
68
[[19], [18], [19]]
112
[[19], [18], [19], [18]]
73
[[19], [18], [19], [19]]
81
[[19], [18], [19], [17]]
62
[[19], [18], [19], [14]]
61
[[19], [18], [12]]
76
[[19], [18], [14]]
84
[[19], [18], [15]]
76
[[19], [18], [9]]
63
[[19], [18], [6]]
68
[[19], [18], [8]]
59
[[19], [18], [10]]
65
[[19], [18], [7]]
65
[[19], [18], [5]]
58
[[19], [18], [11]]
58
[[19], [18, 19]]
98
[[19], [18, 19], [19]]
76
[[19], [18, 19], [18]]
67
[[19], [18, 19], [14]]
58
[[19], [19]]
149
[[19], [19], [7]]
75
[[19], [19], [13]]
85
[[19], [19], [13], [19]]
63
[[19], [19], [14]]
92
[[19], [19], [16]]
88
[[19], [19], [16], [19]]
58
[[19], [19], [17]]
102
[[19], [19], [17], [19]]
74
[[19], [19], [17], [13]]
59
[[19], [19], [17], [17]]
62
[[19], [19], [17], [15]]
61
[[19], [19], [17], [18]]
61
[[19], [19], [17], [14]]
58
[[19], [19], [18]]
105
[[19], [19], [18], [19]]
77
[[19], [19], [18], [18]]
70
[[19], [19], [18], [17]]
63
[[19], [19], [18, 19]]
77
[[19], [19], [19]]
118
[[19], [19], [19], [18]]
77
[[19], [19], [19], [19]]
90
[[19], [19], [19], [17]]
74
[[19], [19], [19], [15]]
64
[[19], [19], [19], [16]]
63
[[19], [19], [19], [14]]
63
[[19], [19], [8]]
66
[[19], [19], [11]]
68
[[19], [19], [12]]
81
[[19], [19], [12], [19]]
58
[[19], [19], [15]]
87
[[19], [19], [9]]
66
[[19], [19], [5]]
67
[[19], [19], [10]]
66
[[19], [19], [6]]
66
[[19], [19], [4]]
59
[[16]]
138
[[16], [16]]
94
[[16], [16], [19]]
62
[[16], [18]]
96
[[16], [18], [18]]
65
[[16], [18], [19]]
68
[[16], [18, 19]]
67
[[16], [19]]
109
[[16], [19], [19]]
80
[[16], [19], [18]]
71
[[16], [19], [14]]
62
[[16], [19], [16]]
65
[[16], [19], [17]]
63
[[16], [12]]
79
[[16], [14]]
87
[[16], [14], [19]]
58
[[16], [17]]
89
[[16], [17], [19]]
63
[[16], [13]]
72
[[16], [15]]
77
[[16], [5]]
66
[[16], [11]]
64
[[16], [6]]
66
[[16], [7]]
62
[[16], [9]]
59
[[16], [10]]
58
[[16, 19]]
71
[[5]]
106
[[5], [18]]
70
[[5], [19]]
79
[[5], [19], [19]]
59
[[5], [16]]
61
[[5], [17]]
62
[[4]]
97
[[4], [18]]
67
[[4], [19]]
76
[[4], [14]]
60
[[4], [16]]
58
[[4], [15]]
58
[[9]]
107
[[9], [18]]
79
[[9], [18], [19]]
59
[[9], [18, 19]]
59
[[9], [19]]
86
[[9], [19], [19]]
73
[[9], [19], [18]]
65
[[9], [19], [17]]
59
[[9], [17]]
70
[[9], [14]]
70
[[9], [13]]
63
[[9], [15]]
65
[[9], [16]]
65
[[9], [12]]
59
[[6]]
112
[[6], [19]]
85
[[6], [19], [19]]
65
[[6], [19], [18]]
58
[[6], [18]]
76
[[6], [13]]
64
[[6], [17]]
71
[[6], [14]]
63
[[6], [12]]
61
[[6], [15]]
61
[[6], [16]]
59
[[3]]
101
[[3], [19]]
74
[[3], [18]]
68
[[1]]
96
[[1], [19]]
75
[[1], [19], [19]]
60
[[1], [17]]
62
[[1], [18]]
63
[[1], [14]]
61
[[1], [16]]
58
[[2]]
102
[[2], [19]]
76
[[2], [17]]
65
[[2], [18]]
62
[[2], [16]]
65
[[18]]
162
[[18], [3]]
67
[[18], [4]]
68
[[18], [6]]
84
[[18], [7]]
79
[[18], [7], [19]]
60
[[18], [9]]
77
[[18], [10]]
77
[[18], [11]]
78
[[18], [11], [19]]
62
[[18], [13]]
91
[[18], [13], [19]]
75
[[18], [14]]
100
[[18], [14], [19]]
68
[[18], [15]]
96
[[18], [15], [19]]
69
[[18], [15], [17]]
58
[[18], [16]]
101
[[18], [16], [19]]
72
[[18], [16], [16]]
59
[[18], [17]]
109
[[18], [17], [19]]
89
[[18], [17], [17]]
67
[[18], [17], [18]]
71
[[18], [17], [15]]
68
[[18], [17], [13]]
59
[[18], [17], [14]]
67
[[18], [17, 19]]
65
[[18], [18]]
115
[[18], [18], [13]]
66
[[18], [18], [18]]
83
[[18], [18], [19]]
94
[[18], [18], [19], [19]]
67
[[18], [18], [19], [18]]
68
[[18], [18], [17]]
76
[[18], [18], [17], [19]]
64
[[18], [18], [15]]
66
[[18], [18], [16]]
68
[[18], [18], [14]]
71
[[18], [18], [12]]
64
[[18], [18, 19]]
82
[[18], [18, 19], [19]]
64
[[18], [19]]
130
[[18], [19], [13]]
69
[[18], [19], [16]]
74
[[18], [19], [18]]
88
[[18], [19], [18], [19]]
68
[[18], [19], [18], [18]]
62
[[18], [19], [18, 19]]
61
[[18], [19], [19]]
100
[[18], [19], [19], [19]]
77
[[18], [19], [19], [18]]
66
[[18], [19], [19], [17]]
60
[[18], [19], [19], [14]]
58
[[18], [19], [12]]
67
[[18], [19], [17]]
83
[[18], [19], [17], [19]]
67
[[18], [19], [14]]
74
[[18], [19], [15]]
74
[[18], [19], [7]]
60
[[18], [19], [5]]
60
[[18], [19], [10]]
59
[[18], [5]]
74
[[18], [12]]
98
[[18], [12], [19]]
68
[[18], [12], [18]]
58
[[18], [0]]
66
[[18], [8]]
76
[[18], [2]]
64
[[18], [1]]
65
[[18, 19]]
121
[[18, 19], [18]]
87
[[18, 19], [18], [19]]
69
[[18, 19], [18], [18]]
58
[[18, 19], [19]]
93
[[18, 19], [19], [19]]
68
[[18, 19], [19], [18]]
64
[[18, 19], [12]]
71
[[18, 19], [13]]
65
[[18, 19], [17]]
76
[[18, 19], [17], [19]]
61
[[18, 19], [14]]
77
[[18, 19], [15]]
74
[[18, 19], [16]]
70
[[18, 19], [6]]
60
[[18, 19], [10]]
58
[[18, 19], [5]]
58
[[18, 19], [7]]
58
[[7]]
115
[[7], [17]]
71
[[7], [18]]
80
[[7], [18, 19]]
61
[[7], [19]]
92
[[7], [19], [19]]
65
[[7], [14]]
70
[[7], [13]]
64
[[7], [15]]
64
[[7], [16]]
62
[[7], [12]]
58
[[8]]
113
[[8], [18]]
83
[[8], [18], [19]]
62
[[8], [18, 19]]
59
[[8], [19]]
91
[[8], [19], [18]]
61
[[8], [19], [19]]
70
[[8], [13]]
64
[[8], [16]]
70
[[8], [17]]
76
[[8], [14]]
62
[[8], [12]]
61
[[11]]
114
[[11], [11]]
63
[[11], [13]]
74
[[11], [15]]
73
[[11], [17]]
80
[[11], [17], [19]]
62
[[11], [18]]
79
[[11], [18], [19]]
63
[[11], [19]]
92
[[11], [19], [19]]
69
[[11], [14]]
72
[[11], [16]]
67
[[15]]
133
[[15], [11]]
65
[[15], [13]]
75
[[15], [13], [19]]
61
[[15], [16]]
81
[[15], [17]]
95
[[15], [17], [19]]
70
[[15], [17], [18]]
60
[[15], [18]]
98
[[15], [18], [18]]
65
[[15], [18], [19]]
75
[[15], [18, 19]]
65
[[15], [19]]
108
[[15], [19], [18]]
72
[[15], [19], [19]]
80
[[15], [19], [17]]
62
[[15], [19], [16]]
62
[[15], [19], [15]]
59
[[15], [14]]
86
[[15], [15]]
86
[[15], [12]]
69
[[15], [10]]
59
[[15], [6]]
65
[[15], [7]]
62
[[13]]
133
[[13], [11]]
62
[[13], [13]]
65
[[13], [14]]
79
[[13], [15]]
75
[[13], [17]]
88
[[13], [17], [19]]
67
[[13], [18]]
93
[[13], [18], [19]]
63
[[13], [18, 19]]
60
[[13], [19]]
109
[[13], [19], [18]]
63
[[13], [19], [19]]
77
[[13], [8]]
60
[[13], [7]]
60
[[13], [10]]
62
[[13], [16]]
74
[[13], [12]]
64
[[13], [5]]
58
[[10]]
107
[[10], [18]]
74
[[10], [19]]
81
[[10], [19], [19]]
60
[[10], [13]]
61
[[10], [17]]
67
[[10], [15]]
62
[[10], [14]]
62
[[10], [16]]
60
[[0]]
94
[[0], [18]]
67
[[0], [19]]
77
[[0], [14]]
60
[[17]]
150
[[17], [4]]
68
[[17], [7]]
77
[[17], [9]]
67
[[17], [10]]
70
[[17], [11]]
70
[[17], [13]]
93
[[17], [13], [19]]
69
[[17], [13], [18]]
59
[[17], [14]]
98
[[17], [14], [19]]
69
[[17], [14], [18]]
61
[[17], [15]]
91
[[17], [15], [19]]
66
[[17], [15], [17]]
58
[[17], [15], [18]]
60
[[17], [16]]
86
[[17], [17]]
101
[[17], [17], [19]]
77
[[17], [17], [17]]
64
[[17], [17], [18]]
67
[[17], [18]]
103
[[17], [18], [18]]
75
[[17], [18], [19]]
79
[[17], [18], [19], [18]]
58
[[17], [18], [17]]
65
[[17], [18], [14]]
59
[[17], [18], [15]]
58
[[17], [18, 19]]
74
[[17], [19]]
121
[[17], [19], [18]]
84
[[17], [19], [18], [19]]
59
[[17], [19], [18, 19]]
59
[[17], [19], [19]]
89
[[17], [19], [19], [19]]
63
[[17], [19], [17]]
80
[[17], [19], [14]]
66
[[17], [19], [16]]
66
[[17], [19], [15]]
64
[[17], [19], [7]]
59
[[17], [19], [13]]
63
[[17], [5]]
73
[[17], [0]]
64
[[17], [6]]
74
[[17], [8]]
68
[[17], [12]]
80
[[17], [2]]
61
[[17], [3]]
60
[[17, 19]]
89
[[17, 19], [19]]
72
[[17, 19], [18]]
61
[[17, 18]]
68
