[[14]]
148
[[14], [3]]
63
[[14], [4]]
60
[[14], [9]]
62
[[14], [10]]
70
[[14], [11]]
68
[[14], [11], [19]]
51
[[14], [14]]
81
[[14], [14], [19]]
61
[[14], [14], [18]]
51
[[14], [15]]
97
[[14], [15], [19]]
66
[[14], [15], [18]]
60
[[14], [15], [16]]
53
[[14], [15], [17]]
53
[[14], [18]]
104
[[14], [18], [18]]
73
[[14], [18], [19]]
77
[[14], [18], [19], [19]]
55
[[14], [18], [12]]
53
[[14], [18], [17]]
63
[[14], [18], [17], [19]]
52
[[14], [18], [14]]
53
[[14], [18], [16]]
56
[[14], [18], [15]]
54
[[14], [18], [13]]
51
[[14], [18, 19]]
79
[[14], [18, 19], [18]]
57
[[14], [18, 19], [19]]
56
[[14], [19]]
120
[[14], [19], [18]]
84
[[14], [19], [18], [19]]
57
[[14], [19], [18], [18]]
50
[[14], [19], [18, 19]]
58
[[14], [19], [12]]
56
[[14], [19], [16]]
69
[[14], [19], [19]]
92
[[14], [19], [19], [19]]
68
[[14], [19], [19], [17]]
55
[[14], [19], [19], [18]]
58
[[14], [19], [17]]
74
[[14], [19], [17], [19]]
56
[[14], [19], [14]]
61
[[14], [19], [13]]
61
[[14], [19], [15]]
64
[[14], [19], [10]]
54
[[14], [19], [7]]
51
[[14], [19], [8]]
54
[[14], [19], [11]]
51
[[14], [5]]
62
[[14], [7]]
75
[[14], [7], [19]]
56
[[14], [12]]
82
[[14], [12], [19]]
62
[[14], [12], [18]]
54
[[14], [13]]
86
[[14], [13], [19]]
69
[[14], [13], [17]]
50
[[14], [13], [18]]
51
[[14], [16]]
91
[[14], [16], [19]]
63
[[14], [16], [16]]
54
[[14], [16], [18]]
52
[[14], [16], [17]]
51
[[14], [17]]
94
[[14], [17], [19]]
74
[[14], [17], [13]]
52
[[14], [17], [15]]
53
[[14], [17], [18]]
60
[[14], [17], [17]]
55
[[14], [17], [16]]
50
[[14], [17, 19]]
52
[[14], [0]]
54
[[14], [6]]
73
[[14], [6], [19]]
53
[[14], [8]]
68
[[14], [2]]
63
[[14], [1]]
51
[[14, 19]]
55
[[12]]
135
[[12], [5]]
57
[[12], [14]]
88
[[12], [14], [19]]
58
[[12], [18]]
97
[[12], [18], [18]]
65
[[12], [18], [19]]
68
[[12], [18], [17]]
55
[[12], [18], [16]]
51
[[12], [18, 19]]
68
[[12], [19]]
105
[[12], [19], [18]]
74
[[12], [19], [18], [19]]
52
[[12], [19], [19]]
73
[[12], [19], [19], [19]]
54
[[12], [19], [14]]
64
[[12], [19], [17]]
67
[[12], [19], [15]]
56
[[12], [19], [16]]
64
[[12], [19], [13]]
51
[[12], [7]]
61
[[12], [8]]
61
[[12], [9]]
60
[[12], [13]]
68
[[12], [13], [19]]
55
[[12], [15]]
79
[[12], [15], [19]]
56
[[12], [15], [18]]
52
[[12], [17]]
85
[[12], [17], [19]]
61
[[12], [17], [14]]
51
[[12], [17], [17]]
50
[[12], [17], [18]]
51
[[12], [12]]
63
[[12], [16]]
79
[[12], [16], [19]]
57
[[12], [10]]
57
[[12], [11]]
61
[[12], [6]]
58
[[12], [3]]
53
[[12], [1]]
52
[[12], [2]]
51
[[19]]
179
[[19], [0]]
82
[[19], [0], [19]]
64
[[19], [0], [18]]
54
[[19], [1]]
78
[[19], [1], [19]]
61
[[19], [1], [18]]
51
[[19], [2]]
84
[[19], [2], [19]]
58
[[19], [3]]
84
[[19], [3], [19]]
59
[[19], [3], [18]]
51
[[19], [4]]
84
[[19], [4], [19]]
58
[[19], [4], [18]]
54
[[19], [5]]
88
[[19], [5], [19]]
58
[[19], [5], [18]]
55
[[19], [6]]
97
[[19], [6], [19]]
72
[[19], [6], [13]]
53
[[19], [6], [18]]
61
[[19], [6], [17]]
54
[[19], [7]]
96
[[19], [7], [17]]
58
[[19], [7], [18]]
65
[[19], [7], [18, 19]]
50
[[19], [7], [19]]
77
[[19], [7], [19], [19]]
53
[[19], [7], [14]]
57
[[19], [7], [16]]
52
[[19], [8]]
96
[[19], [8], [18]]
65
[[19], [8], [17]]
55
[[19], [8], [19]]
69
[[19], [8], [16]]
53
[[19], [8], [14]]
55
[[19], [9]]
91
[[19], [9], [19]]
68
[[19], [9], [18]]
56
[[19], [9], [17]]
51
[[19], [9], [16]]
54
[[19], [10]]
98
[[19], [10], [19]]
70
[[19], [10], [18]]
58
[[19], [10], [14]]
52
[[19], [10], [17]]
51
[[19], [11]]
99
[[19], [11], [18]]
65
[[19], [11], [19]]
79
[[19], [11], [19], [19]]
55
[[19], [11], [17]]
63
[[19], [11], [13]]
55
[[19], [11], [14]]
55
[[19], [11], [15]]
55
[[19], [11], [16]]
58
[[19], [11], [11]]
50
[[19], [12]]
108
[[19], [12], [18]]
70
[[19], [12], [19]]
82
[[19], [12], [19], [18]]
50
[[19], [12], [17]]
62
[[19], [12], [14]]
63
[[19], [12], [15]]
52
[[19], [12], [16]]
55
[[19], [13]]
113
[[19], [13], [13]]
55
[[19], [13], [14]]
64
[[19], [13], [15]]
63
[[19], [13], [17]]
77
[[19], [13], [17], [19]]
55
[[19], [13], [18]]
76
[[19], [13], [18, 19]]
50
[[19], [13], [19]]
94
[[19], [13], [19], [19]]
65
[[19], [13], [19], [17]]
52
[[19], [13], [19], [18]]
53
[[19], [13], [16]]
62
[[19], [13], [10]]
53
[[19], [13], [12]]
56
[[19], [14]]
127
[[19], [14], [14]]
62
[[19], [14], [18]]
81
[[19], [14], [18], [19]]
54
[[19], [14], [18], [18]]
53
[[19], [14], [18, 19]]
62
[[19], [14], [19]]
99
[[19], [14], [19], [19]]
63
[[19], [14], [19], [18]]
61
[[19], [14], [19], [17]]
50
[[19], [14], [19], [16]]
51
[[19], [14], [13]]
68
[[19], [14], [13], [19]]
50
[[19], [14], [15]]
76
[[19], [14], [17]]
71
[[19], [14], [17], [19]]
50
[[19], [14], [12]]
63
[[19], [14], [16]]
72
[[19], [14], [8]]
53
[[19], [14], [6]]
57
[[19], [14], [7]]
56
[[19], [14], [5]]
51
[[19], [14], [2]]
51
[[19], [14], [9]]
50
[[19], [14], [10]]
52
[[19], [14], [11]]
53
[[19], [15]]
113
[[19], [15], [18]]
76
[[19], [15], [18, 19]]
53
[[19], [15], [19]]
88
[[19], [15], [19], [19]]
56
[[19], [15], [19], [18]]
51
[[19], [15], [17]]
73
[[19], [15], [15]]
67
[[19], [15], [16]]
67
[[19], [15], [13]]
54
[[19], [15], [14]]
60
[[19], [15], [12]]
53
[[19], [15], [6]]
52
[[19], [15], [7]]
50
[[19], [15], [10]]
50
[[19], [16]]
127
[[19], [16], [16]]
74
[[19], [16], [19]]
91
[[19], [16], [19], [19]]
60
[[19], [16], [19], [18]]
53
[[19], [16], [18]]
78
[[19], [16], [18], [19]]
50
[[19], [16], [18, 19]]
50
[[19], [16], [14]]
70
[[19], [16], [17]]
73
[[19], [16], [13]]
61
[[19], [16], [12]]
62
[[19], [16], [15]]
64
[[19], [16], [6]]
55
[[19], [16], [5]]
53
[[19], [16], [9]]
50
[[19], [16], [10]]
52
[[19], [16], [11]]
53
[[19], [16, 19]]
57
[[19], [17]]
127
[[19], [17], [4]]
54
[[19], [17], [13]]
73
[[19], [17], [13], [19]]
51
[[19], [17], [14]]
79
[[19], [17], [14], [19]]
50
[[19], [17], [15]]
78
[[19], [17], [15], [19]]
51
[[19], [17], [17]]
84
[[19], [17], [17], [19]]
56
[[19], [17], [18]]
86
[[19], [17], [18], [19]]
62
[[19], [17], [18], [18]]
58
[[19], [17], [18, 19]]
57
[[19], [17], [19]]
102
[[19], [17], [19], [19]]
65
[[19], [17], [19], [17]]
59
[[19], [17], [19], [18]]
62
[[19], [17], [16]]
72
[[19], [17], [12]]
64
[[19], [17], [7]]
55
[[19], [17], [8]]
51
[[19], [17], [10]]
56
[[19], [17], [9]]
56
[[19], [17], [6]]
57
[[19], [17], [5]]
52
[[19], [17], [0]]
51
[[19], [17], [2]]
50
[[19], [17], [11]]
52
[[19], [17, 19]]
71
[[19], [17, 19], [19]]
58
[[19], [17, 19], [18]]
52
[[19], [17, 18]]
50
[[19], [18]]
141
[[19], [18], [0]]
52
[[19], [18], [3]]
56
[[19], [18], [4]]
57
[[19], [18], [6]]
69
[[19], [18], [7]]
67
[[19], [18], [9]]
64
[[19], [18], [10]]
68
[[19], [18], [11]]
63
[[19], [18], [13]]
77
[[19], [18], [13], [19]]
63
[[19], [18], [14]]
86
[[19], [18], [14], [19]]
57
[[19], [18], [15]]
78
[[19], [18], [15], [19]]
55
[[19], [18], [16]]
82
[[19], [18], [16], [19]]
57
[[19], [18], [17]]
94
[[19], [18], [17], [19]]
76
[[19], [18], [17], [15]]
56
[[19], [18], [17], [18]]
57
[[19], [18], [17], [14]]
54
[[19], [18], [17], [17]]
50
[[19], [18], [17, 19]]
53
[[19], [18], [18]]
103
[[19], [18], [18], [19]]
73
[[19], [18], [18], [18]]
62
[[19], [18], [18], [14]]
57
[[19], [18], [18], [17]]
53
[[19], [18], [18], [16]]
54
[[19], [18], [18, 19]]
73
[[19], [18], [19]]
117
[[19], [18], [19], [18]]
76
[[19], [18], [19], [19]]
84
[[19], [18], [19], [17]]
64
[[19], [18], [19], [14]]
62
[[19], [18], [19], [15]]
56
[[19], [18], [19], [16]]
60
[[19], [18], [12]]
78
[[19], [18], [12], [19]]
57
[[19], [18], [5]]
59
[[19], [18], [8]]
63
[[19], [18], [2]]
53
[[19], [18, 19]]
104
[[19], [18, 19], [18]]
72
[[19], [18, 19], [18, 19]]
50
[[19], [18, 19], [19]]
80
[[19], [18, 19], [19], [19]]
51
[[19], [18, 19], [17]]
59
[[19], [18, 19], [14]]
58
[[19], [18, 19], [15]]
56
[[19], [18, 19], [12]]
54
[[19], [18, 19], [16]]
56
[[19], [19]]
159
[[19], [19], [3]]
60
[[19], [19], [4]]
66
[[19], [19], [5]]
70
[[19], [19], [7]]
76
[[19], [19], [7], [19]]
57
[[19], [19], [9]]
71
[[19], [19], [10]]
71
[[19], [19], [11]]
74
[[19], [19], [11], [19]]
56
[[19], [19], [13]]
90
[[19], [19], [13], [19]]
69
[[19], [19], [13], [17]]
54
[[19], [19], [13], [18]]
54
[[19], [19], [14]]
95
[[19], [19], [14], [19]]
59
[[19], [19], [14], [18]]
51
[[19], [19], [15]]
90
[[19], [19], [15], [19]]
59
[[19], [19], [15], [17]]
50
[[19], [19], [15], [18]]
51
[[19], [19], [16]]
95
[[19], [19], [16], [19]]
62
[[19], [19], [17]]
105
[[19], [19], [17], [19]]
76
[[19], [19], [17], [17]]
62
[[19], [19], [17], [13]]
59
[[19], [19], [17], [18]]
62
[[19], [19], [17], [15]]
62
[[19], [19], [17], [14]]
58
[[19], [19], [17], [16]]
54
[[19], [19], [17, 19]]
55
[[19], [19], [18]]
112
[[19], [19], [18], [18]]
73
[[19], [19], [18], [18, 19]]
52
[[19], [19], [18], [19]]
81
[[19], [19], [18], [19], [18]]
50
[[19], [19], [18], [17]]
64
[[19], [19], [18], [13]]
51
[[19], [19], [18], [14]]
57
[[19], [19], [18], [15]]
53
[[19], [19], [18], [12]]
51
[[19], [19], [18], [16]]
55
[[19], [19], [18, 19]]
81
[[19], [19], [18, 19], [19]]
57
[[19], [19], [18, 19], [18]]
51
[[19], [19], [19]]
127
[[19], [19], [19], [18]]
83
[[19], [19], [19], [18], [18]]
50
[[19], [19], [19], [18], [19]]
52
[[19], [19], [19], [18, 19]]
57
[[19], [19], [19], [19]]
98
[[19], [19], [19], [19], [19]]
59
[[19], [19], [19], [19], [18]]
56
[[19], [19], [19], [17]]
76
[[19], [19], [19], [13]]
59
[[19], [19], [19], [14]]
65
[[19], [19], [19], [15]]
67
[[19], [19], [19], [16]]
68
[[19], [19], [19], [7]]
58
[[19], [19], [19], [5]]
54
[[19], [19], [19], [12]]
56
[[19], [19], [19], [10]]
54
[[19], [19], [19], [8]]
50
[[19], [19], [19], [11]]
51
[[19], [19], [12]]
84
[[19], [19], [12], [19]]
62
[[19], [19], [12], [18]]
54
[[19], [19], [0]]
56
[[19], [19], [2]]
62
[[19], [19], [8]]
72
[[19], [19], [6]]
72
[[19], [19], [1]]
53
[[16]]
151
[[16], [16]]
100
[[16], [16], [19]]
67
[[16], [16], [17]]
52
[[16], [18]]
103
[[16], [18], [19]]
71
[[16], [18], [19], [19]]
52
[[16], [18], [18]]
69
[[16], [18], [17]]
53
[[16], [18], [16]]
52
[[16], [18], [14]]
51
[[16], [18, 19]]
72
[[16], [18, 19], [19]]
51
[[16], [19]]
118
[[16], [19], [19]]
87
[[16], [19], [19], [19]]
62
[[16], [19], [18]]
77
[[16], [19], [18, 19]]
53
[[16], [19], [17]]
66
[[16], [19], [14]]
62
[[16], [19], [16]]
69
[[16], [19], [15]]
60
[[16], [19], [12]]
53
[[16], [19], [10]]
51
[[16], [19], [13]]
50
[[16], [9]]
65
[[16], [12]]
82
[[16], [12], [19]]
55
[[16], [14]]
90
[[16], [14], [19]]
60
[[16], [14], [16]]
50
[[16], [14], [18]]
52
[[16], [5]]
68
[[16], [17]]
96
[[16], [17], [19]]
67
[[16], [17], [17]]
53
[[16], [17], [14]]
50
[[16], [17], [15]]
50
[[16], [17], [18]]
53
[[16], [0]]
56
[[16], [8]]
62
[[16], [13]]
77
[[16], [13], [19]]
62
[[16], [15]]
82
[[16], [15], [17]]
52
[[16], [15], [19]]
53
[[16], [15], [18]]
50
[[16], [11]]
73
[[16], [11], [19]]
53
[[16], [7]]
65
[[16], [6]]
73
[[16], [10]]
67
[[16], [3]]
57
[[16], [4]]
57
[[16], [1]]
53
[[16], [2]]
51
[[16, 19]]
77
[[16, 19], [19]]
62
[[16, 19], [16]]
57
[[16, 19], [18]]
52
[[16, 18]]
53
[[5]]
109
[[5], [14]]
60
[[5], [8]]
50
[[5], [18]]
73
[[5], [18], [19]]
57
[[5], [18, 19]]
55
[[5], [19]]
82
[[5], [19], [19]]
62
[[5], [19], [18]]
55
[[5], [16]]
65
[[5], [17]]
65
[[5], [17], [19]]
50
[[5], [13]]
51
[[5], [12]]
54
[[5], [15]]
53
[[4]]
101
[[4], [14]]
65
[[4], [15]]
61
[[4], [16]]
63
[[4], [17]]
59
[[4], [18]]
71
[[4], [18], [19]]
53
[[4], [19]]
79
[[4], [19], [19]]
59
[[4], [19], [18]]
54
[[4], [12]]
50
[[9]]
116
[[9], [9]]
58
[[9], [10]]
57
[[9], [11]]
57
[[9], [13]]
68
[[9], [13], [19]]
55
[[9], [16]]
73
[[9], [16], [19]]
51
[[9], [18]]
85
[[9], [18], [19]]
63
[[9], [18], [18]]
56
[[9], [18, 19]]
64
[[9], [19]]
95
[[9], [19], [18]]
70
[[9], [19], [19]]
81
[[9], [19], [19], [19]]
56
[[9], [19], [17]]
62
[[9], [19], [17], [19]]
50
[[9], [19], [14]]
55
[[9], [19], [16]]
59
[[9], [19], [15]]
57
[[9], [19], [13]]
53
[[9], [19], [12]]
50
[[9], [5]]
51
[[9], [8]]
56
[[9], [12]]
63
[[9], [14]]
74
[[9], [14], [19]]
50
[[9], [7]]
54
[[9], [17]]
73
[[9], [17], [19]]
58
[[9], [6]]
62
[[9], [15]]
69
[[9], [0]]
50
[[9], [4]]
51
[[6]]
116
[[6], [17]]
73
[[6], [17], [19]]
57
[[6], [17], [18]]
50
[[6], [19]]
89
[[6], [19], [19]]
70
[[6], [19], [18]]
61
[[6], [19], [17]]
52
[[6], [19], [14]]
52
[[6], [19], [15]]
51
[[6], [19], [16]]
54
[[6], [7]]
54
[[6], [13]]
67
[[6], [13], [19]]
52
[[6], [16]]
65
[[6], [18]]
80
[[6], [18], [18]]
55
[[6], [18], [19]]
56
[[6], [18, 19]]
53
[[6], [2]]
54
[[6], [12]]
62
[[6], [14]]
65
[[6], [15]]
65
[[6], [9]]
53
[[6], [10]]
54
[[6], [11]]
50
[[3]]
108
[[3], [13]]
56
[[3], [14]]
60
[[3], [15]]
58
[[3], [18]]
74
[[3], [18, 19]]
51
[[3], [19]]
81
[[3], [19], [19]]
62
[[3], [19], [18]]
52
[[3], [17]]
61
[[3], [16]]
63
[[3], [6]]
52
[[1]]
101
[[1], [13]]
56
[[1], [16]]
62
[[1], [18]]
69
[[1], [18], [19]]
55
[[1], [18, 19]]
51
[[1], [19]]
81
[[1], [19], [19]]
65
[[1], [19], [17]]
52
[[1], [19], [18]]
52
[[1], [17]]
63
[[1], [14]]
62
[[1], [15]]
58
[[1], [12]]
52
[[2]]
109
[[2], [18]]
69
[[2], [18, 19]]
50
[[2], [19]]
81
[[2], [19], [19]]
58
[[2], [19], [16]]
54
[[2], [19], [17]]
52
[[2], [19], [18]]
50
[[2], [13]]
55
[[2], [17]]
70
[[2], [17], [19]]
56
[[2], [14]]
58
[[2], [15]]
60
[[2], [16]]
74
[[2], [12]]
53
[[18]]
169
[[18], [0]]
69
[[18], [0], [19]]
51
[[18], [3]]
71
[[18], [4]]
74
[[18], [4], [19]]
51
[[18], [6]]
87
[[18], [6], [19]]
60
[[18], [7]]
81
[[18], [7], [19]]
62
[[18], [7], [18]]
50
[[18], [8]]
81
[[18], [8], [19]]
59
[[18], [8], [18]]
53
[[18], [8], [14]]
50
[[18], [9]]
81
[[18], [9], [19]]
55
[[18], [10]]
83
[[18], [10], [19]]
57
[[18], [11]]
84
[[18], [11], [19]]
66
[[18], [11], [17]]
52
[[18], [11], [18]]
51
[[18], [13]]
93
[[18], [13], [17]]
59
[[18], [13], [19]]
77
[[18], [13], [19], [19]]
53
[[18], [13], [14]]
54
[[18], [13], [15]]
53
[[18], [13], [18]]
60
[[18], [14]]
107
[[18], [14], [19]]
74
[[18], [14], [16]]
58
[[18], [14], [15]]
56
[[18], [14], [17]]
53
[[18], [14], [18]]
60
[[18], [15]]
99
[[18], [15], [17]]
59
[[18], [15], [19]]
74
[[18], [15], [19], [19]]
50
[[18], [15], [14]]
57
[[18], [15], [16]]
54
[[18], [15], [15]]
59
[[18], [15], [18]]
60
[[18], [16]]
109
[[18], [16], [19]]
77
[[18], [16], [16]]
61
[[18], [16], [18]]
60
[[18], [16], [14]]
54
[[18], [16], [15]]
55
[[18], [16], [17]]
57
[[18], [16], [12]]
51
[[18], [16, 19]]
51
[[18], [17]]
112
[[18], [17], [17]]
68
[[18], [17], [19]]
92
[[18], [17], [19], [18]]
56
[[18], [17], [19], [19]]
58
[[18], [17], [19], [17]]
52
[[18], [17], [15]]
71
[[18], [17], [18]]
73
[[18], [17], [18], [19]]
53
[[18], [17], [13]]
59
[[18], [17], [14]]
70
[[18], [17], [12]]
56
[[18], [17], [16]]
57
[[18], [17, 19]]
66
[[18], [17, 19], [19]]
54
[[18], [18]]
121
[[18], [18], [13]]
68
[[18], [18], [13], [19]]
53
[[18], [18], [14]]
73
[[18], [18], [15]]
68
[[18], [18], [16]]
72
[[18], [18], [16], [19]]
51
[[18], [18], [18]]
87
[[18], [18], [18], [19]]
60
[[18], [18], [18], [18]]
53
[[18], [18], [18, 19]]
58
[[18], [18], [19]]
98
[[18], [18], [19], [18]]
71
[[18], [18], [19], [19]]
71
[[18], [18], [19], [14]]
57
[[18], [18], [19], [17]]
51
[[18], [18], [12]]
66
[[18], [18], [17]]
78
[[18], [18], [17], [19]]
65
[[18], [18], [5]]
53
[[18], [18], [10]]
57
[[18], [18], [7]]
53
[[18], [18], [6]]
54
[[18], [18], [11]]
54
[[18], [18, 19]]
88
[[18], [18, 19], [19]]
66
[[18], [18, 19], [18]]
59
[[18], [18, 19], [14]]
50
[[18], [19]]
137
[[18], [19], [10]]
63
[[18], [19], [11]]
59
[[18], [19], [13]]
72
[[18], [19], [13], [19]]
57
[[18], [19], [15]]
77
[[18], [19], [16]]
82
[[18], [19], [16], [19]]
58
[[18], [19], [18]]
94
[[18], [19], [18], [18]]
66
[[18], [19], [18], [19]]
71
[[18], [19], [18], [17]]
54
[[18], [19], [18, 19]]
66
[[18], [19], [19]]
109
[[18], [19], [19], [18]]
71
[[18], [19], [19], [19]]
82
[[18], [19], [19], [19], [19]]
58
[[18], [19], [19], [17]]
62
[[18], [19], [19], [14]]
60
[[18], [19], [19], [15]]
57
[[18], [19], [19], [13]]
52
[[18], [19], [19], [16]]
50
[[18], [19], [7]]
61
[[18], [19], [12]]
69
[[18], [19], [14]]
80
[[18], [19], [14], [19]]
53
[[18], [19], [17]]
85
[[18], [19], [17], [19]]
69
[[18], [19], [17], [17]]
51
[[18], [19], [17], [18]]
55
[[18], [19], [17], [15]]
51
[[18], [19], [17, 19]]
50
[[18], [19], [8]]
58
[[18], [19], [5]]
62
[[18], [19], [9]]
57
[[18], [19], [3]]
52
[[18], [19], [6]]
61
[[18], [19], [4]]
51
[[18], [1]]
67
[[18], [1], [19]]
50
[[18], [5]]
75
[[18], [12]]
101
[[18], [12], [18]]
63
[[18], [12], [19]]
73
[[18], [12], [17]]
56
[[18], [12], [14]]
58
[[18], [2]]
69
[[18, 19]]
127
[[18, 19], [7]]
59
[[18, 19], [10]]
62
[[18, 19], [13]]
66
[[18, 19], [13], [19]]
51
[[18, 19], [14]]
81
[[18, 19], [14], [19]]
52
[[18, 19], [16]]
76
[[18, 19], [16], [19]]
53
[[18, 19], [17]]
78
[[18, 19], [17], [19]]
64
[[18, 19], [17], [15]]
53
[[18, 19], [17], [18]]
50
[[18, 19], [18]]
92
[[18, 19], [18], [19]]
72
[[18, 19], [18], [18]]
60
[[18, 19], [18], [17]]
52
[[18, 19], [18], [14]]
52
[[18, 19], [18], [16]]
52
[[18, 19], [18, 19]]
61
[[18, 19], [19]]
99
[[18, 19], [19], [18]]
68
[[18, 19], [19], [19]]
75
[[18, 19], [19], [19], [19]]
51
[[18, 19], [19], [15]]
56
[[18, 19], [19], [17]]
54
[[18, 19], [19], [13]]
54
[[18, 19], [19], [14]]
57
[[18, 19], [19], [16]]
53
[[18, 19], [5]]
60
[[18, 19], [12]]
73
[[18, 19], [12], [19]]
55
[[18, 19], [15]]
75
[[18, 19], [15], [19]]
54
[[18, 19], [9]]
60
[[18, 19], [6]]
62
[[18, 19], [3]]
53
[[18, 19], [8]]
54
[[18, 19], [4]]
54
[[18, 19], [11]]
52
[[7]]
117
[[7], [10]]
57
[[7], [17]]
74
[[7], [17], [19]]
59
[[7], [18]]
84
[[7], [18], [19]]
58
[[7], [18], [18]]
51
[[7], [18, 19]]
62
[[7], [19]]
96
[[7], [19], [19]]
72
[[7], [19], [17]]
59
[[7], [19], [16]]
55
[[7], [19], [15]]
50
[[7], [19], [18]]
59
[[7], [13]]
66
[[7], [13], [19]]
52
[[7], [14]]
72
[[7], [15]]
66
[[7], [16]]
67
[[7], [12]]
59
[[7], [5]]
55
[[7], [7]]
50
[[7], [9]]
51
[[8]]
118
[[8], [10]]
62
[[8], [11]]
59
[[8], [13]]
66
[[8], [13], [19]]
52
[[8], [14]]
68
[[8], [16]]
76
[[8], [16], [19]]
53
[[8], [18]]
88
[[8], [18], [18]]
55
[[8], [18], [19]]
64
[[8], [18], [17]]
51
[[8], [18], [16]]
54
[[8], [18], [14]]
50
[[8], [18, 19]]
62
[[8], [19]]
93
[[8], [19], [18]]
65
[[8], [19], [19]]
74
[[8], [19], [19], [19]]
56
[[8], [19], [17]]
59
[[8], [19], [16]]
61
[[8], [19], [14]]
52
[[8], [7]]
56
[[8], [8]]
54
[[8], [12]]
63
[[8], [17]]
78
[[8], [17], [19]]
57
[[8], [15]]
60
[[8], [6]]
58
[[8], [3]]
52
[[11]]
122
[[11], [7]]
58
[[11], [11]]
67
[[11], [13]]
78
[[11], [13], [19]]
61
[[11], [15]]
77
[[11], [15], [19]]
56
[[11], [17]]
84
[[11], [17], [19]]
64
[[11], [17], [17]]
51
[[11], [18]]
85
[[11], [18], [19]]
66
[[11], [18], [18]]
54
[[11], [18, 19]]
56
[[11], [19]]
99
[[11], [19], [19]]
75
[[11], [19], [18]]
63
[[11], [19], [17]]
54
[[11], [19], [15]]
50
[[11], [19], [16]]
52
[[11], [14]]
73
[[11], [14], [19]]
50
[[11], [2]]
55
[[11], [16]]
72
[[11], [12]]
55
[[11], [8]]
54
[[11], [10]]
54
[[11], [5]]
51
[[11], [6]]
57
[[11], [0]]
51
[[11], [9]]
53
[[11], [4]]
50
[[15]]
137
[[15], [3]]
57
[[15], [7]]
65
[[15], [10]]
66
[[15], [11]]
72
[[15], [11], [19]]
53
[[15], [13]]
78
[[15], [13], [19]]
65
[[15], [16]]
89
[[15], [16], [19]]
59
[[15], [17]]
97
[[15], [17], [19]]
72
[[15], [17], [18]]
61
[[15], [17], [13]]
52
[[15], [17], [15]]
58
[[15], [17], [17]]
55
[[15], [17], [16]]
51
[[15], [17], [14]]
50
[[15], [18]]
104
[[15], [18], [18]]
68
[[15], [18], [19]]
77
[[15], [18], [17]]
58
[[15], [18], [14]]
53
[[15], [18], [16]]
57
[[15], [18, 19]]
69
[[15], [19]]
114
[[15], [19], [16]]
67
[[15], [19], [18]]
77
[[15], [19], [13]]
52
[[15], [19], [14]]
58
[[15], [19], [19]]
86
[[15], [19], [19], [19]]
53
[[15], [19], [17]]
63
[[15], [19], [12]]
54
[[15], [19], [15]]
62
[[15], [19], [10]]
52
[[15], [5]]
56
[[15], [14]]
90
[[15], [14], [19]]
58
[[15], [15]]
90
[[15], [15], [19]]
56
[[15], [8]]
60
[[15], [12]]
72
[[15], [12], [19]]
52
[[15], [6]]
70
[[15], [2]]
56
[[15], [4]]
55
[[15], [9]]
54
[[15], [1]]
53
[[15], [0]]
52
[[15, 19]]
59
[[13]]
139
[[13], [2]]
52
[[13], [3]]
52
[[13], [4]]
56
[[13], [5]]
60
[[13], [9]]
59
[[13], [10]]
67
[[13], [11]]
66
[[13], [13]]
69
[[13], [14]]
81
[[13], [14], [19]]
53
[[13], [15]]
77
[[13], [15], [19]]
54
[[13], [17]]
92
[[13], [17], [19]]
69
[[13], [17], [14]]
52
[[13], [17], [18]]
51
[[13], [18]]
99
[[13], [18], [18]]
55
[[13], [18], [19]]
65
[[13], [18], [16]]
50
[[13], [18, 19]]
64
[[13], [19]]
115
[[13], [19], [17]]
59
[[13], [19], [18]]
67
[[13], [19], [19]]
83
[[13], [19], [14]]
59
[[13], [19], [16]]
57
[[13], [19], [15]]
52
[[13], [8]]
62
[[13], [7]]
60
[[13], [16]]
79
[[13], [0]]
56
[[13], [12]]
66
[[13], [6]]
60
[[10]]
116
[[10], [16]]
65
[[10], [18]]
80
[[10], [18], [18]]
52
[[10], [18], [19]]
57
[[10], [18, 19]]
53
[[10], [8]]
55
[[10], [12]]
60
[[10], [13]]
64
[[10], [15]]
67
[[10], [15], [19]]
50
[[10], [17]]
72
[[10], [17], [19]]
55
[[10], [19]]
90
[[10], [19], [19]]
65
[[10], [19], [18]]
54
[[10], [19], [17]]
51
[[10], [9]]
55
[[10], [11]]
57
[[10], [14]]
66
[[10], [6]]
53
[[10], [7]]
50
[[10], [10]]
50
[[0]]
98
[[0], [18]]
69
[[0], [19]]
80
[[0], [19], [19]]
58
[[0], [13]]
57
[[0], [14]]
61
[[0], [12]]
54
[[0], [17]]
59
[[0], [16]]
61
[[0], [15]]
53
[[0], [11]]
52
[[0], [10]]
51
[[17]]
155
[[17], [3]]
63
[[17], [4]]
70
[[17], [4], [19]]
51
[[17], [7]]
78
[[17], [7], [19]]
59
[[17], [9]]
72
[[17], [9], [19]]
50
[[17], [10]]
74
[[17], [11]]
76
[[17], [11], [19]]
58
[[17], [11], [17]]
51
[[17], [13]]
96
[[17], [13], [18]]
61
[[17], [13], [19]]
73
[[17], [13], [17]]
59
[[17], [13], [14]]
53
[[17], [13], [15]]
51
[[17], [13], [16]]
50
[[17], [14]]
102
[[17], [14], [19]]
74
[[17], [14], [14]]
50
[[17], [14], [17]]
56
[[17], [14], [16]]
58
[[17], [14], [18]]
65
[[17], [14], [15]]
55
[[17], [15]]
95
[[17], [15], [18]]
63
[[17], [15], [19]]
70
[[17], [15], [17]]
60
[[17], [15], [14]]
52
[[17], [15], [13]]
51
[[17], [15], [16]]
52
[[17], [15], [15]]
52
[[17], [16]]
93
[[17], [16], [19]]
60
[[17], [16], [16]]
55
[[17], [17]]
104
[[17], [17], [18]]
70
[[17], [17], [18, 19]]
53
[[17], [17], [19]]
81
[[17], [17], [19], [19]]
51
[[17], [17], [17]]
65
[[17], [17], [13]]
54
[[17], [17], [14]]
58
[[17], [17], [15]]
55
[[17], [17, 19]]
56
[[17], [17, 19], [19]]
50
[[17], [18]]
107
[[17], [18], [18]]
78
[[17], [18], [18], [19]]
53
[[17], [18], [18, 19]]
55
[[17], [18], [13]]
56
[[17], [18], [19]]
82
[[17], [18], [19], [18]]
60
[[17], [18], [19], [19]]
60
[[17], [18], [17]]
66
[[17], [18], [17], [19]]
54
[[17], [18], [12]]
59
[[17], [18], [10]]
50
[[17], [18], [14]]
60
[[17], [18], [15]]
59
[[17], [18], [16]]
56
[[17], [18], [7]]
51
[[17], [18], [6]]
53
[[17], [18, 19]]
78
[[17], [18, 19], [19]]
55
[[17], [18, 19], [18]]
54
[[17], [19]]
125
[[17], [19], [10]]
56
[[17], [19], [11]]
54
[[17], [19], [17]]
82
[[17], [19], [17], [19]]
61
[[17], [19], [17], [18]]
57
[[17], [19], [18]]
88
[[17], [19], [18], [19]]
61
[[17], [19], [18], [18]]
56
[[17], [19], [18, 19]]
63
[[17], [19], [5]]
56
[[17], [19], [7]]
60
[[17], [19], [13]]
65
[[17], [19], [14]]
68
[[17], [19], [19]]
95
[[17], [19], [19], [19]]
68
[[17], [19], [19], [17]]
54
[[17], [19], [19], [18]]
59
[[17], [19], [8]]
50
[[17], [19], [15]]
67
[[17], [19], [16]]
71
[[17], [19], [12]]
58
[[17], [19], [6]]
55
[[17], [0]]
67
[[17], [1]]
55
[[17], [2]]
64
[[17], [5]]
74
[[17], [12]]
82
[[17], [12], [19]]
59
[[17], [12], [18]]
52
[[17], [8]]
70
[[17], [8], [19]]
50
[[17], [6]]
76
[[17], [6], [19]]
50
[[17, 18]]
68
[[17, 18], [19]]
51
[[17, 19]]
91
[[17, 19], [15]]
53
[[17, 19], [19]]
75
[[17, 19], [17]]
56
[[17, 19], [18]]
63
[[17, 19], [14]]
53
