[[15]]
123
[[15], [5]]
59
[[15], [8]]
64
[[15], [8], [19]]
44
[[15], [9]]
58
[[15], [9], [19]]
43
[[15], [14]]
67
[[15], [14], [19]]
53
[[15], [14], [18]]
43
[[15], [15]]
76
[[15], [15], [16]]
44
[[15], [15], [19]]
46
[[15], [16]]
86
[[15], [16], [18]]
52
[[15], [16], [19]]
62
[[15], [16], [16]]
47
[[15], [16], [14]]
45
[[15], [17]]
73
[[15], [17], [19]]
55
[[15], [17], [18]]
46
[[15], [17], [16]]
43
[[15], [18]]
86
[[15], [18], [18]]
62
[[15], [18], [16]]
52
[[15], [18], [19]]
64
[[15], [18], [17]]
47
[[15], [18], [15]]
44
[[15], [18], [14]]
43
[[15], [18, 19]]
57
[[15], [18, 19], [19]]
44
[[15], [19]]
98
[[15], [19], [15]]
54
[[15], [19], [18]]
65
[[15], [19], [18], [19]]
43
[[15], [19], [19]]
71
[[15], [19], [19], [19]]
49
[[15], [19], [17]]
50
[[15], [19], [16]]
58
[[15], [19], [14]]
51
[[15], [19], [12]]
47
[[15], [19], [13]]
45
[[15], [19], [7]]
45
[[15], [7]]
72
[[15], [7], [19]]
48
[[15], [10]]
58
[[15], [11]]
63
[[15], [12]]
63
[[15], [13]]
58
[[15], [6]]
55
[[15], [6], [19]]
44
[[15], [4]]
51
[[15], [3]]
50
[[15], [1]]
55
[[15], [0]]
46
[[15], [2]]
43
[[15, 19]]
51
[[14]]
118
[[14], [15]]
66
[[14], [15], [19]]
44
[[14], [16]]
89
[[14], [16], [19]]
58
[[14], [16], [18]]
51
[[14], [16], [16]]
50
[[14], [17]]
79
[[14], [17], [18]]
55
[[14], [17], [19]]
58
[[14], [17], [16]]
50
[[14], [17], [15]]
45
[[14], [17], [14]]
44
[[14], [17], [17]]
46
[[14], [18]]
89
[[14], [18], [16]]
60
[[14], [18], [18]]
59
[[14], [18], [19]]
69
[[14], [18], [19], [19]]
46
[[14], [18], [17]]
54
[[14], [18], [15]]
48
[[14], [18], [14]]
47
[[14], [18, 19]]
63
[[14], [18, 19], [19]]
48
[[14], [18, 19], [16]]
43
[[14], [18, 19], [18]]
44
[[14], [19]]
99
[[14], [19], [18]]
72
[[14], [19], [18], [16]]
46
[[14], [19], [18], [19]]
53
[[14], [19], [18, 19]]
46
[[14], [19], [19]]
77
[[14], [19], [19], [18]]
48
[[14], [19], [19], [16]]
53
[[14], [19], [19], [19]]
55
[[14], [19], [19], [17]]
44
[[14], [19], [15]]
54
[[14], [19], [16]]
68
[[14], [19], [17]]
53
[[14], [19], [13]]
53
[[14], [19], [3]]
50
[[14], [19], [11]]
49
[[14], [19], [14]]
50
[[14], [19], [10]]
45
[[14], [19], [8]]
46
[[14], [19], [5]]
45
[[14], [19], [6]]
43
[[14], [19], [1]]
46
[[14], [19], [4]]
44
[[14], [19], [7]]
44
[[14], [3]]
58
[[14], [8]]
60
[[14], [13]]
62
[[14], [13], [19]]
47
[[14], [14]]
71
[[14], [14], [19]]
52
[[14], [14], [18]]
46
[[14], [9]]
55
[[14], [9], [19]]
46
[[14], [11]]
59
[[14], [6]]
56
[[14], [6], [19]]
43
[[14], [4]]
51
[[14], [7]]
64
[[14], [7], [19]]
44
[[14], [10]]
59
[[14], [5]]
54
[[14], [1]]
58
[[14], [2]]
49
[[14], [12]]
54
[[14], [0]]
47
[[10]]
108
[[10], [7]]
62
[[10], [8]]
52
[[10], [11]]
56
[[10], [12]]
57
[[10], [14]]
54
[[10], [15]]
60
[[10], [16]]
71
[[10], [16], [19]]
55
[[10], [16], [18]]
43
[[10], [17]]
74
[[10], [17], [19]]
50
[[10], [18]]
80
[[10], [18], [19]]
60
[[10], [18], [18]]
51
[[10], [18], [17]]
45
[[10], [18], [16]]
46
[[10], [18, 19]]
54
[[10], [19]]
83
[[10], [19], [18]]
56
[[10], [19], [19]]
65
[[10], [19], [19], [19]]
49
[[10], [19], [17]]
54
[[10], [19], [16]]
53
[[10], [19], [11]]
45
[[10], [19], [15]]
48
[[10], [19], [7]]
45
[[10], [19], [14]]
44
[[10], [10]]
53
[[10], [0]]
47
[[10], [5]]
51
[[10], [6]]
48
[[10], [13]]
46
[[10], [4]]
44
[[10], [9]]
47
[[10], [3]]
46
[[10], [1]]
45
[[7]]
110
[[7], [11]]
56
[[7], [14]]
59
[[7], [16]]
66
[[7], [16], [19]]
44
[[7], [17]]
62
[[7], [17], [19]]
43
[[7], [18]]
75
[[7], [18], [18]]
51
[[7], [18], [19]]
54
[[7], [18], [16]]
47
[[7], [18, 19]]
51
[[7], [19]]
84
[[7], [19], [18]]
58
[[7], [19], [19]]
61
[[7], [19], [16]]
50
[[7], [15]]
66
[[7], [5]]
49
[[7], [8]]
50
[[7], [7]]
53
[[7], [12]]
53
[[7], [1]]
50
[[7], [9]]
45
[[7], [4]]
49
[[7], [13]]
47
[[7], [3]]
44
[[7], [10]]
43
[[11]]
117
[[11], [7]]
60
[[11], [8]]
56
[[11], [14]]
59
[[11], [15]]
66
[[11], [16]]
80
[[11], [16], [18]]
44
[[11], [16], [19]]
48
[[11], [16], [16]]
44
[[11], [16, 19]]
45
[[11], [17]]
69
[[11], [17], [18]]
51
[[11], [17], [19]]
52
[[11], [17], [16]]
43
[[11], [17, 19]]
43
[[11], [18]]
87
[[11], [18], [18]]
59
[[11], [18], [19]]
62
[[11], [18], [16]]
54
[[11], [18], [17]]
48
[[11], [18], [15]]
47
[[11], [18, 19]]
56
[[11], [19]]
88
[[11], [19], [18]]
68
[[11], [19], [18], [19]]
48
[[11], [19], [18], [16]]
44
[[11], [19], [19]]
65
[[11], [19], [19], [18]]
44
[[11], [19], [19], [19]]
44
[[11], [19], [19], [16]]
43
[[11], [19], [17]]
53
[[11], [19], [16]]
59
[[11], [19], [15]]
52
[[11], [19], [14]]
46
[[11], [9]]
51
[[11], [12]]
54
[[11], [5]]
53
[[11], [11]]
57
[[11], [10]]
56
[[11], [1]]
51
[[11], [3]]
46
[[11], [4]]
45
[[11], [13]]
48
[[11], [6]]
51
[[11], [2]]
44
[[19]]
156
[[19], [0]]
83
[[19], [0], [18]]
60
[[19], [0], [18], [19]]
45
[[19], [0], [19]]
62
[[19], [0], [19], [19]]
46
[[19], [0], [16]]
54
[[19], [0], [17]]
51
[[19], [0], [7]]
45
[[19], [0], [11]]
45
[[19], [0], [15]]
45
[[19], [0], [14]]
45
[[19], [2]]
74
[[19], [2], [16]]
49
[[19], [2], [18]]
51
[[19], [2], [19]]
59
[[19], [2], [17]]
47
[[19], [2], [15]]
45
[[19], [3]]
88
[[19], [3], [16]]
57
[[19], [3], [18]]
55
[[19], [3], [19]]
66
[[19], [3], [17]]
50
[[19], [3], [15]]
44
[[19], [3], [11]]
47
[[19], [4]]
80
[[19], [4], [18]]
51
[[19], [4], [19]]
60
[[19], [4], [16]]
51
[[19], [4], [17]]
48
[[19], [4], [15]]
45
[[19], [5]]
91
[[19], [5], [15]]
52
[[19], [5], [16]]
57
[[19], [5], [17]]
49
[[19], [5], [18]]
61
[[19], [5], [18], [19]]
45
[[19], [5], [19]]
61
[[19], [5], [19], [19]]
47
[[19], [5], [19], [18]]
43
[[19], [5], [14]]
43
[[19], [6]]
84
[[19], [6], [16]]
59
[[19], [6], [18]]
59
[[19], [6], [18], [19]]
45
[[19], [6], [18, 19]]
44
[[19], [6], [19]]
70
[[19], [6], [19], [19]]
49
[[19], [6], [15]]
51
[[19], [6], [11]]
44
[[19], [6], [17]]
44
[[19], [7]]
94
[[19], [7], [18]]
55
[[19], [7], [19]]
63
[[19], [7], [17]]
49
[[19], [7], [15]]
55
[[19], [7], [16]]
51
[[19], [7], [14]]
44
[[19], [8]]
96
[[19], [8], [16]]
64
[[19], [8], [17]]
56
[[19], [8], [18]]
60
[[19], [8], [18], [19]]
46
[[19], [8], [19]]
70
[[19], [8], [19], [18]]
46
[[19], [8], [19], [16]]
44
[[19], [8], [19], [19]]
43
[[19], [8], [15]]
52
[[19], [8], [11]]
44
[[19], [8], [14]]
43
[[19], [9]]
87
[[19], [9], [18]]
62
[[19], [9], [18, 19]]
45
[[19], [9], [19]]
68
[[19], [9], [19], [19]]
49
[[19], [9], [19], [18]]
47
[[19], [9], [19], [16]]
43
[[19], [9], [17]]
56
[[19], [9], [16]]
59
[[19], [9], [15]]
50
[[19], [10]]
92
[[19], [10], [18]]
64
[[19], [10], [18], [19]]
44
[[19], [10], [19]]
66
[[19], [10], [19], [19]]
50
[[19], [10], [17]]
57
[[19], [10], [15]]
46
[[19], [10], [16]]
56
[[19], [10], [7]]
47
[[19], [10], [11]]
43
[[19], [11]]
94
[[19], [11], [16]]
61
[[19], [11], [18]]
64
[[19], [11], [18], [18]]
43
[[19], [11], [18], [19]]
46
[[19], [11], [18, 19]]
43
[[19], [11], [19]]
67
[[19], [11], [19], [18]]
45
[[19], [11], [19], [19]]
46
[[19], [11], [17]]
54
[[19], [11], [14]]
44
[[19], [11], [11]]
50
[[19], [11], [15]]
50
[[19], [11], [7]]
44
[[19], [12]]
94
[[19], [12], [19]]
63
[[19], [12], [19], [19]]
43
[[19], [12], [18]]
56
[[19], [12], [16]]
55
[[19], [12], [17]]
45
[[19], [12], [11]]
44
[[19], [12], [7]]
44
[[19], [12], [15]]
45
[[19], [13]]
89
[[19], [13], [16]]
58
[[19], [13], [18]]
64
[[19], [13], [18], [19]]
51
[[19], [13], [18], [18]]
44
[[19], [13], [18, 19]]
44
[[19], [13], [19]]
70
[[19], [13], [19], [18]]
48
[[19], [13], [19], [19]]
50
[[19], [13], [17]]
49
[[19], [13], [15]]
55
[[19], [13], [7]]
48
[[19], [13], [10]]
45
[[19], [13], [13]]
47
[[19], [13], [14]]
47
[[19], [13], [11]]
44
[[19], [13], [12]]
44
[[19], [14]]
100
[[19], [14], [18]]
64
[[19], [14], [18], [19]]
43
[[19], [14], [19]]
75
[[19], [14], [19], [19]]
50
[[19], [14], [19], [16]]
44
[[19], [14], [19], [18]]
43
[[19], [14], [17]]
57
[[19], [14], [16]]
65
[[19], [14], [11]]
49
[[19], [14], [15]]
47
[[19], [14], [1]]
43
[[19], [14], [7]]
43
[[19], [14], [14]]
45
[[19], [15]]
103
[[19], [15], [8]]
53
[[19], [15], [15]]
62
[[19], [15], [16]]
69
[[19], [15], [16], [19]]
46
[[19], [15], [18]]
69
[[19], [15], [18], [18]]
46
[[19], [15], [18], [19]]
47
[[19], [15], [18, 19]]
43
[[19], [15], [19]]
75
[[19], [15], [19], [18]]
49
[[19], [15], [19], [19]]
51
[[19], [15], [19], [16]]
45
[[19], [15], [19], [15]]
44
[[19], [15], [14]]
50
[[19], [15], [17]]
58
[[19], [15], [7]]
58
[[19], [15], [9]]
47
[[19], [15], [11]]
52
[[19], [15], [12]]
47
[[19], [15], [5]]
46
[[19], [15], [6]]
44
[[19], [15], [13]]
45
[[19], [16]]
131
[[19], [16], [6]]
54
[[19], [16], [8]]
65
[[19], [16], [9]]
55
[[19], [16], [11]]
60
[[19], [16], [12]]
58
[[19], [16], [14]]
63
[[19], [16], [15]]
71
[[19], [16], [16]]
78
[[19], [16], [16], [19]]
52
[[19], [16], [17]]
75
[[19], [16], [17], [19]]
50
[[19], [16], [18]]
85
[[19], [16], [18], [18]]
58
[[19], [16], [18], [19]]
63
[[19], [16], [18], [15]]
44
[[19], [16], [18], [17]]
43
[[19], [16], [18], [16]]
44
[[19], [16], [18, 19]]
57
[[19], [16], [18, 19], [19]]
44
[[19], [16], [19]]
94
[[19], [16], [19], [18]]
61
[[19], [16], [19], [19]]
67
[[19], [16], [19], [19], [19]]
46
[[19], [16], [19], [15]]
51
[[19], [16], [19], [17]]
48
[[19], [16], [19], [16]]
45
[[19], [16], [19], [14]]
44
[[19], [16], [13]]
57
[[19], [16], [4]]
47
[[19], [16], [10]]
51
[[19], [16], [5]]
52
[[19], [16], [7]]
62
[[19], [16], [3]]
59
[[19], [16], [1]]
56
[[19], [16], [2]]
51
[[19], [16], [0]]
44
[[19], [16, 19]]
64
[[19], [16, 19], [19]]
44
[[19], [16, 18]]
49
[[19], [17]]
119
[[19], [17], [16]]
84
[[19], [17], [16], [18]]
47
[[19], [17], [16], [19]]
51
[[19], [17], [16], [16]]
46
[[19], [17], [18]]
87
[[19], [17], [18], [16]]
54
[[19], [17], [18], [18]]
56
[[19], [17], [18], [19]]
62
[[19], [17], [18], [17]]
47
[[19], [17], [18], [14]]
43
[[19], [17], [18, 19]]
54
[[19], [17], [19]]
90
[[19], [17], [19], [18]]
59
[[19], [17], [19], [19]]
64
[[19], [17], [19], [16]]
57
[[19], [17], [19], [14]]
48
[[19], [17], [19], [17]]
45
[[19], [17], [19], [15]]
49
[[19], [17], [17]]
74
[[19], [17], [17], [19]]
49
[[19], [17], [14]]
66
[[19], [17], [6]]
57
[[19], [17], [15]]
68
[[19], [17], [5]]
52
[[19], [17], [7]]
64
[[19], [17], [11]]
59
[[19], [17], [12]]
56
[[19], [17], [3]]
53
[[19], [17], [8]]
57
[[19], [17], [9]]
49
[[19], [17], [10]]
54
[[19], [17], [13]]
53
[[19], [17], [1]]
49
[[19], [17], [2]]
44
[[19], [17], [4]]
43
[[19], [17, 19]]
65
[[19], [17, 19], [18]]
46
[[19], [17, 19], [19]]
45
[[19], [17, 18]]
44
[[19], [18]]
133
[[19], [18], [8]]
66
[[19], [18], [8], [19]]
44
[[19], [18], [9]]
59
[[19], [18], [9], [19]]
43
[[19], [18], [11]]
66
[[19], [18], [14]]
70
[[19], [18], [14], [19]]
46
[[19], [18], [15]]
76
[[19], [18], [15], [19]]
46
[[19], [18], [16]]
93
[[19], [18], [16], [18]]
47
[[19], [18], [16], [19]]
52
[[19], [18], [17]]
86
[[19], [18], [17], [18]]
49
[[19], [18], [17], [19]]
52
[[19], [18], [17], [17]]
45
[[19], [18], [17], [16]]
44
[[19], [18], [18]]
101
[[19], [18], [18], [16]]
58
[[19], [18], [18], [18]]
57
[[19], [18], [18], [19]]
71
[[19], [18], [18], [14]]
46
[[19], [18], [18], [17]]
56
[[19], [18], [18], [15]]
49
[[19], [18], [18, 19]]
63
[[19], [18], [19]]
109
[[19], [18], [19], [18]]
69
[[19], [18], [19], [18], [19]]
44
[[19], [18], [19], [19]]
68
[[19], [18], [19], [19], [19]]
45
[[19], [18], [19], [14]]
53
[[19], [18], [19], [17]]
59
[[19], [18], [19], [15]]
55
[[19], [18], [19], [16]]
59
[[19], [18], [19], [7]]
47
[[19], [18], [19], [11]]
45
[[19], [18], [19], [13]]
45
[[19], [18], [3]]
59
[[19], [18], [5]]
57
[[19], [18], [13]]
62
[[19], [18], [4]]
56
[[19], [18], [6]]
57
[[19], [18], [12]]
62
[[19], [18], [7]]
66
[[19], [18], [10]]
61
[[19], [18], [0]]
52
[[19], [18], [1]]
54
[[19], [18], [2]]
43
[[19], [18, 19]]
98
[[19], [18, 19], [14]]
50
[[19], [18, 19], [15]]
54
[[19], [18, 19], [16]]
62
[[19], [18, 19], [17]]
58
[[19], [18, 19], [18]]
68
[[19], [18, 19], [18], [19]]
45
[[19], [18, 19], [19]]
76
[[19], [18, 19], [19], [19]]
48
[[19], [18, 19], [8]]
49
[[19], [18, 19], [11]]
47
[[19], [18, 19], [10]]
44
[[19], [18, 19], [13]]
44
[[19], [19]]
140
[[19], [19], [3]]
71
[[19], [19], [3], [19]]
46
[[19], [19], [4]]
66
[[19], [19], [4], [19]]
47
[[19], [19], [5]]
67
[[19], [19], [6]]
71
[[19], [19], [6], [19]]
54
[[19], [19], [6], [18]]
45
[[19], [19], [6], [16]]
44
[[19], [19], [8]]
77
[[19], [19], [8], [19]]
52
[[19], [19], [8], [16]]
43
[[19], [19], [9]]
66
[[19], [19], [9], [19]]
51
[[19], [19], [9], [18]]
43
[[19], [19], [11]]
78
[[19], [19], [11], [18]]
46
[[19], [19], [11], [19]]
51
[[19], [19], [11], [16]]
46
[[19], [19], [12]]
69
[[19], [19], [13]]
74
[[19], [19], [13], [19]]
52
[[19], [19], [13], [16]]
45
[[19], [19], [13], [18]]
45
[[19], [19], [14]]
84
[[19], [19], [14], [18]]
46
[[19], [19], [14], [19]]
58
[[19], [19], [14], [16]]
48
[[19], [19], [15]]
91
[[19], [19], [15], [19]]
54
[[19], [19], [15], [18]]
44
[[19], [19], [15], [16]]
48
[[19], [19], [16]]
108
[[19], [19], [16], [15]]
51
[[19], [19], [16], [18]]
57
[[19], [19], [16], [19]]
68
[[19], [19], [16], [17]]
49
[[19], [19], [16], [16]]
54
[[19], [19], [16], [11]]
46
[[19], [19], [16], [7]]
47
[[19], [19], [16], [12]]
44
[[19], [19], [16], [14]]
45
[[19], [19], [16, 19]]
45
[[19], [19], [17]]
96
[[19], [19], [17], [18]]
60
[[19], [19], [17], [19]]
67
[[19], [19], [17], [19], [19]]
43
[[19], [19], [17], [16]]
55
[[19], [19], [17], [17]]
50
[[19], [19], [17], [15]]
49
[[19], [19], [17], [14]]
43
[[19], [19], [17, 19]]
50
[[19], [19], [18]]
115
[[19], [19], [18], [8]]
50
[[19], [19], [18], [14]]
52
[[19], [19], [18], [15]]
60
[[19], [19], [18], [16]]
73
[[19], [19], [18], [18]]
70
[[19], [19], [18], [18], [19]]
47
[[19], [19], [18], [18, 19]]
43
[[19], [19], [18], [19]]
85
[[19], [19], [18], [19], [19]]
52
[[19], [19], [18], [19], [18]]
45
[[19], [19], [18], [19], [16]]
45
[[19], [19], [18], [17]]
67
[[19], [19], [18], [11]]
48
[[19], [19], [18], [7]]
45
[[19], [19], [18], [3]]
44
[[19], [19], [18], [6]]
44
[[19], [19], [18], [12]]
43
[[19], [19], [18], [13]]
43
[[19], [19], [18, 19]]
74
[[19], [19], [18, 19], [18]]
48
[[19], [19], [18, 19], [19]]
58
[[19], [19], [18, 19], [16]]
45
[[19], [19], [19]]
116
[[19], [19], [19], [8]]
52
[[19], [19], [19], [15]]
68
[[19], [19], [19], [16]]
75
[[19], [19], [19], [16], [19]]
48
[[19], [19], [19], [18]]
81
[[19], [19], [19], [18], [19]]
60
[[19], [19], [19], [18], [18]]
47
[[19], [19], [19], [18], [16]]
48
[[19], [19], [19], [18], [17]]
43
[[19], [19], [19], [18, 19]]
52
[[19], [19], [19], [19]]
89
[[19], [19], [19], [19], [18]]
53
[[19], [19], [19], [19], [19]]
65
[[19], [19], [19], [19], [17]]
44
[[19], [19], [19], [19], [16]]
51
[[19], [19], [19], [19], [15]]
44
[[19], [19], [19], [14]]
62
[[19], [19], [19], [17]]
69
[[19], [19], [19], [17], [19]]
45
[[19], [19], [19], [11]]
55
[[19], [19], [19], [3]]
50
[[19], [19], [19], [10]]
53
[[19], [19], [19], [6]]
48
[[19], [19], [19], [12]]
52
[[19], [19], [19], [13]]
51
[[19], [19], [19], [7]]
48
[[19], [19], [19], [9]]
44
[[19], [19], [19], [1]]
43
[[19], [19], [19], [4]]
43
[[19], [19], [7]]
74
[[19], [19], [7], [19]]
48
[[19], [19], [10]]
71
[[19], [19], [10], [19]]
49
[[19], [19], [0]]
56
[[19], [19], [2]]
56
[[19], [19], [1]]
68
[[19], [1]]
85
[[19], [1], [19]]
59
[[19], [1], [18]]
54
[[19], [1], [16]]
48
[[19], [1], [17]]
46
[[19], [1], [15]]
45
[[18]]
150
[[18], [3]]
71
[[18], [3], [19]]
49
[[18], [3], [16]]
43
[[18], [5]]
77
[[18], [5], [18]]
52
[[18], [5], [19]]
49
[[18], [5], [16]]
46
[[18], [6]]
74
[[18], [6], [19]]
60
[[18], [6], [18]]
50
[[18], [6], [16]]
48
[[18], [8]]
83
[[18], [8], [19]]
59
[[18], [8], [18]]
47
[[18], [8], [16]]
52
[[18], [8], [15]]
43
[[18], [8], [17]]
43
[[18], [9]]
77
[[18], [9], [18]]
57
[[18], [9], [19]]
61
[[18], [9], [19], [19]]
48
[[18], [9], [17]]
48
[[18], [9], [16]]
53
[[18], [10]]
84
[[18], [10], [18]]
58
[[18], [10], [19]]
63
[[18], [10], [19], [19]]
47
[[18], [10], [17]]
51
[[18], [10], [16]]
52
[[18], [10], [15]]
43
[[18], [11]]
86
[[18], [11], [18]]
52
[[18], [11], [19]]
58
[[18], [11], [17]]
46
[[18], [11], [16]]
48
[[18], [11], [15]]
43
[[18], [12]]
83
[[18], [12], [19]]
54
[[18], [12], [18]]
46
[[18], [12], [16]]
45
[[18], [13]]
82
[[18], [13], [18]]
58
[[18], [13], [18], [19]]
45
[[18], [13], [19]]
60
[[18], [13], [19], [19]]
47
[[18], [13], [15]]
47
[[18], [13], [16]]
51
[[18], [13], [7]]
44
[[18], [13], [13]]
44
[[18], [13], [17]]
43
[[18], [14]]
89
[[18], [14], [16]]
58
[[18], [14], [18]]
59
[[18], [14], [19]]
64
[[18], [14], [19], [19]]
45
[[18], [14], [17]]
48
[[18], [14], [1]]
43
[[18], [14], [10]]
43
[[18], [14], [14]]
43
[[18], [14], [15]]
44
[[18], [15]]
93
[[18], [15], [18]]
56
[[18], [15], [19]]
65
[[18], [15], [16]]
57
[[18], [15], [15]]
52
[[18], [15], [7]]
45
[[18], [15], [8]]
44
[[18], [15], [17]]
45
[[18], [15], [14]]
43
[[18], [16]]
118
[[18], [16], [8]]
57
[[18], [16], [12]]
50
[[18], [16], [15]]
58
[[18], [16], [16]]
70
[[18], [16], [16], [19]]
44
[[18], [16], [18]]
79
[[18], [16], [18], [18]]
52
[[18], [16], [18], [19]]
55
[[18], [16], [18, 19]]
56
[[18], [16], [19]]
84
[[18], [16], [19], [18]]
54
[[18], [16], [19], [19]]
61
[[18], [16], [14]]
59
[[18], [16], [17]]
64
[[18], [16], [10]]
51
[[18], [16], [1]]
50
[[18], [16], [7]]
57
[[18], [16], [11]]
51
[[18], [16], [3]]
49
[[18], [16], [5]]
48
[[18], [16], [9]]
44
[[18], [16], [13]]
45
[[18], [16, 19]]
58
[[18], [16, 18]]
45
[[18], [17]]
105
[[18], [17], [18]]
73
[[18], [17], [18], [19]]
53
[[18], [17], [18], [18]]
46
[[18], [17], [18], [16]]
45
[[18], [17], [18, 19]]
46
[[18], [17], [15]]
56
[[18], [17], [16]]
69
[[18], [17], [17]]
61
[[18], [17], [19]]
78
[[18], [17], [19], [18]]
49
[[18], [17], [19], [19]]
54
[[18], [17], [19], [16]]
45
[[18], [17], [7]]
56
[[18], [17], [8]]
49
[[18], [17], [14]]
54
[[18], [17], [10]]
47
[[18], [17], [11]]
47
[[18], [17], [1]]
44
[[18], [17], [6]]
43
[[18], [17], [12]]
45
[[18], [17, 19]]
55
[[18], [18]]
124
[[18], [18], [8]]
65
[[18], [18], [9]]
49
[[18], [18], [11]]
55
[[18], [18], [14]]
66
[[18], [18], [14], [19]]
47
[[18], [18], [15]]
73
[[18], [18], [15], [19]]
43
[[18], [18], [16]]
84
[[18], [18], [16], [19]]
51
[[18], [18], [18]]
89
[[18], [18], [18], [18]]
54
[[18], [18], [18], [19]]
64
[[18], [18], [18], [17]]
49
[[18], [18], [18], [16]]
51
[[18], [18], [18, 19]]
55
[[18], [18], [19]]
101
[[18], [18], [19], [18]]
62
[[18], [18], [19], [19]]
64
[[18], [18], [19], [17]]
52
[[18], [18], [19], [15]]
51
[[18], [18], [19], [16]]
56
[[18], [18], [19], [8]]
44
[[18], [18], [19], [7]]
44
[[18], [18], [19], [13]]
43
[[18], [18], [19], [14]]
44
[[18], [18], [3]]
57
[[18], [18], [17]]
74
[[18], [18], [17], [19]]
47
[[18], [18], [17], [17]]
44
[[18], [18], [5]]
58
[[18], [18], [6]]
54
[[18], [18], [13]]
55
[[18], [18], [7]]
63
[[18], [18], [10]]
54
[[18], [18], [12]]
57
[[18], [18], [0]]
46
[[18], [18], [1]]
50
[[18], [18], [4]]
44
[[18], [18, 19]]
89
[[18], [18, 19], [8]]
49
[[18], [18, 19], [16]]
55
[[18], [18, 19], [18]]
61
[[18], [18, 19], [19]]
68
[[18], [18, 19], [19], [19]]
45
[[18], [18, 19], [14]]
46
[[18], [18, 19], [17]]
50
[[18], [18, 19], [15]]
46
[[18], [19]]
127
[[18], [19], [6]]
59
[[18], [19], [8]]
68
[[18], [19], [8], [19]]
44
[[18], [19], [9]]
54
[[18], [19], [11]]
64
[[18], [19], [13]]
61
[[18], [19], [14]]
72
[[18], [19], [14], [19]]
48
[[18], [19], [15]]
77
[[18], [19], [15], [19]]
48
[[18], [19], [16]]
91
[[18], [19], [16], [19]]
58
[[18], [19], [16], [18]]
46
[[18], [19], [16], [16]]
45
[[18], [19], [17]]
79
[[18], [19], [17], [19]]
53
[[18], [19], [17], [18]]
46
[[18], [19], [17], [16]]
43
[[18], [19], [17], [17]]
43
[[18], [19], [18]]
100
[[18], [19], [18], [16]]
58
[[18], [19], [18], [18]]
61
[[18], [19], [18], [18], [19]]
44
[[18], [19], [18], [19]]
73
[[18], [19], [18], [19], [19]]
45
[[18], [19], [18], [15]]
49
[[18], [19], [18], [8]]
45
[[18], [19], [18], [17]]
54
[[18], [19], [18, 19]]
66
[[18], [19], [18, 19], [19]]
50
[[18], [19], [19]]
102
[[18], [19], [19], [16]]
62
[[18], [19], [19], [18]]
67
[[18], [19], [19], [18], [19]]
47
[[18], [19], [19], [18, 19]]
44
[[18], [19], [19], [19]]
77
[[18], [19], [19], [19], [19]]
49
[[18], [19], [19], [19], [18]]
44
[[18], [19], [19], [15]]
53
[[18], [19], [19], [17]]
57
[[18], [19], [19], [14]]
48
[[18], [19], [19], [7]]
43
[[18], [19], [3]]
61
[[18], [19], [5]]
60
[[18], [19], [10]]
65
[[18], [19], [10], [19]]
48
[[18], [19], [7]]
68
[[18], [19], [4]]
53
[[18], [19], [0]]
50
[[18], [19], [2]]
50
[[18], [19], [1]]
60
[[18], [19], [12]]
59
[[18], [1]]
76
[[18], [1], [19]]
53
[[18], [1], [18]]
46
[[18], [1], [17]]
43
[[18], [4]]
72
[[18], [4], [19]]
48
[[18], [0]]
71
[[18], [0], [18]]
45
[[18], [0], [19]]
50
[[18], [2]]
63
[[18], [2], [19]]
52
[[18], [7]]
88
[[18], [7], [18]]
49
[[18], [7], [19]]
56
[[18], [7], [15]]
48
[[18], [7], [16]]
45
[[18, 19]]
117
[[18, 19], [8]]
67
[[18, 19], [8], [19]]
47
[[18, 19], [9]]
55
[[18, 19], [11]]
60
[[18, 19], [12]]
58
[[18, 19], [14]]
66
[[18, 19], [14], [19]]
44
[[18, 19], [15]]
69
[[18, 19], [15], [19]]
46
[[18, 19], [16]]
89
[[18, 19], [16], [18]]
53
[[18, 19], [16], [19]]
57
[[18, 19], [17]]
78
[[18, 19], [17], [16]]
50
[[18, 19], [17], [18]]
54
[[18, 19], [17], [19]]
55
[[18, 19], [17], [17]]
47
[[18, 19], [17, 19]]
44
[[18, 19], [18]]
96
[[18, 19], [18], [15]]
53
[[18, 19], [18], [16]]
58
[[18, 19], [18], [18]]
65
[[18, 19], [18], [19]]
69
[[18, 19], [18], [8]]
44
[[18, 19], [18], [17]]
51
[[18, 19], [18, 19]]
62
[[18, 19], [18, 19], [19]]
43
[[18, 19], [19]]
100
[[18, 19], [19], [18]]
75
[[18, 19], [19], [18], [19]]
47
[[18, 19], [19], [18, 19]]
44
[[18, 19], [19], [19]]
76
[[18, 19], [19], [19], [19]]
47
[[18, 19], [19], [14]]
51
[[18, 19], [19], [15]]
56
[[18, 19], [19], [16]]
63
[[18, 19], [19], [17]]
55
[[18, 19], [19], [7]]
47
[[18, 19], [19], [3]]
44
[[18, 19], [19], [13]]
43
[[18, 19], [6]]
56
[[18, 19], [0]]
53
[[18, 19], [4]]
50
[[18, 19], [5]]
59
[[18, 19], [13]]
58
[[18, 19], [7]]
62
[[18, 19], [10]]
62
[[18, 19], [10], [19]]
43
[[18, 19], [1]]
53
[[18, 19], [3]]
56
[[18, 19], [2]]
49
[[16]]
145
[[16], [0]]
61
[[16], [0], [19]]
43
[[16], [3]]
72
[[16], [3], [19]]
49
[[16], [4]]
58
[[16], [5]]
68
[[16], [5], [19]]
43
[[16], [6]]
65
[[16], [6], [19]]
50
[[16], [8]]
80
[[16], [8], [19]]
55
[[16], [8], [16]]
46
[[16], [9]]
69
[[16], [9], [19]]
57
[[16], [9], [18]]
47
[[16], [9], [16]]
45
[[16], [10]]
71
[[16], [10], [19]]
51
[[16], [10], [18]]
45
[[16], [11]]
77
[[16], [11], [18]]
46
[[16], [11], [19]]
49
[[16], [11], [16]]
46
[[16], [12]]
74
[[16], [12], [19]]
45
[[16], [13]]
71
[[16], [13], [19]]
52
[[16], [13], [18]]
44
[[16], [14]]
86
[[16], [14], [19]]
63
[[16], [14], [18]]
53
[[16], [14], [16]]
47
[[16], [15]]
80
[[16], [15], [19]]
50
[[16], [15], [18]]
45
[[16], [15], [16]]
43
[[16], [16]]
105
[[16], [16], [18]]
65
[[16], [16], [18], [19]]
48
[[16], [16], [18], [18]]
43
[[16], [16], [18, 19]]
44
[[16], [16], [19]]
74
[[16], [16], [19], [19]]
48
[[16], [16], [19], [18]]
44
[[16], [16], [15]]
52
[[16], [16], [16]]
59
[[16], [16], [8]]
50
[[16], [16], [17]]
56
[[16], [16], [11]]
50
[[16], [16], [14]]
49
[[16], [16], [7]]
50
[[16], [16], [12]]
46
[[16], [16], [10]]
46
[[16], [16], [5]]
44
[[16], [16], [13]]
43
[[16], [16, 19]]
46
[[16], [17]]
96
[[16], [17], [18]]
65
[[16], [17], [18], [19]]
43
[[16], [17], [16]]
53
[[16], [17], [17]]
50
[[16], [17], [19]]
73
[[16], [17], [19], [18]]
46
[[16], [17], [19], [19]]
47
[[16], [17], [14]]
49
[[16], [17], [11]]
47
[[16], [17], [15]]
45
[[16], [17], [7]]
44
[[16], [17], [10]]
43
[[16], [17, 19]]
45
[[16], [18]]
105
[[16], [18], [16]]
69
[[16], [18], [17]]
60
[[16], [18], [18]]
80
[[16], [18], [18], [19]]
53
[[16], [18], [18], [18]]
44
[[16], [18], [18, 19]]
47
[[16], [18], [19]]
87
[[16], [18], [19], [19]]
50
[[16], [18], [19], [18]]
51
[[16], [18], [19], [16]]
43
[[16], [18], [15]]
54
[[16], [18], [14]]
55
[[16], [18], [5]]
48
[[16], [18], [11]]
48
[[16], [18], [8]]
50
[[16], [18], [12]]
48
[[16], [18], [10]]
45
[[16], [18], [7]]
52
[[16], [18], [0]]
44
[[16], [18], [1]]
43
[[16], [18], [3]]
44
[[16], [18], [6]]
43
[[16], [18, 19]]
77
[[16], [18, 19], [18]]
58
[[16], [18, 19], [19]]
61
[[16], [18, 19], [16]]
44
[[16], [19]]
116
[[16], [19], [4]]
47
[[16], [19], [8]]
57
[[16], [19], [11]]
58
[[16], [19], [15]]
64
[[16], [19], [16]]
74
[[16], [19], [16], [19]]
48
[[16], [19], [18]]
85
[[16], [19], [18], [18]]
51
[[16], [19], [18], [19]]
62
[[16], [19], [18], [17]]
43
[[16], [19], [18], [16]]
47
[[16], [19], [18, 19]]
59
[[16], [19], [18, 19], [19]]
44
[[16], [19], [19]]
92
[[16], [19], [19], [18]]
57
[[16], [19], [19], [17]]
51
[[16], [19], [19], [14]]
49
[[16], [19], [19], [19]]
69
[[16], [19], [19], [15]]
49
[[16], [19], [19], [8]]
47
[[16], [19], [19], [16]]
53
[[16], [19], [3]]
50
[[16], [19], [14]]
65
[[16], [19], [17]]
71
[[16], [19], [17], [19]]
50
[[16], [19], [17], [18]]
44
[[16], [19], [13]]
52
[[16], [19], [5]]
50
[[16], [19], [10]]
55
[[16], [19], [9]]
48
[[16], [19], [6]]
46
[[16], [19], [7]]
54
[[16], [19], [0]]
46
[[16], [19], [12]]
52
[[16], [19], [1]]
51
[[16], [1]]
70
[[16], [1], [19]]
44
[[16], [7]]
79
[[16], [7], [19]]
53
[[16], [7], [18]]
43
[[16], [2]]
57
[[16, 18]]
60
[[16, 19]]
79
[[16, 19], [16]]
62
[[16, 19], [16], [19]]
43
[[16, 19], [18]]
59
[[16, 19], [18], [18]]
47
[[16, 19], [18], [19]]
46
[[16, 19], [18, 19]]
45
[[16, 19], [19]]
65
[[16, 19], [19], [18]]
49
[[16, 19], [19], [19]]
49
[[16, 19], [17]]
55
[[16, 19], [8]]
47
[[16, 19], [15]]
43
[[16, 19], [12]]
45
[[16, 19], [3]]
43
[[16, 19], [14]]
44
[[16, 17]]
48
[[13]]
105
[[13], [8]]
60
[[13], [8], [19]]
49
[[13], [15]]
66
[[13], [16]]
72
[[13], [16], [19]]
52
[[13], [16], [16]]
44
[[13], [16], [18]]
43
[[13], [18]]
80
[[13], [18], [18]]
61
[[13], [18], [19]]
68
[[13], [18], [19], [18]]
45
[[13], [18], [19], [19]]
44
[[13], [18], [16]]
56
[[13], [18], [17]]
44
[[13], [18], [13]]
43
[[13], [18], [15]]
45
[[13], [18, 19]]
62
[[13], [18, 19], [19]]
50
[[13], [18, 19], [18]]
44
[[13], [19]]
86
[[13], [19], [18]]
66
[[13], [19], [18], [19]]
45
[[13], [19], [18, 19]]
44
[[13], [19], [19]]
69
[[13], [19], [19], [19]]
47
[[13], [19], [19], [18]]
45
[[13], [19], [14]]
46
[[13], [19], [16]]
52
[[13], [19], [17]]
45
[[13], [19], [15]]
46
[[13], [19], [13]]
46
[[13], [14]]
59
[[13], [14], [19]]
43
[[13], [17]]
59
[[13], [17], [19]]
49
[[13], [17], [18]]
44
[[13], [13]]
63
[[13], [13], [19]]
46
[[13], [3]]
51
[[13], [9]]
48
[[13], [11]]
58
[[13], [10]]
53
[[13], [7]]
58
[[13], [12]]
56
[[13], [1]]
50
[[13], [0]]
45
[[13], [4]]
45
[[13], [5]]
48
[[13], [6]]
44
[[4]]
92
[[4], [15]]
57
[[4], [16]]
62
[[4], [16], [19]]
45
[[4], [17]]
58
[[4], [17], [19]]
43
[[4], [18]]
67
[[4], [18], [18]]
47
[[4], [18], [17]]
46
[[4], [18], [19]]
51
[[4], [18], [16]]
45
[[4], [18, 19]]
45
[[4], [19]]
71
[[4], [19], [18]]
49
[[4], [19], [17]]
49
[[4], [19], [19]]
56
[[4], [19], [16]]
48
[[4], [19], [15]]
44
[[4], [8]]
49
[[4], [14]]
51
[[4], [10]]
48
[[4], [11]]
49
[[4], [7]]
45
[[4], [12]]
44
[[4], [4]]
44
[[17]]
136
[[17], [2]]
60
[[17], [2], [19]]
46
[[17], [3]]
72
[[17], [3], [19]]
48
[[17], [3], [16]]
45
[[17], [3], [18]]
43
[[17], [5]]
74
[[17], [5], [18]]
50
[[17], [5], [19]]
52
[[17], [5], [16]]
48
[[17], [6]]
73
[[17], [6], [18]]
48
[[17], [6], [19]]
58
[[17], [6], [16]]
49
[[17], [8]]
78
[[17], [8], [16]]
50
[[17], [8], [18]]
47
[[17], [8], [19]]
54
[[17], [8], [17]]
43
[[17], [9]]
66
[[17], [9], [19]]
51
[[17], [9], [18]]
43
[[17], [9], [16]]
44
[[17], [10]]
73
[[17], [10], [19]]
55
[[17], [10], [18]]
50
[[17], [10], [16]]
46
[[17], [10], [17]]
43
[[17], [11]]
81
[[17], [11], [18]]
54
[[17], [11], [19]]
54
[[17], [11], [16]]
48
[[17], [11], [17]]
43
[[17], [12]]
77
[[17], [12], [19]]
46
[[17], [14]]
83
[[17], [14], [16]]
46
[[17], [14], [17]]
45
[[17], [14], [18]]
54
[[17], [14], [19]]
55
[[17], [15]]
87
[[17], [15], [16]]
55
[[17], [15], [18]]
53
[[17], [15], [19]]
59
[[17], [15], [15]]
48
[[17], [15], [17]]
45
[[17], [15], [7]]
44
[[17], [16]]
109
[[17], [16], [16]]
67
[[17], [16], [18]]
71
[[17], [16], [18], [18]]
45
[[17], [16], [18], [19]]
46
[[17], [16], [18, 19]]
44
[[17], [16], [19]]
77
[[17], [16], [19], [19]]
51
[[17], [16], [19], [18]]
47
[[17], [16], [15]]
51
[[17], [16], [17]]
56
[[17], [16], [7]]
54
[[17], [16], [8]]
49
[[17], [16], [11]]
47
[[17], [16], [14]]
51
[[17], [16], [3]]
48
[[17], [16], [12]]
47
[[17], [16], [10]]
44
[[17], [16, 19]]
55
[[17], [17]]
95
[[17], [17], [16]]
59
[[17], [17], [18]]
66
[[17], [17], [18], [19]]
47
[[17], [17], [15]]
55
[[17], [17], [19]]
70
[[17], [17], [19], [18]]
48
[[17], [17], [19], [15]]
43
[[17], [17], [19], [19]]
45
[[17], [17], [17]]
54
[[17], [17], [7]]
45
[[17], [17], [14]]
45
[[17], [17, 19]]
49
[[17], [18]]
110
[[17], [18], [8]]
53
[[17], [18], [11]]
49
[[17], [18], [12]]
51
[[17], [18], [14]]
58
[[17], [18], [16]]
79
[[17], [18], [16], [18]]
44
[[17], [18], [16], [19]]
47
[[17], [18], [18]]
78
[[17], [18], [18], [18]]
48
[[17], [18], [18], [19]]
51
[[17], [18], [18, 19]]
47
[[17], [18], [19]]
91
[[17], [18], [19], [18]]
57
[[17], [18], [19], [19]]
52
[[17], [18], [19], [17]]
47
[[17], [18], [19], [15]]
44
[[17], [18], [19], [16]]
48
[[17], [18], [6]]
51
[[17], [18], [15]]
58
[[17], [18], [17]]
65
[[17], [18], [5]]
50
[[17], [18], [7]]
54
[[17], [18], [10]]
50
[[17], [18], [3]]
51
[[17], [18], [9]]
46
[[17], [18], [13]]
43
[[17], [18, 19]]
77
[[17], [18, 19], [16]]
51
[[17], [18, 19], [18]]
60
[[17], [18, 19], [19]]
59
[[17], [19]]
116
[[17], [19], [9]]
48
[[17], [19], [11]]
63
[[17], [19], [15]]
68
[[17], [19], [16]]
86
[[17], [19], [16], [18]]
51
[[17], [19], [16], [19]]
54
[[17], [19], [16], [16]]
44
[[17], [19], [18]]
88
[[17], [19], [18], [16]]
56
[[17], [19], [18], [18]]
52
[[17], [19], [18], [19]]
67
[[17], [19], [18], [17]]
46
[[17], [19], [18], [15]]
43
[[17], [19], [18], [14]]
44
[[17], [19], [18, 19]]
57
[[17], [19], [18, 19], [19]]
44
[[17], [19], [19]]
95
[[17], [19], [19], [16]]
61
[[17], [19], [19], [18]]
65
[[17], [19], [19], [18], [19]]
43
[[17], [19], [19], [19]]
67
[[17], [19], [19], [19], [18]]
43
[[17], [19], [19], [19], [19]]
44
[[17], [19], [19], [15]]
50
[[17], [19], [19], [11]]
45
[[17], [19], [19], [17]]
51
[[17], [19], [19], [14]]
48
[[17], [19], [19], [10]]
43
[[17], [19], [3]]
59
[[17], [19], [8]]
59
[[17], [19], [14]]
67
[[17], [19], [5]]
54
[[17], [19], [6]]
54
[[17], [19], [10]]
63
[[17], [19], [12]]
57
[[17], [19], [17]]
71
[[17], [19], [17], [18]]
44
[[17], [19], [17], [19]]
47
[[17], [19], [4]]
51
[[17], [19], [7]]
55
[[17], [19], [13]]
53
[[17], [19], [1]]
48
[[17], [4]]
60
[[17], [13]]
72
[[17], [13], [19]]
52
[[17], [13], [18]]
46
[[17], [7]]
81
[[17], [7], [18]]
46
[[17], [7], [19]]
52
[[17], [7], [16]]
43
[[17], [7], [15]]
43
[[17], [1]]
67
[[17], [0]]
55
[[17, 19]]
80
[[17, 19], [18]]
59
[[17, 19], [18], [19]]
43
[[17, 19], [19]]
64
[[17, 19], [19], [18]]
48
[[17, 19], [19], [19]]
46
[[17, 19], [19], [16]]
45
[[17, 19], [17]]
56
[[17, 19], [15]]
52
[[17, 19], [16]]
55
[[17, 19], [3]]
43
[[17, 18]]
54
[[17, 18], [19]]
43
[[5]]
113
[[5], [3]]
53
[[5], [5]]
48
[[5], [6]]
46
[[5], [8]]
58
[[5], [9]]
55
[[5], [10]]
51
[[5], [11]]
57
[[5], [13]]
49
[[5], [14]]
56
[[5], [15]]
69
[[5], [15], [19]]
45
[[5], [16]]
76
[[5], [16], [19]]
57
[[5], [16], [18]]
45
[[5], [17]]
72
[[5], [17], [18]]
52
[[5], [17], [19]]
58
[[5], [17], [16]]
45
[[5], [18]]
81
[[5], [18], [15]]
45
[[5], [18], [16]]
49
[[5], [18], [17]]
46
[[5], [18], [18]]
57
[[5], [18], [18], [19]]
45
[[5], [18], [19]]
65
[[5], [18], [19], [19]]
45
[[5], [18, 19]]
54
[[5], [18, 19], [19]]
47
[[5], [19]]
83
[[5], [19], [15]]
51
[[5], [19], [16]]
53
[[5], [19], [17]]
48
[[5], [19], [18]]
62
[[5], [19], [18], [19]]
52
[[5], [19], [18], [18]]
44
[[5], [19], [18, 19]]
44
[[5], [19], [19]]
67
[[5], [19], [19], [18]]
47
[[5], [19], [19], [19]]
51
[[5], [19], [14]]
45
[[5], [12]]
56
[[5], [4]]
50
[[5], [7]]
57
[[5], [1]]
48
[[5], [0]]
43
[[12]]
118
[[12], [5]]
58
[[12], [8]]
55
[[12], [11]]
60
[[12], [14]]
59
[[12], [14], [19]]
43
[[12], [16]]
78
[[12], [16], [19]]
50
[[12], [16], [18]]
43
[[12], [17]]
64
[[12], [17], [19]]
46
[[12], [18]]
78
[[12], [18], [18]]
55
[[12], [18], [19]]
62
[[12], [18], [16]]
50
[[12], [18], [15]]
45
[[12], [18], [17]]
43
[[12], [18, 19]]
58
[[12], [18, 19], [19]]
43
[[12], [19]]
88
[[12], [19], [18]]
61
[[12], [19], [18], [19]]
43
[[12], [19], [19]]
66
[[12], [19], [19], [19]]
48
[[12], [19], [17]]
52
[[12], [19], [15]]
50
[[12], [19], [16]]
55
[[12], [19], [10]]
43
[[12], [19], [11]]
44
[[12], [19], [13]]
43
[[12], [19], [14]]
43
[[12], [15]]
61
[[12], [10]]
52
[[12], [12]]
54
[[12], [7]]
58
[[12], [9]]
52
[[12], [1]]
53
[[12], [6]]
49
[[12], [4]]
46
[[12], [13]]
48
[[12], [3]]
47
[[12], [0]]
43
[[6]]
98
[[6], [5]]
52
[[6], [8]]
54
[[6], [9]]
46
[[6], [12]]
55
[[6], [15]]
61
[[6], [15], [19]]
43
[[6], [16]]
72
[[6], [16], [19]]
52
[[6], [16], [18]]
43
[[6], [17]]
60
[[6], [17], [19]]
45
[[6], [18]]
75
[[6], [18], [16]]
51
[[6], [18], [18]]
53
[[6], [18], [19]]
62
[[6], [18], [17]]
45
[[6], [18], [15]]
44
[[6], [18, 19]]
57
[[6], [19]]
84
[[6], [19], [16]]
57
[[6], [19], [18]]
56
[[6], [19], [18, 19]]
44
[[6], [19], [19]]
64
[[6], [19], [19], [19]]
48
[[6], [19], [19], [16]]
44
[[6], [19], [17]]
46
[[6], [19], [11]]
44
[[6], [19], [15]]
49
[[6], [19], [12]]
44
[[6], [3]]
49
[[6], [11]]
55
[[6], [14]]
50
[[6], [7]]
52
[[6], [10]]
46
[[6], [6]]
44
[[6], [13]]
45
[[9]]
102
[[9], [11]]
57
[[9], [16]]
74
[[9], [16], [19]]
54
[[9], [16], [18]]
45
[[9], [18]]
82
[[9], [18], [18]]
58
[[9], [18], [14]]
48
[[9], [18], [16]]
53
[[9], [18], [19]]
65
[[9], [18], [19], [19]]
44
[[9], [18], [17]]
52
[[9], [18, 19]]
62
[[9], [18, 19], [18]]
46
[[9], [18, 19], [19]]
50
[[9], [19]]
85
[[9], [19], [18]]
67
[[9], [19], [18], [19]]
44
[[9], [19], [19]]
73
[[9], [19], [19], [19]]
53
[[9], [19], [19], [16]]
45
[[9], [19], [19], [18]]
43
[[9], [19], [17]]
55
[[9], [19], [14]]
55
[[9], [19], [15]]
47
[[9], [19], [16]]
60
[[9], [19], [11]]
46
[[9], [19], [7]]
45
[[9], [3]]
53
[[9], [8]]
55
[[9], [8], [19]]
44
[[9], [14]]
64
[[9], [14], [19]]
51
[[9], [14], [18]]
44
[[9], [15]]
61
[[9], [17]]
71
[[9], [17], [19]]
50
[[9], [17], [18]]
44
[[9], [9]]
52
[[9], [13]]
49
[[9], [6]]
51
[[9], [4]]
48
[[9], [7]]
52
[[9], [12]]
52
[[9], [1]]
52
[[9], [10]]
49
[[9], [0]]
44
[[9], [5]]
45
[[2]]
84
[[2], [16]]
61
[[2], [16], [19]]
43
[[2], [17]]
59
[[2], [18]]
60
[[2], [18], [19]]
46
[[2], [18], [18]]
43
[[2], [18, 19]]
44
[[2], [19]]
72
[[2], [19], [18]]
50
[[2], [19], [19]]
45
[[2], [19], [16]]
43
[[2], [15]]
56
[[2], [11]]
48
[[2], [7]]
43
[[2], [12]]
47
[[2], [8]]
45
[[2], [6]]
43
[[2], [14]]
45
[[8]]
114
[[8], [8]]
53
[[8], [16]]
83
[[8], [16], [19]]
53
[[8], [16], [17]]
45
[[8], [16], [18]]
48
[[8], [17]]
72
[[8], [17], [19]]
52
[[8], [17], [18]]
47
[[8], [18]]
80
[[8], [18], [16]]
53
[[8], [18], [18]]
58
[[8], [18], [19]]
64
[[8], [18], [17]]
49
[[8], [18, 19]]
56
[[8], [18, 19], [19]]
43
[[8], [19]]
92
[[8], [19], [16]]
63
[[8], [19], [18]]
65
[[8], [19], [18], [19]]
44
[[8], [19], [19]]
62
[[8], [19], [19], [19]]
50
[[8], [19], [17]]
51
[[8], [19], [15]]
48
[[8], [19], [14]]
45
[[8], [5]]
57
[[8], [9]]
54
[[8], [14]]
62
[[8], [14], [19]]
45
[[8], [15]]
67
[[8], [13]]
45
[[8], [3]]
49
[[8], [7]]
57
[[8], [11]]
59
[[8], [12]]
53
[[8], [10]]
48
[[8], [2]]
46
[[8], [6]]
48
[[8], [0]]
43
[[8], [1]]
44
[[0]]
96
[[0], [18]]
72
[[0], [18], [18]]
49
[[0], [18], [19]]
57
[[0], [18], [17]]
47
[[0], [18], [16]]
46
[[0], [18, 19]]
56
[[0], [18, 19], [19]]
45
[[0], [17]]
62
[[0], [17], [19]]
48
[[0], [16]]
66
[[0], [16], [19]]
46
[[0], [19]]
75
[[0], [19], [18]]
55
[[0], [19], [19]]
60
[[0], [19], [16]]
52
[[0], [19], [17]]
43
[[0], [19], [15]]
44
[[0], [11]]
56
[[0], [3]]
49
[[0], [7]]
57
[[0], [15]]
57
[[0], [14]]
54
[[0], [6]]
49
[[0], [10]]
49
[[0], [8]]
45
[[0], [2]]
45
[[0], [5]]
43
[[0], [12]]
46
[[0], [1]]
46
[[1]]
97
[[1], [18]]
66
[[1], [18], [18]]
47
[[1], [18], [19]]
52
[[1], [18, 19]]
50
[[1], [17]]
59
[[1], [19]]
73
[[1], [19], [18]]
49
[[1], [19], [19]]
52
[[1], [16]]
59
[[1], [15]]
52
[[1], [14]]
49
[[1], [12]]
48
[[1], [11]]
50
[[1], [7]]
49
[[1], [5]]
44
[[1], [10]]
47
[[1], [8]]
43
[[3]]
98
[[3], [8]]
49
[[3], [16]]
68
[[3], [18]]
67
[[3], [18], [18]]
47
[[3], [18], [19]]
48
[[3], [18], [16]]
43
[[3], [18, 19]]
52
[[3], [19]]
78
[[3], [19], [18]]
50
[[3], [19], [17]]
45
[[3], [19], [16]]
48
[[3], [19], [19]]
47
[[3], [15]]
52
[[3], [17]]
59
[[3], [11]]
54
[[3], [12]]
51
[[3], [7]]
48
[[3], [14]]
48
[[3], [10]]
44
[[3], [1]]
43
[[3], [13]]
43
