[[14]]
166
[[14], [10]]
81
[[14], [11]]
74
[[14], [14]]
90
[[14], [15]]
108
[[14], [15], [19]]
76
[[14], [18]]
120
[[14], [18], [18]]
80
[[14], [18], [19]]
88
[[14], [18], [17]]
71
[[14], [18, 19]]
92
[[14], [19]]
136
[[14], [19], [18]]
95
[[14], [19], [19]]
105
[[14], [19], [19], [19]]
76
[[14], [19], [17]]
84
[[14], [19], [16]]
79
[[14], [19], [15]]
73
[[14], [19], [13]]
68
[[14], [19], [14]]
69
[[14], [7]]
86
[[14], [12]]
92
[[14], [12], [19]]
71
[[14], [13]]
94
[[14], [13], [19]]
74
[[14], [16]]
107
[[14], [16], [19]]
74
[[14], [6]]
82
[[14], [8]]
81
[[14], [17]]
106
[[14], [17], [19]]
85
[[14], [17], [18]]
71
[[14], [17], [17]]
68
[[14], [5]]
70
[[14], [3]]
71
[[14], [2]]
71
[[14], [9]]
73
[[14], [4]]
70
[[12]]
155
[[12], [19]]
123
[[12], [19], [19]]
89
[[12], [19], [17]]
76
[[12], [19], [18]]
86
[[12], [19], [14]]
74
[[12], [19], [16]]
75
[[12], [14]]
100
[[12], [14], [19]]
69
[[12], [15]]
93
[[12], [15], [19]]
68
[[12], [18]]
111
[[12], [18], [19]]
82
[[12], [18], [18]]
76
[[12], [18, 19]]
79
[[12], [13]]
75
[[12], [17]]
99
[[12], [17], [19]]
71
[[12], [12]]
70
[[12], [16]]
94
[[12], [16], [19]]
68
[[12], [9]]
72
[[12], [7]]
72
[[12], [8]]
72
[[12], [11]]
68
[[12], [6]]
68
[[19]]
203
[[19], [0]]
90
[[19], [1]]
94
[[19], [1], [19]]
68
[[19], [2]]
93
[[19], [3]]
94
[[19], [4]]
98
[[19], [5]]
101
[[19], [5], [19]]
68
[[19], [6]]
109
[[19], [6], [19]]
82
[[19], [6], [18]]
68
[[19], [7]]
113
[[19], [7], [19]]
91
[[19], [7], [18]]
77
[[19], [8]]
112
[[19], [8], [19]]
80
[[19], [8], [18]]
75
[[19], [9]]
106
[[19], [9], [19]]
79
[[19], [10]]
116
[[19], [10], [19]]
82
[[19], [10], [18]]
71
[[19], [11]]
109
[[19], [11], [19]]
86
[[19], [11], [17]]
69
[[19], [11], [18]]
71
[[19], [12]]
121
[[19], [12], [19]]
94
[[19], [12], [18]]
80
[[19], [12], [17]]
69
[[19], [12], [14]]
69
[[19], [13]]
125
[[19], [13], [17]]
83
[[19], [13], [18]]
84
[[19], [13], [19]]
100
[[19], [13], [19], [19]]
68
[[19], [13], [14]]
68
[[19], [13], [15]]
70
[[19], [13], [16]]
69
[[19], [14]]
147
[[19], [14], [18]]
97
[[19], [14], [18, 19]]
72
[[19], [14], [19]]
113
[[19], [14], [19], [18]]
70
[[19], [14], [19], [19]]
73
[[19], [14], [13]]
75
[[19], [14], [17]]
82
[[19], [14], [12]]
71
[[19], [14], [15]]
87
[[19], [14], [14]]
69
[[19], [14], [16]]
86
[[19], [15]]
132
[[19], [15], [19]]
102
[[19], [15], [17]]
83
[[19], [15], [18]]
88
[[19], [15], [16]]
79
[[19], [15], [15]]
75
[[19], [15], [14]]
69
[[19], [16]]
147
[[19], [16], [19]]
107
[[19], [16], [19], [19]]
70
[[19], [16], [14]]
80
[[19], [16], [16]]
87
[[19], [16], [18]]
90
[[19], [16], [17]]
84
[[19], [16], [15]]
74
[[19], [16, 19]]
68
[[19], [17]]
144
[[19], [17], [13]]
79
[[19], [17], [17]]
101
[[19], [17], [19]]
118
[[19], [17], [19], [18]]
72
[[19], [17], [19], [19]]
75
[[19], [17], [19], [17]]
69
[[19], [17], [18]]
102
[[19], [17], [18], [19]]
72
[[19], [17], [18], [18]]
68
[[19], [17], [18, 19]]
70
[[19], [17], [15]]
89
[[19], [17], [14]]
89
[[19], [17], [12]]
70
[[19], [17], [16]]
84
[[19], [17, 19]]
82
[[19], [18]]
159
[[19], [18], [13]]
85
[[19], [18], [16]]
92
[[19], [18], [17]]
107
[[19], [18], [17], [19]]
84
[[19], [18], [18]]
118
[[19], [18], [18], [19]]
82
[[19], [18], [18], [18]]
73
[[19], [18], [18, 19]]
83
[[19], [18], [19]]
133
[[19], [18], [19], [18]]
88
[[19], [18], [19], [19]]
94
[[19], [18], [19], [17]]
76
[[19], [18], [19], [14]]
70
[[19], [18], [19], [16]]
70
[[19], [18], [12]]
86
[[19], [18], [14]]
98
[[19], [18], [15]]
91
[[19], [18], [9]]
73
[[19], [18], [6]]
75
[[19], [18], [8]]
73
[[19], [18], [10]]
81
[[19], [18], [7]]
80
[[19], [18], [11]]
68
[[19], [18], [4]]
69
[[19], [18], [5]]
68
[[19], [18, 19]]
121
[[19], [18, 19], [19]]
94
[[19], [18, 19], [18]]
83
[[19], [18, 19], [17]]
70
[[19], [19]]
182
[[19], [19], [7]]
93
[[19], [19], [7], [19]]
69
[[19], [19], [13]]
100
[[19], [19], [13], [19]]
75
[[19], [19], [14]]
110
[[19], [19], [14], [19]]
68
[[19], [19], [16]]
112
[[19], [19], [16], [19]]
74
[[19], [19], [17]]
120
[[19], [19], [17], [19]]
88
[[19], [19], [17], [17]]
75
[[19], [19], [17], [15]]
72
[[19], [19], [17], [18]]
73
[[19], [19], [18]]
133
[[19], [19], [18], [19]]
93
[[19], [19], [18], [18]]
83
[[19], [19], [18], [17]]
74
[[19], [19], [18, 19]]
95
[[19], [19], [19]]
147
[[19], [19], [19], [18]]
94
[[19], [19], [19], [19]]
114
[[19], [19], [19], [17]]
87
[[19], [19], [19], [15]]
79
[[19], [19], [19], [16]]
78
[[19], [19], [19], [14]]
76
[[19], [19], [19], [7]]
71
[[19], [19], [8]]
83
[[19], [19], [11]]
83
[[19], [19], [12]]
94
[[19], [19], [12], [19]]
71
[[19], [19], [15]]
104
[[19], [19], [9]]
82
[[19], [19], [5]]
82
[[19], [19], [10]]
89
[[19], [19], [6]]
83
[[19], [19], [4]]
76
[[19], [19], [2]]
71
[[19], [19], [3]]
70
[[16]]
174
[[16], [16]]
116
[[16], [16], [19]]
78
[[16], [18]]
118
[[16], [18], [18]]
84
[[16], [18], [19]]
83
[[16], [18, 19]]
86
[[16], [19]]
138
[[16], [19], [19]]
103
[[16], [19], [19], [19]]
69
[[16], [19], [18]]
90
[[16], [19], [14]]
73
[[16], [19], [16]]
78
[[16], [19], [17]]
77
[[16], [19], [15]]
72
[[16], [12]]
89
[[16], [14]]
102
[[16], [14], [19]]
68
[[16], [17]]
112
[[16], [17], [19]]
78
[[16], [13]]
84
[[16], [15]]
98
[[16], [5]]
79
[[16], [11]]
85
[[16], [6]]
81
[[16], [7]]
79
[[16], [9]]
78
[[16], [10]]
79
[[16], [8]]
75
[[16], [4]]
68
[[16, 19]]
88
[[16, 19], [19]]
73
[[5]]
126
[[5], [18]]
87
[[5], [19]]
95
[[5], [19], [19]]
70
[[5], [16]]
78
[[5], [17]]
77
[[5], [14]]
68
[[4]]
119
[[4], [18]]
80
[[4], [19]]
90
[[4], [19], [19]]
71
[[4], [14]]
75
[[4], [16]]
75
[[4], [15]]
72
[[4], [17]]
68
[[9]]
134
[[9], [18]]
99
[[9], [18], [19]]
70
[[9], [18, 19]]
74
[[9], [19]]
108
[[9], [19], [19]]
89
[[9], [19], [18]]
77
[[9], [19], [17]]
71
[[9], [17]]
87
[[9], [14]]
83
[[9], [13]]
72
[[9], [15]]
78
[[9], [16]]
83
[[9], [6]]
68
[[6]]
131
[[6], [19]]
100
[[6], [19], [19]]
76
[[6], [19], [18]]
68
[[6], [18]]
91
[[6], [13]]
73
[[6], [17]]
82
[[6], [14]]
74
[[6], [12]]
70
[[6], [15]]
74
[[6], [16]]
75
[[3]]
123
[[3], [19]]
93
[[3], [19], [19]]
72
[[3], [18]]
84
[[3], [16]]
75
[[3], [17]]
72
[[3], [14]]
69
[[1]]
122
[[1], [19]]
92
[[1], [19], [19]]
74
[[1], [17]]
70
[[1], [18]]
80
[[1], [14]]
73
[[1], [16]]
75
[[1], [15]]
68
[[2]]
123
[[2], [19]]
90
[[2], [19], [19]]
68
[[2], [17]]
79
[[2], [18]]
79
[[2], [16]]
81
[[18]]
190
[[18], [3]]
81
[[18], [4]]
89
[[18], [6]]
96
[[18], [7]]
95
[[18], [7], [19]]
73
[[18], [9]]
96
[[18], [10]]
99
[[18], [11]]
92
[[18], [11], [19]]
72
[[18], [13]]
101
[[18], [13], [19]]
81
[[18], [14]]
126
[[18], [14], [19]]
84
[[18], [14], [18]]
73
[[18], [14], [16]]
70
[[18], [15]]
113
[[18], [15], [19]]
82
[[18], [15], [18]]
70
[[18], [16]]
127
[[18], [16], [19]]
89
[[18], [16], [16]]
69
[[18], [16], [18]]
70
[[18], [17]]
128
[[18], [17], [19]]
106
[[18], [17], [19], [19]]
69
[[18], [17], [17]]
83
[[18], [17], [18]]
87
[[18], [17], [15]]
82
[[18], [17], [14]]
80
[[18], [17], [16]]
70
[[18], [17, 19]]
75
[[18], [18]]
139
[[18], [18], [13]]
74
[[18], [18], [18]]
104
[[18], [18], [19]]
110
[[18], [18], [19], [19]]
79
[[18], [18], [19], [18]]
83
[[18], [18], [17]]
93
[[18], [18], [17], [19]]
72
[[18], [18], [15]]
79
[[18], [18], [16]]
82
[[18], [18], [14]]
83
[[18], [18], [12]]
74
[[18], [18, 19]]
101
[[18], [18, 19], [19]]
75
[[18], [18, 19], [18]]
70
[[18], [19]]
158
[[18], [19], [13]]
78
[[18], [19], [16]]
98
[[18], [19], [18]]
109
[[18], [19], [18], [19]]
80
[[18], [19], [18], [18]]
77
[[18], [19], [18, 19]]
77
[[18], [19], [19]]
125
[[18], [19], [19], [19]]
96
[[18], [19], [19], [18]]
86
[[18], [19], [19], [17]]
72
[[18], [19], [19], [14]]
68
[[18], [19], [19], [15]]
68
[[18], [19], [12]]
82
[[18], [19], [17]]
100
[[18], [19], [17], [19]]
78
[[18], [19], [14]]
94
[[18], [19], [15]]
90
[[18], [19], [7]]
74
[[18], [19], [5]]
71
[[18], [19], [10]]
75
[[18], [19], [6]]
68
[[18], [19], [8]]
68
[[18], [5]]
87
[[18], [12]]
113
[[18], [12], [19]]
84
[[18], [12], [18]]
72
[[18], [0]]
75
[[18], [8]]
96
[[18], [2]]
79
[[18], [1]]
80
[[18, 19]]
144
[[18, 19], [18]]
106
[[18, 19], [18], [19]]
81
[[18, 19], [18], [18]]
73
[[18, 19], [18, 19]]
73
[[18, 19], [19]]
115
[[18, 19], [19], [19]]
86
[[18, 19], [19], [18]]
79
[[18, 19], [12]]
81
[[18, 19], [13]]
74
[[18, 19], [17]]
90
[[18, 19], [17], [19]]
74
[[18, 19], [14]]
94
[[18, 19], [15]]
85
[[18, 19], [16]]
88
[[18, 19], [6]]
68
[[18, 19], [10]]
75
[[18, 19], [5]]
68
[[18, 19], [9]]
69
[[18, 19], [7]]
71
[[7]]
133
[[7], [17]]
86
[[7], [17], [19]]
69
[[7], [18]]
97
[[7], [18], [19]]
69
[[7], [18, 19]]
73
[[7], [19]]
109
[[7], [19], [19]]
82
[[7], [19], [17]]
68
[[7], [14]]
81
[[7], [13]]
70
[[7], [15]]
74
[[7], [16]]
79
[[8]]
137
[[8], [18]]
103
[[8], [18], [19]]
74
[[8], [18, 19]]
72
[[8], [19]]
107
[[8], [19], [18]]
75
[[8], [19], [19]]
87
[[8], [19], [16]]
68
[[8], [19], [17]]
69
[[8], [13]]
72
[[8], [16]]
86
[[8], [17]]
92
[[8], [14]]
79
[[8], [12]]
72
[[8], [10]]
74
[[8], [15]]
69
[[8], [6]]
68
[[8], [11]]
71
[[11]]
139
[[11], [11]]
73
[[11], [13]]
83
[[11], [15]]
86
[[11], [17]]
96
[[11], [17], [19]]
73
[[11], [18]]
99
[[11], [18], [19]]
76
[[11], [19]]
112
[[11], [19], [19]]
86
[[11], [19], [18]]
73
[[11], [14]]
83
[[11], [16]]
83
[[11], [7]]
68
[[15]]
159
[[15], [11]]
79
[[15], [13]]
86
[[15], [13], [19]]
69
[[15], [16]]
103
[[15], [17]]
110
[[15], [17], [19]]
81
[[15], [17], [18]]
72
[[15], [18]]
117
[[15], [18], [18]]
78
[[15], [18], [19]]
87
[[15], [18, 19]]
78
[[15], [19]]
130
[[15], [19], [18]]
86
[[15], [19], [19]]
97
[[15], [19], [17]]
71
[[15], [19], [16]]
76
[[15], [19], [15]]
72
[[15], [19], [14]]
68
[[15], [14]]
104
[[15], [14], [19]]
68
[[15], [15]]
101
[[15], [12]]
79
[[15], [10]]
75
[[15], [6]]
80
[[15], [7]]
77
[[15], [8]]
71
[[15, 19]]
68
[[13]]
157
[[13], [11]]
74
[[13], [13]]
76
[[13], [14]]
94
[[13], [15]]
89
[[13], [17]]
103
[[13], [17], [19]]
79
[[13], [18]]
111
[[13], [18], [19]]
75
[[13], [18, 19]]
74
[[13], [19]]
129
[[13], [19], [18]]
76
[[13], [19], [19]]
95
[[13], [19], [14]]
70
[[13], [19], [17]]
69
[[13], [19], [16]]
69
[[13], [8]]
72
[[13], [7]]
71
[[13], [10]]
82
[[13], [16]]
93
[[13], [12]]
76
[[10]]
139
[[10], [18]]
96
[[10], [18], [19]]
68
[[10], [19]]
105
[[10], [19], [19]]
78
[[10], [13]]
71
[[10], [17]]
84
[[10], [15]]
78
[[10], [14]]
77
[[10], [16]]
81
[[10], [12]]
70
[[0]]
111
[[0], [18]]
77
[[0], [19]]
88
[[0], [16]]
70
[[0], [14]]
68
[[17]]
176
[[17], [4]]
81
[[17], [7]]
90
[[17], [9]]
83
[[17], [10]]
89
[[17], [11]]
86
[[17], [13]]
106
[[17], [13], [19]]
79
[[17], [14]]
115
[[17], [14], [19]]
83
[[17], [14], [18]]
76
[[17], [14], [16]]
68
[[17], [15]]
110
[[17], [15], [19]]
79
[[17], [15], [18]]
71
[[17], [16]]
109
[[17], [16], [19]]
71
[[17], [17]]
122
[[17], [17], [19]]
96
[[17], [17], [17]]
79
[[17], [17], [18]]
84
[[17], [18]]
125
[[17], [18], [18]]
91
[[17], [18], [19]]
96
[[17], [18], [17]]
82
[[17], [18], [14]]
69
[[17], [18], [15]]
69
[[17], [18, 19]]
92
[[17], [19]]
144
[[17], [19], [18]]
102
[[17], [19], [18, 19]]
73
[[17], [19], [19]]
112
[[17], [19], [19], [19]]
80
[[17], [19], [17]]
95
[[17], [19], [17], [19]]
70
[[17], [19], [14]]
79
[[17], [19], [16]]
85
[[17], [19], [15]]
80
[[17], [19], [7]]
71
[[17], [19], [13]]
72
[[17], [5]]
84
[[17], [0]]
73
[[17], [6]]
86
[[17], [8]]
84
[[17], [12]]
93
[[17], [12], [19]]
68
[[17], [2]]
74
[[17], [3]]
71
[[17], [1]]
68
[[17, 19]]
103
[[17, 19], [19]]
86
[[17, 19], [18]]
71
[[17, 18]]
79
