[[14]]
131
[[14], [3]]
56
[[14], [4]]
51
[[14], [9]]
53
[[14], [10]]
63
[[14], [11]]
58
[[14], [14]]
73
[[14], [14], [19]]
55
[[14], [14], [18]]
45
[[14], [15]]
87
[[14], [15], [19]]
58
[[14], [15], [18]]
51
[[14], [15], [16]]
50
[[14], [15], [17]]
47
[[14], [18]]
89
[[14], [18], [18]]
62
[[14], [18], [19]]
68
[[14], [18], [19], [19]]
49
[[14], [18], [12]]
50
[[14], [18], [17]]
55
[[14], [18], [17], [19]]
47
[[14], [18], [14]]
47
[[14], [18], [16]]
52
[[14], [18], [15]]
47
[[14], [18], [13]]
45
[[14], [18, 19]]
68
[[14], [18, 19], [18]]
49
[[14], [18, 19], [19]]
50
[[14], [19]]
106
[[14], [19], [18]]
70
[[14], [19], [18], [19]]
50
[[14], [19], [18, 19]]
48
[[14], [19], [12]]
52
[[14], [19], [16]]
63
[[14], [19], [19]]
79
[[14], [19], [19], [19]]
60
[[14], [19], [19], [17]]
50
[[14], [19], [19], [18]]
50
[[14], [19], [17]]
66
[[14], [19], [17], [19]]
51
[[14], [19], [14]]
55
[[14], [19], [13]]
54
[[14], [19], [15]]
58
[[14], [19], [10]]
47
[[14], [19], [7]]
48
[[14], [19], [8]]
48
[[14], [5]]
59
[[14], [7]]
68
[[14], [7], [19]]
52
[[14], [12]]
77
[[14], [12], [19]]
59
[[14], [12], [18]]
48
[[14], [12], [17]]
45
[[14], [13]]
79
[[14], [13], [19]]
61
[[14], [16]]
81
[[14], [16], [19]]
55
[[14], [16], [16]]
50
[[14], [16], [18]]
45
[[14], [17]]
84
[[14], [17], [19]]
67
[[14], [17], [13]]
49
[[14], [17], [15]]
50
[[14], [17], [18]]
53
[[14], [17], [17]]
51
[[14], [17], [16]]
47
[[14], [17, 19]]
47
[[14], [0]]
49
[[14], [6]]
66
[[14], [6], [19]]
48
[[14], [8]]
61
[[14], [2]]
56
[[14, 19]]
48
[[12]]
123
[[12], [5]]
52
[[12], [14]]
77
[[12], [14], [19]]
49
[[12], [18]]
84
[[12], [18], [18]]
57
[[12], [18], [19]]
60
[[12], [18], [17]]
49
[[12], [18], [16]]
48
[[12], [18, 19]]
58
[[12], [19]]
94
[[12], [19], [18]]
63
[[12], [19], [18], [19]]
45
[[12], [19], [19]]
63
[[12], [19], [19], [19]]
47
[[12], [19], [14]]
56
[[12], [19], [17]]
62
[[12], [19], [15]]
52
[[12], [19], [16]]
58
[[12], [19], [13]]
47
[[12], [19], [12]]
46
[[12], [7]]
56
[[12], [8]]
57
[[12], [9]]
55
[[12], [13]]
64
[[12], [13], [19]]
50
[[12], [15]]
73
[[12], [15], [19]]
49
[[12], [15], [17]]
45
[[12], [17]]
78
[[12], [17], [19]]
56
[[12], [17], [14]]
45
[[12], [17], [17]]
46
[[12], [17], [18]]
47
[[12], [12]]
59
[[12], [16]]
67
[[12], [16], [19]]
47
[[12], [10]]
51
[[12], [11]]
52
[[12], [6]]
53
[[12], [3]]
48
[[12], [2]]
46
[[19]]
164
[[19], [0]]
74
[[19], [0], [19]]
58
[[19], [0], [18]]
49
[[19], [0], [14]]
46
[[19], [1]]
68
[[19], [1], [19]]
47
[[19], [2]]
73
[[19], [2], [19]]
49
[[19], [3]]
75
[[19], [3], [19]]
50
[[19], [4]]
72
[[19], [4], [19]]
51
[[19], [4], [18]]
48
[[19], [5]]
82
[[19], [5], [19]]
54
[[19], [5], [18]]
50
[[19], [6]]
86
[[19], [6], [19]]
65
[[19], [6], [13]]
50
[[19], [6], [18]]
54
[[19], [6], [17]]
51
[[19], [6], [12]]
45
[[19], [7]]
89
[[19], [7], [17]]
53
[[19], [7], [18]]
58
[[19], [7], [18, 19]]
46
[[19], [7], [19]]
69
[[19], [7], [14]]
53
[[19], [7], [15]]
46
[[19], [7], [16]]
45
[[19], [8]]
87
[[19], [8], [18]]
58
[[19], [8], [17]]
50
[[19], [8], [19]]
63
[[19], [8], [16]]
49
[[19], [8], [14]]
47
[[19], [8], [13]]
47
[[19], [9]]
78
[[19], [9], [19]]
56
[[19], [9], [18]]
47
[[19], [10]]
83
[[19], [10], [19]]
58
[[19], [10], [18]]
49
[[19], [10], [14]]
46
[[19], [11]]
84
[[19], [11], [18]]
54
[[19], [11], [19]]
66
[[19], [11], [17]]
54
[[19], [11], [13]]
48
[[19], [11], [14]]
47
[[19], [11], [15]]
46
[[19], [11], [16]]
49
[[19], [12]]
100
[[19], [12], [18]]
63
[[19], [12], [19]]
74
[[19], [12], [17]]
59
[[19], [12], [14]]
57
[[19], [12], [15]]
49
[[19], [12], [7]]
46
[[19], [12], [16]]
47
[[19], [13]]
104
[[19], [13], [13]]
49
[[19], [13], [14]]
59
[[19], [13], [15]]
58
[[19], [13], [17]]
70
[[19], [13], [17], [19]]
51
[[19], [13], [18]]
66
[[19], [13], [19]]
84
[[19], [13], [19], [19]]
54
[[19], [13], [19], [17]]
47
[[19], [13], [19], [18]]
45
[[19], [13], [16]]
56
[[19], [13], [8]]
45
[[19], [13], [10]]
46
[[19], [13], [12]]
53
[[19], [13], [7]]
47
[[19], [13], [5]]
45
[[19], [14]]
109
[[19], [14], [14]]
56
[[19], [14], [18]]
68
[[19], [14], [18], [19]]
46
[[19], [14], [18, 19]]
52
[[19], [14], [19]]
87
[[19], [14], [19], [19]]
52
[[19], [14], [19], [18]]
50
[[19], [14], [19], [17]]
45
[[19], [14], [13]]
62
[[19], [14], [15]]
67
[[19], [14], [17]]
62
[[19], [14], [12]]
58
[[19], [14], [16]]
63
[[19], [14], [8]]
47
[[19], [14], [6]]
51
[[19], [14], [7]]
50
[[19], [14], [5]]
49
[[19], [14], [11]]
45
[[19], [15]]
102
[[19], [15], [18]]
62
[[19], [15], [19]]
73
[[19], [15], [19], [19]]
46
[[19], [15], [17]]
65
[[19], [15], [15]]
58
[[19], [15], [16]]
58
[[19], [15], [13]]
50
[[19], [15], [14]]
51
[[19], [15], [12]]
49
[[19], [16]]
111
[[19], [16], [16]]
66
[[19], [16], [19]]
77
[[19], [16], [19], [19]]
49
[[19], [16], [18]]
67
[[19], [16], [14]]
63
[[19], [16], [17]]
63
[[19], [16], [13]]
56
[[19], [16], [12]]
57
[[19], [16], [15]]
56
[[19], [16], [6]]
47
[[19], [16], [5]]
49
[[19], [16], [7]]
45
[[19], [16, 19]]
51
[[19], [17]]
116
[[19], [17], [4]]
48
[[19], [17], [13]]
70
[[19], [17], [13], [19]]
46
[[19], [17], [14]]
70
[[19], [17], [15]]
70
[[19], [17], [17]]
78
[[19], [17], [17], [19]]
49
[[19], [17], [18]]
77
[[19], [17], [18], [19]]
56
[[19], [17], [18], [18]]
51
[[19], [17], [18, 19]]
48
[[19], [17], [19]]
93
[[19], [17], [19], [19]]
56
[[19], [17], [19], [17]]
53
[[19], [17], [19], [18]]
54
[[19], [17], [16]]
65
[[19], [17], [12]]
59
[[19], [17], [7]]
52
[[19], [17], [8]]
46
[[19], [17], [10]]
49
[[19], [17], [9]]
48
[[19], [17], [6]]
49
[[19], [17], [5]]
49
[[19], [17, 19]]
64
[[19], [17, 19], [19]]
50
[[19], [17, 18]]
47
[[19], [18]]
124
[[19], [18], [0]]
46
[[19], [18], [3]]
54
[[19], [18], [4]]
49
[[19], [18], [6]]
64
[[19], [18], [7]]
61
[[19], [18], [9]]
57
[[19], [18], [10]]
59
[[19], [18], [11]]
53
[[19], [18], [13]]
73
[[19], [18], [13], [19]]
57
[[19], [18], [14]]
75
[[19], [18], [14], [19]]
52
[[19], [18], [15]]
71
[[19], [18], [15], [19]]
48
[[19], [18], [16]]
74
[[19], [18], [16], [19]]
50
[[19], [18], [17]]
85
[[19], [18], [17], [19]]
69
[[19], [18], [17], [13]]
47
[[19], [18], [17], [15]]
52
[[19], [18], [17], [18]]
51
[[19], [18], [17], [14]]
47
[[19], [18], [17], [17]]
46
[[19], [18], [17, 19]]
48
[[19], [18], [18]]
89
[[19], [18], [18], [19]]
66
[[19], [18], [18], [18]]
57
[[19], [18], [18], [14]]
50
[[19], [18], [18], [17]]
46
[[19], [18], [18], [16]]
47
[[19], [18], [18, 19]]
61
[[19], [18], [19]]
104
[[19], [18], [19], [18]]
67
[[19], [18], [19], [19]]
74
[[19], [18], [19], [17]]
58
[[19], [18], [19], [14]]
54
[[19], [18], [19], [13]]
46
[[19], [18], [19], [15]]
52
[[19], [18], [19], [16]]
52
[[19], [18], [12]]
73
[[19], [18], [12], [19]]
51
[[19], [18], [5]]
56
[[19], [18], [8]]
57
[[19], [18], [2]]
49
[[19], [18, 19]]
90
[[19], [18, 19], [18]]
61
[[19], [18, 19], [19]]
71
[[19], [18, 19], [19], [19]]
45
[[19], [18, 19], [17]]
53
[[19], [18, 19], [14]]
51
[[19], [18, 19], [15]]
52
[[19], [18, 19], [12]]
48
[[19], [18, 19], [16]]
49
[[19], [19]]
141
[[19], [19], [3]]
55
[[19], [19], [4]]
53
[[19], [19], [5]]
64
[[19], [19], [7]]
71
[[19], [19], [7], [19]]
51
[[19], [19], [9]]
61
[[19], [19], [10]]
61
[[19], [19], [11]]
62
[[19], [19], [11], [19]]
48
[[19], [19], [13]]
81
[[19], [19], [13], [19]]
59
[[19], [19], [13], [17]]
49
[[19], [19], [13], [18]]
46
[[19], [19], [14]]
83
[[19], [19], [14], [19]]
53
[[19], [19], [15]]
81
[[19], [19], [15], [19]]
51
[[19], [19], [15], [17]]
45
[[19], [19], [16]]
84
[[19], [19], [16], [19]]
53
[[19], [19], [17]]
95
[[19], [19], [17], [19]]
69
[[19], [19], [17], [17]]
59
[[19], [19], [17], [13]]
57
[[19], [19], [17], [18]]
56
[[19], [19], [17], [15]]
57
[[19], [19], [17], [14]]
53
[[19], [19], [17], [16]]
51
[[19], [19], [17, 19]]
49
[[19], [19], [18]]
96
[[19], [19], [18], [18]]
64
[[19], [19], [18], [19]]
70
[[19], [19], [18], [17]]
58
[[19], [19], [18], [13]]
47
[[19], [19], [18], [14]]
50
[[19], [19], [18], [15]]
48
[[19], [19], [18], [12]]
48
[[19], [19], [18], [16]]
50
[[19], [19], [18, 19]]
69
[[19], [19], [18, 19], [19]]
49
[[19], [19], [19]]
110
[[19], [19], [19], [18]]
70
[[19], [19], [19], [18, 19]]
47
[[19], [19], [19], [19]]
82
[[19], [19], [19], [19], [19]]
49
[[19], [19], [19], [19], [18]]
46
[[19], [19], [19], [17]]
69
[[19], [19], [19], [13]]
51
[[19], [19], [19], [14]]
56
[[19], [19], [19], [15]]
59
[[19], [19], [19], [16]]
60
[[19], [19], [19], [7]]
53
[[19], [19], [19], [5]]
49
[[19], [19], [19], [12]]
51
[[19], [19], [19], [10]]
45
[[19], [19], [12]]
77
[[19], [19], [12], [19]]
55
[[19], [19], [12], [18]]
48
[[19], [19], [0]]
48
[[19], [19], [2]]
52
[[19], [19], [8]]
64
[[19], [19], [6]]
61
[[19], [19], [1]]
45
[[16]]
129
[[16], [16]]
89
[[16], [16], [19]]
58
[[16], [16], [17]]
45
[[16], [18]]
88
[[16], [18], [19]]
63
[[16], [18], [19], [19]]
45
[[16], [18], [18]]
59
[[16], [18], [17]]
47
[[16], [18], [16]]
49
[[16], [18, 19]]
60
[[16], [18, 19], [19]]
45
[[16], [19]]
102
[[16], [19], [19]]
73
[[16], [19], [19], [19]]
52
[[16], [19], [18]]
63
[[16], [19], [17]]
57
[[16], [19], [14]]
57
[[16], [19], [16]]
62
[[16], [19], [15]]
53
[[16], [19], [7]]
46
[[16], [19], [12]]
46
[[16], [9]]
56
[[16], [12]]
76
[[16], [12], [19]]
50
[[16], [14]]
81
[[16], [14], [19]]
56
[[16], [14], [16]]
48
[[16], [14], [18]]
47
[[16], [14], [15]]
45
[[16], [5]]
61
[[16], [17]]
81
[[16], [17], [19]]
59
[[16], [17], [17]]
48
[[16], [17], [14]]
46
[[16], [17], [15]]
45
[[16], [17], [18]]
45
[[16], [0]]
48
[[16], [8]]
55
[[16], [13]]
68
[[16], [13], [19]]
52
[[16], [15]]
73
[[16], [15], [15]]
46
[[16], [15], [17]]
47
[[16], [15], [19]]
46
[[16], [11]]
58
[[16], [7]]
59
[[16], [6]]
61
[[16], [10]]
54
[[16], [3]]
49
[[16], [4]]
49
[[16, 19]]
68
[[16, 19], [19]]
53
[[16, 19], [16]]
52
[[16, 18]]
52
[[5]]
97
[[5], [14]]
52
[[5], [8]]
46
[[5], [18]]
64
[[5], [18], [19]]
51
[[5], [18, 19]]
49
[[5], [19]]
72
[[5], [19], [19]]
52
[[5], [19], [18]]
45
[[5], [16]]
58
[[5], [17]]
55
[[5], [13]]
45
[[5], [12]]
48
[[5], [15]]
47
[[4]]
90
[[4], [14]]
56
[[4], [15]]
53
[[4], [16]]
55
[[4], [17]]
52
[[4], [18]]
61
[[4], [18], [19]]
46
[[4], [19]]
70
[[4], [19], [19]]
51
[[4], [13]]
45
[[4], [12]]
45
[[9]]
100
[[9], [9]]
52
[[9], [10]]
47
[[9], [11]]
50
[[9], [13]]
60
[[9], [13], [19]]
47
[[9], [16]]
61
[[9], [18]]
73
[[9], [18], [19]]
54
[[9], [18], [18]]
47
[[9], [18], [17]]
45
[[9], [18, 19]]
54
[[9], [19]]
80
[[9], [19], [18]]
60
[[9], [19], [19]]
68
[[9], [19], [19], [19]]
46
[[9], [19], [17]]
54
[[9], [19], [14]]
50
[[9], [19], [16]]
51
[[9], [19], [15]]
50
[[9], [19], [13]]
47
[[9], [5]]
47
[[9], [8]]
52
[[9], [12]]
55
[[9], [14]]
65
[[9], [7]]
49
[[9], [17]]
65
[[9], [17], [19]]
51
[[9], [6]]
54
[[9], [15]]
61
[[9], [0]]
45
[[6]]
103
[[6], [17]]
68
[[6], [17], [19]]
52
[[6], [17], [18]]
46
[[6], [19]]
81
[[6], [19], [19]]
61
[[6], [19], [18]]
54
[[6], [19], [17]]
48
[[6], [19], [14]]
46
[[6], [19], [15]]
46
[[6], [19], [16]]
47
[[6], [19], [7]]
45
[[6], [7]]
52
[[6], [13]]
61
[[6], [13], [19]]
47
[[6], [16]]
57
[[6], [18]]
70
[[6], [18], [18]]
49
[[6], [18], [19]]
50
[[6], [18, 19]]
48
[[6], [2]]
51
[[6], [12]]
57
[[6], [14]]
60
[[6], [15]]
58
[[6], [9]]
47
[[6], [10]]
46
[[3]]
97
[[3], [13]]
50
[[3], [14]]
51
[[3], [15]]
51
[[3], [18]]
65
[[3], [19]]
72
[[3], [19], [19]]
52
[[3], [17]]
54
[[3], [16]]
52
[[3], [7]]
45
[[1]]
89
[[1], [13]]
49
[[1], [16]]
55
[[1], [18]]
58
[[1], [18], [19]]
48
[[1], [19]]
69
[[1], [19], [19]]
57
[[1], [19], [17]]
46
[[1], [17]]
59
[[1], [14]]
54
[[1], [15]]
51
[[1], [12]]
49
[[1], [7]]
46
[[2]]
97
[[2], [18]]
58
[[2], [19]]
73
[[2], [19], [19]]
50
[[2], [19], [16]]
46
[[2], [19], [17]]
45
[[2], [13]]
46
[[2], [17]]
62
[[2], [17], [19]]
51
[[2], [14]]
53
[[2], [15]]
54
[[2], [16]]
62
[[2], [12]]
46
[[18]]
152
[[18], [0]]
62
[[18], [0], [19]]
46
[[18], [3]]
66
[[18], [4]]
62
[[18], [6]]
79
[[18], [6], [19]]
54
[[18], [7]]
74
[[18], [7], [19]]
55
[[18], [8]]
73
[[18], [8], [19]]
54
[[18], [8], [18]]
47
[[18], [9]]
70
[[18], [9], [19]]
46
[[18], [10]]
71
[[18], [10], [19]]
48
[[18], [11]]
73
[[18], [11], [19]]
57
[[18], [11], [17]]
46
[[18], [13]]
86
[[18], [13], [17]]
54
[[18], [13], [19]]
69
[[18], [13], [19], [19]]
46
[[18], [13], [14]]
49
[[18], [13], [15]]
48
[[18], [13], [18]]
52
[[18], [14]]
91
[[18], [14], [19]]
64
[[18], [14], [16]]
51
[[18], [14], [15]]
49
[[18], [14], [17]]
48
[[18], [14], [18]]
50
[[18], [15]]
89
[[18], [15], [17]]
53
[[18], [15], [19]]
62
[[18], [15], [14]]
48
[[18], [15], [16]]
47
[[18], [15], [13]]
46
[[18], [15], [15]]
52
[[18], [15], [18]]
49
[[18], [16]]
97
[[18], [16], [19]]
67
[[18], [16], [16]]
57
[[18], [16], [18]]
55
[[18], [16], [14]]
50
[[18], [16], [15]]
49
[[18], [16], [17]]
52
[[18], [16], [12]]
49
[[18], [16], [13]]
45
[[18], [16, 19]]
46
[[18], [17]]
101
[[18], [17], [17]]
64
[[18], [17], [19]]
83
[[18], [17], [19], [18]]
49
[[18], [17], [19], [19]]
50
[[18], [17], [19], [17]]
49
[[18], [17], [15]]
64
[[18], [17], [18]]
64
[[18], [17], [18], [19]]
48
[[18], [17], [13]]
57
[[18], [17], [14]]
60
[[18], [17], [12]]
52
[[18], [17], [16]]
51
[[18], [17, 19]]
59
[[18], [17, 19], [19]]
47
[[18], [18]]
106
[[18], [18], [13]]
63
[[18], [18], [13], [19]]
46
[[18], [18], [14]]
63
[[18], [18], [15]]
61
[[18], [18], [16]]
64
[[18], [18], [18]]
76
[[18], [18], [18], [19]]
51
[[18], [18], [18], [18]]
46
[[18], [18], [18, 19]]
49
[[18], [18], [19]]
87
[[18], [18], [19], [18]]
63
[[18], [18], [19], [19]]
62
[[18], [18], [19], [14]]
49
[[18], [18], [19], [17]]
46
[[18], [18], [12]]
62
[[18], [18], [17]]
70
[[18], [18], [17], [19]]
59
[[18], [18], [5]]
50
[[18], [18], [10]]
52
[[18], [18], [7]]
49
[[18], [18], [6]]
49
[[18], [18], [11]]
45
[[18], [18, 19]]
75
[[18], [18, 19], [19]]
59
[[18], [18, 19], [18]]
51
[[18], [18, 19], [14]]
45
[[18], [18, 19], [15]]
45
[[18], [19]]
122
[[18], [19], [10]]
55
[[18], [19], [11]]
52
[[18], [19], [13]]
65
[[18], [19], [13], [19]]
49
[[18], [19], [15]]
69
[[18], [19], [16]]
70
[[18], [19], [16], [19]]
49
[[18], [19], [18]]
81
[[18], [19], [18], [18]]
57
[[18], [19], [18], [19]]
62
[[18], [19], [18], [17]]
49
[[18], [19], [18, 19]]
56
[[18], [19], [19]]
93
[[18], [19], [19], [18]]
60
[[18], [19], [19], [19]]
71
[[18], [19], [19], [19], [19]]
49
[[18], [19], [19], [17]]
56
[[18], [19], [19], [14]]
51
[[18], [19], [19], [15]]
51
[[18], [19], [19], [13]]
45
[[18], [19], [19], [7]]
45
[[18], [19], [19], [16]]
45
[[18], [19], [7]]
57
[[18], [19], [12]]
64
[[18], [19], [14]]
68
[[18], [19], [14], [19]]
46
[[18], [19], [17]]
77
[[18], [19], [17], [19]]
62
[[18], [19], [17], [17]]
49
[[18], [19], [17], [18]]
47
[[18], [19], [17], [15]]
46
[[18], [19], [8]]
51
[[18], [19], [5]]
57
[[18], [19], [9]]
50
[[18], [19], [3]]
47
[[18], [19], [6]]
50
[[18], [1]]
59
[[18], [5]]
69
[[18], [12]]
93
[[18], [12], [18]]
56
[[18], [12], [19]]
65
[[18], [12], [17]]
53
[[18], [12], [14]]
52
[[18], [2]]
61
[[18, 19]]
112
[[18, 19], [7]]
54
[[18, 19], [10]]
54
[[18, 19], [13]]
61
[[18, 19], [13], [19]]
46
[[18, 19], [14]]
69
[[18, 19], [16]]
66
[[18, 19], [16], [19]]
46
[[18, 19], [17]]
70
[[18, 19], [17], [19]]
57
[[18, 19], [17], [15]]
47
[[18, 19], [17], [18]]
45
[[18, 19], [18]]
78
[[18, 19], [18], [19]]
63
[[18, 19], [18], [18]]
54
[[18, 19], [18], [13]]
45
[[18, 19], [18], [17]]
46
[[18, 19], [18], [14]]
45
[[18, 19], [18], [16]]
45
[[18, 19], [18, 19]]
53
[[18, 19], [19]]
86
[[18, 19], [19], [18]]
60
[[18, 19], [19], [19]]
64
[[18, 19], [19], [15]]
51
[[18, 19], [19], [17]]
49
[[18, 19], [19], [13]]
48
[[18, 19], [19], [14]]
48
[[18, 19], [19], [16]]
45
[[18, 19], [5]]
54
[[18, 19], [12]]
66
[[18, 19], [12], [19]]
50
[[18, 19], [15]]
68
[[18, 19], [15], [19]]
46
[[18, 19], [9]]
50
[[18, 19], [6]]
56
[[18, 19], [3]]
49
[[18, 19], [8]]
48
[[18, 19], [4]]
45
[[7]]
108
[[7], [10]]
49
[[7], [17]]
67
[[7], [17], [19]]
54
[[7], [18]]
74
[[7], [18], [19]]
53
[[7], [18], [17]]
45
[[7], [18], [18]]
47
[[7], [18, 19]]
57
[[7], [19]]
86
[[7], [19], [19]]
60
[[7], [19], [17]]
52
[[7], [19], [16]]
50
[[7], [19], [15]]
46
[[7], [19], [18]]
51
[[7], [9]]
45
[[7], [13]]
60
[[7], [14]]
67
[[7], [15]]
61
[[7], [16]]
60
[[7], [12]]
54
[[7], [5]]
49
[[7], [7]]
45
[[8]]
108
[[8], [10]]
55
[[8], [11]]
52
[[8], [13]]
62
[[8], [13], [19]]
49
[[8], [14]]
58
[[8], [16]]
68
[[8], [16], [19]]
46
[[8], [18]]
80
[[8], [18], [18]]
48
[[8], [18], [19]]
62
[[8], [18], [17]]
46
[[8], [18], [16]]
52
[[8], [18], [14]]
45
[[8], [18, 19]]
56
[[8], [19]]
88
[[8], [19], [18]]
57
[[8], [19], [19]]
67
[[8], [19], [19], [19]]
49
[[8], [19], [17]]
53
[[8], [19], [16]]
53
[[8], [19], [14]]
46
[[8], [3]]
47
[[8], [7]]
53
[[8], [8]]
49
[[8], [12]]
58
[[8], [17]]
72
[[8], [17], [19]]
54
[[8], [15]]
54
[[8], [6]]
53
[[8], [5]]
45
[[11]]
104
[[11], [7]]
52
[[11], [11]]
58
[[11], [13]]
69
[[11], [13], [19]]
51
[[11], [15]]
66
[[11], [15], [19]]
46
[[11], [17]]
72
[[11], [17], [19]]
57
[[11], [17], [17]]
46
[[11], [18]]
72
[[11], [18], [19]]
57
[[11], [18, 19]]
46
[[11], [19]]
84
[[11], [19], [19]]
62
[[11], [19], [18]]
49
[[11], [19], [17]]
46
[[11], [19], [16]]
45
[[11], [14]]
64
[[11], [2]]
47
[[11], [16]]
63
[[11], [12]]
49
[[11], [8]]
46
[[11], [10]]
45
[[11], [5]]
45
[[11], [6]]
46
[[15]]
125
[[15], [3]]
50
[[15], [7]]
59
[[15], [10]]
55
[[15], [11]]
60
[[15], [13]]
73
[[15], [13], [19]]
58
[[15], [16]]
77
[[15], [16], [19]]
47
[[15], [17]]
89
[[15], [17], [19]]
66
[[15], [17], [18]]
54
[[15], [17], [13]]
50
[[15], [17], [15]]
54
[[15], [17], [17]]
50
[[15], [17], [16]]
47
[[15], [18]]
89
[[15], [18], [18]]
61
[[15], [18], [19]]
70
[[15], [18], [13]]
46
[[15], [18], [17]]
54
[[15], [18], [14]]
47
[[15], [18], [16]]
52
[[15], [18], [12]]
47
[[15], [18], [15]]
45
[[15], [18, 19]]
57
[[15], [19]]
99
[[15], [19], [16]]
59
[[15], [19], [18]]
65
[[15], [19], [13]]
48
[[15], [19], [14]]
52
[[15], [19], [19]]
74
[[15], [19], [17]]
58
[[15], [19], [12]]
50
[[15], [19], [15]]
55
[[15], [5]]
52
[[15], [14]]
77
[[15], [14], [19]]
51
[[15], [15]]
80
[[15], [15], [19]]
48
[[15], [8]]
54
[[15], [12]]
66
[[15], [12], [19]]
46
[[15], [6]]
60
[[15], [2]]
49
[[15], [4]]
47
[[15], [9]]
46
[[15], [1]]
46
[[15, 19]]
52
[[13]]
126
[[13], [2]]
47
[[13], [3]]
49
[[13], [4]]
46
[[13], [5]]
54
[[13], [9]]
53
[[13], [10]]
58
[[13], [11]]
57
[[13], [13]]
63
[[13], [14]]
74
[[13], [14], [19]]
49
[[13], [15]]
71
[[13], [15], [19]]
49
[[13], [17]]
83
[[13], [17], [19]]
64
[[13], [17], [14]]
48
[[13], [17], [18]]
47
[[13], [17], [17]]
45
[[13], [18]]
87
[[13], [18], [18]]
51
[[13], [18], [19]]
59
[[13], [18], [16]]
48
[[13], [18, 19]]
55
[[13], [19]]
103
[[13], [19], [17]]
54
[[13], [19], [18]]
58
[[13], [19], [19]]
71
[[13], [19], [14]]
51
[[13], [19], [16]]
53
[[13], [19], [15]]
48
[[13], [8]]
58
[[13], [7]]
58
[[13], [16]]
73
[[13], [0]]
49
[[13], [12]]
62
[[13], [6]]
52
[[10]]
98
[[10], [16]]
55
[[10], [18]]
66
[[10], [18], [18]]
45
[[10], [18], [19]]
49
[[10], [8]]
48
[[10], [12]]
52
[[10], [13]]
56
[[10], [15]]
57
[[10], [17]]
61
[[10], [17], [19]]
48
[[10], [19]]
75
[[10], [19], [19]]
54
[[10], [9]]
46
[[10], [11]]
45
[[10], [14]]
55
[[10], [6]]
47
[[10], [7]]
46
[[0]]
88
[[0], [18]]
63
[[0], [19]]
73
[[0], [19], [19]]
53
[[0], [8]]
46
[[0], [13]]
55
[[0], [14]]
58
[[0], [12]]
51
[[0], [17]]
55
[[0], [16]]
53
[[0], [15]]
50
[[0], [6]]
45
[[0], [11]]
45
[[17]]
142
[[17], [3]]
59
[[17], [4]]
63
[[17], [4], [19]]
46
[[17], [7]]
74
[[17], [7], [19]]
54
[[17], [7], [18]]
45
[[17], [9]]
63
[[17], [10]]
67
[[17], [11]]
66
[[17], [11], [19]]
50
[[17], [11], [17]]
45
[[17], [13]]
89
[[17], [13], [18]]
54
[[17], [13], [19]]
64
[[17], [13], [17]]
53
[[17], [13], [14]]
51
[[17], [13], [15]]
47
[[17], [13], [16]]
47
[[17], [14]]
92
[[17], [14], [19]]
66
[[17], [14], [14]]
45
[[17], [14], [17]]
51
[[17], [14], [16]]
52
[[17], [14], [18]]
57
[[17], [14], [15]]
50
[[17], [14], [13]]
46
[[17], [15]]
87
[[17], [15], [18]]
54
[[17], [15], [19]]
60
[[17], [15], [17]]
54
[[17], [15], [14]]
48
[[17], [15], [13]]
48
[[17], [15], [16]]
46
[[17], [15], [15]]
45
[[17], [16]]
84
[[17], [16], [19]]
51
[[17], [16], [16]]
49
[[17], [17]]
95
[[17], [17], [18]]
61
[[17], [17], [19]]
71
[[17], [17], [19], [19]]
45
[[17], [17], [17]]
61
[[17], [17], [13]]
50
[[17], [17], [14]]
51
[[17], [17], [15]]
50
[[17], [17], [16]]
46
[[17], [17, 19]]
51
[[17], [18]]
97
[[17], [18], [18]]
69
[[17], [18], [18], [19]]
47
[[17], [18], [18, 19]]
47
[[17], [18], [13]]
52
[[17], [18], [19]]
74
[[17], [18], [19], [18]]
52
[[17], [18], [19], [19]]
52
[[17], [18], [17]]
59
[[17], [18], [17], [19]]
47
[[17], [18], [12]]
54
[[17], [18], [10]]
47
[[17], [18], [14]]
54
[[17], [18], [15]]
54
[[17], [18], [16]]
52
[[17], [18], [7]]
49
[[17], [18], [6]]
47
[[17], [18, 19]]
68
[[17], [18, 19], [19]]
49
[[17], [18, 19], [18]]
46
[[17], [19]]
116
[[17], [19], [10]]
51
[[17], [19], [11]]
46
[[17], [19], [17]]
74
[[17], [19], [17], [19]]
52
[[17], [19], [17], [18]]
50
[[17], [19], [18]]
77
[[17], [19], [18], [19]]
55
[[17], [19], [18], [18]]
50
[[17], [19], [18, 19]]
53
[[17], [19], [5]]
53
[[17], [19], [7]]
58
[[17], [19], [13]]
59
[[17], [19], [14]]
62
[[17], [19], [19]]
83
[[17], [19], [19], [19]]
58
[[17], [19], [19], [17]]
48
[[17], [19], [19], [18]]
50
[[17], [19], [8]]
48
[[17], [19], [15]]
61
[[17], [19], [16]]
63
[[17], [19], [12]]
53
[[17], [19], [6]]
46
[[17], [0]]
60
[[17], [1]]
50
[[17], [2]]
58
[[17], [5]]
71
[[17], [12]]
77
[[17], [12], [19]]
53
[[17], [12], [18]]
47
[[17], [8]]
65
[[17], [8], [19]]
47
[[17], [6]]
69
[[17], [6], [19]]
45
[[17, 18]]
63
[[17, 18], [19]]
47
[[17, 19]]
84
[[17, 19], [15]]
51
[[17, 19], [19]]
66
[[17, 19], [17]]
52
[[17, 19], [18]]
54
[[17, 19], [13]]
45
[[17, 19], [14]]
47
