[[14]]
146
[[14], [3]]
61
[[14], [4]]
59
[[14], [9]]
62
[[14], [10]]
68
[[14], [11]]
64
[[14], [14]]
80
[[14], [14], [19]]
61
[[14], [14], [18]]
51
[[14], [15]]
95
[[14], [15], [19]]
64
[[14], [15], [18]]
57
[[14], [15], [16]]
52
[[14], [15], [17]]
52
[[14], [18]]
101
[[14], [18], [18]]
71
[[14], [18], [19]]
76
[[14], [18], [19], [19]]
55
[[14], [18], [19], [18]]
49
[[14], [18], [12]]
53
[[14], [18], [17]]
62
[[14], [18], [17], [19]]
52
[[14], [18], [14]]
52
[[14], [18], [15]]
53
[[14], [18], [16]]
56
[[14], [18], [13]]
50
[[14], [18, 19]]
77
[[14], [18, 19], [18]]
56
[[14], [18, 19], [19]]
56
[[14], [19]]
118
[[14], [19], [18]]
81
[[14], [19], [18], [19]]
56
[[14], [19], [12]]
56
[[14], [19], [19]]
91
[[14], [19], [19], [19]]
68
[[14], [19], [19], [17]]
55
[[14], [19], [19], [18]]
58
[[14], [19], [16]]
69
[[14], [19], [17]]
73
[[14], [19], [17], [19]]
56
[[14], [19], [14]]
60
[[14], [19], [13]]
60
[[14], [19], [15]]
63
[[14], [19], [10]]
51
[[14], [19], [7]]
50
[[14], [19], [8]]
52
[[14], [5]]
62
[[14], [7]]
74
[[14], [7], [19]]
56
[[14], [12]]
82
[[14], [12], [19]]
62
[[14], [12], [18]]
53
[[14], [13]]
85
[[14], [13], [19]]
68
[[14], [13], [17]]
49
[[14], [13], [18]]
50
[[14], [16]]
90
[[14], [16], [19]]
62
[[14], [16], [16]]
54
[[14], [16], [18]]
50
[[14], [17]]
93
[[14], [17], [19]]
74
[[14], [17], [13]]
52
[[14], [17], [15]]
53
[[14], [17], [18]]
60
[[14], [17], [17]]
55
[[14], [17], [16]]
50
[[14], [6]]
71
[[14], [6], [19]]
52
[[14], [8]]
66
[[14], [0]]
52
[[14], [2]]
62
[[14], [1]]
49
[[12]]
134
[[12], [5]]
57
[[12], [14]]
85
[[12], [14], [19]]
56
[[12], [19]]
103
[[12], [19], [18]]
72
[[12], [19], [18], [19]]
51
[[12], [19], [19]]
72
[[12], [19], [19], [19]]
53
[[12], [19], [14]]
64
[[12], [19], [17]]
67
[[12], [19], [15]]
55
[[12], [19], [16]]
64
[[12], [19], [13]]
50
[[12], [18]]
94
[[12], [18], [19]]
67
[[12], [18], [18]]
63
[[12], [18], [17]]
54
[[12], [18], [16]]
51
[[12], [7]]
60
[[12], [8]]
59
[[12], [9]]
60
[[12], [13]]
67
[[12], [13], [19]]
54
[[12], [15]]
77
[[12], [15], [19]]
54
[[12], [17]]
84
[[12], [17], [19]]
60
[[12], [17], [14]]
50
[[12], [17], [17]]
50
[[12], [17], [18]]
50
[[12], [12]]
62
[[12], [16]]
77
[[12], [16], [19]]
55
[[12], [10]]
54
[[12], [11]]
57
[[12], [6]]
56
[[12], [3]]
51
[[12], [1]]
50
[[19]]
177
[[19], [0]]
80
[[19], [0], [19]]
63
[[19], [0], [18]]
54
[[19], [1]]
76
[[19], [1], [19]]
59
[[19], [1], [14]]
49
[[19], [2]]
82
[[19], [2], [19]]
56
[[19], [3]]
82
[[19], [3], [19]]
57
[[19], [4]]
82
[[19], [4], [19]]
57
[[19], [4], [18]]
53
[[19], [5]]
88
[[19], [5], [19]]
58
[[19], [5], [18]]
54
[[19], [6]]
94
[[19], [6], [19]]
70
[[19], [6], [13]]
52
[[19], [6], [18]]
59
[[19], [6], [17]]
54
[[19], [7]]
95
[[19], [7], [17]]
57
[[19], [7], [18]]
65
[[19], [7], [19]]
77
[[19], [7], [19], [19]]
53
[[19], [7], [14]]
56
[[19], [7], [16]]
52
[[19], [8]]
94
[[19], [8], [18]]
63
[[19], [8], [17]]
54
[[19], [8], [19]]
68
[[19], [8], [16]]
53
[[19], [8], [14]]
54
[[19], [9]]
91
[[19], [9], [19]]
68
[[19], [9], [18]]
56
[[19], [9], [16]]
54
[[19], [9], [17]]
50
[[19], [10]]
95
[[19], [10], [19]]
68
[[19], [10], [18]]
57
[[19], [10], [14]]
52
[[19], [10], [17]]
50
[[19], [11]]
95
[[19], [11], [18]]
63
[[19], [11], [19]]
76
[[19], [11], [19], [19]]
54
[[19], [11], [17]]
62
[[19], [11], [13]]
54
[[19], [11], [14]]
55
[[19], [11], [16]]
57
[[19], [11], [15]]
53
[[19], [12]]
107
[[19], [12], [18]]
69
[[19], [12], [19]]
81
[[19], [12], [17]]
62
[[19], [12], [14]]
62
[[19], [12], [15]]
51
[[19], [12], [7]]
49
[[19], [12], [16]]
54
[[19], [13]]
112
[[19], [13], [13]]
54
[[19], [13], [14]]
64
[[19], [13], [15]]
62
[[19], [13], [17]]
76
[[19], [13], [17], [19]]
55
[[19], [13], [18]]
75
[[19], [13], [19]]
93
[[19], [13], [19], [19]]
64
[[19], [13], [19], [17]]
51
[[19], [13], [19], [18]]
53
[[19], [13], [16]]
62
[[19], [13], [10]]
51
[[19], [13], [12]]
56
[[19], [13], [7]]
49
[[19], [14]]
124
[[19], [14], [14]]
61
[[19], [14], [18]]
79
[[19], [14], [18], [19]]
53
[[19], [14], [19]]
97
[[19], [14], [19], [19]]
62
[[19], [14], [19], [18]]
59
[[19], [14], [19], [17]]
50
[[19], [14], [19], [16]]
51
[[19], [14], [13]]
67
[[19], [14], [15]]
74
[[19], [14], [17]]
70
[[19], [14], [17], [19]]
50
[[19], [14], [12]]
63
[[19], [14], [16]]
71
[[19], [14], [6]]
55
[[19], [14], [8]]
51
[[19], [14], [7]]
55
[[19], [14], [5]]
51
[[19], [15]]
111
[[19], [15], [18]]
73
[[19], [15], [18], [19]]
49
[[19], [15], [19]]
86
[[19], [15], [19], [19]]
56
[[19], [15], [19], [18]]
50
[[19], [15], [17]]
72
[[19], [15], [15]]
66
[[19], [15], [16]]
66
[[19], [15], [13]]
53
[[19], [15], [12]]
53
[[19], [15], [14]]
58
[[19], [15], [6]]
51
[[19], [16]]
125
[[19], [16], [16]]
74
[[19], [16], [18]]
75
[[19], [16], [19]]
89
[[19], [16], [19], [19]]
58
[[19], [16], [19], [18]]
51
[[19], [16], [14]]
69
[[19], [16], [17]]
71
[[19], [16], [13]]
60
[[19], [16], [12]]
62
[[19], [16], [15]]
62
[[19], [16], [6]]
53
[[19], [16], [5]]
53
[[19], [17]]
126
[[19], [17], [4]]
53
[[19], [17], [13]]
73
[[19], [17], [13], [19]]
51
[[19], [17], [14]]
78
[[19], [17], [15]]
77
[[19], [17], [15], [19]]
50
[[19], [17], [17]]
84
[[19], [17], [17], [19]]
56
[[19], [17], [18]]
85
[[19], [17], [18], [19]]
62
[[19], [17], [18], [18]]
57
[[19], [17], [18], [17]]
49
[[19], [17], [19]]
101
[[19], [17], [19], [19]]
65
[[19], [17], [19], [17]]
58
[[19], [17], [19], [18]]
61
[[19], [17], [16]]
71
[[19], [17], [12]]
64
[[19], [17], [7]]
55
[[19], [17], [8]]
50
[[19], [17], [10]]
55
[[19], [17], [9]]
56
[[19], [17], [5]]
52
[[19], [17], [6]]
56
[[19], [17], [0]]
49
[[19], [17], [11]]
50
[[19], [18]]
137
[[19], [18], [0]]
50
[[19], [18], [3]]
56
[[19], [18], [4]]
55
[[19], [18], [6]]
68
[[19], [18], [7]]
66
[[19], [18], [9]]
64
[[19], [18], [10]]
65
[[19], [18], [11]]
59
[[19], [18], [13]]
76
[[19], [18], [13], [19]]
62
[[19], [18], [14]]
85
[[19], [18], [14], [19]]
57
[[19], [18], [15]]
77
[[19], [18], [15], [19]]
54
[[19], [18], [16]]
82
[[19], [18], [16], [19]]
57
[[19], [18], [17]]
93
[[19], [18], [17], [19]]
76
[[19], [18], [17], [13]]
49
[[19], [18], [17], [15]]
56
[[19], [18], [17], [18]]
57
[[19], [18], [17], [14]]
54
[[19], [18], [17], [17]]
50
[[19], [18], [18]]
101
[[19], [18], [18], [19]]
73
[[19], [18], [18], [18]]
62
[[19], [18], [18], [14]]
57
[[19], [18], [18], [17]]
53
[[19], [18], [18], [16]]
54
[[19], [18], [18, 19]]
72
[[19], [18], [19]]
116
[[19], [18], [19], [18]]
76
[[19], [18], [19], [19]]
84
[[19], [18], [19], [17]]
64
[[19], [18], [19], [14]]
62
[[19], [18], [19], [15]]
56
[[19], [18], [19], [13]]
49
[[19], [18], [19], [16]]
60
[[19], [18], [5]]
59
[[19], [18], [12]]
78
[[19], [18], [12], [19]]
57
[[19], [18], [8]]
61
[[19], [18], [2]]
53
[[19], [18, 19]]
101
[[19], [18, 19], [18]]
71
[[19], [18, 19], [19]]
80
[[19], [18, 19], [19], [19]]
51
[[19], [18, 19], [17]]
59
[[19], [18, 19], [14]]
58
[[19], [18, 19], [15]]
56
[[19], [18, 19], [12]]
54
[[19], [18, 19], [16]]
56
[[19], [19]]
156
[[19], [19], [3]]
59
[[19], [19], [4]]
64
[[19], [19], [5]]
70
[[19], [19], [7]]
76
[[19], [19], [7], [19]]
57
[[19], [19], [9]]
71
[[19], [19], [10]]
69
[[19], [19], [11]]
71
[[19], [19], [11], [19]]
54
[[19], [19], [13]]
89
[[19], [19], [13], [19]]
68
[[19], [19], [13], [17]]
53
[[19], [19], [13], [18]]
53
[[19], [19], [14]]
95
[[19], [19], [14], [19]]
59
[[19], [19], [14], [18]]
51
[[19], [19], [15]]
89
[[19], [19], [15], [19]]
58
[[19], [19], [15], [17]]
50
[[19], [19], [15], [18]]
50
[[19], [19], [16]]
95
[[19], [19], [16], [19]]
62
[[19], [19], [17]]
105
[[19], [19], [17], [19]]
76
[[19], [19], [17], [17]]
62
[[19], [19], [17], [18]]
62
[[19], [19], [17], [13]]
59
[[19], [19], [17], [15]]
62
[[19], [19], [17], [14]]
58
[[19], [19], [17], [16]]
54
[[19], [19], [18]]
110
[[19], [19], [18], [18]]
72
[[19], [19], [18], [19]]
80
[[19], [19], [18], [19], [18]]
50
[[19], [19], [18], [17]]
64
[[19], [19], [18], [13]]
50
[[19], [19], [18], [14]]
57
[[19], [19], [18], [15]]
52
[[19], [19], [18], [12]]
51
[[19], [19], [18], [16]]
55
[[19], [19], [18, 19]]
80
[[19], [19], [18, 19], [19]]
57
[[19], [19], [18, 19], [18]]
51
[[19], [19], [19]]
126
[[19], [19], [19], [18]]
82
[[19], [19], [19], [18], [18]]
49
[[19], [19], [19], [18], [19]]
51
[[19], [19], [19], [19]]
97
[[19], [19], [19], [19], [19]]
59
[[19], [19], [19], [19], [18]]
56
[[19], [19], [19], [17]]
76
[[19], [19], [19], [15]]
66
[[19], [19], [19], [16]]
68
[[19], [19], [19], [13]]
58
[[19], [19], [19], [14]]
65
[[19], [19], [19], [7]]
58
[[19], [19], [19], [5]]
54
[[19], [19], [19], [12]]
56
[[19], [19], [19], [10]]
52
[[19], [19], [0]]
54
[[19], [19], [8]]
70
[[19], [19], [12]]
84
[[19], [19], [12], [19]]
62
[[19], [19], [12], [18]]
54
[[19], [19], [2]]
61
[[19], [19], [6]]
70
[[19], [19], [1]]
52
[[16]]
148
[[16], [16]]
100
[[16], [16], [19]]
66
[[16], [16], [17]]
51
[[16], [18]]
99
[[16], [18], [19]]
70
[[16], [18], [19], [19]]
52
[[16], [18], [18]]
67
[[16], [18], [16]]
52
[[16], [18], [17]]
52
[[16], [18], [14]]
50
[[16], [19]]
115
[[16], [19], [19]]
84
[[16], [19], [19], [19]]
61
[[16], [19], [18]]
74
[[16], [19], [17]]
65
[[16], [19], [14]]
62
[[16], [19], [16]]
68
[[16], [19], [15]]
59
[[16], [19], [12]]
53
[[16], [12]]
82
[[16], [12], [19]]
55
[[16], [9]]
64
[[16], [14]]
89
[[16], [14], [19]]
60
[[16], [14], [16]]
50
[[16], [14], [18]]
52
[[16], [14], [15]]
49
[[16], [17]]
93
[[16], [17], [19]]
66
[[16], [17], [17]]
53
[[16], [17], [18]]
52
[[16], [17], [14]]
50
[[16], [17], [15]]
50
[[16], [0]]
54
[[16], [5]]
68
[[16], [8]]
60
[[16], [13]]
75
[[16], [13], [19]]
60
[[16], [15]]
80
[[16], [15], [17]]
51
[[16], [15], [19]]
52
[[16], [11]]
69
[[16], [7]]
64
[[16], [6]]
70
[[16], [10]]
64
[[16], [3]]
56
[[16], [4]]
55
[[16], [1]]
51
[[5]]
109
[[5], [14]]
59
[[5], [18]]
72
[[5], [18], [19]]
57
[[5], [19]]
82
[[5], [19], [19]]
62
[[5], [19], [18]]
55
[[5], [8]]
50
[[5], [16]]
65
[[5], [17]]
64
[[5], [17], [19]]
50
[[5], [13]]
51
[[5], [15]]
53
[[5], [12]]
54
[[4]]
100
[[4], [14]]
62
[[4], [15]]
59
[[4], [16]]
61
[[4], [17]]
58
[[4], [18]]
68
[[4], [18], [19]]
52
[[4], [19]]
78
[[4], [19], [19]]
57
[[4], [19], [18]]
51
[[4], [12]]
49
[[9]]
114
[[9], [9]]
57
[[9], [10]]
55
[[9], [11]]
55
[[9], [13]]
66
[[9], [13], [19]]
53
[[9], [16]]
72
[[9], [18]]
83
[[9], [18], [19]]
62
[[9], [18], [18]]
55
[[9], [18], [17]]
49
[[9], [18, 19]]
62
[[9], [19]]
93
[[9], [19], [18]]
68
[[9], [19], [19]]
78
[[9], [19], [19], [19]]
54
[[9], [19], [17]]
61
[[9], [19], [17], [19]]
50
[[9], [19], [14]]
54
[[9], [19], [16]]
57
[[9], [19], [15]]
56
[[9], [19], [13]]
52
[[9], [12]]
62
[[9], [5]]
51
[[9], [7]]
54
[[9], [8]]
55
[[9], [14]]
73
[[9], [17]]
72
[[9], [17], [19]]
58
[[9], [6]]
60
[[9], [15]]
68
[[9], [0]]
49
[[6]]
114
[[6], [17]]
73
[[6], [17], [19]]
57
[[6], [17], [18]]
49
[[6], [19]]
88
[[6], [19], [19]]
69
[[6], [19], [18]]
60
[[6], [19], [17]]
52
[[6], [19], [14]]
51
[[6], [19], [15]]
50
[[6], [19], [16]]
53
[[6], [13]]
66
[[6], [13], [19]]
51
[[6], [16]]
64
[[6], [18]]
78
[[6], [18], [18]]
53
[[6], [18], [19]]
55
[[6], [2]]
53
[[6], [7]]
54
[[6], [12]]
62
[[6], [15]]
63
[[6], [14]]
64
[[6], [9]]
53
[[6], [10]]
53
[[3]]
107
[[3], [13]]
55
[[3], [14]]
58
[[3], [15]]
56
[[3], [18]]
72
[[3], [19]]
80
[[3], [19], [19]]
60
[[3], [17]]
61
[[3], [16]]
61
[[3], [6]]
51
[[1]]
99
[[1], [13]]
55
[[1], [16]]
62
[[1], [18]]
67
[[1], [18], [19]]
55
[[1], [19]]
79
[[1], [19], [19]]
64
[[1], [19], [17]]
51
[[1], [19], [18]]
51
[[1], [17]]
62
[[1], [14]]
62
[[1], [15]]
56
[[1], [12]]
52
[[1], [7]]
49
[[2]]
108
[[2], [18]]
66
[[2], [19]]
80
[[2], [19], [19]]
56
[[2], [19], [16]]
52
[[2], [13]]
54
[[2], [17]]
69
[[2], [17], [19]]
56
[[2], [15]]
58
[[2], [16]]
72
[[2], [12]]
52
[[2], [14]]
56
[[18]]
166
[[18], [0]]
67
[[18], [0], [19]]
50
[[18], [3]]
70
[[18], [4]]
72
[[18], [4], [19]]
50
[[18], [6]]
85
[[18], [6], [19]]
59
[[18], [7]]
80
[[18], [7], [19]]
62
[[18], [7], [18]]
50
[[18], [8]]
80
[[18], [8], [19]]
58
[[18], [8], [18]]
51
[[18], [9]]
81
[[18], [9], [19]]
55
[[18], [10]]
80
[[18], [10], [19]]
55
[[18], [11]]
80
[[18], [11], [19]]
63
[[18], [11], [17]]
51
[[18], [11], [14]]
49
[[18], [13]]
92
[[18], [13], [17]]
58
[[18], [13], [19]]
76
[[18], [13], [19], [19]]
52
[[18], [13], [14]]
54
[[18], [13], [15]]
52
[[18], [13], [18]]
59
[[18], [14]]
104
[[18], [14], [19]]
72
[[18], [14], [16]]
57
[[18], [14], [15]]
54
[[18], [14], [17]]
53
[[18], [14], [18]]
58
[[18], [15]]
97
[[18], [15], [17]]
59
[[18], [15], [19]]
72
[[18], [15], [14]]
55
[[18], [15], [16]]
52
[[18], [15], [15]]
57
[[18], [15], [18]]
58
[[18], [16]]
107
[[18], [16], [19]]
75
[[18], [16], [16]]
61
[[18], [16], [18]]
58
[[18], [16], [15]]
53
[[18], [16], [14]]
54
[[18], [16], [17]]
56
[[18], [16], [12]]
51
[[18], [17]]
111
[[18], [17], [17]]
68
[[18], [17], [19]]
92
[[18], [17], [19], [19]]
57
[[18], [17], [19], [18]]
55
[[18], [17], [19], [17]]
51
[[18], [17], [18]]
72
[[18], [17], [18], [19]]
53
[[18], [17], [15]]
70
[[18], [17], [13]]
59
[[18], [17], [14]]
69
[[18], [17], [12]]
56
[[18], [17], [16]]
56
[[18], [18]]
119
[[18], [18], [13]]
67
[[18], [18], [13], [19]]
52
[[18], [18], [14]]
72
[[18], [18], [15]]
67
[[18], [18], [16]]
71
[[18], [18], [16], [19]]
50
[[18], [18], [18]]
85
[[18], [18], [18], [19]]
59
[[18], [18], [18], [18]]
52
[[18], [18], [19]]
97
[[18], [18], [19], [18]]
70
[[18], [18], [19], [19]]
70
[[18], [18], [19], [14]]
56
[[18], [18], [19], [17]]
50
[[18], [18], [12]]
65
[[18], [18], [17]]
78
[[18], [18], [17], [19]]
65
[[18], [18], [5]]
53
[[18], [18], [10]]
55
[[18], [18], [7]]
53
[[18], [18], [6]]
53
[[18], [18], [11]]
51
[[18], [18], [9]]
49
[[18], [18, 19]]
86
[[18], [18, 19], [19]]
66
[[18], [18, 19], [18]]
58
[[18], [18, 19], [14]]
50
[[18], [18, 19], [15]]
49
[[18], [18, 19], [17]]
49
[[18], [19]]
136
[[18], [19], [10]]
61
[[18], [19], [11]]
56
[[18], [19], [13]]
71
[[18], [19], [13], [19]]
56
[[18], [19], [15]]
75
[[18], [19], [16]]
80
[[18], [19], [16], [19]]
56
[[18], [19], [18]]
92
[[18], [19], [18], [18]]
64
[[18], [19], [18], [19]]
70
[[18], [19], [18], [17]]
54
[[18], [19], [19]]
107
[[18], [19], [19], [18]]
69
[[18], [19], [19], [19]]
81
[[18], [19], [19], [19], [19]]
56
[[18], [19], [19], [17]]
61
[[18], [19], [19], [14]]
60
[[18], [19], [19], [15]]
56
[[18], [19], [19], [13]]
51
[[18], [19], [19], [7]]
49
[[18], [19], [7]]
61
[[18], [19], [12]]
68
[[18], [19], [17]]
85
[[18], [19], [17], [19]]
68
[[18], [19], [17], [17]]
51
[[18], [19], [17], [18]]
54
[[18], [19], [17], [15]]
50
[[18], [19], [14]]
78
[[18], [19], [14], [19]]
51
[[18], [19], [8]]
56
[[18], [19], [5]]
62
[[18], [19], [9]]
57
[[18], [19], [3]]
50
[[18], [19], [6]]
59
[[18], [1]]
65
[[18], [5]]
75
[[18], [12]]
100
[[18], [12], [18]]
61
[[18], [12], [19]]
71
[[18], [12], [17]]
56
[[18], [12], [14]]
56
[[18], [2]]
68
[[18, 19]]
124
[[18, 19], [7]]
59
[[18, 19], [10]]
60
[[18, 19], [13]]
66
[[18, 19], [13], [19]]
51
[[18, 19], [14]]
81
[[18, 19], [14], [19]]
52
[[18, 19], [16]]
76
[[18, 19], [16], [19]]
53
[[18, 19], [17]]
78
[[18, 19], [17], [19]]
64
[[18, 19], [17], [15]]
53
[[18, 19], [17], [18]]
50
[[18, 19], [18]]
91
[[18, 19], [18], [19]]
72
[[18, 19], [18], [18]]
60
[[18, 19], [18], [17]]
52
[[18, 19], [18], [14]]
52
[[18, 19], [18], [16]]
52
[[18, 19], [18], [15]]
49
[[18, 19], [19]]
99
[[18, 19], [19], [18]]
68
[[18, 19], [19], [19]]
75
[[18, 19], [19], [15]]
56
[[18, 19], [19], [17]]
54
[[18, 19], [19], [13]]
54
[[18, 19], [19], [14]]
57
[[18, 19], [19], [16]]
53
[[18, 19], [12]]
73
[[18, 19], [12], [19]]
55
[[18, 19], [5]]
60
[[18, 19], [15]]
75
[[18, 19], [15], [19]]
54
[[18, 19], [9]]
60
[[18, 19], [6]]
61
[[18, 19], [3]]
53
[[18, 19], [8]]
53
[[18, 19], [1]]
49
[[18, 19], [4]]
52
[[18, 19], [11]]
50
[[7]]
117
[[7], [10]]
56
[[7], [17]]
73
[[7], [17], [19]]
59
[[7], [18]]
83
[[7], [18], [19]]
58
[[7], [18], [18]]
51
[[7], [18, 19]]
62
[[7], [19]]
96
[[7], [19], [19]]
72
[[7], [19], [17]]
57
[[7], [19], [16]]
55
[[7], [19], [15]]
50
[[7], [19], [18]]
58
[[7], [13]]
66
[[7], [13], [19]]
52
[[7], [15]]
66
[[7], [16]]
67
[[7], [14]]
72
[[7], [12]]
59
[[7], [5]]
55
[[8]]
117
[[8], [10]]
60
[[8], [11]]
56
[[8], [13]]
65
[[8], [13], [19]]
51
[[8], [14]]
65
[[8], [16]]
74
[[8], [16], [19]]
51
[[8], [18]]
85
[[8], [18], [18]]
53
[[8], [18], [19]]
63
[[8], [18], [17]]
50
[[8], [18], [16]]
54
[[8], [18, 19]]
60
[[8], [19]]
92
[[8], [19], [18]]
63
[[8], [19], [19]]
72
[[8], [19], [19], [19]]
55
[[8], [19], [17]]
59
[[8], [19], [16]]
59
[[8], [19], [14]]
50
[[8], [7]]
55
[[8], [8]]
52
[[8], [12]]
62
[[8], [17]]
77
[[8], [17], [19]]
57
[[8], [15]]
58
[[8], [6]]
57
[[11]]
118
[[11], [7]]
58
[[11], [11]]
65
[[11], [13]]
77
[[11], [13], [19]]
60
[[11], [15]]
75
[[11], [15], [19]]
55
[[11], [17]]
83
[[11], [17], [19]]
64
[[11], [17], [17]]
51
[[11], [18]]
83
[[11], [18], [19]]
65
[[11], [18], [18]]
52
[[11], [18, 19]]
54
[[11], [19]]
96
[[11], [19], [19]]
74
[[11], [19], [18]]
61
[[11], [19], [17]]
54
[[11], [19], [15]]
49
[[11], [19], [16]]
51
[[11], [14]]
73
[[11], [14], [19]]
50
[[11], [2]]
54
[[11], [16]]
71
[[11], [8]]
52
[[11], [12]]
55
[[11], [10]]
52
[[11], [5]]
51
[[11], [6]]
55
[[11], [9]]
53
[[11], [0]]
50
[[15]]
135
[[15], [3]]
55
[[15], [7]]
64
[[15], [10]]
63
[[15], [11]]
68
[[15], [11], [19]]
50
[[15], [13]]
77
[[15], [13], [19]]
64
[[15], [16]]
87
[[15], [16], [19]]
57
[[15], [17]]
96
[[15], [17], [19]]
72
[[15], [17], [18]]
61
[[15], [17], [13]]
52
[[15], [17], [15]]
58
[[15], [17], [17]]
55
[[15], [17], [16]]
51
[[15], [17], [14]]
50
[[15], [18]]
101
[[15], [18], [18]]
66
[[15], [18], [19]]
76
[[15], [18], [17]]
57
[[15], [18], [16]]
57
[[15], [18], [14]]
52
[[15], [18, 19]]
67
[[15], [19]]
112
[[15], [19], [16]]
67
[[15], [19], [18]]
75
[[15], [19], [13]]
51
[[15], [19], [19]]
85
[[15], [19], [14]]
58
[[15], [19], [17]]
63
[[15], [19], [12]]
54
[[15], [19], [15]]
61
[[15], [5]]
56
[[15], [15]]
88
[[15], [15], [19]]
54
[[15], [14]]
87
[[15], [14], [19]]
56
[[15], [8]]
58
[[15], [12]]
71
[[15], [12], [19]]
51
[[15], [6]]
68
[[15], [2]]
54
[[15], [4]]
53
[[15], [9]]
54
[[15], [1]]
51
[[15], [0]]
50
[[13]]
137
[[13], [2]]
52
[[13], [3]]
51
[[13], [4]]
54
[[13], [5]]
60
[[13], [9]]
59
[[13], [10]]
65
[[13], [11]]
64
[[13], [13]]
68
[[13], [14]]
81
[[13], [14], [19]]
53
[[13], [15]]
76
[[13], [15], [19]]
53
[[13], [17]]
91
[[13], [17], [19]]
69
[[13], [17], [14]]
52
[[13], [17], [18]]
51
[[13], [18]]
97
[[13], [18], [18]]
55
[[13], [18], [19]]
65
[[13], [18], [16]]
50
[[13], [18, 19]]
62
[[13], [19]]
113
[[13], [19], [17]]
58
[[13], [19], [18]]
67
[[13], [19], [19]]
82
[[13], [19], [14]]
59
[[13], [19], [16]]
56
[[13], [19], [15]]
52
[[13], [8]]
61
[[13], [0]]
55
[[13], [7]]
60
[[13], [16]]
79
[[13], [12]]
66
[[13], [6]]
59
[[10]]
114
[[10], [16]]
63
[[10], [18]]
77
[[10], [18], [19]]
57
[[10], [18], [18]]
51
[[10], [12]]
60
[[10], [13]]
63
[[10], [15]]
65
[[10], [17]]
70
[[10], [17], [19]]
55
[[10], [19]]
88
[[10], [19], [19]]
64
[[10], [19], [18]]
52
[[10], [8]]
53
[[10], [9]]
54
[[10], [11]]
53
[[10], [14]]
64
[[10], [6]]
53
[[10], [7]]
49
[[0]]
96
[[0], [18]]
69
[[0], [19]]
79
[[0], [19], [19]]
58
[[0], [13]]
57
[[0], [14]]
61
[[0], [12]]
54
[[0], [17]]
58
[[0], [16]]
60
[[0], [15]]
53
[[0], [11]]
50
[[17]]
153
[[17], [3]]
63
[[17], [4]]
69
[[17], [4], [19]]
51
[[17], [7]]
78
[[17], [7], [19]]
59
[[17], [9]]
72
[[17], [9], [19]]
50
[[17], [10]]
73
[[17], [11]]
74
[[17], [11], [19]]
56
[[17], [11], [17]]
50
[[17], [13]]
95
[[17], [13], [18]]
60
[[17], [13], [19]]
72
[[17], [13], [17]]
58
[[17], [13], [14]]
53
[[17], [13], [15]]
51
[[17], [13], [16]]
50
[[17], [14]]
101
[[17], [14], [19]]
73
[[17], [14], [14]]
50
[[17], [14], [17]]
56
[[17], [14], [16]]
57
[[17], [14], [15]]
54
[[17], [14], [18]]
64
[[17], [14], [13]]
49
[[17], [15]]
94
[[17], [15], [18]]
62
[[17], [15], [19]]
69
[[17], [15], [17]]
60
[[17], [15], [14]]
51
[[17], [15], [13]]
51
[[17], [15], [16]]
51
[[17], [15], [15]]
51
[[17], [16]]
92
[[17], [16], [19]]
59
[[17], [16], [16]]
55
[[17], [17]]
104
[[17], [17], [18]]
69
[[17], [17], [19]]
81
[[17], [17], [17]]
65
[[17], [17], [13]]
54
[[17], [17], [14]]
57
[[17], [17], [15]]
54
[[17], [18]]
105
[[17], [18], [18]]
77
[[17], [18], [18], [19]]
53
[[17], [18], [13]]
56
[[17], [18], [19]]
82
[[17], [18], [19], [19]]
60
[[17], [18], [19], [18]]
60
[[17], [18], [17]]
66
[[17], [18], [17], [19]]
54
[[17], [18], [12]]
59
[[17], [18], [10]]
49
[[17], [18], [16]]
56
[[17], [18], [14]]
60
[[17], [18], [15]]
59
[[17], [18], [7]]
51
[[17], [18], [6]]
52
[[17], [18, 19]]
76
[[17], [18, 19], [19]]
55
[[17], [18, 19], [18]]
53
[[17], [19]]
124
[[17], [19], [10]]
55
[[17], [19], [11]]
52
[[17], [19], [17]]
82
[[17], [19], [17], [19]]
60
[[17], [19], [17], [18]]
56
[[17], [19], [18]]
86
[[17], [19], [18], [19]]
61
[[17], [19], [18], [18]]
55
[[17], [19], [5]]
56
[[17], [19], [7]]
60
[[17], [19], [13]]
65
[[17], [19], [19]]
93
[[17], [19], [19], [19]]
68
[[17], [19], [19], [17]]
54
[[17], [19], [19], [18]]
58
[[17], [19], [14]]
67
[[17], [19], [8]]
49
[[17], [19], [15]]
66
[[17], [19], [16]]
70
[[17], [19], [12]]
58
[[17], [19], [6]]
53
[[17], [5]]
74
[[17], [0]]
65
[[17], [1]]
54
[[17], [2]]
64
[[17], [8]]
70
[[17], [8], [19]]
50
[[17], [12]]
82
[[17], [12], [19]]
58
[[17], [12], [18]]
51
[[17], [6]]
75
