[[14]]
168
[[14], [10]]
83
[[14], [11]]
76
[[14], [14]]
92
[[14], [14], [19]]
69
[[14], [15]]
109
[[14], [15], [19]]
77
[[14], [15], [18]]
68
[[14], [18]]
122
[[14], [18], [18]]
82
[[14], [18], [19]]
90
[[14], [18], [17]]
73
[[14], [18], [16]]
68
[[14], [18, 19]]
94
[[14], [19]]
138
[[14], [19], [18]]
97
[[14], [19], [18], [19]]
68
[[14], [19], [18, 19]]
68
[[14], [19], [19]]
107
[[14], [19], [19], [19]]
78
[[14], [19], [19], [18]]
69
[[14], [19], [17]]
86
[[14], [19], [16]]
81
[[14], [19], [15]]
74
[[14], [19], [13]]
69
[[14], [19], [14]]
70
[[14], [7]]
87
[[14], [12]]
93
[[14], [12], [19]]
72
[[14], [13]]
96
[[14], [13], [19]]
76
[[14], [16]]
109
[[14], [16], [19]]
76
[[14], [6]]
83
[[14], [8]]
83
[[14], [17]]
108
[[14], [17], [19]]
87
[[14], [17], [18]]
73
[[14], [17], [17]]
69
[[14], [5]]
71
[[14], [3]]
72
[[14], [2]]
73
[[14], [9]]
75
[[14], [4]]
72
[[12]]
157
[[12], [19]]
125
[[12], [19], [19]]
91
[[12], [19], [17]]
78
[[12], [19], [18]]
88
[[12], [19], [14]]
75
[[12], [19], [16]]
77
[[12], [14]]
101
[[12], [14], [19]]
70
[[12], [15]]
94
[[12], [15], [19]]
69
[[12], [18]]
113
[[12], [18], [19]]
84
[[12], [18], [18]]
78
[[12], [18, 19]]
81
[[12], [13]]
76
[[12], [17]]
101
[[12], [17], [19]]
72
[[12], [12]]
71
[[12], [16]]
96
[[12], [16], [19]]
70
[[12], [9]]
74
[[12], [7]]
73
[[12], [8]]
73
[[12], [11]]
69
[[12], [6]]
69
[[12], [5]]
68
[[12], [10]]
69
[[19]]
205
[[19], [0]]
91
[[19], [1]]
96
[[19], [1], [19]]
70
[[19], [2]]
95
[[19], [3]]
95
[[19], [4]]
100
[[19], [5]]
102
[[19], [5], [19]]
69
[[19], [6]]
110
[[19], [6], [19]]
83
[[19], [6], [18]]
69
[[19], [7]]
114
[[19], [7], [19]]
92
[[19], [7], [18]]
78
[[19], [7], [17]]
68
[[19], [8]]
114
[[19], [8], [19]]
82
[[19], [8], [18]]
77
[[19], [9]]
108
[[19], [9], [19]]
81
[[19], [9], [18]]
68
[[19], [10]]
118
[[19], [10], [19]]
84
[[19], [10], [18]]
73
[[19], [11]]
111
[[19], [11], [19]]
88
[[19], [11], [17]]
70
[[19], [11], [18]]
73
[[19], [12]]
122
[[19], [12], [19]]
95
[[19], [12], [18]]
81
[[19], [12], [17]]
70
[[19], [12], [14]]
69
[[19], [13]]
126
[[19], [13], [17]]
84
[[19], [13], [18]]
85
[[19], [13], [19]]
101
[[19], [13], [19], [19]]
68
[[19], [13], [14]]
69
[[19], [13], [15]]
71
[[19], [13], [16]]
70
[[19], [14]]
148
[[19], [14], [18]]
98
[[19], [14], [18, 19]]
73
[[19], [14], [19]]
114
[[19], [14], [19], [18]]
71
[[19], [14], [19], [19]]
74
[[19], [14], [13]]
76
[[19], [14], [17]]
83
[[19], [14], [12]]
71
[[19], [14], [15]]
88
[[19], [14], [14]]
70
[[19], [14], [16]]
87
[[19], [15]]
133
[[19], [15], [19]]
103
[[19], [15], [17]]
84
[[19], [15], [16]]
80
[[19], [15], [15]]
76
[[19], [15], [18]]
89
[[19], [15], [14]]
70
[[19], [16]]
149
[[19], [16], [19]]
109
[[19], [16], [19], [19]]
71
[[19], [16], [14]]
81
[[19], [16], [16]]
89
[[19], [16], [18]]
92
[[19], [16], [17]]
86
[[19], [16], [15]]
75
[[19], [16, 19]]
69
[[19], [17]]
146
[[19], [17], [13]]
79
[[19], [17], [17]]
102
[[19], [17], [19]]
120
[[19], [17], [19], [18]]
73
[[19], [17], [19], [19]]
76
[[19], [17], [19], [17]]
70
[[19], [17], [18]]
104
[[19], [17], [18], [19]]
74
[[19], [17], [18], [18]]
70
[[19], [17], [18, 19]]
72
[[19], [17], [15]]
90
[[19], [17], [14]]
90
[[19], [17], [12]]
71
[[19], [17], [16]]
86
[[19], [17], [10]]
68
[[19], [17, 19]]
82
[[19], [18]]
161
[[19], [18], [13]]
86
[[19], [18], [13], [19]]
68
[[19], [18], [16]]
94
[[19], [18], [17]]
109
[[19], [18], [17], [19]]
85
[[19], [18], [17], [18]]
69
[[19], [18], [18]]
120
[[19], [18], [18], [19]]
84
[[19], [18], [18], [18]]
75
[[19], [18], [18, 19]]
85
[[19], [18], [19]]
135
[[19], [18], [19], [18]]
89
[[19], [18], [19], [19]]
95
[[19], [18], [19], [17]]
77
[[19], [18], [19], [14]]
70
[[19], [18], [19], [16]]
71
[[19], [18], [12]]
87
[[19], [18], [14]]
99
[[19], [18], [15]]
92
[[19], [18], [9]]
75
[[19], [18], [6]]
76
[[19], [18], [8]]
74
[[19], [18], [10]]
83
[[19], [18], [7]]
80
[[19], [18], [11]]
69
[[19], [18], [4]]
70
[[19], [18], [5]]
69
[[19], [18, 19]]
123
[[19], [18, 19], [19]]
95
[[19], [18, 19], [18]]
84
[[19], [18, 19], [17]]
71
[[19], [19]]
184
[[19], [19], [7]]
93
[[19], [19], [7], [19]]
69
[[19], [19], [13]]
101
[[19], [19], [13], [19]]
76
[[19], [19], [14]]
111
[[19], [19], [14], [19]]
69
[[19], [19], [16]]
114
[[19], [19], [16], [19]]
76
[[19], [19], [17]]
122
[[19], [19], [17], [19]]
89
[[19], [19], [17], [17]]
75
[[19], [19], [17], [15]]
73
[[19], [19], [17], [18]]
75
[[19], [19], [18]]
135
[[19], [19], [18], [19]]
95
[[19], [19], [18], [18]]
85
[[19], [19], [18], [17]]
76
[[19], [19], [18, 19]]
97
[[19], [19], [18, 19], [19]]
68
[[19], [19], [19]]
149
[[19], [19], [19], [18]]
96
[[19], [19], [19], [18, 19]]
68
[[19], [19], [19], [19]]
116
[[19], [19], [19], [19], [19]]
68
[[19], [19], [19], [17]]
89
[[19], [19], [19], [15]]
80
[[19], [19], [19], [16]]
80
[[19], [19], [19], [14]]
77
[[19], [19], [19], [7]]
71
[[19], [19], [8]]
84
[[19], [19], [11]]
84
[[19], [19], [12]]
95
[[19], [19], [12], [19]]
71
[[19], [19], [15]]
105
[[19], [19], [15], [19]]
68
[[19], [19], [9]]
84
[[19], [19], [5]]
83
[[19], [19], [10]]
91
[[19], [19], [6]]
84
[[19], [19], [4]]
77
[[19], [19], [2]]
72
[[19], [19], [3]]
70
[[16]]
176
[[16], [16]]
118
[[16], [16], [19]]
80
[[16], [18]]
120
[[16], [18], [18]]
86
[[16], [18], [19]]
85
[[16], [18, 19]]
88
[[16], [19]]
140
[[16], [19], [19]]
104
[[16], [19], [19], [19]]
70
[[16], [19], [18]]
91
[[16], [19], [14]]
73
[[16], [19], [16]]
79
[[16], [19], [17]]
78
[[16], [19], [15]]
72
[[16], [12]]
90
[[16], [14]]
103
[[16], [14], [19]]
69
[[16], [17]]
114
[[16], [17], [19]]
80
[[16], [13]]
85
[[16], [13], [19]]
68
[[16], [15]]
99
[[16], [5]]
80
[[16], [11]]
87
[[16], [6]]
82
[[16], [7]]
79
[[16], [9]]
80
[[16], [10]]
81
[[16], [8]]
77
[[16], [4]]
70
[[16], [3]]
68
[[16, 19]]
89
[[16, 19], [19]]
74
[[5]]
127
[[5], [18]]
88
[[5], [18], [19]]
68
[[5], [19]]
96
[[5], [19], [19]]
71
[[5], [16]]
79
[[5], [17]]
78
[[5], [14]]
68
[[4]]
121
[[4], [18]]
82
[[4], [19]]
92
[[4], [19], [19]]
73
[[4], [14]]
76
[[4], [16]]
77
[[4], [15]]
73
[[4], [17]]
70
[[9]]
136
[[9], [18]]
101
[[9], [18], [19]]
72
[[9], [18, 19]]
76
[[9], [19]]
110
[[9], [19], [19]]
90
[[9], [19], [18]]
78
[[9], [19], [17]]
72
[[9], [17]]
88
[[9], [14]]
84
[[9], [13]]
72
[[9], [15]]
78
[[9], [16]]
84
[[9], [6]]
69
[[9], [9]]
68
[[9], [11]]
68
[[9], [12]]
68
[[6]]
132
[[6], [19]]
101
[[6], [19], [19]]
77
[[6], [19], [18]]
69
[[6], [18]]
92
[[6], [13]]
74
[[6], [17]]
83
[[6], [14]]
75
[[6], [12]]
70
[[6], [15]]
75
[[6], [16]]
76
[[3]]
124
[[3], [19]]
94
[[3], [19], [19]]
73
[[3], [18]]
85
[[3], [16]]
76
[[3], [17]]
73
[[3], [14]]
69
[[1]]
124
[[1], [19]]
94
[[1], [19], [19]]
74
[[1], [17]]
72
[[1], [18]]
82
[[1], [14]]
74
[[1], [16]]
77
[[1], [15]]
69
[[2]]
125
[[2], [19]]
91
[[2], [19], [19]]
69
[[2], [17]]
80
[[2], [18]]
81
[[2], [16]]
82
[[2], [15]]
68
[[18]]
192
[[18], [3]]
81
[[18], [4]]
90
[[18], [6]]
97
[[18], [7]]
96
[[18], [7], [19]]
74
[[18], [9]]
98
[[18], [10]]
101
[[18], [10], [19]]
69
[[18], [11]]
93
[[18], [11], [19]]
73
[[18], [13]]
102
[[18], [13], [19]]
82
[[18], [14]]
127
[[18], [14], [19]]
85
[[18], [14], [18]]
74
[[18], [14], [16]]
71
[[18], [15]]
114
[[18], [15], [19]]
83
[[18], [15], [18]]
71
[[18], [15], [15]]
68
[[18], [16]]
129
[[18], [16], [19]]
91
[[18], [16], [16]]
71
[[18], [16], [18]]
72
[[18], [17]]
130
[[18], [17], [19]]
107
[[18], [17], [19], [19]]
69
[[18], [17], [17]]
83
[[18], [17], [18]]
89
[[18], [17], [15]]
83
[[18], [17], [14]]
81
[[18], [17], [16]]
71
[[18], [17, 19]]
75
[[18], [18]]
141
[[18], [18], [13]]
75
[[18], [18], [18]]
106
[[18], [18], [18], [19]]
68
[[18], [18], [18, 19]]
69
[[18], [18], [19]]
112
[[18], [18], [19], [19]]
80
[[18], [18], [19], [18]]
84
[[18], [18], [17]]
95
[[18], [18], [17], [19]]
73
[[18], [18], [15]]
80
[[18], [18], [16]]
84
[[18], [18], [14]]
84
[[18], [18], [12]]
75
[[18], [18], [10]]
68
[[18], [18, 19]]
103
[[18], [18, 19], [19]]
76
[[18], [18, 19], [18]]
71
[[18], [19]]
160
[[18], [19], [13]]
79
[[18], [19], [16]]
100
[[18], [19], [16], [19]]
68
[[18], [19], [18]]
111
[[18], [19], [18], [19]]
82
[[18], [19], [18], [18]]
79
[[18], [19], [18, 19]]
79
[[18], [19], [19]]
127
[[18], [19], [19], [19]]
98
[[18], [19], [19], [18]]
88
[[18], [19], [19], [17]]
74
[[18], [19], [19], [14]]
69
[[18], [19], [19], [15]]
69
[[18], [19], [12]]
83
[[18], [19], [17]]
102
[[18], [19], [17], [19]]
79
[[18], [19], [17], [18]]
69
[[18], [19], [14]]
95
[[18], [19], [15]]
91
[[18], [19], [7]]
74
[[18], [19], [5]]
72
[[18], [19], [10]]
77
[[18], [19], [6]]
69
[[18], [19], [8]]
69
[[18], [19], [9]]
69
[[18], [19], [11]]
68
[[18], [5]]
88
[[18], [12]]
114
[[18], [12], [19]]
84
[[18], [12], [18]]
73
[[18], [0]]
76
[[18], [8]]
97
[[18], [8], [19]]
68
[[18], [2]]
81
[[18], [1]]
82
[[18, 19]]
146
[[18, 19], [18]]
108
[[18, 19], [18], [19]]
83
[[18, 19], [18], [18]]
75
[[18, 19], [18, 19]]
75
[[18, 19], [19]]
117
[[18, 19], [19], [19]]
88
[[18, 19], [19], [18]]
81
[[18, 19], [12]]
82
[[18, 19], [13]]
75
[[18, 19], [17]]
92
[[18, 19], [17], [19]]
75
[[18, 19], [14]]
95
[[18, 19], [15]]
86
[[18, 19], [16]]
90
[[18, 19], [6]]
69
[[18, 19], [10]]
77
[[18, 19], [5]]
69
[[18, 19], [9]]
71
[[18, 19], [7]]
72
[[7]]
134
[[7], [17]]
87
[[7], [17], [19]]
70
[[7], [18]]
98
[[7], [18], [19]]
70
[[7], [18, 19]]
74
[[7], [19]]
110
[[7], [19], [19]]
83
[[7], [19], [17]]
69
[[7], [14]]
82
[[7], [13]]
71
[[7], [15]]
75
[[7], [16]]
80
[[7], [10]]
68
[[8]]
139
[[8], [18]]
105
[[8], [18], [19]]
76
[[8], [18, 19]]
74
[[8], [19]]
109
[[8], [19], [18]]
76
[[8], [19], [19]]
88
[[8], [19], [16]]
69
[[8], [19], [17]]
70
[[8], [13]]
73
[[8], [16]]
88
[[8], [17]]
94
[[8], [17], [19]]
68
[[8], [14]]
80
[[8], [12]]
73
[[8], [10]]
76
[[8], [15]]
70
[[8], [6]]
69
[[8], [11]]
72
[[11]]
141
[[11], [11]]
74
[[11], [13]]
84
[[11], [15]]
87
[[11], [17]]
98
[[11], [17], [19]]
75
[[11], [18]]
101
[[11], [18], [19]]
78
[[11], [19]]
114
[[11], [19], [19]]
88
[[11], [19], [18]]
75
[[11], [14]]
84
[[11], [16]]
85
[[11], [7]]
69
[[15]]
160
[[15], [11]]
80
[[15], [13]]
87
[[15], [13], [19]]
70
[[15], [16]]
104
[[15], [16], [19]]
68
[[15], [17]]
111
[[15], [17], [19]]
82
[[15], [17], [18]]
73
[[15], [18]]
118
[[15], [18], [18]]
79
[[15], [18], [19]]
88
[[15], [18, 19]]
79
[[15], [19]]
131
[[15], [19], [18]]
87
[[15], [19], [19]]
98
[[15], [19], [17]]
72
[[15], [19], [16]]
77
[[15], [19], [15]]
73
[[15], [19], [14]]
69
[[15], [14]]
105
[[15], [14], [19]]
69
[[15], [15]]
102
[[15], [12]]
80
[[15], [10]]
76
[[15], [6]]
81
[[15], [7]]
78
[[15], [8]]
72
[[15, 19]]
69
[[13]]
159
[[13], [11]]
76
[[13], [13]]
77
[[13], [14]]
96
[[13], [15]]
90
[[13], [17]]
105
[[13], [17], [19]]
81
[[13], [18]]
113
[[13], [18], [19]]
77
[[13], [18, 19]]
76
[[13], [19]]
131
[[13], [19], [18]]
77
[[13], [19], [19]]
96
[[13], [19], [14]]
70
[[13], [19], [17]]
70
[[13], [19], [16]]
70
[[13], [8]]
73
[[13], [7]]
71
[[13], [10]]
84
[[13], [16]]
95
[[13], [12]]
77
[[13], [4]]
68
[[13], [6]]
68
[[13], [9]]
69
[[10]]
141
[[10], [18]]
98
[[10], [18], [19]]
70
[[10], [19]]
107
[[10], [19], [19]]
80
[[10], [13]]
72
[[10], [17]]
86
[[10], [15]]
79
[[10], [14]]
78
[[10], [16]]
83
[[10], [12]]
71
[[10], [8]]
68
[[0]]
112
[[0], [18]]
78
[[0], [19]]
88
[[0], [16]]
70
[[0], [14]]
68
[[17]]
178
[[17], [4]]
83
[[17], [7]]
90
[[17], [9]]
85
[[17], [10]]
91
[[17], [11]]
87
[[17], [13]]
106
[[17], [13], [19]]
79
[[17], [14]]
116
[[17], [14], [19]]
84
[[17], [14], [18]]
77
[[17], [14], [16]]
68
[[17], [15]]
111
[[17], [15], [19]]
80
[[17], [15], [18]]
72
[[17], [16]]
111
[[17], [16], [19]]
73
[[17], [17]]
123
[[17], [17], [19]]
96
[[17], [17], [17]]
79
[[17], [17], [18]]
85
[[17], [18]]
127
[[17], [18], [18]]
93
[[17], [18], [19]]
98
[[17], [18], [19], [18]]
68
[[17], [18], [17]]
83
[[17], [18], [14]]
69
[[17], [18], [15]]
69
[[17], [18, 19]]
94
[[17], [19]]
146
[[17], [19], [18]]
103
[[17], [19], [18], [19]]
68
[[17], [19], [18, 19]]
74
[[17], [19], [19]]
113
[[17], [19], [19], [19]]
81
[[17], [19], [19], [18]]
68
[[17], [19], [17]]
96
[[17], [19], [17], [19]]
70
[[17], [19], [14]]
79
[[17], [19], [16]]
86
[[17], [19], [15]]
80
[[17], [19], [7]]
71
[[17], [19], [13]]
72
[[17], [19], [10]]
68
[[17], [19], [12]]
68
[[17], [5]]
85
[[17], [0]]
74
[[17], [6]]
87
[[17], [8]]
84
[[17], [12]]
94
[[17], [12], [19]]
69
[[17], [2]]
75
[[17], [3]]
72
[[17], [1]]
69
[[17, 19]]
103
[[17, 19], [19]]
86
[[17, 19], [18]]
71
[[17, 18]]
79
