[[14]]
170
[[14], [3]]
73
[[14], [4]]
73
[[14], [9]]
75
[[14], [10]]
83
[[14], [11]]
77
[[14], [11], [19]]
58
[[14], [14]]
94
[[14], [14], [19]]
70
[[14], [14], [18]]
62
[[14], [15]]
111
[[14], [15], [19]]
79
[[14], [15], [18]]
69
[[14], [15], [16]]
64
[[14], [15], [17]]
62
[[14], [18]]
124
[[14], [18], [18]]
84
[[14], [18], [19]]
92
[[14], [18], [19], [19]]
63
[[14], [18], [19], [18]]
59
[[14], [18], [12]]
60
[[14], [18], [17]]
75
[[14], [18], [17], [19]]
60
[[14], [18], [14]]
63
[[14], [18], [15]]
65
[[14], [18], [16]]
69
[[14], [18], [13]]
59
[[14], [18], [10]]
57
[[14], [18, 19]]
96
[[14], [18, 19], [18]]
65
[[14], [18, 19], [19]]
68
[[14], [19]]
140
[[14], [19], [18]]
99
[[14], [19], [18], [19]]
69
[[14], [19], [18], [18]]
61
[[14], [19], [12]]
64
[[14], [19], [19]]
109
[[14], [19], [19], [19]]
80
[[14], [19], [19], [17]]
65
[[14], [19], [19], [18]]
71
[[14], [19], [16]]
82
[[14], [19], [17]]
88
[[14], [19], [17], [19]]
65
[[14], [19], [14]]
71
[[14], [19], [13]]
70
[[14], [19], [15]]
76
[[14], [19], [10]]
66
[[14], [19], [7]]
64
[[14], [19], [8]]
67
[[14], [19], [6]]
58
[[14], [19], [11]]
59
[[14], [5]]
72
[[14], [7]]
88
[[14], [7], [19]]
66
[[14], [12]]
94
[[14], [12], [19]]
72
[[14], [12], [18]]
62
[[14], [13]]
97
[[14], [13], [19]]
77
[[14], [13], [18]]
59
[[14], [16]]
110
[[14], [16], [19]]
77
[[14], [16], [16]]
62
[[14], [16], [18]]
63
[[14], [16], [17]]
61
[[14], [17]]
110
[[14], [17], [19]]
89
[[14], [17], [13]]
58
[[14], [17], [15]]
64
[[14], [17], [18]]
75
[[14], [17], [17]]
71
[[14], [17], [16]]
62
[[14], [6]]
85
[[14], [6], [19]]
63
[[14], [8]]
85
[[14], [8], [19]]
58
[[14], [0]]
62
[[14], [2]]
74
[[14], [1]]
61
[[12]]
159
[[12], [5]]
68
[[12], [14]]
102
[[12], [14], [19]]
70
[[12], [14], [18]]
59
[[12], [19]]
125
[[12], [19], [18]]
88
[[12], [19], [18], [19]]
61
[[12], [19], [19]]
91
[[12], [19], [19], [19]]
67
[[12], [19], [14]]
75
[[12], [19], [17]]
78
[[12], [19], [15]]
66
[[12], [19], [16]]
77
[[12], [19], [13]]
57
[[12], [19], [10]]
61
[[12], [18]]
113
[[12], [18], [19]]
84
[[12], [18], [18]]
78
[[12], [18], [17]]
65
[[12], [18], [16]]
62
[[12], [18], [14]]
59
[[12], [7]]
74
[[12], [8]]
74
[[12], [9]]
74
[[12], [13]]
76
[[12], [13], [19]]
61
[[12], [15]]
94
[[12], [15], [19]]
69
[[12], [15], [18]]
61
[[12], [15], [17]]
59
[[12], [15], [14]]
57
[[12], [15], [16]]
58
[[12], [17]]
101
[[12], [17], [19]]
72
[[12], [17], [14]]
59
[[12], [17], [17]]
60
[[12], [17], [18]]
62
[[12], [12]]
71
[[12], [16]]
96
[[12], [16], [19]]
70
[[12], [10]]
69
[[12], [11]]
69
[[12], [6]]
70
[[12], [3]]
62
[[12], [1]]
67
[[12], [2]]
61
[[12], [4]]
60
[[19]]
207
[[19], [0]]
93
[[19], [0], [19]]
69
[[19], [0], [18]]
59
[[19], [1]]
96
[[19], [1], [19]]
70
[[19], [1], [18]]
59
[[19], [2]]
97
[[19], [2], [19]]
65
[[19], [3]]
96
[[19], [3], [19]]
65
[[19], [3], [18]]
58
[[19], [4]]
101
[[19], [4], [19]]
68
[[19], [4], [18]]
62
[[19], [5]]
102
[[19], [5], [19]]
69
[[19], [5], [18]]
66
[[19], [5], [16]]
58
[[19], [5], [17]]
59
[[19], [6]]
112
[[19], [6], [19]]
84
[[19], [6], [13]]
58
[[19], [6], [18]]
69
[[19], [6], [17]]
61
[[19], [6], [16]]
58
[[19], [7]]
115
[[19], [7], [17]]
68
[[19], [7], [18]]
78
[[19], [7], [19]]
93
[[19], [7], [19], [19]]
61
[[19], [7], [14]]
64
[[19], [7], [16]]
62
[[19], [7], [15]]
58
[[19], [8]]
116
[[19], [8], [18]]
78
[[19], [8], [17]]
67
[[19], [8], [19]]
83
[[19], [8], [19], [19]]
58
[[19], [8], [16]]
64
[[19], [8], [14]]
63
[[19], [8], [10]]
57
[[19], [9]]
108
[[19], [9], [19]]
81
[[19], [9], [18]]
68
[[19], [9], [16]]
61
[[19], [9], [17]]
62
[[19], [10]]
118
[[19], [10], [19]]
84
[[19], [10], [18]]
73
[[19], [10], [14]]
61
[[19], [10], [17]]
62
[[19], [11]]
113
[[19], [11], [18]]
74
[[19], [11], [19]]
89
[[19], [11], [19], [19]]
61
[[19], [11], [17]]
70
[[19], [11], [13]]
57
[[19], [11], [14]]
62
[[19], [11], [16]]
65
[[19], [11], [15]]
60
[[19], [12]]
124
[[19], [12], [18]]
81
[[19], [12], [19]]
95
[[19], [12], [19], [18]]
59
[[19], [12], [19], [19]]
58
[[19], [12], [17]]
70
[[19], [12], [14]]
70
[[19], [12], [15]]
59
[[19], [12], [16]]
65
[[19], [13]]
127
[[19], [13], [13]]
61
[[19], [13], [14]]
70
[[19], [13], [15]]
71
[[19], [13], [17]]
84
[[19], [13], [17], [19]]
59
[[19], [13], [18]]
86
[[19], [13], [19]]
102
[[19], [13], [19], [19]]
68
[[19], [13], [16]]
70
[[19], [13], [10]]
59
[[19], [13], [12]]
60
[[19], [14]]
150
[[19], [14], [14]]
72
[[19], [14], [18]]
99
[[19], [14], [18], [19]]
64
[[19], [14], [18], [18]]
61
[[19], [14], [19]]
115
[[19], [14], [19], [19]]
74
[[19], [14], [19], [18]]
71
[[19], [14], [19], [16]]
58
[[19], [14], [13]]
76
[[19], [14], [15]]
88
[[19], [14], [17]]
83
[[19], [14], [17], [19]]
59
[[19], [14], [12]]
72
[[19], [14], [16]]
87
[[19], [14], [6]]
66
[[19], [14], [8]]
67
[[19], [14], [7]]
66
[[19], [14], [5]]
61
[[19], [14], [2]]
59
[[19], [14], [9]]
60
[[19], [14], [10]]
63
[[19], [14], [11]]
61
[[19], [14], [3]]
57
[[19], [15]]
135
[[19], [15], [18]]
90
[[19], [15], [18], [19]]
60
[[19], [15], [19]]
105
[[19], [15], [19], [19]]
66
[[19], [15], [19], [18]]
59
[[19], [15], [17]]
85
[[19], [15], [17], [19]]
58
[[19], [15], [15]]
77
[[19], [15], [16]]
81
[[19], [15], [13]]
61
[[19], [15], [12]]
58
[[19], [15], [14]]
71
[[19], [15], [6]]
63
[[19], [15], [7]]
60
[[19], [15], [10]]
61
[[19], [16]]
150
[[19], [16], [16]]
90
[[19], [16], [16], [19]]
60
[[19], [16], [18]]
93
[[19], [16], [18], [19]]
62
[[19], [16], [18], [18]]
59
[[19], [16], [19]]
110
[[19], [16], [19], [19]]
72
[[19], [16], [19], [18]]
62
[[19], [16], [14]]
81
[[19], [16], [17]]
87
[[19], [16], [13]]
67
[[19], [16], [12]]
67
[[19], [16], [15]]
76
[[19], [16], [6]]
63
[[19], [16], [5]]
62
[[19], [16], [9]]
59
[[19], [16], [10]]
61
[[19], [16], [11]]
63
[[19], [16], [7]]
60
[[19], [16], [8]]
58
[[19], [17]]
148
[[19], [17], [4]]
65
[[19], [17], [13]]
80
[[19], [17], [14]]
91
[[19], [17], [15]]
92
[[19], [17], [15], [19]]
59
[[19], [17], [17]]
104
[[19], [17], [17], [19]]
70
[[19], [17], [17], [18]]
59
[[19], [17], [18]]
106
[[19], [17], [18], [19]]
75
[[19], [17], [18], [18]]
71
[[19], [17], [18], [17]]
65
[[19], [17], [19]]
122
[[19], [17], [19], [19]]
78
[[19], [17], [19], [17]]
71
[[19], [17], [19], [18]]
75
[[19], [17], [19], [16]]
58
[[19], [17], [16]]
87
[[19], [17], [12]]
72
[[19], [17], [7]]
66
[[19], [17], [8]]
60
[[19], [17], [10]]
68
[[19], [17], [9]]
65
[[19], [17], [5]]
60
[[19], [17], [6]]
66
[[19], [17], [11]]
61
[[19], [17], [2]]
59
[[19], [18]]
163
[[19], [18], [0]]
58
[[19], [18], [3]]
63
[[19], [18], [4]]
71
[[19], [18], [6]]
77
[[19], [18], [7]]
81
[[19], [18], [7], [19]]
58
[[19], [18], [9]]
75
[[19], [18], [10]]
83
[[19], [18], [11]]
71
[[19], [18], [13]]
87
[[19], [18], [13], [19]]
69
[[19], [18], [14]]
100
[[19], [18], [14], [19]]
66
[[19], [18], [15]]
94
[[19], [18], [15], [19]]
63
[[19], [18], [16]]
95
[[19], [18], [16], [19]]
65
[[19], [18], [17]]
111
[[19], [18], [17], [19]]
88
[[19], [18], [17], [15]]
64
[[19], [18], [17], [18]]
70
[[19], [18], [17], [14]]
60
[[19], [18], [17], [17]]
60
[[19], [18], [18]]
122
[[19], [18], [18], [19]]
85
[[19], [18], [18], [18]]
76
[[19], [18], [18], [14]]
63
[[19], [18], [18], [17]]
66
[[19], [18], [18], [16]]
63
[[19], [18], [18, 19]]
87
[[19], [18], [19]]
137
[[19], [18], [19], [18]]
91
[[19], [18], [19], [19]]
97
[[19], [18], [19], [19], [19]]
59
[[19], [18], [19], [17]]
78
[[19], [18], [19], [14]]
71
[[19], [18], [19], [15]]
67
[[19], [18], [19], [16]]
72
[[19], [18], [19], [7]]
58
[[19], [18], [19], [10]]
58
[[19], [18], [5]]
69
[[19], [18], [12]]
88
[[19], [18], [12], [19]]
64
[[19], [18], [8]]
75
[[19], [18], [2]]
63
[[19], [18], [1]]
59
[[19], [18, 19]]
125
[[19], [18, 19], [18]]
86
[[19], [18, 19], [19]]
97
[[19], [18, 19], [19], [19]]
62
[[19], [18, 19], [19], [18]]
58
[[19], [18, 19], [17]]
73
[[19], [18, 19], [14]]
68
[[19], [18, 19], [15]]
68
[[19], [18, 19], [12]]
61
[[19], [18, 19], [16]]
64
[[19], [18, 19], [7]]
57
[[19], [18, 19], [10]]
60
[[19], [19]]
186
[[19], [19], [3]]
70
[[19], [19], [4]]
78
[[19], [19], [5]]
83
[[19], [19], [7]]
94
[[19], [19], [7], [19]]
70
[[19], [19], [7], [18]]
57
[[19], [19], [9]]
84
[[19], [19], [10]]
91
[[19], [19], [11]]
86
[[19], [19], [11], [19]]
63
[[19], [19], [13]]
102
[[19], [19], [13], [19]]
77
[[19], [19], [13], [17]]
61
[[19], [19], [13], [18]]
63
[[19], [19], [14]]
112
[[19], [19], [14], [19]]
70
[[19], [19], [14], [18]]
64
[[19], [19], [14], [16]]
59
[[19], [19], [15]]
107
[[19], [19], [15], [19]]
70
[[19], [19], [15], [17]]
59
[[19], [19], [15], [18]]
61
[[19], [19], [16]]
115
[[19], [19], [16], [19]]
77
[[19], [19], [16], [16]]
59
[[19], [19], [16], [17]]
57
[[19], [19], [16], [18]]
58
[[19], [19], [17]]
124
[[19], [19], [17], [19]]
91
[[19], [19], [17], [17]]
75
[[19], [19], [17], [18]]
76
[[19], [19], [17], [13]]
63
[[19], [19], [17], [15]]
73
[[19], [19], [17], [14]]
65
[[19], [19], [17], [16]]
65
[[19], [19], [18]]
137
[[19], [19], [18], [18]]
85
[[19], [19], [18], [19]]
96
[[19], [19], [18], [17]]
77
[[19], [19], [18], [14]]
65
[[19], [19], [18], [15]]
67
[[19], [19], [18], [16]]
65
[[19], [19], [18], [10]]
57
[[19], [19], [18, 19]]
99
[[19], [19], [18, 19], [19]]
69
[[19], [19], [18, 19], [18]]
58
[[19], [19], [19]]
151
[[19], [19], [19], [18]]
97
[[19], [19], [19], [18], [18]]
61
[[19], [19], [19], [18], [19]]
63
[[19], [19], [19], [19]]
118
[[19], [19], [19], [19], [19]]
69
[[19], [19], [19], [19], [18]]
66
[[19], [19], [19], [19], [17]]
60
[[19], [19], [19], [17]]
90
[[19], [19], [19], [17], [19]]
57
[[19], [19], [19], [15]]
81
[[19], [19], [19], [16]]
81
[[19], [19], [19], [13]]
65
[[19], [19], [19], [14]]
78
[[19], [19], [19], [7]]
72
[[19], [19], [19], [5]]
63
[[19], [19], [19], [12]]
64
[[19], [19], [19], [10]]
67
[[19], [19], [19], [11]]
61
[[19], [19], [19], [8]]
59
[[19], [19], [0]]
63
[[19], [19], [8]]
85
[[19], [19], [12]]
96
[[19], [19], [12], [19]]
71
[[19], [19], [12], [18]]
63
[[19], [19], [2]]
73
[[19], [19], [6]]
85
[[19], [19], [1]]
66
[[16]]
178
[[16], [16]]
120
[[16], [16], [19]]
82
[[16], [16], [17]]
60
[[16], [16], [18]]
62
[[16], [18]]
122
[[16], [18], [19]]
87
[[16], [18], [19], [19]]
59
[[16], [18], [18]]
87
[[16], [18], [16]]
63
[[16], [18], [17]]
65
[[16], [18], [14]]
63
[[16], [18], [15]]
60
[[16], [19]]
142
[[16], [19], [19]]
105
[[16], [19], [19], [19]]
70
[[16], [19], [19], [17]]
59
[[16], [19], [19], [18]]
58
[[16], [19], [18]]
91
[[16], [19], [17]]
79
[[16], [19], [14]]
74
[[16], [19], [16]]
80
[[16], [19], [15]]
73
[[16], [19], [12]]
61
[[16], [19], [10]]
63
[[16], [19], [7]]
59
[[16], [12]]
91
[[16], [12], [19]]
61
[[16], [9]]
81
[[16], [9], [19]]
57
[[16], [14]]
104
[[16], [14], [19]]
69
[[16], [14], [18]]
62
[[16], [14], [16]]
58
[[16], [17]]
115
[[16], [17], [19]]
81
[[16], [17], [17]]
63
[[16], [17], [18]]
66
[[16], [17], [14]]
58
[[16], [17], [15]]
58
[[16], [0]]
63
[[16], [5]]
80
[[16], [8]]
79
[[16], [13]]
85
[[16], [13], [19]]
68
[[16], [15]]
100
[[16], [15], [17]]
59
[[16], [15], [19]]
63
[[16], [15], [18]]
62
[[16], [11]]
87
[[16], [11], [19]]
63
[[16], [7]]
80
[[16], [7], [19]]
57
[[16], [6]]
84
[[16], [10]]
81
[[16], [3]]
69
[[16], [4]]
70
[[16], [1]]
62
[[16], [2]]
64
[[5]]
127
[[5], [14]]
68
[[5], [18]]
88
[[5], [18], [19]]
68
[[5], [18], [18]]
59
[[5], [19]]
96
[[5], [19], [19]]
71
[[5], [19], [18]]
62
[[5], [19], [17]]
57
[[5], [16]]
79
[[5], [16], [19]]
57
[[5], [17]]
79
[[5], [17], [19]]
59
[[5], [15]]
62
[[5], [12]]
61
[[5], [13]]
57
[[5], [5]]
57
[[4]]
123
[[4], [14]]
77
[[4], [15]]
74
[[4], [16]]
78
[[4], [17]]
71
[[4], [18]]
84
[[4], [18], [19]]
66
[[4], [18], [18]]
62
[[4], [19]]
94
[[4], [19], [19]]
74
[[4], [19], [18]]
64
[[4], [12]]
61
[[4], [13]]
57
[[9]]
137
[[9], [9]]
68
[[9], [10]]
66
[[9], [11]]
69
[[9], [13]]
73
[[9], [13], [19]]
57
[[9], [16]]
84
[[9], [16], [19]]
61
[[9], [18]]
102
[[9], [18], [19]]
73
[[9], [18], [18]]
67
[[9], [18], [17]]
61
[[9], [18, 19]]
77
[[9], [19]]
111
[[9], [19], [18]]
79
[[9], [19], [19]]
91
[[9], [19], [19], [19]]
63
[[9], [19], [17]]
73
[[9], [19], [14]]
62
[[9], [19], [16]]
64
[[9], [19], [15]]
63
[[9], [19], [13]]
57
[[9], [12]]
70
[[9], [5]]
57
[[9], [7]]
63
[[9], [8]]
66
[[9], [14]]
86
[[9], [17]]
89
[[9], [17], [19]]
68
[[9], [17], [18]]
58
[[9], [6]]
70
[[9], [15]]
79
[[9], [0]]
58
[[9], [4]]
60
[[9], [2]]
61
[[9], [1]]
57
[[6]]
134
[[6], [17]]
83
[[6], [17], [19]]
63
[[6], [17], [18]]
59
[[6], [19]]
102
[[6], [19], [19]]
77
[[6], [19], [18]]
69
[[6], [19], [17]]
60
[[6], [19], [14]]
58
[[6], [19], [15]]
57
[[6], [19], [16]]
62
[[6], [13]]
74
[[6], [16]]
77
[[6], [18]]
92
[[6], [18], [18]]
64
[[6], [18], [19]]
64
[[6], [2]]
62
[[6], [7]]
62
[[6], [12]]
71
[[6], [15]]
75
[[6], [14]]
76
[[6], [9]]
64
[[6], [10]]
64
[[6], [8]]
58
[[3]]
125
[[3], [13]]
62
[[3], [14]]
70
[[3], [15]]
66
[[3], [18]]
85
[[3], [18], [19]]
58
[[3], [18], [18]]
57
[[3], [19]]
94
[[3], [19], [19]]
73
[[3], [19], [18]]
61
[[3], [17]]
73
[[3], [16]]
76
[[3], [6]]
57
[[3], [7]]
60
[[3], [10]]
60
[[1]]
124
[[1], [13]]
61
[[1], [16]]
77
[[1], [18]]
82
[[1], [18], [19]]
64
[[1], [19]]
94
[[1], [19], [19]]
74
[[1], [19], [17]]
59
[[1], [19], [18]]
60
[[1], [17]]
72
[[1], [14]]
74
[[1], [15]]
69
[[1], [7]]
60
[[1], [12]]
57
[[2]]
127
[[2], [18]]
82
[[2], [19]]
92
[[2], [19], [19]]
69
[[2], [19], [16]]
61
[[2], [19], [17]]
60
[[2], [19], [18]]
58
[[2], [13]]
63
[[2], [17]]
80
[[2], [17], [19]]
64
[[2], [15]]
68
[[2], [16]]
82
[[2], [12]]
60
[[2], [14]]
67
[[2], [10]]
57
[[18]]
194
[[18], [0]]
78
[[18], [3]]
82
[[18], [4]]
91
[[18], [4], [19]]
61
[[18], [6]]
99
[[18], [6], [19]]
68
[[18], [7]]
97
[[18], [7], [19]]
75
[[18], [7], [18]]
62
[[18], [8]]
99
[[18], [8], [19]]
69
[[18], [8], [18]]
63
[[18], [8], [14]]
57
[[18], [9]]
99
[[18], [9], [19]]
67
[[18], [9], [18]]
61
[[18], [10]]
101
[[18], [10], [19]]
69
[[18], [10], [18]]
62
[[18], [11]]
95
[[18], [11], [19]]
74
[[18], [11], [17]]
57
[[18], [11], [18]]
60
[[18], [13]]
103
[[18], [13], [17]]
64
[[18], [13], [19]]
83
[[18], [13], [14]]
58
[[18], [13], [15]]
57
[[18], [13], [18]]
68
[[18], [14]]
129
[[18], [14], [19]]
86
[[18], [14], [16]]
71
[[18], [14], [15]]
67
[[18], [14], [17]]
66
[[18], [14], [18]]
75
[[18], [15]]
116
[[18], [15], [17]]
68
[[18], [15], [19]]
85
[[18], [15], [19], [19]]
58
[[18], [15], [14]]
66
[[18], [15], [16]]
65
[[18], [15], [15]]
69
[[18], [15], [18]]
72
[[18], [16]]
130
[[18], [16], [19]]
92
[[18], [16], [16]]
72
[[18], [16], [18]]
73
[[18], [16], [15]]
65
[[18], [16], [14]]
63
[[18], [16], [17]]
68
[[18], [17]]
132
[[18], [17], [17]]
84
[[18], [17], [17], [19]]
61
[[18], [17], [19]]
109
[[18], [17], [19], [19]]
70
[[18], [17], [19], [18]]
68
[[18], [17], [19], [17]]
62
[[18], [17], [18]]
90
[[18], [17], [18], [19]]
64
[[18], [17], [18], [18]]
62
[[18], [17], [15]]
84
[[18], [17], [13]]
65
[[18], [17], [14]]
82
[[18], [17], [12]]
65
[[18], [17], [16]]
72
[[18], [17], [10]]
58
[[18], [18]]
144
[[18], [18], [13]]
76
[[18], [18], [13], [19]]
59
[[18], [18], [14]]
86
[[18], [18], [15]]
82
[[18], [18], [16]]
85
[[18], [18], [16], [19]]
57
[[18], [18], [18]]
108
[[18], [18], [18], [19]]
69
[[18], [18], [18], [18]]
66
[[18], [18], [19]]
114
[[18], [18], [19], [18]]
85
[[18], [18], [19], [19]]
82
[[18], [18], [19], [14]]
64
[[18], [18], [19], [17]]
62
[[18], [18], [19], [16]]
58
[[18], [18], [12]]
77
[[18], [18], [17]]
97
[[18], [18], [17], [19]]
76
[[18], [18], [17], [18]]
63
[[18], [18], [5]]
60
[[18], [18], [10]]
68
[[18], [18], [7]]
65
[[18], [18], [6]]
63
[[18], [18], [11]]
63
[[18], [18], [9]]
61
[[18], [18], [4]]
60
[[18], [18], [8]]
60
[[18], [18, 19]]
106
[[18], [18, 19], [19]]
78
[[18], [18, 19], [18]]
73
[[18], [18, 19], [17]]
62
[[18], [18, 19], [15]]
58
[[18], [19]]
163
[[18], [19], [10]]
77
[[18], [19], [11]]
70
[[18], [19], [13]]
80
[[18], [19], [13], [19]]
63
[[18], [19], [15]]
93
[[18], [19], [15], [19]]
59
[[18], [19], [16]]
101
[[18], [19], [16], [19]]
69
[[18], [19], [18]]
113
[[18], [19], [18], [18]]
79
[[18], [19], [18], [19]]
83
[[18], [19], [18], [17]]
67
[[18], [19], [18], [15]]
60
[[18], [19], [19]]
129
[[18], [19], [19], [18]]
89
[[18], [19], [19], [19]]
100
[[18], [19], [19], [19], [19]]
65
[[18], [19], [19], [19], [18]]
59
[[18], [19], [19], [17]]
75
[[18], [19], [19], [14]]
70
[[18], [19], [19], [15]]
70
[[18], [19], [19], [13]]
58
[[18], [19], [19], [16]]
65
[[18], [19], [19], [7]]
61
[[18], [19], [19], [10]]
58
[[18], [19], [7]]
75
[[18], [19], [12]]
85
[[18], [19], [12], [19]]
59
[[18], [19], [17]]
104
[[18], [19], [17], [19]]
81
[[18], [19], [17], [17]]
62
[[18], [19], [17], [18]]
70
[[18], [19], [17], [15]]
62
[[18], [19], [14]]
97
[[18], [19], [14], [19]]
62
[[18], [19], [14], [18]]
61
[[18], [19], [8]]
71
[[18], [19], [5]]
72
[[18], [19], [9]]
69
[[18], [19], [3]]
61
[[18], [19], [6]]
71
[[18], [19], [4]]
63
[[18], [19], [2]]
61
[[18], [19], [1]]
58
[[18], [1]]
82
[[18], [1], [19]]
57
[[18], [5]]
88
[[18], [12]]
116
[[18], [12], [18]]
73
[[18], [12], [19]]
84
[[18], [12], [17]]
63
[[18], [12], [14]]
65
[[18], [2]]
83
[[18, 19]]
148
[[18, 19], [7]]
72
[[18, 19], [10]]
77
[[18, 19], [13]]
76
[[18, 19], [14]]
97
[[18, 19], [14], [19]]
61
[[18, 19], [16]]
91
[[18, 19], [16], [19]]
65
[[18, 19], [17]]
94
[[18, 19], [17], [19]]
77
[[18, 19], [17], [15]]
61
[[18, 19], [17], [18]]
63
[[18, 19], [18]]
110
[[18, 19], [18], [19]]
85
[[18, 19], [18], [18]]
76
[[18, 19], [18], [17]]
66
[[18, 19], [18], [14]]
60
[[18, 19], [18], [16]]
61
[[18, 19], [18], [15]]
60
[[18, 19], [19]]
119
[[18, 19], [19], [18]]
82
[[18, 19], [19], [18], [19]]
58
[[18, 19], [19], [19]]
90
[[18, 19], [19], [19], [19]]
60
[[18, 19], [19], [15]]
66
[[18, 19], [19], [17]]
69
[[18, 19], [19], [13]]
61
[[18, 19], [19], [14]]
68
[[18, 19], [19], [16]]
67
[[18, 19], [12]]
84
[[18, 19], [12], [19]]
63
[[18, 19], [5]]
70
[[18, 19], [15]]
88
[[18, 19], [15], [19]]
62
[[18, 19], [9]]
71
[[18, 19], [6]]
71
[[18, 19], [3]]
59
[[18, 19], [8]]
65
[[18, 19], [4]]
67
[[18, 19], [11]]
58
[[18, 19], [1]]
58
[[18, 19], [0]]
57
[[18, 19], [2]]
58
[[7]]
135
[[7], [10]]
68
[[7], [17]]
87
[[7], [17], [19]]
70
[[7], [18]]
98
[[7], [18], [19]]
70
[[7], [18], [18]]
64
[[7], [18], [17]]
60
[[7], [18, 19]]
74
[[7], [19]]
111
[[7], [19], [19]]
83
[[7], [19], [17]]
69
[[7], [19], [16]]
65
[[7], [19], [15]]
57
[[7], [19], [18]]
67
[[7], [13]]
71
[[7], [13], [19]]
57
[[7], [15]]
75
[[7], [16]]
80
[[7], [14]]
82
[[7], [12]]
67
[[7], [5]]
61
[[7], [7]]
61
[[7], [9]]
61
[[7], [6]]
58
[[7], [4]]
57
[[8]]
141
[[8], [10]]
76
[[8], [11]]
73
[[8], [13]]
73
[[8], [14]]
81
[[8], [16]]
89
[[8], [16], [19]]
66
[[8], [18]]
107
[[8], [18], [18]]
69
[[8], [18], [19]]
78
[[8], [18], [17]]
61
[[8], [18], [16]]
62
[[8], [18, 19]]
76
[[8], [19]]
111
[[8], [19], [18]]
77
[[8], [19], [19]]
89
[[8], [19], [19], [19]]
68
[[8], [19], [17]]
71
[[8], [19], [16]]
70
[[8], [19], [14]]
59
[[8], [7]]
67
[[8], [8]]
65
[[8], [12]]
74
[[8], [17]]
95
[[8], [17], [19]]
69
[[8], [15]]
71
[[8], [6]]
71
[[8], [3]]
60
[[8], [5]]
57
[[8], [9]]
58
[[11]]
142
[[11], [7]]
70
[[11], [11]]
74
[[11], [13]]
84
[[11], [13], [19]]
66
[[11], [15]]
87
[[11], [15], [19]]
63
[[11], [17]]
98
[[11], [17], [19]]
75
[[11], [17], [17]]
62
[[11], [17], [18]]
57
[[11], [18]]
102
[[11], [18], [19]]
78
[[11], [18], [18]]
67
[[11], [18], [17]]
62
[[11], [18, 19]]
67
[[11], [19]]
115
[[11], [19], [19]]
88
[[11], [19], [18]]
75
[[11], [19], [17]]
66
[[11], [19], [16]]
63
[[11], [19], [15]]
62
[[11], [19], [14]]
58
[[11], [14]]
85
[[11], [14], [19]]
58
[[11], [2]]
63
[[11], [16]]
85
[[11], [16], [19]]
59
[[11], [8]]
66
[[11], [12]]
67
[[11], [10]]
65
[[11], [5]]
61
[[11], [6]]
63
[[11], [9]]
66
[[11], [0]]
57
[[11], [4]]
61
[[11], [1]]
59
[[15]]
162
[[15], [3]]
66
[[15], [7]]
79
[[15], [10]]
76
[[15], [11]]
81
[[15], [11], [19]]
59
[[15], [13]]
87
[[15], [13], [19]]
70
[[15], [16]]
105
[[15], [16], [19]]
69
[[15], [17]]
112
[[15], [17], [19]]
83
[[15], [17], [18]]
73
[[15], [17], [15]]
67
[[15], [17], [17]]
66
[[15], [17], [16]]
59
[[15], [17], [14]]
58
[[15], [18]]
119
[[15], [18], [18]]
79
[[15], [18], [19]]
88
[[15], [18], [17]]
66
[[15], [18], [16]]
63
[[15], [18], [14]]
63
[[15], [18], [15]]
59
[[15], [18, 19]]
80
[[15], [19]]
133
[[15], [19], [16]]
77
[[15], [19], [18]]
87
[[15], [19], [13]]
58
[[15], [19], [19]]
98
[[15], [19], [19], [19]]
63
[[15], [19], [19], [18]]
57
[[15], [19], [14]]
70
[[15], [19], [17]]
72
[[15], [19], [12]]
61
[[15], [19], [15]]
73
[[15], [19], [10]]
61
[[15], [19], [7]]
59
[[15], [5]]
65
[[15], [15]]
103
[[15], [15], [19]]
66
[[15], [14]]
106
[[15], [14], [19]]
69
[[15], [14], [18]]
61
[[15], [14], [16]]
57
[[15], [8]]
73
[[15], [12]]
81
[[15], [12], [19]]
59
[[15], [6]]
82
[[15], [2]]
62
[[15], [4]]
64
[[15], [9]]
66
[[15], [1]]
65
[[15], [0]]
59
[[13]]
160
[[13], [2]]
60
[[13], [3]]
58
[[13], [4]]
69
[[13], [5]]
67
[[13], [9]]
69
[[13], [10]]
84
[[13], [11]]
77
[[13], [11], [19]]
58
[[13], [13]]
77
[[13], [14]]
97
[[13], [14], [19]]
63
[[13], [14], [18]]
58
[[13], [15]]
90
[[13], [15], [19]]
63
[[13], [17]]
105
[[13], [17], [19]]
81
[[13], [17], [14]]
61
[[13], [17], [18]]
60
[[13], [18]]
114
[[13], [18], [18]]
66
[[13], [18], [19]]
77
[[13], [18], [16]]
60
[[13], [18, 19]]
77
[[13], [19]]
132
[[13], [19], [17]]
70
[[13], [19], [18]]
77
[[13], [19], [19]]
96
[[13], [19], [19], [19]]
62
[[13], [19], [14]]
71
[[13], [19], [16]]
70
[[13], [19], [15]]
62
[[13], [19], [10]]
57
[[13], [8]]
73
[[13], [0]]
62
[[13], [7]]
72
[[13], [16]]
95
[[13], [12]]
78
[[13], [6]]
68
[[13], [1]]
61
[[10]]
141
[[10], [16]]
83
[[10], [16], [19]]
57
[[10], [18]]
98
[[10], [18], [19]]
70
[[10], [18], [18]]
62
[[10], [12]]
71
[[10], [13]]
72
[[10], [15]]
79
[[10], [15], [19]]
59
[[10], [17]]
87
[[10], [17], [19]]
66
[[10], [19]]
107
[[10], [19], [19]]
80
[[10], [19], [19], [19]]
60
[[10], [19], [18]]
63
[[10], [19], [17]]
62
[[10], [19], [16]]
60
[[10], [8]]
68
[[10], [9]]
67
[[10], [11]]
67
[[10], [14]]
78
[[10], [6]]
63
[[10], [7]]
62
[[10], [3]]
59
[[10], [10]]
60
[[10], [4]]
58
[[0]]
114
[[0], [18]]
79
[[0], [19]]
90
[[0], [19], [19]]
67
[[0], [13]]
63
[[0], [14]]
69
[[0], [12]]
61
[[0], [17]]
66
[[0], [16]]
71
[[0], [15]]
59
[[0], [10]]
57
[[17]]
180
[[17], [3]]
73
[[17], [4]]
84
[[17], [4], [19]]
61
[[17], [7]]
91
[[17], [7], [19]]
66
[[17], [9]]
86
[[17], [9], [19]]
60
[[17], [10]]
91
[[17], [10], [19]]
59
[[17], [11]]
88
[[17], [11], [19]]
65
[[17], [13]]
107
[[17], [13], [18]]
67
[[17], [13], [19]]
80
[[17], [13], [17]]
66
[[17], [13], [15]]
57
[[17], [14]]
118
[[17], [14], [19]]
85
[[17], [14], [17]]
64
[[17], [14], [16]]
68
[[17], [14], [15]]
63
[[17], [14], [18]]
78
[[17], [15]]
113
[[17], [15], [18]]
73
[[17], [15], [19]]
82
[[17], [15], [17]]
68
[[17], [15], [14]]
58
[[17], [15], [16]]
62
[[17], [15], [15]]
58
[[17], [16]]
113
[[17], [16], [19]]
75
[[17], [16], [16]]
66
[[17], [16], [17]]
60
[[17], [16], [18]]
62
[[17], [17]]
125
[[17], [17], [18]]
86
[[17], [17], [19]]
98
[[17], [17], [19], [19]]
60
[[17], [17], [17]]
81
[[17], [17], [13]]
59
[[17], [17], [14]]
66
[[17], [17], [15]]
66
[[17], [17], [16]]
61
[[17], [18]]
130
[[17], [18], [18]]
96
[[17], [18], [18], [19]]
58
[[17], [18], [13]]
63
[[17], [18], [19]]
101
[[17], [18], [19], [19]]
69
[[17], [18], [19], [18]]
69
[[17], [18], [17]]
85
[[17], [18], [17], [19]]
63
[[17], [18], [12]]
68
[[17], [18], [10]]
59
[[17], [18], [16]]
68
[[17], [18], [14]]
71
[[17], [18], [15]]
71
[[17], [18], [7]]
61
[[17], [18], [6]]
60
[[17], [18, 19]]
97
[[17], [18, 19], [19]]
68
[[17], [18, 19], [18]]
66
[[17], [19]]
149
[[17], [19], [10]]
68
[[17], [19], [11]]
64
[[17], [19], [17]]
98
[[17], [19], [17], [19]]
72
[[17], [19], [17], [18]]
67
[[17], [19], [18]]
105
[[17], [19], [18], [19]]
69
[[17], [19], [18], [18]]
63
[[17], [19], [5]]
65
[[17], [19], [7]]
72
[[17], [19], [13]]
73
[[17], [19], [19]]
115
[[17], [19], [19], [19]]
83
[[17], [19], [19], [17]]
66
[[17], [19], [19], [18]]
69
[[17], [19], [14]]
81
[[17], [19], [8]]
62
[[17], [19], [15]]
82
[[17], [19], [16]]
87
[[17], [19], [12]]
70
[[17], [19], [6]]
63
[[17], [19], [9]]
58
[[17], [5]]
85
[[17], [0]]
76
[[17], [1]]
69
[[17], [2]]
77
[[17], [8]]
86
[[17], [8], [19]]
61
[[17], [12]]
96
[[17], [12], [19]]
69
[[17], [12], [18]]
59
[[17], [6]]
89
[[17], [6], [19]]
58
