[[14]]
19
[[14], [9]]
11
[[14], [9], [19]]
9
[[14], [10]]
12
[[14], [11]]
9
[[14], [14]]
12
[[14], [15]]
11
[[14], [18]]
13
[[14], [18], [10]]
9
[[14], [18], [18]]
9
[[14], [18, 19]]
11
[[14], [19]]
15
[[14], [19], [10]]
10
[[14], [5]]
9
[[14], [7]]
10
[[14], [7], [19]]
9
[[14], [12]]
11
[[14], [13]]
9
[[14], [16]]
9
[[12]]
15
[[12], [19]]
9
[[19]]
26
[[19], [0]]
10
[[19], [1]]
11
[[19], [2]]
10
[[19], [3]]
10
[[19], [4]]
13
[[19], [4], [14]]
9
[[19], [5]]
15
[[19], [5], [18]]
10
[[19], [6]]
14
[[19], [7]]
15
[[19], [7], [18]]
9
[[19], [7], [19]]
12
[[19], [7], [13]]
9
[[19], [7], [16]]
9
[[19], [8]]
12
[[19], [9]]
14
[[19], [9], [18]]
9
[[19], [9], [19]]
10
[[19], [9], [14]]
9
[[19], [10]]
17
[[19], [10], [14]]
9
[[19], [11]]
13
[[19], [12]]
14
[[19], [13]]
16
[[19], [13], [4]]
10
[[19], [13], [11]]
9
[[19], [13], [14]]
10
[[19], [13], [17]]
9
[[19], [13], [18]]
10
[[19], [13], [19]]
11
[[19], [14]]
16
[[19], [14], [14]]
12
[[19], [14], [18]]
11
[[19], [14], [18, 19]]
9
[[19], [14], [19]]
12
[[19], [15]]
12
[[19], [16]]
14
[[19], [16], [16]]
9
[[19], [17]]
15
[[19], [17], [10]]
9
[[19], [17], [13]]
10
[[19], [17], [14]]
9
[[19], [17], [17]]
10
[[19], [17], [19]]
10
[[19], [17], [18]]
9
[[19], [18]]
17
[[19], [18], [4]]
9
[[19], [18], [7]]
10
[[19], [18], [9]]
10
[[19], [18], [10]]
13
[[19], [18], [11]]
9
[[19], [18], [13]]
12
[[19], [18], [14]]
10
[[19], [18], [14], [14]]
9
[[19], [18], [16]]
9
[[19], [18], [17]]
10
[[19], [18], [18]]
13
[[19], [18], [18], [10]]
9
[[19], [18], [18], [18]]
10
[[19], [18], [18], [19]]
10
[[19], [18], [18], [19], [18]]
9
[[19], [18], [18], [13]]
9
[[19], [18], [18], [14]]
9
[[19], [18], [19]]
13
[[19], [18], [19], [18]]
11
[[19], [18], [19], [19]]
9
[[19], [18, 19]]
11
[[19], [19]]
19
[[19], [19], [4]]
10
[[19], [19], [7]]
11
[[19], [19], [7], [19]]
9
[[19], [19], [9]]
10
[[19], [19], [10]]
11
[[19], [19], [13]]
13
[[19], [19], [13], [14]]
9
[[19], [19], [13], [18]]
9
[[19], [19], [13], [19]]
9
[[19], [19], [14]]
11
[[19], [19], [16]]
10
[[19], [19], [17]]
11
[[19], [19], [18]]
13
[[19], [19], [18], [18]]
9
[[19], [19], [18, 19]]
10
[[19], [19], [19]]
14
[[19], [19], [19], [18]]
9
[[16]]
18
[[16], [10]]
10
[[16], [16]]
10
[[16], [18]]
10
[[16], [19]]
12
[[16], [12]]
9
[[5]]
19
[[5], [10]]
10
[[5], [14]]
9
[[5], [16]]
10
[[5], [17]]
9
[[5], [18]]
13
[[5], [19]]
12
[[4]]
17
[[4], [10]]
10
[[4], [11]]
9
[[4], [12]]
9
[[4], [14]]
12
[[4], [15]]
10
[[4], [16]]
11
[[4], [17]]
10
[[4], [18]]
9
[[4], [19]]
14
[[4], [19], [19]]
11
[[4], [13]]
9
[[9]]
17
[[9], [9]]
10
[[9], [10]]
12
[[9], [11]]
9
[[9], [13]]
10
[[9], [16]]
9
[[9], [18]]
13
[[9], [18], [10]]
10
[[9], [18, 19]]
10
[[9], [19]]
15
[[9], [19], [10]]
9
[[9], [19], [19]]
9
[[9], [5]]
9
[[9], [12]]
9
[[9], [14]]
9
[[6]]
18
[[6], [10]]
9
[[6], [19]]
12
[[6], [19], [19]]
10
[[6], [5]]
9
[[6], [9]]
9
[[6], [13]]
9
[[6], [14]]
10
[[6], [16]]
9
[[6], [18]]
12
[[6], [18, 19]]
9
[[6], [17]]
9
[[3]]
12
[[3], [10]]
9
[[3], [14]]
9
[[3], [19]]
9
[[1]]
13
[[2]]
11
[[18]]
21
[[18], [3]]
9
[[18], [4]]
12
[[18], [4], [14]]
9
[[18], [6]]
9
[[18], [7]]
13
[[18], [7], [19]]
10
[[18], [9]]
10
[[18], [10]]
16
[[18], [10], [18]]
10
[[18], [11]]
12
[[18], [11], [11]]
9
[[18], [11], [19]]
9
[[18], [11], [13]]
9
[[18], [13]]
15
[[18], [13], [4]]
10
[[18], [13], [10]]
9
[[18], [13], [11]]
10
[[18], [13], [14]]
9
[[18], [13], [18]]
9
[[18], [13], [19]]
10
[[18], [13], [19], [18]]
9
[[18], [14]]
10
[[18], [14], [14]]
9
[[18], [15]]
10
[[18], [16]]
14
[[18], [16], [10]]
9
[[18], [16], [18]]
9
[[18], [16], [19]]
10
[[18], [17]]
11
[[18], [18]]
16
[[18], [18], [4]]
10
[[18], [18], [10]]
11
[[18], [18], [11]]
9
[[18], [18], [13]]
13
[[18], [18], [13], [19]]
9
[[18], [18], [14]]
9
[[18], [18], [16]]
9
[[18], [18], [18]]
12
[[18], [18], [18], [18]]
9
[[18], [18], [18], [19]]
11
[[18], [18], [18], [19], [18]]
9
[[18], [18], [19]]
13
[[18], [18], [19], [18]]
10
[[18], [18], [19], [19]]
10
[[18], [18], [7]]
10
[[18], [18], [12]]
9
[[18], [18], [17]]
9
[[18], [18, 19]]
12
[[18], [18, 19], [13]]
10
[[18], [18, 19], [19]]
9
[[18], [18, 19], [10]]
9
[[18], [19]]
16
[[18], [19], [10]]
12
[[18], [19], [11]]
9
[[18], [19], [13]]
12
[[18], [19], [16]]
10
[[18], [19], [18]]
12
[[18], [19], [18], [18]]
9
[[18], [19], [18], [10]]
9
[[18], [19], [18], [13]]
9
[[18], [19], [18], [19]]
10
[[18], [19], [18], [19], [18]]
9
[[18], [19], [19]]
15
[[18], [19], [19], [18]]
10
[[18], [19], [7]]
10
[[18], [19], [12]]
9
[[18], [19], [17]]
9
[[18], [1]]
9
[[18], [5]]
12
[[18], [5], [18]]
9
[[18], [5], [19]]
9
[[18], [12]]
11
[[18, 19]]
17
[[18, 19], [7]]
9
[[18, 19], [10]]
13
[[18, 19], [13]]
12
[[18, 19], [18]]
9
[[18, 19], [19]]
10
[[18, 19], [12]]
9
[[7]]
17
[[7], [10]]
10
[[7], [17]]
9
[[7], [18]]
11
[[7], [19]]
14
[[7], [13]]
10
[[7], [15]]
9
[[7], [16]]
11
[[8]]
13
[[8], [18]]
11
[[8], [19]]
10
[[11]]
17
[[11], [4]]
10
[[11], [7]]
9
[[11], [10]]
10
[[11], [11]]
10
[[11], [13]]
11
[[11], [15]]
9
[[11], [17]]
10
[[11], [18]]
12
[[11], [18], [7]]
9
[[11], [18], [10]]
9
[[11], [18], [18]]
10
[[11], [18], [18], [18]]
9
[[11], [18], [18], [19]]
9
[[11], [18], [19]]
10
[[11], [19]]
11
[[11], [19], [18]]
9
[[11], [14]]
9
[[15]]
16
[[15], [4]]
9
[[15], [7]]
10
[[15], [7], [18]]
9
[[15], [7], [19]]
9
[[15], [10]]
9
[[15], [11]]
10
[[15], [13]]
10
[[15], [16]]
10
[[15], [17]]
10
[[15], [18]]
12
[[15], [18], [10]]
9
[[15], [18], [18]]
11
[[15], [18], [18], [13]]
9
[[15], [18], [19]]
10
[[15], [18], [13]]
9
[[15], [18, 19]]
9
[[15], [19]]
12
[[15], [19], [10]]
9
[[15], [19], [18]]
11
[[15], [19], [13]]
10
[[15], [19], [19]]
10
[[15], [5]]
9
[[13]]
19
[[13], [3]]
9
[[13], [4]]
11
[[13], [5]]
11
[[13], [9]]
9
[[13], [10]]
10
[[13], [11]]
13
[[13], [13]]
10
[[13], [14]]
12
[[13], [14], [14]]
9
[[13], [14], [18]]
9
[[13], [14], [19]]
9
[[13], [15]]
10
[[13], [17]]
11
[[13], [18]]
12
[[13], [19]]
13
[[13], [19], [18]]
10
[[10]]
18
[[10], [4]]
10
[[10], [9]]
11
[[10], [10]]
10
[[10], [16]]
10
[[10], [18]]
13
[[10], [18], [10]]
9
[[10], [5]]
9
[[10], [12]]
10
[[10], [13]]
11
[[10], [14]]
10
[[10], [17]]
9
[[10], [19]]
13
[[0]]
11
[[17]]
20
[[17], [4]]
11
[[17], [7]]
11
[[17], [9]]
9
[[17], [10]]
14
[[17], [11]]
11
[[17], [13]]
15
[[17], [13], [10]]
9
[[17], [13], [11]]
9
[[17], [13], [18]]
9
[[17], [13], [19]]
10
[[17], [13], [14]]
9
[[17], [14]]
11
[[17], [14], [19]]
9
[[17], [14], [14]]
9
[[17], [15]]
10
[[17], [16]]
12
[[17], [17]]
12
[[17], [18]]
15
[[17], [18], [10]]
11
[[17], [18], [18]]
10
[[17], [18], [7]]
9
[[17], [18], [13]]
10
[[17], [18], [19]]
9
[[17], [18, 19]]
12
[[17], [18, 19], [10]]
9
[[17], [18, 19], [13]]
9
[[17], [19]]
17
[[17], [19], [4]]
9
[[17], [19], [10]]
11
[[17], [19], [18]]
9
[[17], [19], [5]]
9
[[17], [19], [13]]
9
[[17], [19], [19]]
9
[[17], [5]]
10
[[17, 19]]
9
