[[14]]
34
[[14], [9]]
16
[[14], [10]]
16
[[14], [11]]
17
[[14], [14]]
19
[[14], [15]]
19
[[14], [18]]
22
[[14], [18], [18]]
16
[[14], [18, 19]]
18
[[14], [19]]
25
[[14], [19], [18]]
16
[[14], [19], [19]]
17
[[14], [5]]
17
[[14], [7]]
18
[[14], [7], [19]]
14
[[14], [12]]
21
[[14], [12], [19]]
14
[[14], [13]]
18
[[14], [16]]
17
[[14], [3]]
16
[[14], [6]]
14
[[14], [8]]
19
[[14], [8], [19]]
14
[[14], [17]]
17
[[12]]
31
[[12], [19]]
22
[[12], [19], [14]]
14
[[12], [19], [18]]
14
[[12], [19], [19]]
15
[[12], [5]]
14
[[12], [7]]
15
[[12], [8]]
15
[[12], [9]]
14
[[12], [14]]
18
[[12], [15]]
16
[[12], [17]]
14
[[12], [18]]
21
[[12], [18, 19]]
15
[[19]]
44
[[19], [0]]
23
[[19], [0], [18]]
17
[[19], [0], [19]]
16
[[19], [1]]
21
[[19], [2]]
20
[[19], [3]]
20
[[19], [3], [11]]
14
[[19], [3], [19]]
15
[[19], [4]]
20
[[19], [5]]
26
[[19], [5], [18]]
14
[[19], [6]]
25
[[19], [6], [18]]
17
[[19], [6], [19]]
17
[[19], [7]]
26
[[19], [7], [18]]
16
[[19], [7], [18, 19]]
14
[[19], [7], [19]]
20
[[19], [7], [17]]
15
[[19], [8]]
28
[[19], [8], [11]]
15
[[19], [8], [13]]
14
[[19], [8], [17]]
14
[[19], [8], [18]]
17
[[19], [8], [19]]
20
[[19], [9]]
23
[[19], [9], [18]]
15
[[19], [9], [19]]
16
[[19], [10]]
26
[[19], [10], [14]]
15
[[19], [10], [9]]
14
[[19], [10], [15]]
14
[[19], [10], [17]]
14
[[19], [10], [18]]
19
[[19], [10], [19]]
17
[[19], [11]]
24
[[19], [11], [7]]
14
[[19], [11], [13]]
14
[[19], [11], [17]]
15
[[19], [11], [18]]
17
[[19], [11], [19]]
17
[[19], [12]]
28
[[19], [12], [7]]
14
[[19], [12], [18]]
15
[[19], [12], [19]]
16
[[19], [13]]
30
[[19], [13], [4]]
15
[[19], [13], [11]]
15
[[19], [13], [14]]
15
[[19], [13], [17]]
18
[[19], [13], [18]]
20
[[19], [13], [19]]
22
[[19], [13], [19], [18]]
15
[[19], [13], [0]]
14
[[19], [13], [2]]
14
[[19], [13], [5]]
14
[[19], [13], [7]]
15
[[19], [13], [9]]
15
[[19], [13], [13]]
14
[[19], [13], [15]]
16
[[19], [14]]
28
[[19], [14], [14]]
18
[[19], [14], [18]]
18
[[19], [14], [19]]
19
[[19], [14], [8]]
14
[[19], [14], [13]]
16
[[19], [14], [15]]
14
[[19], [15]]
27
[[19], [15], [18]]
15
[[19], [15], [19]]
16
[[19], [16]]
25
[[19], [16], [16]]
15
[[19], [16], [14]]
14
[[19], [16], [18]]
17
[[19], [16], [19]]
16
[[19], [17]]
29
[[19], [17], [10]]
15
[[19], [17], [13]]
16
[[19], [17], [14]]
17
[[19], [17], [17]]
19
[[19], [17], [19]]
21
[[19], [17], [18]]
19
[[19], [17], [0]]
15
[[19], [17], [2]]
15
[[19], [17], [7]]
17
[[19], [17], [9]]
14
[[19], [17], [15]]
16
[[19], [17, 19]]
18
[[19], [18]]
33
[[19], [18], [4]]
15
[[19], [18], [7]]
17
[[19], [18], [9]]
18
[[19], [18], [10]]
18
[[19], [18], [11]]
16
[[19], [18], [13]]
20
[[19], [18], [14]]
16
[[19], [18], [16]]
16
[[19], [18], [17]]
19
[[19], [18], [18]]
24
[[19], [18], [18], [18]]
16
[[19], [18], [18], [19]]
15
[[19], [18], [18, 19]]
15
[[19], [18], [19]]
24
[[19], [18], [19], [18]]
20
[[19], [18], [19], [19]]
17
[[19], [18], [0]]
17
[[19], [18], [2]]
14
[[19], [18], [3]]
14
[[19], [18], [5]]
14
[[19], [18], [6]]
16
[[19], [18], [8]]
16
[[19], [18], [12]]
16
[[19], [18], [15]]
15
[[19], [18, 19]]
23
[[19], [18, 19], [18]]
15
[[19], [18, 19], [19]]
14
[[19], [19]]
37
[[19], [19], [4]]
16
[[19], [19], [7]]
21
[[19], [19], [7], [19]]
15
[[19], [19], [7], [18]]
14
[[19], [19], [9]]
19
[[19], [19], [10]]
20
[[19], [19], [13]]
24
[[19], [19], [13], [18]]
15
[[19], [19], [13], [19]]
16
[[19], [19], [14]]
21
[[19], [19], [16]]
18
[[19], [19], [17]]
21
[[19], [19], [17], [19]]
14
[[19], [19], [18]]
27
[[19], [19], [18], [18]]
18
[[19], [19], [18], [19]]
15
[[19], [19], [18, 19]]
19
[[19], [19], [19]]
28
[[19], [19], [19], [18]]
18
[[19], [19], [19], [7]]
16
[[19], [19], [19], [17]]
14
[[19], [19], [19], [19]]
19
[[19], [19], [0]]
19
[[19], [19], [1]]
15
[[19], [19], [2]]
14
[[19], [19], [3]]
16
[[19], [19], [5]]
17
[[19], [19], [6]]
14
[[19], [19], [8]]
20
[[19], [19], [11]]
19
[[19], [19], [11], [19]]
14
[[19], [19], [12]]
20
[[19], [19], [15]]
20
[[16]]
31
[[16], [10]]
15
[[16], [16]]
18
[[16], [16], [19]]
14
[[16], [18]]
20
[[16], [19]]
23
[[16], [19], [18]]
14
[[16], [19], [19]]
17
[[16], [12]]
17
[[16], [0]]
14
[[16], [5]]
14
[[16], [8]]
14
[[16], [9]]
14
[[16], [13]]
14
[[16], [14]]
17
[[16], [17]]
14
[[5]]
31
[[5], [18]]
17
[[5], [19]]
18
[[5], [8]]
15
[[4]]
26
[[4], [11]]
15
[[4], [14]]
15
[[4], [15]]
14
[[4], [17]]
14
[[4], [18]]
14
[[4], [19]]
19
[[4], [19], [19]]
14
[[9]]
29
[[9], [9]]
16
[[9], [10]]
16
[[9], [11]]
16
[[9], [13]]
15
[[9], [16]]
14
[[9], [18]]
22
[[9], [18], [18]]
14
[[9], [18, 19]]
17
[[9], [19]]
24
[[9], [19], [19]]
18
[[9], [19], [18]]
18
[[9], [5]]
14
[[9], [12]]
15
[[9], [14]]
16
[[9], [2]]
15
[[9], [7]]
14
[[9], [8]]
17
[[9], [15]]
15
[[9], [17]]
16
[[6]]
28
[[6], [10]]
14
[[6], [19]]
21
[[6], [19], [19]]
16
[[6], [19], [18]]
15
[[6], [5]]
16
[[6], [18]]
20
[[6], [18, 19]]
15
[[6], [17]]
14
[[6], [2]]
14
[[6], [7]]
14
[[3]]
23
[[3], [10]]
17
[[3], [14]]
17
[[3], [19]]
21
[[3], [19], [18]]
15
[[3], [3]]
14
[[3], [8]]
15
[[3], [9]]
14
[[3], [11]]
17
[[3], [13]]
16
[[3], [15]]
15
[[3], [18]]
18
[[1]]
24
[[1], [7]]
14
[[1], [13]]
14
[[1], [16]]
14
[[1], [18]]
15
[[1], [19]]
18
[[1], [19], [19]]
15
[[2]]
22
[[18]]
37
[[18], [3]]
15
[[18], [4]]
19
[[18], [6]]
18
[[18], [7]]
20
[[18], [7], [19]]
14
[[18], [9]]
19
[[18], [10]]
20
[[18], [10], [18]]
16
[[18], [11]]
20
[[18], [11], [19]]
16
[[18], [11], [13]]
14
[[18], [11], [17]]
14
[[18], [11], [18]]
15
[[18], [13]]
24
[[18], [13], [11]]
15
[[18], [13], [18]]
15
[[18], [13], [19]]
16
[[18], [13], [19], [18]]
14
[[18], [13], [17]]
14
[[18], [14]]
18
[[18], [14], [14]]
14
[[18], [15]]
19
[[18], [16]]
23
[[18], [16], [18]]
16
[[18], [16], [19]]
16
[[18], [17]]
23
[[18], [17], [17]]
15
[[18], [17], [18]]
14
[[18], [17], [19]]
17
[[18], [17, 19]]
14
[[18], [18]]
30
[[18], [18], [4]]
15
[[18], [18], [10]]
16
[[18], [18], [11]]
15
[[18], [18], [13]]
20
[[18], [18], [14]]
15
[[18], [18], [16]]
15
[[18], [18], [18]]
21
[[18], [18], [18], [19]]
15
[[18], [18], [18, 19]]
14
[[18], [18], [19]]
24
[[18], [18], [19], [18]]
18
[[18], [18], [19], [19]]
18
[[18], [18], [7]]
16
[[18], [18], [12]]
16
[[18], [18], [17]]
18
[[18], [18], [1]]
14
[[18], [18], [5]]
14
[[18], [18], [8]]
14
[[18], [18], [9]]
16
[[18], [18], [15]]
16
[[18], [18, 19]]
22
[[18], [18, 19], [13]]
14
[[18], [18, 19], [19]]
17
[[18], [18, 19], [19], [18]]
15
[[18], [18, 19], [10]]
14
[[18], [18, 19], [18]]
16
[[18], [19]]
29
[[18], [19], [10]]
17
[[18], [19], [11]]
15
[[18], [19], [11], [19]]
14
[[18], [19], [13]]
19
[[18], [19], [16]]
18
[[18], [19], [18]]
23
[[18], [19], [18], [18]]
15
[[18], [19], [18], [19]]
16
[[18], [19], [18], [19], [18]]
14
[[18], [19], [18, 19]]
15
[[18], [19], [19]]
26
[[18], [19], [19], [18]]
20
[[18], [19], [19], [7]]
14
[[18], [19], [19], [13]]
14
[[18], [19], [19], [19]]
18
[[18], [19], [7]]
16
[[18], [19], [12]]
18
[[18], [19], [17]]
19
[[18], [19], [5]]
16
[[18], [19], [8]]
14
[[18], [19], [9]]
14
[[18], [19], [14]]
15
[[18], [19], [15]]
14
[[18], [1]]
16
[[18], [5]]
20
[[18], [12]]
22
[[18], [0]]
18
[[18], [2]]
14
[[18], [8]]
19
[[18], [8], [19]]
15
[[18, 19]]
29
[[18, 19], [7]]
14
[[18, 19], [10]]
17
[[18, 19], [13]]
17
[[18, 19], [18]]
18
[[18, 19], [18], [18]]
15
[[18, 19], [18], [19]]
16
[[18, 19], [18], [19], [18]]
14
[[18, 19], [19]]
19
[[18, 19], [19], [18]]
15
[[18, 19], [19], [19]]
14
[[18, 19], [12]]
15
[[18, 19], [5]]
14
[[18, 19], [8]]
14
[[18, 19], [9]]
14
[[18, 19], [14]]
15
[[18, 19], [16]]
15
[[18, 19], [17]]
14
[[7]]
29
[[7], [10]]
16
[[7], [17]]
17
[[7], [17], [19]]
14
[[7], [18]]
19
[[7], [18, 19]]
16
[[7], [19]]
24
[[7], [19], [19]]
17
[[7], [13]]
16
[[7], [15]]
17
[[7], [16]]
17
[[7], [14]]
15
[[8]]
30
[[8], [18]]
23
[[8], [18], [18]]
17
[[8], [18], [19]]
14
[[8], [18, 19]]
17
[[8], [19]]
26
[[8], [19], [7]]
14
[[8], [19], [10]]
14
[[8], [19], [17]]
14
[[8], [19], [18]]
19
[[8], [19], [19]]
18
[[8], [0]]
14
[[8], [5]]
14
[[8], [6]]
16
[[8], [7]]
15
[[8], [8]]
14
[[8], [9]]
14
[[8], [10]]
18
[[8], [11]]
18
[[8], [12]]
14
[[8], [13]]
17
[[8], [14]]
15
[[8], [16]]
15
[[8], [17]]
18
[[11]]
29
[[11], [4]]
16
[[11], [7]]
17
[[11], [10]]
14
[[11], [11]]
16
[[11], [13]]
19
[[11], [15]]
18
[[11], [15], [18]]
14
[[11], [17]]
19
[[11], [17], [19]]
14
[[11], [18]]
22
[[11], [18], [18]]
14
[[11], [18], [19]]
15
[[11], [19]]
22
[[11], [19], [18]]
17
[[11], [19], [19]]
14
[[11], [14]]
17
[[11], [0]]
14
[[11], [2]]
14
[[11], [5]]
14
[[11], [6]]
14
[[11], [9]]
15
[[15]]
32
[[15], [7]]
16
[[15], [7], [19]]
14
[[15], [11]]
17
[[15], [13]]
16
[[15], [13], [19]]
14
[[15], [16]]
16
[[15], [17]]
17
[[15], [18]]
22
[[15], [18], [18]]
16
[[15], [18], [19]]
17
[[15], [18, 19]]
17
[[15], [19]]
24
[[15], [19], [18]]
18
[[15], [19], [13]]
15
[[15], [19], [19]]
18
[[15], [19], [19], [19]]
14
[[15], [19], [14]]
15
[[15], [5]]
14
[[15], [8]]
15
[[15], [9]]
15
[[15], [12]]
14
[[15], [14]]
15
[[15], [15]]
17
[[13]]
33
[[13], [4]]
16
[[13], [5]]
18
[[13], [9]]
16
[[13], [10]]
15
[[13], [11]]
19
[[13], [13]]
17
[[13], [14]]
18
[[13], [15]]
18
[[13], [17]]
21
[[13], [18]]
23
[[13], [18], [18]]
15
[[13], [18], [19]]
14
[[13], [18, 19]]
16
[[13], [19]]
26
[[13], [19], [18]]
19
[[13], [19], [13]]
14
[[13], [19], [14]]
14
[[13], [19], [17]]
15
[[13], [19], [19]]
17
[[13], [19], [19], [18]]
14
[[13], [0]]
16
[[13], [1]]
15
[[13], [2]]
16
[[13], [6]]
15
[[13], [7]]
16
[[13], [8]]
16
[[10]]
27
[[10], [4]]
14
[[10], [9]]
16
[[10], [10]]
14
[[10], [16]]
16
[[10], [18]]
22
[[10], [18], [18]]
16
[[10], [18], [19]]
15
[[10], [18, 19]]
15
[[10], [5]]
14
[[10], [12]]
16
[[10], [13]]
16
[[10], [14]]
15
[[10], [17]]
16
[[10], [19]]
20
[[10], [19], [17]]
14
[[10], [19], [18]]
15
[[10], [19], [19]]
15
[[10], [0]]
14
[[10], [7]]
15
[[10], [8]]
15
[[10], [11]]
15
[[10], [15]]
16
[[0]]
24
[[0], [18]]
18
[[0], [18, 19]]
14
[[0], [19]]
18
[[0], [19], [19]]
14
[[17]]
33
[[17], [4]]
17
[[17], [7]]
20
[[17], [7], [19]]
14
[[17], [9]]
17
[[17], [10]]
19
[[17], [11]]
20
[[17], [13]]
22
[[17], [13], [19]]
15
[[17], [13], [17]]
14
[[17], [14]]
20
[[17], [14], [19]]
14
[[17], [14], [14]]
14
[[17], [15]]
19
[[17], [15], [19]]
15
[[17], [16]]
18
[[17], [17]]
25
[[17], [17], [18]]
14
[[17], [17], [19]]
17
[[17], [18]]
25
[[17], [18], [10]]
14
[[17], [18], [18]]
18
[[17], [18], [18, 19]]
14
[[17], [18], [7]]
14
[[17], [18], [13]]
14
[[17], [18], [19]]
18
[[17], [18], [19], [18]]
14
[[17], [18], [19], [19]]
15
[[17], [18], [17]]
16
[[17], [18, 19]]
21
[[17], [18, 19], [18]]
14
[[17], [19]]
28
[[17], [19], [10]]
15
[[17], [19], [18]]
19
[[17], [19], [18], [18]]
14
[[17], [19], [18, 19]]
14
[[17], [19], [5]]
15
[[17], [19], [13]]
14
[[17], [19], [19]]
20
[[17], [19], [19], [18]]
15
[[17], [19], [0]]
14
[[17], [19], [7]]
16
[[17], [19], [8]]
15
[[17], [19], [11]]
15
[[17], [19], [14]]
14
[[17], [19], [17]]
19
[[17], [19], [17], [18]]
14
[[17], [5]]
17
[[17], [0]]
17
[[17], [1]]
14
[[17], [2]]
16
[[17], [3]]
14
[[17], [6]]
15
[[17], [8]]
18
[[17], [8], [19]]
14
[[17], [12]]
17
[[17, 19]]
19
[[17, 18]]
17
[[17, 18], [19]]
14
