[[14]]
40
[[14], [3]]
20
[[14], [4]]
18
[[14], [9]]
18
[[14], [10]]
19
[[14], [11]]
21
[[14], [14]]
23
[[14], [14], [19]]
16
[[14], [15]]
23
[[14], [15], [18]]
15
[[14], [18]]
28
[[14], [18], [18]]
19
[[14], [18], [19]]
17
[[14], [18], [19], [18]]
15
[[14], [18], [19], [19]]
15
[[14], [18, 19]]
21
[[14], [19]]
31
[[14], [19], [18]]
20
[[14], [19], [12]]
15
[[14], [19], [19]]
20
[[14], [19], [19], [19]]
17
[[14], [19], [13]]
16
[[14], [19], [16]]
15
[[14], [19], [8]]
15
[[14], [19], [5]]
16
[[14], [5]]
21
[[14], [7]]
21
[[14], [7], [19]]
15
[[14], [12]]
24
[[14], [12], [19]]
16
[[14], [13]]
24
[[14], [13], [19]]
18
[[14], [16]]
21
[[14], [17]]
23
[[14], [17], [19]]
16
[[14], [6]]
18
[[14], [8]]
21
[[14], [8], [19]]
15
[[14], [0]]
17
[[12]]
38
[[12], [5]]
16
[[12], [14]]
20
[[12], [19]]
26
[[12], [19], [18]]
17
[[12], [19], [19]]
17
[[12], [18]]
25
[[12], [7]]
16
[[12], [8]]
17
[[12], [9]]
15
[[12], [13]]
17
[[12], [15]]
19
[[12], [17]]
16
[[12], [4]]
17
[[12], [10]]
15
[[19]]
54
[[19], [0]]
25
[[19], [0], [18]]
18
[[19], [0], [19]]
17
[[19], [1]]
23
[[19], [2]]
22
[[19], [3]]
24
[[19], [3], [18]]
15
[[19], [3], [19]]
17
[[19], [4]]
25
[[19], [4], [19]]
15
[[19], [5]]
28
[[19], [5], [18]]
15
[[19], [6]]
29
[[19], [6], [19]]
19
[[19], [6], [18]]
19
[[19], [7]]
29
[[19], [7], [17]]
15
[[19], [7], [18]]
17
[[19], [7], [19]]
20
[[19], [8]]
31
[[19], [8], [18]]
19
[[19], [8], [11]]
16
[[19], [8], [13]]
16
[[19], [8], [17]]
16
[[19], [8], [19]]
22
[[19], [9]]
23
[[19], [9], [18]]
15
[[19], [9], [19]]
16
[[19], [10]]
27
[[19], [10], [13]]
15
[[19], [10], [14]]
15
[[19], [10], [18]]
20
[[19], [10], [19]]
18
[[19], [10], [17]]
15
[[19], [11]]
26
[[19], [11], [18]]
18
[[19], [11], [19]]
19
[[19], [11], [13]]
16
[[19], [11], [17]]
16
[[19], [11], [7]]
15
[[19], [12]]
32
[[19], [12], [7]]
15
[[19], [12], [18]]
17
[[19], [12], [19]]
18
[[19], [13]]
35
[[19], [13], [4]]
18
[[19], [13], [5]]
16
[[19], [13], [9]]
15
[[19], [13], [11]]
17
[[19], [13], [13]]
17
[[19], [13], [14]]
16
[[19], [13], [15]]
18
[[19], [13], [17]]
22
[[19], [13], [18]]
24
[[19], [13], [18], [18]]
15
[[19], [13], [19]]
26
[[19], [13], [19], [18]]
19
[[19], [13], [19], [17]]
15
[[19], [13], [19], [19]]
16
[[19], [13], [0]]
16
[[19], [13], [2]]
15
[[19], [13], [7]]
17
[[19], [14]]
30
[[19], [14], [14]]
19
[[19], [14], [18]]
20
[[19], [14], [19]]
21
[[19], [14], [13]]
18
[[19], [14], [15]]
16
[[19], [14], [17]]
16
[[19], [15]]
29
[[19], [15], [18]]
17
[[19], [15], [19]]
18
[[19], [16]]
31
[[19], [16], [16]]
17
[[19], [16], [18]]
21
[[19], [16], [19]]
19
[[19], [16], [12]]
15
[[19], [17]]
36
[[19], [17], [4]]
17
[[19], [17], [7]]
19
[[19], [17], [10]]
15
[[19], [17], [13]]
21
[[19], [17], [14]]
19
[[19], [17], [15]]
19
[[19], [17], [17]]
21
[[19], [17], [18]]
26
[[19], [17], [19]]
27
[[19], [17], [2]]
15
[[19], [17], [16]]
15
[[19], [17], [0]]
16
[[19], [18]]
39
[[19], [18], [0]]
18
[[19], [18], [3]]
16
[[19], [18], [4]]
20
[[19], [18], [6]]
17
[[19], [18], [7]]
20
[[19], [18], [9]]
18
[[19], [18], [10]]
18
[[19], [18], [11]]
17
[[19], [18], [13]]
23
[[19], [18], [13], [18]]
15
[[19], [18], [14]]
18
[[19], [18], [15]]
17
[[19], [18], [16]]
20
[[19], [18], [17]]
23
[[19], [18], [17], [18]]
15
[[19], [18], [18]]
28
[[19], [18], [18], [18]]
18
[[19], [18], [18], [19]]
17
[[19], [18], [18, 19]]
17
[[19], [18], [19]]
29
[[19], [18], [19], [18]]
24
[[19], [18], [19], [19]]
20
[[19], [18], [5]]
16
[[19], [18], [12]]
18
[[19], [18], [8]]
17
[[19], [18, 19]]
26
[[19], [18, 19], [13]]
15
[[19], [18, 19], [18]]
17
[[19], [18, 19], [19]]
16
[[19], [19]]
43
[[19], [19], [1]]
16
[[19], [19], [3]]
16
[[19], [19], [4]]
19
[[19], [19], [5]]
19
[[19], [19], [7]]
24
[[19], [19], [7], [18]]
15
[[19], [19], [7], [19]]
15
[[19], [19], [9]]
19
[[19], [19], [10]]
20
[[19], [19], [11]]
21
[[19], [19], [11], [19]]
16
[[19], [19], [13]]
27
[[19], [19], [13], [18]]
17
[[19], [19], [13], [19]]
18
[[19], [19], [13], [17]]
16
[[19], [19], [14]]
22
[[19], [19], [15]]
22
[[19], [19], [16]]
21
[[19], [19], [17]]
25
[[19], [19], [17], [18]]
16
[[19], [19], [17], [19]]
17
[[19], [19], [17], [13]]
15
[[19], [19], [18]]
31
[[19], [19], [18], [18]]
20
[[19], [19], [18], [19]]
17
[[19], [19], [18, 19]]
21
[[19], [19], [19]]
31
[[19], [19], [19], [7]]
17
[[19], [19], [19], [18]]
21
[[19], [19], [19], [19]]
23
[[19], [19], [19], [17]]
16
[[19], [19], [0]]
21
[[19], [19], [8]]
20
[[19], [19], [12]]
22
[[19], [19], [2]]
15
[[19], [19], [6]]
15
[[16]]
37
[[16], [10]]
17
[[16], [10], [18]]
15
[[16], [16]]
21
[[16], [16], [19]]
16
[[16], [18]]
25
[[16], [19]]
27
[[16], [19], [19]]
18
[[16], [19], [18]]
16
[[16], [12]]
20
[[16], [9]]
15
[[16], [14]]
19
[[16], [17]]
18
[[16], [0]]
17
[[16], [5]]
17
[[16], [6]]
15
[[16], [7]]
15
[[16], [8]]
15
[[16], [13]]
17
[[16], [15]]
16
[[5]]
35
[[5], [14]]
15
[[5], [18]]
20
[[5], [19]]
21
[[5], [8]]
16
[[5], [13]]
15
[[4]]
33
[[4], [11]]
16
[[4], [12]]
15
[[4], [14]]
18
[[4], [15]]
16
[[4], [16]]
15
[[4], [17]]
16
[[4], [18]]
19
[[4], [19]]
23
[[4], [13]]
16
[[9]]
33
[[9], [3]]
15
[[9], [9]]
18
[[9], [10]]
17
[[9], [11]]
16
[[9], [13]]
18
[[9], [16]]
15
[[9], [18]]
24
[[9], [18], [18]]
16
[[9], [18, 19]]
19
[[9], [19]]
27
[[9], [19], [18]]
19
[[9], [19], [19]]
20
[[9], [12]]
16
[[9], [15]]
16
[[9], [2]]
15
[[9], [5]]
16
[[9], [7]]
15
[[9], [8]]
17
[[9], [14]]
16
[[9], [17]]
18
[[6]]
33
[[6], [10]]
15
[[6], [17]]
17
[[6], [19]]
24
[[6], [19], [19]]
16
[[6], [19], [18]]
17
[[6], [13]]
16
[[6], [16]]
16
[[6], [18]]
23
[[6], [2]]
15
[[6], [5]]
17
[[6], [7]]
16
[[6], [12]]
15
[[6], [0]]
15
[[3]]
28
[[3], [3]]
16
[[3], [9]]
15
[[3], [10]]
19
[[3], [10], [18]]
15
[[3], [11]]
18
[[3], [13]]
19
[[3], [14]]
18
[[3], [15]]
16
[[3], [18]]
22
[[3], [19]]
24
[[3], [19], [18]]
17
[[3], [19], [19]]
15
[[3], [8]]
17
[[3], [17]]
16
[[3], [4]]
16
[[1]]
26
[[1], [13]]
16
[[1], [16]]
16
[[1], [18]]
17
[[1], [19]]
20
[[1], [19], [19]]
17
[[1], [17]]
15
[[2]]
29
[[2], [18]]
16
[[2], [19]]
19
[[2], [13]]
15
[[2], [17]]
16
[[18]]
45
[[18], [0]]
19
[[18], [3]]
20
[[18], [4]]
23
[[18], [6]]
21
[[18], [7]]
23
[[18], [8]]
22
[[18], [8], [18]]
15
[[18], [8], [19]]
17
[[18], [9]]
20
[[18], [10]]
21
[[18], [10], [18]]
17
[[18], [11]]
21
[[18], [11], [18]]
16
[[18], [11], [19]]
17
[[18], [11], [13]]
15
[[18], [13]]
29
[[18], [13], [4]]
16
[[18], [13], [11]]
16
[[18], [13], [17]]
17
[[18], [13], [18]]
19
[[18], [13], [19]]
20
[[18], [13], [19], [18]]
18
[[18], [14]]
20
[[18], [14], [18]]
15
[[18], [14], [19]]
15
[[18], [14], [14]]
15
[[18], [15]]
21
[[18], [15], [19]]
15
[[18], [16]]
27
[[18], [16], [18]]
19
[[18], [16], [19]]
18
[[18], [16], [12]]
15
[[18], [17]]
27
[[18], [17], [17]]
16
[[18], [17], [19]]
21
[[18], [17], [18]]
19
[[18], [17], [13]]
15
[[18], [17], [15]]
15
[[18], [18]]
35
[[18], [18], [4]]
19
[[18], [18], [9]]
16
[[18], [18], [10]]
16
[[18], [18], [11]]
16
[[18], [18], [13]]
22
[[18], [18], [14]]
17
[[18], [18], [15]]
18
[[18], [18], [16]]
19
[[18], [18], [18]]
24
[[18], [18], [18], [19]]
15
[[18], [18], [19]]
29
[[18], [18], [19], [18]]
21
[[18], [18], [19], [19]]
19
[[18], [18], [1]]
16
[[18], [18], [7]]
18
[[18], [18], [12]]
18
[[18], [18], [17]]
21
[[18], [18, 19]]
24
[[18], [18, 19], [18]]
17
[[18], [18, 19], [19]]
18
[[18], [18, 19], [19], [18]]
16
[[18], [19]]
35
[[18], [19], [10]]
18
[[18], [19], [11]]
16
[[18], [19], [11], [19]]
15
[[18], [19], [13]]
22
[[18], [19], [13], [18]]
15
[[18], [19], [13], [19]]
15
[[18], [19], [15]]
16
[[18], [19], [16]]
20
[[18], [19], [16], [18]]
15
[[18], [19], [18]]
28
[[18], [19], [18], [18]]
17
[[18], [19], [18], [19]]
19
[[18], [19], [18], [19], [18]]
15
[[18], [19], [19]]
29
[[18], [19], [19], [18]]
22
[[18], [19], [19], [7]]
15
[[18], [19], [19], [13]]
15
[[18], [19], [19], [19]]
20
[[18], [19], [5]]
16
[[18], [19], [7]]
18
[[18], [19], [12]]
20
[[18], [19], [17]]
21
[[18], [19], [17], [18]]
16
[[18], [19], [17], [19]]
15
[[18], [19], [14]]
16
[[18], [19], [8]]
16
[[18], [1]]
18
[[18], [5]]
22
[[18], [12]]
25
[[18], [2]]
15
[[18, 19]]
34
[[18, 19], [3]]
15
[[18, 19], [4]]
16
[[18, 19], [7]]
17
[[18, 19], [10]]
17
[[18, 19], [13]]
20
[[18, 19], [14]]
17
[[18, 19], [16]]
17
[[18, 19], [17]]
17
[[18, 19], [18]]
21
[[18, 19], [18], [18]]
18
[[18, 19], [18], [19]]
18
[[18, 19], [18], [19], [18]]
16
[[18, 19], [19]]
22
[[18, 19], [19], [18]]
19
[[18, 19], [19], [19]]
15
[[18, 19], [12]]
16
[[18, 19], [5]]
16
[[7]]
35
[[7], [10]]
18
[[7], [11]]
15
[[7], [17]]
19
[[7], [17], [19]]
15
[[7], [18]]
21
[[7], [18, 19]]
17
[[7], [19]]
27
[[7], [19], [19]]
17
[[7], [13]]
18
[[7], [15]]
20
[[7], [16]]
17
[[7], [9]]
15
[[7], [14]]
16
[[8]]
34
[[8], [6]]
18
[[8], [10]]
20
[[8], [11]]
21
[[8], [11], [19]]
15
[[8], [13]]
21
[[8], [14]]
16
[[8], [16]]
18
[[8], [18]]
26
[[8], [18], [18]]
17
[[8], [18], [19]]
17
[[8], [18, 19]]
17
[[8], [19]]
30
[[8], [19], [18]]
19
[[8], [19], [19]]
20
[[8], [19], [17]]
16
[[8], [0]]
16
[[8], [3]]
15
[[8], [7]]
16
[[8], [8]]
15
[[8], [12]]
17
[[8], [17]]
21
[[11]]
35
[[11], [3]]
15
[[11], [4]]
18
[[11], [7]]
20
[[11], [9]]
16
[[11], [10]]
17
[[11], [11]]
20
[[11], [13]]
25
[[11], [13], [19]]
18
[[11], [13], [18]]
15
[[11], [15]]
23
[[11], [15], [18]]
17
[[11], [15], [19]]
17
[[11], [17]]
23
[[11], [17], [17]]
15
[[11], [17], [19]]
17
[[11], [17], [13]]
16
[[11], [18]]
26
[[11], [18], [18]]
15
[[11], [18], [19]]
17
[[11], [18, 19]]
15
[[11], [19]]
28
[[11], [19], [18]]
19
[[11], [19], [19]]
15
[[11], [14]]
21
[[11], [5]]
15
[[11], [6]]
17
[[11], [0]]
17
[[11], [2]]
16
[[11], [8]]
15
[[15]]
40
[[15], [3]]
17
[[15], [4]]
18
[[15], [7]]
18
[[15], [7], [19]]
15
[[15], [9]]
16
[[15], [10]]
17
[[15], [11]]
22
[[15], [11], [18]]
15
[[15], [11], [19]]
17
[[15], [13]]
25
[[15], [13], [19]]
20
[[15], [13], [18]]
15
[[15], [16]]
19
[[15], [17]]
23
[[15], [17], [19]]
18
[[15], [17], [18]]
16
[[15], [18]]
29
[[15], [18], [16]]
15
[[15], [18], [18]]
21
[[15], [18], [19]]
22
[[15], [18], [19], [18]]
17
[[15], [18], [19], [19]]
15
[[15], [18], [13]]
16
[[15], [18, 19]]
19
[[15], [19]]
32
[[15], [19], [16]]
16
[[15], [19], [18]]
24
[[15], [19], [18], [19]]
16
[[15], [19], [13]]
18
[[15], [19], [19]]
21
[[15], [19], [19], [19]]
16
[[15], [19], [14]]
17
[[15], [19], [17]]
16
[[15], [19], [8]]
15
[[15], [5]]
17
[[15], [15]]
22
[[15], [14]]
20
[[15], [8]]
18
[[15], [6]]
15
[[15], [12]]
17
[[13]]
43
[[13], [1]]
17
[[13], [2]]
17
[[13], [3]]
17
[[13], [4]]
22
[[13], [5]]
21
[[13], [6]]
18
[[13], [9]]
18
[[13], [10]]
18
[[13], [11]]
24
[[13], [11], [18]]
16
[[13], [11], [19]]
16
[[13], [13]]
23
[[13], [13], [18]]
16
[[13], [14]]
21
[[13], [14], [18]]
15
[[13], [15]]
23
[[13], [15], [19]]
16
[[13], [15], [18]]
15
[[13], [17]]
28
[[13], [17], [18]]
17
[[13], [17], [19]]
18
[[13], [18]]
29
[[13], [18], [18]]
20
[[13], [18], [19]]
18
[[13], [18, 19]]
19
[[13], [19]]
34
[[13], [19], [17]]
18
[[13], [19], [18]]
24
[[13], [19], [18], [18]]
15
[[13], [19], [18], [19]]
15
[[13], [19], [19]]
21
[[13], [19], [19], [18]]
16
[[13], [19], [13]]
16
[[13], [19], [14]]
15
[[13], [19], [5]]
15
[[13], [19], [8]]
16
[[13], [8]]
19
[[13], [0]]
21
[[13], [7]]
20
[[13], [16]]
16
[[10]]
32
[[10], [4]]
17
[[10], [9]]
17
[[10], [10]]
16
[[10], [11]]
17
[[10], [16]]
19
[[10], [18]]
26
[[10], [18], [19]]
18
[[10], [18], [18]]
17
[[10], [5]]
16
[[10], [7]]
16
[[10], [12]]
17
[[10], [13]]
22
[[10], [13], [17]]
15
[[10], [14]]
17
[[10], [15]]
19
[[10], [17]]
20
[[10], [17], [19]]
16
[[10], [19]]
25
[[10], [19], [18]]
16
[[10], [19], [19]]
18
[[10], [19], [17]]
16
[[10], [0]]
16
[[10], [8]]
17
[[10], [6]]
15
[[0]]
30
[[0], [18]]
22
[[0], [19]]
22
[[0], [19], [19]]
15
[[0], [5]]
15
[[0], [8]]
15
[[0], [13]]
18
[[0], [14]]
15
[[17]]
42
[[17], [3]]
17
[[17], [4]]
22
[[17], [7]]
23
[[17], [7], [19]]
15
[[17], [9]]
18
[[17], [10]]
22
[[17], [10], [18]]
15
[[17], [11]]
24
[[17], [11], [17]]
15
[[17], [11], [18]]
15
[[17], [11], [19]]
16
[[17], [13]]
30
[[17], [13], [18]]
17
[[17], [13], [19]]
19
[[17], [13], [14]]
15
[[17], [13], [17]]
16
[[17], [14]]
24
[[17], [14], [18]]
17
[[17], [14], [19]]
18
[[17], [14], [14]]
17
[[17], [14], [13]]
15
[[17], [14], [17]]
15
[[17], [15]]
25
[[17], [15], [18]]
16
[[17], [15], [19]]
19
[[17], [16]]
21
[[17], [16], [19]]
15
[[17], [17]]
29
[[17], [17], [18]]
17
[[17], [17], [19]]
20
[[17], [18]]
33
[[17], [18], [10]]
15
[[17], [18], [18]]
21
[[17], [18], [18], [19]]
15
[[17], [18], [7]]
16
[[17], [18], [13]]
18
[[17], [18], [19]]
22
[[17], [18], [19], [19]]
17
[[17], [18], [19], [18]]
18
[[17], [18], [17]]
18
[[17], [18, 19]]
24
[[17], [18, 19], [18]]
15
[[17], [19]]
36
[[17], [19], [10]]
16
[[17], [19], [11]]
16
[[17], [19], [17]]
21
[[17], [19], [17], [18]]
16
[[17], [19], [18]]
23
[[17], [19], [18], [18]]
15
[[17], [19], [18], [19]]
15
[[17], [19], [5]]
17
[[17], [19], [7]]
18
[[17], [19], [13]]
17
[[17], [19], [19]]
22
[[17], [19], [19], [18]]
18
[[17], [19], [19], [19]]
15
[[17], [19], [0]]
15
[[17], [19], [14]]
16
[[17], [19], [8]]
16
[[17], [5]]
20
[[17], [0]]
21
[[17], [1]]
16
[[17], [2]]
16
[[17], [8]]
20
[[17], [8], [19]]
16
[[17], [12]]
20
[[17], [6]]
18
