[[14]]
50
[[14], [9]]
23
[[14], [10]]
22
[[14], [11]]
24
[[14], [14]]
30
[[14], [15]]
28
[[14], [18]]
33
[[14], [18], [18]]
23
[[14], [18], [19]]
22
[[14], [18, 19]]
25
[[14], [19]]
38
[[14], [19], [18]]
23
[[14], [19], [19]]
26
[[14], [5]]
24
[[14], [7]]
25
[[14], [12]]
29
[[14], [13]]
28
[[14], [16]]
28
[[14], [3]]
22
[[14], [6]]
22
[[14], [8]]
25
[[14], [17]]
28
[[14], [4]]
24
[[14], [0]]
22
[[12]]
46
[[12], [19]]
31
[[12], [14]]
25
[[12], [15]]
22
[[12], [18]]
30
[[19]]
66
[[19], [0]]
32
[[19], [1]]
27
[[19], [2]]
28
[[19], [3]]
27
[[19], [4]]
33
[[19], [5]]
32
[[19], [6]]
33
[[19], [7]]
34
[[19], [7], [19]]
25
[[19], [8]]
36
[[19], [8], [19]]
26
[[19], [9]]
28
[[19], [10]]
30
[[19], [11]]
32
[[19], [11], [19]]
23
[[19], [12]]
38
[[19], [13]]
40
[[19], [13], [17]]
25
[[19], [13], [18]]
25
[[19], [13], [19]]
29
[[19], [14]]
39
[[19], [14], [14]]
23
[[19], [14], [18]]
23
[[19], [14], [19]]
26
[[19], [15]]
36
[[19], [16]]
38
[[19], [16], [19]]
24
[[19], [16], [18]]
23
[[19], [16], [16]]
23
[[19], [17]]
44
[[19], [17], [13]]
23
[[19], [17], [14]]
22
[[19], [17], [17]]
26
[[19], [17], [19]]
30
[[19], [17], [18]]
27
[[19], [17], [15]]
23
[[19], [17], [4]]
22
[[19], [17, 19]]
25
[[19], [18]]
45
[[19], [18], [4]]
23
[[19], [18], [13]]
25
[[19], [18], [16]]
23
[[19], [18], [17]]
27
[[19], [18], [18]]
32
[[19], [18], [19]]
34
[[19], [18], [19], [18]]
26
[[19], [18], [19], [19]]
22
[[19], [18], [12]]
22
[[19], [18, 19]]
30
[[19], [19]]
53
[[19], [19], [4]]
24
[[19], [19], [7]]
26
[[19], [19], [10]]
23
[[19], [19], [13]]
29
[[19], [19], [14]]
26
[[19], [19], [16]]
26
[[19], [19], [17]]
30
[[19], [19], [18]]
35
[[19], [19], [18], [18]]
22
[[19], [19], [18, 19]]
24
[[19], [19], [19]]
38
[[19], [19], [19], [18]]
23
[[19], [19], [19], [19]]
26
[[19], [19], [0]]
23
[[19], [19], [8]]
22
[[19], [19], [11]]
25
[[19], [19], [12]]
26
[[19], [19], [15]]
26
[[16]]
46
[[16], [16]]
28
[[16], [18]]
28
[[16], [19]]
33
[[16], [19], [19]]
23
[[16], [12]]
25
[[16], [14]]
24
[[16], [17]]
24
[[16, 19]]
23
[[5]]
41
[[5], [18]]
23
[[5], [19]]
25
[[4]]
42
[[4], [14]]
24
[[4], [18]]
23
[[4], [19]]
29
[[4], [16]]
22
[[9]]
41
[[9], [18]]
26
[[9], [19]]
32
[[9], [19], [19]]
23
[[9], [17]]
22
[[9], [14]]
22
[[6]]
40
[[6], [19]]
29
[[6], [18]]
27
[[6], [13]]
22
[[6], [16]]
22
[[6], [17]]
22
[[3]]
31
[[3], [19]]
26
[[3], [18]]
23
[[1]]
34
[[1], [19]]
24
[[2]]
39
[[2], [19]]
25
[[18]]
56
[[18], [3]]
23
[[18], [4]]
31
[[18], [6]]
24
[[18], [7]]
26
[[18], [9]]
25
[[18], [10]]
24
[[18], [11]]
28
[[18], [11], [19]]
22
[[18], [13]]
32
[[18], [13], [19]]
22
[[18], [14]]
28
[[18], [15]]
26
[[18], [16]]
33
[[18], [16], [19]]
22
[[18], [17]]
33
[[18], [17], [19]]
24
[[18], [18]]
41
[[18], [18], [13]]
23
[[18], [18], [18]]
25
[[18], [18], [19]]
31
[[18], [18], [19], [18]]
22
[[18], [18], [17]]
24
[[18], [18, 19]]
28
[[18], [19]]
44
[[18], [19], [13]]
24
[[18], [19], [16]]
25
[[18], [19], [18]]
30
[[18], [19], [19]]
34
[[18], [19], [19], [18]]
22
[[18], [19], [19], [19]]
24
[[18], [19], [12]]
23
[[18], [19], [17]]
26
[[18], [19], [14]]
22
[[18], [1]]
24
[[18], [5]]
27
[[18], [12]]
31
[[18], [0]]
27
[[18], [8]]
26
[[18], [2]]
22
[[18, 19]]
41
[[18, 19], [18]]
25
[[18, 19], [19]]
26
[[18, 19], [4]]
22
[[7]]
41
[[7], [17]]
23
[[7], [18]]
25
[[7], [19]]
33
[[7], [15]]
22
[[8]]
43
[[8], [18]]
31
[[8], [19]]
37
[[8], [19], [18]]
22
[[8], [19], [19]]
24
[[8], [10]]
23
[[8], [11]]
25
[[8], [13]]
24
[[8], [16]]
25
[[8], [17]]
28
[[11]]
43
[[11], [4]]
22
[[11], [7]]
22
[[11], [11]]
24
[[11], [13]]
29
[[11], [15]]
29
[[11], [17]]
29
[[11], [18]]
30
[[11], [18], [19]]
22
[[11], [19]]
34
[[11], [14]]
27
[[11], [2]]
22
[[15]]
49
[[15], [11]]
25
[[15], [13]]
28
[[15], [16]]
24
[[15], [17]]
27
[[15], [18]]
32
[[15], [18], [18]]
24
[[15], [18], [19]]
25
[[15], [19]]
37
[[15], [19], [18]]
25
[[15], [19], [19]]
24
[[15], [14]]
25
[[15], [15]]
26
[[15], [4]]
22
[[13]]
50
[[13], [4]]
26
[[13], [5]]
22
[[13], [9]]
22
[[13], [11]]
28
[[13], [13]]
27
[[13], [14]]
26
[[13], [15]]
27
[[13], [17]]
32
[[13], [18]]
32
[[13], [18], [18]]
24
[[13], [18], [19]]
22
[[13], [18, 19]]
22
[[13], [19]]
39
[[13], [19], [18]]
26
[[13], [19], [19]]
25
[[13], [0]]
26
[[13], [7]]
22
[[13], [8]]
22
[[10]]
36
[[10], [18]]
27
[[10], [13]]
23
[[10], [19]]
26
[[0]]
39
[[0], [18]]
24
[[0], [19]]
27
[[0], [13]]
23
[[17]]
55
[[17], [4]]
29
[[17], [7]]
27
[[17], [9]]
23
[[17], [10]]
25
[[17], [11]]
30
[[17], [13]]
36
[[17], [13], [19]]
23
[[17], [14]]
33
[[17], [14], [19]]
23
[[17], [14], [14]]
23
[[17], [15]]
33
[[17], [15], [19]]
22
[[17], [16]]
28
[[17], [17]]
37
[[17], [17], [19]]
25
[[17], [18]]
39
[[17], [18], [18]]
26
[[17], [18], [19]]
28
[[17], [18, 19]]
29
[[17], [19]]
44
[[17], [19], [18]]
29
[[17], [19], [19]]
30
[[17], [19], [17]]
27
[[17], [19], [14]]
22
[[17], [5]]
24
[[17], [0]]
28
[[17], [6]]
22
[[17], [8]]
24
[[17], [12]]
26
[[17, 19]]
29
[[17, 18]]
24
