[[14]]
59
[[14], [9]]
26
[[14], [10]]
27
[[14], [11]]
30
[[14], [14]]
36
[[14], [15]]
36
[[14], [18]]
39
[[14], [18], [18]]
29
[[14], [18], [19]]
26
[[14], [18, 19]]
32
[[14], [19]]
48
[[14], [19], [18]]
31
[[14], [19], [19]]
35
[[14], [19], [19], [19]]
26
[[14], [19], [17]]
27
[[14], [5]]
27
[[14], [7]]
30
[[14], [12]]
36
[[14], [13]]
35
[[14], [13], [19]]
26
[[14], [16]]
32
[[14], [3]]
27
[[14], [6]]
29
[[14], [8]]
29
[[14], [17]]
38
[[14], [17], [19]]
28
[[14], [4]]
26
[[14], [0]]
27
[[14], [2]]
26
[[12]]
58
[[12], [19]]
42
[[12], [19], [19]]
29
[[12], [19], [18]]
26
[[12], [14]]
32
[[12], [15]]
31
[[12], [18]]
38
[[12], [18, 19]]
28
[[12], [8]]
26
[[12], [13]]
28
[[12], [17]]
31
[[12], [17], [19]]
26
[[19]]
80
[[19], [0]]
39
[[19], [0], [19]]
26
[[19], [1]]
33
[[19], [2]]
38
[[19], [3]]
36
[[19], [4]]
38
[[19], [4], [19]]
26
[[19], [5]]
40
[[19], [6]]
42
[[19], [6], [19]]
28
[[19], [6], [18]]
26
[[19], [7]]
42
[[19], [7], [19]]
33
[[19], [7], [18]]
28
[[19], [8]]
42
[[19], [8], [19]]
31
[[19], [8], [18]]
26
[[19], [9]]
33
[[19], [10]]
36
[[19], [11]]
40
[[19], [11], [19]]
30
[[19], [12]]
50
[[19], [12], [18]]
26
[[19], [12], [19]]
30
[[19], [13]]
48
[[19], [13], [17]]
31
[[19], [13], [18]]
30
[[19], [13], [19]]
36
[[19], [13], [15]]
26
[[19], [14]]
47
[[19], [14], [14]]
28
[[19], [14], [18]]
28
[[19], [14], [19]]
36
[[19], [14], [13]]
28
[[19], [14], [15]]
28
[[19], [14], [17]]
29
[[19], [15]]
47
[[19], [15], [19]]
30
[[19], [15], [17]]
26
[[19], [16]]
46
[[19], [16], [19]]
28
[[19], [16], [18]]
27
[[19], [16], [16]]
27
[[19], [17]]
56
[[19], [17], [13]]
27
[[19], [17], [17]]
33
[[19], [17], [19]]
42
[[19], [17], [18]]
36
[[19], [17], [15]]
30
[[19], [17], [14]]
26
[[19], [17, 19]]
36
[[19], [18]]
60
[[19], [18], [4]]
26
[[19], [18], [13]]
34
[[19], [18], [16]]
29
[[19], [18], [17]]
37
[[19], [18], [18]]
42
[[19], [18], [18], [19]]
26
[[19], [18], [18, 19]]
29
[[19], [18], [19]]
45
[[19], [18], [19], [18]]
32
[[19], [18], [19], [19]]
31
[[19], [18], [12]]
31
[[19], [18], [7]]
28
[[19], [18], [9]]
26
[[19], [18], [11]]
27
[[19], [18], [14]]
31
[[19], [18], [15]]
30
[[19], [18], [6]]
27
[[19], [18], [0]]
26
[[19], [18, 19]]
44
[[19], [18, 19], [18]]
26
[[19], [18, 19], [19]]
26
[[19], [19]]
67
[[19], [19], [4]]
27
[[19], [19], [7]]
32
[[19], [19], [10]]
27
[[19], [19], [13]]
36
[[19], [19], [14]]
35
[[19], [19], [16]]
33
[[19], [19], [17]]
40
[[19], [19], [17], [19]]
30
[[19], [19], [18]]
45
[[19], [19], [18], [18]]
30
[[19], [19], [18], [19]]
28
[[19], [19], [18, 19]]
33
[[19], [19], [19]]
48
[[19], [19], [19], [18]]
31
[[19], [19], [19], [19]]
37
[[19], [19], [19], [17]]
29
[[19], [19], [0]]
29
[[19], [19], [8]]
28
[[19], [19], [11]]
31
[[19], [19], [12]]
36
[[19], [19], [15]]
35
[[19], [19], [5]]
28
[[19], [19], [9]]
26
[[19], [19], [2]]
26
[[16]]
55
[[16], [16]]
33
[[16], [18]]
35
[[16], [19]]
39
[[16], [19], [19]]
31
[[16], [19], [18]]
26
[[16], [12]]
31
[[16], [14]]
30
[[16], [17]]
30
[[16], [0]]
26
[[16], [5]]
26
[[16], [13]]
27
[[16], [15]]
28
[[16, 19]]
30
[[5]]
49
[[5], [18]]
28
[[5], [19]]
32
[[5], [14]]
26
[[4]]
47
[[4], [14]]
29
[[4], [18]]
30
[[4], [19]]
36
[[4], [16]]
27
[[4], [15]]
26
[[9]]
48
[[9], [18]]
32
[[9], [18, 19]]
27
[[9], [19]]
39
[[9], [19], [19]]
31
[[9], [19], [18]]
27
[[9], [17]]
30
[[9], [14]]
28
[[9], [9]]
26
[[9], [13]]
27
[[6]]
50
[[6], [19]]
38
[[6], [19], [18]]
28
[[6], [19], [19]]
28
[[6], [18]]
35
[[6], [18, 19]]
28
[[6], [13]]
28
[[6], [17]]
30
[[6], [2]]
26
[[6], [12]]
27
[[6], [14]]
26
[[6], [15]]
26
[[3]]
41
[[3], [19]]
34
[[3], [18]]
29
[[3], [15]]
26
[[1]]
40
[[1], [19]]
30
[[1], [19], [19]]
26
[[2]]
51
[[2], [19]]
37
[[2], [16]]
27
[[2], [17]]
31
[[2], [18]]
30
[[2], [14]]
26
[[2], [15]]
26
[[18]]
69
[[18], [3]]
31
[[18], [4]]
36
[[18], [6]]
33
[[18], [7]]
35
[[18], [7], [19]]
26
[[18], [9]]
31
[[18], [10]]
29
[[18], [11]]
35
[[18], [11], [19]]
28
[[18], [13]]
40
[[18], [13], [19]]
29
[[18], [14]]
36
[[18], [14], [19]]
27
[[18], [15]]
36
[[18], [15], [19]]
27
[[18], [16]]
40
[[18], [16], [19]]
26
[[18], [17]]
45
[[18], [17], [19]]
36
[[18], [17], [17]]
28
[[18], [17], [18]]
28
[[18], [17, 19]]
31
[[18], [18]]
53
[[18], [18], [13]]
31
[[18], [18], [18]]
34
[[18], [18], [18, 19]]
27
[[18], [18], [19]]
43
[[18], [18], [19], [18]]
28
[[18], [18], [19], [19]]
29
[[18], [18], [17]]
34
[[18], [18], [14]]
28
[[18], [18], [16]]
28
[[18], [18], [12]]
26
[[18], [18], [15]]
27
[[18], [18, 19]]
39
[[18], [18, 19], [19]]
26
[[18], [19]]
55
[[18], [19], [13]]
31
[[18], [19], [16]]
32
[[18], [19], [18]]
40
[[18], [19], [18], [18]]
27
[[18], [19], [18], [19]]
29
[[18], [19], [18, 19]]
29
[[18], [19], [19]]
46
[[18], [19], [19], [18]]
29
[[18], [19], [19], [19]]
34
[[18], [19], [19], [17]]
26
[[18], [19], [12]]
30
[[18], [19], [17]]
38
[[18], [19], [17], [19]]
26
[[18], [19], [17, 19]]
26
[[18], [19], [14]]
29
[[18], [19], [10]]
26
[[18], [19], [15]]
28
[[18], [19], [11]]
26
[[18], [1]]
28
[[18], [5]]
34
[[18], [12]]
42
[[18], [12], [19]]
26
[[18], [0]]
33
[[18], [8]]
32
[[18], [2]]
31
[[18, 19]]
55
[[18, 19], [18]]
36
[[18, 19], [18], [19]]
28
[[18, 19], [19]]
37
[[18, 19], [19], [18]]
28
[[18, 19], [12]]
29
[[18, 19], [13]]
28
[[18, 19], [14]]
28
[[18, 19], [16]]
27
[[18, 19], [17]]
29
[[18, 19], [5]]
26
[[18, 19], [15]]
26
[[7]]
52
[[7], [17]]
31
[[7], [18]]
36
[[7], [18, 19]]
30
[[7], [19]]
44
[[7], [19], [19]]
29
[[7], [15]]
28
[[7], [14]]
27
[[8]]
52
[[8], [18]]
40
[[8], [18], [18]]
27
[[8], [18], [19]]
28
[[8], [18, 19]]
28
[[8], [19]]
45
[[8], [19], [18]]
30
[[8], [19], [19]]
32
[[8], [10]]
26
[[8], [11]]
30
[[8], [13]]
29
[[8], [16]]
31
[[8], [17]]
34
[[8], [7]]
26
[[8], [12]]
26
[[8], [14]]
27
[[8], [15]]
27
[[11]]
50
[[11], [7]]
26
[[11], [11]]
30
[[11], [13]]
33
[[11], [15]]
34
[[11], [17]]
34
[[11], [18]]
33
[[11], [19]]
40
[[11], [14]]
32
[[11], [2]]
26
[[15]]
62
[[15], [11]]
32
[[15], [13]]
34
[[15], [13], [19]]
26
[[15], [16]]
31
[[15], [17]]
38
[[15], [17], [19]]
28
[[15], [18]]
41
[[15], [18], [18]]
30
[[15], [18], [19]]
32
[[15], [18, 19]]
29
[[15], [19]]
48
[[15], [19], [18]]
33
[[15], [19], [19]]
36
[[15], [19], [14]]
27
[[15], [19], [16]]
27
[[15], [19], [17]]
27
[[15], [14]]
32
[[15], [15]]
33
[[15], [3]]
27
[[15], [7]]
27
[[15], [12]]
28
[[13]]
59
[[13], [4]]
27
[[13], [11]]
34
[[13], [13]]
32
[[13], [14]]
32
[[13], [15]]
33
[[13], [17]]
38
[[13], [17], [19]]
27
[[13], [18]]
39
[[13], [18], [18]]
29
[[13], [18], [19]]
26
[[13], [18, 19]]
30
[[13], [19]]
47
[[13], [19], [18]]
32
[[13], [19], [19]]
33
[[13], [0]]
29
[[13], [7]]
26
[[10]]
43
[[10], [18]]
31
[[10], [13]]
26
[[10], [19]]
32
[[10], [17]]
26
[[0]]
47
[[0], [18]]
31
[[0], [19]]
35
[[0], [19], [19]]
27
[[0], [13]]
30
[[0], [14]]
27
[[0], [17]]
28
[[0], [12]]
26
[[17]]
67
[[17], [4]]
34
[[17], [4], [19]]
26
[[17], [7]]
32
[[17], [9]]
27
[[17], [10]]
30
[[17], [11]]
36
[[17], [13]]
42
[[17], [13], [19]]
27
[[17], [14]]
38
[[17], [14], [19]]
27
[[17], [14], [14]]
26
[[17], [15]]
41
[[17], [15], [19]]
27
[[17], [16]]
34
[[17], [17]]
45
[[17], [17], [19]]
34
[[17], [17], [18]]
27
[[17], [17, 19]]
27
[[17], [18]]
48
[[17], [18], [18]]
34
[[17], [18], [18, 19]]
27
[[17], [18], [19]]
35
[[17], [18], [19], [18]]
26
[[17], [18], [19], [19]]
26
[[17], [18], [17]]
28
[[17], [18, 19]]
39
[[17], [19]]
56
[[17], [19], [18]]
38
[[17], [19], [18, 19]]
29
[[17], [19], [19]]
41
[[17], [19], [17]]
36
[[17], [19], [14]]
27
[[17], [19], [7]]
26
[[17], [19], [13]]
27
[[17], [19], [15]]
26
[[17], [5]]
30
[[17], [0]]
32
[[17], [6]]
30
[[17], [8]]
30
[[17], [12]]
33
[[17], [3]]
27
[[17], [2]]
26
[[17, 19]]
41
[[17, 19], [19]]
28
[[17, 18]]
32
