[[5]]
55
[[5], [17]]
37
[[5], [17], [18]]
24
[[5], [17], [19]]
26
[[5], [17], [16]]
22
[[5], [17], [11]]
21
[[5], [17], [15]]
22
[[5], [15]]
35
[[5], [18]]
41
[[5], [18], [18]]
28
[[5], [18], [18], [18]]
21
[[5], [18], [18], [19]]
21
[[5], [18], [19]]
28
[[5], [18], [16]]
24
[[5], [18], [15]]
26
[[5], [18], [11]]
21
[[5], [18], [9]]
20
[[5], [18], [17]]
25
[[5], [18], [12]]
21
[[5], [18, 19]]
26
[[5], [18, 19], [18]]
21
[[5], [19]]
39
[[5], [19], [18]]
30
[[5], [19], [18], [18]]
21
[[5], [19], [18], [19]]
20
[[5], [19], [18, 19]]
21
[[5], [19], [19]]
28
[[5], [19], [19], [18]]
24
[[5], [19], [19], [19]]
21
[[5], [19], [19], [16]]
20
[[5], [19], [19], [15]]
20
[[5], [19], [19], [17]]
21
[[5], [19], [16]]
23
[[5], [19], [15]]
27
[[5], [19], [11]]
22
[[5], [19], [17]]
25
[[5], [8]]
30
[[5], [3]]
25
[[5], [14]]
25
[[5], [16]]
32
[[5], [16], [18]]
20
[[5], [16], [19]]
24
[[5], [16], [11]]
20
[[5], [10]]
26
[[5], [6]]
24
[[5], [11]]
27
[[5], [9]]
25
[[5], [5]]
24
[[5], [13]]
24
[[5], [12]]
29
[[5], [4]]
25
[[5], [0]]
21
[[5], [7]]
25
[[11]]
51
[[11], [17]]
28
[[11], [17], [18]]
20
[[11], [17], [19]]
20
[[11], [15]]
22
[[11], [18]]
32
[[11], [18], [18]]
22
[[11], [19]]
30
[[11], [19], [18]]
25
[[11], [19], [19]]
23
[[11], [19], [17]]
20
[[11], [8]]
24
[[11], [14]]
24
[[11], [16]]
28
[[11], [16], [19]]
20
[[11], [7]]
24
[[11], [9]]
21
[[11], [12]]
21
[[17]]
63
[[17], [2]]
21
[[17], [15]]
37
[[17], [15], [18]]
20
[[17], [15], [19]]
21
[[17], [15], [16]]
22
[[17], [18]]
45
[[17], [18], [8]]
21
[[17], [18], [18]]
33
[[17], [18], [18], [18]]
24
[[17], [18], [18], [19]]
23
[[17], [18], [18, 19]]
20
[[17], [18], [19]]
33
[[17], [18], [19], [18]]
25
[[17], [18], [19], [19]]
21
[[17], [18], [19], [15]]
20
[[17], [18], [14]]
24
[[17], [18], [16]]
34
[[17], [18], [16], [18]]
22
[[17], [18], [16], [19]]
22
[[17], [18], [16], [15]]
20
[[17], [18], [11]]
22
[[17], [18], [9]]
21
[[17], [18], [12]]
25
[[17], [18], [15]]
27
[[17], [18], [6]]
22
[[17], [18], [17]]
27
[[17], [18], [3]]
21
[[17], [18], [5]]
21
[[17], [18], [7]]
20
[[17], [18, 19]]
33
[[17], [18, 19], [18]]
27
[[17], [18, 19], [16]]
23
[[17], [18, 19], [19]]
21
[[17], [19]]
47
[[17], [19], [18]]
36
[[17], [19], [18], [16]]
25
[[17], [19], [18], [18]]
23
[[17], [19], [18], [19]]
27
[[17], [19], [18], [15]]
22
[[17], [19], [18], [17]]
21
[[17], [19], [18, 19]]
25
[[17], [19], [18, 19], [18]]
21
[[17], [19], [19]]
34
[[17], [19], [19], [16]]
24
[[17], [19], [19], [18]]
28
[[17], [19], [19], [19]]
25
[[17], [19], [19], [15]]
24
[[17], [19], [19], [11]]
21
[[17], [19], [19], [17]]
21
[[17], [19], [16]]
34
[[17], [19], [16], [18]]
22
[[17], [19], [16], [19]]
23
[[17], [19], [16], [15]]
20
[[17], [19], [15]]
28
[[17], [19], [11]]
26
[[17], [19], [9]]
22
[[17], [19], [3]]
25
[[17], [19], [8]]
24
[[17], [19], [14]]
23
[[17], [19], [10]]
22
[[17], [19], [6]]
22
[[17], [19], [12]]
22
[[17], [19], [17]]
30
[[17], [19], [5]]
23
[[17], [19], [4]]
22
[[17], [19], [13]]
20
[[17], [19], [7]]
20
[[17], [8]]
33
[[17], [8], [16]]
22
[[17], [8], [18]]
20
[[17], [8], [19]]
23
[[17], [3]]
30
[[17], [3], [16]]
21
[[17], [3], [19]]
20
[[17], [3], [18]]
20
[[17], [14]]
30
[[17], [16]]
44
[[17], [16], [16]]
21
[[17], [16], [18]]
26
[[17], [16], [19]]
28
[[17], [16], [15]]
24
[[17], [16], [12]]
20
[[17], [16], [17]]
20
[[17], [16, 19]]
22
[[17], [10]]
25
[[17], [10], [19]]
20
[[17], [6]]
33
[[17], [6], [18]]
23
[[17], [6], [19]]
25
[[17], [6], [16]]
21
[[17], [11]]
32
[[17], [9]]
29
[[17], [9], [19]]
22
[[17], [17]]
41
[[17], [17], [18]]
25
[[17], [17], [16]]
25
[[17], [17], [19]]
27
[[17], [17], [15]]
22
[[17], [5]]
34
[[17], [5], [17]]
20
[[17], [5], [19]]
24
[[17], [5], [18]]
23
[[17], [5], [15]]
21
[[17], [12]]
30
[[17], [12], [19]]
20
[[17], [4]]
25
[[17], [13]]
30
[[17], [13], [19]]
21
[[17], [7]]
31
[[17], [1]]
21
[[17, 19]]
29
[[17, 19], [19]]
24
[[17, 19], [18]]
22
[[17, 19], [17]]
24
[[17, 19], [15]]
20
[[17, 18]]
21
[[2]]
33
[[2], [18]]
28
[[2], [18], [19]]
22
[[2], [18], [18]]
20
[[2], [18], [16]]
20
[[2], [18, 19]]
20
[[2], [19]]
30
[[2], [19], [18]]
23
[[2], [16]]
26
[[2], [16], [19]]
20
[[2], [6]]
21
[[2], [17]]
26
[[2], [8]]
21
[[2], [15]]
23
[[2], [11]]
20
[[2], [5]]
21
[[15]]
51
[[15], [8]]
27
[[15], [18]]
32
[[15], [18], [18]]
25
[[15], [18], [19]]
20
[[15], [18, 19]]
21
[[15], [19]]
34
[[15], [19], [18]]
23
[[15], [19], [19]]
25
[[15], [19], [19], [19]]
20
[[15], [19], [15]]
22
[[15], [19], [17]]
21
[[15], [14]]
26
[[15], [14], [19]]
21
[[15], [16]]
30
[[15], [16], [18]]
21
[[15], [16], [15]]
21
[[15], [16], [19]]
24
[[15], [15]]
29
[[15], [6]]
20
[[15], [9]]
24
[[15], [5]]
24
[[15], [17]]
29
[[15], [10]]
23
[[15], [11]]
21
[[15], [7]]
25
[[15], [12]]
24
[[15], [13]]
26
[[15], [4]]
20
[[15, 19]]
22
[[18]]
68
[[18], [8]]
37
[[18], [8], [19]]
27
[[18], [8], [18]]
24
[[18], [8], [18, 19]]
20
[[18], [8], [16]]
23
[[18], [18]]
57
[[18], [18], [14]]
31
[[18], [18], [16]]
36
[[18], [18], [16], [19]]
24
[[18], [18], [18]]
41
[[18], [18], [18], [18]]
24
[[18], [18], [18], [19]]
25
[[18], [18], [18], [16]]
22
[[18], [18], [18], [8]]
21
[[18], [18], [18], [17]]
21
[[18], [18], [18, 19]]
25
[[18], [18], [18, 19], [18]]
20
[[18], [18], [19]]
42
[[18], [18], [19], [18]]
27
[[18], [18], [19], [19]]
26
[[18], [18], [19], [17]]
22
[[18], [18], [19], [15]]
22
[[18], [18], [19], [8]]
20
[[18], [18], [19], [16]]
20
[[18], [18], [15]]
33
[[18], [18], [8]]
30
[[18], [18], [8], [19]]
20
[[18], [18], [11]]
25
[[18], [18], [9]]
23
[[18], [18], [3]]
24
[[18], [18], [17]]
32
[[18], [18], [6]]
24
[[18], [18], [13]]
24
[[18], [18], [5]]
25
[[18], [18], [10]]
22
[[18], [18], [7]]
21
[[18], [18], [12]]
25
[[18], [18], [4]]
23
[[18], [18, 19]]
38
[[18], [18, 19], [16]]
25
[[18], [18, 19], [18]]
31
[[18], [18, 19], [19]]
28
[[18], [18, 19], [19], [18]]
21
[[18], [18, 19], [19], [19]]
21
[[18], [18, 19], [15]]
24
[[18], [18, 19], [8]]
25
[[18], [18, 19], [14]]
25
[[18], [18, 19], [17]]
22
[[18], [19]]
52
[[18], [19], [14]]
31
[[18], [19], [16]]
34
[[18], [19], [16], [18]]
21
[[18], [19], [16], [19]]
25
[[18], [19], [16], [15]]
20
[[18], [19], [16], [8]]
20
[[18], [19], [18]]
41
[[18], [19], [18], [18]]
26
[[18], [19], [18], [19]]
28
[[18], [19], [18], [16]]
25
[[18], [19], [18], [15]]
23
[[18], [19], [18], [8]]
21
[[18], [19], [18], [17]]
22
[[18], [19], [18, 19]]
29
[[18], [19], [18, 19], [18]]
22
[[18], [19], [18, 19], [19]]
22
[[18], [19], [19]]
39
[[18], [19], [19], [18]]
32
[[18], [19], [19], [18], [19]]
20
[[18], [19], [19], [18, 19]]
22
[[18], [19], [19], [19]]
32
[[18], [19], [19], [19], [18]]
23
[[18], [19], [19], [19], [15]]
20
[[18], [19], [19], [19], [19]]
20
[[18], [19], [19], [16]]
28
[[18], [19], [19], [15]]
25
[[18], [19], [19], [17]]
24
[[18], [19], [19], [8]]
20
[[18], [19], [19], [3]]
21
[[18], [19], [15]]
32
[[18], [19], [6]]
25
[[18], [19], [6], [19]]
20
[[18], [19], [8]]
30
[[18], [19], [8], [19]]
21
[[18], [19], [11]]
27
[[18], [19], [9]]
23
[[18], [19], [13]]
26
[[18], [19], [17]]
33
[[18], [19], [17], [19]]
20
[[18], [19], [3]]
26
[[18], [19], [5]]
26
[[18], [19], [10]]
24
[[18], [19], [7]]
23
[[18], [19], [12]]
21
[[18], [19], [4]]
23
[[18], [19], [0]]
20
[[18], [3]]
32
[[18], [3], [16]]
23
[[18], [3], [19]]
23
[[18], [3], [18]]
20
[[18], [14]]
42
[[18], [14], [16]]
23
[[18], [14], [18]]
24
[[18], [14], [19]]
25
[[18], [14], [17]]
22
[[18], [16]]
51
[[18], [16], [16]]
27
[[18], [16], [18]]
36
[[18], [16], [18], [18]]
24
[[18], [16], [18], [19]]
21
[[18], [16], [18], [15]]
20
[[18], [16], [18, 19]]
26
[[18], [16], [19]]
36
[[18], [16], [19], [18]]
27
[[18], [16], [19], [18, 19]]
20
[[18], [16], [19], [19]]
25
[[18], [16], [19], [15]]
23
[[18], [16], [19], [16]]
20
[[18], [16], [15]]
30
[[18], [16], [8]]
28
[[18], [16], [12]]
23
[[18], [16], [14]]
25
[[18], [16], [17]]
25
[[18], [16], [10]]
21
[[18], [16], [6]]
20
[[18], [16], [3]]
20
[[18], [16], [5]]
21
[[18], [16, 19]]
29
[[18], [16, 19], [18]]
24
[[18], [16, 19], [19]]
23
[[18], [10]]
31
[[18], [10], [18]]
23
[[18], [10], [19]]
24
[[18], [10], [19], [15]]
20
[[18], [10], [15]]
21
[[18], [15]]
43
[[18], [15], [18]]
24
[[18], [15], [19]]
26
[[18], [15], [8]]
20
[[18], [15], [16]]
22
[[18], [6]]
35
[[18], [6], [19]]
28
[[18], [6], [18]]
25
[[18], [6], [16]]
20
[[18], [11]]
37
[[18], [11], [18]]
21
[[18], [11], [19]]
22
[[18], [11], [17]]
21
[[18], [9]]
34
[[18], [9], [19]]
28
[[18], [9], [19], [19]]
20
[[18], [9], [18]]
25
[[18], [9], [17]]
24
[[18], [9], [16]]
22
[[18], [13]]
39
[[18], [13], [18]]
27
[[18], [13], [19]]
28
[[18], [13], [17]]
24
[[18], [13], [16]]
24
[[18], [13], [15]]
20
[[18], [5]]
37
[[18], [5], [19]]
23
[[18], [5], [18]]
24
[[18], [5], [15]]
21
[[18], [17]]
52
[[18], [17], [18]]
30
[[18], [17], [18], [19]]
20
[[18], [17], [15]]
25
[[18], [17], [19]]
32
[[18], [17], [19], [18]]
21
[[18], [17], [19], [19]]
20
[[18], [17], [16]]
30
[[18], [17], [17]]
25
[[18], [17], [11]]
20
[[18], [17], [14]]
20
[[18], [17], [7]]
22
[[18], [17], [8]]
22
[[18], [17], [5]]
20
[[18], [17, 19]]
21
[[18], [12]]
39
[[18], [12], [19]]
25
[[18], [12], [18]]
20
[[18], [12], [17]]
20
[[18], [1]]
27
[[18], [1], [19]]
20
[[18], [4]]
33
[[18], [7]]
34
[[18], [7], [19]]
21
[[18], [7], [18]]
23
[[18], [0]]
28
[[18], [2]]
25
[[18], [2], [18]]
20
[[18], [2], [19]]
21
[[18, 19]]
52
[[18, 19], [8]]
31
[[18, 19], [8], [19]]
22
[[18, 19], [18]]
45
[[18, 19], [18], [16]]
27
[[18, 19], [18], [18]]
29
[[18, 19], [18], [19]]
29
[[18, 19], [18], [15]]
24
[[18, 19], [18], [8]]
22
[[18, 19], [18], [17]]
21
[[18, 19], [18, 19]]
27
[[18, 19], [18, 19], [18]]
21
[[18, 19], [18, 19], [19]]
22
[[18, 19], [19]]
39
[[18, 19], [19], [18]]
33
[[18, 19], [19], [18], [19]]
22
[[18, 19], [19], [19]]
31
[[18, 19], [19], [19], [15]]
20
[[18, 19], [19], [19], [18]]
21
[[18, 19], [19], [19], [19]]
22
[[18, 19], [19], [19], [16]]
21
[[18, 19], [19], [14]]
22
[[18, 19], [19], [15]]
24
[[18, 19], [19], [16]]
25
[[18, 19], [19], [8]]
20
[[18, 19], [19], [17]]
22
[[18, 19], [14]]
30
[[18, 19], [16]]
37
[[18, 19], [16], [18]]
25
[[18, 19], [16], [19]]
25
[[18, 19], [16], [16]]
22
[[18, 19], [16], [15]]
21
[[18, 19], [16], [8]]
21
[[18, 19], [15]]
34
[[18, 19], [15], [18]]
21
[[18, 19], [15], [19]]
20
[[18, 19], [11]]
28
[[18, 19], [9]]
26
[[18, 19], [17]]
38
[[18, 19], [17], [19]]
22
[[18, 19], [17], [18]]
24
[[18, 19], [17], [16]]
23
[[18, 19], [12]]
26
[[18, 19], [6]]
26
[[18, 19], [6], [19]]
21
[[18, 19], [6], [18]]
20
[[18, 19], [0]]
21
[[18, 19], [5]]
27
[[18, 19], [13]]
24
[[18, 19], [4]]
25
[[18, 19], [10]]
23
[[18, 19], [7]]
22
[[18, 19], [3]]
24
[[18, 19], [1]]
21
[[18, 19], [2]]
20
[[19]]
69
[[19], [8]]
44
[[19], [8], [16]]
26
[[19], [8], [18]]
29
[[19], [8], [18, 19]]
21
[[19], [8], [19]]
31
[[19], [8], [19], [18]]
21
[[19], [8], [17]]
24
[[19], [8], [15]]
21
[[19], [18]]
57
[[19], [18], [14]]
33
[[19], [18], [16]]
38
[[19], [18], [16], [18]]
23
[[19], [18], [16], [19]]
22
[[19], [18], [16], [15]]
21
[[19], [18], [18]]
44
[[19], [18], [18], [15]]
22
[[19], [18], [18], [18]]
28
[[19], [18], [18], [19]]
28
[[19], [18], [18], [16]]
23
[[19], [18], [18], [14]]
24
[[19], [18], [18], [17]]
24
[[19], [18], [18], [11]]
21
[[19], [18], [18], [8]]
20
[[19], [18], [18, 19]]
25
[[19], [18], [19]]
42
[[19], [18], [19], [18]]
27
[[19], [18], [19], [19]]
24
[[19], [18], [19], [19], [19]]
20
[[19], [18], [19], [14]]
22
[[19], [18], [19], [17]]
24
[[19], [18], [19], [15]]
22
[[19], [18], [15]]
34
[[19], [18], [8]]
29
[[19], [18], [11]]
28
[[19], [18], [9]]
24
[[19], [18], [17]]
37
[[19], [18], [17], [19]]
21
[[19], [18], [17], [18]]
20
[[19], [18], [3]]
26
[[19], [18], [13]]
24
[[19], [18], [5]]
25
[[19], [18], [6]]
24
[[19], [18], [12]]
27
[[19], [18], [4]]
24
[[19], [18], [7]]
21
[[19], [18], [10]]
22
[[19], [18], [0]]
20
[[19], [18, 19]]
43
[[19], [18, 19], [14]]
27
[[19], [18, 19], [16]]
27
[[19], [18, 19], [18]]
34
[[19], [18, 19], [18], [19]]
20
[[19], [18, 19], [19]]
31
[[19], [18, 19], [19], [18]]
20
[[19], [18, 19], [19], [19]]
20
[[19], [18, 19], [15]]
28
[[19], [18, 19], [17]]
27
[[19], [18, 19], [3]]
21
[[19], [18, 19], [8]]
23
[[19], [18, 19], [11]]
20
[[19], [19]]
56
[[19], [19], [3]]
28
[[19], [19], [3], [19]]
20
[[19], [19], [14]]
36
[[19], [19], [14], [18]]
21
[[19], [19], [14], [19]]
23
[[19], [19], [16]]
42
[[19], [19], [16], [18]]
25
[[19], [19], [16], [15]]
24
[[19], [19], [16], [19]]
28
[[19], [19], [16], [8]]
21
[[19], [19], [16], [17]]
20
[[19], [19], [18]]
49
[[19], [19], [18], [15]]
28
[[19], [19], [18], [8]]
24
[[19], [19], [18], [18]]
31
[[19], [19], [18], [19]]
31
[[19], [19], [18], [16]]
30
[[19], [19], [18], [14]]
23
[[19], [19], [18], [17]]
29
[[19], [19], [18], [11]]
21
[[19], [19], [18], [3]]
21
[[19], [19], [18], [12]]
20
[[19], [19], [18, 19]]
32
[[19], [19], [18, 19], [18]]
25
[[19], [19], [18, 19], [19]]
23
[[19], [19], [18, 19], [15]]
20
[[19], [19], [18, 19], [17]]
20
[[19], [19], [19]]
46
[[19], [19], [19], [15]]
29
[[19], [19], [19], [8]]
22
[[19], [19], [19], [18]]
37
[[19], [19], [19], [18], [19]]
21
[[19], [19], [19], [18, 19]]
21
[[19], [19], [19], [19]]
34
[[19], [19], [19], [19], [18]]
24
[[19], [19], [19], [19], [15]]
21
[[19], [19], [19], [19], [19]]
22
[[19], [19], [19], [16]]
30
[[19], [19], [19], [14]]
24
[[19], [19], [19], [17]]
30
[[19], [19], [19], [11]]
22
[[19], [19], [19], [3]]
23
[[19], [19], [19], [4]]
22
[[19], [19], [19], [10]]
20
[[19], [19], [15]]
38
[[19], [19], [15], [19]]
20
[[19], [19], [6]]
29
[[19], [19], [6], [19]]
22
[[19], [19], [6], [18]]
21
[[19], [19], [8]]
32
[[19], [19], [8], [19]]
21
[[19], [19], [11]]
31
[[19], [19], [11], [18]]
20
[[19], [19], [9]]
26
[[19], [19], [9], [19]]
21
[[19], [19], [4]]
29
[[19], [19], [4], [19]]
20
[[19], [19], [13]]
30
[[19], [19], [13], [19]]
21
[[19], [19], [5]]
27
[[19], [19], [17]]
39
[[19], [19], [17], [18]]
24
[[19], [19], [17], [19]]
26
[[19], [19], [17], [16]]
22
[[19], [19], [17], [15]]
22
[[19], [19], [12]]
25
[[19], [19], [10]]
24
[[19], [19], [7]]
24
[[19], [3]]
35
[[19], [3], [16]]
26
[[19], [3], [18]]
23
[[19], [3], [19]]
28
[[19], [3], [15]]
20
[[19], [3], [17]]
22
[[19], [14]]
39
[[19], [14], [18]]
25
[[19], [14], [19]]
27
[[19], [14], [17]]
22
[[19], [14], [16]]
21
[[19], [16]]
55
[[19], [16], [16]]
33
[[19], [16], [16], [19]]
21
[[19], [16], [18]]
40
[[19], [16], [18], [18]]
28
[[19], [16], [18], [19]]
26
[[19], [16], [18], [15]]
24
[[19], [16], [18], [14]]
20
[[19], [16], [18], [16]]
21
[[19], [16], [18], [17]]
21
[[19], [16], [18, 19]]
27
[[19], [16], [18, 19], [18]]
20
[[19], [16], [19]]
41
[[19], [16], [19], [18]]
29
[[19], [16], [19], [18, 19]]
21
[[19], [16], [19], [19]]
27
[[19], [16], [19], [15]]
27
[[19], [16], [19], [16]]
21
[[19], [16], [19], [17]]
21
[[19], [16], [15]]
36
[[19], [16], [6]]
25
[[19], [16], [6], [19]]
20
[[19], [16], [8]]
32
[[19], [16], [8], [19]]
22
[[19], [16], [11]]
24
[[19], [16], [9]]
23
[[19], [16], [14]]
27
[[19], [16], [17]]
31
[[19], [16], [17], [19]]
23
[[19], [16], [12]]
25
[[19], [16], [13]]
22
[[19], [16], [10]]
22
[[19], [16], [4]]
24
[[19], [16], [5]]
23
[[19], [16], [7]]
21
[[19], [16], [3]]
22
[[19], [16, 19]]
28
[[19], [16, 19], [18]]
22
[[19], [16, 19], [19]]
21
[[19], [16, 18]]
20
[[19], [10]]
35
[[19], [10], [18]]
25
[[19], [10], [15]]
23
[[19], [10], [19]]
24
[[19], [10], [17]]
20
[[19], [15]]
44
[[19], [15], [8]]
21
[[19], [15], [18]]
27
[[19], [15], [19]]
26
[[19], [15], [15]]
22
[[19], [15], [16]]
22
[[19], [15], [14]]
21
[[19], [15], [17]]
21
[[19], [6]]
37
[[19], [6], [18]]
29
[[19], [6], [18], [19]]
21
[[19], [6], [18, 19]]
20
[[19], [6], [19]]
29
[[19], [6], [19], [19]]
21
[[19], [6], [16]]
25
[[19], [6], [12]]
20
[[19], [11]]
41
[[19], [11], [16]]
22
[[19], [11], [18]]
25
[[19], [11], [19]]
24
[[19], [11], [17]]
24
[[19], [11], [8]]
20
[[19], [7]]
34
[[19], [7], [19]]
23
[[19], [7], [18]]
24
[[19], [7], [17]]
21
[[19], [7], [15]]
21
[[19], [9]]
40
[[19], [9], [19]]
30
[[19], [9], [19], [19]]
21
[[19], [9], [19], [18]]
22
[[19], [9], [18]]
29
[[19], [9], [18, 19]]
21
[[19], [9], [17]]
28
[[19], [9], [16]]
23
[[19], [9], [11]]
20
[[19], [9], [15]]
21
[[19], [17]]
53
[[19], [17], [19]]
37
[[19], [17], [19], [18]]
26
[[19], [17], [19], [19]]
23
[[19], [17], [19], [16]]
20
[[19], [17], [18]]
37
[[19], [17], [18], [16]]
24
[[19], [17], [18], [18]]
24
[[19], [17], [18], [19]]
23
[[19], [17], [18, 19]]
21
[[19], [17], [16]]
35
[[19], [17], [17]]
30
[[19], [17], [14]]
25
[[19], [17], [15]]
29
[[19], [17], [6]]
25
[[19], [17], [5]]
23
[[19], [17], [12]]
23
[[19], [17], [11]]
26
[[19], [17], [7]]
24
[[19], [17], [13]]
20
[[19], [17], [3]]
22
[[19], [17], [9]]
20
[[19], [17], [8]]
23
[[19], [17, 19]]
24
[[19], [17, 19], [19]]
20
[[19], [4]]
38
[[19], [4], [19]]
26
[[19], [4], [18]]
24
[[19], [4], [15]]
23
[[19], [4], [16]]
22
[[19], [4], [17]]
20
[[19], [5]]
41
[[19], [5], [17]]
24
[[19], [5], [19]]
27
[[19], [5], [19], [18]]
20
[[19], [5], [18]]
29
[[19], [5], [16]]
22
[[19], [5], [15]]
25
[[19], [12]]
38
[[19], [12], [19]]
26
[[19], [12], [18]]
20
[[19], [12], [17]]
22
[[19], [13]]
37
[[19], [13], [16]]
23
[[19], [13], [18]]
27
[[19], [13], [19]]
28
[[19], [13], [17]]
24
[[19], [13], [15]]
20
[[19], [2]]
28
[[19], [2], [18]]
23
[[19], [2], [16]]
21
[[19], [2], [19]]
23
[[19], [0]]
32
[[19], [0], [18]]
22
[[19], [0], [19]]
22
[[19], [1]]
29
[[19], [1], [18]]
20
[[19], [1], [19]]
21
[[8]]
57
[[8], [16]]
39
[[8], [16], [18]]
22
[[8], [16], [19]]
22
[[8], [16], [15]]
21
[[8], [18]]
38
[[8], [18], [18]]
25
[[8], [18], [16]]
22
[[8], [18], [19]]
25
[[8], [18], [17]]
25
[[8], [18, 19]]
28
[[8], [18, 19], [18]]
20
[[8], [19]]
43
[[8], [19], [18]]
30
[[8], [19], [19]]
25
[[8], [19], [19], [19]]
22
[[8], [19], [19], [18]]
20
[[8], [19], [16]]
27
[[8], [19], [17]]
27
[[8], [19], [15]]
23
[[8], [19], [3]]
20
[[8], [8]]
21
[[8], [17]]
33
[[8], [14]]
26
[[8], [15]]
30
[[8], [9]]
25
[[8], [5]]
25
[[8], [13]]
22
[[8], [3]]
22
[[8], [6]]
20
[[8], [11]]
21
[[8], [7]]
20
[[8], [12]]
23
[[3]]
41
[[3], [16]]
28
[[3], [18]]
28
[[3], [18], [18]]
23
[[3], [18], [19]]
20
[[3], [18, 19]]
21
[[3], [19]]
31
[[3], [19], [18]]
22
[[3], [19], [19]]
20
[[3], [19], [17]]
20
[[3], [8]]
25
[[3], [15]]
25
[[3], [17]]
25
[[3], [11]]
20
[[3], [12]]
22
[[3], [4]]
20
[[14]]
52
[[14], [16]]
33
[[14], [18]]
38
[[14], [18], [18]]
25
[[14], [18], [19]]
28
[[14], [18], [16]]
28
[[14], [18], [17]]
25
[[14], [18], [15]]
22
[[14], [18, 19]]
23
[[14], [19]]
41
[[14], [19], [18]]
28
[[14], [19], [18, 19]]
20
[[14], [19], [19]]
30
[[14], [19], [19], [18]]
21
[[14], [19], [19], [16]]
20
[[14], [19], [15]]
23
[[14], [19], [16]]
27
[[14], [19], [17]]
24
[[14], [19], [13]]
23
[[14], [19], [3]]
21
[[14], [15]]
29
[[14], [17]]
34
[[14], [17], [18]]
20
[[14], [17], [19]]
22
[[14], [17], [16]]
21
[[14], [8]]
27
[[14], [14]]
23
[[14], [3]]
24
[[14], [13]]
28
[[14], [13], [19]]
20
[[14], [9]]
22
[[14], [11]]
21
[[14], [6]]
21
[[14], [12]]
20
[[14], [7]]
20
[[14], [4]]
21
[[16]]
65
[[16], [16]]
43
[[16], [16], [18]]
30
[[16], [16], [18], [18]]
22
[[16], [16], [18], [19]]
20
[[16], [16], [18, 19]]
22
[[16], [16], [19]]
33
[[16], [16], [19], [18]]
21
[[16], [16], [16]]
23
[[16], [16], [15]]
26
[[16], [16], [14]]
21
[[16], [16], [8]]
22
[[16], [16], [17]]
23
[[16], [16], [6]]
20
[[16], [16], [5]]
20
[[16], [18]]
50
[[16], [18], [18]]
37
[[16], [18], [18], [18]]
22
[[16], [18], [18], [19]]
23
[[16], [18], [18, 19]]
20
[[16], [18], [19]]
34
[[16], [18], [19], [18]]
20
[[16], [18], [16]]
29
[[16], [18], [17]]
32
[[16], [18], [15]]
28
[[16], [18], [14]]
27
[[16], [18], [5]]
23
[[16], [18], [11]]
21
[[16], [18], [6]]
21
[[16], [18], [8]]
23
[[16], [18], [3]]
21
[[16], [18], [12]]
24
[[16], [18], [4]]
21
[[16], [18, 19]]
34
[[16], [18, 19], [18]]
28
[[16], [18, 19], [19]]
22
[[16], [18, 19], [15]]
22
[[16], [18, 19], [17]]
21
[[16], [18, 19], [14]]
20
[[16], [19]]
49
[[16], [19], [15]]
31
[[16], [19], [8]]
24
[[16], [19], [11]]
24
[[16], [19], [18]]
37
[[16], [19], [18], [18]]
22
[[16], [19], [18], [19]]
21
[[16], [19], [18], [17]]
21
[[16], [19], [18, 19]]
27
[[16], [19], [19]]
37
[[16], [19], [19], [18]]
25
[[16], [19], [19], [17]]
25
[[16], [19], [19], [16]]
21
[[16], [19], [19], [19]]
25
[[16], [19], [19], [14]]
20
[[16], [19], [19], [15]]
24
[[16], [19], [16]]
30
[[16], [19], [4]]
25
[[16], [19], [3]]
23
[[16], [19], [17]]
32
[[16], [19], [14]]
27
[[16], [19], [0]]
20
[[16], [19], [13]]
22
[[16], [19], [5]]
21
[[16], [19], [10]]
21
[[16], [19], [12]]
20
[[16], [19], [9]]
20
[[16], [10]]
32
[[16], [10], [15]]
23
[[16], [10], [19]]
23
[[16], [10], [18]]
21
[[16], [15]]
38
[[16], [15], [19]]
22
[[16], [15], [18]]
21
[[16], [6]]
29
[[16], [6], [18]]
21
[[16], [6], [19]]
25
[[16], [8]]
38
[[16], [8], [18]]
22
[[16], [8], [19]]
26
[[16], [8], [16]]
20
[[16], [11]]
33
[[16], [9]]
32
[[16], [9], [19]]
25
[[16], [9], [17]]
21
[[16], [14]]
37
[[16], [14], [18]]
23
[[16], [14], [19]]
25
[[16], [14], [17]]
20
[[16], [13]]
28
[[16], [13], [19]]
20
[[16], [4]]
30
[[16], [4], [19]]
21
[[16], [5]]
30
[[16], [17]]
42
[[16], [17], [18]]
26
[[16], [17], [15]]
20
[[16], [17], [19]]
28
[[16], [17], [16]]
22
[[16], [17], [17]]
21
[[16], [17], [14]]
20
[[16], [17], [11]]
20
[[16], [0]]
27
[[16], [12]]
35
[[16], [12], [19]]
22
[[16], [3]]
30
[[16], [3], [16]]
20
[[16], [3], [19]]
22
[[16], [1]]
22
[[16], [7]]
27
[[16, 18]]
26
[[16, 19]]
36
[[16, 19], [15]]
23
[[16, 19], [18]]
32
[[16, 19], [18], [18]]
24
[[16, 19], [18, 19]]
24
[[16, 19], [19]]
31
[[16, 19], [19], [18]]
25
[[16, 19], [16]]
26
[[16, 19], [16], [18]]
20
[[16, 19], [16], [19]]
20
[[16, 19], [17]]
26
[[16, 19], [8]]
22
[[16, 19], [12]]
22
[[16, 19], [6]]
21
[[16, 19], [11]]
21
[[16, 19], [9]]
20
[[16, 19], [3]]
21
[[10]]
44
[[10], [8]]
22
[[10], [11]]
23
[[10], [18]]
32
[[10], [18], [15]]
20
[[10], [18], [19]]
20
[[10], [18], [18]]
21
[[10], [18, 19]]
22
[[10], [19]]
34
[[10], [19], [15]]
24
[[10], [19], [16]]
22
[[10], [19], [19]]
24
[[10], [19], [18]]
23
[[10], [19], [17]]
23
[[10], [19], [11]]
20
[[10], [7]]
26
[[10], [15]]
29
[[10], [16]]
27
[[10], [16], [19]]
25
[[10], [16], [18]]
20
[[10], [5]]
22
[[10], [12]]
26
[[10], [17]]
29
[[10], [14]]
20
[[10], [9]]
21
[[10], [4]]
21
[[10], [13]]
20
[[10], [10]]
20
[[6]]
46
[[6], [18]]
36
[[6], [18], [15]]
22
[[6], [18], [16]]
24
[[6], [18], [19]]
28
[[6], [18], [18]]
25
[[6], [18], [17]]
24
[[6], [18], [12]]
20
[[6], [18, 19]]
25
[[6], [19]]
38
[[6], [19], [15]]
22
[[6], [19], [16]]
25
[[6], [19], [19]]
27
[[6], [19], [19], [18]]
20
[[6], [19], [18]]
26
[[6], [19], [3]]
22
[[6], [19], [11]]
20
[[6], [19], [17]]
22
[[6], [9]]
21
[[6], [15]]
27
[[6], [16]]
31
[[6], [16], [19]]
24
[[6], [16], [18]]
23
[[6], [5]]
27
[[6], [17]]
27
[[6], [12]]
28
[[6], [8]]
25
[[6], [3]]
24
[[6], [11]]
22
[[6], [14]]
21
[[7]]
43
[[7], [16]]
23
[[7], [19]]
31
[[7], [19], [18]]
25
[[7], [19], [19]]
21
[[7], [19], [16]]
21
[[7], [11]]
21
[[7], [14]]
20
[[7], [18]]
33
[[7], [18], [18]]
23
[[7], [18], [17]]
21
[[7], [18], [16]]
20
[[7], [18, 19]]
23
[[7], [17]]
26
[[7], [15]]
26
[[7], [8]]
23
[[7], [12]]
21
[[7], [5]]
20
[[7], [4]]
20
[[9]]
44
[[9], [16]]
30
[[9], [19]]
37
[[9], [19], [19]]
28
[[9], [19], [19], [18]]
21
[[9], [19], [18]]
27
[[9], [19], [17]]
25
[[9], [19], [11]]
21
[[9], [19], [14]]
21
[[9], [19], [16]]
21
[[9], [19], [15]]
21
[[9], [11]]
24
[[9], [18]]
34
[[9], [18], [18]]
24
[[9], [18], [16]]
20
[[9], [18], [19]]
21
[[9], [18], [14]]
20
[[9], [18], [17]]
20
[[9], [18, 19]]
26
[[9], [18, 19], [18]]
21
[[9], [14]]
27
[[9], [14], [19]]
21
[[9], [14], [18]]
20
[[9], [15]]
26
[[9], [17]]
33
[[9], [17], [19]]
21
[[9], [8]]
22
[[9], [3]]
23
[[9], [9]]
22
[[9], [6]]
20
[[9], [13]]
21
[[9], [4]]
20
[[12]]
51
[[12], [17]]
30
[[12], [17], [19]]
21
[[12], [19]]
36
[[12], [19], [19]]
26
[[12], [19], [18]]
24
[[12], [19], [17]]
22
[[12], [19], [15]]
22
[[12], [19], [16]]
21
[[12], [19], [4]]
20
[[12], [19], [5]]
20
[[12], [5]]
27
[[12], [18]]
29
[[12], [18], [18]]
23
[[12], [18], [19]]
24
[[12], [18], [16]]
20
[[12], [18], [15]]
21
[[12], [18, 19]]
22
[[12], [13]]
21
[[12], [14]]
23
[[12], [16]]
31
[[12], [16], [19]]
21
[[12], [11]]
24
[[12], [8]]
25
[[12], [15]]
24
[[12], [3]]
22
[[12], [4]]
22
[[12], [10]]
22
[[12], [12]]
23
[[12], [6]]
20
[[4]]
43
[[4], [5]]
20
[[4], [17]]
25
[[4], [19]]
31
[[4], [19], [18]]
25
[[4], [19], [15]]
24
[[4], [19], [16]]
20
[[4], [19], [19]]
23
[[4], [19], [17]]
22
[[4], [18]]
31
[[4], [18], [18]]
23
[[4], [18], [19]]
21
[[4], [18], [15]]
20
[[4], [18, 19]]
22
[[4], [18, 19], [18]]
20
[[4], [16]]
27
[[4], [16], [19]]
20
[[4], [16], [15]]
20
[[4], [15]]
28
[[4], [14]]
22
[[4], [8]]
24
[[4], [4]]
22
[[13]]
48
[[13], [16]]
32
[[13], [16], [19]]
24
[[13], [16], [18]]
20
[[13], [18]]
34
[[13], [18], [18]]
25
[[13], [18], [19]]
26
[[13], [18], [16]]
22
[[13], [18], [17]]
23
[[13], [18, 19]]
26
[[13], [18, 19], [18]]
22
[[13], [19]]
40
[[13], [19], [18]]
28
[[13], [19], [18, 19]]
22
[[13], [19], [19]]
27
[[13], [19], [19], [18]]
22
[[13], [19], [17]]
23
[[13], [19], [14]]
21
[[13], [19], [15]]
21
[[13], [19], [13]]
20
[[13], [15]]
27
[[13], [6]]
23
[[13], [8]]
28
[[13], [8], [19]]
22
[[13], [14]]
26
[[13], [17]]
32
[[13], [17], [19]]
21
[[13], [17], [18]]
20
[[13], [13]]
23
[[13], [5]]
24
[[13], [11]]
22
[[13], [3]]
23
[[13], [9]]
20
[[13], [4]]
21
[[13], [10]]
20
[[0]]
39
[[0], [18]]
30
[[0], [18], [18]]
23
[[0], [18], [19]]
22
[[0], [18], [17]]
22
[[0], [18, 19]]
21
[[0], [17]]
27
[[0], [17], [19]]
20
[[0], [19]]
30
[[0], [19], [18]]
24
[[0], [19], [19]]
21
[[0], [19], [17]]
21
[[0], [16]]
24
[[0], [11]]
22
[[0], [6]]
20
[[0], [8]]
22
[[0], [15]]
24
[[0], [7]]
21
[[0], [3]]
21
[[0], [4]]
21
[[0], [14]]
20
[[1]]
35
[[1], [18]]
25
[[1], [17]]
24
[[1], [19]]
26
[[1], [16]]
20
