[[5]]
125
[[5], [17]]
81
[[5], [17], [18]]
58
[[5], [17], [19]]
65
[[5], [17], [16]]
50
[[5], [15]]
73
[[5], [18]]
93
[[5], [18], [18]]
63
[[5], [18], [19]]
72
[[5], [18], [16]]
51
[[5], [18], [17]]
52
[[5], [18, 19]]
62
[[5], [18, 19], [19]]
50
[[5], [19]]
94
[[5], [19], [18]]
73
[[5], [19], [18], [19]]
55
[[5], [19], [19]]
77
[[5], [19], [19], [18]]
54
[[5], [19], [19], [19]]
58
[[5], [19], [16]]
59
[[5], [19], [15]]
54
[[5], [19], [17]]
56
[[5], [19], [14]]
50
[[5], [8]]
66
[[5], [3]]
57
[[5], [14]]
64
[[5], [16]]
85
[[5], [16], [19]]
65
[[5], [16], [18]]
54
[[5], [10]]
57
[[5], [6]]
52
[[5], [11]]
65
[[5], [9]]
62
[[5], [5]]
54
[[5], [13]]
55
[[5], [12]]
63
[[5], [4]]
55
[[5], [7]]
64
[[5], [1]]
52
[[5], [0]]
50
[[11]]
131
[[11], [17]]
80
[[11], [17], [18]]
61
[[11], [17], [19]]
64
[[11], [17], [16]]
53
[[11], [17], [17]]
52
[[11], [15]]
75
[[11], [18]]
97
[[11], [18], [18]]
69
[[11], [18], [19]]
73
[[11], [18], [16]]
62
[[11], [18], [17]]
57
[[11], [18], [15]]
54
[[11], [18, 19]]
63
[[11], [19]]
99
[[11], [19], [18]]
78
[[11], [19], [18], [19]]
57
[[11], [19], [18], [16]]
50
[[11], [19], [19]]
76
[[11], [19], [19], [18]]
54
[[11], [19], [19], [19]]
53
[[11], [19], [19], [16]]
50
[[11], [19], [17]]
62
[[11], [19], [16]]
68
[[11], [19], [15]]
58
[[11], [19], [14]]
52
[[11], [8]]
65
[[11], [14]]
66
[[11], [16]]
89
[[11], [16], [18]]
53
[[11], [16], [19]]
59
[[11], [16], [16]]
54
[[11], [16], [17]]
51
[[11], [16, 19]]
52
[[11], [7]]
69
[[11], [9]]
59
[[11], [12]]
63
[[11], [11]]
64
[[11], [5]]
61
[[11], [10]]
63
[[11], [3]]
52
[[11], [1]]
57
[[11], [13]]
56
[[11], [4]]
54
[[11], [6]]
58
[[11], [2]]
50
[[17]]
154
[[17], [2]]
67
[[17], [2], [19]]
50
[[17], [15]]
99
[[17], [15], [18]]
64
[[17], [15], [19]]
67
[[17], [15], [16]]
62
[[17], [15], [15]]
52
[[17], [15], [17]]
55
[[17], [15], [7]]
50
[[17], [18]]
126
[[17], [18], [8]]
62
[[17], [18], [18]]
91
[[17], [18], [18], [18]]
53
[[17], [18], [18], [19]]
57
[[17], [18], [18, 19]]
55
[[17], [18], [19]]
103
[[17], [18], [19], [18]]
65
[[17], [18], [19], [19]]
59
[[17], [18], [19], [17]]
54
[[17], [18], [19], [16]]
54
[[17], [18], [14]]
66
[[17], [18], [16]]
87
[[17], [18], [16], [19]]
52
[[17], [18], [16], [18]]
51
[[17], [18], [11]]
55
[[17], [18], [12]]
58
[[17], [18], [15]]
66
[[17], [18], [6]]
57
[[17], [18], [17]]
77
[[17], [18], [5]]
58
[[17], [18], [7]]
63
[[17], [18], [10]]
55
[[17], [18], [3]]
58
[[17], [18], [9]]
54
[[17], [18], [13]]
50
[[17], [18, 19]]
88
[[17], [18, 19], [18]]
66
[[17], [18, 19], [16]]
54
[[17], [18, 19], [19]]
66
[[17], [19]]
131
[[17], [19], [18]]
102
[[17], [19], [18], [16]]
59
[[17], [19], [18], [18]]
59
[[17], [19], [18], [19]]
75
[[17], [19], [18], [17]]
54
[[17], [19], [18, 19]]
66
[[17], [19], [18, 19], [19]]
50
[[17], [19], [19]]
107
[[17], [19], [19], [16]]
67
[[17], [19], [19], [18]]
77
[[17], [19], [19], [19]]
78
[[17], [19], [19], [19], [19]]
51
[[17], [19], [19], [15]]
53
[[17], [19], [19], [17]]
62
[[17], [19], [19], [14]]
53
[[17], [19], [16]]
99
[[17], [19], [16], [18]]
61
[[17], [19], [16], [19]]
63
[[17], [19], [15]]
73
[[17], [19], [11]]
69
[[17], [19], [9]]
55
[[17], [19], [3]]
65
[[17], [19], [8]]
69
[[17], [19], [14]]
74
[[17], [19], [10]]
68
[[17], [19], [6]]
60
[[17], [19], [12]]
64
[[17], [19], [17]]
84
[[17], [19], [17], [19]]
57
[[17], [19], [17], [18]]
55
[[17], [19], [5]]
63
[[17], [19], [4]]
57
[[17], [19], [7]]
66
[[17], [19], [13]]
63
[[17], [19], [1]]
52
[[17], [8]]
90
[[17], [8], [16]]
56
[[17], [8], [18]]
56
[[17], [8], [19]]
63
[[17], [8], [17]]
50
[[17], [3]]
79
[[17], [3], [19]]
52
[[17], [14]]
93
[[17], [14], [16]]
53
[[17], [14], [18]]
63
[[17], [14], [19]]
63
[[17], [14], [17]]
52
[[17], [16]]
124
[[17], [16], [16]]
78
[[17], [16], [18]]
85
[[17], [16], [18], [18]]
51
[[17], [16], [18], [19]]
53
[[17], [16], [18, 19]]
52
[[17], [16], [19]]
90
[[17], [16], [19], [19]]
57
[[17], [16], [19], [18]]
56
[[17], [16], [15]]
57
[[17], [16], [17]]
70
[[17], [16], [8]]
59
[[17], [16], [7]]
63
[[17], [16], [11]]
53
[[17], [16], [14]]
58
[[17], [16], [3]]
53
[[17], [16], [12]]
54
[[17], [16, 19]]
67
[[17], [10]]
79
[[17], [10], [19]]
60
[[17], [10], [18]]
56
[[17], [6]]
82
[[17], [6], [18]]
54
[[17], [6], [19]]
64
[[17], [6], [16]]
54
[[17], [11]]
89
[[17], [11], [18]]
58
[[17], [11], [19]]
60
[[17], [11], [16]]
53
[[17], [9]]
76
[[17], [9], [19]]
58
[[17], [9], [16]]
52
[[17], [9], [18]]
51
[[17], [17]]
110
[[17], [17], [18]]
79
[[17], [17], [18], [19]]
54
[[17], [17], [16]]
68
[[17], [17], [19]]
82
[[17], [17], [19], [18]]
56
[[17], [17], [19], [19]]
52
[[17], [17], [15]]
61
[[17], [17], [17]]
63
[[17], [17], [14]]
53
[[17], [17], [7]]
50
[[17], [17, 19]]
57
[[17], [5]]
84
[[17], [5], [19]]
60
[[17], [5], [18]]
59
[[17], [5], [16]]
55
[[17], [12]]
87
[[17], [12], [19]]
51
[[17], [4]]
69
[[17], [13]]
83
[[17], [13], [19]]
60
[[17], [13], [18]]
55
[[17], [7]]
93
[[17], [7], [19]]
59
[[17], [7], [18]]
56
[[17], [1]]
72
[[17], [0]]
63
[[17, 19]]
89
[[17, 19], [19]]
71
[[17, 19], [19], [18]]
56
[[17, 19], [19], [19]]
52
[[17, 19], [19], [16]]
51
[[17, 19], [18]]
66
[[17, 19], [18], [19]]
50
[[17, 19], [17]]
63
[[17, 19], [15]]
56
[[17, 19], [16]]
60
[[17, 18]]
62
[[2]]
96
[[2], [18]]
69
[[2], [18], [19]]
53
[[2], [18, 19]]
51
[[2], [19]]
79
[[2], [19], [18]]
56
[[2], [19], [19]]
53
[[2], [16]]
68
[[2], [16], [19]]
50
[[2], [17]]
65
[[2], [15]]
63
[[2], [11]]
52
[[2], [12]]
52
[[2], [14]]
53
[[2], [6]]
50
[[15]]
140
[[15], [8]]
72
[[15], [18]]
101
[[15], [18], [18]]
74
[[15], [18], [16]]
58
[[15], [18], [19]]
73
[[15], [18], [17]]
56
[[15], [18, 19]]
67
[[15], [18, 19], [19]]
50
[[15], [19]]
108
[[15], [19], [18]]
75
[[15], [19], [19]]
80
[[15], [19], [19], [19]]
57
[[15], [19], [15]]
57
[[15], [19], [17]]
58
[[15], [19], [16]]
65
[[15], [19], [14]]
56
[[15], [19], [12]]
52
[[15], [19], [7]]
53
[[15], [19], [13]]
50
[[15], [14]]
77
[[15], [14], [19]]
61
[[15], [14], [18]]
52
[[15], [16]]
96
[[15], [16], [18]]
60
[[15], [16], [19]]
68
[[15], [16], [16]]
50
[[15], [15]]
86
[[15], [15], [19]]
54
[[15], [9]]
66
[[15], [5]]
65
[[15], [17]]
83
[[15], [17], [19]]
62
[[15], [17], [18]]
56
[[15], [10]]
62
[[15], [11]]
68
[[15], [7]]
81
[[15], [7], [19]]
54
[[15], [12]]
71
[[15], [13]]
64
[[15], [6]]
62
[[15], [4]]
58
[[15], [3]]
54
[[15], [1]]
58
[[15], [0]]
50
[[15], [2]]
50
[[15, 19]]
58
[[18]]
170
[[18], [8]]
93
[[18], [8], [19]]
68
[[18], [8], [18]]
56
[[18], [8], [16]]
57
[[18], [18]]
144
[[18], [18], [14]]
72
[[18], [18], [14], [19]]
50
[[18], [18], [16]]
95
[[18], [18], [16], [19]]
59
[[18], [18], [18]]
102
[[18], [18], [18], [18]]
64
[[18], [18], [18], [19]]
71
[[18], [18], [18], [17]]
56
[[18], [18], [18], [16]]
56
[[18], [18], [18, 19]]
62
[[18], [18], [19]]
114
[[18], [18], [19], [18]]
71
[[18], [18], [19], [19]]
72
[[18], [18], [19], [17]]
61
[[18], [18], [19], [15]]
54
[[18], [18], [19], [16]]
64
[[18], [18], [19], [7]]
53
[[18], [18], [19], [8]]
51
[[18], [18], [15]]
81
[[18], [18], [8]]
73
[[18], [18], [11]]
62
[[18], [18], [9]]
57
[[18], [18], [3]]
64
[[18], [18], [17]]
86
[[18], [18], [17], [19]]
56
[[18], [18], [17], [17]]
53
[[18], [18], [17], [18]]
50
[[18], [18], [6]]
60
[[18], [18], [13]]
63
[[18], [18], [5]]
68
[[18], [18], [10]]
61
[[18], [18], [7]]
73
[[18], [18], [12]]
64
[[18], [18], [0]]
54
[[18], [18], [1]]
54
[[18], [18], [4]]
51
[[18], [18, 19]]
102
[[18], [18, 19], [16]]
59
[[18], [18, 19], [18]]
66
[[18], [18, 19], [19]]
73
[[18], [18, 19], [8]]
52
[[18], [18, 19], [17]]
54
[[18], [19]]
145
[[18], [19], [14]]
78
[[18], [19], [14], [19]]
53
[[18], [19], [16]]
102
[[18], [19], [16], [19]]
65
[[18], [19], [16], [18]]
56
[[18], [19], [16], [16]]
52
[[18], [19], [18]]
114
[[18], [19], [18], [18]]
71
[[18], [19], [18], [19]]
82
[[18], [19], [18], [19], [19]]
50
[[18], [19], [18], [16]]
64
[[18], [19], [18], [15]]
52
[[18], [19], [18], [17]]
61
[[18], [19], [18, 19]]
74
[[18], [19], [18, 19], [19]]
53
[[18], [19], [19]]
115
[[18], [19], [19], [18]]
79
[[18], [19], [19], [18], [19]]
52
[[18], [19], [19], [19]]
87
[[18], [19], [19], [19], [19]]
57
[[18], [19], [19], [19], [18]]
54
[[18], [19], [19], [16]]
70
[[18], [19], [19], [15]]
56
[[18], [19], [19], [17]]
67
[[18], [19], [19], [14]]
53
[[18], [19], [19], [7]]
51
[[18], [19], [15]]
81
[[18], [19], [15], [19]]
51
[[18], [19], [6]]
66
[[18], [19], [8]]
76
[[18], [19], [8], [19]]
51
[[18], [19], [11]]
68
[[18], [19], [9]]
63
[[18], [19], [13]]
69
[[18], [19], [17]]
91
[[18], [19], [17], [19]]
64
[[18], [19], [17], [18]]
58
[[18], [19], [17], [17]]
52
[[18], [19], [17], [16]]
51
[[18], [19], [3]]
65
[[18], [19], [5]]
68
[[18], [19], [10]]
73
[[18], [19], [10], [19]]
54
[[18], [19], [7]]
78
[[18], [19], [4]]
63
[[18], [19], [0]]
56
[[18], [19], [2]]
55
[[18], [19], [1]]
64
[[18], [19], [12]]
66
[[18], [3]]
79
[[18], [3], [19]]
55
[[18], [14]]
100
[[18], [14], [16]]
65
[[18], [14], [18]]
70
[[18], [14], [19]]
74
[[18], [14], [19], [19]]
52
[[18], [14], [17]]
55
[[18], [16]]
131
[[18], [16], [16]]
82
[[18], [16], [16], [19]]
52
[[18], [16], [18]]
93
[[18], [16], [18], [18]]
58
[[18], [16], [18], [19]]
61
[[18], [16], [18, 19]]
64
[[18], [16], [19]]
97
[[18], [16], [19], [18]]
63
[[18], [16], [19], [19]]
67
[[18], [16], [15]]
64
[[18], [16], [8]]
63
[[18], [16], [12]]
57
[[18], [16], [14]]
65
[[18], [16], [17]]
76
[[18], [16], [10]]
58
[[18], [16], [7]]
66
[[18], [16], [1]]
54
[[18], [16], [11]]
56
[[18], [16], [3]]
54
[[18], [16], [5]]
53
[[18], [16], [13]]
51
[[18], [16, 19]]
69
[[18], [16, 18]]
50
[[18], [10]]
92
[[18], [10], [18]]
66
[[18], [10], [19]]
71
[[18], [10], [19], [19]]
52
[[18], [10], [17]]
57
[[18], [10], [16]]
58
[[18], [15]]
107
[[18], [15], [18]]
68
[[18], [15], [19]]
73
[[18], [15], [16]]
64
[[18], [15], [15]]
57
[[18], [15], [7]]
51
[[18], [15], [17]]
54
[[18], [6]]
86
[[18], [6], [19]]
68
[[18], [6], [18]]
59
[[18], [6], [16]]
55
[[18], [11]]
96
[[18], [11], [18]]
60
[[18], [11], [19]]
68
[[18], [11], [17]]
55
[[18], [11], [16]]
56
[[18], [9]]
88
[[18], [9], [19]]
69
[[18], [9], [19], [19]]
54
[[18], [9], [18]]
65
[[18], [9], [17]]
57
[[18], [9], [16]]
62
[[18], [13]]
92
[[18], [13], [18]]
67
[[18], [13], [19]]
67
[[18], [13], [19], [19]]
52
[[18], [13], [16]]
57
[[18], [13], [15]]
50
[[18], [13], [17]]
51
[[18], [5]]
89
[[18], [5], [19]]
59
[[18], [5], [18]]
63
[[18], [5], [16]]
54
[[18], [17]]
121
[[18], [17], [18]]
90
[[18], [17], [18], [19]]
61
[[18], [17], [18], [18]]
52
[[18], [17], [18, 19]]
55
[[18], [17], [15]]
63
[[18], [17], [19]]
93
[[18], [17], [19], [18]]
61
[[18], [17], [19], [19]]
63
[[18], [17], [19], [16]]
55
[[18], [17], [16]]
81
[[18], [17], [16], [19]]
52
[[18], [17], [17]]
74
[[18], [17], [14]]
61
[[18], [17], [7]]
64
[[18], [17], [8]]
55
[[18], [17], [10]]
52
[[18], [17], [11]]
53
[[18], [17], [12]]
52
[[18], [17], [6]]
51
[[18], [17, 19]]
62
[[18], [12]]
94
[[18], [12], [19]]
62
[[18], [12], [18]]
56
[[18], [12], [16]]
53
[[18], [1]]
84
[[18], [1], [19]]
58
[[18], [1], [18]]
53
[[18], [4]]
84
[[18], [4], [19]]
59
[[18], [4], [16]]
52
[[18], [4], [18]]
53
[[18], [7]]
100
[[18], [7], [19]]
65
[[18], [7], [18]]
59
[[18], [7], [15]]
52
[[18], [7], [16]]
51
[[18], [7], [17]]
50
[[18], [0]]
80
[[18], [0], [19]]
57
[[18], [0], [18]]
50
[[18], [2]]
71
[[18], [2], [19]]
56
[[18, 19]]
133
[[18, 19], [8]]
73
[[18, 19], [8], [19]]
52
[[18, 19], [18]]
107
[[18, 19], [18], [16]]
63
[[18, 19], [18], [18]]
72
[[18, 19], [18], [19]]
75
[[18, 19], [18], [15]]
56
[[18, 19], [18], [17]]
56
[[18, 19], [18, 19]]
68
[[18, 19], [19]]
110
[[18, 19], [19], [18]]
81
[[18, 19], [19], [18], [19]]
51
[[18, 19], [19], [19]]
82
[[18, 19], [19], [19], [19]]
51
[[18, 19], [19], [14]]
53
[[18, 19], [19], [15]]
57
[[18, 19], [19], [16]]
68
[[18, 19], [19], [17]]
61
[[18, 19], [19], [7]]
52
[[18, 19], [14]]
72
[[18, 19], [16]]
96
[[18, 19], [16], [18]]
60
[[18, 19], [16], [19]]
63
[[18, 19], [15]]
75
[[18, 19], [11]]
64
[[18, 19], [9]]
62
[[18, 19], [17]]
86
[[18, 19], [17], [19]]
64
[[18, 19], [17], [18]]
64
[[18, 19], [17], [16]]
57
[[18, 19], [17], [17]]
55
[[18, 19], [12]]
63
[[18, 19], [6]]
64
[[18, 19], [0]]
59
[[18, 19], [5]]
66
[[18, 19], [13]]
65
[[18, 19], [4]]
56
[[18, 19], [10]]
66
[[18, 19], [7]]
72
[[18, 19], [3]]
61
[[18, 19], [1]]
59
[[18, 19], [2]]
54
[[19]]
177
[[19], [8]]
109
[[19], [8], [16]]
72
[[19], [8], [18]]
71
[[19], [8], [18], [19]]
50
[[19], [8], [19]]
80
[[19], [8], [19], [18]]
54
[[19], [8], [19], [16]]
50
[[19], [8], [17]]
65
[[19], [8], [15]]
56
[[19], [8], [11]]
50
[[19], [8], [14]]
52
[[19], [18]]
152
[[19], [18], [14]]
79
[[19], [18], [14], [19]]
54
[[19], [18], [16]]
105
[[19], [18], [16], [18]]
59
[[19], [18], [16], [19]]
63
[[19], [18], [16], [17]]
51
[[19], [18], [16], [16]]
52
[[19], [18], [18]]
119
[[19], [18], [18], [18]]
67
[[19], [18], [18], [19]]
80
[[19], [18], [18], [16]]
65
[[19], [18], [18], [14]]
52
[[19], [18], [18], [17]]
65
[[19], [18], [18], [15]]
56
[[19], [18], [18], [7]]
52
[[19], [18], [18, 19]]
75
[[19], [18], [19]]
126
[[19], [18], [19], [18]]
81
[[19], [18], [19], [19]]
78
[[19], [18], [19], [19], [19]]
53
[[19], [18], [19], [14]]
58
[[19], [18], [19], [17]]
69
[[19], [18], [19], [15]]
57
[[19], [18], [19], [16]]
69
[[19], [18], [19], [7]]
57
[[19], [18], [19], [13]]
51
[[19], [18], [15]]
87
[[19], [18], [15], [19]]
52
[[19], [18], [8]]
75
[[19], [18], [8], [19]]
52
[[19], [18], [11]]
74
[[19], [18], [9]]
69
[[19], [18], [17]]
101
[[19], [18], [17], [18]]
63
[[19], [18], [17], [19]]
65
[[19], [18], [17], [17]]
55
[[19], [18], [17], [16]]
54
[[19], [18], [3]]
67
[[19], [18], [13]]
70
[[19], [18], [5]]
68
[[19], [18], [6]]
66
[[19], [18], [12]]
71
[[19], [18], [4]]
65
[[19], [18], [7]]
78
[[19], [18], [10]]
68
[[19], [18], [0]]
60
[[19], [18], [1]]
60
[[19], [18, 19]]
112
[[19], [18, 19], [14]]
54
[[19], [18, 19], [16]]
68
[[19], [18, 19], [18]]
77
[[19], [18, 19], [19]]
83
[[19], [18, 19], [19], [19]]
52
[[19], [18, 19], [15]]
57
[[19], [18, 19], [17]]
64
[[19], [18, 19], [8]]
54
[[19], [18, 19], [11]]
51
[[19], [18, 19], [7]]
50
[[19], [19]]
157
[[19], [19], [3]]
78
[[19], [19], [3], [19]]
50
[[19], [19], [14]]
94
[[19], [19], [14], [18]]
56
[[19], [19], [14], [19]]
67
[[19], [19], [14], [16]]
54
[[19], [19], [16]]
121
[[19], [19], [16], [18]]
70
[[19], [19], [16], [15]]
56
[[19], [19], [16], [19]]
81
[[19], [19], [16], [17]]
60
[[19], [19], [16], [16]]
64
[[19], [19], [16], [11]]
51
[[19], [19], [16], [7]]
55
[[19], [19], [16], [14]]
51
[[19], [19], [16], [8]]
50
[[19], [19], [16, 19]]
55
[[19], [19], [18]]
131
[[19], [19], [18], [15]]
67
[[19], [19], [18], [8]]
57
[[19], [19], [18], [18]]
84
[[19], [19], [18], [18], [19]]
51
[[19], [19], [18], [18, 19]]
52
[[19], [19], [18], [19]]
99
[[19], [19], [18], [19], [19]]
58
[[19], [19], [18], [19], [18]]
56
[[19], [19], [18], [19], [16]]
52
[[19], [19], [18], [16]]
80
[[19], [19], [18], [14]]
58
[[19], [19], [18], [17]]
78
[[19], [19], [18], [11]]
54
[[19], [19], [18], [7]]
55
[[19], [19], [18], [6]]
50
[[19], [19], [18], [3]]
50
[[19], [19], [18, 19]]
87
[[19], [19], [18, 19], [18]]
54
[[19], [19], [18, 19], [19]]
65
[[19], [19], [19]]
132
[[19], [19], [19], [15]]
72
[[19], [19], [19], [8]]
59
[[19], [19], [19], [18]]
95
[[19], [19], [19], [18], [19]]
67
[[19], [19], [19], [18], [18]]
54
[[19], [19], [19], [18], [16]]
52
[[19], [19], [19], [18, 19]]
60
[[19], [19], [19], [19]]
100
[[19], [19], [19], [19], [18]]
61
[[19], [19], [19], [19], [19]]
73
[[19], [19], [19], [19], [16]]
54
[[19], [19], [19], [19], [17]]
52
[[19], [19], [19], [16]]
85
[[19], [19], [19], [16], [19]]
55
[[19], [19], [19], [14]]
68
[[19], [19], [19], [17]]
80
[[19], [19], [19], [17], [19]]
52
[[19], [19], [19], [11]]
59
[[19], [19], [19], [3]]
53
[[19], [19], [19], [10]]
57
[[19], [19], [19], [6]]
53
[[19], [19], [19], [12]]
57
[[19], [19], [19], [13]]
57
[[19], [19], [19], [7]]
59
[[19], [19], [19], [4]]
50
[[19], [19], [15]]
100
[[19], [19], [15], [19]]
60
[[19], [19], [15], [16]]
53
[[19], [19], [15], [18]]
52
[[19], [19], [6]]
80
[[19], [19], [6], [19]]
60
[[19], [19], [6], [18]]
51
[[19], [19], [6], [16]]
50
[[19], [19], [8]]
87
[[19], [19], [8], [19]]
61
[[19], [19], [11]]
85
[[19], [19], [11], [19]]
56
[[19], [19], [11], [18]]
50
[[19], [19], [11], [16]]
50
[[19], [19], [9]]
76
[[19], [19], [9], [19]]
58
[[19], [19], [9], [18]]
50
[[19], [19], [4]]
76
[[19], [19], [4], [19]]
54
[[19], [19], [13]]
84
[[19], [19], [13], [19]]
58
[[19], [19], [13], [18]]
53
[[19], [19], [13], [16]]
50
[[19], [19], [5]]
77
[[19], [19], [17]]
110
[[19], [19], [17], [18]]
76
[[19], [19], [17], [19]]
80
[[19], [19], [17], [19], [19]]
51
[[19], [19], [17], [16]]
65
[[19], [19], [17], [17]]
63
[[19], [19], [17], [15]]
56
[[19], [19], [17], [14]]
50
[[19], [19], [17, 19]]
58
[[19], [19], [12]]
77
[[19], [19], [10]]
79
[[19], [19], [10], [19]]
55
[[19], [19], [7]]
87
[[19], [19], [7], [19]]
56
[[19], [19], [0]]
63
[[19], [19], [2]]
64
[[19], [19], [1]]
74
[[19], [3]]
96
[[19], [3], [16]]
62
[[19], [3], [18]]
60
[[19], [3], [19]]
73
[[19], [3], [17]]
55
[[19], [3], [11]]
50
[[19], [14]]
114
[[19], [14], [18]]
77
[[19], [14], [18], [19]]
51
[[19], [14], [18, 19]]
51
[[19], [14], [19]]
87
[[19], [14], [19], [19]]
60
[[19], [14], [19], [18]]
53
[[19], [14], [19], [16]]
50
[[19], [14], [17]]
65
[[19], [14], [16]]
74
[[19], [14], [11]]
53
[[19], [14], [15]]
51
[[19], [14], [14]]
51
[[19], [14], [7]]
52
[[19], [16]]
145
[[19], [16], [16]]
92
[[19], [16], [16], [19]]
61
[[19], [16], [16], [18]]
51
[[19], [16], [18]]
100
[[19], [16], [18], [18]]
65
[[19], [16], [18], [19]]
70
[[19], [16], [18], [17]]
51
[[19], [16], [18], [16]]
51
[[19], [16], [18, 19]]
66
[[19], [16], [19]]
109
[[19], [16], [19], [18]]
71
[[19], [16], [19], [19]]
73
[[19], [16], [19], [19], [19]]
52
[[19], [16], [19], [15]]
53
[[19], [16], [19], [17]]
56
[[19], [16], [19], [16]]
53
[[19], [16], [15]]
79
[[19], [16], [6]]
59
[[19], [16], [8]]
74
[[19], [16], [11]]
65
[[19], [16], [9]]
63
[[19], [16], [14]]
70
[[19], [16], [17]]
88
[[19], [16], [17], [19]]
60
[[19], [16], [17], [18]]
54
[[19], [16], [12]]
65
[[19], [16], [13]]
64
[[19], [16], [10]]
58
[[19], [16], [4]]
57
[[19], [16], [5]]
59
[[19], [16], [7]]
72
[[19], [16], [3]]
64
[[19], [16], [1]]
60
[[19], [16], [2]]
55
[[19], [16, 19]]
76
[[19], [16, 19], [19]]
53
[[19], [16, 19], [18]]
50
[[19], [16, 18]]
55
[[19], [10]]
101
[[19], [10], [18]]
73
[[19], [10], [19]]
74
[[19], [10], [19], [19]]
55
[[19], [10], [17]]
64
[[19], [10], [15]]
52
[[19], [10], [16]]
62
[[19], [10], [7]]
54
[[19], [15]]
118
[[19], [15], [8]]
60
[[19], [15], [18]]
82
[[19], [15], [18], [19]]
55
[[19], [15], [18], [18]]
57
[[19], [15], [18, 19]]
51
[[19], [15], [19]]
84
[[19], [15], [19], [18]]
58
[[19], [15], [19], [19]]
59
[[19], [15], [19], [16]]
50
[[19], [15], [15]]
69
[[19], [15], [16]]
78
[[19], [15], [16], [19]]
51
[[19], [15], [14]]
58
[[19], [15], [17]]
67
[[19], [15], [11]]
56
[[19], [15], [7]]
67
[[19], [15], [9]]
53
[[19], [15], [12]]
53
[[19], [15], [5]]
51
[[19], [15], [13]]
50
[[19], [6]]
95
[[19], [6], [18]]
67
[[19], [6], [18], [19]]
50
[[19], [6], [18, 19]]
50
[[19], [6], [19]]
77
[[19], [6], [19], [19]]
53
[[19], [6], [16]]
65
[[19], [6], [15]]
55
[[19], [11]]
103
[[19], [11], [16]]
67
[[19], [11], [18]]
70
[[19], [11], [18], [19]]
52
[[19], [11], [18], [18]]
50
[[19], [11], [19]]
75
[[19], [11], [19], [19]]
52
[[19], [11], [19], [18]]
52
[[19], [11], [17]]
61
[[19], [11], [14]]
51
[[19], [11], [11]]
55
[[19], [11], [15]]
56
[[19], [11], [7]]
51
[[19], [7]]
108
[[19], [7], [19]]
73
[[19], [7], [18]]
67
[[19], [7], [17]]
59
[[19], [7], [15]]
61
[[19], [7], [16]]
59
[[19], [7], [14]]
50
[[19], [9]]
100
[[19], [9], [19]]
78
[[19], [9], [19], [19]]
57
[[19], [9], [19], [18]]
54
[[19], [9], [18]]
72
[[19], [9], [18], [19]]
50
[[19], [9], [18, 19]]
53
[[19], [9], [17]]
66
[[19], [9], [16]]
69
[[19], [9], [15]]
56
[[19], [17]]
135
[[19], [17], [19]]
105
[[19], [17], [19], [18]]
71
[[19], [17], [19], [19]]
74
[[19], [17], [19], [19], [19]]
51
[[19], [17], [19], [16]]
68
[[19], [17], [19], [14]]
52
[[19], [17], [19], [17]]
55
[[19], [17], [19], [15]]
51
[[19], [17], [18]]
105
[[19], [17], [18], [16]]
60
[[19], [17], [18], [18]]
63
[[19], [17], [18], [19]]
71
[[19], [17], [18], [17]]
56
[[19], [17], [18, 19]]
64
[[19], [17], [16]]
97
[[19], [17], [16], [18]]
59
[[19], [17], [16], [19]]
62
[[19], [17], [16], [16]]
56
[[19], [17], [16, 19]]
50
[[19], [17], [17]]
89
[[19], [17], [17], [19]]
60
[[19], [17], [17], [18]]
51
[[19], [17], [14]]
74
[[19], [17], [15]]
78
[[19], [17], [6]]
65
[[19], [17], [5]]
60
[[19], [17], [12]]
63
[[19], [17], [11]]
66
[[19], [17], [7]]
74
[[19], [17], [3]]
59
[[19], [17], [9]]
59
[[19], [17], [8]]
66
[[19], [17], [10]]
60
[[19], [17], [13]]
61
[[19], [17], [1]]
52
[[19], [17], [2]]
51
[[19], [17], [4]]
53
[[19], [17, 19]]
73
[[19], [17, 19], [18]]
51
[[19], [17, 19], [19]]
51
[[19], [17, 18]]
52
[[19], [4]]
92
[[19], [4], [19]]
70
[[19], [4], [18]]
61
[[19], [4], [16]]
61
[[19], [4], [17]]
56
[[19], [4], [15]]
51
[[19], [5]]
102
[[19], [5], [17]]
57
[[19], [5], [19]]
71
[[19], [5], [19], [19]]
56
[[19], [5], [19], [18]]
53
[[19], [5], [18]]
72
[[19], [5], [18], [19]]
51
[[19], [5], [16]]
65
[[19], [5], [15]]
55
[[19], [5], [14]]
50
[[19], [12]]
107
[[19], [12], [19]]
71
[[19], [12], [19], [19]]
50
[[19], [12], [18]]
67
[[19], [12], [16]]
64
[[19], [12], [17]]
53
[[19], [12], [15]]
51
[[19], [12], [7]]
50
[[19], [13]]
101
[[19], [13], [16]]
66
[[19], [13], [18]]
75
[[19], [13], [18], [19]]
57
[[19], [13], [18], [18]]
51
[[19], [13], [18, 19]]
51
[[19], [13], [19]]
80
[[19], [13], [19], [18]]
57
[[19], [13], [19], [19]]
57
[[19], [13], [17]]
59
[[19], [13], [15]]
60
[[19], [13], [7]]
55
[[19], [13], [14]]
52
[[19], [13], [13]]
50
[[19], [13], [11]]
50
[[19], [2]]
81
[[19], [2], [18]]
58
[[19], [2], [16]]
55
[[19], [2], [19]]
64
[[19], [2], [17]]
52
[[19], [2], [15]]
50
[[19], [0]]
92
[[19], [0], [18]]
68
[[19], [0], [18], [19]]
52
[[19], [0], [19]]
71
[[19], [0], [19], [19]]
52
[[19], [0], [16]]
61
[[19], [0], [17]]
58
[[19], [0], [15]]
50
[[19], [0], [7]]
50
[[19], [0], [14]]
50
[[19], [1]]
94
[[19], [1], [19]]
64
[[19], [1], [18]]
62
[[19], [1], [16]]
54
[[19], [1], [17]]
52
[[8]]
128
[[8], [16]]
91
[[8], [16], [19]]
58
[[8], [16], [17]]
51
[[8], [16], [18]]
55
[[8], [18]]
90
[[8], [18], [18]]
65
[[8], [18], [16]]
56
[[8], [18], [19]]
69
[[8], [18], [17]]
56
[[8], [18, 19]]
63
[[8], [19]]
102
[[8], [19], [18]]
73
[[8], [19], [19]]
69
[[8], [19], [19], [19]]
54
[[8], [19], [16]]
68
[[8], [19], [17]]
59
[[8], [19], [15]]
52
[[8], [19], [14]]
51
[[8], [8]]
61
[[8], [17]]
82
[[8], [17], [19]]
59
[[8], [17], [18]]
55
[[8], [14]]
70
[[8], [15]]
72
[[8], [9]]
61
[[8], [5]]
60
[[8], [13]]
51
[[8], [3]]
53
[[8], [11]]
65
[[8], [7]]
65
[[8], [12]]
58
[[8], [10]]
53
[[8], [2]]
52
[[8], [6]]
55
[[8], [1]]
52
[[3]]
108
[[3], [16]]
73
[[3], [18]]
73
[[3], [18], [18]]
52
[[3], [18], [19]]
52
[[3], [18, 19]]
56
[[3], [19]]
85
[[3], [19], [18]]
55
[[3], [19], [19]]
52
[[3], [19], [16]]
51
[[3], [8]]
52
[[3], [15]]
58
[[3], [17]]
65
[[3], [11]]
57
[[3], [12]]
57
[[3], [7]]
50
[[3], [14]]
53
[[14]]
133
[[14], [16]]
99
[[14], [16], [19]]
68
[[14], [16], [18]]
62
[[14], [16], [16]]
55
[[14], [18]]
104
[[14], [18], [18]]
70
[[14], [18], [19]]
79
[[14], [18], [19], [19]]
53
[[14], [18], [19], [18]]
50
[[14], [18], [16]]
65
[[14], [18], [17]]
63
[[14], [18], [15]]
51
[[14], [18], [14]]
52
[[14], [18, 19]]
75
[[14], [18, 19], [19]]
55
[[14], [18, 19], [18]]
52
[[14], [19]]
111
[[14], [19], [18]]
84
[[14], [19], [18], [19]]
59
[[14], [19], [18, 19]]
54
[[14], [19], [19]]
89
[[14], [19], [19], [18]]
60
[[14], [19], [19], [16]]
58
[[14], [19], [19], [19]]
64
[[14], [19], [19], [17]]
53
[[14], [19], [15]]
58
[[14], [19], [16]]
76
[[14], [19], [17]]
62
[[14], [19], [13]]
58
[[14], [19], [3]]
51
[[14], [19], [11]]
52
[[14], [19], [14]]
57
[[14], [19], [8]]
54
[[14], [19], [7]]
53
[[14], [19], [10]]
51
[[14], [19], [4]]
53
[[14], [19], [5]]
51
[[14], [15]]
71
[[14], [17]]
89
[[14], [17], [18]]
64
[[14], [17], [19]]
66
[[14], [17], [16]]
56
[[14], [17], [17]]
54
[[14], [8]]
70
[[14], [14]]
80
[[14], [14], [19]]
60
[[14], [14], [18]]
55
[[14], [3]]
61
[[14], [13]]
70
[[14], [13], [19]]
51
[[14], [9]]
63
[[14], [9], [19]]
51
[[14], [11]]
65
[[14], [6]]
67
[[14], [6], [19]]
51
[[14], [7]]
74
[[14], [7], [19]]
50
[[14], [4]]
61
[[14], [10]]
66
[[14], [5]]
62
[[14], [2]]
54
[[14], [1]]
61
[[14], [12]]
63
[[14], [0]]
54
[[16]]
163
[[16], [16]]
120
[[16], [16], [18]]
79
[[16], [16], [18], [19]]
53
[[16], [16], [18, 19]]
52
[[16], [16], [19]]
85
[[16], [16], [19], [19]]
53
[[16], [16], [19], [18]]
50
[[16], [16], [16]]
70
[[16], [16], [15]]
60
[[16], [16], [8]]
58
[[16], [16], [17]]
65
[[16], [16], [11]]
54
[[16], [16], [14]]
55
[[16], [16], [7]]
60
[[16], [16], [12]]
52
[[16], [16], [10]]
52
[[16], [16, 19]]
55
[[16], [18]]
123
[[16], [18], [18]]
90
[[16], [18], [18], [19]]
59
[[16], [18], [18], [18]]
50
[[16], [18], [18, 19]]
53
[[16], [18], [19]]
96
[[16], [18], [19], [19]]
57
[[16], [18], [19], [18]]
58
[[16], [18], [16]]
78
[[16], [18], [17]]
71
[[16], [18], [15]]
61
[[16], [18], [14]]
62
[[16], [18], [5]]
54
[[16], [18], [11]]
53
[[16], [18], [8]]
57
[[16], [18], [12]]
53
[[16], [18], [7]]
63
[[16], [18], [3]]
50
[[16], [18], [10]]
50
[[16], [18, 19]]
88
[[16], [18, 19], [18]]
63
[[16], [18, 19], [19]]
65
[[16], [19]]
134
[[16], [19], [15]]
70
[[16], [19], [8]]
66
[[16], [19], [11]]
63
[[16], [19], [18]]
100
[[16], [19], [18], [18]]
58
[[16], [19], [18], [19]]
66
[[16], [19], [18], [16]]
51
[[16], [19], [18], [17]]
50
[[16], [19], [18, 19]]
65
[[16], [19], [19]]
100
[[16], [19], [19], [18]]
66
[[16], [19], [19], [17]]
58
[[16], [19], [19], [19]]
78
[[16], [19], [19], [14]]
52
[[16], [19], [19], [15]]
51
[[16], [19], [19], [16]]
57
[[16], [19], [19], [8]]
53
[[16], [19], [16]]
85
[[16], [19], [16], [19]]
53
[[16], [19], [4]]
56
[[16], [19], [3]]
54
[[16], [19], [17]]
82
[[16], [19], [17], [19]]
57
[[16], [19], [17], [18]]
54
[[16], [19], [14]]
71
[[16], [19], [13]]
60
[[16], [19], [5]]
56
[[16], [19], [10]]
63
[[16], [19], [9]]
57
[[16], [19], [6]]
53
[[16], [19], [7]]
65
[[16], [19], [0]]
50
[[16], [19], [12]]
59
[[16], [19], [1]]
54
[[16], [10]]
80
[[16], [10], [19]]
58
[[16], [10], [18]]
54
[[16], [15]]
89
[[16], [15], [19]]
55
[[16], [15], [18]]
54
[[16], [15], [16]]
50
[[16], [6]]
72
[[16], [6], [19]]
54
[[16], [8]]
91
[[16], [8], [19]]
63
[[16], [8], [18]]
50
[[16], [8], [16]]
51
[[16], [11]]
85
[[16], [11], [19]]
54
[[16], [11], [18]]
50
[[16], [9]]
78
[[16], [9], [19]]
61
[[16], [9], [18]]
52
[[16], [9], [16]]
51
[[16], [14]]
95
[[16], [14], [19]]
69
[[16], [14], [18]]
62
[[16], [14], [16]]
53
[[16], [13]]
80
[[16], [13], [19]]
58
[[16], [13], [18]]
51
[[16], [4]]
69
[[16], [5]]
76
[[16], [17]]
111
[[16], [17], [18]]
79
[[16], [17], [19]]
84
[[16], [17], [19], [19]]
54
[[16], [17], [19], [18]]
55
[[16], [17], [16]]
62
[[16], [17], [17]]
61
[[16], [17], [14]]
54
[[16], [17], [15]]
53
[[16], [17], [11]]
52
[[16], [17], [7]]
55
[[16], [17], [8]]
50
[[16], [17, 19]]
52
[[16], [0]]
66
[[16], [12]]
84
[[16], [12], [19]]
50
[[16], [3]]
79
[[16], [3], [19]]
55
[[16], [1]]
75
[[16], [7]]
91
[[16], [7], [19]]
60
[[16], [7], [18]]
52
[[16], [2]]
62
[[16, 18]]
66
[[16, 19]]
94
[[16, 19], [18]]
72
[[16, 19], [18], [18]]
51
[[16, 19], [18], [19]]
51
[[16, 19], [18, 19]]
52
[[16, 19], [19]]
77
[[16, 19], [19], [18]]
55
[[16, 19], [19], [19]]
53
[[16, 19], [16]]
68
[[16, 19], [17]]
65
[[16, 19], [8]]
53
[[16, 19], [12]]
51
[[16, 17]]
54
[[10]]
119
[[10], [8]]
57
[[10], [11]]
61
[[10], [18]]
90
[[10], [18], [19]]
65
[[10], [18], [18]]
56
[[10], [18], [17]]
50
[[10], [18, 19]]
60
[[10], [19]]
92
[[10], [19], [19]]
72
[[10], [19], [19], [19]]
52
[[10], [19], [18]]
63
[[10], [19], [17]]
60
[[10], [19], [16]]
57
[[10], [19], [15]]
54
[[10], [7]]
69
[[10], [15]]
69
[[10], [16]]
80
[[10], [16], [19]]
62
[[10], [16], [18]]
52
[[10], [12]]
64
[[10], [17]]
81
[[10], [17], [19]]
58
[[10], [14]]
60
[[10], [10]]
57
[[10], [6]]
52
[[10], [5]]
53
[[10], [9]]
52
[[10], [4]]
50
[[10], [13]]
51
[[10], [0]]
50
[[6]]
113
[[6], [18]]
86
[[6], [18], [16]]
54
[[6], [18], [19]]
68
[[6], [18], [18]]
60
[[6], [18], [17]]
50
[[6], [18, 19]]
66
[[6], [19]]
94
[[6], [19], [16]]
60
[[6], [19], [19]]
70
[[6], [19], [19], [19]]
51
[[6], [19], [18]]
63
[[6], [19], [17]]
51
[[6], [19], [15]]
51
[[6], [9]]
52
[[6], [15]]
67
[[6], [16]]
80
[[6], [16], [19]]
58
[[6], [5]]
57
[[6], [17]]
66
[[6], [12]]
63
[[6], [8]]
58
[[6], [3]]
52
[[6], [11]]
58
[[6], [14]]
57
[[6], [7]]
57
[[7]]
125
[[7], [16]]
74
[[7], [19]]
95
[[7], [19], [18]]
66
[[7], [19], [19]]
71
[[7], [19], [16]]
55
[[7], [11]]
61
[[7], [14]]
66
[[7], [18]]
89
[[7], [18], [18]]
60
[[7], [18], [19]]
63
[[7], [18], [16]]
51
[[7], [18, 19]]
60
[[7], [17]]
72
[[7], [17], [19]]
52
[[7], [15]]
74
[[7], [8]]
57
[[7], [5]]
54
[[7], [7]]
63
[[7], [12]]
59
[[7], [9]]
52
[[7], [1]]
55
[[7], [13]]
54
[[7], [4]]
55
[[9]]
115
[[9], [16]]
84
[[9], [16], [19]]
62
[[9], [16], [18]]
53
[[9], [19]]
95
[[9], [19], [19]]
81
[[9], [19], [19], [19]]
57
[[9], [19], [18]]
74
[[9], [19], [17]]
61
[[9], [19], [14]]
57
[[9], [19], [16]]
66
[[9], [19], [7]]
50
[[9], [11]]
62
[[9], [18]]
92
[[9], [18], [18]]
64
[[9], [18], [16]]
58
[[9], [18], [19]]
73
[[9], [18], [14]]
51
[[9], [18], [17]]
57
[[9], [18, 19]]
70
[[9], [18, 19], [19]]
53
[[9], [14]]
71
[[9], [14], [19]]
57
[[9], [14], [18]]
50
[[9], [15]]
67
[[9], [17]]
81
[[9], [17], [19]]
56
[[9], [17], [18]]
50
[[9], [8]]
60
[[9], [3]]
56
[[9], [9]]
58
[[9], [13]]
55
[[9], [6]]
58
[[9], [7]]
59
[[9], [4]]
55
[[9], [12]]
58
[[9], [10]]
52
[[9], [1]]
54
[[9], [5]]
51
[[12]]
134
[[12], [17]]
74
[[12], [17], [19]]
53
[[12], [19]]
98
[[12], [19], [19]]
75
[[12], [19], [19], [19]]
53
[[12], [19], [18]]
70
[[12], [19], [17]]
59
[[12], [19], [15]]
54
[[12], [19], [16]]
60
[[12], [5]]
63
[[12], [18]]
91
[[12], [18], [18]]
62
[[12], [18], [19]]
69
[[12], [18], [16]]
56
[[12], [18], [17]]
50
[[12], [18, 19]]
65
[[12], [14]]
65
[[12], [16]]
89
[[12], [16], [19]]
58
[[12], [16], [18]]
52
[[12], [11]]
66
[[12], [8]]
65
[[12], [15]]
67
[[12], [10]]
60
[[12], [12]]
61
[[12], [7]]
65
[[12], [9]]
59
[[12], [6]]
53
[[12], [1]]
58
[[12], [4]]
56
[[12], [13]]
55
[[12], [3]]
51
[[4]]
105
[[4], [17]]
68
[[4], [17], [19]]
52
[[4], [19]]
84
[[4], [19], [18]]
58
[[4], [19], [19]]
63
[[4], [19], [17]]
55
[[4], [19], [16]]
56
[[4], [18]]
79
[[4], [18], [18]]
58
[[4], [18], [19]]
59
[[4], [18], [17]]
53
[[4], [18], [16]]
51
[[4], [18, 19]]
54
[[4], [16]]
74
[[4], [16], [19]]
53
[[4], [15]]
66
[[4], [14]]
58
[[4], [8]]
57
[[4], [11]]
54
[[4], [10]]
56
[[4], [7]]
55
[[4], [12]]
52
[[4], [4]]
51
[[13]]
119
[[13], [16]]
80
[[13], [16], [19]]
58
[[13], [16], [18]]
50
[[13], [18]]
93
[[13], [18], [18]]
69
[[13], [18], [19]]
76
[[13], [18], [19], [18]]
51
[[13], [18], [19], [19]]
51
[[13], [18], [16]]
62
[[13], [18], [17]]
52
[[13], [18, 19]]
70
[[13], [18, 19], [19]]
54
[[13], [19]]
97
[[13], [19], [18]]
77
[[13], [19], [18], [19]]
51
[[13], [19], [18, 19]]
51
[[13], [19], [19]]
78
[[13], [19], [19], [19]]
55
[[13], [19], [19], [18]]
52
[[13], [19], [14]]
51
[[13], [19], [16]]
59
[[13], [19], [17]]
54
[[13], [19], [15]]
50
[[13], [19], [13]]
50
[[13], [15]]
72
[[13], [8]]
65
[[13], [8], [19]]
52
[[13], [14]]
65
[[13], [17]]
69
[[13], [17], [19]]
57
[[13], [17], [18]]
53
[[13], [13]]
67
[[13], [11]]
65
[[13], [3]]
57
[[13], [9]]
56
[[13], [10]]
56
[[13], [7]]
66
[[13], [12]]
62
[[13], [1]]
54
[[13], [0]]
50
[[13], [5]]
55
[[13], [6]]
52
[[0]]
108
[[0], [18]]
80
[[0], [18], [18]]
55
[[0], [18], [19]]
64
[[0], [18], [17]]
51
[[0], [18, 19]]
62
[[0], [17]]
69
[[0], [17], [19]]
54
[[0], [19]]
83
[[0], [19], [18]]
61
[[0], [19], [19]]
67
[[0], [19], [16]]
56
[[0], [16]]
74
[[0], [16], [19]]
54
[[0], [11]]
60
[[0], [15]]
64
[[0], [7]]
62
[[0], [3]]
53
[[0], [14]]
60
[[0], [10]]
50
[[0], [6]]
53
[[0], [12]]
54
[[1]]
108
[[1], [18]]
74
[[1], [18], [18]]
53
[[1], [18], [19]]
57
[[1], [18, 19]]
54
[[1], [17]]
65
[[1], [19]]
79
[[1], [19], [18]]
54
[[1], [19], [19]]
57
[[1], [16]]
66
[[1], [15]]
57
[[1], [14]]
54
[[1], [12]]
54
[[1], [11]]
57
[[1], [7]]
55
