[[5]]
135
[[5], [17]]
83
[[5], [17], [18]]
62
[[5], [17], [19]]
68
[[5], [15]]
77
[[5], [18]]
100
[[5], [18], [18]]
66
[[5], [18], [19]]
75
[[5], [18], [16]]
55
[[5], [18, 19]]
68
[[5], [19]]
101
[[5], [19], [18]]
78
[[5], [19], [18], [19]]
56
[[5], [19], [18, 19]]
54
[[5], [19], [19]]
84
[[5], [19], [19], [18]]
55
[[5], [19], [19], [19]]
60
[[5], [19], [16]]
62
[[5], [19], [15]]
57
[[5], [19], [17]]
58
[[5], [8]]
70
[[5], [3]]
62
[[5], [14]]
67
[[5], [16]]
89
[[5], [16], [19]]
70
[[5], [16], [18]]
59
[[5], [10]]
63
[[5], [6]]
56
[[5], [11]]
69
[[5], [9]]
65
[[5], [5]]
59
[[5], [13]]
60
[[5], [12]]
68
[[5], [4]]
59
[[5], [7]]
69
[[5], [1]]
54
[[5], [0]]
55
[[11]]
143
[[11], [17]]
86
[[11], [17], [18]]
63
[[11], [17], [19]]
68
[[11], [17], [16]]
56
[[11], [17], [17]]
54
[[11], [15]]
80
[[11], [18]]
103
[[11], [18], [18]]
73
[[11], [18], [19]]
78
[[11], [18], [16]]
66
[[11], [18], [17]]
60
[[11], [18], [15]]
56
[[11], [18, 19]]
68
[[11], [19]]
107
[[11], [19], [18]]
81
[[11], [19], [18], [19]]
61
[[11], [19], [19]]
81
[[11], [19], [19], [18]]
57
[[11], [19], [19], [19]]
58
[[11], [19], [17]]
64
[[11], [19], [16]]
72
[[11], [19], [15]]
61
[[11], [19], [14]]
56
[[11], [8]]
69
[[11], [14]]
73
[[11], [16]]
96
[[11], [16], [18]]
57
[[11], [16], [19]]
64
[[11], [16], [16]]
57
[[11], [16], [17]]
54
[[11], [16, 19]]
56
[[11], [7]]
73
[[11], [9]]
61
[[11], [12]]
67
[[11], [11]]
69
[[11], [5]]
67
[[11], [10]]
69
[[11], [3]]
57
[[11], [1]]
60
[[11], [13]]
64
[[11], [4]]
59
[[11], [6]]
62
[[11], [2]]
55
[[17]]
165
[[17], [2]]
71
[[17], [15]]
103
[[17], [15], [18]]
66
[[17], [15], [19]]
70
[[17], [15], [16]]
67
[[17], [15], [15]]
54
[[17], [15], [17]]
56
[[17], [18]]
134
[[17], [18], [8]]
65
[[17], [18], [18]]
93
[[17], [18], [18], [18]]
55
[[17], [18], [18], [19]]
60
[[17], [18], [18, 19]]
58
[[17], [18], [19]]
107
[[17], [18], [19], [18]]
66
[[17], [18], [19], [19]]
62
[[17], [18], [19], [17]]
56
[[17], [18], [19], [16]]
58
[[17], [18], [14]]
67
[[17], [18], [16]]
92
[[17], [18], [16], [19]]
56
[[17], [18], [11]]
58
[[17], [18], [12]]
59
[[17], [18], [15]]
69
[[17], [18], [6]]
60
[[17], [18], [17]]
79
[[17], [18], [5]]
60
[[17], [18], [7]]
63
[[17], [18], [10]]
60
[[17], [18], [3]]
61
[[17], [18], [9]]
55
[[17], [18, 19]]
96
[[17], [18, 19], [18]]
67
[[17], [18, 19], [16]]
59
[[17], [18, 19], [19]]
70
[[17], [19]]
141
[[17], [19], [18]]
106
[[17], [19], [18], [16]]
63
[[17], [19], [18], [18]]
61
[[17], [19], [18], [19]]
77
[[17], [19], [18], [17]]
55
[[17], [19], [18, 19]]
70
[[17], [19], [19]]
114
[[17], [19], [19], [16]]
71
[[17], [19], [19], [18]]
79
[[17], [19], [19], [19]]
82
[[17], [19], [19], [19], [19]]
54
[[17], [19], [19], [15]]
55
[[17], [19], [19], [17]]
64
[[17], [19], [19], [14]]
54
[[17], [19], [19], [10]]
54
[[17], [19], [16]]
104
[[17], [19], [16], [18]]
63
[[17], [19], [16], [19]]
67
[[17], [19], [15]]
77
[[17], [19], [11]]
73
[[17], [19], [9]]
57
[[17], [19], [3]]
69
[[17], [19], [8]]
73
[[17], [19], [14]]
77
[[17], [19], [10]]
75
[[17], [19], [6]]
65
[[17], [19], [12]]
66
[[17], [19], [17]]
87
[[17], [19], [17], [19]]
58
[[17], [19], [17], [18]]
57
[[17], [19], [5]]
67
[[17], [19], [4]]
60
[[17], [19], [7]]
68
[[17], [19], [13]]
67
[[17], [19], [1]]
55
[[17], [8]]
95
[[17], [8], [16]]
59
[[17], [8], [18]]
59
[[17], [8], [19]]
68
[[17], [3]]
85
[[17], [3], [19]]
55
[[17], [14]]
98
[[17], [14], [16]]
55
[[17], [14], [18]]
66
[[17], [14], [19]]
66
[[17], [16]]
130
[[17], [16], [16]]
83
[[17], [16], [18]]
88
[[17], [16], [18], [19]]
56
[[17], [16], [18, 19]]
56
[[17], [16], [19]]
95
[[17], [16], [19], [19]]
62
[[17], [16], [19], [18]]
58
[[17], [16], [15]]
60
[[17], [16], [17]]
72
[[17], [16], [8]]
61
[[17], [16], [7]]
64
[[17], [16], [11]]
56
[[17], [16], [14]]
61
[[17], [16], [3]]
57
[[17], [16], [12]]
56
[[17], [16, 19]]
70
[[17], [10]]
87
[[17], [10], [19]]
67
[[17], [10], [18]]
60
[[17], [10], [16]]
54
[[17], [6]]
87
[[17], [6], [18]]
56
[[17], [6], [19]]
67
[[17], [6], [16]]
56
[[17], [11]]
95
[[17], [11], [18]]
60
[[17], [11], [19]]
65
[[17], [11], [16]]
55
[[17], [9]]
79
[[17], [9], [19]]
60
[[17], [17]]
114
[[17], [17], [18]]
82
[[17], [17], [18], [19]]
56
[[17], [17], [16]]
71
[[17], [17], [19]]
84
[[17], [17], [19], [18]]
59
[[17], [17], [19], [19]]
56
[[17], [17], [15]]
63
[[17], [17], [17]]
66
[[17], [17], [14]]
54
[[17], [17, 19]]
61
[[17], [5]]
91
[[17], [5], [19]]
64
[[17], [5], [18]]
62
[[17], [5], [16]]
56
[[17], [12]]
92
[[17], [12], [19]]
55
[[17], [4]]
74
[[17], [4], [19]]
54
[[17], [13]]
90
[[17], [13], [19]]
65
[[17], [13], [18]]
58
[[17], [7]]
96
[[17], [7], [19]]
59
[[17], [7], [18]]
57
[[17], [1]]
75
[[17], [0]]
70
[[17, 19]]
95
[[17, 19], [19]]
76
[[17, 19], [19], [18]]
59
[[17, 19], [19], [19]]
56
[[17, 19], [19], [16]]
54
[[17, 19], [18]]
70
[[17, 19], [17]]
66
[[17, 19], [15]]
59
[[17, 19], [16]]
64
[[17, 18]]
66
[[2]]
105
[[2], [18]]
74
[[2], [18], [19]]
56
[[2], [18, 19]]
55
[[2], [19]]
85
[[2], [19], [18]]
57
[[2], [19], [19]]
58
[[2], [16]]
73
[[2], [16], [19]]
54
[[2], [17]]
69
[[2], [15]]
68
[[2], [11]]
58
[[2], [12]]
55
[[2], [14]]
56
[[2], [6]]
54
[[2], [7]]
54
[[15]]
151
[[15], [8]]
75
[[15], [18]]
106
[[15], [18], [18]]
76
[[15], [18], [16]]
62
[[15], [18], [19]]
77
[[15], [18], [17]]
57
[[15], [18, 19]]
71
[[15], [19]]
114
[[15], [19], [18]]
78
[[15], [19], [19]]
85
[[15], [19], [19], [19]]
61
[[15], [19], [15]]
60
[[15], [19], [17]]
59
[[15], [19], [16]]
71
[[15], [19], [14]]
58
[[15], [19], [12]]
54
[[15], [19], [7]]
57
[[15], [19], [13]]
55
[[15], [14]]
80
[[15], [14], [19]]
63
[[15], [14], [18]]
55
[[15], [16]]
105
[[15], [16], [18]]
64
[[15], [16], [19]]
74
[[15], [16], [16]]
54
[[15], [15]]
91
[[15], [15], [19]]
57
[[15], [9]]
68
[[15], [5]]
70
[[15], [17]]
87
[[15], [17], [19]]
64
[[15], [17], [18]]
58
[[15], [10]]
68
[[15], [11]]
74
[[15], [7]]
85
[[15], [7], [19]]
56
[[15], [12]]
74
[[15], [13]]
69
[[15], [6]]
68
[[15], [4]]
62
[[15], [3]]
60
[[15], [1]]
61
[[15], [0]]
54
[[15, 19]]
63
[[18]]
186
[[18], [8]]
101
[[18], [8], [19]]
71
[[18], [8], [18]]
58
[[18], [8], [16]]
62
[[18], [18]]
153
[[18], [18], [14]]
75
[[18], [18], [16]]
102
[[18], [18], [16], [19]]
67
[[18], [18], [18]]
107
[[18], [18], [18], [18]]
67
[[18], [18], [18], [19]]
75
[[18], [18], [18], [17]]
57
[[18], [18], [18], [16]]
60
[[18], [18], [18, 19]]
66
[[18], [18], [19]]
123
[[18], [18], [19], [18]]
74
[[18], [18], [19], [19]]
78
[[18], [18], [19], [17]]
62
[[18], [18], [19], [15]]
57
[[18], [18], [19], [16]]
70
[[18], [18], [19], [7]]
56
[[18], [18], [15]]
85
[[18], [18], [8]]
77
[[18], [18], [11]]
67
[[18], [18], [9]]
59
[[18], [18], [3]]
69
[[18], [18], [17]]
88
[[18], [18], [17], [19]]
58
[[18], [18], [17], [17]]
54
[[18], [18], [6]]
64
[[18], [18], [13]]
69
[[18], [18], [5]]
71
[[18], [18], [10]]
70
[[18], [18], [7]]
77
[[18], [18], [12]]
67
[[18], [18], [0]]
57
[[18], [18], [1]]
56
[[18], [18], [4]]
56
[[18], [18, 19]]
109
[[18], [18, 19], [16]]
63
[[18], [18, 19], [18]]
69
[[18], [18, 19], [19]]
78
[[18], [18, 19], [8]]
54
[[18], [18, 19], [17]]
55
[[18], [19]]
157
[[18], [19], [14]]
80
[[18], [19], [14], [19]]
54
[[18], [19], [16]]
112
[[18], [19], [16], [19]]
73
[[18], [19], [16], [18]]
60
[[18], [19], [16], [16]]
56
[[18], [19], [18]]
117
[[18], [19], [18], [18]]
74
[[18], [19], [18], [19]]
85
[[18], [19], [18], [16]]
68
[[18], [19], [18], [15]]
55
[[18], [19], [18], [17]]
61
[[18], [19], [18, 19]]
78
[[18], [19], [18, 19], [19]]
54
[[18], [19], [19]]
123
[[18], [19], [19], [18]]
82
[[18], [19], [19], [18], [19]]
55
[[18], [19], [19], [19]]
92
[[18], [19], [19], [19], [19]]
60
[[18], [19], [19], [19], [18]]
56
[[18], [19], [19], [16]]
75
[[18], [19], [19], [15]]
59
[[18], [19], [19], [17]]
68
[[18], [19], [19], [14]]
55
[[18], [19], [19], [7]]
54
[[18], [19], [19], [10]]
54
[[18], [19], [15]]
86
[[18], [19], [6]]
72
[[18], [19], [8]]
81
[[18], [19], [11]]
73
[[18], [19], [9]]
63
[[18], [19], [13]]
73
[[18], [19], [17]]
95
[[18], [19], [17], [19]]
66
[[18], [19], [17], [18]]
60
[[18], [19], [3]]
70
[[18], [19], [5]]
74
[[18], [19], [10]]
82
[[18], [19], [10], [19]]
59
[[18], [19], [7]]
82
[[18], [19], [4]]
68
[[18], [19], [0]]
60
[[18], [19], [2]]
59
[[18], [19], [1]]
66
[[18], [19], [12]]
70
[[18], [3]]
85
[[18], [3], [19]]
57
[[18], [14]]
105
[[18], [14], [16]]
67
[[18], [14], [18]]
73
[[18], [14], [19]]
77
[[18], [14], [19], [19]]
54
[[18], [14], [17]]
56
[[18], [16]]
142
[[18], [16], [16]]
88
[[18], [16], [16], [19]]
57
[[18], [16], [18]]
99
[[18], [16], [18], [18]]
59
[[18], [16], [18], [19]]
63
[[18], [16], [18, 19]]
70
[[18], [16], [19]]
106
[[18], [16], [19], [18]]
65
[[18], [16], [19], [19]]
71
[[18], [16], [15]]
70
[[18], [16], [8]]
66
[[18], [16], [12]]
61
[[18], [16], [14]]
68
[[18], [16], [17]]
79
[[18], [16], [10]]
64
[[18], [16], [7]]
70
[[18], [16], [1]]
55
[[18], [16], [11]]
60
[[18], [16], [3]]
60
[[18], [16], [5]]
59
[[18], [16], [13]]
57
[[18], [16, 19]]
73
[[18], [10]]
104
[[18], [10], [18]]
71
[[18], [10], [19]]
79
[[18], [10], [19], [19]]
57
[[18], [10], [17]]
59
[[18], [10], [16]]
67
[[18], [10], [15]]
54
[[18], [15]]
114
[[18], [15], [18]]
71
[[18], [15], [19]]
78
[[18], [15], [16]]
71
[[18], [15], [15]]
61
[[18], [15], [7]]
55
[[18], [15], [17]]
56
[[18], [6]]
92
[[18], [6], [19]]
72
[[18], [6], [18]]
61
[[18], [6], [16]]
58
[[18], [11]]
105
[[18], [11], [18]]
64
[[18], [11], [19]]
73
[[18], [11], [17]]
58
[[18], [11], [16]]
61
[[18], [9]]
90
[[18], [9], [19]]
70
[[18], [9], [19], [19]]
54
[[18], [9], [18]]
65
[[18], [9], [17]]
57
[[18], [9], [16]]
62
[[18], [13]]
97
[[18], [13], [18]]
69
[[18], [13], [19]]
71
[[18], [13], [19], [19]]
55
[[18], [13], [16]]
62
[[18], [5]]
95
[[18], [5], [19]]
63
[[18], [5], [18]]
66
[[18], [5], [16]]
56
[[18], [17]]
129
[[18], [17], [18]]
93
[[18], [17], [18], [19]]
64
[[18], [17], [18], [18]]
54
[[18], [17], [18, 19]]
59
[[18], [17], [15]]
66
[[18], [17], [19]]
98
[[18], [17], [19], [18]]
63
[[18], [17], [19], [19]]
68
[[18], [17], [19], [16]]
59
[[18], [17], [16]]
86
[[18], [17], [16], [19]]
56
[[18], [17], [17]]
77
[[18], [17], [14]]
64
[[18], [17], [7]]
66
[[18], [17], [8]]
57
[[18], [17], [10]]
58
[[18], [17], [11]]
57
[[18], [17], [12]]
55
[[18], [17], [6]]
55
[[18], [17, 19]]
66
[[18], [12]]
100
[[18], [12], [19]]
66
[[18], [12], [18]]
60
[[18], [12], [16]]
56
[[18], [1]]
87
[[18], [1], [19]]
61
[[18], [1], [18]]
55
[[18], [4]]
91
[[18], [4], [19]]
65
[[18], [4], [16]]
55
[[18], [4], [18]]
56
[[18], [7]]
106
[[18], [7], [19]]
69
[[18], [7], [18]]
62
[[18], [7], [15]]
55
[[18], [7], [16]]
54
[[18], [0]]
86
[[18], [0], [19]]
59
[[18], [2]]
76
[[18], [2], [19]]
58
[[18, 19]]
147
[[18, 19], [8]]
78
[[18, 19], [18]]
111
[[18, 19], [18], [16]]
68
[[18, 19], [18], [18]]
75
[[18, 19], [18], [19]]
80
[[18, 19], [18], [15]]
58
[[18, 19], [18], [17]]
57
[[18, 19], [18, 19]]
71
[[18, 19], [19]]
119
[[18, 19], [19], [18]]
82
[[18, 19], [19], [18], [19]]
54
[[18, 19], [19], [19]]
86
[[18, 19], [19], [19], [19]]
54
[[18, 19], [19], [14]]
55
[[18, 19], [19], [15]]
60
[[18, 19], [19], [16]]
76
[[18, 19], [19], [17]]
63
[[18, 19], [19], [7]]
55
[[18, 19], [14]]
75
[[18, 19], [16]]
105
[[18, 19], [16], [18]]
64
[[18, 19], [16], [19]]
70
[[18, 19], [15]]
81
[[18, 19], [11]]
71
[[18, 19], [9]]
64
[[18, 19], [17]]
91
[[18, 19], [17], [19]]
67
[[18, 19], [17], [18]]
65
[[18, 19], [17], [16]]
61
[[18, 19], [17], [17]]
56
[[18, 19], [12]]
66
[[18, 19], [6]]
69
[[18, 19], [0]]
66
[[18, 19], [5]]
71
[[18, 19], [13]]
69
[[18, 19], [4]]
62
[[18, 19], [10]]
77
[[18, 19], [7]]
76
[[18, 19], [3]]
65
[[18, 19], [1]]
61
[[18, 19], [2]]
58
[[19]]
192
[[19], [8]]
117
[[19], [8], [16]]
76
[[19], [8], [18]]
73
[[19], [8], [19]]
84
[[19], [8], [19], [18]]
54
[[19], [8], [17]]
68
[[19], [8], [15]]
60
[[19], [8], [11]]
55
[[19], [18]]
161
[[19], [18], [14]]
83
[[19], [18], [14], [19]]
56
[[19], [18], [16]]
113
[[19], [18], [16], [18]]
64
[[19], [18], [16], [19]]
71
[[19], [18], [16], [16]]
57
[[19], [18], [18]]
125
[[19], [18], [18], [18]]
71
[[19], [18], [18], [19]]
85
[[19], [18], [18], [16]]
70
[[19], [18], [18], [17]]
66
[[19], [18], [18], [15]]
59
[[19], [18], [18], [7]]
55
[[19], [18], [18, 19]]
81
[[19], [18], [19]]
134
[[19], [18], [19], [18]]
84
[[19], [18], [19], [19]]
85
[[19], [18], [19], [19], [19]]
57
[[19], [18], [19], [14]]
60
[[19], [18], [19], [17]]
71
[[19], [18], [19], [15]]
60
[[19], [18], [19], [16]]
76
[[19], [18], [19], [7]]
60
[[19], [18], [19], [13]]
54
[[19], [18], [15]]
91
[[19], [18], [15], [19]]
56
[[19], [18], [8]]
78
[[19], [18], [8], [19]]
54
[[19], [18], [11]]
79
[[19], [18], [9]]
72
[[19], [18], [17]]
104
[[19], [18], [17], [18]]
65
[[19], [18], [17], [19]]
68
[[19], [18], [17], [17]]
57
[[19], [18], [17], [16]]
57
[[19], [18], [3]]
72
[[19], [18], [13]]
74
[[19], [18], [5]]
71
[[19], [18], [6]]
70
[[19], [18], [12]]
75
[[19], [18], [4]]
70
[[19], [18], [7]]
82
[[19], [18], [10]]
76
[[19], [18], [10], [19]]
54
[[19], [18], [0]]
62
[[19], [18], [1]]
62
[[19], [18, 19]]
118
[[19], [18, 19], [14]]
55
[[19], [18, 19], [16]]
73
[[19], [18, 19], [18]]
80
[[19], [18, 19], [19]]
87
[[19], [18, 19], [19], [19]]
55
[[19], [18, 19], [15]]
60
[[19], [18, 19], [17]]
65
[[19], [18, 19], [8]]
55
[[19], [18, 19], [11]]
54
[[19], [19]]
170
[[19], [19], [3]]
83
[[19], [19], [14]]
96
[[19], [19], [14], [18]]
58
[[19], [19], [14], [19]]
68
[[19], [19], [14], [16]]
54
[[19], [19], [16]]
130
[[19], [19], [16], [18]]
75
[[19], [19], [16], [15]]
61
[[19], [19], [16], [19]]
88
[[19], [19], [16], [17]]
63
[[19], [19], [16], [16]]
69
[[19], [19], [16], [11]]
54
[[19], [19], [16], [7]]
59
[[19], [19], [16, 19]]
57
[[19], [19], [18]]
136
[[19], [19], [18], [15]]
71
[[19], [19], [18], [8]]
58
[[19], [19], [18], [18]]
88
[[19], [19], [18], [18], [19]]
54
[[19], [19], [18], [18, 19]]
57
[[19], [19], [18], [19]]
103
[[19], [19], [18], [19], [19]]
62
[[19], [19], [18], [19], [18]]
58
[[19], [19], [18], [19], [16]]
56
[[19], [19], [18], [16]]
86
[[19], [19], [18], [14]]
59
[[19], [19], [18], [17]]
79
[[19], [19], [18], [11]]
58
[[19], [19], [18], [7]]
57
[[19], [19], [18], [3]]
54
[[19], [19], [18, 19]]
92
[[19], [19], [18, 19], [18]]
55
[[19], [19], [18, 19], [19]]
67
[[19], [19], [19]]
139
[[19], [19], [19], [15]]
75
[[19], [19], [19], [8]]
62
[[19], [19], [19], [18]]
98
[[19], [19], [19], [18], [19]]
69
[[19], [19], [19], [18], [18]]
56
[[19], [19], [19], [18, 19]]
63
[[19], [19], [19], [19]]
106
[[19], [19], [19], [19], [18]]
63
[[19], [19], [19], [19], [19]]
77
[[19], [19], [19], [19], [16]]
58
[[19], [19], [19], [16]]
90
[[19], [19], [19], [16], [19]]
59
[[19], [19], [19], [14]]
70
[[19], [19], [19], [17]]
81
[[19], [19], [19], [11]]
62
[[19], [19], [19], [3]]
59
[[19], [19], [19], [10]]
64
[[19], [19], [19], [6]]
56
[[19], [19], [19], [12]]
59
[[19], [19], [19], [13]]
61
[[19], [19], [19], [7]]
63
[[19], [19], [19], [4]]
54
[[19], [19], [15]]
105
[[19], [19], [15], [19]]
63
[[19], [19], [15], [16]]
57
[[19], [19], [15], [18]]
54
[[19], [19], [6]]
85
[[19], [19], [6], [19]]
64
[[19], [19], [8]]
93
[[19], [19], [8], [19]]
64
[[19], [19], [11]]
91
[[19], [19], [11], [19]]
62
[[19], [19], [11], [18]]
54
[[19], [19], [11], [16]]
54
[[19], [19], [9]]
78
[[19], [19], [9], [19]]
59
[[19], [19], [4]]
81
[[19], [19], [4], [19]]
59
[[19], [19], [13]]
88
[[19], [19], [13], [19]]
63
[[19], [19], [13], [18]]
56
[[19], [19], [13], [16]]
55
[[19], [19], [5]]
82
[[19], [19], [17]]
114
[[19], [19], [17], [18]]
79
[[19], [19], [17], [19]]
82
[[19], [19], [17], [19], [19]]
54
[[19], [19], [17], [16]]
68
[[19], [19], [17], [17]]
64
[[19], [19], [17], [15]]
58
[[19], [19], [17, 19]]
59
[[19], [19], [12]]
81
[[19], [19], [10]]
89
[[19], [19], [10], [19]]
62
[[19], [19], [7]]
92
[[19], [19], [7], [19]]
58
[[19], [19], [0]]
67
[[19], [19], [2]]
69
[[19], [19], [1]]
77
[[19], [3]]
104
[[19], [3], [16]]
64
[[19], [3], [18]]
61
[[19], [3], [19]]
76
[[19], [3], [17]]
56
[[19], [14]]
121
[[19], [14], [18]]
81
[[19], [14], [18], [19]]
54
[[19], [14], [18, 19]]
55
[[19], [14], [19]]
91
[[19], [14], [19], [19]]
64
[[19], [14], [19], [18]]
56
[[19], [14], [17]]
68
[[19], [14], [16]]
77
[[19], [14], [11]]
58
[[19], [14], [15]]
54
[[19], [14], [7]]
55
[[19], [16]]
156
[[19], [16], [16]]
97
[[19], [16], [16], [19]]
66
[[19], [16], [16], [18]]
55
[[19], [16], [18]]
105
[[19], [16], [18], [18]]
67
[[19], [16], [18], [19]]
72
[[19], [16], [18], [16]]
55
[[19], [16], [18, 19]]
72
[[19], [16], [19]]
117
[[19], [16], [19], [18]]
74
[[19], [16], [19], [19]]
78
[[19], [16], [19], [15]]
56
[[19], [16], [19], [17]]
57
[[19], [16], [19], [16]]
57
[[19], [16], [15]]
85
[[19], [16], [6]]
64
[[19], [16], [8]]
77
[[19], [16], [11]]
69
[[19], [16], [9]]
64
[[19], [16], [14]]
72
[[19], [16], [17]]
91
[[19], [16], [17], [19]]
62
[[19], [16], [17], [18]]
56
[[19], [16], [12]]
68
[[19], [16], [13]]
70
[[19], [16], [10]]
65
[[19], [16], [4]]
62
[[19], [16], [5]]
66
[[19], [16], [7]]
76
[[19], [16], [3]]
70
[[19], [16], [1]]
62
[[19], [16], [2]]
59
[[19], [16, 19]]
79
[[19], [16, 19], [19]]
56
[[19], [16, 18]]
56
[[19], [10]]
114
[[19], [10], [18]]
78
[[19], [10], [19]]
83
[[19], [10], [19], [19]]
59
[[19], [10], [17]]
66
[[19], [10], [15]]
57
[[19], [10], [16]]
70
[[19], [10], [7]]
58
[[19], [15]]
126
[[19], [15], [8]]
63
[[19], [15], [18]]
85
[[19], [15], [18], [19]]
58
[[19], [15], [18], [18]]
59
[[19], [15], [19]]
90
[[19], [15], [19], [18]]
59
[[19], [15], [19], [19]]
62
[[19], [15], [19], [16]]
54
[[19], [15], [15]]
74
[[19], [15], [16]]
85
[[19], [15], [16], [19]]
56
[[19], [15], [14]]
60
[[19], [15], [17]]
70
[[19], [15], [11]]
62
[[19], [15], [7]]
71
[[19], [15], [9]]
54
[[19], [15], [12]]
56
[[19], [15], [5]]
55
[[19], [15], [13]]
54
[[19], [15], [6]]
54
[[19], [6]]
103
[[19], [6], [18]]
70
[[19], [6], [19]]
82
[[19], [6], [19], [19]]
57
[[19], [6], [16]]
70
[[19], [6], [15]]
58
[[19], [11]]
114
[[19], [11], [16]]
73
[[19], [11], [18]]
75
[[19], [11], [18], [19]]
55
[[19], [11], [19]]
82
[[19], [11], [19], [19]]
55
[[19], [11], [19], [18]]
54
[[19], [11], [17]]
65
[[19], [11], [14]]
55
[[19], [11], [11]]
57
[[19], [11], [15]]
60
[[19], [11], [7]]
54
[[19], [7]]
115
[[19], [7], [19]]
76
[[19], [7], [18]]
70
[[19], [7], [17]]
60
[[19], [7], [15]]
63
[[19], [7], [16]]
61
[[19], [9]]
103
[[19], [9], [19]]
80
[[19], [9], [19], [19]]
58
[[19], [9], [19], [18]]
55
[[19], [9], [18]]
73
[[19], [9], [18, 19]]
54
[[19], [9], [17]]
66
[[19], [9], [16]]
69
[[19], [9], [15]]
56
[[19], [17]]
142
[[19], [17], [19]]
109
[[19], [17], [19], [18]]
74
[[19], [17], [19], [19]]
79
[[19], [17], [19], [16]]
71
[[19], [17], [19], [17]]
57
[[19], [17], [18]]
108
[[19], [17], [18], [16]]
62
[[19], [17], [18], [18]]
65
[[19], [17], [18], [19]]
73
[[19], [17], [18], [17]]
57
[[19], [17], [18, 19]]
68
[[19], [17], [16]]
102
[[19], [17], [16], [18]]
62
[[19], [17], [16], [19]]
65
[[19], [17], [16], [16]]
59
[[19], [17], [17]]
92
[[19], [17], [17], [19]]
62
[[19], [17], [14]]
77
[[19], [17], [15]]
79
[[19], [17], [6]]
68
[[19], [17], [5]]
64
[[19], [17], [12]]
66
[[19], [17], [11]]
69
[[19], [17], [7]]
76
[[19], [17], [3]]
62
[[19], [17], [9]]
60
[[19], [17], [8]]
67
[[19], [17], [10]]
65
[[19], [17], [13]]
64
[[19], [17], [4]]
56
[[19], [17, 19]]
76
[[19], [17, 18]]
55
[[19], [4]]
100
[[19], [4], [19]]
76
[[19], [4], [18]]
66
[[19], [4], [16]]
65
[[19], [4], [17]]
59
[[19], [4], [15]]
55
[[19], [5]]
111
[[19], [5], [17]]
59
[[19], [5], [19]]
77
[[19], [5], [19], [19]]
61
[[19], [5], [19], [18]]
57
[[19], [5], [18]]
78
[[19], [5], [18], [19]]
54
[[19], [5], [16]]
69
[[19], [5], [15]]
59
[[19], [12]]
114
[[19], [12], [19]]
75
[[19], [12], [19], [19]]
54
[[19], [12], [18]]
71
[[19], [12], [16]]
67
[[19], [12], [17]]
55
[[19], [12], [15]]
54
[[19], [12], [7]]
54
[[19], [12], [11]]
55
[[19], [13]]
109
[[19], [13], [16]]
73
[[19], [13], [18]]
79
[[19], [13], [18], [19]]
61
[[19], [13], [18], [18]]
55
[[19], [13], [18, 19]]
56
[[19], [13], [19]]
86
[[19], [13], [19], [18]]
61
[[19], [13], [19], [19]]
62
[[19], [13], [17]]
61
[[19], [13], [15]]
63
[[19], [13], [7]]
59
[[19], [13], [14]]
54
[[19], [13], [13]]
55
[[19], [13], [11]]
54
[[19], [13], [10]]
54
[[19], [2]]
87
[[19], [2], [18]]
60
[[19], [2], [16]]
58
[[19], [2], [19]]
67
[[19], [2], [17]]
54
[[19], [0]]
100
[[19], [0], [18]]
70
[[19], [0], [18], [19]]
55
[[19], [0], [19]]
75
[[19], [0], [19], [19]]
54
[[19], [0], [16]]
65
[[19], [0], [17]]
60
[[19], [0], [15]]
54
[[19], [1]]
100
[[19], [1], [19]]
70
[[19], [1], [18]]
66
[[19], [1], [16]]
59
[[19], [1], [17]]
54
[[8]]
138
[[8], [16]]
96
[[8], [16], [19]]
62
[[8], [16], [18]]
57
[[8], [18]]
97
[[8], [18], [18]]
67
[[8], [18], [16]]
62
[[8], [18], [19]]
73
[[8], [18], [17]]
56
[[8], [18, 19]]
69
[[8], [19]]
108
[[8], [19], [18]]
75
[[8], [19], [19]]
73
[[8], [19], [19], [19]]
57
[[8], [19], [16]]
73
[[8], [19], [17]]
59
[[8], [19], [15]]
55
[[8], [8]]
65
[[8], [17]]
86
[[8], [17], [19]]
62
[[8], [17], [18]]
58
[[8], [14]]
72
[[8], [15]]
79
[[8], [9]]
63
[[8], [5]]
63
[[8], [13]]
58
[[8], [3]]
60
[[8], [11]]
71
[[8], [7]]
67
[[8], [12]]
60
[[8], [10]]
60
[[8], [2]]
55
[[8], [6]]
58
[[8], [1]]
55
[[3]]
117
[[3], [16]]
76
[[3], [18]]
76
[[3], [18], [19]]
55
[[3], [18, 19]]
59
[[3], [19]]
89
[[3], [19], [18]]
56
[[3], [19], [19]]
56
[[3], [19], [16]]
54
[[3], [8]]
56
[[3], [15]]
59
[[3], [17]]
67
[[3], [11]]
60
[[3], [12]]
59
[[3], [14]]
54
[[14]]
144
[[14], [16]]
104
[[14], [16], [19]]
73
[[14], [16], [18]]
67
[[14], [16], [16]]
58
[[14], [18]]
111
[[14], [18], [18]]
73
[[14], [18], [19]]
84
[[14], [18], [19], [19]]
56
[[14], [18], [16]]
70
[[14], [18], [17]]
66
[[14], [18], [15]]
54
[[14], [18, 19]]
82
[[14], [18, 19], [19]]
59
[[14], [18, 19], [18]]
54
[[14], [19]]
117
[[14], [19], [18]]
88
[[14], [19], [18], [19]]
62
[[14], [19], [18, 19]]
58
[[14], [19], [19]]
96
[[14], [19], [19], [18]]
63
[[14], [19], [19], [16]]
60
[[14], [19], [19], [19]]
68
[[14], [19], [19], [17]]
56
[[14], [19], [15]]
61
[[14], [19], [16]]
80
[[14], [19], [17]]
65
[[14], [19], [13]]
63
[[14], [19], [3]]
56
[[14], [19], [11]]
57
[[14], [19], [14]]
59
[[14], [19], [8]]
57
[[14], [19], [7]]
55
[[14], [19], [10]]
56
[[14], [19], [4]]
55
[[14], [19], [5]]
55
[[14], [15]]
76
[[14], [17]]
94
[[14], [17], [18]]
69
[[14], [17], [19]]
71
[[14], [17], [16]]
59
[[14], [17], [17]]
57
[[14], [8]]
74
[[14], [14]]
85
[[14], [14], [19]]
65
[[14], [14], [18]]
59
[[14], [3]]
68
[[14], [13]]
76
[[14], [13], [19]]
55
[[14], [9]]
67
[[14], [9], [19]]
55
[[14], [11]]
72
[[14], [6]]
71
[[14], [7]]
77
[[14], [4]]
65
[[14], [10]]
73
[[14], [5]]
68
[[14], [2]]
59
[[14], [1]]
66
[[14], [12]]
68
[[14], [0]]
60
[[16]]
176
[[16], [16]]
127
[[16], [16], [18]]
84
[[16], [16], [18], [19]]
55
[[16], [16], [18, 19]]
57
[[16], [16], [19]]
92
[[16], [16], [19], [19]]
56
[[16], [16], [16]]
77
[[16], [16], [15]]
63
[[16], [16], [8]]
60
[[16], [16], [17]]
67
[[16], [16], [11]]
57
[[16], [16], [14]]
58
[[16], [16], [7]]
63
[[16], [16], [12]]
54
[[16], [16], [10]]
56
[[16], [16, 19]]
58
[[16], [18]]
132
[[16], [18], [18]]
94
[[16], [18], [18], [19]]
63
[[16], [18], [18], [18]]
54
[[16], [18], [18, 19]]
56
[[16], [18], [19]]
102
[[16], [18], [19], [19]]
61
[[16], [18], [19], [18]]
61
[[16], [18], [19], [16]]
55
[[16], [18], [16]]
85
[[16], [18], [17]]
73
[[16], [18], [15]]
66
[[16], [18], [14]]
64
[[16], [18], [5]]
57
[[16], [18], [11]]
56
[[16], [18], [8]]
60
[[16], [18], [12]]
55
[[16], [18], [7]]
64
[[16], [18], [10]]
56
[[16], [18, 19]]
96
[[16], [18, 19], [18]]
64
[[16], [18, 19], [19]]
68
[[16], [19]]
143
[[16], [19], [15]]
74
[[16], [19], [8]]
68
[[16], [19], [11]]
66
[[16], [19], [18]]
104
[[16], [19], [18], [18]]
60
[[16], [19], [18], [19]]
68
[[16], [19], [18], [16]]
54
[[16], [19], [18, 19]]
70
[[16], [19], [19]]
108
[[16], [19], [19], [18]]
68
[[16], [19], [19], [17]]
59
[[16], [19], [19], [19]]
79
[[16], [19], [19], [16]]
62
[[16], [19], [19], [8]]
55
[[16], [19], [16]]
92
[[16], [19], [16], [19]]
58
[[16], [19], [4]]
57
[[16], [19], [3]]
57
[[16], [19], [17]]
85
[[16], [19], [17], [19]]
58
[[16], [19], [17], [18]]
56
[[16], [19], [14]]
73
[[16], [19], [13]]
63
[[16], [19], [5]]
60
[[16], [19], [10]]
69
[[16], [19], [9]]
57
[[16], [19], [6]]
56
[[16], [19], [7]]
68
[[16], [19], [0]]
55
[[16], [19], [12]]
61
[[16], [19], [1]]
56
[[16], [10]]
87
[[16], [10], [19]]
64
[[16], [10], [18]]
60
[[16], [15]]
98
[[16], [15], [19]]
59
[[16], [15], [18]]
57
[[16], [15], [16]]
56
[[16], [6]]
79
[[16], [6], [19]]
59
[[16], [8]]
95
[[16], [8], [19]]
66
[[16], [8], [16]]
54
[[16], [11]]
90
[[16], [11], [19]]
58
[[16], [9]]
79
[[16], [9], [19]]
62
[[16], [9], [18]]
54
[[16], [14]]
100
[[16], [14], [19]]
72
[[16], [14], [18]]
66
[[16], [14], [16]]
55
[[16], [13]]
87
[[16], [13], [19]]
63
[[16], [13], [18]]
55
[[16], [4]]
77
[[16], [4], [19]]
57
[[16], [5]]
86
[[16], [5], [19]]
55
[[16], [5], [18]]
54
[[16], [17]]
115
[[16], [17], [18]]
82
[[16], [17], [19]]
86
[[16], [17], [19], [19]]
58
[[16], [17], [19], [18]]
58
[[16], [17], [16]]
65
[[16], [17], [17]]
64
[[16], [17], [14]]
55
[[16], [17], [15]]
55
[[16], [17], [11]]
54
[[16], [17], [7]]
56
[[16], [17, 19]]
54
[[16], [0]]
73
[[16], [12]]
88
[[16], [3]]
86
[[16], [3], [19]]
58
[[16], [1]]
78
[[16], [7]]
96
[[16], [7], [19]]
61
[[16], [7], [18]]
54
[[16], [2]]
66
[[16, 18]]
68
[[16, 19]]
100
[[16, 19], [18]]
75
[[16, 19], [18], [18]]
54
[[16, 19], [18], [19]]
54
[[16, 19], [18, 19]]
55
[[16, 19], [19]]
82
[[16, 19], [19], [18]]
57
[[16, 19], [19], [19]]
58
[[16, 19], [16]]
73
[[16, 19], [17]]
68
[[16, 19], [8]]
55
[[16, 19], [12]]
54
[[16, 17]]
57
[[10]]
134
[[10], [8]]
64
[[10], [11]]
67
[[10], [18]]
100
[[10], [18], [19]]
72
[[10], [18], [18]]
61
[[10], [18], [16]]
56
[[10], [18, 19]]
68
[[10], [19]]
102
[[10], [19], [19]]
79
[[10], [19], [19], [19]]
54
[[10], [19], [18]]
68
[[10], [19], [17]]
62
[[10], [19], [16]]
63
[[10], [19], [15]]
58
[[10], [7]]
73
[[10], [15]]
77
[[10], [16]]
89
[[10], [16], [19]]
69
[[10], [16], [18]]
57
[[10], [12]]
67
[[10], [17]]
84
[[10], [17], [19]]
61
[[10], [14]]
64
[[10], [10]]
66
[[10], [6]]
55
[[10], [5]]
57
[[10], [9]]
55
[[10], [4]]
56
[[10], [13]]
58
[[10], [0]]
55
[[10], [3]]
55
[[6]]
123
[[6], [18]]
93
[[6], [18], [16]]
58
[[6], [18], [19]]
73
[[6], [18], [18]]
65
[[6], [18, 19]]
72
[[6], [19]]
101
[[6], [19], [16]]
64
[[6], [19], [19]]
75
[[6], [19], [18]]
68
[[6], [19], [17]]
54
[[6], [19], [15]]
54
[[6], [9]]
54
[[6], [15]]
72
[[6], [16]]
86
[[6], [16], [19]]
62
[[6], [5]]
62
[[6], [17]]
72
[[6], [12]]
66
[[6], [8]]
62
[[6], [3]]
57
[[6], [11]]
62
[[6], [14]]
59
[[6], [7]]
61
[[6], [10]]
55
[[7]]
134
[[7], [16]]
77
[[7], [19]]
99
[[7], [19], [18]]
69
[[7], [19], [19]]
74
[[7], [19], [16]]
58
[[7], [11]]
66
[[7], [14]]
69
[[7], [18]]
94
[[7], [18], [18]]
61
[[7], [18], [19]]
65
[[7], [18], [16]]
54
[[7], [18, 19]]
65
[[7], [17]]
74
[[7], [17], [19]]
54
[[7], [15]]
77
[[7], [8]]
61
[[7], [5]]
56
[[7], [7]]
64
[[7], [12]]
62
[[7], [9]]
54
[[7], [1]]
57
[[7], [13]]
58
[[7], [4]]
58
[[9]]
120
[[9], [16]]
86
[[9], [16], [19]]
65
[[9], [16], [18]]
55
[[9], [19]]
99
[[9], [19], [19]]
84
[[9], [19], [19], [19]]
59
[[9], [19], [18]]
76
[[9], [19], [17]]
63
[[9], [19], [14]]
58
[[9], [19], [16]]
68
[[9], [11]]
64
[[9], [18]]
95
[[9], [18], [18]]
66
[[9], [18], [16]]
60
[[9], [18], [19]]
76
[[9], [18], [17]]
59
[[9], [18, 19]]
73
[[9], [18, 19], [19]]
56
[[9], [14]]
73
[[9], [14], [19]]
58
[[9], [15]]
69
[[9], [17]]
83
[[9], [17], [19]]
57
[[9], [8]]
61
[[9], [3]]
56
[[9], [9]]
59
[[9], [13]]
56
[[9], [6]]
60
[[9], [7]]
62
[[9], [4]]
57
[[9], [12]]
58
[[9], [10]]
55
[[9], [1]]
55
[[12]]
142
[[12], [17]]
76
[[12], [17], [19]]
54
[[12], [19]]
103
[[12], [19], [19]]
80
[[12], [19], [19], [19]]
57
[[12], [19], [18]]
74
[[12], [19], [17]]
61
[[12], [19], [15]]
58
[[12], [19], [16]]
64
[[12], [19], [10]]
55
[[12], [5]]
67
[[12], [18]]
96
[[12], [18], [18]]
65
[[12], [18], [19]]
73
[[12], [18], [16]]
60
[[12], [18, 19]]
70
[[12], [14]]
68
[[12], [16]]
92
[[12], [16], [19]]
62
[[12], [16], [18]]
57
[[12], [11]]
73
[[12], [8]]
70
[[12], [15]]
71
[[12], [10]]
67
[[12], [12]]
64
[[12], [7]]
69
[[12], [9]]
60
[[12], [6]]
56
[[12], [1]]
61
[[12], [4]]
59
[[12], [13]]
60
[[12], [3]]
57
[[4]]
116
[[4], [17]]
74
[[4], [17], [19]]
56
[[4], [19]]
93
[[4], [19], [18]]
62
[[4], [19], [19]]
68
[[4], [19], [17]]
59
[[4], [19], [16]]
61
[[4], [18]]
87
[[4], [18], [18]]
62
[[4], [18], [19]]
65
[[4], [18], [17]]
55
[[4], [18], [16]]
56
[[4], [18, 19]]
60
[[4], [16]]
79
[[4], [16], [19]]
56
[[4], [15]]
71
[[4], [14]]
61
[[4], [8]]
61
[[4], [11]]
58
[[4], [10]]
64
[[4], [7]]
58
[[4], [12]]
56
[[4], [4]]
54
[[13]]
127
[[13], [16]]
87
[[13], [16], [19]]
63
[[13], [16], [18]]
55
[[13], [18]]
98
[[13], [18], [18]]
73
[[13], [18], [19]]
80
[[13], [18], [19], [19]]
54
[[13], [18], [16]]
66
[[13], [18, 19]]
76
[[13], [18, 19], [19]]
57
[[13], [19]]
103
[[13], [19], [18]]
82
[[13], [19], [18], [19]]
55
[[13], [19], [18, 19]]
56
[[13], [19], [19]]
85
[[13], [19], [19], [19]]
60
[[13], [19], [19], [18]]
55
[[13], [19], [14]]
54
[[13], [19], [16]]
65
[[13], [19], [17]]
54
[[13], [19], [15]]
54
[[13], [19], [13]]
55
[[13], [15]]
75
[[13], [8]]
68
[[13], [8], [19]]
55
[[13], [14]]
68
[[13], [17]]
72
[[13], [17], [19]]
60
[[13], [17], [18]]
56
[[13], [13]]
74
[[13], [11]]
69
[[13], [3]]
62
[[13], [9]]
59
[[13], [10]]
62
[[13], [7]]
70
[[13], [12]]
66
[[13], [1]]
57
[[13], [5]]
59
[[13], [6]]
54
[[0]]
117
[[0], [18]]
85
[[0], [18], [18]]
60
[[0], [18], [19]]
69
[[0], [18], [16]]
54
[[0], [18, 19]]
66
[[0], [17]]
74
[[0], [17], [19]]
58
[[0], [19]]
89
[[0], [19], [18]]
65
[[0], [19], [19]]
72
[[0], [19], [16]]
61
[[0], [16]]
79
[[0], [16], [19]]
59
[[0], [11]]
65
[[0], [15]]
70
[[0], [7]]
65
[[0], [3]]
57
[[0], [14]]
62
[[0], [10]]
56
[[0], [6]]
57
[[0], [12]]
56
[[1]]
115
[[1], [18]]
80
[[1], [18], [18]]
57
[[1], [18], [19]]
61
[[1], [18, 19]]
59
[[1], [17]]
68
[[1], [19]]
87
[[1], [19], [18]]
57
[[1], [19], [19]]
62
[[1], [16]]
72
[[1], [15]]
60
[[1], [14]]
57
[[1], [12]]
59
[[1], [11]]
62
[[1], [7]]
60
[[1], [10]]
56
