[[5]]
110
[[5], [17]]
71
[[5], [17], [18]]
51
[[5], [17], [19]]
57
[[5], [17], [16]]
44
[[5], [15]]
67
[[5], [15], [19]]
45
[[5], [18]]
79
[[5], [18], [18]]
54
[[5], [18], [18], [19]]
43
[[5], [18], [19]]
63
[[5], [18], [19], [19]]
42
[[5], [18], [16]]
47
[[5], [18], [15]]
44
[[5], [18], [17]]
45
[[5], [18, 19]]
52
[[5], [18, 19], [19]]
45
[[5], [19]]
81
[[5], [19], [18]]
60
[[5], [19], [18], [19]]
50
[[5], [19], [18], [18]]
42
[[5], [19], [18, 19]]
43
[[5], [19], [19]]
65
[[5], [19], [19], [18]]
45
[[5], [19], [19], [19]]
49
[[5], [19], [16]]
51
[[5], [19], [15]]
50
[[5], [19], [17]]
47
[[5], [19], [14]]
42
[[5], [8]]
57
[[5], [3]]
49
[[5], [14]]
53
[[5], [16]]
75
[[5], [16], [19]]
56
[[5], [16], [18]]
44
[[5], [10]]
50
[[5], [6]]
44
[[5], [11]]
54
[[5], [9]]
53
[[5], [5]]
48
[[5], [13]]
46
[[5], [12]]
54
[[5], [4]]
47
[[5], [7]]
55
[[5], [1]]
45
[[5], [0]]
42
[[11]]
114
[[11], [17]]
68
[[11], [17], [18]]
50
[[11], [17], [19]]
51
[[11], [17], [16]]
42
[[11], [17, 19]]
43
[[11], [15]]
64
[[11], [18]]
86
[[11], [18], [18]]
57
[[11], [18], [19]]
61
[[11], [18], [16]]
53
[[11], [18], [17]]
48
[[11], [18], [15]]
47
[[11], [18, 19]]
55
[[11], [19]]
87
[[11], [19], [18]]
67
[[11], [19], [18], [19]]
48
[[11], [19], [18], [16]]
43
[[11], [19], [19]]
63
[[11], [19], [19], [18]]
43
[[11], [19], [19], [19]]
44
[[11], [19], [19], [16]]
43
[[11], [19], [17]]
53
[[11], [19], [16]]
58
[[11], [19], [15]]
51
[[11], [19], [14]]
44
[[11], [8]]
55
[[11], [14]]
57
[[11], [16]]
78
[[11], [16], [18]]
43
[[11], [16], [19]]
46
[[11], [16], [17]]
42
[[11], [16], [16]]
44
[[11], [16, 19]]
45
[[11], [7]]
59
[[11], [9]]
50
[[11], [12]]
53
[[11], [11]]
56
[[11], [5]]
52
[[11], [10]]
55
[[11], [3]]
46
[[11], [1]]
49
[[11], [13]]
47
[[11], [4]]
43
[[11], [6]]
51
[[11], [2]]
43
[[17]]
132
[[17], [2]]
58
[[17], [2], [19]]
43
[[17], [15]]
83
[[17], [15], [18]]
52
[[17], [15], [19]]
58
[[17], [15], [16]]
54
[[17], [15], [15]]
46
[[17], [15], [17]]
43
[[17], [15], [7]]
43
[[17], [18]]
107
[[17], [18], [8]]
52
[[17], [18], [18]]
77
[[17], [18], [18], [18]]
47
[[17], [18], [18], [19]]
50
[[17], [18], [18, 19]]
46
[[17], [18], [19]]
89
[[17], [18], [19], [18]]
56
[[17], [18], [19], [19]]
51
[[17], [18], [19], [17]]
47
[[17], [18], [19], [16]]
47
[[17], [18], [19], [15]]
43
[[17], [18], [14]]
56
[[17], [18], [16]]
78
[[17], [18], [16], [18]]
43
[[17], [18], [16], [19]]
46
[[17], [18], [11]]
49
[[17], [18], [12]]
49
[[17], [18], [15]]
57
[[17], [18], [6]]
50
[[17], [18], [17]]
64
[[17], [18], [5]]
48
[[17], [18], [7]]
52
[[17], [18], [10]]
49
[[17], [18], [3]]
49
[[17], [18], [9]]
46
[[17], [18, 19]]
74
[[17], [18, 19], [18]]
59
[[17], [18, 19], [16]]
50
[[17], [18, 19], [19]]
57
[[17], [19]]
112
[[17], [19], [18]]
87
[[17], [19], [18], [16]]
55
[[17], [19], [18], [18]]
51
[[17], [19], [18], [19]]
66
[[17], [19], [18], [17]]
46
[[17], [19], [18], [15]]
43
[[17], [19], [18], [14]]
43
[[17], [19], [18, 19]]
56
[[17], [19], [18, 19], [19]]
43
[[17], [19], [19]]
92
[[17], [19], [19], [16]]
60
[[17], [19], [19], [18]]
64
[[17], [19], [19], [18], [19]]
42
[[17], [19], [19], [19]]
66
[[17], [19], [19], [19], [18]]
43
[[17], [19], [19], [19], [19]]
44
[[17], [19], [19], [15]]
49
[[17], [19], [19], [11]]
45
[[17], [19], [19], [17]]
51
[[17], [19], [19], [14]]
47
[[17], [19], [19], [10]]
43
[[17], [19], [16]]
84
[[17], [19], [16], [18]]
50
[[17], [19], [16], [19]]
53
[[17], [19], [16], [16]]
43
[[17], [19], [15]]
65
[[17], [19], [11]]
62
[[17], [19], [9]]
48
[[17], [19], [3]]
57
[[17], [19], [8]]
58
[[17], [19], [14]]
63
[[17], [19], [10]]
61
[[17], [19], [6]]
53
[[17], [19], [12]]
53
[[17], [19], [17]]
70
[[17], [19], [17], [19]]
47
[[17], [19], [17], [18]]
44
[[17], [19], [5]]
52
[[17], [19], [4]]
50
[[17], [19], [7]]
52
[[17], [19], [13]]
49
[[17], [19], [1]]
46
[[17], [8]]
75
[[17], [8], [16]]
49
[[17], [8], [18]]
45
[[17], [8], [19]]
52
[[17], [3]]
70
[[17], [3], [19]]
46
[[17], [3], [16]]
45
[[17], [3], [18]]
43
[[17], [14]]
79
[[17], [14], [16]]
45
[[17], [14], [18]]
53
[[17], [14], [19]]
53
[[17], [14], [17]]
45
[[17], [16]]
106
[[17], [16], [16]]
66
[[17], [16], [18]]
69
[[17], [16], [18], [18]]
45
[[17], [16], [18], [19]]
45
[[17], [16], [18, 19]]
43
[[17], [16], [19]]
75
[[17], [16], [19], [19]]
50
[[17], [16], [19], [18]]
47
[[17], [16], [15]]
49
[[17], [16], [17]]
56
[[17], [16], [8]]
48
[[17], [16], [7]]
51
[[17], [16], [11]]
46
[[17], [16], [14]]
47
[[17], [16], [3]]
46
[[17], [16], [12]]
43
[[17], [16], [10]]
43
[[17], [16, 19]]
55
[[17], [10]]
70
[[17], [10], [19]]
52
[[17], [10], [18]]
48
[[17], [10], [16]]
45
[[17], [6]]
72
[[17], [6], [18]]
47
[[17], [6], [19]]
56
[[17], [6], [16]]
48
[[17], [11]]
80
[[17], [11], [18]]
54
[[17], [11], [19]]
54
[[17], [11], [16]]
48
[[17], [11], [17]]
43
[[17], [9]]
65
[[17], [9], [19]]
51
[[17], [9], [18]]
43
[[17], [9], [16]]
44
[[17], [17]]
92
[[17], [17], [18]]
64
[[17], [17], [18], [19]]
45
[[17], [17], [16]]
58
[[17], [17], [19]]
68
[[17], [17], [19], [18]]
47
[[17], [17], [19], [19]]
43
[[17], [17], [19], [15]]
42
[[17], [17], [15]]
53
[[17], [17], [17]]
52
[[17], [17], [7]]
44
[[17], [17], [14]]
44
[[17], [17, 19]]
47
[[17], [5]]
72
[[17], [5], [19]]
51
[[17], [5], [18]]
49
[[17], [5], [16]]
47
[[17], [12]]
73
[[17], [12], [19]]
44
[[17], [12], [18]]
42
[[17], [4]]
58
[[17], [13]]
68
[[17], [13], [19]]
50
[[17], [13], [18]]
44
[[17], [7]]
78
[[17], [7], [19]]
50
[[17], [7], [18]]
45
[[17], [7], [16]]
42
[[17], [1]]
65
[[17], [0]]
53
[[17, 19]]
76
[[17, 19], [19]]
60
[[17, 19], [19], [18]]
47
[[17, 19], [19], [19]]
44
[[17, 19], [19], [16]]
43
[[17, 19], [18]]
56
[[17, 19], [17]]
53
[[17, 19], [15]]
48
[[17, 19], [16]]
52
[[17, 18]]
51
[[2]]
81
[[2], [18]]
59
[[2], [18], [19]]
45
[[2], [18, 19]]
43
[[2], [19]]
68
[[2], [19], [18]]
48
[[2], [19], [19]]
44
[[2], [16]]
58
[[2], [17]]
57
[[2], [15]]
51
[[2], [11]]
47
[[2], [7]]
42
[[2], [12]]
44
[[2], [8]]
43
[[15]]
118
[[15], [8]]
63
[[15], [8], [19]]
44
[[15], [18]]
84
[[15], [18], [18]]
59
[[15], [18], [16]]
49
[[15], [18], [19]]
62
[[15], [18], [17]]
47
[[15], [18], [15]]
43
[[15], [18, 19]]
55
[[15], [18, 19], [19]]
42
[[15], [19]]
95
[[15], [19], [18]]
63
[[15], [19], [18], [19]]
42
[[15], [19], [19]]
67
[[15], [19], [19], [19]]
48
[[15], [19], [15]]
51
[[15], [19], [17]]
50
[[15], [19], [16]]
55
[[15], [19], [14]]
46
[[15], [19], [12]]
43
[[15], [19], [13]]
42
[[15], [19], [7]]
42
[[15], [14]]
62
[[15], [14], [19]]
48
[[15], [16]]
82
[[15], [16], [18]]
50
[[15], [16], [19]]
59
[[15], [16], [16]]
44
[[15], [15]]
72
[[15], [15], [19]]
44
[[15], [15], [16]]
42
[[15], [9]]
55
[[15], [9], [19]]
42
[[15], [5]]
57
[[15], [17]]
70
[[15], [17], [19]]
52
[[15], [17], [18]]
44
[[15], [10]]
56
[[15], [11]]
60
[[15], [7]]
69
[[15], [7], [19]]
44
[[15], [12]]
59
[[15], [13]]
54
[[15], [6]]
53
[[15], [6], [19]]
42
[[15], [4]]
48
[[15], [3]]
47
[[15], [1]]
51
[[15], [0]]
44
[[15], [2]]
42
[[15, 19]]
49
[[18]]
145
[[18], [8]]
79
[[18], [8], [19]]
55
[[18], [8], [18]]
44
[[18], [8], [16]]
49
[[18], [18]]
118
[[18], [18], [14]]
60
[[18], [18], [14], [19]]
42
[[18], [18], [16]]
82
[[18], [18], [16], [19]]
50
[[18], [18], [18]]
85
[[18], [18], [18], [18]]
52
[[18], [18], [18], [19]]
61
[[18], [18], [18], [17]]
47
[[18], [18], [18], [16]]
50
[[18], [18], [18, 19]]
52
[[18], [18], [19]]
96
[[18], [18], [19], [18]]
59
[[18], [18], [19], [19]]
60
[[18], [18], [19], [17]]
50
[[18], [18], [19], [15]]
47
[[18], [18], [19], [16]]
54
[[18], [18], [19], [8]]
44
[[18], [18], [15]]
70
[[18], [18], [15], [19]]
43
[[18], [18], [8]]
63
[[18], [18], [11]]
52
[[18], [18], [9]]
47
[[18], [18], [3]]
53
[[18], [18], [17]]
71
[[18], [18], [17], [19]]
45
[[18], [18], [17], [17]]
42
[[18], [18], [6]]
52
[[18], [18], [13]]
50
[[18], [18], [5]]
54
[[18], [18], [10]]
51
[[18], [18], [7]]
58
[[18], [18], [12]]
53
[[18], [18], [0]]
44
[[18], [18], [1]]
46
[[18], [18, 19]]
83
[[18], [18, 19], [16]]
53
[[18], [18, 19], [18]]
57
[[18], [18, 19], [19]]
63
[[18], [18, 19], [8]]
47
[[18], [18, 19], [14]]
42
[[18], [18, 19], [17]]
47
[[18], [18, 19], [15]]
43
[[18], [19]]
122
[[18], [19], [14]]
67
[[18], [19], [14], [19]]
43
[[18], [19], [16]]
87
[[18], [19], [16], [19]]
55
[[18], [19], [16], [18]]
44
[[18], [19], [16], [16]]
44
[[18], [19], [16], [17]]
42
[[18], [19], [18]]
95
[[18], [19], [18], [18]]
59
[[18], [19], [18], [18], [19]]
42
[[18], [19], [18], [19]]
70
[[18], [19], [18], [19], [19]]
43
[[18], [19], [18], [16]]
57
[[18], [19], [18], [15]]
47
[[18], [19], [18], [8]]
44
[[18], [19], [18], [17]]
52
[[18], [19], [18, 19]]
62
[[18], [19], [18, 19], [19]]
47
[[18], [19], [19]]
95
[[18], [19], [19], [18]]
64
[[18], [19], [19], [18], [19]]
45
[[18], [19], [19], [18, 19]]
43
[[18], [19], [19], [19]]
73
[[18], [19], [19], [19], [19]]
47
[[18], [19], [19], [19], [18]]
43
[[18], [19], [19], [16]]
60
[[18], [19], [19], [15]]
50
[[18], [19], [19], [17]]
55
[[18], [19], [19], [14]]
43
[[18], [19], [15]]
72
[[18], [19], [15], [19]]
47
[[18], [19], [6]]
56
[[18], [19], [8]]
66
[[18], [19], [8], [19]]
43
[[18], [19], [11]]
61
[[18], [19], [9]]
52
[[18], [19], [13]]
56
[[18], [19], [17]]
76
[[18], [19], [17], [19]]
51
[[18], [19], [17], [18]]
45
[[18], [19], [17], [16]]
42
[[18], [19], [3]]
57
[[18], [19], [5]]
57
[[18], [19], [10]]
62
[[18], [19], [10], [19]]
45
[[18], [19], [7]]
63
[[18], [19], [4]]
50
[[18], [19], [0]]
48
[[18], [19], [2]]
48
[[18], [19], [1]]
55
[[18], [19], [12]]
55
[[18], [3]]
67
[[18], [3], [19]]
47
[[18], [3], [16]]
43
[[18], [14]]
83
[[18], [14], [16]]
55
[[18], [14], [18]]
56
[[18], [14], [19]]
58
[[18], [14], [19], [19]]
42
[[18], [14], [17]]
46
[[18], [16]]
113
[[18], [16], [16]]
68
[[18], [16], [16], [19]]
43
[[18], [16], [18]]
76
[[18], [16], [18], [18]]
51
[[18], [16], [18], [19]]
53
[[18], [16], [18, 19]]
54
[[18], [16], [19]]
80
[[18], [16], [19], [18]]
53
[[18], [16], [19], [19]]
59
[[18], [16], [19], [16]]
42
[[18], [16], [15]]
56
[[18], [16], [8]]
55
[[18], [16], [12]]
46
[[18], [16], [14]]
53
[[18], [16], [17]]
64
[[18], [16], [10]]
49
[[18], [16], [7]]
53
[[18], [16], [1]]
46
[[18], [16], [11]]
48
[[18], [16], [3]]
46
[[18], [16], [5]]
46
[[18], [16], [9]]
42
[[18], [16, 19]]
58
[[18], [16, 18]]
45
[[18], [10]]
79
[[18], [10], [18]]
53
[[18], [10], [19]]
58
[[18], [10], [19], [19]]
43
[[18], [10], [17]]
47
[[18], [10], [16]]
49
[[18], [15]]
87
[[18], [15], [18]]
54
[[18], [15], [19]]
61
[[18], [15], [16]]
53
[[18], [15], [15]]
48
[[18], [15], [8]]
44
[[18], [15], [7]]
42
[[18], [15], [17]]
42
[[18], [6]]
71
[[18], [6], [19]]
57
[[18], [6], [18]]
46
[[18], [6], [16]]
45
[[18], [11]]
82
[[18], [11], [18]]
51
[[18], [11], [19]]
57
[[18], [11], [17]]
45
[[18], [11], [16]]
46
[[18], [11], [11]]
42
[[18], [9]]
73
[[18], [9], [19]]
59
[[18], [9], [19], [19]]
45
[[18], [9], [18]]
55
[[18], [9], [17]]
46
[[18], [9], [16]]
50
[[18], [13]]
76
[[18], [13], [18]]
54
[[18], [13], [19]]
56
[[18], [13], [19], [19]]
42
[[18], [13], [16]]
48
[[18], [13], [15]]
42
[[18], [5]]
74
[[18], [5], [19]]
46
[[18], [5], [18]]
49
[[18], [5], [16]]
44
[[18], [17]]
101
[[18], [17], [18]]
70
[[18], [17], [18], [19]]
51
[[18], [17], [18], [18]]
45
[[18], [17], [18], [16]]
44
[[18], [17], [18, 19]]
43
[[18], [17], [15]]
53
[[18], [17], [19]]
74
[[18], [17], [19], [18]]
48
[[18], [17], [19], [19]]
51
[[18], [17], [19], [16]]
43
[[18], [17], [16]]
66
[[18], [17], [17]]
59
[[18], [17], [14]]
50
[[18], [17], [7]]
53
[[18], [17], [8]]
47
[[18], [17], [10]]
45
[[18], [17], [11]]
46
[[18], [17], [1]]
42
[[18], [17], [6]]
42
[[18], [17, 19]]
51
[[18], [12]]
79
[[18], [12], [19]]
51
[[18], [12], [18]]
44
[[18], [12], [16]]
43
[[18], [1]]
71
[[18], [1], [19]]
49
[[18], [1], [18]]
43
[[18], [4]]
69
[[18], [4], [19]]
45
[[18], [7]]
83
[[18], [7], [19]]
51
[[18], [7], [18]]
46
[[18], [7], [15]]
43
[[18], [7], [16]]
43
[[18], [0]]
68
[[18], [0], [19]]
46
[[18], [0], [18]]
44
[[18], [2]]
60
[[18], [2], [19]]
48
[[18, 19]]
112
[[18, 19], [8]]
64
[[18, 19], [8], [19]]
44
[[18, 19], [18]]
91
[[18, 19], [18], [16]]
57
[[18, 19], [18], [18]]
63
[[18, 19], [18], [19]]
66
[[18, 19], [18], [15]]
51
[[18, 19], [18], [8]]
43
[[18, 19], [18], [17]]
49
[[18, 19], [18, 19]]
58
[[18, 19], [19]]
95
[[18, 19], [19], [18]]
71
[[18, 19], [19], [18], [19]]
45
[[18, 19], [19], [19]]
70
[[18, 19], [19], [19], [19]]
45
[[18, 19], [19], [14]]
47
[[18, 19], [19], [15]]
51
[[18, 19], [19], [16]]
59
[[18, 19], [19], [17]]
53
[[18, 19], [19], [7]]
42
[[18, 19], [14]]
62
[[18, 19], [16]]
85
[[18, 19], [16], [18]]
51
[[18, 19], [16], [19]]
54
[[18, 19], [15]]
64
[[18, 19], [15], [19]]
44
[[18, 19], [11]]
58
[[18, 19], [9]]
53
[[18, 19], [17]]
74
[[18, 19], [17], [19]]
51
[[18, 19], [17], [18]]
51
[[18, 19], [17], [16]]
47
[[18, 19], [17], [17]]
45
[[18, 19], [12]]
55
[[18, 19], [6]]
54
[[18, 19], [0]]
51
[[18, 19], [5]]
57
[[18, 19], [13]]
53
[[18, 19], [4]]
47
[[18, 19], [10]]
58
[[18, 19], [7]]
57
[[18, 19], [3]]
53
[[18, 19], [1]]
49
[[18, 19], [2]]
46
[[19]]
151
[[19], [8]]
93
[[19], [8], [16]]
61
[[19], [8], [18]]
58
[[19], [8], [18], [19]]
44
[[19], [8], [19]]
68
[[19], [8], [19], [18]]
44
[[19], [8], [19], [16]]
42
[[19], [8], [17]]
54
[[19], [8], [15]]
48
[[19], [8], [11]]
43
[[19], [18]]
129
[[19], [18], [14]]
68
[[19], [18], [14], [19]]
44
[[19], [18], [16]]
90
[[19], [18], [16], [18]]
45
[[19], [18], [16], [19]]
49
[[19], [18], [18]]
97
[[19], [18], [18], [18]]
54
[[19], [18], [18], [19]]
68
[[19], [18], [18], [16]]
57
[[19], [18], [18], [14]]
44
[[19], [18], [18], [17]]
54
[[19], [18], [18], [15]]
47
[[19], [18], [18, 19]]
59
[[19], [18], [19]]
106
[[19], [18], [19], [18]]
65
[[19], [18], [19], [19]]
63
[[19], [18], [19], [19], [19]]
42
[[19], [18], [19], [14]]
51
[[19], [18], [19], [17]]
57
[[19], [18], [19], [15]]
51
[[19], [18], [19], [16]]
56
[[19], [18], [19], [7]]
44
[[19], [18], [19], [11]]
43
[[19], [18], [19], [13]]
42
[[19], [18], [15]]
72
[[19], [18], [15], [19]]
44
[[19], [18], [8]]
63
[[19], [18], [11]]
64
[[19], [18], [9]]
57
[[19], [18], [9], [19]]
43
[[19], [18], [17]]
83
[[19], [18], [17], [18]]
46
[[19], [18], [17], [19]]
49
[[19], [18], [17], [17]]
43
[[19], [18], [17], [16]]
42
[[19], [18], [3]]
56
[[19], [18], [13]]
58
[[19], [18], [5]]
56
[[19], [18], [6]]
55
[[19], [18], [12]]
60
[[19], [18], [4]]
53
[[19], [18], [7]]
63
[[19], [18], [10]]
58
[[19], [18], [0]]
50
[[19], [18], [1]]
52
[[19], [18, 19]]
95
[[19], [18, 19], [14]]
48
[[19], [18, 19], [16]]
59
[[19], [18, 19], [18]]
64
[[19], [18, 19], [18], [19]]
42
[[19], [18, 19], [19]]
73
[[19], [18, 19], [19], [19]]
43
[[19], [18, 19], [15]]
50
[[19], [18, 19], [17]]
55
[[19], [18, 19], [8]]
46
[[19], [18, 19], [11]]
46
[[19], [19]]
135
[[19], [19], [3]]
68
[[19], [19], [3], [19]]
44
[[19], [19], [14]]
80
[[19], [19], [14], [18]]
45
[[19], [19], [14], [19]]
55
[[19], [19], [14], [16]]
46
[[19], [19], [16]]
104
[[19], [19], [16], [18]]
55
[[19], [19], [16], [15]]
47
[[19], [19], [16], [19]]
65
[[19], [19], [16], [17]]
48
[[19], [19], [16], [16]]
52
[[19], [19], [16], [11]]
44
[[19], [19], [16], [7]]
45
[[19], [19], [16, 19]]
45
[[19], [19], [18]]
111
[[19], [19], [18], [15]]
57
[[19], [19], [18], [8]]
48
[[19], [19], [18], [18]]
66
[[19], [19], [18], [18], [19]]
45
[[19], [19], [18], [19]]
82
[[19], [19], [18], [19], [19]]
48
[[19], [19], [18], [19], [18]]
42
[[19], [19], [18], [19], [16]]
42
[[19], [19], [18], [16]]
70
[[19], [19], [18], [14]]
50
[[19], [19], [18], [17]]
65
[[19], [19], [18], [11]]
47
[[19], [19], [18], [7]]
43
[[19], [19], [18], [6]]
42
[[19], [19], [18], [3]]
42
[[19], [19], [18, 19]]
71
[[19], [19], [18, 19], [18]]
44
[[19], [19], [18, 19], [19]]
55
[[19], [19], [18, 19], [16]]
42
[[19], [19], [19]]
112
[[19], [19], [19], [15]]
63
[[19], [19], [19], [8]]
50
[[19], [19], [19], [18]]
78
[[19], [19], [19], [18], [19]]
57
[[19], [19], [19], [18], [18]]
44
[[19], [19], [19], [18], [16]]
46
[[19], [19], [19], [18, 19]]
49
[[19], [19], [19], [19]]
85
[[19], [19], [19], [19], [18]]
51
[[19], [19], [19], [19], [19]]
60
[[19], [19], [19], [19], [17]]
42
[[19], [19], [19], [19], [16]]
48
[[19], [19], [19], [16]]
72
[[19], [19], [19], [16], [19]]
46
[[19], [19], [19], [14]]
57
[[19], [19], [19], [17]]
67
[[19], [19], [19], [17], [19]]
43
[[19], [19], [19], [11]]
53
[[19], [19], [19], [3]]
47
[[19], [19], [19], [10]]
50
[[19], [19], [19], [6]]
47
[[19], [19], [19], [12]]
48
[[19], [19], [19], [13]]
47
[[19], [19], [19], [7]]
45
[[19], [19], [19], [9]]
42
[[19], [19], [15]]
85
[[19], [19], [15], [19]]
52
[[19], [19], [15], [18]]
43
[[19], [19], [15], [16]]
45
[[19], [19], [6]]
68
[[19], [19], [6], [19]]
51
[[19], [19], [6], [18]]
43
[[19], [19], [8]]
74
[[19], [19], [8], [19]]
50
[[19], [19], [11]]
75
[[19], [19], [11], [18]]
46
[[19], [19], [11], [19]]
51
[[19], [19], [11], [16]]
44
[[19], [19], [9]]
63
[[19], [19], [9], [19]]
50
[[19], [19], [9], [18]]
42
[[19], [19], [4]]
63
[[19], [19], [4], [19]]
44
[[19], [19], [13]]
69
[[19], [19], [13], [19]]
49
[[19], [19], [13], [16]]
43
[[19], [19], [13], [18]]
42
[[19], [19], [5]]
65
[[19], [19], [17]]
93
[[19], [19], [17], [18]]
57
[[19], [19], [17], [19]]
64
[[19], [19], [17], [16]]
53
[[19], [19], [17], [17]]
48
[[19], [19], [17], [15]]
47
[[19], [19], [17, 19]]
47
[[19], [19], [12]]
65
[[19], [19], [10]]
66
[[19], [19], [10], [19]]
44
[[19], [19], [7]]
70
[[19], [19], [7], [19]]
44
[[19], [19], [0]]
54
[[19], [19], [2]]
53
[[19], [19], [1]]
63
[[19], [3]]
86
[[19], [3], [16]]
57
[[19], [3], [18]]
54
[[19], [3], [19]]
64
[[19], [3], [17]]
49
[[19], [3], [15]]
43
[[19], [3], [11]]
45
[[19], [14]]
94
[[19], [14], [18]]
61
[[19], [14], [19]]
69
[[19], [14], [19], [19]]
47
[[19], [14], [19], [16]]
42
[[19], [14], [17]]
55
[[19], [14], [16]]
61
[[19], [14], [11]]
48
[[19], [14], [15]]
43
[[19], [16]]
128
[[19], [16], [16]]
76
[[19], [16], [16], [19]]
51
[[19], [16], [18]]
83
[[19], [16], [18], [18]]
56
[[19], [16], [18], [19]]
61
[[19], [16], [18], [15]]
42
[[19], [16], [18], [17]]
42
[[19], [16], [18], [16]]
42
[[19], [16], [18, 19]]
56
[[19], [16], [18, 19], [19]]
43
[[19], [16], [19]]
92
[[19], [16], [19], [18]]
60
[[19], [16], [19], [19]]
65
[[19], [16], [19], [19], [19]]
45
[[19], [16], [19], [15]]
48
[[19], [16], [19], [17]]
47
[[19], [16], [19], [16]]
44
[[19], [16], [19], [14]]
42
[[19], [16], [15]]
68
[[19], [16], [6]]
51
[[19], [16], [8]]
62
[[19], [16], [11]]
58
[[19], [16], [9]]
54
[[19], [16], [9], [19]]
42
[[19], [16], [14]]
59
[[19], [16], [17]]
74
[[19], [16], [17], [19]]
48
[[19], [16], [12]]
54
[[19], [16], [13]]
53
[[19], [16], [10]]
49
[[19], [16], [4]]
45
[[19], [16], [5]]
52
[[19], [16], [7]]
60
[[19], [16], [3]]
56
[[19], [16], [1]]
53
[[19], [16], [2]]
49
[[19], [16], [0]]
42
[[19], [16, 19]]
64
[[19], [16, 19], [19]]
44
[[19], [16, 18]]
48
[[19], [10]]
88
[[19], [10], [18]]
60
[[19], [10], [19]]
63
[[19], [10], [19], [19]]
47
[[19], [10], [17]]
54
[[19], [10], [15]]
43
[[19], [10], [16]]
54
[[19], [10], [7]]
45
[[19], [15]]
99
[[19], [15], [8]]
52
[[19], [15], [18]]
68
[[19], [15], [18], [19]]
46
[[19], [15], [18], [18]]
44
[[19], [15], [18, 19]]
42
[[19], [15], [19]]
74
[[19], [15], [19], [18]]
48
[[19], [15], [19], [19]]
49
[[19], [15], [19], [16]]
43
[[19], [15], [15]]
58
[[19], [15], [16]]
67
[[19], [15], [16], [19]]
44
[[19], [15], [14]]
47
[[19], [15], [17]]
56
[[19], [15], [11]]
50
[[19], [15], [7]]
57
[[19], [15], [9]]
45
[[19], [15], [12]]
44
[[19], [15], [5]]
45
[[19], [15], [6]]
43
[[19], [15], [13]]
43
[[19], [6]]
81
[[19], [6], [18]]
57
[[19], [6], [18], [19]]
43
[[19], [6], [18, 19]]
42
[[19], [6], [19]]
66
[[19], [6], [19], [19]]
45
[[19], [6], [16]]
55
[[19], [6], [15]]
46
[[19], [6], [11]]
42
[[19], [11]]
91
[[19], [11], [16]]
59
[[19], [11], [18]]
64
[[19], [11], [18], [18]]
42
[[19], [11], [18], [19]]
46
[[19], [11], [18, 19]]
43
[[19], [11], [19]]
67
[[19], [11], [19], [19]]
45
[[19], [11], [19], [18]]
44
[[19], [11], [17]]
53
[[19], [11], [14]]
43
[[19], [11], [11]]
50
[[19], [11], [15]]
47
[[19], [11], [7]]
44
[[19], [7]]
90
[[19], [7], [19]]
59
[[19], [7], [18]]
52
[[19], [7], [17]]
48
[[19], [7], [15]]
50
[[19], [7], [16]]
48
[[19], [9]]
84
[[19], [9], [19]]
67
[[19], [9], [19], [19]]
47
[[19], [9], [19], [18]]
45
[[19], [9], [18]]
61
[[19], [9], [18, 19]]
44
[[19], [9], [17]]
54
[[19], [9], [16]]
57
[[19], [9], [15]]
47
[[19], [9], [11]]
42
[[19], [17]]
115
[[19], [17], [19]]
86
[[19], [17], [19], [18]]
58
[[19], [17], [19], [19]]
61
[[19], [17], [19], [16]]
55
[[19], [17], [19], [14]]
44
[[19], [17], [19], [17]]
44
[[19], [17], [19], [15]]
46
[[19], [17], [18]]
84
[[19], [17], [18], [16]]
53
[[19], [17], [18], [18]]
55
[[19], [17], [18], [19]]
60
[[19], [17], [18], [17]]
46
[[19], [17], [18, 19]]
51
[[19], [17], [16]]
81
[[19], [17], [16], [18]]
45
[[19], [17], [16], [19]]
49
[[19], [17], [16], [16]]
45
[[19], [17], [17]]
71
[[19], [17], [17], [19]]
47
[[19], [17], [14]]
62
[[19], [17], [15]]
64
[[19], [17], [6]]
56
[[19], [17], [5]]
50
[[19], [17], [12]]
52
[[19], [17], [11]]
58
[[19], [17], [7]]
61
[[19], [17], [3]]
51
[[19], [17], [9]]
48
[[19], [17], [8]]
54
[[19], [17], [10]]
51
[[19], [17], [13]]
49
[[19], [17], [1]]
47
[[19], [17], [2]]
42
[[19], [17, 19]]
61
[[19], [17, 19], [18]]
43
[[19], [4]]
77
[[19], [4], [19]]
57
[[19], [4], [18]]
50
[[19], [4], [16]]
50
[[19], [4], [17]]
47
[[19], [5]]
89
[[19], [5], [17]]
49
[[19], [5], [19]]
60
[[19], [5], [19], [19]]
46
[[19], [5], [19], [18]]
42
[[19], [5], [18]]
60
[[19], [5], [18], [19]]
44
[[19], [5], [16]]
56
[[19], [5], [15]]
51
[[19], [12]]
89
[[19], [12], [19]]
60
[[19], [12], [18]]
54
[[19], [12], [16]]
51
[[19], [12], [17]]
43
[[19], [12], [11]]
42
[[19], [13]]
84
[[19], [13], [16]]
54
[[19], [13], [18]]
61
[[19], [13], [18], [19]]
48
[[19], [13], [19]]
67
[[19], [13], [19], [18]]
45
[[19], [13], [19], [19]]
46
[[19], [13], [17]]
47
[[19], [13], [15]]
50
[[19], [13], [7]]
44
[[19], [13], [14]]
42
[[19], [13], [10]]
42
[[19], [13], [13]]
43
[[19], [2]]
71
[[19], [2], [18]]
50
[[19], [2], [16]]
46
[[19], [2], [19]]
55
[[19], [2], [17]]
45
[[19], [0]]
81
[[19], [0], [18]]
59
[[19], [0], [18], [19]]
44
[[19], [0], [19]]
60
[[19], [0], [19], [19]]
45
[[19], [0], [16]]
52
[[19], [0], [17]]
50
[[19], [0], [15]]
44
[[19], [0], [7]]
45
[[19], [0], [11]]
44
[[19], [1]]
79
[[19], [1], [19]]
55
[[19], [1], [18]]
51
[[19], [1], [16]]
46
[[19], [1], [17]]
44
[[8]]
110
[[8], [16]]
79
[[8], [16], [19]]
49
[[8], [16], [17]]
44
[[8], [16], [18]]
45
[[8], [18]]
77
[[8], [18], [18]]
55
[[8], [18], [16]]
51
[[8], [18], [19]]
61
[[8], [18], [17]]
48
[[8], [18, 19]]
53
[[8], [19]]
89
[[8], [19], [18]]
62
[[8], [19], [18], [19]]
42
[[8], [19], [19]]
59
[[8], [19], [19], [19]]
46
[[8], [19], [16]]
61
[[8], [19], [17]]
50
[[8], [19], [15]]
46
[[8], [19], [14]]
42
[[8], [8]]
50
[[8], [17]]
70
[[8], [17], [19]]
50
[[8], [17], [18]]
45
[[8], [14]]
57
[[8], [15]]
62
[[8], [9]]
51
[[8], [5]]
54
[[8], [13]]
42
[[8], [3]]
46
[[8], [11]]
56
[[8], [7]]
54
[[8], [12]]
52
[[8], [10]]
45
[[8], [2]]
43
[[8], [6]]
45
[[3]]
95
[[3], [16]]
67
[[3], [18]]
65
[[3], [18], [18]]
44
[[3], [18], [19]]
46
[[3], [18, 19]]
50
[[3], [19]]
75
[[3], [19], [18]]
49
[[3], [19], [17]]
43
[[3], [19], [19]]
45
[[3], [19], [16]]
47
[[3], [8]]
48
[[3], [15]]
50
[[3], [17]]
57
[[3], [11]]
52
[[3], [12]]
49
[[3], [7]]
46
[[3], [14]]
44
[[3], [10]]
42
[[3], [5]]
42
[[14]]
112
[[14], [16]]
86
[[14], [16], [19]]
56
[[14], [16], [18]]
49
[[14], [16], [16]]
48
[[14], [18]]
85
[[14], [18], [18]]
56
[[14], [18], [19]]
66
[[14], [18], [19], [19]]
43
[[14], [18], [16]]
58
[[14], [18], [17]]
52
[[14], [18], [15]]
45
[[14], [18], [14]]
45
[[14], [18, 19]]
60
[[14], [18, 19], [19]]
45
[[14], [19]]
94
[[14], [19], [18]]
68
[[14], [19], [18], [16]]
45
[[14], [19], [18], [19]]
50
[[14], [19], [18, 19]]
44
[[14], [19], [19]]
73
[[14], [19], [19], [18]]
47
[[14], [19], [19], [16]]
51
[[14], [19], [19], [19]]
53
[[14], [19], [19], [17]]
42
[[14], [19], [15]]
50
[[14], [19], [16]]
65
[[14], [19], [17]]
51
[[14], [19], [13]]
49
[[14], [19], [3]]
47
[[14], [19], [11]]
46
[[14], [19], [14]]
46
[[14], [19], [10]]
42
[[14], [19], [8]]
45
[[14], [19], [6]]
42
[[14], [19], [5]]
44
[[14], [15]]
63
[[14], [15], [19]]
44
[[14], [17]]
76
[[14], [17], [18]]
54
[[14], [17], [19]]
56
[[14], [17], [16]]
49
[[14], [17], [15]]
42
[[14], [17], [14]]
42
[[14], [17], [17]]
44
[[14], [8]]
59
[[14], [14]]
66
[[14], [14], [19]]
48
[[14], [14], [18]]
44
[[14], [3]]
55
[[14], [13]]
58
[[14], [13], [19]]
44
[[14], [9]]
52
[[14], [9], [19]]
45
[[14], [11]]
57
[[14], [6]]
54
[[14], [6], [19]]
42
[[14], [7]]
60
[[14], [4]]
48
[[14], [10]]
56
[[14], [5]]
52
[[14], [2]]
47
[[14], [1]]
53
[[14], [12]]
52
[[14], [0]]
45
[[16]]
141
[[16], [16]]
101
[[16], [16], [18]]
63
[[16], [16], [18], [19]]
46
[[16], [16], [18, 19]]
42
[[16], [16], [19]]
71
[[16], [16], [19], [19]]
45
[[16], [16], [16]]
56
[[16], [16], [15]]
50
[[16], [16], [8]]
48
[[16], [16], [17]]
55
[[16], [16], [11]]
48
[[16], [16], [14]]
43
[[16], [16], [7]]
48
[[16], [16], [12]]
43
[[16], [16], [10]]
43
[[16], [16], [5]]
43
[[16], [16, 19]]
46
[[16], [18]]
102
[[16], [18], [18]]
77
[[16], [18], [18], [19]]
52
[[16], [18], [18], [18]]
43
[[16], [18], [18, 19]]
45
[[16], [18], [19]]
84
[[16], [18], [19], [19]]
47
[[16], [18], [19], [18]]
48
[[16], [18], [16]]
67
[[16], [18], [17]]
59
[[16], [18], [15]]
52
[[16], [18], [14]]
51
[[16], [18], [5]]
47
[[16], [18], [11]]
47
[[16], [18], [8]]
48
[[16], [18], [12]]
47
[[16], [18], [10]]
43
[[16], [18], [7]]
49
[[16], [18], [0]]
42
[[16], [18, 19]]
75
[[16], [18, 19], [18]]
55
[[16], [18, 19], [19]]
59
[[16], [18, 19], [16]]
42
[[16], [19]]
113
[[16], [19], [15]]
62
[[16], [19], [8]]
55
[[16], [19], [11]]
57
[[16], [19], [18]]
83
[[16], [19], [18], [18]]
49
[[16], [19], [18], [19]]
61
[[16], [19], [18], [17]]
42
[[16], [19], [18], [16]]
45
[[16], [19], [18, 19]]
58
[[16], [19], [18, 19], [19]]
43
[[16], [19], [19]]
90
[[16], [19], [19], [18]]
55
[[16], [19], [19], [17]]
50
[[16], [19], [19], [19]]
68
[[16], [19], [19], [14]]
46
[[16], [19], [19], [15]]
47
[[16], [19], [19], [16]]
51
[[16], [19], [19], [8]]
45
[[16], [19], [16]]
72
[[16], [19], [16], [19]]
46
[[16], [19], [4]]
47
[[16], [19], [3]]
48
[[16], [19], [17]]
70
[[16], [19], [17], [19]]
48
[[16], [19], [17], [18]]
42
[[16], [19], [14]]
62
[[16], [19], [13]]
50
[[16], [19], [5]]
49
[[16], [19], [10]]
53
[[16], [19], [9]]
46
[[16], [19], [6]]
45
[[16], [19], [7]]
53
[[16], [19], [0]]
45
[[16], [19], [12]]
50
[[16], [19], [1]]
48
[[16], [10]]
69
[[16], [10], [19]]
50
[[16], [10], [18]]
43
[[16], [15]]
77
[[16], [15], [19]]
50
[[16], [15], [18]]
45
[[16], [6]]
62
[[16], [6], [19]]
49
[[16], [8]]
77
[[16], [8], [19]]
54
[[16], [8], [16]]
44
[[16], [11]]
74
[[16], [11], [18]]
45
[[16], [11], [19]]
48
[[16], [11], [16]]
43
[[16], [9]]
66
[[16], [9], [19]]
55
[[16], [9], [18]]
45
[[16], [9], [16]]
42
[[16], [14]]
81
[[16], [14], [19]]
59
[[16], [14], [18]]
50
[[16], [14], [16]]
45
[[16], [13]]
66
[[16], [13], [19]]
49
[[16], [13], [18]]
42
[[16], [4]]
56
[[16], [5]]
67
[[16], [5], [19]]
43
[[16], [17]]
95
[[16], [17], [18]]
63
[[16], [17], [18], [19]]
42
[[16], [17], [19]]
71
[[16], [17], [19], [19]]
45
[[16], [17], [19], [18]]
46
[[16], [17], [16]]
52
[[16], [17], [17]]
49
[[16], [17], [14]]
47
[[16], [17], [15]]
44
[[16], [17], [11]]
46
[[16], [17], [7]]
43
[[16], [17, 19]]
44
[[16], [0]]
58
[[16], [12]]
70
[[16], [12], [19]]
43
[[16], [3]]
69
[[16], [3], [19]]
48
[[16], [3], [16]]
42
[[16], [1]]
65
[[16], [7]]
76
[[16], [7], [19]]
49
[[16], [2]]
55
[[16, 18]]
59
[[16, 19]]
78
[[16, 19], [18]]
58
[[16, 19], [18], [18]]
45
[[16, 19], [18], [19]]
45
[[16, 19], [18, 19]]
44
[[16, 19], [19]]
64
[[16, 19], [19], [18]]
48
[[16, 19], [19], [19]]
47
[[16, 19], [16]]
61
[[16, 19], [16], [19]]
42
[[16, 19], [17]]
54
[[16, 19], [8]]
45
[[16, 19], [15]]
42
[[16, 19], [12]]
42
[[16, 17]]
48
[[10]]
103
[[10], [8]]
50
[[10], [11]]
54
[[10], [18]]
75
[[10], [18], [19]]
56
[[10], [18], [18]]
48
[[10], [18], [17]]
42
[[10], [18], [16]]
43
[[10], [18, 19]]
50
[[10], [19]]
79
[[10], [19], [19]]
61
[[10], [19], [19], [19]]
44
[[10], [19], [18]]
53
[[10], [19], [17]]
51
[[10], [19], [16]]
50
[[10], [19], [15]]
44
[[10], [19], [11]]
43
[[10], [19], [7]]
42
[[10], [7]]
58
[[10], [15]]
56
[[10], [16]]
68
[[10], [16], [19]]
53
[[10], [16], [18]]
42
[[10], [12]]
53
[[10], [17]]
70
[[10], [17], [19]]
47
[[10], [14]]
50
[[10], [10]]
50
[[10], [6]]
45
[[10], [5]]
48
[[10], [13]]
42
[[10], [0]]
45
[[10], [9]]
44
[[10], [4]]
42
[[10], [3]]
43
[[6]]
95
[[6], [18]]
72
[[6], [18], [16]]
47
[[6], [18], [19]]
59
[[6], [18], [18]]
50
[[6], [18], [17]]
42
[[6], [18, 19]]
54
[[6], [19]]
81
[[6], [19], [16]]
53
[[6], [19], [19]]
61
[[6], [19], [19], [19]]
43
[[6], [19], [18]]
53
[[6], [19], [17]]
43
[[6], [19], [11]]
42
[[6], [19], [15]]
44
[[6], [9]]
45
[[6], [15]]
57
[[6], [16]]
68
[[6], [16], [19]]
49
[[6], [5]]
51
[[6], [17]]
57
[[6], [12]]
52
[[6], [8]]
51
[[6], [3]]
47
[[6], [11]]
53
[[6], [14]]
47
[[6], [7]]
49
[[6], [10]]
44
[[6], [6]]
42
[[7]]
106
[[7], [16]]
63
[[7], [16], [19]]
42
[[7], [19]]
79
[[7], [19], [18]]
55
[[7], [19], [19]]
60
[[7], [19], [16]]
49
[[7], [11]]
53
[[7], [14]]
54
[[7], [18]]
72
[[7], [18], [18]]
49
[[7], [18], [19]]
52
[[7], [18], [16]]
46
[[7], [18, 19]]
50
[[7], [17]]
61
[[7], [17], [19]]
42
[[7], [15]]
62
[[7], [8]]
49
[[7], [5]]
48
[[7], [7]]
49
[[7], [12]]
49
[[7], [9]]
43
[[7], [1]]
46
[[7], [13]]
44
[[7], [4]]
45
[[9]]
97
[[9], [16]]
70
[[9], [16], [19]]
51
[[9], [16], [18]]
43
[[9], [19]]
82
[[9], [19], [19]]
69
[[9], [19], [19], [19]]
50
[[9], [19], [19], [16]]
43
[[9], [19], [18]]
64
[[9], [19], [18], [19]]
43
[[9], [19], [17]]
53
[[9], [19], [14]]
51
[[9], [19], [16]]
57
[[9], [19], [15]]
44
[[9], [19], [11]]
45
[[9], [19], [7]]
42
[[9], [11]]
55
[[9], [18]]
79
[[9], [18], [18]]
55
[[9], [18], [16]]
50
[[9], [18], [19]]
62
[[9], [18], [14]]
45
[[9], [18], [17]]
50
[[9], [18, 19]]
59
[[9], [18, 19], [18]]
43
[[9], [18, 19], [19]]
47
[[9], [14]]
60
[[9], [14], [19]]
47
[[9], [14], [18]]
43
[[9], [15]]
56
[[9], [17]]
68
[[9], [17], [19]]
47
[[9], [17], [18]]
42
[[9], [8]]
52
[[9], [3]]
51
[[9], [9]]
50
[[9], [13]]
45
[[9], [6]]
49
[[9], [7]]
50
[[9], [4]]
47
[[9], [12]]
48
[[9], [10]]
47
[[9], [1]]
47
[[9], [5]]
44
[[9], [0]]
42
[[12]]
112
[[12], [17]]
60
[[12], [17], [19]]
43
[[12], [19]]
83
[[12], [19], [19]]
61
[[12], [19], [19], [19]]
43
[[12], [19], [18]]
57
[[12], [19], [17]]
48
[[12], [19], [15]]
45
[[12], [19], [16]]
51
[[12], [5]]
54
[[12], [18]]
73
[[12], [18], [18]]
51
[[12], [18], [19]]
57
[[12], [18], [16]]
47
[[12], [18, 19]]
53
[[12], [14]]
52
[[12], [16]]
73
[[12], [16], [19]]
46
[[12], [11]]
56
[[12], [8]]
51
[[12], [15]]
55
[[12], [10]]
48
[[12], [12]]
52
[[12], [7]]
53
[[12], [9]]
47
[[12], [6]]
46
[[12], [1]]
47
[[12], [4]]
43
[[12], [13]]
42
[[12], [3]]
43
[[4]]
88
[[4], [17]]
56
[[4], [17], [19]]
42
[[4], [19]]
67
[[4], [19], [18]]
48
[[4], [19], [19]]
53
[[4], [19], [17]]
47
[[4], [19], [16]]
47
[[4], [18]]
65
[[4], [18], [18]]
45
[[4], [18], [19]]
49
[[4], [18], [17]]
44
[[4], [18], [16]]
44
[[4], [18, 19]]
43
[[4], [16]]
60
[[4], [16], [19]]
44
[[4], [15]]
52
[[4], [14]]
47
[[4], [8]]
48
[[4], [11]]
46
[[4], [10]]
45
[[4], [12]]
42
[[4], [7]]
42
[[13]]
98
[[13], [16]]
67
[[13], [16], [19]]
48
[[13], [16], [16]]
42
[[13], [18]]
76
[[13], [18], [18]]
57
[[13], [18], [19]]
64
[[13], [18], [16]]
53
[[13], [18], [17]]
42
[[13], [18, 19]]
58
[[13], [18, 19], [19]]
46
[[13], [19]]
82
[[13], [19], [18]]
62
[[13], [19], [18], [19]]
42
[[13], [19], [18, 19]]
42
[[13], [19], [19]]
64
[[13], [19], [19], [19]]
45
[[13], [19], [19], [18]]
42
[[13], [19], [14]]
43
[[13], [19], [16]]
49
[[13], [19], [17]]
43
[[13], [19], [15]]
42
[[13], [19], [13]]
43
[[13], [15]]
61
[[13], [8]]
58
[[13], [8], [19]]
47
[[13], [14]]
53
[[13], [17]]
57
[[13], [17], [19]]
48
[[13], [17], [18]]
43
[[13], [13]]
58
[[13], [13], [19]]
42
[[13], [11]]
55
[[13], [3]]
48
[[13], [9]]
45
[[13], [10]]
49
[[13], [7]]
53
[[13], [12]]
52
[[13], [1]]
44
[[13], [0]]
42
[[13], [4]]
42
[[13], [5]]
45
[[13], [6]]
42
[[0]]
93
[[0], [18]]
70
[[0], [18], [18]]
47
[[0], [18], [19]]
55
[[0], [18], [17]]
46
[[0], [18], [16]]
45
[[0], [18, 19]]
54
[[0], [18, 19], [19]]
43
[[0], [17]]
61
[[0], [17], [19]]
47
[[0], [19]]
72
[[0], [19], [18]]
53
[[0], [19], [19]]
58
[[0], [19], [17]]
42
[[0], [19], [16]]
50
[[0], [19], [15]]
42
[[0], [16]]
63
[[0], [16], [19]]
43
[[0], [11]]
55
[[0], [15]]
56
[[0], [7]]
56
[[0], [3]]
48
[[0], [14]]
49
[[0], [10]]
46
[[0], [6]]
47
[[0], [8]]
44
[[0], [12]]
44
[[0], [2]]
43
[[0], [5]]
42
[[1]]
91
[[1], [18]]
62
[[1], [18], [18]]
43
[[1], [18], [19]]
49
[[1], [18, 19]]
47
[[1], [17]]
56
[[1], [19]]
68
[[1], [19], [18]]
47
[[1], [19], [19]]
49
[[1], [16]]
57
[[1], [15]]
48
[[1], [14]]
46
[[1], [12]]
46
[[1], [11]]
47
[[1], [7]]
46
[[1], [10]]
42
[[1], [5]]
42
