[[5]]
45
[[5], [17]]
29
[[5], [17], [18]]
20
[[5], [17], [19]]
19
[[5], [17], [16]]
18
[[5], [17], [11]]
17
[[5], [15]]
26
[[5], [18]]
31
[[5], [18], [18]]
20
[[5], [18], [18], [18]]
18
[[5], [18], [19]]
21
[[5], [18], [16]]
18
[[5], [18], [15]]
17
[[5], [18], [11]]
17
[[5], [18], [9]]
17
[[5], [18], [17]]
17
[[5], [18], [12]]
16
[[5], [18, 19]]
20
[[5], [19]]
31
[[5], [19], [18]]
24
[[5], [19], [18], [18]]
18
[[5], [19], [18], [19]]
16
[[5], [19], [18, 19]]
18
[[5], [19], [19]]
21
[[5], [19], [19], [18]]
18
[[5], [19], [19], [19]]
16
[[5], [19], [16]]
17
[[5], [19], [15]]
19
[[5], [19], [11]]
19
[[5], [19], [9]]
16
[[5], [19], [17]]
18
[[5], [19], [8]]
16
[[5], [8]]
24
[[5], [3]]
20
[[5], [14]]
17
[[5], [16]]
26
[[5], [16], [18]]
18
[[5], [16], [19]]
20
[[5], [10]]
20
[[5], [6]]
19
[[5], [11]]
21
[[5], [9]]
21
[[5], [9], [19]]
16
[[5], [5]]
20
[[5], [13]]
20
[[5], [12]]
22
[[5], [4]]
18
[[5], [0]]
16
[[5], [2]]
16
[[5], [7]]
21
[[11]]
39
[[11], [17]]
22
[[11], [17], [18]]
17
[[11], [17], [19]]
16
[[11], [15]]
17
[[11], [18]]
25
[[11], [18], [18]]
16
[[11], [18, 19]]
16
[[11], [19]]
26
[[11], [19], [18]]
21
[[11], [19], [19]]
20
[[11], [19], [17]]
17
[[11], [8]]
18
[[11], [14]]
19
[[11], [16]]
22
[[11], [6]]
16
[[11], [7]]
20
[[11], [9]]
18
[[17]]
47
[[17], [2]]
17
[[17], [15]]
27
[[17], [15], [18]]
16
[[17], [15], [19]]
16
[[17], [15], [16]]
16
[[17], [18]]
34
[[17], [18], [8]]
16
[[17], [18], [18]]
25
[[17], [18], [18], [18]]
19
[[17], [18], [18], [19]]
17
[[17], [18], [18, 19]]
17
[[17], [18], [19]]
25
[[17], [18], [19], [18]]
20
[[17], [18], [19], [19]]
18
[[17], [18], [14]]
20
[[17], [18], [16]]
24
[[17], [18], [16], [18]]
17
[[17], [18], [16], [19]]
18
[[17], [18], [11]]
16
[[17], [18], [9]]
17
[[17], [18], [12]]
19
[[17], [18], [15]]
19
[[17], [18], [6]]
18
[[17], [18], [17]]
20
[[17], [18, 19]]
24
[[17], [18, 19], [18]]
18
[[17], [18, 19], [16]]
16
[[17], [19]]
35
[[17], [19], [18]]
27
[[17], [19], [18], [16]]
17
[[17], [19], [18], [18]]
18
[[17], [19], [18], [19]]
19
[[17], [19], [18], [15]]
16
[[17], [19], [18], [14]]
16
[[17], [19], [18, 19]]
20
[[17], [19], [18, 19], [18]]
16
[[17], [19], [19]]
27
[[17], [19], [19], [16]]
16
[[17], [19], [19], [18]]
22
[[17], [19], [19], [19]]
19
[[17], [19], [19], [15]]
18
[[17], [19], [19], [11]]
17
[[17], [19], [16]]
25
[[17], [19], [16], [18]]
18
[[17], [19], [16], [19]]
19
[[17], [19], [16], [15]]
16
[[17], [19], [15]]
21
[[17], [19], [11]]
21
[[17], [19], [9]]
17
[[17], [19], [3]]
17
[[17], [19], [8]]
17
[[17], [19], [14]]
19
[[17], [19], [10]]
16
[[17], [19], [6]]
16
[[17], [19], [12]]
16
[[17], [19], [17]]
23
[[17], [19], [17], [16]]
16
[[17], [19], [5]]
19
[[17], [8]]
24
[[17], [3]]
21
[[17], [14]]
24
[[17], [16]]
32
[[17], [16], [16]]
17
[[17], [16], [18]]
21
[[17], [16], [19]]
23
[[17], [16], [8]]
16
[[17], [16], [15]]
17
[[17], [10]]
19
[[17], [10], [18]]
16
[[17], [10], [16]]
16
[[17], [10], [19]]
19
[[17], [6]]
25
[[17], [6], [18]]
18
[[17], [6], [19]]
20
[[17], [6], [16]]
16
[[17], [11]]
25
[[17], [9]]
23
[[17], [9], [19]]
19
[[17], [17]]
32
[[17], [17], [18]]
20
[[17], [17], [16]]
20
[[17], [17], [19]]
22
[[17], [17], [15]]
16
[[17], [5]]
27
[[17], [5], [17]]
17
[[17], [5], [19]]
20
[[17], [5], [18]]
17
[[17], [5], [16]]
16
[[17], [12]]
22
[[17], [12], [19]]
17
[[17], [4]]
18
[[17], [13]]
23
[[17], [7]]
22
[[17, 19]]
24
[[17, 19], [19]]
17
[[17, 19], [18]]
16
[[17, 18]]
16
[[2]]
28
[[2], [18]]
24
[[2], [18], [18]]
16
[[2], [18], [19]]
16
[[2], [18, 19]]
17
[[2], [19]]
25
[[2], [19], [18]]
20
[[2], [19], [19]]
17
[[2], [16]]
21
[[2], [6]]
18
[[2], [6], [19]]
16
[[2], [17]]
21
[[2], [8]]
17
[[2], [15]]
18
[[2], [14]]
16
[[2], [11]]
16
[[2], [5]]
16
[[15]]
40
[[15], [8]]
20
[[15], [18]]
25
[[15], [18], [18]]
19
[[15], [18, 19]]
16
[[15], [19]]
27
[[15], [19], [18]]
17
[[15], [19], [19]]
19
[[15], [19], [15]]
17
[[15], [14]]
21
[[15], [14], [19]]
17
[[15], [16]]
22
[[15], [16], [18]]
16
[[15], [16], [15]]
17
[[15], [16], [19]]
17
[[15], [15]]
23
[[15], [6]]
17
[[15], [9]]
20
[[15], [9], [19]]
16
[[15], [5]]
21
[[15], [17]]
21
[[15], [10]]
16
[[15], [11]]
16
[[15], [7]]
19
[[15], [12]]
17
[[15], [13]]
18
[[15, 19]]
18
[[18]]
52
[[18], [8]]
26
[[18], [8], [19]]
17
[[18], [8], [18]]
17
[[18], [18]]
41
[[18], [18], [14]]
24
[[18], [18], [14], [19]]
16
[[18], [18], [16]]
25
[[18], [18], [16], [19]]
17
[[18], [18], [18]]
30
[[18], [18], [18], [18]]
17
[[18], [18], [18], [19]]
17
[[18], [18], [18], [16]]
16
[[18], [18], [18, 19]]
18
[[18], [18], [19]]
30
[[18], [18], [19], [18]]
20
[[18], [18], [19], [19]]
20
[[18], [18], [19], [17]]
16
[[18], [18], [15]]
23
[[18], [18], [8]]
19
[[18], [18], [11]]
19
[[18], [18], [9]]
16
[[18], [18], [3]]
16
[[18], [18], [17]]
22
[[18], [18], [6]]
17
[[18], [18], [13]]
17
[[18], [18], [5]]
18
[[18], [18, 19]]
29
[[18], [18, 19], [16]]
17
[[18], [18, 19], [18]]
22
[[18], [18, 19], [19]]
20
[[18], [18, 19], [19], [18]]
16
[[18], [18, 19], [19], [19]]
16
[[18], [18, 19], [15]]
18
[[18], [18, 19], [8]]
16
[[18], [18, 19], [14]]
19
[[18], [19]]
38
[[18], [19], [14]]
23
[[18], [19], [16]]
23
[[18], [19], [16], [18]]
17
[[18], [19], [16], [19]]
17
[[18], [19], [18]]
29
[[18], [19], [18], [18]]
19
[[18], [19], [18], [19]]
19
[[18], [19], [18], [16]]
17
[[18], [19], [18], [15]]
16
[[18], [19], [18, 19]]
22
[[18], [19], [18, 19], [18]]
16
[[18], [19], [19]]
29
[[18], [19], [19], [18]]
24
[[18], [19], [19], [18, 19]]
16
[[18], [19], [19], [19]]
22
[[18], [19], [19], [19], [18]]
16
[[18], [19], [19], [16]]
17
[[18], [19], [19], [15]]
17
[[18], [19], [19], [17]]
16
[[18], [19], [15]]
23
[[18], [19], [6]]
17
[[18], [19], [8]]
20
[[18], [19], [11]]
21
[[18], [19], [9]]
17
[[18], [19], [13]]
18
[[18], [19], [17]]
23
[[18], [19], [3]]
17
[[18], [19], [5]]
20
[[18], [19], [10]]
16
[[18], [19], [7]]
16
[[18], [3]]
22
[[18], [14]]
33
[[18], [14], [16]]
17
[[18], [14], [18]]
18
[[18], [14], [19]]
19
[[18], [14], [17]]
16
[[18], [16]]
35
[[18], [16], [16]]
19
[[18], [16], [18]]
27
[[18], [16], [18], [18]]
17
[[18], [16], [18], [19]]
17
[[18], [16], [18, 19]]
21
[[18], [16], [19]]
26
[[18], [16], [19], [18]]
21
[[18], [16], [19], [18, 19]]
16
[[18], [16], [19], [19]]
21
[[18], [16], [19], [15]]
16
[[18], [16], [15]]
21
[[18], [16], [8]]
20
[[18], [16], [12]]
17
[[18], [16], [14]]
19
[[18], [16], [17]]
17
[[18], [16, 19]]
20
[[18], [16, 19], [18]]
18
[[18], [16, 19], [19]]
17
[[18], [10]]
23
[[18], [10], [18]]
20
[[18], [10], [19]]
21
[[18], [10], [19], [19]]
16
[[18], [10], [15]]
16
[[18], [10], [16]]
17
[[18], [10], [16], [19]]
16
[[18], [15]]
31
[[18], [15], [18]]
17
[[18], [15], [19]]
19
[[18], [6]]
27
[[18], [6], [19]]
22
[[18], [6], [18]]
20
[[18], [11]]
27
[[18], [11], [18]]
16
[[18], [11], [19]]
18
[[18], [9]]
24
[[18], [9], [19]]
20
[[18], [9], [18]]
17
[[18], [9], [17]]
17
[[18], [13]]
28
[[18], [13], [18]]
21
[[18], [13], [19]]
20
[[18], [13], [17]]
18
[[18], [5]]
30
[[18], [5], [19]]
18
[[18], [5], [18]]
17
[[18], [17]]
35
[[18], [17], [18]]
20
[[18], [17], [15]]
16
[[18], [17], [19]]
21
[[18], [17], [16]]
20
[[18], [17], [17]]
18
[[18], [17, 19]]
18
[[18], [12]]
28
[[18], [12], [19]]
20
[[18], [12], [18]]
17
[[18], [1]]
17
[[18], [4]]
22
[[18], [7]]
25
[[18], [7], [19]]
16
[[18], [7], [18]]
16
[[18], [0]]
20
[[18], [2]]
20
[[18], [2], [18]]
16
[[18], [2], [19]]
16
[[18, 19]]
40
[[18, 19], [8]]
21
[[18, 19], [18]]
31
[[18, 19], [18], [16]]
18
[[18, 19], [18], [18]]
21
[[18, 19], [18], [19]]
19
[[18, 19], [18], [15]]
17
[[18, 19], [18, 19]]
18
[[18, 19], [19]]
27
[[18, 19], [19], [18]]
21
[[18, 19], [19], [19]]
22
[[18, 19], [19], [14]]
16
[[18, 19], [19], [15]]
17
[[18, 19], [14]]
22
[[18, 19], [16]]
25
[[18, 19], [16], [18]]
18
[[18, 19], [16], [19]]
17
[[18, 19], [15]]
25
[[18, 19], [11]]
21
[[18, 19], [9]]
17
[[18, 19], [17]]
25
[[18, 19], [12]]
18
[[18, 19], [6]]
19
[[18, 19], [6], [19]]
16
[[18, 19], [0]]
16
[[18, 19], [5]]
21
[[18, 19], [13]]
17
[[18, 19], [4]]
17
[[18, 19], [10]]
17
[[18, 19], [7]]
17
[[19]]
56
[[19], [8]]
31
[[19], [8], [16]]
17
[[19], [8], [18]]
22
[[19], [8], [19]]
21
[[19], [8], [19], [18]]
16
[[19], [8], [17]]
18
[[19], [8], [15]]
16
[[19], [18]]
43
[[19], [18], [14]]
26
[[19], [18], [16]]
27
[[19], [18], [16], [18]]
18
[[19], [18], [16], [19]]
17
[[19], [18], [16], [15]]
16
[[19], [18], [18]]
33
[[19], [18], [18], [15]]
18
[[19], [18], [18], [18]]
22
[[19], [18], [18], [19]]
20
[[19], [18], [18], [19], [19]]
16
[[19], [18], [18], [16]]
18
[[19], [18], [18], [14]]
18
[[19], [18], [18], [17]]
17
[[19], [18], [18], [11]]
16
[[19], [18], [18, 19]]
20
[[19], [18], [19]]
30
[[19], [18], [19], [18]]
21
[[19], [18], [19], [19]]
20
[[19], [18], [19], [19], [19]]
16
[[19], [18], [19], [14]]
18
[[19], [18], [19], [17]]
17
[[19], [18], [19], [15]]
17
[[19], [18], [15]]
26
[[19], [18], [8]]
19
[[19], [18], [11]]
21
[[19], [18], [9]]
19
[[19], [18], [17]]
25
[[19], [18], [3]]
18
[[19], [18], [13]]
18
[[19], [18], [5]]
19
[[19], [18], [6]]
19
[[19], [18], [12]]
18
[[19], [18], [4]]
16
[[19], [18], [7]]
17
[[19], [18, 19]]
32
[[19], [18, 19], [14]]
20
[[19], [18, 19], [16]]
18
[[19], [18, 19], [18]]
24
[[19], [18, 19], [19]]
21
[[19], [18, 19], [19], [19]]
16
[[19], [18, 19], [15]]
21
[[19], [18, 19], [17]]
18
[[19], [19]]
42
[[19], [19], [3]]
18
[[19], [19], [14]]
28
[[19], [19], [14], [18]]
16
[[19], [19], [14], [19]]
18
[[19], [19], [16]]
29
[[19], [19], [16], [18]]
20
[[19], [19], [16], [15]]
19
[[19], [19], [16], [19]]
20
[[19], [19], [16], [8]]
16
[[19], [19], [16], [16]]
16
[[19], [19], [18]]
35
[[19], [19], [18], [15]]
20
[[19], [19], [18], [8]]
16
[[19], [19], [18], [18]]
22
[[19], [19], [18], [19]]
20
[[19], [19], [18], [16]]
20
[[19], [19], [18], [14]]
18
[[19], [19], [18], [17]]
17
[[19], [19], [18, 19]]
22
[[19], [19], [18, 19], [18]]
17
[[19], [19], [19]]
33
[[19], [19], [19], [15]]
21
[[19], [19], [19], [8]]
16
[[19], [19], [19], [18]]
28
[[19], [19], [19], [18, 19]]
17
[[19], [19], [19], [19]]
25
[[19], [19], [19], [19], [18]]
18
[[19], [19], [19], [19], [15]]
16
[[19], [19], [19], [16]]
19
[[19], [19], [19], [14]]
20
[[19], [19], [19], [17]]
20
[[19], [19], [19], [11]]
17
[[19], [19], [15]]
29
[[19], [19], [6]]
20
[[19], [19], [6], [19]]
16
[[19], [19], [8]]
22
[[19], [19], [11]]
24
[[19], [19], [9]]
20
[[19], [19], [9], [19]]
17
[[19], [19], [4]]
20
[[19], [19], [13]]
21
[[19], [19], [5]]
21
[[19], [19], [17]]
27
[[19], [19], [17], [18]]
19
[[19], [19], [17], [19]]
18
[[19], [19], [17], [16]]
17
[[19], [19], [17], [15]]
17
[[19], [19], [12]]
16
[[19], [19], [10]]
17
[[19], [19], [7]]
19
[[19], [3]]
24
[[19], [3], [16]]
17
[[19], [3], [18]]
17
[[19], [3], [19]]
19
[[19], [14]]
30
[[19], [14], [18]]
19
[[19], [14], [19]]
21
[[19], [14], [17]]
16
[[19], [16]]
41
[[19], [16], [16]]
24
[[19], [16], [18]]
32
[[19], [16], [18], [18]]
21
[[19], [16], [18], [19]]
20
[[19], [16], [18], [15]]
18
[[19], [16], [18], [14]]
16
[[19], [16], [18, 19]]
22
[[19], [16], [19]]
31
[[19], [16], [19], [18]]
24
[[19], [16], [19], [18, 19]]
17
[[19], [16], [19], [19]]
23
[[19], [16], [19], [15]]
20
[[19], [16], [15]]
27
[[19], [16], [6]]
18
[[19], [16], [6], [19]]
16
[[19], [16], [8]]
24
[[19], [16], [11]]
19
[[19], [16], [9]]
18
[[19], [16], [14]]
22
[[19], [16], [17]]
23
[[19], [16], [17], [19]]
16
[[19], [16], [12]]
18
[[19], [16], [13]]
17
[[19], [16], [10]]
17
[[19], [16], [4]]
17
[[19], [16], [5]]
17
[[19], [16], [7]]
16
[[19], [16, 19]]
20
[[19], [16, 19], [18]]
18
[[19], [16, 19], [19]]
17
[[19], [10]]
26
[[19], [10], [18]]
22
[[19], [10], [15]]
18
[[19], [10], [16]]
17
[[19], [10], [19]]
21
[[19], [10], [11]]
16
[[19], [10], [7]]
16
[[19], [15]]
33
[[19], [15], [8]]
16
[[19], [15], [18]]
21
[[19], [15], [19]]
20
[[19], [15], [15]]
18
[[19], [15], [16]]
16
[[19], [15], [9]]
16
[[19], [15], [14]]
17
[[19], [6]]
28
[[19], [6], [18]]
23
[[19], [6], [19]]
23
[[19], [6], [16]]
19
[[19], [11]]
32
[[19], [11], [16]]
17
[[19], [11], [18]]
19
[[19], [11], [19]]
20
[[19], [11], [19], [19]]
16
[[19], [11], [19], [18]]
16
[[19], [11], [17]]
17
[[19], [11], [7]]
16
[[19], [7]]
27
[[19], [7], [19]]
19
[[19], [7], [18]]
19
[[19], [7], [17]]
17
[[19], [9]]
29
[[19], [9], [19]]
22
[[19], [9], [19], [19]]
16
[[19], [9], [18]]
20
[[19], [9], [17]]
20
[[19], [9], [16]]
16
[[19], [17]]
39
[[19], [17], [19]]
25
[[19], [17], [19], [18]]
18
[[19], [17], [19], [19]]
16
[[19], [17], [18]]
27
[[19], [17], [18], [16]]
16
[[19], [17], [18], [18]]
17
[[19], [17], [16]]
25
[[19], [17], [17]]
22
[[19], [17], [14]]
19
[[19], [17], [15]]
21
[[19], [17], [6]]
18
[[19], [17], [5]]
17
[[19], [17], [12]]
16
[[19], [17], [11]]
20
[[19], [17], [7]]
18
[[19], [17, 19]]
20
[[19], [4]]
27
[[19], [4], [19]]
19
[[19], [4], [18]]
19
[[19], [4], [15]]
16
[[19], [5]]
34
[[19], [5], [17]]
19
[[19], [5], [19]]
22
[[19], [5], [19], [18]]
16
[[19], [5], [18]]
22
[[19], [5], [16]]
18
[[19], [5], [15]]
21
[[19], [12]]
28
[[19], [12], [19]]
22
[[19], [12], [18]]
17
[[19], [12], [17]]
17
[[19], [13]]
28
[[19], [13], [16]]
16
[[19], [13], [18]]
22
[[19], [13], [19]]
21
[[19], [13], [17]]
19
[[19], [13], [14]]
17
[[19], [2]]
22
[[19], [2], [18]]
18
[[19], [2], [16]]
17
[[19], [2], [19]]
18
[[19], [2], [17]]
16
[[19], [0]]
24
[[19], [0], [18]]
18
[[19], [0], [19]]
16
[[19], [0], [17]]
16
[[19], [1]]
20
[[8]]
42
[[8], [16]]
25
[[8], [16], [18]]
16
[[8], [16], [19]]
16
[[8], [18]]
29
[[8], [18], [18]]
19
[[8], [18], [16]]
17
[[8], [18], [19]]
19
[[8], [18], [14]]
16
[[8], [18], [17]]
18
[[8], [18, 19]]
20
[[8], [19]]
30
[[8], [19], [18]]
23
[[8], [19], [19]]
18
[[8], [19], [16]]
20
[[8], [19], [17]]
19
[[8], [19], [15]]
16
[[8], [8]]
16
[[8], [17]]
25
[[8], [17], [18]]
16
[[8], [14]]
20
[[8], [15]]
23
[[8], [9]]
18
[[8], [5]]
20
[[8], [13]]
16
[[3]]
29
[[3], [16]]
18
[[3], [18]]
20
[[3], [18], [18]]
16
[[3], [18, 19]]
16
[[3], [19]]
21
[[3], [19], [18]]
16
[[3], [8]]
17
[[3], [15]]
17
[[3], [17]]
16
[[14]]
38
[[14], [16]]
23
[[14], [18]]
27
[[14], [18], [18]]
19
[[14], [18], [19]]
20
[[14], [18], [16]]
19
[[14], [18], [17]]
18
[[14], [18, 19]]
17
[[14], [19]]
31
[[14], [19], [18]]
20
[[14], [19], [18, 19]]
16
[[14], [19], [19]]
21
[[14], [19], [19], [18]]
16
[[14], [19], [15]]
16
[[14], [19], [16]]
17
[[14], [19], [17]]
17
[[14], [19], [13]]
16
[[14], [15]]
21
[[14], [17]]
25
[[14], [17], [18]]
16
[[14], [17], [19]]
16
[[14], [8]]
20
[[14], [14]]
18
[[14], [3]]
16
[[14], [13]]
20
[[14], [9]]
16
[[14], [5]]
16
[[14], [11]]
16
[[16]]
48
[[16], [16]]
33
[[16], [16], [18]]
25
[[16], [16], [18], [18]]
17
[[16], [16], [18], [19]]
16
[[16], [16], [18, 19]]
18
[[16], [16], [19]]
24
[[16], [16], [19], [18]]
16
[[16], [16], [16]]
17
[[16], [16], [15]]
20
[[16], [16], [14]]
16
[[16], [16], [8]]
17
[[16], [16], [17]]
17
[[16], [18]]
37
[[16], [18], [18]]
26
[[16], [18], [18], [18]]
19
[[16], [18], [18], [19]]
16
[[16], [18], [18, 19]]
16
[[16], [18], [19]]
25
[[16], [18], [16]]
21
[[16], [18], [17]]
22
[[16], [18], [15]]
19
[[16], [18], [14]]
21
[[16], [18], [5]]
18
[[16], [18], [11]]
16
[[16], [18, 19]]
26
[[16], [18, 19], [18]]
20
[[16], [18, 19], [19]]
16
[[16], [19]]
37
[[16], [19], [15]]
21
[[16], [19], [8]]
18
[[16], [19], [11]]
19
[[16], [19], [18]]
29
[[16], [19], [18], [18]]
18
[[16], [19], [18], [19]]
17
[[16], [19], [18, 19]]
21
[[16], [19], [19]]
29
[[16], [19], [19], [18]]
19
[[16], [19], [19], [17]]
17
[[16], [19], [19], [16]]
16
[[16], [19], [19], [19]]
20
[[16], [19], [19], [14]]
16
[[16], [19], [19], [15]]
18
[[16], [19], [16]]
22
[[16], [19], [4]]
17
[[16], [19], [3]]
17
[[16], [19], [17]]
23
[[16], [19], [14]]
21
[[16], [19], [0]]
16
[[16], [19], [13]]
17
[[16], [19], [5]]
17
[[16], [10]]
22
[[16], [10], [18]]
17
[[16], [10], [15]]
17
[[16], [10], [16]]
16
[[16], [10], [19]]
19
[[16], [15]]
27
[[16], [15], [18]]
16
[[16], [15], [19]]
18
[[16], [6]]
22
[[16], [6], [18]]
17
[[16], [6], [19]]
20
[[16], [8]]
28
[[16], [8], [18]]
17
[[16], [8], [19]]
18
[[16], [11]]
24
[[16], [9]]
23
[[16], [9], [19]]
18
[[16], [14]]
27
[[16], [14], [18]]
17
[[16], [14], [19]]
19
[[16], [13]]
22
[[16], [4]]
21
[[16], [4], [19]]
16
[[16], [5]]
23
[[16], [17]]
30
[[16], [17], [18]]
20
[[16], [17], [15]]
16
[[16], [17], [19]]
20
[[16], [17], [16]]
17
[[16], [17], [17]]
17
[[16], [17], [14]]
16
[[16], [17], [11]]
16
[[16], [0]]
19
[[16], [12]]
25
[[16], [12], [19]]
18
[[16], [3]]
20
[[16], [1]]
16
[[16], [7]]
19
[[16, 18]]
20
[[16, 19]]
28
[[16, 19], [15]]
18
[[16, 19], [18]]
26
[[16, 19], [18], [18]]
19
[[16, 19], [18, 19]]
19
[[16, 19], [19]]
24
[[16, 19], [19], [18]]
20
[[16, 19], [16]]
20
[[16, 19], [16], [18]]
17
[[16, 19], [16], [19]]
16
[[16, 19], [17]]
18
[[16, 19], [8]]
17
[[16, 19], [12]]
16
[[16, 19], [6]]
16
[[16, 19], [11]]
17
[[16, 17]]
16
[[10]]
35
[[10], [8]]
19
[[10], [11]]
20
[[10], [18]]
26
[[10], [18], [15]]
16
[[10], [18], [16]]
16
[[10], [18], [19]]
19
[[10], [18], [18]]
18
[[10], [18, 19]]
19
[[10], [19]]
29
[[10], [19], [15]]
19
[[10], [19], [16]]
20
[[10], [19], [19]]
20
[[10], [19], [18]]
19
[[10], [19], [17]]
18
[[10], [19], [11]]
18
[[10], [19], [14]]
17
[[10], [7]]
22
[[10], [7], [19]]
17
[[10], [15]]
23
[[10], [16]]
24
[[10], [16], [19]]
22
[[10], [16], [18]]
19
[[10], [16], [16]]
16
[[10], [5]]
20
[[10], [12]]
21
[[10], [17]]
22
[[10], [17], [19]]
17
[[10], [14]]
18
[[10], [9]]
18
[[10], [4]]
16
[[10], [6]]
17
[[10], [13]]
17
[[6]]
37
[[6], [18]]
29
[[6], [18], [15]]
16
[[6], [18], [16]]
17
[[6], [18], [19]]
21
[[6], [18], [18]]
18
[[6], [18], [17]]
18
[[6], [18, 19]]
20
[[6], [19]]
31
[[6], [19], [15]]
17
[[6], [19], [16]]
17
[[6], [19], [19]]
20
[[6], [19], [18]]
20
[[6], [19], [3]]
16
[[6], [19], [11]]
17
[[6], [19], [17]]
16
[[6], [9]]
18
[[6], [9], [19]]
16
[[6], [15]]
21
[[6], [16]]
24
[[6], [16], [19]]
19
[[6], [16], [18]]
18
[[6], [5]]
21
[[6], [17]]
22
[[6], [17], [19]]
16
[[6], [12]]
20
[[6], [8]]
19
[[6], [3]]
18
[[6], [11]]
19
[[6], [14]]
17
[[6], [7]]
16
[[7]]
35
[[7], [16]]
20
[[7], [19]]
27
[[7], [19], [18]]
21
[[7], [19], [19]]
18
[[7], [19], [16]]
16
[[7], [11]]
18
[[7], [14]]
18
[[7], [18]]
26
[[7], [18], [18]]
19
[[7], [18], [17]]
17
[[7], [18, 19]]
19
[[7], [17]]
23
[[7], [9]]
16
[[7], [15]]
20
[[7], [8]]
17
[[7], [12]]
17
[[7], [5]]
17
[[7], [4]]
17
[[9]]
32
[[9], [16]]
20
[[9], [19]]
27
[[9], [19], [19]]
20
[[9], [19], [18]]
19
[[9], [19], [17]]
16
[[9], [19], [11]]
16
[[9], [19], [14]]
16
[[9], [11]]
19
[[9], [18]]
24
[[9], [18], [18]]
16
[[9], [18, 19]]
17
[[9], [14]]
19
[[9], [15]]
18
[[9], [17]]
24
[[9], [17], [19]]
16
[[9], [8]]
16
[[9], [3]]
17
[[9], [9]]
17
[[12]]
39
[[12], [17]]
23
[[12], [19]]
29
[[12], [19], [19]]
20
[[12], [19], [18]]
19
[[12], [19], [17]]
17
[[12], [5]]
22
[[12], [18]]
24
[[12], [18], [18]]
17
[[12], [18], [19]]
18
[[12], [18, 19]]
18
[[12], [13]]
17
[[12], [14]]
17
[[12], [16]]
23
[[12], [16], [19]]
16
[[12], [11]]
18
[[12], [8]]
19
[[12], [15]]
16
[[12], [3]]
16
[[4]]
33
[[4], [5]]
18
[[4], [17]]
19
[[4], [19]]
24
[[4], [19], [18]]
21
[[4], [19], [15]]
17
[[4], [19], [16]]
16
[[4], [19], [19]]
19
[[4], [19], [17]]
16
[[4], [18]]
26
[[4], [18], [18]]
19
[[4], [18], [19]]
17
[[4], [18, 19]]
18
[[4], [16]]
21
[[4], [16], [19]]
17
[[4], [15]]
21
[[4], [14]]
17
[[4], [8]]
19
[[13]]
36
[[13], [16]]
21
[[13], [18]]
25
[[13], [18], [18]]
16
[[13], [18], [19]]
16
[[13], [18, 19]]
19
[[13], [19]]
30
[[13], [19], [18]]
20
[[13], [19], [19]]
19
[[13], [19], [17]]
16
[[13], [19], [14]]
16
[[13], [15]]
16
[[13], [6]]
17
[[13], [6], [19]]
16
[[13], [8]]
20
[[13], [14]]
20
[[13], [17]]
23
[[13], [17], [19]]
16
[[13], [13]]
16
[[13], [5]]
19
[[0]]
30
[[0], [18]]
24
[[0], [18], [18]]
18
[[0], [18], [19]]
16
[[0], [18], [17]]
18
[[0], [18, 19]]
17
[[0], [17]]
22
[[0], [17], [18]]
16
[[0], [19]]
23
[[0], [19], [18]]
19
[[0], [19], [19]]
16
[[0], [19], [17]]
17
[[0], [16]]
18
[[0], [11]]
17
[[0], [6]]
17
[[0], [8]]
17
[[0], [15]]
17
[[0], [7]]
17
[[0], [3]]
16
[[1]]
25
[[1], [18]]
17
[[1], [17]]
17
[[1], [19]]
19
