[[5]]
140
[[5], [17]]
86
[[5], [17], [18]]
65
[[5], [17], [19]]
71
[[5], [15]]
78
[[5], [18]]
104
[[5], [18], [18]]
68
[[5], [18], [19]]
78
[[5], [18], [16]]
57
[[5], [18, 19]]
73
[[5], [19]]
105
[[5], [19], [18]]
83
[[5], [19], [18], [19]]
60
[[5], [19], [18, 19]]
59
[[5], [19], [19]]
89
[[5], [19], [19], [18]]
59
[[5], [19], [19], [19]]
65
[[5], [19], [16]]
66
[[5], [19], [15]]
58
[[5], [19], [17]]
59
[[5], [8]]
74
[[5], [3]]
65
[[5], [14]]
71
[[5], [16]]
92
[[5], [16], [19]]
74
[[5], [16], [18]]
62
[[5], [10]]
66
[[5], [6]]
57
[[5], [11]]
70
[[5], [9]]
69
[[5], [5]]
62
[[5], [13]]
62
[[5], [12]]
72
[[5], [4]]
59
[[5], [7]]
69
[[5], [1]]
56
[[5], [0]]
56
[[11]]
149
[[11], [17]]
90
[[11], [17], [18]]
65
[[11], [17], [19]]
71
[[11], [17], [16]]
57
[[11], [17], [17]]
56
[[11], [15]]
82
[[11], [18]]
105
[[11], [18], [18]]
74
[[11], [18], [19]]
81
[[11], [18], [16]]
67
[[11], [18], [17]]
62
[[11], [18], [15]]
57
[[11], [18, 19]]
70
[[11], [19]]
108
[[11], [19], [18]]
82
[[11], [19], [18], [19]]
63
[[11], [19], [19]]
84
[[11], [19], [19], [18]]
59
[[11], [19], [19], [19]]
60
[[11], [19], [17]]
66
[[11], [19], [16]]
73
[[11], [19], [15]]
62
[[11], [19], [14]]
57
[[11], [8]]
71
[[11], [14]]
76
[[11], [16]]
97
[[11], [16], [18]]
58
[[11], [16], [19]]
65
[[11], [16], [16]]
57
[[11], [16, 19]]
56
[[11], [7]]
73
[[11], [9]]
65
[[11], [12]]
69
[[11], [11]]
71
[[11], [5]]
68
[[11], [10]]
72
[[11], [3]]
58
[[11], [1]]
61
[[11], [13]]
64
[[11], [4]]
60
[[11], [6]]
62
[[11], [2]]
58
[[17]]
176
[[17], [2]]
74
[[17], [15]]
109
[[17], [15], [18]]
70
[[17], [15], [19]]
74
[[17], [15], [16]]
69
[[17], [15], [15]]
57
[[17], [15], [17]]
60
[[17], [18]]
143
[[17], [18], [8]]
68
[[17], [18], [18]]
98
[[17], [18], [18], [18]]
59
[[17], [18], [18], [19]]
65
[[17], [18], [18, 19]]
64
[[17], [18], [19]]
114
[[17], [18], [19], [18]]
72
[[17], [18], [19], [19]]
69
[[17], [18], [19], [17]]
59
[[17], [18], [19], [16]]
61
[[17], [18], [14]]
73
[[17], [18], [16]]
96
[[17], [18], [16], [19]]
59
[[17], [18], [16], [18]]
56
[[17], [18], [11]]
62
[[17], [18], [12]]
64
[[17], [18], [15]]
74
[[17], [18], [6]]
60
[[17], [18], [17]]
82
[[17], [18], [5]]
64
[[17], [18], [7]]
65
[[17], [18], [10]]
64
[[17], [18], [3]]
65
[[17], [18], [9]]
62
[[17], [18, 19]]
105
[[17], [18, 19], [18]]
70
[[17], [18, 19], [16]]
62
[[17], [18, 19], [19]]
75
[[17], [19]]
149
[[17], [19], [18]]
115
[[17], [19], [18], [16]]
66
[[17], [19], [18], [18]]
64
[[17], [19], [18], [19]]
83
[[17], [19], [18], [17]]
57
[[17], [19], [18, 19]]
79
[[17], [19], [18, 19], [19]]
57
[[17], [19], [19]]
123
[[17], [19], [19], [16]]
76
[[17], [19], [19], [18]]
84
[[17], [19], [19], [19]]
90
[[17], [19], [19], [19], [19]]
58
[[17], [19], [19], [15]]
56
[[17], [19], [19], [17]]
66
[[17], [19], [19], [14]]
59
[[17], [19], [19], [10]]
58
[[17], [19], [16]]
110
[[17], [19], [16], [18]]
66
[[17], [19], [16], [19]]
71
[[17], [19], [15]]
81
[[17], [19], [11]]
76
[[17], [19], [9]]
64
[[17], [19], [3]]
72
[[17], [19], [8]]
77
[[17], [19], [14]]
84
[[17], [19], [10]]
79
[[17], [19], [6]]
65
[[17], [19], [12]]
71
[[17], [19], [17]]
91
[[17], [19], [17], [19]]
63
[[17], [19], [17], [18]]
60
[[17], [19], [5]]
71
[[17], [19], [4]]
62
[[17], [19], [7]]
70
[[17], [19], [13]]
71
[[17], [19], [1]]
59
[[17], [19], [0]]
56
[[17], [8]]
100
[[17], [8], [16]]
60
[[17], [8], [18]]
61
[[17], [8], [19]]
70
[[17], [3]]
90
[[17], [3], [19]]
61
[[17], [14]]
106
[[17], [14], [16]]
57
[[17], [14], [18]]
70
[[17], [14], [19]]
69
[[17], [16]]
135
[[17], [16], [16]]
86
[[17], [16], [18]]
91
[[17], [16], [18], [19]]
57
[[17], [16], [18, 19]]
60
[[17], [16], [19]]
99
[[17], [16], [19], [19]]
66
[[17], [16], [19], [18]]
62
[[17], [16], [15]]
60
[[17], [16], [17]]
72
[[17], [16], [8]]
63
[[17], [16], [7]]
65
[[17], [16], [11]]
57
[[17], [16], [14]]
66
[[17], [16], [3]]
59
[[17], [16], [12]]
61
[[17], [16], [10]]
57
[[17], [16, 19]]
72
[[17], [10]]
92
[[17], [10], [19]]
70
[[17], [10], [18]]
63
[[17], [10], [16]]
56
[[17], [6]]
87
[[17], [6], [18]]
56
[[17], [6], [19]]
68
[[17], [6], [16]]
57
[[17], [11]]
100
[[17], [11], [18]]
62
[[17], [11], [19]]
66
[[17], [11], [16]]
56
[[17], [9]]
87
[[17], [9], [19]]
63
[[17], [9], [18]]
56
[[17], [17]]
119
[[17], [17], [18]]
85
[[17], [17], [18], [19]]
59
[[17], [17], [18, 19]]
56
[[17], [17], [16]]
73
[[17], [17], [19]]
88
[[17], [17], [19], [18]]
62
[[17], [17], [19], [19]]
61
[[17], [17], [15]]
67
[[17], [17], [17]]
69
[[17], [17], [14]]
57
[[17], [17, 19]]
64
[[17], [5]]
95
[[17], [5], [19]]
67
[[17], [5], [18]]
64
[[17], [5], [16]]
58
[[17], [12]]
98
[[17], [12], [19]]
58
[[17], [4]]
76
[[17], [13]]
95
[[17], [13], [19]]
69
[[17], [13], [18]]
63
[[17], [7]]
98
[[17], [7], [19]]
60
[[17], [7], [18]]
58
[[17], [1]]
79
[[17], [0]]
74
[[17, 19]]
101
[[17, 19], [19]]
81
[[17, 19], [19], [18]]
64
[[17, 19], [19], [19]]
63
[[17, 19], [19], [16]]
56
[[17, 19], [18]]
75
[[17, 19], [18], [19]]
57
[[17, 19], [17]]
70
[[17, 19], [15]]
63
[[17, 19], [16]]
67
[[17, 18]]
70
[[2]]
109
[[2], [18]]
77
[[2], [18], [19]]
57
[[2], [18, 19]]
58
[[2], [19]]
87
[[2], [19], [18]]
60
[[2], [19], [19]]
61
[[2], [16]]
74
[[2], [17]]
72
[[2], [15]]
71
[[2], [11]]
61
[[2], [12]]
57
[[2], [14]]
58
[[15]]
157
[[15], [8]]
79
[[15], [18]]
111
[[15], [18], [18]]
80
[[15], [18], [16]]
65
[[15], [18], [19]]
82
[[15], [18], [19], [19]]
56
[[15], [18], [17]]
61
[[15], [18, 19]]
77
[[15], [18, 19], [19]]
56
[[15], [19]]
120
[[15], [19], [18]]
83
[[15], [19], [19]]
91
[[15], [19], [19], [19]]
65
[[15], [19], [15]]
64
[[15], [19], [17]]
64
[[15], [19], [16]]
74
[[15], [19], [14]]
61
[[15], [19], [12]]
56
[[15], [19], [7]]
59
[[15], [19], [13]]
57
[[15], [14]]
84
[[15], [14], [19]]
65
[[15], [14], [18]]
57
[[15], [16]]
108
[[15], [16], [18]]
65
[[15], [16], [19]]
75
[[15], [16], [16]]
57
[[15], [15]]
96
[[15], [15], [19]]
61
[[15], [15], [18]]
56
[[15], [9]]
74
[[15], [5]]
72
[[15], [17]]
92
[[15], [17], [19]]
67
[[15], [17], [18]]
61
[[15], [10]]
71
[[15], [11]]
78
[[15], [7]]
87
[[15], [7], [19]]
57
[[15], [12]]
75
[[15], [13]]
71
[[15], [6]]
68
[[15], [4]]
65
[[15], [3]]
63
[[15], [1]]
65
[[15], [0]]
57
[[15], [2]]
57
[[15, 19]]
68
[[18]]
195
[[18], [8]]
106
[[18], [8], [19]]
72
[[18], [8], [18]]
60
[[18], [8], [16]]
62
[[18], [18]]
160
[[18], [18], [14]]
80
[[18], [18], [16]]
104
[[18], [18], [16], [19]]
68
[[18], [18], [18]]
113
[[18], [18], [18], [18]]
68
[[18], [18], [18], [19]]
79
[[18], [18], [18], [17]]
59
[[18], [18], [18], [16]]
62
[[18], [18], [18, 19]]
71
[[18], [18], [19]]
129
[[18], [18], [19], [18]]
78
[[18], [18], [19], [19]]
83
[[18], [18], [19], [17]]
65
[[18], [18], [19], [15]]
58
[[18], [18], [19], [16]]
72
[[18], [18], [19], [7]]
56
[[18], [18], [19], [8]]
57
[[18], [18], [15]]
88
[[18], [18], [8]]
81
[[18], [18], [11]]
71
[[18], [18], [9]]
63
[[18], [18], [3]]
72
[[18], [18], [17]]
91
[[18], [18], [17], [19]]
61
[[18], [18], [17], [17]]
56
[[18], [18], [6]]
64
[[18], [18], [13]]
71
[[18], [18], [5]]
73
[[18], [18], [10]]
74
[[18], [18], [7]]
78
[[18], [18], [12]]
71
[[18], [18], [0]]
60
[[18], [18], [1]]
59
[[18], [18], [4]]
58
[[18], [18, 19]]
116
[[18], [18, 19], [16]]
64
[[18], [18, 19], [18]]
72
[[18], [18, 19], [19]]
82
[[18], [18, 19], [8]]
58
[[18], [18, 19], [17]]
58
[[18], [19]]
165
[[18], [19], [14]]
87
[[18], [19], [14], [19]]
59
[[18], [19], [16]]
115
[[18], [19], [16], [19]]
74
[[18], [19], [16], [18]]
61
[[18], [19], [16], [16]]
57
[[18], [19], [18]]
125
[[18], [19], [18], [18]]
78
[[18], [19], [18], [19]]
90
[[18], [19], [18], [16]]
70
[[18], [19], [18], [15]]
56
[[18], [19], [18], [17]]
64
[[18], [19], [18, 19]]
85
[[18], [19], [18, 19], [19]]
58
[[18], [19], [19]]
131
[[18], [19], [19], [18]]
85
[[18], [19], [19], [18], [19]]
57
[[18], [19], [19], [19]]
97
[[18], [19], [19], [19], [19]]
63
[[18], [19], [19], [19], [18]]
58
[[18], [19], [19], [16]]
78
[[18], [19], [19], [15]]
60
[[18], [19], [19], [17]]
71
[[18], [19], [19], [14]]
57
[[18], [19], [19], [7]]
56
[[18], [19], [19], [10]]
57
[[18], [19], [15]]
89
[[18], [19], [15], [19]]
56
[[18], [19], [6]]
72
[[18], [19], [8]]
85
[[18], [19], [11]]
77
[[18], [19], [9]]
70
[[18], [19], [13]]
77
[[18], [19], [17]]
100
[[18], [19], [17], [19]]
70
[[18], [19], [17], [18]]
64
[[18], [19], [3]]
74
[[18], [19], [5]]
77
[[18], [19], [10]]
87
[[18], [19], [10], [19]]
60
[[18], [19], [7]]
84
[[18], [19], [4]]
70
[[18], [19], [0]]
63
[[18], [19], [2]]
62
[[18], [19], [1]]
70
[[18], [19], [12]]
75
[[18], [3]]
90
[[18], [3], [19]]
63
[[18], [14]]
113
[[18], [14], [16]]
69
[[18], [14], [18]]
79
[[18], [14], [19]]
82
[[18], [14], [19], [19]]
58
[[18], [14], [17]]
59
[[18], [14], [10]]
56
[[18], [16]]
146
[[18], [16], [16]]
89
[[18], [16], [16], [19]]
57
[[18], [16], [18]]
102
[[18], [16], [18], [18]]
61
[[18], [16], [18], [19]]
64
[[18], [16], [18, 19]]
73
[[18], [16], [19]]
109
[[18], [16], [19], [18]]
67
[[18], [16], [19], [19]]
73
[[18], [16], [15]]
70
[[18], [16], [8]]
68
[[18], [16], [12]]
63
[[18], [16], [14]]
71
[[18], [16], [17]]
79
[[18], [16], [10]]
66
[[18], [16], [7]]
71
[[18], [16], [1]]
58
[[18], [16], [11]]
61
[[18], [16], [3]]
61
[[18], [16], [5]]
61
[[18], [16], [13]]
58
[[18], [16, 19]]
74
[[18], [10]]
109
[[18], [10], [18]]
73
[[18], [10], [19]]
81
[[18], [10], [19], [19]]
59
[[18], [10], [17]]
60
[[18], [10], [16]]
68
[[18], [10], [15]]
56
[[18], [15]]
119
[[18], [15], [18]]
77
[[18], [15], [19]]
83
[[18], [15], [16]]
73
[[18], [15], [15]]
64
[[18], [15], [7]]
57
[[18], [15], [17]]
60
[[18], [6]]
92
[[18], [6], [19]]
73
[[18], [6], [18]]
61
[[18], [6], [16]]
59
[[18], [11]]
109
[[18], [11], [18]]
66
[[18], [11], [19]]
74
[[18], [11], [17]]
60
[[18], [11], [16]]
61
[[18], [9]]
97
[[18], [9], [19]]
72
[[18], [9], [19], [19]]
56
[[18], [9], [18]]
68
[[18], [9], [17]]
59
[[18], [9], [16]]
62
[[18], [13]]
100
[[18], [13], [18]]
74
[[18], [13], [19]]
74
[[18], [13], [19], [19]]
58
[[18], [13], [16]]
64
[[18], [5]]
99
[[18], [5], [19]]
66
[[18], [5], [18]]
68
[[18], [5], [16]]
57
[[18], [17]]
134
[[18], [17], [18]]
98
[[18], [17], [18], [19]]
68
[[18], [17], [18, 19]]
64
[[18], [17], [15]]
68
[[18], [17], [19]]
103
[[18], [17], [19], [18]]
66
[[18], [17], [19], [19]]
73
[[18], [17], [19], [16]]
60
[[18], [17], [16]]
88
[[18], [17], [16], [19]]
58
[[18], [17], [17]]
80
[[18], [17], [14]]
67
[[18], [17], [7]]
68
[[18], [17], [8]]
59
[[18], [17], [10]]
60
[[18], [17], [11]]
60
[[18], [17], [12]]
57
[[18], [17, 19]]
69
[[18], [12]]
107
[[18], [12], [19]]
70
[[18], [12], [18]]
63
[[18], [12], [16]]
58
[[18], [1]]
90
[[18], [1], [19]]
65
[[18], [1], [18]]
59
[[18], [4]]
93
[[18], [4], [19]]
66
[[18], [4], [16]]
56
[[18], [4], [18]]
57
[[18], [7]]
108
[[18], [7], [19]]
70
[[18], [7], [18]]
64
[[18], [0]]
89
[[18], [0], [19]]
60
[[18], [2]]
79
[[18], [2], [19]]
59
[[18, 19]]
155
[[18, 19], [8]]
82
[[18, 19], [18]]
115
[[18, 19], [18], [16]]
69
[[18, 19], [18], [18]]
77
[[18, 19], [18], [19]]
84
[[18, 19], [18], [15]]
59
[[18, 19], [18], [17]]
59
[[18, 19], [18, 19]]
74
[[18, 19], [19]]
124
[[18, 19], [19], [18]]
84
[[18, 19], [19], [18], [19]]
57
[[18, 19], [19], [19]]
90
[[18, 19], [19], [19], [19]]
56
[[18, 19], [19], [14]]
58
[[18, 19], [19], [15]]
61
[[18, 19], [19], [16]]
77
[[18, 19], [19], [17]]
66
[[18, 19], [14]]
81
[[18, 19], [16]]
108
[[18, 19], [16], [18]]
65
[[18, 19], [16], [19]]
71
[[18, 19], [15]]
83
[[18, 19], [11]]
74
[[18, 19], [9]]
70
[[18, 19], [17]]
94
[[18, 19], [17], [19]]
70
[[18, 19], [17], [18]]
67
[[18, 19], [17], [16]]
62
[[18, 19], [17], [17]]
58
[[18, 19], [12]]
72
[[18, 19], [6]]
69
[[18, 19], [0]]
69
[[18, 19], [5]]
75
[[18, 19], [13]]
70
[[18, 19], [4]]
64
[[18, 19], [10]]
82
[[18, 19], [7]]
77
[[18, 19], [3]]
68
[[18, 19], [1]]
64
[[18, 19], [2]]
61
[[19]]
201
[[19], [8]]
121
[[19], [8], [16]]
76
[[19], [8], [18]]
74
[[19], [8], [19]]
85
[[19], [8], [17]]
69
[[19], [8], [15]]
61
[[19], [18]]
169
[[19], [18], [14]]
91
[[19], [18], [14], [19]]
61
[[19], [18], [14], [18]]
57
[[19], [18], [16]]
116
[[19], [18], [16], [18]]
66
[[19], [18], [16], [19]]
73
[[19], [18], [16], [16]]
58
[[19], [18], [18]]
132
[[19], [18], [18], [18]]
75
[[19], [18], [18], [19]]
91
[[19], [18], [18], [16]]
72
[[19], [18], [18], [17]]
69
[[19], [18], [18], [15]]
62
[[19], [18], [18], [7]]
56
[[19], [18], [18], [8]]
56
[[19], [18], [18], [14]]
57
[[19], [18], [18, 19]]
87
[[19], [18], [19]]
141
[[19], [18], [19], [18]]
90
[[19], [18], [19], [18, 19]]
57
[[19], [18], [19], [19]]
91
[[19], [18], [19], [19], [19]]
61
[[19], [18], [19], [14]]
65
[[19], [18], [19], [17]]
74
[[19], [18], [19], [15]]
62
[[19], [18], [19], [16]]
78
[[19], [18], [19], [7]]
61
[[19], [18], [19], [13]]
56
[[19], [18], [15]]
95
[[19], [18], [15], [19]]
60
[[19], [18], [8]]
82
[[19], [18], [11]]
83
[[19], [18], [9]]
78
[[19], [18], [17]]
107
[[19], [18], [17], [18]]
68
[[19], [18], [17], [19]]
72
[[19], [18], [17], [17]]
60
[[19], [18], [17], [16]]
58
[[19], [18], [3]]
77
[[19], [18], [13]]
75
[[19], [18], [5]]
75
[[19], [18], [6]]
70
[[19], [18], [12]]
81
[[19], [18], [4]]
72
[[19], [18], [7]]
83
[[19], [18], [10]]
81
[[19], [18], [10], [19]]
56
[[19], [18], [0]]
65
[[19], [18], [1]]
65
[[19], [18], [2]]
56
[[19], [18, 19]]
126
[[19], [18, 19], [14]]
61
[[19], [18, 19], [16]]
75
[[19], [18, 19], [18]]
84
[[19], [18, 19], [19]]
92
[[19], [18, 19], [19], [19]]
58
[[19], [18, 19], [15]]
62
[[19], [18, 19], [17]]
68
[[19], [18, 19], [8]]
59
[[19], [18, 19], [11]]
57
[[19], [18, 19], [10]]
57
[[19], [19]]
177
[[19], [19], [3]]
87
[[19], [19], [3], [19]]
57
[[19], [19], [14]]
103
[[19], [19], [14], [18]]
62
[[19], [19], [14], [19]]
73
[[19], [19], [14], [16]]
56
[[19], [19], [16]]
135
[[19], [19], [16], [18]]
77
[[19], [19], [16], [15]]
61
[[19], [19], [16], [19]]
91
[[19], [19], [16], [17]]
63
[[19], [19], [16], [16]]
70
[[19], [19], [16], [7]]
60
[[19], [19], [16], [14]]
57
[[19], [19], [16, 19]]
59
[[19], [19], [18]]
145
[[19], [19], [18], [15]]
72
[[19], [19], [18], [8]]
62
[[19], [19], [18], [18]]
91
[[19], [19], [18], [18], [19]]
57
[[19], [19], [18], [18, 19]]
59
[[19], [19], [18], [19]]
109
[[19], [19], [18], [19], [19]]
64
[[19], [19], [18], [19], [18]]
60
[[19], [19], [18], [19], [16]]
57
[[19], [19], [18], [16]]
89
[[19], [19], [18], [14]]
64
[[19], [19], [18], [17]]
82
[[19], [19], [18], [11]]
60
[[19], [19], [18], [7]]
58
[[19], [19], [18], [3]]
56
[[19], [19], [18, 19]]
101
[[19], [19], [18, 19], [18]]
58
[[19], [19], [18, 19], [19]]
72
[[19], [19], [19]]
149
[[19], [19], [19], [15]]
76
[[19], [19], [19], [8]]
66
[[19], [19], [19], [18]]
101
[[19], [19], [19], [18], [19]]
71
[[19], [19], [19], [18], [18]]
59
[[19], [19], [19], [18, 19]]
66
[[19], [19], [19], [19]]
112
[[19], [19], [19], [19], [18]]
66
[[19], [19], [19], [19], [19]]
79
[[19], [19], [19], [19], [16]]
58
[[19], [19], [19], [19], [17]]
56
[[19], [19], [19], [16]]
93
[[19], [19], [19], [16], [19]]
60
[[19], [19], [19], [14]]
75
[[19], [19], [19], [17]]
84
[[19], [19], [19], [11]]
64
[[19], [19], [19], [3]]
61
[[19], [19], [19], [10]]
69
[[19], [19], [19], [6]]
56
[[19], [19], [19], [12]]
64
[[19], [19], [19], [13]]
63
[[19], [19], [19], [7]]
65
[[19], [19], [19], [4]]
56
[[19], [19], [19], [9]]
57
[[19], [19], [15]]
107
[[19], [19], [15], [19]]
65
[[19], [19], [15], [16]]
57
[[19], [19], [15], [18]]
56
[[19], [19], [6]]
85
[[19], [19], [6], [19]]
65
[[19], [19], [8]]
97
[[19], [19], [8], [19]]
65
[[19], [19], [11]]
94
[[19], [19], [11], [19]]
63
[[19], [19], [9]]
85
[[19], [19], [9], [19]]
61
[[19], [19], [4]]
83
[[19], [19], [4], [19]]
59
[[19], [19], [13]]
90
[[19], [19], [13], [19]]
66
[[19], [19], [13], [18]]
60
[[19], [19], [13], [16]]
56
[[19], [19], [5]]
86
[[19], [19], [17]]
117
[[19], [19], [17], [18]]
81
[[19], [19], [17], [19]]
85
[[19], [19], [17], [19], [19]]
56
[[19], [19], [17], [16]]
69
[[19], [19], [17], [17]]
66
[[19], [19], [17], [15]]
60
[[19], [19], [17, 19]]
60
[[19], [19], [12]]
87
[[19], [19], [10]]
94
[[19], [19], [10], [19]]
63
[[19], [19], [7]]
94
[[19], [19], [7], [19]]
59
[[19], [19], [0]]
70
[[19], [19], [2]]
72
[[19], [19], [1]]
81
[[19], [3]]
108
[[19], [3], [16]]
67
[[19], [3], [18]]
65
[[19], [3], [19]]
81
[[19], [3], [17]]
59
[[19], [14]]
130
[[19], [14], [18]]
86
[[19], [14], [18], [19]]
57
[[19], [14], [18, 19]]
59
[[19], [14], [19]]
96
[[19], [14], [19], [19]]
68
[[19], [14], [19], [18]]
60
[[19], [14], [17]]
71
[[19], [14], [16]]
79
[[19], [14], [11]]
61
[[19], [14], [7]]
56
[[19], [14], [10]]
57
[[19], [16]]
162
[[19], [16], [16]]
98
[[19], [16], [16], [19]]
67
[[19], [16], [16], [18]]
56
[[19], [16], [18]]
109
[[19], [16], [18], [18]]
70
[[19], [16], [18], [19]]
74
[[19], [16], [18, 19]]
77
[[19], [16], [19]]
122
[[19], [16], [19], [18]]
79
[[19], [16], [19], [19]]
83
[[19], [16], [19], [15]]
57
[[19], [16], [19], [17]]
58
[[19], [16], [19], [16]]
57
[[19], [16], [15]]
86
[[19], [16], [6]]
64
[[19], [16], [8]]
80
[[19], [16], [11]]
70
[[19], [16], [9]]
69
[[19], [16], [14]]
78
[[19], [16], [17]]
92
[[19], [16], [17], [19]]
63
[[19], [16], [17], [18]]
57
[[19], [16], [12]]
73
[[19], [16], [13]]
72
[[19], [16], [10]]
69
[[19], [16], [4]]
63
[[19], [16], [5]]
69
[[19], [16], [7]]
77
[[19], [16], [3]]
72
[[19], [16], [1]]
64
[[19], [16], [2]]
61
[[19], [16], [0]]
56
[[19], [16, 19]]
81
[[19], [16, 19], [19]]
59
[[19], [16, 18]]
58
[[19], [10]]
119
[[19], [10], [18]]
81
[[19], [10], [19]]
86
[[19], [10], [19], [19]]
63
[[19], [10], [17]]
68
[[19], [10], [15]]
60
[[19], [10], [16]]
71
[[19], [10], [7]]
59
[[19], [15]]
132
[[19], [15], [8]]
66
[[19], [15], [18]]
90
[[19], [15], [18], [19]]
62
[[19], [15], [18], [18]]
63
[[19], [15], [18, 19]]
59
[[19], [15], [19]]
95
[[19], [15], [19], [18]]
64
[[19], [15], [19], [19]]
68
[[19], [15], [15]]
77
[[19], [15], [16]]
87
[[19], [15], [16], [19]]
57
[[19], [15], [14]]
64
[[19], [15], [17]]
74
[[19], [15], [11]]
65
[[19], [15], [7]]
73
[[19], [15], [9]]
60
[[19], [15], [12]]
57
[[19], [15], [5]]
57
[[19], [6]]
103
[[19], [6], [18]]
70
[[19], [6], [19]]
83
[[19], [6], [19], [19]]
58
[[19], [6], [16]]
71
[[19], [6], [15]]
58
[[19], [11]]
119
[[19], [11], [16]]
73
[[19], [11], [18]]
77
[[19], [11], [18], [19]]
57
[[19], [11], [19]]
83
[[19], [11], [19], [19]]
57
[[19], [11], [17]]
69
[[19], [11], [14]]
58
[[19], [11], [11]]
59
[[19], [11], [15]]
62
[[19], [7]]
117
[[19], [7], [19]]
77
[[19], [7], [18]]
71
[[19], [7], [17]]
61
[[19], [7], [15]]
63
[[19], [7], [16]]
61
[[19], [9]]
111
[[19], [9], [19]]
83
[[19], [9], [19], [19]]
61
[[19], [9], [19], [18]]
58
[[19], [9], [18]]
77
[[19], [9], [18, 19]]
57
[[19], [9], [17]]
69
[[19], [9], [16]]
70
[[19], [9], [15]]
57
[[19], [17]]
148
[[19], [17], [19]]
114
[[19], [17], [19], [18]]
78
[[19], [17], [19], [19]]
84
[[19], [17], [19], [16]]
72
[[19], [17], [19], [17]]
60
[[19], [17], [18]]
113
[[19], [17], [18], [16]]
63
[[19], [17], [18], [18]]
66
[[19], [17], [18], [19]]
77
[[19], [17], [18], [17]]
59
[[19], [17], [18, 19]]
73
[[19], [17], [16]]
104
[[19], [17], [16], [18]]
64
[[19], [17], [16], [19]]
67
[[19], [17], [16], [16]]
59
[[19], [17], [17]]
96
[[19], [17], [17], [19]]
65
[[19], [17], [14]]
81
[[19], [17], [15]]
83
[[19], [17], [6]]
68
[[19], [17], [5]]
65
[[19], [17], [12]]
68
[[19], [17], [11]]
73
[[19], [17], [7]]
78
[[19], [17], [3]]
63
[[19], [17], [9]]
65
[[19], [17], [8]]
69
[[19], [17], [10]]
67
[[19], [17], [13]]
65
[[19], [17], [4]]
58
[[19], [17], [2]]
56
[[19], [17, 19]]
79
[[19], [17, 19], [19]]
57
[[19], [17, 18]]
58
[[19], [4]]
102
[[19], [4], [19]]
76
[[19], [4], [18]]
67
[[19], [4], [16]]
65
[[19], [4], [17]]
59
[[19], [5]]
115
[[19], [5], [17]]
60
[[19], [5], [19]]
80
[[19], [5], [19], [19]]
63
[[19], [5], [19], [18]]
59
[[19], [5], [18]]
79
[[19], [5], [18], [19]]
56
[[19], [5], [16]]
70
[[19], [5], [15]]
59
[[19], [12]]
119
[[19], [12], [19]]
77
[[19], [12], [19], [19]]
57
[[19], [12], [18]]
73
[[19], [12], [16]]
68
[[19], [12], [17]]
56
[[19], [12], [11]]
56
[[19], [13]]
114
[[19], [13], [16]]
76
[[19], [13], [18]]
86
[[19], [13], [18], [19]]
64
[[19], [13], [18], [18]]
59
[[19], [13], [18, 19]]
61
[[19], [13], [19]]
91
[[19], [13], [19], [18]]
65
[[19], [13], [19], [19]]
66
[[19], [13], [17]]
62
[[19], [13], [15]]
65
[[19], [13], [7]]
60
[[19], [13], [14]]
60
[[19], [13], [13]]
57
[[19], [13], [11]]
56
[[19], [13], [10]]
57
[[19], [2]]
90
[[19], [2], [18]]
61
[[19], [2], [16]]
58
[[19], [2], [19]]
68
[[19], [0]]
105
[[19], [0], [18]]
72
[[19], [0], [18], [19]]
57
[[19], [0], [19]]
77
[[19], [0], [19], [19]]
58
[[19], [0], [16]]
66
[[19], [0], [17]]
61
[[19], [1]]
104
[[19], [1], [19]]
74
[[19], [1], [18]]
69
[[19], [1], [16]]
60
[[19], [1], [17]]
57
[[8]]
145
[[8], [16]]
98
[[8], [16], [19]]
64
[[8], [16], [18]]
58
[[8], [18]]
100
[[8], [18], [18]]
68
[[8], [18], [16]]
63
[[8], [18], [19]]
75
[[8], [18], [17]]
56
[[8], [18, 19]]
72
[[8], [19]]
111
[[8], [19], [18]]
77
[[8], [19], [19]]
76
[[8], [19], [19], [19]]
59
[[8], [19], [16]]
75
[[8], [19], [17]]
60
[[8], [19], [15]]
57
[[8], [8]]
66
[[8], [17]]
89
[[8], [17], [19]]
63
[[8], [17], [18]]
59
[[8], [14]]
74
[[8], [15]]
81
[[8], [9]]
67
[[8], [5]]
63
[[8], [13]]
61
[[8], [3]]
60
[[8], [11]]
73
[[8], [7]]
67
[[8], [12]]
61
[[8], [10]]
62
[[8], [2]]
57
[[8], [6]]
58
[[8], [1]]
56
[[3]]
122
[[3], [16]]
79
[[3], [18]]
81
[[3], [18], [19]]
58
[[3], [18, 19]]
63
[[3], [19]]
94
[[3], [19], [18]]
60
[[3], [19], [19]]
61
[[3], [19], [16]]
57
[[3], [8]]
60
[[3], [15]]
62
[[3], [17]]
70
[[3], [11]]
62
[[3], [12]]
62
[[3], [14]]
59
[[14]]
152
[[14], [16]]
107
[[14], [16], [19]]
75
[[14], [16], [18]]
68
[[14], [16], [16]]
59
[[14], [18]]
117
[[14], [18], [18]]
76
[[14], [18], [19]]
89
[[14], [18], [19], [19]]
59
[[14], [18], [19], [18]]
56
[[14], [18], [16]]
71
[[14], [18], [17]]
69
[[14], [18], [14]]
56
[[14], [18, 19]]
87
[[14], [18, 19], [19]]
63
[[14], [18, 19], [18]]
56
[[14], [19]]
123
[[14], [19], [18]]
94
[[14], [19], [18], [19]]
66
[[14], [19], [18, 19]]
62
[[14], [19], [19]]
101
[[14], [19], [19], [18]]
66
[[14], [19], [19], [16]]
62
[[14], [19], [19], [19]]
72
[[14], [19], [19], [17]]
58
[[14], [19], [15]]
62
[[14], [19], [16]]
82
[[14], [19], [17]]
69
[[14], [19], [13]]
66
[[14], [19], [3]]
56
[[14], [19], [11]]
59
[[14], [19], [14]]
61
[[14], [19], [8]]
60
[[14], [19], [7]]
56
[[14], [19], [10]]
58
[[14], [19], [4]]
56
[[14], [19], [1]]
56
[[14], [15]]
77
[[14], [17]]
99
[[14], [17], [18]]
72
[[14], [17], [19]]
73
[[14], [17], [16]]
61
[[14], [17], [17]]
58
[[14], [8]]
80
[[14], [14]]
89
[[14], [14], [19]]
66
[[14], [14], [18]]
62
[[14], [3]]
70
[[14], [13]]
79
[[14], [13], [19]]
57
[[14], [9]]
71
[[14], [11]]
75
[[14], [6]]
71
[[14], [7]]
79
[[14], [4]]
66
[[14], [10]]
78
[[14], [5]]
71
[[14], [2]]
62
[[14], [1]]
69
[[14], [12]]
75
[[14], [0]]
63
[[16]]
182
[[16], [16]]
131
[[16], [16], [18]]
86
[[16], [16], [18], [19]]
56
[[16], [16], [18, 19]]
60
[[16], [16], [19]]
94
[[16], [16], [19], [19]]
59
[[16], [16], [16]]
78
[[16], [16], [15]]
63
[[16], [16], [8]]
62
[[16], [16], [17]]
67
[[16], [16], [11]]
57
[[16], [16], [14]]
60
[[16], [16], [7]]
63
[[16], [16], [12]]
56
[[16], [16], [10]]
57
[[16], [16, 19]]
58
[[16], [18]]
136
[[16], [18], [18]]
97
[[16], [18], [18], [19]]
66
[[16], [18], [18], [18]]
57
[[16], [18], [18, 19]]
59
[[16], [18], [19]]
104
[[16], [18], [19], [19]]
65
[[16], [18], [19], [18]]
65
[[16], [18], [19], [16]]
56
[[16], [18], [16]]
87
[[16], [18], [17]]
74
[[16], [18], [15]]
67
[[16], [18], [14]]
67
[[16], [18], [5]]
59
[[16], [18], [11]]
57
[[16], [18], [8]]
62
[[16], [18], [12]]
60
[[16], [18], [7]]
64
[[16], [18], [10]]
58
[[16], [18, 19]]
101
[[16], [18, 19], [18]]
67
[[16], [18, 19], [19]]
70
[[16], [19]]
148
[[16], [19], [15]]
75
[[16], [19], [8]]
70
[[16], [19], [11]]
67
[[16], [19], [18]]
109
[[16], [19], [18], [18]]
64
[[16], [19], [18], [19]]
71
[[16], [19], [18], [16]]
56
[[16], [19], [18, 19]]
75
[[16], [19], [19]]
113
[[16], [19], [19], [18]]
73
[[16], [19], [19], [17]]
60
[[16], [19], [19], [19]]
83
[[16], [19], [19], [16]]
64
[[16], [19], [19], [8]]
57
[[16], [19], [19], [14]]
56
[[16], [19], [16]]
95
[[16], [19], [16], [19]]
60
[[16], [19], [4]]
58
[[16], [19], [3]]
59
[[16], [19], [17]]
86
[[16], [19], [17], [19]]
60
[[16], [19], [17], [18]]
57
[[16], [19], [14]]
78
[[16], [19], [13]]
66
[[16], [19], [5]]
62
[[16], [19], [10]]
72
[[16], [19], [9]]
61
[[16], [19], [6]]
56
[[16], [19], [7]]
69
[[16], [19], [0]]
58
[[16], [19], [12]]
67
[[16], [19], [1]]
58
[[16], [10]]
92
[[16], [10], [19]]
66
[[16], [10], [18]]
62
[[16], [15]]
100
[[16], [15], [19]]
60
[[16], [15], [18]]
58
[[16], [15], [16]]
56
[[16], [6]]
79
[[16], [6], [19]]
60
[[16], [8]]
98
[[16], [8], [19]]
67
[[16], [11]]
92
[[16], [11], [19]]
58
[[16], [9]]
85
[[16], [9], [19]]
63
[[16], [9], [18]]
57
[[16], [14]]
106
[[16], [14], [19]]
74
[[16], [14], [18]]
69
[[16], [14], [16]]
57
[[16], [13]]
89
[[16], [13], [19]]
66
[[16], [13], [18]]
59
[[16], [4]]
78
[[16], [4], [19]]
57
[[16], [5]]
89
[[16], [5], [19]]
58
[[16], [5], [18]]
56
[[16], [17]]
117
[[16], [17], [18]]
83
[[16], [17], [19]]
87
[[16], [17], [19], [19]]
61
[[16], [17], [19], [18]]
61
[[16], [17], [16]]
66
[[16], [17], [17]]
66
[[16], [17], [15]]
57
[[16], [17], [7]]
56
[[16], [0]]
78
[[16], [12]]
94
[[16], [12], [19]]
56
[[16], [3]]
89
[[16], [3], [19]]
62
[[16], [1]]
81
[[16], [7]]
97
[[16], [7], [19]]
62
[[16], [2]]
68
[[16, 18]]
70
[[16, 19]]
103
[[16, 19], [18]]
76
[[16, 19], [18, 19]]
57
[[16, 19], [19]]
84
[[16, 19], [19], [18]]
59
[[16, 19], [19], [19]]
60
[[16, 19], [16]]
74
[[16, 19], [17]]
70
[[16, 19], [8]]
57
[[16, 19], [12]]
56
[[16, 17]]
59
[[10]]
141
[[10], [8]]
67
[[10], [11]]
70
[[10], [18]]
106
[[10], [18], [19]]
75
[[10], [18], [18]]
63
[[10], [18], [16]]
58
[[10], [18, 19]]
73
[[10], [19]]
107
[[10], [19], [19]]
84
[[10], [19], [19], [19]]
57
[[10], [19], [18]]
74
[[10], [19], [17]]
65
[[10], [19], [16]]
65
[[10], [19], [15]]
59
[[10], [7]]
75
[[10], [15]]
80
[[10], [16]]
91
[[10], [16], [19]]
70
[[10], [16], [18]]
58
[[10], [12]]
71
[[10], [17]]
88
[[10], [17], [19]]
63
[[10], [14]]
70
[[10], [10]]
69
[[10], [5]]
59
[[10], [9]]
58
[[10], [4]]
57
[[10], [13]]
61
[[10], [0]]
58
[[10], [3]]
58
[[6]]
125
[[6], [18]]
95
[[6], [18], [16]]
60
[[6], [18], [19]]
76
[[6], [18], [18]]
66
[[6], [18, 19]]
75
[[6], [19]]
104
[[6], [19], [16]]
67
[[6], [19], [19]]
78
[[6], [19], [18]]
71
[[6], [9]]
57
[[6], [15]]
73
[[6], [16]]
89
[[6], [16], [19]]
63
[[6], [5]]
63
[[6], [17]]
73
[[6], [12]]
68
[[6], [8]]
64
[[6], [3]]
58
[[6], [11]]
62
[[6], [14]]
61
[[6], [7]]
61
[[6], [10]]
57
[[7]]
137
[[7], [16]]
78
[[7], [19]]
101
[[7], [19], [18]]
72
[[7], [19], [19]]
76
[[7], [19], [16]]
59
[[7], [11]]
68
[[7], [14]]
71
[[7], [18]]
96
[[7], [18], [18]]
63
[[7], [18], [19]]
66
[[7], [18, 19]]
67
[[7], [17]]
77
[[7], [15]]
78
[[7], [8]]
62
[[7], [5]]
56
[[7], [7]]
65
[[7], [12]]
64
[[7], [9]]
57
[[7], [1]]
57
[[7], [13]]
60
[[7], [4]]
60
[[9]]
128
[[9], [16]]
87
[[9], [16], [19]]
66
[[9], [16], [18]]
56
[[9], [19]]
102
[[9], [19], [19]]
88
[[9], [19], [19], [19]]
62
[[9], [19], [18]]
80
[[9], [19], [17]]
64
[[9], [19], [14]]
60
[[9], [19], [16]]
70
[[9], [11]]
66
[[9], [18]]
100
[[9], [18], [18]]
68
[[9], [18], [16]]
62
[[9], [18], [19]]
79
[[9], [18], [17]]
60
[[9], [18, 19]]
77
[[9], [18, 19], [19]]
58
[[9], [14]]
76
[[9], [14], [19]]
60
[[9], [15]]
71
[[9], [17]]
86
[[9], [17], [19]]
58
[[9], [8]]
64
[[9], [3]]
58
[[9], [9]]
62
[[9], [13]]
58
[[9], [6]]
60
[[9], [7]]
62
[[9], [4]]
59
[[9], [12]]
61
[[9], [10]]
59
[[9], [1]]
59
[[12]]
150
[[12], [17]]
81
[[12], [17], [19]]
58
[[12], [17], [18]]
56
[[12], [19]]
108
[[12], [19], [19]]
86
[[12], [19], [19], [19]]
63
[[12], [19], [19], [18]]
56
[[12], [19], [18]]
81
[[12], [19], [18, 19]]
57
[[12], [19], [17]]
65
[[12], [19], [15]]
61
[[12], [19], [16]]
67
[[12], [19], [10]]
57
[[12], [19], [13]]
56
[[12], [19], [11]]
56
[[12], [5]]
70
[[12], [18]]
101
[[12], [18], [18]]
70
[[12], [18], [19]]
77
[[12], [18], [16]]
61
[[12], [18, 19]]
75
[[12], [14]]
74
[[12], [16]]
94
[[12], [16], [19]]
66
[[12], [16], [18]]
61
[[12], [11]]
77
[[12], [8]]
74
[[12], [15]]
74
[[12], [10]]
71
[[12], [12]]
69
[[12], [7]]
70
[[12], [9]]
63
[[12], [6]]
56
[[12], [1]]
63
[[12], [4]]
60
[[12], [13]]
64
[[12], [3]]
61
[[4]]
119
[[4], [17]]
76
[[4], [17], [19]]
57
[[4], [19]]
95
[[4], [19], [18]]
63
[[4], [19], [19]]
69
[[4], [19], [17]]
61
[[4], [19], [16]]
63
[[4], [18]]
88
[[4], [18], [18]]
63
[[4], [18], [19]]
65
[[4], [18], [16]]
57
[[4], [18, 19]]
61
[[4], [16]]
81
[[4], [16], [19]]
57
[[4], [15]]
73
[[4], [14]]
62
[[4], [8]]
61
[[4], [11]]
60
[[4], [10]]
66
[[4], [7]]
59
[[4], [12]]
57
[[13]]
133
[[13], [16]]
90
[[13], [16], [19]]
66
[[13], [16], [18]]
58
[[13], [18]]
104
[[13], [18], [18]]
77
[[13], [18], [19]]
84
[[13], [18], [19], [19]]
58
[[13], [18], [19], [18]]
57
[[13], [18], [16]]
69
[[13], [18], [15]]
56
[[13], [18, 19]]
80
[[13], [18, 19], [19]]
59
[[13], [19]]
107
[[13], [19], [18]]
86
[[13], [19], [18], [19]]
57
[[13], [19], [18, 19]]
60
[[13], [19], [19]]
89
[[13], [19], [19], [19]]
63
[[13], [19], [19], [18]]
58
[[13], [19], [14]]
58
[[13], [19], [16]]
68
[[13], [19], [17]]
56
[[13], [19], [15]]
56
[[13], [19], [13]]
57
[[13], [15]]
78
[[13], [8]]
71
[[13], [8], [19]]
56
[[13], [14]]
74
[[13], [17]]
74
[[13], [17], [19]]
62
[[13], [17], [18]]
58
[[13], [13]]
76
[[13], [13], [19]]
56
[[13], [11]]
72
[[13], [3]]
64
[[13], [9]]
63
[[13], [10]]
65
[[13], [7]]
71
[[13], [12]]
70
[[13], [1]]
59
[[13], [5]]
62
[[13], [0]]
56
[[0]]
122
[[0], [18]]
87
[[0], [18], [18]]
61
[[0], [18], [19]]
70
[[0], [18, 19]]
69
[[0], [17]]
75
[[0], [17], [19]]
59
[[0], [19]]
91
[[0], [19], [18]]
68
[[0], [19], [19]]
75
[[0], [19], [16]]
62
[[0], [16]]
79
[[0], [16], [19]]
59
[[0], [11]]
65
[[0], [15]]
71
[[0], [7]]
65
[[0], [3]]
58
[[0], [14]]
64
[[0], [10]]
58
[[0], [6]]
57
[[0], [12]]
58
[[1]]
119
[[1], [18]]
84
[[1], [18], [18]]
59
[[1], [18], [19]]
65
[[1], [18, 19]]
64
[[1], [17]]
71
[[1], [19]]
92
[[1], [19], [18]]
60
[[1], [19], [19]]
67
[[1], [16]]
74
[[1], [15]]
64
[[1], [14]]
60
[[1], [12]]
62
[[1], [11]]
64
[[1], [7]]
60
[[1], [10]]
58
[[1], [8]]
56
