[[5]]
86
[[5], [17]]
56
[[5], [17], [18]]
40
[[5], [17], [19]]
42
[[5], [15]]
55
[[5], [15], [19]]
35
[[5], [18]]
63
[[5], [18], [18]]
46
[[5], [18], [18], [19]]
37
[[5], [18], [19]]
48
[[5], [18], [16]]
37
[[5], [18], [15]]
39
[[5], [18], [17]]
36
[[5], [18, 19]]
42
[[5], [18, 19], [19]]
36
[[5], [19]]
63
[[5], [19], [18]]
47
[[5], [19], [18], [18]]
35
[[5], [19], [18], [19]]
38
[[5], [19], [18, 19]]
35
[[5], [19], [19]]
50
[[5], [19], [19], [18]]
38
[[5], [19], [19], [19]]
40
[[5], [19], [16]]
39
[[5], [19], [15]]
43
[[5], [19], [11]]
35
[[5], [19], [17]]
38
[[5], [8]]
44
[[5], [3]]
36
[[5], [14]]
41
[[5], [16]]
57
[[5], [16], [19]]
42
[[5], [16], [18]]
35
[[5], [10]]
44
[[5], [6]]
37
[[5], [11]]
45
[[5], [9]]
42
[[5], [5]]
41
[[5], [13]]
36
[[5], [12]]
43
[[5], [4]]
37
[[5], [7]]
44
[[11]]
95
[[11], [17]]
56
[[11], [17], [18]]
41
[[11], [17], [19]]
40
[[11], [15]]
49
[[11], [18]]
67
[[11], [18], [18]]
48
[[11], [18], [19]]
45
[[11], [18], [16]]
38
[[11], [18], [17]]
36
[[11], [18], [15]]
37
[[11], [18, 19]]
42
[[11], [19]]
68
[[11], [19], [18]]
54
[[11], [19], [19]]
50
[[11], [19], [19], [18]]
35
[[11], [19], [17]]
44
[[11], [19], [16]]
44
[[11], [19], [15]]
40
[[11], [8]]
44
[[11], [14]]
44
[[11], [16]]
60
[[11], [16], [18]]
38
[[11], [16], [19]]
37
[[11], [16], [17]]
35
[[11], [7]]
43
[[11], [9]]
42
[[11], [12]]
44
[[11], [11]]
44
[[11], [5]]
39
[[11], [10]]
44
[[11], [3]]
36
[[11], [1]]
37
[[11], [13]]
35
[[11], [4]]
35
[[17]]
111
[[17], [2]]
46
[[17], [15]]
71
[[17], [15], [18]]
43
[[17], [15], [19]]
45
[[17], [15], [16]]
43
[[17], [15], [15]]
36
[[17], [15], [17]]
35
[[17], [15], [11]]
35
[[17], [18]]
85
[[17], [18], [8]]
40
[[17], [18], [18]]
63
[[17], [18], [18], [18]]
38
[[17], [18], [18], [19]]
41
[[17], [18], [18, 19]]
38
[[17], [18], [19]]
65
[[17], [18], [19], [18]]
45
[[17], [18], [19], [19]]
40
[[17], [18], [19], [17]]
38
[[17], [18], [14]]
46
[[17], [18], [16]]
59
[[17], [18], [16], [18]]
37
[[17], [18], [16], [19]]
36
[[17], [18], [11]]
38
[[17], [18], [12]]
37
[[17], [18], [15]]
46
[[17], [18], [6]]
37
[[17], [18], [17]]
51
[[17], [18], [5]]
36
[[17], [18], [7]]
39
[[17], [18], [10]]
40
[[17], [18, 19]]
58
[[17], [18, 19], [18]]
48
[[17], [18, 19], [16]]
38
[[17], [18, 19], [19]]
42
[[17], [19]]
89
[[17], [19], [18]]
69
[[17], [19], [18], [16]]
43
[[17], [19], [18], [18]]
42
[[17], [19], [18], [19]]
49
[[17], [19], [18], [17]]
39
[[17], [19], [18], [15]]
35
[[17], [19], [18, 19]]
46
[[17], [19], [18, 19], [18]]
37
[[17], [19], [19]]
70
[[17], [19], [19], [16]]
45
[[17], [19], [19], [18]]
52
[[17], [19], [19], [19]]
53
[[17], [19], [19], [19], [18]]
35
[[17], [19], [19], [19], [19]]
35
[[17], [19], [19], [15]]
40
[[17], [19], [19], [11]]
38
[[17], [19], [19], [17]]
44
[[17], [19], [19], [14]]
37
[[17], [19], [19], [10]]
37
[[17], [19], [16]]
67
[[17], [19], [16], [18]]
42
[[17], [19], [16], [19]]
44
[[17], [19], [15]]
53
[[17], [19], [11]]
51
[[17], [19], [9]]
39
[[17], [19], [3]]
41
[[17], [19], [8]]
45
[[17], [19], [14]]
50
[[17], [19], [10]]
52
[[17], [19], [6]]
40
[[17], [19], [12]]
41
[[17], [19], [17]]
60
[[17], [19], [17], [19]]
36
[[17], [19], [17], [18]]
35
[[17], [19], [5]]
40
[[17], [19], [4]]
38
[[17], [19], [7]]
42
[[17], [19], [13]]
40
[[17], [8]]
59
[[17], [8], [16]]
41
[[17], [8], [18]]
36
[[17], [8], [19]]
41
[[17], [8], [17]]
35
[[17], [3]]
54
[[17], [3], [19]]
35
[[17], [14]]
61
[[17], [14], [16]]
35
[[17], [14], [18]]
40
[[17], [14], [19]]
39
[[17], [14], [17]]
37
[[17], [16]]
83
[[17], [16], [16]]
50
[[17], [16], [18]]
55
[[17], [16], [19]]
58
[[17], [16], [19], [19]]
37
[[17], [16], [19], [18]]
37
[[17], [16], [15]]
40
[[17], [16], [17]]
46
[[17], [16], [8]]
37
[[17], [16], [7]]
38
[[17], [16], [10]]
36
[[17], [16], [11]]
36
[[17], [16], [14]]
38
[[17], [16, 19]]
43
[[17], [10]]
57
[[17], [10], [19]]
39
[[17], [10], [18]]
39
[[17], [10], [17]]
36
[[17], [6]]
55
[[17], [6], [18]]
35
[[17], [6], [19]]
43
[[17], [6], [16]]
36
[[17], [11]]
63
[[17], [11], [18]]
40
[[17], [11], [19]]
41
[[17], [11], [16]]
35
[[17], [9]]
51
[[17], [9], [19]]
40
[[17], [17]]
78
[[17], [17], [18]]
53
[[17], [17], [18], [19]]
35
[[17], [17], [16]]
50
[[17], [17], [19]]
54
[[17], [17], [19], [18]]
39
[[17], [17], [15]]
42
[[17], [17], [17]]
40
[[17], [17], [7]]
37
[[17], [17], [10]]
37
[[17], [17], [14]]
37
[[17], [17], [11]]
35
[[17], [17, 19]]
38
[[17], [5]]
58
[[17], [5], [19]]
39
[[17], [5], [18]]
39
[[17], [5], [16]]
38
[[17], [12]]
59
[[17], [12], [19]]
37
[[17], [12], [18]]
35
[[17], [4]]
46
[[17], [13]]
54
[[17], [13], [19]]
36
[[17], [7]]
60
[[17], [7], [19]]
36
[[17], [7], [18]]
36
[[17], [1]]
46
[[17], [0]]
42
[[17, 19]]
61
[[17, 19], [19]]
49
[[17, 19], [19], [18]]
38
[[17, 19], [18]]
46
[[17, 19], [17]]
43
[[17, 19], [15]]
39
[[17, 19], [16]]
42
[[17, 18]]
41
[[2]]
66
[[2], [18]]
48
[[2], [18], [19]]
36
[[2], [19]]
56
[[2], [19], [18]]
39
[[2], [19], [19]]
37
[[2], [19], [17]]
35
[[2], [16]]
43
[[2], [17]]
48
[[2], [15]]
40
[[2], [11]]
40
[[15]]
95
[[15], [8]]
50
[[15], [18]]
68
[[15], [18], [18]]
49
[[15], [18], [16]]
39
[[15], [18], [19]]
48
[[15], [18], [17]]
38
[[15], [18], [15]]
37
[[15], [18, 19]]
44
[[15], [19]]
71
[[15], [19], [18]]
52
[[15], [19], [19]]
52
[[15], [19], [19], [19]]
41
[[15], [19], [15]]
42
[[15], [19], [17]]
42
[[15], [19], [16]]
40
[[15], [19], [14]]
36
[[15], [19], [10]]
35
[[15], [14]]
50
[[15], [14], [19]]
38
[[15], [16]]
62
[[15], [16], [18]]
40
[[15], [16], [19]]
48
[[15], [15]]
58
[[15], [9]]
45
[[15], [9], [19]]
36
[[15], [5]]
41
[[15], [17]]
54
[[15], [17], [19]]
39
[[15], [10]]
45
[[15], [11]]
47
[[15], [7]]
52
[[15], [12]]
47
[[15], [13]]
40
[[15], [6]]
42
[[15], [4]]
39
[[15], [3]]
35
[[15], [1]]
38
[[15, 19]]
39
[[18]]
119
[[18], [8]]
63
[[18], [8], [19]]
42
[[18], [8], [18]]
37
[[18], [8], [16]]
38
[[18], [18]]
100
[[18], [18], [14]]
49
[[18], [18], [16]]
60
[[18], [18], [16], [19]]
37
[[18], [18], [18]]
71
[[18], [18], [18], [18]]
39
[[18], [18], [18], [19]]
45
[[18], [18], [18], [17]]
38
[[18], [18], [18], [16]]
36
[[18], [18], [18, 19]]
41
[[18], [18], [19]]
76
[[18], [18], [19], [18]]
45
[[18], [18], [19], [19]]
47
[[18], [18], [19], [17]]
42
[[18], [18], [19], [15]]
38
[[18], [18], [19], [16]]
36
[[18], [18], [15]]
55
[[18], [18], [8]]
50
[[18], [18], [11]]
43
[[18], [18], [9]]
36
[[18], [18], [3]]
39
[[18], [18], [17]]
59
[[18], [18], [6]]
39
[[18], [18], [13]]
40
[[18], [18], [5]]
39
[[18], [18], [10]]
45
[[18], [18], [7]]
41
[[18], [18], [12]]
40
[[18], [18], [0]]
38
[[18], [18, 19]]
67
[[18], [18, 19], [16]]
36
[[18], [18, 19], [18]]
49
[[18], [18, 19], [19]]
48
[[18], [18, 19], [8]]
35
[[18], [18, 19], [14]]
36
[[18], [18, 19], [17]]
37
[[18], [18, 19], [15]]
36
[[18], [19]]
96
[[18], [19], [14]]
53
[[18], [19], [16]]
63
[[18], [19], [16], [19]]
41
[[18], [19], [16], [18]]
35
[[18], [19], [18]]
77
[[18], [19], [18], [18]]
47
[[18], [19], [18], [19]]
54
[[18], [19], [18], [16]]
41
[[18], [19], [18], [15]]
36
[[18], [19], [18], [8]]
35
[[18], [19], [18], [17]]
42
[[18], [19], [18, 19]]
48
[[18], [19], [18, 19], [19]]
36
[[18], [19], [19]]
76
[[18], [19], [19], [18]]
52
[[18], [19], [19], [19]]
58
[[18], [19], [19], [19], [19]]
36
[[18], [19], [19], [16]]
43
[[18], [19], [19], [15]]
41
[[18], [19], [19], [17]]
47
[[18], [19], [19], [14]]
37
[[18], [19], [15]]
55
[[18], [19], [6]]
42
[[18], [19], [8]]
50
[[18], [19], [11]]
49
[[18], [19], [9]]
40
[[18], [19], [13]]
42
[[18], [19], [17]]
62
[[18], [19], [17], [19]]
37
[[18], [19], [17], [18]]
36
[[18], [19], [3]]
42
[[18], [19], [5]]
41
[[18], [19], [10]]
52
[[18], [19], [7]]
46
[[18], [19], [4]]
38
[[18], [19], [0]]
40
[[18], [19], [2]]
37
[[18], [19], [1]]
39
[[18], [19], [12]]
38
[[18], [3]]
51
[[18], [3], [19]]
35
[[18], [14]]
67
[[18], [14], [16]]
42
[[18], [14], [18]]
48
[[18], [14], [19]]
46
[[18], [14], [19], [19]]
36
[[18], [14], [17]]
39
[[18], [14], [10]]
36
[[18], [16]]
89
[[18], [16], [16]]
49
[[18], [16], [18]]
64
[[18], [16], [18], [18]]
40
[[18], [16], [18], [19]]
41
[[18], [16], [18, 19]]
43
[[18], [16], [19]]
63
[[18], [16], [19], [18]]
43
[[18], [16], [19], [19]]
45
[[18], [16], [15]]
44
[[18], [16], [8]]
42
[[18], [16], [12]]
35
[[18], [16], [14]]
44
[[18], [16], [17]]
52
[[18], [16], [10]]
40
[[18], [16], [7]]
39
[[18], [16], [1]]
36
[[18], [16], [11]]
37
[[18], [16, 19]]
46
[[18], [10]]
64
[[18], [10], [18]]
40
[[18], [10], [19]]
43
[[18], [10], [17]]
39
[[18], [15]]
70
[[18], [15], [18]]
45
[[18], [15], [19]]
46
[[18], [15], [8]]
35
[[18], [15], [16]]
40
[[18], [15], [15]]
37
[[18], [6]]
57
[[18], [6], [19]]
44
[[18], [6], [18]]
35
[[18], [11]]
66
[[18], [11], [18]]
40
[[18], [11], [19]]
43
[[18], [11], [17]]
36
[[18], [9]]
55
[[18], [9], [19]]
47
[[18], [9], [18]]
42
[[18], [9], [17]]
38
[[18], [9], [16]]
36
[[18], [13]]
59
[[18], [13], [18]]
43
[[18], [13], [19]]
44
[[18], [5]]
56
[[18], [5], [19]]
36
[[18], [5], [18]]
40
[[18], [17]]
84
[[18], [17], [18]]
57
[[18], [17], [18], [19]]
38
[[18], [17], [18], [18]]
36
[[18], [17], [15]]
42
[[18], [17], [19]]
58
[[18], [17], [19], [18]]
38
[[18], [17], [19], [19]]
38
[[18], [17], [16]]
53
[[18], [17], [17]]
47
[[18], [17], [14]]
41
[[18], [17], [7]]
42
[[18], [17], [8]]
37
[[18], [17], [10]]
39
[[18], [17], [11]]
37
[[18], [17, 19]]
40
[[18], [12]]
61
[[18], [12], [19]]
42
[[18], [12], [18]]
37
[[18], [1]]
52
[[18], [1], [19]]
38
[[18], [1], [18]]
35
[[18], [4]]
53
[[18], [4], [18]]
35
[[18], [7]]
63
[[18], [7], [19]]
39
[[18], [7], [18]]
41
[[18], [0]]
53
[[18], [2]]
49
[[18], [2], [19]]
38
[[18, 19]]
91
[[18, 19], [8]]
49
[[18, 19], [18]]
77
[[18, 19], [18], [16]]
42
[[18, 19], [18], [18]]
49
[[18, 19], [18], [19]]
50
[[18, 19], [18], [15]]
39
[[18, 19], [18], [8]]
36
[[18, 19], [18], [17]]
39
[[18, 19], [18, 19]]
47
[[18, 19], [19]]
73
[[18, 19], [19], [18]]
56
[[18, 19], [19], [18], [19]]
36
[[18, 19], [19], [19]]
55
[[18, 19], [19], [19], [19]]
35
[[18, 19], [19], [14]]
37
[[18, 19], [19], [15]]
39
[[18, 19], [19], [16]]
44
[[18, 19], [19], [17]]
42
[[18, 19], [14]]
51
[[18, 19], [16]]
64
[[18, 19], [16], [18]]
42
[[18, 19], [16], [19]]
42
[[18, 19], [15]]
51
[[18, 19], [11]]
44
[[18, 19], [9]]
39
[[18, 19], [17]]
62
[[18, 19], [17], [19]]
39
[[18, 19], [17], [18]]
41
[[18, 19], [17], [16]]
39
[[18, 19], [12]]
42
[[18, 19], [6]]
43
[[18, 19], [0]]
41
[[18, 19], [5]]
42
[[18, 19], [13]]
39
[[18, 19], [4]]
39
[[18, 19], [10]]
47
[[18, 19], [7]]
42
[[18, 19], [3]]
38
[[18, 19], [1]]
36
[[19]]
123
[[19], [8]]
73
[[19], [8], [16]]
46
[[19], [8], [18]]
47
[[19], [8], [19]]
51
[[19], [8], [17]]
44
[[19], [8], [15]]
39
[[19], [18]]
105
[[19], [18], [14]]
56
[[19], [18], [16]]
66
[[19], [18], [16], [18]]
37
[[19], [18], [16], [19]]
36
[[19], [18], [18]]
78
[[19], [18], [18], [18]]
44
[[19], [18], [18], [19]]
49
[[19], [18], [18], [16]]
39
[[19], [18], [18], [14]]
37
[[19], [18], [18], [17]]
43
[[19], [18], [18], [15]]
37
[[19], [18], [18, 19]]
47
[[19], [18], [19]]
80
[[19], [18], [19], [18]]
49
[[19], [18], [19], [19]]
47
[[19], [18], [19], [14]]
42
[[19], [18], [19], [17]]
46
[[19], [18], [19], [15]]
39
[[19], [18], [19], [16]]
37
[[19], [18], [15]]
57
[[19], [18], [8]]
50
[[19], [18], [11]]
50
[[19], [18], [9]]
43
[[19], [18], [17]]
66
[[19], [18], [17], [18]]
35
[[19], [18], [17], [19]]
35
[[19], [18], [3]]
41
[[19], [18], [13]]
42
[[19], [18], [5]]
39
[[19], [18], [6]]
42
[[19], [18], [12]]
45
[[19], [18], [4]]
41
[[19], [18], [7]]
43
[[19], [18], [10]]
47
[[19], [18], [0]]
42
[[19], [18], [1]]
37
[[19], [18, 19]]
75
[[19], [18, 19], [14]]
41
[[19], [18, 19], [16]]
42
[[19], [18, 19], [18]]
54
[[19], [18, 19], [19]]
54
[[19], [18, 19], [15]]
41
[[19], [18, 19], [17]]
43
[[19], [19]]
108
[[19], [19], [3]]
49
[[19], [19], [14]]
62
[[19], [19], [14], [18]]
37
[[19], [19], [14], [19]]
41
[[19], [19], [16]]
81
[[19], [19], [16], [18]]
46
[[19], [19], [16], [15]]
37
[[19], [19], [16], [19]]
51
[[19], [19], [16], [17]]
41
[[19], [19], [16], [16]]
41
[[19], [19], [18]]
91
[[19], [19], [18], [15]]
45
[[19], [19], [18], [8]]
40
[[19], [19], [18], [18]]
54
[[19], [19], [18], [19]]
62
[[19], [19], [18], [19], [19]]
37
[[19], [19], [18], [16]]
52
[[19], [19], [18], [14]]
44
[[19], [19], [18], [17]]
53
[[19], [19], [18], [11]]
37
[[19], [19], [18], [10]]
35
[[19], [19], [18, 19]]
59
[[19], [19], [18, 19], [18]]
41
[[19], [19], [18, 19], [19]]
45
[[19], [19], [19]]
89
[[19], [19], [19], [15]]
51
[[19], [19], [19], [8]]
40
[[19], [19], [19], [18]]
63
[[19], [19], [19], [18], [19]]
40
[[19], [19], [19], [18], [18]]
36
[[19], [19], [19], [18, 19]]
39
[[19], [19], [19], [19]]
67
[[19], [19], [19], [19], [18]]
44
[[19], [19], [19], [19], [19]]
46
[[19], [19], [19], [19], [17]]
36
[[19], [19], [19], [16]]
56
[[19], [19], [19], [16], [19]]
35
[[19], [19], [19], [14]]
48
[[19], [19], [19], [17]]
57
[[19], [19], [19], [11]]
46
[[19], [19], [19], [3]]
36
[[19], [19], [19], [4]]
35
[[19], [19], [19], [10]]
45
[[19], [19], [19], [6]]
37
[[19], [19], [19], [12]]
35
[[19], [19], [15]]
68
[[19], [19], [15], [19]]
38
[[19], [19], [6]]
53
[[19], [19], [6], [19]]
40
[[19], [19], [8]]
57
[[19], [19], [8], [19]]
35
[[19], [19], [11]]
61
[[19], [19], [11], [18]]
36
[[19], [19], [11], [19]]
38
[[19], [19], [9]]
50
[[19], [19], [9], [19]]
41
[[19], [19], [4]]
51
[[19], [19], [4], [19]]
35
[[19], [19], [13]]
49
[[19], [19], [5]]
49
[[19], [19], [17]]
77
[[19], [19], [17], [18]]
46
[[19], [19], [17], [19]]
50
[[19], [19], [17], [16]]
42
[[19], [19], [17], [17]]
38
[[19], [19], [17], [15]]
38
[[19], [19], [17], [10]]
35
[[19], [19], [17, 19]]
36
[[19], [19], [12]]
48
[[19], [19], [10]]
55
[[19], [19], [7]]
52
[[19], [19], [0]]
44
[[19], [19], [2]]
42
[[19], [19], [1]]
45
[[19], [3]]
64
[[19], [3], [16]]
39
[[19], [3], [18]]
36
[[19], [3], [19]]
47
[[19], [3], [17]]
39
[[19], [14]]
72
[[19], [14], [18]]
48
[[19], [14], [19]]
51
[[19], [14], [19], [19]]
38
[[19], [14], [17]]
44
[[19], [14], [16]]
45
[[19], [14], [11]]
36
[[19], [16]]
100
[[19], [16], [16]]
60
[[19], [16], [16], [19]]
39
[[19], [16], [18]]
70
[[19], [16], [18], [18]]
45
[[19], [16], [18], [19]]
48
[[19], [16], [18], [15]]
36
[[19], [16], [18], [17]]
35
[[19], [16], [18, 19]]
47
[[19], [16], [19]]
74
[[19], [16], [19], [18]]
49
[[19], [16], [19], [18, 19]]
35
[[19], [16], [19], [19]]
50
[[19], [16], [19], [19], [19]]
36
[[19], [16], [19], [15]]
41
[[19], [16], [19], [17]]
39
[[19], [16], [19], [14]]
35
[[19], [16], [15]]
56
[[19], [16], [6]]
42
[[19], [16], [8]]
49
[[19], [16], [11]]
45
[[19], [16], [9]]
41
[[19], [16], [9], [19]]
35
[[19], [16], [14]]
49
[[19], [16], [17]]
62
[[19], [16], [17], [19]]
39
[[19], [16], [12]]
43
[[19], [16], [13]]
39
[[19], [16], [10]]
42
[[19], [16], [4]]
38
[[19], [16], [5]]
39
[[19], [16], [7]]
46
[[19], [16], [3]]
42
[[19], [16], [1]]
40
[[19], [16], [2]]
37
[[19], [16], [0]]
35
[[19], [16, 19]]
49
[[19], [16, 19], [19]]
36
[[19], [16, 18]]
37
[[19], [10]]
73
[[19], [10], [18]]
47
[[19], [10], [19]]
48
[[19], [10], [17]]
46
[[19], [10], [15]]
36
[[19], [10], [16]]
38
[[19], [15]]
81
[[19], [15], [8]]
41
[[19], [15], [18]]
57
[[19], [15], [18], [19]]
39
[[19], [15], [18], [18]]
37
[[19], [15], [19]]
56
[[19], [15], [19], [18]]
41
[[19], [15], [19], [19]]
40
[[19], [15], [15]]
46
[[19], [15], [16]]
51
[[19], [15], [16], [19]]
38
[[19], [15], [14]]
40
[[19], [15], [17]]
44
[[19], [15], [11]]
41
[[19], [15], [7]]
42
[[19], [15], [9]]
36
[[19], [15], [12]]
36
[[19], [6]]
62
[[19], [6], [18]]
44
[[19], [6], [19]]
50
[[19], [6], [19], [19]]
36
[[19], [6], [16]]
40
[[19], [6], [15]]
37
[[19], [11]]
73
[[19], [11], [16]]
42
[[19], [11], [18]]
47
[[19], [11], [18], [18]]
36
[[19], [11], [19]]
49
[[19], [11], [19], [19]]
36
[[19], [11], [19], [18]]
35
[[19], [11], [17]]
42
[[19], [11], [14]]
36
[[19], [11], [11]]
36
[[19], [11], [15]]
35
[[19], [7]]
68
[[19], [7], [19]]
44
[[19], [7], [18]]
44
[[19], [7], [17]]
38
[[19], [7], [15]]
38
[[19], [7], [16]]
35
[[19], [9]]
67
[[19], [9], [19]]
54
[[19], [9], [19], [19]]
37
[[19], [9], [19], [18]]
36
[[19], [9], [18]]
49
[[19], [9], [18, 19]]
37
[[19], [9], [17]]
46
[[19], [9], [16]]
42
[[19], [9], [15]]
38
[[19], [17]]
96
[[19], [17], [19]]
70
[[19], [17], [19], [18]]
50
[[19], [17], [19], [19]]
49
[[19], [17], [19], [19], [19]]
35
[[19], [17], [19], [16]]
44
[[19], [17], [19], [14]]
39
[[19], [17], [19], [17]]
38
[[19], [17], [19], [15]]
37
[[19], [17], [19], [11]]
35
[[19], [17], [18]]
69
[[19], [17], [18], [16]]
40
[[19], [17], [18], [18]]
46
[[19], [17], [18], [19]]
47
[[19], [17], [18], [17]]
36
[[19], [17], [18], [14]]
36
[[19], [17], [18, 19]]
41
[[19], [17], [16]]
67
[[19], [17], [16], [18]]
38
[[19], [17], [16], [19]]
40
[[19], [17], [17]]
56
[[19], [17], [17], [19]]
37
[[19], [17], [14]]
52
[[19], [17], [15]]
54
[[19], [17], [6]]
44
[[19], [17], [5]]
42
[[19], [17], [12]]
44
[[19], [17], [11]]
49
[[19], [17], [7]]
49
[[19], [17], [3]]
41
[[19], [17], [9]]
37
[[19], [17], [8]]
43
[[19], [17], [10]]
45
[[19], [17], [13]]
40
[[19], [17], [4]]
35
[[19], [17], [1]]
35
[[19], [17, 19]]
49
[[19], [17, 19], [18]]
37
[[19], [17, 19], [19]]
36
[[19], [4]]
61
[[19], [4], [19]]
46
[[19], [4], [18]]
42
[[19], [4], [16]]
42
[[19], [4], [17]]
38
[[19], [5]]
68
[[19], [5], [17]]
39
[[19], [5], [19]]
48
[[19], [5], [19], [19]]
37
[[19], [5], [19], [18]]
35
[[19], [5], [18]]
49
[[19], [5], [18], [19]]
35
[[19], [5], [16]]
43
[[19], [5], [15]]
42
[[19], [12]]
68
[[19], [12], [19]]
47
[[19], [12], [18]]
42
[[19], [12], [16]]
37
[[19], [12], [17]]
35
[[19], [13]]
64
[[19], [13], [16]]
37
[[19], [13], [18]]
46
[[19], [13], [19]]
49
[[19], [13], [17]]
37
[[19], [13], [15]]
35
[[19], [2]]
57
[[19], [2], [18]]
41
[[19], [2], [16]]
35
[[19], [2], [19]]
45
[[19], [2], [17]]
38
[[19], [0]]
63
[[19], [0], [18]]
41
[[19], [0], [19]]
43
[[19], [0], [16]]
38
[[19], [0], [17]]
36
[[19], [1]]
58
[[19], [1], [19]]
40
[[19], [1], [18]]
39
[[8]]
91
[[8], [16]]
64
[[8], [16], [19]]
37
[[8], [16], [17]]
36
[[8], [16], [18]]
36
[[8], [18]]
63
[[8], [18], [18]]
44
[[8], [18], [16]]
37
[[8], [18], [19]]
46
[[8], [18], [17]]
40
[[8], [18, 19]]
44
[[8], [19]]
71
[[8], [19], [18]]
50
[[8], [19], [19]]
46
[[8], [19], [19], [19]]
38
[[8], [19], [16]]
44
[[8], [19], [17]]
44
[[8], [19], [15]]
36
[[8], [8]]
39
[[8], [17]]
58
[[8], [17], [19]]
38
[[8], [14]]
44
[[8], [15]]
52
[[8], [9]]
42
[[8], [5]]
41
[[8], [13]]
36
[[8], [3]]
37
[[8], [11]]
42
[[8], [7]]
38
[[8], [12]]
41
[[8], [10]]
38
[[3]]
73
[[3], [16]]
46
[[3], [18]]
46
[[3], [18], [18]]
36
[[3], [18, 19]]
35
[[3], [19]]
57
[[3], [19], [18]]
37
[[3], [19], [17]]
35
[[3], [8]]
36
[[3], [15]]
41
[[3], [17]]
45
[[3], [11]]
39
[[3], [12]]
39
[[14]]
87
[[14], [16]]
65
[[14], [16], [19]]
42
[[14], [16], [18]]
39
[[14], [16], [16]]
35
[[14], [18]]
67
[[14], [18], [18]]
45
[[14], [18], [19]]
50
[[14], [18], [16]]
45
[[14], [18], [17]]
42
[[14], [18], [15]]
37
[[14], [18], [14]]
38
[[14], [18, 19]]
46
[[14], [19]]
72
[[14], [19], [18]]
53
[[14], [19], [19]]
57
[[14], [19], [19], [18]]
39
[[14], [19], [19], [16]]
37
[[14], [19], [19], [19]]
39
[[14], [19], [19], [17]]
36
[[14], [19], [15]]
42
[[14], [19], [16]]
48
[[14], [19], [17]]
44
[[14], [19], [13]]
39
[[14], [19], [3]]
35
[[14], [19], [11]]
36
[[14], [19], [14]]
39
[[14], [19], [10]]
36
[[14], [15]]
52
[[14], [15], [19]]
37
[[14], [17]]
62
[[14], [17], [18]]
44
[[14], [17], [19]]
46
[[14], [17], [16]]
42
[[14], [17], [15]]
36
[[14], [17], [14]]
37
[[14], [17], [17]]
37
[[14], [8]]
45
[[14], [14]]
53
[[14], [14], [19]]
36
[[14], [3]]
43
[[14], [13]]
47
[[14], [13], [19]]
35
[[14], [9]]
42
[[14], [9], [19]]
36
[[14], [11]]
44
[[14], [6]]
42
[[14], [7]]
46
[[14], [4]]
36
[[14], [10]]
45
[[14], [5]]
38
[[14], [2]]
37
[[14], [1]]
39
[[14], [12]]
41
[[16]]
114
[[16], [16]]
78
[[16], [16], [18]]
52
[[16], [16], [18], [19]]
35
[[16], [16], [19]]
57
[[16], [16], [16]]
42
[[16], [16], [15]]
42
[[16], [16], [8]]
35
[[16], [16], [17]]
46
[[16], [16], [11]]
35
[[16], [16], [14]]
35
[[16], [16], [10]]
36
[[16], [16, 19]]
35
[[16], [18]]
86
[[16], [18], [18]]
62
[[16], [18], [18], [19]]
40
[[16], [18], [18], [18]]
35
[[16], [18], [18, 19]]
35
[[16], [18], [19]]
64
[[16], [18], [19], [19]]
39
[[16], [18], [19], [18]]
36
[[16], [18], [16]]
49
[[16], [18], [17]]
50
[[16], [18], [15]]
43
[[16], [18], [14]]
44
[[16], [18], [5]]
36
[[16], [18], [11]]
36
[[16], [18], [8]]
38
[[16], [18], [12]]
36
[[16], [18], [10]]
36
[[16], [18], [7]]
35
[[16], [18, 19]]
60
[[16], [18, 19], [18]]
46
[[16], [18, 19], [19]]
44
[[16], [19]]
88
[[16], [19], [15]]
51
[[16], [19], [8]]
42
[[16], [19], [11]]
43
[[16], [19], [18]]
67
[[16], [19], [18], [18]]
41
[[16], [19], [18], [19]]
45
[[16], [19], [18], [17]]
35
[[16], [19], [18, 19]]
48
[[16], [19], [19]]
70
[[16], [19], [19], [18]]
45
[[16], [19], [19], [17]]
42
[[16], [19], [19], [19]]
55
[[16], [19], [19], [14]]
38
[[16], [19], [19], [15]]
40
[[16], [19], [16]]
51
[[16], [19], [4]]
38
[[16], [19], [3]]
35
[[16], [19], [17]]
58
[[16], [19], [17], [19]]
39
[[16], [19], [14]]
48
[[16], [19], [13]]
36
[[16], [19], [5]]
35
[[16], [19], [10]]
46
[[16], [19], [9]]
37
[[16], [19], [6]]
35
[[16], [19], [7]]
39
[[16], [19], [0]]
36
[[16], [19], [12]]
37
[[16], [10]]
57
[[16], [10], [19]]
40
[[16], [10], [18]]
35
[[16], [15]]
64
[[16], [15], [19]]
39
[[16], [15], [18]]
38
[[16], [6]]
48
[[16], [6], [19]]
39
[[16], [8]]
62
[[16], [8], [19]]
41
[[16], [11]]
59
[[16], [11], [18]]
35
[[16], [11], [19]]
36
[[16], [9]]
52
[[16], [9], [19]]
44
[[16], [9], [17]]
36
[[16], [14]]
62
[[16], [14], [19]]
44
[[16], [14], [18]]
38
[[16], [13]]
49
[[16], [4]]
47
[[16], [5]]
51
[[16], [17]]
78
[[16], [17], [18]]
52
[[16], [17], [19]]
57
[[16], [17], [19], [19]]
36
[[16], [17], [19], [18]]
37
[[16], [17], [16]]
41
[[16], [17], [17]]
43
[[16], [17], [14]]
39
[[16], [17], [15]]
37
[[16], [17], [11]]
38
[[16], [17], [10]]
36
[[16], [17, 19]]
37
[[16], [0]]
47
[[16], [12]]
57
[[16], [12], [19]]
36
[[16], [3]]
52
[[16], [3], [19]]
35
[[16], [1]]
47
[[16], [7]]
57
[[16], [7], [19]]
36
[[16], [2]]
43
[[16, 18]]
46
[[16, 19]]
62
[[16, 19], [18]]
50
[[16, 19], [18], [18]]
37
[[16, 19], [18, 19]]
37
[[16, 19], [19]]
51
[[16, 19], [19], [18]]
41
[[16, 19], [16]]
46
[[16, 19], [17]]
45
[[16, 19], [8]]
35
[[16, 17]]
35
[[10]]
83
[[10], [8]]
37
[[10], [11]]
41
[[10], [18]]
58
[[10], [18], [19]]
40
[[10], [18], [18]]
37
[[10], [18, 19]]
37
[[10], [19]]
61
[[10], [19], [19]]
45
[[10], [19], [18]]
40
[[10], [19], [17]]
42
[[10], [19], [16]]
35
[[10], [7]]
44
[[10], [15]]
45
[[10], [16]]
51
[[10], [16], [19]]
39
[[10], [12]]
40
[[10], [17]]
58
[[10], [17], [19]]
36
[[10], [14]]
39
[[10], [10]]
39
[[6]]
76
[[6], [18]]
58
[[6], [18], [16]]
35
[[6], [18], [19]]
47
[[6], [18], [18]]
40
[[6], [18], [17]]
37
[[6], [18, 19]]
42
[[6], [19]]
64
[[6], [19], [16]]
39
[[6], [19], [19]]
50
[[6], [19], [19], [19]]
36
[[6], [19], [18]]
42
[[6], [19], [17]]
38
[[6], [19], [11]]
36
[[6], [19], [15]]
37
[[6], [9]]
36
[[6], [15]]
48
[[6], [16]]
50
[[6], [16], [19]]
39
[[6], [5]]
42
[[6], [17]]
47
[[6], [17], [19]]
35
[[6], [12]]
42
[[6], [8]]
40
[[6], [3]]
36
[[6], [11]]
42
[[6], [14]]
38
[[6], [7]]
37
[[6], [10]]
37
[[7]]
85
[[7], [16]]
46
[[7], [19]]
59
[[7], [19], [18]]
46
[[7], [19], [19]]
44
[[7], [11]]
41
[[7], [14]]
41
[[7], [18]]
60
[[7], [18], [18]]
40
[[7], [18, 19]]
40
[[7], [17]]
47
[[7], [15]]
47
[[7], [8]]
38
[[7], [5]]
35
[[7], [7]]
38
[[7], [12]]
38
[[7], [9]]
35
[[7], [1]]
35
[[9]]
78
[[9], [16]]
54
[[9], [16], [19]]
37
[[9], [19]]
65
[[9], [19], [19]]
51
[[9], [19], [19], [19]]
39
[[9], [19], [18]]
50
[[9], [19], [17]]
44
[[9], [19], [14]]
39
[[9], [19], [16]]
42
[[9], [19], [15]]
37
[[9], [11]]
39
[[9], [18]]
61
[[9], [18], [18]]
44
[[9], [18], [16]]
37
[[9], [18], [19]]
44
[[9], [18], [14]]
35
[[9], [18], [17]]
39
[[9], [18, 19]]
48
[[9], [18, 19], [18]]
36
[[9], [14]]
46
[[9], [14], [19]]
37
[[9], [15]]
46
[[9], [17]]
57
[[9], [17], [19]]
37
[[9], [8]]
39
[[9], [3]]
35
[[9], [9]]
40
[[9], [13]]
38
[[9], [6]]
38
[[9], [7]]
38
[[9], [4]]
35
[[9], [12]]
35
[[12]]
89
[[12], [17]]
47
[[12], [19]]
64
[[12], [19], [19]]
47
[[12], [19], [18]]
45
[[12], [19], [17]]
38
[[12], [19], [15]]
38
[[12], [19], [16]]
38
[[12], [5]]
39
[[12], [18]]
56
[[12], [18], [18]]
42
[[12], [18], [19]]
43
[[12], [18], [16]]
35
[[12], [18, 19]]
43
[[12], [14]]
39
[[12], [16]]
53
[[12], [16], [19]]
36
[[12], [11]]
42
[[12], [8]]
38
[[12], [15]]
42
[[12], [10]]
38
[[12], [12]]
42
[[12], [7]]
38
[[12], [9]]
35
[[4]]
69
[[4], [17]]
43
[[4], [19]]
52
[[4], [19], [18]]
39
[[4], [19], [19]]
40
[[4], [19], [17]]
37
[[4], [19], [16]]
38
[[4], [18]]
51
[[4], [18], [18]]
38
[[4], [18], [19]]
37
[[4], [18], [17]]
35
[[4], [16]]
48
[[4], [15]]
40
[[4], [14]]
38
[[4], [8]]
37
[[13]]
79
[[13], [16]]
49
[[13], [16], [19]]
35
[[13], [18]]
56
[[13], [18], [18]]
43
[[13], [18], [19]]
44
[[13], [18], [16]]
35
[[13], [18, 19]]
41
[[13], [19]]
63
[[13], [19], [18]]
44
[[13], [19], [19]]
45
[[13], [15]]
46
[[13], [8]]
44
[[13], [8], [19]]
35
[[13], [14]]
37
[[13], [17]]
46
[[13], [17], [19]]
35
[[13], [13]]
40
[[13], [11]]
40
[[13], [3]]
36
[[13], [9]]
36
[[13], [10]]
38
[[13], [7]]
36
[[13], [12]]
37
[[0]]
74
[[0], [18]]
52
[[0], [18], [18]]
36
[[0], [18], [19]]
39
[[0], [18, 19]]
38
[[0], [17]]
46
[[0], [19]]
55
[[0], [19], [18]]
40
[[0], [19], [19]]
41
[[0], [16]]
44
[[0], [11]]
43
[[0], [15]]
41
[[0], [7]]
42
[[0], [3]]
36
[[0], [14]]
38
[[0], [10]]
35
[[0], [6]]
35
[[1]]
69
[[1], [18]]
48
[[1], [17]]
44
[[1], [19]]
51
[[1], [19], [18]]
35
[[1], [16]]
40
[[1], [15]]
37
[[1], [14]]
36
[[1], [12]]
35
