[[5]]
73
[[5], [17]]
49
[[5], [17], [18]]
33
[[5], [17], [19]]
35
[[5], [17], [16]]
28
[[5], [15]]
47
[[5], [18]]
56
[[5], [18], [18]]
38
[[5], [18], [18], [19]]
28
[[5], [18], [19]]
41
[[5], [18], [16]]
30
[[5], [18], [15]]
33
[[5], [18], [17]]
33
[[5], [18, 19]]
35
[[5], [18, 19], [19]]
29
[[5], [19]]
54
[[5], [19], [18]]
41
[[5], [19], [18], [18]]
28
[[5], [19], [18], [19]]
30
[[5], [19], [18, 19]]
28
[[5], [19], [19]]
42
[[5], [19], [19], [18]]
31
[[5], [19], [19], [19]]
32
[[5], [19], [19], [17]]
28
[[5], [19], [16]]
30
[[5], [19], [15]]
35
[[5], [19], [11]]
30
[[5], [19], [17]]
33
[[5], [8]]
41
[[5], [3]]
30
[[5], [14]]
34
[[5], [16]]
46
[[5], [16], [18]]
29
[[5], [16], [19]]
33
[[5], [10]]
36
[[5], [6]]
31
[[5], [11]]
39
[[5], [9]]
36
[[5], [9], [19]]
30
[[5], [5]]
36
[[5], [13]]
32
[[5], [12]]
35
[[5], [4]]
31
[[5], [0]]
30
[[5], [7]]
38
[[5], [2]]
28
[[11]]
76
[[11], [17]]
43
[[11], [17], [18]]
30
[[11], [17], [19]]
31
[[11], [15]]
35
[[11], [18]]
52
[[11], [18], [18]]
34
[[11], [18], [19]]
34
[[11], [18], [16]]
28
[[11], [18], [17]]
28
[[11], [18, 19]]
32
[[11], [19]]
51
[[11], [19], [18]]
38
[[11], [19], [19]]
38
[[11], [19], [17]]
32
[[11], [19], [16]]
31
[[11], [8]]
37
[[11], [14]]
36
[[11], [16]]
45
[[11], [16], [18]]
29
[[11], [16], [19]]
28
[[11], [7]]
35
[[11], [9]]
35
[[11], [12]]
32
[[11], [11]]
34
[[11], [5]]
31
[[11], [10]]
31
[[11], [2]]
28
[[17]]
90
[[17], [2]]
36
[[17], [15]]
54
[[17], [15], [18]]
31
[[17], [15], [19]]
31
[[17], [15], [16]]
34
[[17], [15], [7]]
28
[[17], [15], [8]]
29
[[17], [15], [15]]
28
[[17], [15], [17]]
28
[[17], [18]]
68
[[17], [18], [8]]
35
[[17], [18], [18]]
49
[[17], [18], [18], [18]]
29
[[17], [18], [18], [19]]
30
[[17], [18], [18, 19]]
28
[[17], [18], [19]]
50
[[17], [18], [19], [18]]
36
[[17], [18], [19], [19]]
31
[[17], [18], [19], [17]]
31
[[17], [18], [14]]
35
[[17], [18], [16]]
46
[[17], [18], [16], [18]]
29
[[17], [18], [11]]
29
[[17], [18], [9]]
29
[[17], [18], [12]]
30
[[17], [18], [15]]
37
[[17], [18], [6]]
31
[[17], [18], [17]]
42
[[17], [18], [5]]
29
[[17], [18], [7]]
34
[[17], [18], [10]]
31
[[17], [18, 19]]
46
[[17], [18, 19], [18]]
38
[[17], [18, 19], [16]]
33
[[17], [18, 19], [19]]
32
[[17], [18, 19], [17]]
29
[[17], [19]]
70
[[17], [19], [18]]
54
[[17], [19], [18], [16]]
34
[[17], [19], [18], [18]]
33
[[17], [19], [18], [19]]
39
[[17], [19], [18], [17]]
33
[[17], [19], [18], [15]]
28
[[17], [19], [18, 19]]
35
[[17], [19], [19]]
54
[[17], [19], [19], [16]]
36
[[17], [19], [19], [18]]
40
[[17], [19], [19], [19]]
41
[[17], [19], [19], [15]]
30
[[17], [19], [19], [11]]
30
[[17], [19], [19], [17]]
35
[[17], [19], [16]]
51
[[17], [19], [16], [18]]
31
[[17], [19], [16], [19]]
30
[[17], [19], [15]]
41
[[17], [19], [11]]
39
[[17], [19], [9]]
32
[[17], [19], [3]]
34
[[17], [19], [8]]
40
[[17], [19], [14]]
38
[[17], [19], [10]]
37
[[17], [19], [6]]
32
[[17], [19], [12]]
29
[[17], [19], [17]]
48
[[17], [19], [17], [19]]
28
[[17], [19], [5]]
33
[[17], [19], [4]]
31
[[17], [19], [7]]
35
[[17], [19], [13]]
31
[[17], [8]]
51
[[17], [8], [16]]
35
[[17], [8], [18]]
30
[[17], [8], [19]]
34
[[17], [8], [17]]
30
[[17], [8], [15]]
28
[[17], [3]]
42
[[17], [3], [16]]
29
[[17], [14]]
48
[[17], [14], [16]]
28
[[17], [14], [18]]
31
[[17], [14], [19]]
30
[[17], [14], [17]]
30
[[17], [16]]
65
[[17], [16], [16]]
38
[[17], [16], [18]]
41
[[17], [16], [19]]
42
[[17], [16], [19], [18]]
28
[[17], [16], [19], [19]]
28
[[17], [16], [15]]
33
[[17], [16], [17]]
36
[[17], [16], [8]]
33
[[17], [16], [7]]
29
[[17], [16], [10]]
28
[[17], [16, 19]]
32
[[17], [10]]
42
[[17], [10], [19]]
30
[[17], [6]]
45
[[17], [6], [18]]
29
[[17], [6], [19]]
34
[[17], [11]]
49
[[17], [11], [18]]
28
[[17], [11], [19]]
29
[[17], [9]]
42
[[17], [9], [19]]
36
[[17], [9], [17]]
29
[[17], [17]]
63
[[17], [17], [18]]
42
[[17], [17], [16]]
39
[[17], [17], [19]]
43
[[17], [17], [19], [18]]
31
[[17], [17], [15]]
34
[[17], [17], [17]]
31
[[17], [17], [7]]
30
[[17], [17], [10]]
28
[[17], [17], [14]]
28
[[17], [17], [11]]
28
[[17], [17], [8]]
28
[[17], [17, 19]]
29
[[17], [5]]
47
[[17], [5], [19]]
32
[[17], [5], [18]]
33
[[17], [5], [15]]
29
[[17], [5], [16]]
30
[[17], [12]]
41
[[17], [4]]
35
[[17], [13]]
44
[[17], [13], [19]]
29
[[17], [7]]
49
[[17], [7], [19]]
28
[[17], [1]]
34
[[17], [0]]
32
[[17, 19]]
48
[[17, 19], [19]]
38
[[17, 19], [19], [18]]
28
[[17, 19], [18]]
35
[[17, 19], [17]]
34
[[17, 19], [15]]
30
[[17, 19], [16]]
32
[[17, 18]]
31
[[2]]
55
[[2], [18]]
40
[[2], [18], [19]]
30
[[2], [19]]
46
[[2], [19], [18]]
32
[[2], [19], [19]]
32
[[2], [19], [17]]
28
[[2], [16]]
36
[[2], [6]]
29
[[2], [17]]
40
[[2], [8]]
31
[[2], [15]]
34
[[2], [5]]
28
[[2], [14]]
28
[[2], [11]]
33
[[2], [10]]
28
[[2], [7]]
28
[[15]]
74
[[15], [8]]
44
[[15], [18]]
52
[[15], [18], [18]]
36
[[15], [18], [16]]
30
[[15], [18], [19]]
35
[[15], [18], [17]]
31
[[15], [18, 19]]
32
[[15], [19]]
53
[[15], [19], [18]]
39
[[15], [19], [19]]
41
[[15], [19], [19], [19]]
33
[[15], [19], [15]]
32
[[15], [19], [17]]
35
[[15], [19], [16]]
30
[[15], [19], [14]]
29
[[15], [19], [8]]
29
[[15], [14]]
40
[[15], [14], [19]]
30
[[15], [16]]
50
[[15], [16], [18]]
31
[[15], [16], [15]]
29
[[15], [16], [19]]
36
[[15], [15]]
45
[[15], [9]]
37
[[15], [9], [19]]
31
[[15], [5]]
34
[[15], [17]]
44
[[15], [17], [18]]
29
[[15], [17], [19]]
30
[[15], [10]]
34
[[15], [11]]
37
[[15], [7]]
42
[[15], [7], [19]]
28
[[15], [12]]
32
[[15], [13]]
34
[[15], [6]]
33
[[15], [4]]
31
[[15], [3]]
28
[[15], [0]]
28
[[15], [1]]
28
[[15, 19]]
31
[[18]]
98
[[18], [8]]
56
[[18], [8], [19]]
35
[[18], [8], [18]]
31
[[18], [8], [16]]
33
[[18], [8], [17]]
29
[[18], [18]]
79
[[18], [18], [14]]
40
[[18], [18], [16]]
47
[[18], [18], [16], [19]]
29
[[18], [18], [18]]
56
[[18], [18], [18], [18]]
30
[[18], [18], [18], [19]]
33
[[18], [18], [18], [17]]
29
[[18], [18], [18], [16]]
28
[[18], [18], [18, 19]]
31
[[18], [18], [19]]
59
[[18], [18], [19], [18]]
36
[[18], [18], [19], [19]]
36
[[18], [18], [19], [17]]
32
[[18], [18], [19], [14]]
28
[[18], [18], [19], [15]]
28
[[18], [18], [15]]
44
[[18], [18], [8]]
42
[[18], [18], [11]]
35
[[18], [18], [9]]
31
[[18], [18], [3]]
31
[[18], [18], [17]]
48
[[18], [18], [6]]
31
[[18], [18], [13]]
33
[[18], [18], [5]]
34
[[18], [18], [10]]
35
[[18], [18], [7]]
33
[[18], [18], [12]]
32
[[18], [18], [4]]
29
[[18], [18], [0]]
32
[[18], [18, 19]]
50
[[18], [18, 19], [16]]
29
[[18], [18, 19], [18]]
38
[[18], [18, 19], [19]]
36
[[18], [18, 19], [15]]
28
[[18], [18, 19], [8]]
29
[[18], [18, 19], [14]]
29
[[18], [18, 19], [17]]
30
[[18], [19]]
76
[[18], [19], [14]]
44
[[18], [19], [16]]
48
[[18], [19], [16], [19]]
32
[[18], [19], [18]]
60
[[18], [19], [18], [18]]
37
[[18], [19], [18], [19]]
41
[[18], [19], [18], [16]]
33
[[18], [19], [18], [15]]
29
[[18], [19], [18], [8]]
29
[[18], [19], [18], [17]]
33
[[18], [19], [18, 19]]
37
[[18], [19], [18, 19], [19]]
28
[[18], [19], [19]]
59
[[18], [19], [19], [18]]
40
[[18], [19], [19], [19]]
46
[[18], [19], [19], [19], [18]]
28
[[18], [19], [19], [19], [19]]
28
[[18], [19], [19], [16]]
33
[[18], [19], [19], [15]]
30
[[18], [19], [19], [17]]
36
[[18], [19], [19], [14]]
29
[[18], [19], [15]]
41
[[18], [19], [6]]
34
[[18], [19], [8]]
42
[[18], [19], [11]]
39
[[18], [19], [9]]
33
[[18], [19], [9], [19]]
28
[[18], [19], [13]]
34
[[18], [19], [17]]
49
[[18], [19], [17], [19]]
30
[[18], [19], [3]]
35
[[18], [19], [5]]
36
[[18], [19], [10]]
39
[[18], [19], [10], [19]]
28
[[18], [19], [7]]
38
[[18], [19], [4]]
32
[[18], [19], [0]]
33
[[18], [19], [2]]
30
[[18], [19], [1]]
28
[[18], [3]]
43
[[18], [3], [19]]
29
[[18], [14]]
58
[[18], [14], [16]]
33
[[18], [14], [18]]
37
[[18], [14], [19]]
35
[[18], [14], [17]]
31
[[18], [14], [10]]
28
[[18], [16]]
73
[[18], [16], [16]]
39
[[18], [16], [18]]
50
[[18], [16], [18], [18]]
31
[[18], [16], [18], [19]]
30
[[18], [16], [18, 19]]
32
[[18], [16], [19]]
49
[[18], [16], [19], [18]]
35
[[18], [16], [19], [19]]
36
[[18], [16], [15]]
37
[[18], [16], [8]]
38
[[18], [16], [12]]
29
[[18], [16], [14]]
35
[[18], [16], [17]]
41
[[18], [16], [10]]
33
[[18], [16], [3]]
29
[[18], [16], [7]]
31
[[18], [16], [5]]
29
[[18], [16], [1]]
29
[[18], [16], [11]]
29
[[18], [16], [6]]
28
[[18], [16], [4]]
28
[[18], [16, 19]]
37
[[18], [16, 19], [18]]
28
[[18], [10]]
51
[[18], [10], [18]]
31
[[18], [10], [19]]
36
[[18], [10], [17]]
31
[[18], [15]]
55
[[18], [15], [18]]
34
[[18], [15], [19]]
34
[[18], [15], [8]]
30
[[18], [15], [16]]
32
[[18], [6]]
48
[[18], [6], [19]]
36
[[18], [6], [18]]
29
[[18], [11]]
53
[[18], [11], [18]]
30
[[18], [11], [19]]
32
[[18], [9]]
47
[[18], [9], [19]]
42
[[18], [9], [19], [19]]
29
[[18], [9], [18]]
36
[[18], [9], [17]]
34
[[18], [9], [16]]
30
[[18], [13]]
50
[[18], [13], [18]]
36
[[18], [13], [19]]
36
[[18], [13], [17]]
30
[[18], [13], [16]]
29
[[18], [5]]
50
[[18], [5], [19]]
32
[[18], [5], [18]]
35
[[18], [5], [15]]
28
[[18], [5], [16]]
28
[[18], [17]]
72
[[18], [17], [18]]
45
[[18], [17], [18], [19]]
29
[[18], [17], [18], [18]]
28
[[18], [17], [15]]
31
[[18], [17], [19]]
47
[[18], [17], [19], [18]]
30
[[18], [17], [19], [19]]
29
[[18], [17], [16]]
42
[[18], [17], [17]]
38
[[18], [17], [14]]
32
[[18], [17], [7]]
35
[[18], [17], [8]]
32
[[18], [17], [10]]
29
[[18], [17], [11]]
29
[[18], [17, 19]]
32
[[18], [12]]
48
[[18], [12], [19]]
32
[[18], [1]]
43
[[18], [1], [19]]
33
[[18], [1], [17]]
29
[[18], [1], [18]]
29
[[18], [4]]
44
[[18], [7]]
53
[[18], [7], [19]]
31
[[18], [7], [18]]
31
[[18], [7], [17]]
28
[[18], [0]]
45
[[18], [2]]
41
[[18], [2], [19]]
31
[[18, 19]]
75
[[18, 19], [8]]
44
[[18, 19], [18]]
61
[[18, 19], [18], [16]]
33
[[18, 19], [18], [18]]
39
[[18, 19], [18], [19]]
39
[[18, 19], [18], [15]]
29
[[18, 19], [18], [8]]
29
[[18, 19], [18], [17]]
32
[[18, 19], [18, 19]]
35
[[18, 19], [19]]
58
[[18, 19], [19], [18]]
45
[[18, 19], [19], [18], [19]]
28
[[18, 19], [19], [19]]
44
[[18, 19], [19], [19], [19]]
28
[[18, 19], [19], [14]]
32
[[18, 19], [19], [15]]
28
[[18, 19], [19], [16]]
35
[[18, 19], [19], [17]]
33
[[18, 19], [14]]
44
[[18, 19], [16]]
55
[[18, 19], [16], [18]]
34
[[18, 19], [16], [19]]
34
[[18, 19], [16], [16]]
28
[[18, 19], [15]]
41
[[18, 19], [11]]
36
[[18, 19], [9]]
36
[[18, 19], [9], [19]]
30
[[18, 19], [17]]
54
[[18, 19], [17], [19]]
31
[[18, 19], [17], [18]]
32
[[18, 19], [17], [16]]
31
[[18, 19], [12]]
33
[[18, 19], [6]]
34
[[18, 19], [0]]
34
[[18, 19], [5]]
38
[[18, 19], [13]]
32
[[18, 19], [4]]
33
[[18, 19], [10]]
39
[[18, 19], [7]]
37
[[18, 19], [3]]
32
[[18, 19], [1]]
29
[[18, 19], [2]]
29
[[19]]
98
[[19], [8]]
64
[[19], [8], [16]]
40
[[19], [8], [18]]
40
[[19], [8], [19]]
43
[[19], [8], [19], [18]]
28
[[19], [8], [17]]
39
[[19], [8], [15]]
32
[[19], [8], [14]]
28
[[19], [18]]
83
[[19], [18], [14]]
45
[[19], [18], [16]]
52
[[19], [18], [16], [18]]
29
[[19], [18], [18]]
62
[[19], [18], [18], [18]]
36
[[19], [18], [18], [19]]
37
[[19], [18], [18], [16]]
30
[[19], [18], [18], [14]]
31
[[19], [18], [18], [17]]
36
[[19], [18], [18], [15]]
29
[[19], [18], [18], [8]]
28
[[19], [18], [18, 19]]
35
[[19], [18], [19]]
64
[[19], [18], [19], [18]]
40
[[19], [18], [19], [19]]
36
[[19], [18], [19], [14]]
34
[[19], [18], [19], [17]]
38
[[19], [18], [19], [15]]
29
[[19], [18], [15]]
44
[[19], [18], [8]]
43
[[19], [18], [11]]
42
[[19], [18], [9]]
35
[[19], [18], [9], [19]]
29
[[19], [18], [17]]
55
[[19], [18], [17], [18]]
29
[[19], [18], [17], [19]]
28
[[19], [18], [3]]
34
[[19], [18], [13]]
34
[[19], [18], [5]]
34
[[19], [18], [6]]
34
[[19], [18], [12]]
35
[[19], [18], [4]]
33
[[19], [18], [7]]
36
[[19], [18], [10]]
35
[[19], [18], [0]]
35
[[19], [18, 19]]
60
[[19], [18, 19], [14]]
34
[[19], [18, 19], [16]]
35
[[19], [18, 19], [18]]
44
[[19], [18, 19], [19]]
43
[[19], [18, 19], [15]]
33
[[19], [18, 19], [17]]
38
[[19], [18, 19], [8]]
30
[[19], [19]]
86
[[19], [19], [3]]
41
[[19], [19], [14]]
52
[[19], [19], [14], [18]]
29
[[19], [19], [14], [19]]
33
[[19], [19], [16]]
63
[[19], [19], [16], [18]]
34
[[19], [19], [16], [15]]
32
[[19], [19], [16], [19]]
38
[[19], [19], [16], [17]]
32
[[19], [19], [16], [16]]
31
[[19], [19], [16], [11]]
28
[[19], [19], [16], [8]]
28
[[19], [19], [18]]
73
[[19], [19], [18], [15]]
36
[[19], [19], [18], [8]]
36
[[19], [19], [18], [18]]
43
[[19], [19], [18], [19]]
49
[[19], [19], [18], [19], [19]]
28
[[19], [19], [18], [16]]
41
[[19], [19], [18], [14]]
35
[[19], [19], [18], [17]]
44
[[19], [19], [18], [11]]
30
[[19], [19], [18], [10]]
28
[[19], [19], [18], [6]]
28
[[19], [19], [18, 19]]
46
[[19], [19], [18, 19], [18]]
32
[[19], [19], [18, 19], [19]]
34
[[19], [19], [18, 19], [17]]
29
[[19], [19], [19]]
72
[[19], [19], [19], [15]]
38
[[19], [19], [19], [8]]
34
[[19], [19], [19], [18]]
51
[[19], [19], [19], [18], [19]]
30
[[19], [19], [19], [18], [18]]
28
[[19], [19], [19], [18], [17]]
28
[[19], [19], [19], [18, 19]]
31
[[19], [19], [19], [19]]
55
[[19], [19], [19], [19], [18]]
35
[[19], [19], [19], [19], [15]]
28
[[19], [19], [19], [19], [19]]
36
[[19], [19], [19], [19], [17]]
30
[[19], [19], [19], [16]]
44
[[19], [19], [19], [14]]
38
[[19], [19], [19], [17]]
47
[[19], [19], [19], [11]]
39
[[19], [19], [19], [3]]
32
[[19], [19], [19], [4]]
30
[[19], [19], [19], [10]]
34
[[19], [19], [19], [6]]
30
[[19], [19], [19], [9]]
29
[[19], [19], [19], [7]]
29
[[19], [19], [15]]
53
[[19], [19], [15], [19]]
29
[[19], [19], [6]]
43
[[19], [19], [6], [19]]
32
[[19], [19], [8]]
49
[[19], [19], [8], [19]]
31
[[19], [19], [11]]
50
[[19], [19], [11], [18]]
29
[[19], [19], [11], [19]]
30
[[19], [19], [9]]
42
[[19], [19], [9], [19]]
36
[[19], [19], [9], [17]]
30
[[19], [19], [4]]
41
[[19], [19], [13]]
42
[[19], [19], [13], [19]]
29
[[19], [19], [5]]
41
[[19], [19], [17]]
60
[[19], [19], [17], [18]]
34
[[19], [19], [17], [19]]
39
[[19], [19], [17], [16]]
30
[[19], [19], [17], [17]]
30
[[19], [19], [17], [15]]
28
[[19], [19], [12]]
35
[[19], [19], [10]]
41
[[19], [19], [7]]
42
[[19], [19], [0]]
35
[[19], [19], [2]]
34
[[19], [19], [1]]
33
[[19], [3]]
51
[[19], [3], [16]]
34
[[19], [3], [18]]
30
[[19], [3], [19]]
39
[[19], [3], [17]]
32
[[19], [14]]
60
[[19], [14], [18]]
39
[[19], [14], [19]]
42
[[19], [14], [19], [19]]
31
[[19], [14], [17]]
37
[[19], [14], [16]]
37
[[19], [14], [11]]
31
[[19], [16]]
81
[[19], [16], [16]]
47
[[19], [16], [16], [19]]
30
[[19], [16], [18]]
56
[[19], [16], [18], [18]]
36
[[19], [16], [18], [19]]
37
[[19], [16], [18], [15]]
30
[[19], [16], [18], [17]]
31
[[19], [16], [18], [8]]
29
[[19], [16], [18, 19]]
36
[[19], [16], [19]]
59
[[19], [16], [19], [18]]
41
[[19], [16], [19], [18, 19]]
30
[[19], [16], [19], [19]]
41
[[19], [16], [19], [19], [19]]
28
[[19], [16], [19], [15]]
35
[[19], [16], [19], [17]]
34
[[19], [16], [19], [14]]
30
[[19], [16], [19], [8]]
28
[[19], [16], [19], [16]]
28
[[19], [16], [15]]
48
[[19], [16], [6]]
37
[[19], [16], [8]]
45
[[19], [16], [8], [19]]
30
[[19], [16], [11]]
37
[[19], [16], [9]]
36
[[19], [16], [9], [19]]
31
[[19], [16], [14]]
39
[[19], [16], [17]]
50
[[19], [16], [17], [19]]
32
[[19], [16], [17], [18]]
28
[[19], [16], [12]]
33
[[19], [16], [13]]
32
[[19], [16], [10]]
34
[[19], [16], [4]]
33
[[19], [16], [5]]
33
[[19], [16], [7]]
37
[[19], [16], [3]]
35
[[19], [16], [1]]
31
[[19], [16], [2]]
29
[[19], [16], [0]]
28
[[19], [16, 19]]
39
[[19], [16, 18]]
29
[[19], [10]]
56
[[19], [10], [18]]
35
[[19], [10], [19]]
38
[[19], [10], [17]]
34
[[19], [10], [15]]
28
[[19], [10], [16]]
28
[[19], [15]]
64
[[19], [15], [8]]
36
[[19], [15], [18]]
43
[[19], [15], [19]]
42
[[19], [15], [19], [18]]
30
[[19], [15], [19], [19]]
30
[[19], [15], [15]]
34
[[19], [15], [16]]
40
[[19], [15], [14]]
33
[[19], [15], [17]]
35
[[19], [15], [11]]
32
[[19], [15], [7]]
34
[[19], [15], [9]]
30
[[19], [15], [5]]
29
[[19], [6]]
52
[[19], [6], [18]]
37
[[19], [6], [19]]
41
[[19], [6], [19], [19]]
31
[[19], [6], [16]]
31
[[19], [11]]
59
[[19], [11], [16]]
31
[[19], [11], [18]]
36
[[19], [11], [19]]
37
[[19], [11], [17]]
32
[[19], [11], [14]]
28
[[19], [7]]
57
[[19], [7], [19]]
36
[[19], [7], [18]]
34
[[19], [7], [17]]
34
[[19], [7], [15]]
31
[[19], [7], [16]]
30
[[19], [7], [11]]
28
[[19], [7], [14]]
28
[[19], [9]]
57
[[19], [9], [19]]
48
[[19], [9], [19], [19]]
33
[[19], [9], [19], [18]]
33
[[19], [9], [19], [17]]
30
[[19], [9], [19], [16]]
28
[[19], [9], [18]]
42
[[19], [9], [18], [18]]
28
[[19], [9], [18, 19]]
32
[[19], [9], [17]]
41
[[19], [9], [16]]
35
[[19], [9], [15]]
31
[[19], [9], [14]]
30
[[19], [9], [11]]
29
[[19], [9], [8]]
29
[[19], [17]]
77
[[19], [17], [19]]
55
[[19], [17], [19], [18]]
39
[[19], [17], [19], [19]]
36
[[19], [17], [19], [16]]
32
[[19], [17], [19], [14]]
29
[[19], [17], [19], [17]]
30
[[19], [17], [19], [15]]
28
[[19], [17], [18]]
53
[[19], [17], [18], [16]]
30
[[19], [17], [18], [18]]
36
[[19], [17], [18], [19]]
35
[[19], [17], [18], [17]]
29
[[19], [17], [18, 19]]
30
[[19], [17], [16]]
51
[[19], [17], [17]]
46
[[19], [17], [17], [19]]
30
[[19], [17], [14]]
41
[[19], [17], [15]]
41
[[19], [17], [6]]
35
[[19], [17], [5]]
34
[[19], [17], [12]]
32
[[19], [17], [11]]
39
[[19], [17], [7]]
40
[[19], [17], [3]]
32
[[19], [17], [9]]
31
[[19], [17], [8]]
37
[[19], [17], [10]]
32
[[19], [17], [13]]
32
[[19], [17, 19]]
38
[[19], [17, 19], [19]]
28
[[19], [17, 19], [18]]
28
[[19], [4]]
50
[[19], [4], [19]]
34
[[19], [4], [18]]
32
[[19], [4], [16]]
32
[[19], [4], [17]]
30
[[19], [5]]
57
[[19], [5], [17]]
34
[[19], [5], [19]]
40
[[19], [5], [19], [18]]
28
[[19], [5], [19], [19]]
30
[[19], [5], [18]]
41
[[19], [5], [16]]
33
[[19], [5], [15]]
35
[[19], [5], [5]]
28
[[19], [12]]
50
[[19], [12], [19]]
36
[[19], [12], [18]]
29
[[19], [13]]
52
[[19], [13], [16]]
31
[[19], [13], [18]]
37
[[19], [13], [19]]
40
[[19], [13], [17]]
32
[[19], [2]]
49
[[19], [2], [18]]
35
[[19], [2], [16]]
30
[[19], [2], [19]]
38
[[19], [2], [17]]
32
[[19], [2], [11]]
28
[[19], [2], [15]]
28
[[19], [0]]
53
[[19], [0], [18]]
34
[[19], [0], [19]]
34
[[19], [0], [16]]
32
[[19], [0], [17]]
30
[[19], [0], [7]]
28
[[19], [0], [11]]
29
[[19], [1]]
46
[[19], [1], [19]]
33
[[19], [1], [18]]
32
[[19], [1], [17]]
28
[[8]]
78
[[8], [16]]
54
[[8], [16], [18]]
29
[[8], [16], [19]]
30
[[8], [16], [17]]
30
[[8], [18]]
52
[[8], [18], [18]]
34
[[8], [18], [16]]
30
[[8], [18], [19]]
36
[[8], [18], [17]]
33
[[8], [18, 19]]
38
[[8], [18, 19], [19]]
28
[[8], [19]]
59
[[8], [19], [18]]
39
[[8], [19], [19]]
38
[[8], [19], [19], [19]]
32
[[8], [19], [16]]
35
[[8], [19], [17]]
37
[[8], [19], [15]]
28
[[8], [19], [14]]
29
[[8], [8]]
33
[[8], [17]]
50
[[8], [17], [19]]
31
[[8], [17], [18]]
28
[[8], [14]]
38
[[8], [15]]
42
[[8], [9]]
36
[[8], [5]]
34
[[8], [13]]
29
[[8], [3]]
30
[[8], [11]]
32
[[8], [7]]
31
[[8], [12]]
32
[[8], [10]]
30
[[8], [6]]
29
[[8], [2]]
28
[[3]]
59
[[3], [16]]
40
[[3], [18]]
39
[[3], [18], [18]]
28
[[3], [18, 19]]
30
[[3], [19]]
46
[[3], [19], [18]]
28
[[3], [19], [17]]
28
[[3], [8]]
32
[[3], [15]]
34
[[3], [17]]
37
[[3], [11]]
32
[[3], [7]]
28
[[3], [12]]
29
[[14]]
74
[[14], [16]]
55
[[14], [16], [19]]
32
[[14], [16], [18]]
31
[[14], [16], [16]]
28
[[14], [18]]
55
[[14], [18], [18]]
35
[[14], [18], [19]]
40
[[14], [18], [16]]
38
[[14], [18], [17]]
35
[[14], [18], [15]]
31
[[14], [18], [13]]
28
[[14], [18], [14]]
30
[[14], [18, 19]]
36
[[14], [19]]
60
[[14], [19], [18]]
43
[[14], [19], [18], [19]]
28
[[14], [19], [18, 19]]
28
[[14], [19], [19]]
48
[[14], [19], [19], [18]]
31
[[14], [19], [19], [16]]
30
[[14], [19], [19], [19]]
31
[[14], [19], [19], [17]]
29
[[14], [19], [15]]
36
[[14], [19], [16]]
41
[[14], [19], [17]]
36
[[14], [19], [13]]
32
[[14], [19], [3]]
30
[[14], [19], [8]]
31
[[14], [19], [11]]
32
[[14], [19], [14]]
32
[[14], [19], [10]]
28
[[14], [19], [4]]
28
[[14], [15]]
44
[[14], [15], [19]]
30
[[14], [15], [16]]
28
[[14], [17]]
52
[[14], [17], [18]]
35
[[14], [17], [19]]
36
[[14], [17], [16]]
34
[[14], [17], [15]]
30
[[14], [17], [14]]
28
[[14], [17], [17]]
29
[[14], [8]]
40
[[14], [14]]
42
[[14], [14], [19]]
28
[[14], [3]]
36
[[14], [13]]
39
[[14], [13], [19]]
29
[[14], [9]]
36
[[14], [9], [19]]
30
[[14], [11]]
37
[[14], [6]]
36
[[14], [7]]
37
[[14], [4]]
31
[[14], [10]]
35
[[14], [5]]
32
[[14], [2]]
29
[[14], [1]]
31
[[14], [12]]
29
[[14], [0]]
29
[[16]]
95
[[16], [16]]
62
[[16], [16], [18]]
41
[[16], [16], [18], [19]]
28
[[16], [16], [19]]
45
[[16], [16], [19], [19]]
28
[[16], [16], [16]]
36
[[16], [16], [15]]
35
[[16], [16], [8]]
33
[[16], [16], [17]]
38
[[16], [16], [6]]
31
[[16], [16], [11]]
30
[[16], [16], [5]]
28
[[16], [16], [7]]
29
[[16], [16], [14]]
28
[[16], [16], [9]]
28
[[16], [16, 19]]
28
[[16], [18]]
71
[[16], [18], [18]]
48
[[16], [18], [18], [18]]
30
[[16], [18], [18], [19]]
30
[[16], [18], [18], [17]]
28
[[16], [18], [19]]
51
[[16], [18], [19], [19]]
31
[[16], [18], [19], [18]]
28
[[16], [18], [19], [17]]
28
[[16], [18], [16]]
39
[[16], [18], [17]]
45
[[16], [18], [15]]
36
[[16], [18], [14]]
37
[[16], [18], [5]]
30
[[16], [18], [11]]
31
[[16], [18], [6]]
29
[[16], [18], [8]]
36
[[16], [18], [12]]
29
[[16], [18], [10]]
30
[[16], [18], [7]]
29
[[16], [18], [0]]
29
[[16], [18, 19]]
48
[[16], [18, 19], [18]]
35
[[16], [18, 19], [19]]
33
[[16], [18, 19], [17]]
30
[[16], [19]]
71
[[16], [19], [15]]
41
[[16], [19], [8]]
39
[[16], [19], [11]]
38
[[16], [19], [18]]
53
[[16], [19], [18], [18]]
33
[[16], [19], [18], [19]]
36
[[16], [19], [18], [17]]
32
[[16], [19], [18], [8]]
28
[[16], [19], [18, 19]]
38
[[16], [19], [19]]
58
[[16], [19], [19], [18]]
34
[[16], [19], [19], [17]]
38
[[16], [19], [19], [19]]
43
[[16], [19], [19], [14]]
32
[[16], [19], [19], [15]]
31
[[16], [19], [19], [11]]
29
[[16], [19], [19], [8]]
30
[[16], [19], [19], [16]]
28
[[16], [19], [16]]
42
[[16], [19], [4]]
33
[[16], [19], [3]]
31
[[16], [19], [17]]
50
[[16], [19], [17], [19]]
32
[[16], [19], [14]]
42
[[16], [19], [13]]
30
[[16], [19], [5]]
30
[[16], [19], [10]]
37
[[16], [19], [9]]
34
[[16], [19], [6]]
31
[[16], [19], [7]]
34
[[16], [19], [0]]
31
[[16], [19], [12]]
28
[[16], [10]]
47
[[16], [10], [19]]
35
[[16], [10], [18]]
28
[[16], [10], [15]]
28
[[16], [15]]
52
[[16], [15], [19]]
32
[[16], [15], [18]]
30
[[16], [15], [8]]
28
[[16], [6]]
42
[[16], [6], [19]]
33
[[16], [8]]
57
[[16], [8], [18]]
30
[[16], [8], [19]]
38
[[16], [8], [16]]
31
[[16], [8], [17]]
31
[[16], [11]]
50
[[16], [11], [18]]
29
[[16], [11], [19]]
29
[[16], [9]]
47
[[16], [9], [19]]
40
[[16], [9], [17]]
33
[[16], [9], [18]]
30
[[16], [14]]
52
[[16], [14], [19]]
35
[[16], [14], [18]]
28
[[16], [14], [17]]
28
[[16], [13]]
41
[[16], [13], [19]]
29
[[16], [4]]
41
[[16], [4], [19]]
28
[[16], [5]]
42
[[16], [17]]
64
[[16], [17], [18]]
40
[[16], [17], [19]]
45
[[16], [17], [16]]
32
[[16], [17], [17]]
35
[[16], [17], [14]]
33
[[16], [17], [15]]
29
[[16], [17], [11]]
32
[[16], [17], [8]]
28
[[16], [17, 19]]
29
[[16], [0]]
39
[[16], [12]]
46
[[16], [12], [19]]
30
[[16], [3]]
43
[[16], [3], [19]]
30
[[16], [1]]
38
[[16], [7]]
46
[[16], [7], [19]]
30
[[16], [2]]
35
[[16, 18]]
38
[[16, 19]]
49
[[16, 19], [18]]
40
[[16, 19], [18], [18]]
29
[[16, 19], [18, 19]]
29
[[16, 19], [19]]
40
[[16, 19], [19], [18]]
31
[[16, 19], [16]]
36
[[16, 19], [17]]
35
[[16, 19], [8]]
32
[[16, 19], [11]]
28
[[10]]
66
[[10], [8]]
32
[[10], [11]]
33
[[10], [18]]
44
[[10], [18], [18]]
28
[[10], [18], [19]]
28
[[10], [18, 19]]
28
[[10], [19]]
50
[[10], [19], [15]]
29
[[10], [19], [16]]
29
[[10], [19], [19]]
34
[[10], [19], [18]]
32
[[10], [19], [17]]
33
[[10], [19], [11]]
28
[[10], [7]]
37
[[10], [15]]
36
[[10], [16]]
40
[[10], [16], [19]]
29
[[10], [5]]
31
[[10], [12]]
31
[[10], [17]]
45
[[10], [14]]
30
[[10], [10]]
31
[[10], [9]]
28
[[10], [0]]
29
[[6]]
64
[[6], [18]]
47
[[6], [18], [16]]
28
[[6], [18], [19]]
37
[[6], [18], [18]]
29
[[6], [18], [17]]
31
[[6], [18, 19]]
33
[[6], [19]]
52
[[6], [19], [16]]
29
[[6], [19], [19]]
40
[[6], [19], [18]]
32
[[6], [19], [17]]
31
[[6], [9]]
30
[[6], [15]]
36
[[6], [16]]
40
[[6], [16], [19]]
31
[[6], [5]]
37
[[6], [17]]
38
[[6], [12]]
33
[[6], [8]]
35
[[6], [3]]
29
[[6], [11]]
32
[[6], [14]]
31
[[6], [7]]
29
[[6], [10]]
29
[[7]]
66
[[7], [16]]
37
[[7], [19]]
45
[[7], [19], [18]]
32
[[7], [19], [19]]
34
[[7], [19], [16]]
28
[[7], [19], [17]]
29
[[7], [11]]
35
[[7], [14]]
34
[[7], [18]]
45
[[7], [18], [17]]
29
[[7], [18, 19]]
30
[[7], [17]]
41
[[7], [15]]
36
[[7], [8]]
32
[[7], [5]]
29
[[7], [7]]
30
[[9]]
64
[[9], [16]]
46
[[9], [16], [19]]
30
[[9], [16], [18]]
28
[[9], [19]]
58
[[9], [19], [19]]
45
[[9], [19], [19], [18]]
30
[[9], [19], [19], [19]]
32
[[9], [19], [19], [17]]
30
[[9], [19], [19], [16]]
28
[[9], [19], [18]]
43
[[9], [19], [17]]
40
[[9], [19], [11]]
32
[[9], [19], [14]]
34
[[9], [19], [16]]
37
[[9], [19], [15]]
31
[[9], [19], [10]]
28
[[9], [19], [9]]
28
[[9], [19], [7]]
28
[[9], [11]]
36
[[9], [18]]
51
[[9], [18], [18]]
39
[[9], [18], [16]]
32
[[9], [18], [19]]
38
[[9], [18], [14]]
31
[[9], [18], [17]]
34
[[9], [18, 19]]
41
[[9], [18, 19], [18]]
32
[[9], [18, 19], [19]]
28
[[9], [14]]
40
[[9], [14], [19]]
31
[[9], [14], [18]]
28
[[9], [14], [17]]
28
[[9], [15]]
38
[[9], [17]]
50
[[9], [17], [19]]
32
[[9], [17], [18]]
30
[[9], [17], [16]]
28
[[9], [8]]
36
[[9], [3]]
32
[[9], [9]]
34
[[9], [13]]
32
[[9], [6]]
32
[[9], [5]]
29
[[9], [7]]
32
[[9], [4]]
31
[[9], [1]]
30
[[9], [10]]
29
[[9], [0]]
28
[[12]]
66
[[12], [17]]
36
[[12], [19]]
48
[[12], [19], [19]]
37
[[12], [19], [18]]
33
[[12], [19], [17]]
29
[[12], [19], [15]]
28
[[12], [19], [16]]
28
[[12], [5]]
33
[[12], [18]]
40
[[12], [18], [18]]
32
[[12], [18], [19]]
33
[[12], [18, 19]]
32
[[12], [14]]
30
[[12], [16]]
39
[[12], [16], [19]]
28
[[12], [11]]
33
[[12], [8]]
34
[[12], [15]]
31
[[12], [3]]
28
[[12], [10]]
28
[[12], [12]]
32
[[4]]
56
[[4], [17]]
35
[[4], [19]]
40
[[4], [19], [18]]
31
[[4], [19], [19]]
30
[[4], [19], [17]]
31
[[4], [19], [16]]
28
[[4], [18]]
41
[[4], [18], [18]]
30
[[4], [18], [19]]
28
[[4], [18], [17]]
28
[[4], [16]]
38
[[4], [15]]
33
[[4], [14]]
29
[[4], [8]]
33
[[4], [4]]
28
[[13]]
65
[[13], [16]]
41
[[13], [16], [19]]
29
[[13], [18]]
44
[[13], [18], [18]]
32
[[13], [18], [19]]
33
[[13], [18], [16]]
28
[[13], [18, 19]]
33
[[13], [19]]
51
[[13], [19], [18]]
35
[[13], [19], [18, 19]]
28
[[13], [19], [19]]
36
[[13], [19], [14]]
29
[[13], [15]]
35
[[13], [6]]
28
[[13], [8]]
40
[[13], [8], [19]]
31
[[13], [14]]
32
[[13], [17]]
40
[[13], [17], [19]]
29
[[13], [13]]
32
[[13], [11]]
33
[[13], [3]]
29
[[13], [9]]
29
[[13], [10]]
29
[[0]]
60
[[0], [18]]
44
[[0], [18], [18]]
29
[[0], [18], [19]]
32
[[0], [18], [17]]
29
[[0], [18, 19]]
29
[[0], [17]]
39
[[0], [19]]
44
[[0], [19], [18]]
33
[[0], [19], [19]]
33
[[0], [19], [17]]
28
[[0], [19], [16]]
28
[[0], [16]]
37
[[0], [11]]
37
[[0], [8]]
30
[[0], [15]]
33
[[0], [7]]
35
[[0], [3]]
31
[[0], [4]]
28
[[0], [14]]
32
[[0], [2]]
28
[[0], [10]]
28
[[0], [6]]
30
[[1]]
54
[[1], [18]]
39
[[1], [17]]
36
[[1], [19]]
41
[[1], [19], [18]]
29
[[1], [16]]
31
[[1], [15]]
29
[[1], [7]]
28
