[[5]]
36
[[5], [17]]
26
[[5], [17], [18]]
18
[[5], [17], [19]]
17
[[5], [17], [16]]
16
[[5], [17], [11]]
14
[[5], [17], [15]]
14
[[5], [17], [9]]
13
[[5], [15]]
23
[[5], [15], [18]]
13
[[5], [15], [19]]
14
[[5], [15], [9]]
13
[[5], [18]]
26
[[5], [18], [8]]
13
[[5], [18], [18]]
18
[[5], [18], [18], [18]]
16
[[5], [18], [18], [19]]
14
[[5], [18], [19]]
19
[[5], [18], [19], [19]]
13
[[5], [18], [16]]
16
[[5], [18], [15]]
16
[[5], [18], [11]]
14
[[5], [18], [9]]
16
[[5], [18], [17]]
16
[[5], [18], [12]]
13
[[5], [18, 19]]
19
[[5], [18, 19], [18]]
15
[[5], [18, 19], [18], [18]]
14
[[5], [18, 19], [19]]
14
[[5], [18, 19], [15]]
13
[[5], [19]]
27
[[5], [19], [18]]
22
[[5], [19], [18], [18]]
16
[[5], [19], [18], [19]]
15
[[5], [19], [18], [15]]
13
[[5], [19], [18], [17]]
13
[[5], [19], [18, 19]]
17
[[5], [19], [18, 19], [18]]
14
[[5], [19], [18, 19], [19]]
13
[[5], [19], [19]]
20
[[5], [19], [19], [16]]
13
[[5], [19], [19], [18]]
17
[[5], [19], [19], [19]]
15
[[5], [19], [19], [15]]
15
[[5], [19], [19], [17]]
14
[[5], [19], [16]]
16
[[5], [19], [16], [19]]
14
[[5], [19], [16], [18]]
13
[[5], [19], [15]]
18
[[5], [19], [11]]
16
[[5], [19], [9]]
14
[[5], [19], [17]]
17
[[5], [19], [3]]
14
[[5], [19], [8]]
14
[[5], [19], [14]]
13
[[5], [19], [4]]
13
[[5], [19], [10]]
13
[[5], [8]]
20
[[5], [3]]
18
[[5], [14]]
13
[[5], [16]]
24
[[5], [16], [18]]
16
[[5], [16], [19]]
19
[[5], [16], [19], [18]]
13
[[5], [16], [8]]
13
[[5], [16], [16]]
13
[[5], [16], [15]]
13
[[5], [10]]
17
[[5], [10], [18]]
14
[[5], [10], [19]]
13
[[5], [6]]
15
[[5], [11]]
17
[[5], [9]]
20
[[5], [9], [19]]
15
[[5], [9], [17]]
13
[[5], [5]]
18
[[5], [5], [19]]
14
[[5], [13]]
16
[[5], [12]]
18
[[5], [4]]
17
[[5], [0]]
13
[[5], [2]]
14
[[5], [7]]
15
[[5], [7], [19]]
13
[[11]]
30
[[11], [17]]
18
[[11], [17], [18]]
15
[[11], [17], [19]]
14
[[11], [15]]
14
[[11], [18]]
22
[[11], [18], [18]]
15
[[11], [18], [19]]
13
[[11], [18, 19]]
14
[[11], [18, 19], [18]]
13
[[11], [19]]
22
[[11], [19], [18]]
19
[[11], [19], [18], [18]]
13
[[11], [19], [18, 19]]
13
[[11], [19], [19]]
18
[[11], [19], [19], [18]]
14
[[11], [19], [16]]
13
[[11], [19], [17]]
15
[[11], [8]]
15
[[11], [14]]
16
[[11], [16]]
19
[[11], [16], [18]]
13
[[11], [16], [19]]
13
[[11], [6]]
13
[[11], [7]]
15
[[11], [9]]
15
[[17]]
39
[[17], [2]]
15
[[17], [2], [18]]
14
[[17], [15]]
23
[[17], [15], [18]]
15
[[17], [15], [19]]
16
[[17], [15], [16]]
16
[[17], [15], [15]]
13
[[17], [15], [9]]
13
[[17], [15], [17]]
13
[[17], [15, 19]]
13
[[17], [18]]
30
[[17], [18], [8]]
14
[[17], [18], [18]]
21
[[17], [18], [18], [18]]
15
[[17], [18], [18], [19]]
15
[[17], [18], [18, 19]]
13
[[17], [18], [19]]
21
[[17], [18], [19], [18]]
16
[[17], [18], [19], [19]]
16
[[17], [18], [14]]
16
[[17], [18], [16]]
22
[[17], [18], [16], [18]]
14
[[17], [18], [16], [19]]
16
[[17], [18], [11]]
13
[[17], [18], [9]]
16
[[17], [18], [9], [19]]
13
[[17], [18], [12]]
16
[[17], [18], [3]]
14
[[17], [18], [15]]
16
[[17], [18], [6]]
16
[[17], [18], [17]]
19
[[17], [18, 19]]
21
[[17], [18, 19], [18]]
17
[[17], [18, 19], [19]]
13
[[17], [18, 19], [16]]
15
[[17], [19]]
31
[[17], [19], [18]]
24
[[17], [19], [18], [16]]
14
[[17], [19], [18], [18]]
14
[[17], [19], [18], [19]]
16
[[17], [19], [18], [11]]
13
[[17], [19], [18], [9]]
13
[[17], [19], [18], [15]]
13
[[17], [19], [18], [14]]
13
[[17], [19], [18], [17]]
13
[[17], [19], [18, 19]]
17
[[17], [19], [18, 19], [18]]
14
[[17], [19], [19]]
23
[[17], [19], [19], [16]]
13
[[17], [19], [19], [18]]
17
[[17], [19], [19], [19]]
16
[[17], [19], [19], [15]]
14
[[17], [19], [19], [11]]
13
[[17], [19], [19], [17]]
13
[[17], [19], [16]]
22
[[17], [19], [16], [18]]
15
[[17], [19], [16], [19]]
16
[[17], [19], [16], [16]]
13
[[17], [19], [16], [15]]
13
[[17], [19], [15]]
18
[[17], [19], [11]]
16
[[17], [19], [9]]
16
[[17], [19], [3]]
16
[[17], [19], [8]]
14
[[17], [19], [14]]
15
[[17], [19], [10]]
15
[[17], [19], [6]]
14
[[17], [19], [4]]
14
[[17], [19], [12]]
14
[[17], [19], [17]]
21
[[17], [19], [5]]
15
[[17], [8]]
20
[[17], [8], [18]]
13
[[17], [8], [16]]
15
[[17], [8], [19]]
14
[[17], [8], [15]]
13
[[17], [3]]
19
[[17], [14]]
19
[[17], [14], [19]]
14
[[17], [16]]
28
[[17], [16], [16]]
17
[[17], [16], [18]]
18
[[17], [16], [19]]
20
[[17], [16], [19], [18]]
13
[[17], [16], [8]]
14
[[17], [16], [15]]
14
[[17], [16], [12]]
14
[[17], [16], [17]]
13
[[17], [16, 19]]
13
[[17], [10]]
17
[[17], [10], [18]]
13
[[17], [10], [16]]
14
[[17], [10], [16], [19]]
14
[[17], [10], [19]]
16
[[17], [10], [19], [19]]
13
[[17], [10], [17]]
13
[[17], [6]]
22
[[17], [6], [18]]
15
[[17], [6], [19]]
16
[[17], [11]]
19
[[17], [9]]
20
[[17], [9], [19]]
17
[[17], [9], [17]]
13
[[17], [17]]
28
[[17], [17], [17]]
14
[[17], [17], [18]]
17
[[17], [17], [16]]
17
[[17], [17], [19]]
17
[[17], [17], [15]]
14
[[17], [17, 19]]
14
[[17], [5]]
22
[[17], [5], [17]]
16
[[17], [5], [19]]
18
[[17], [5], [18]]
15
[[17], [5], [16]]
15
[[17], [5], [16], [19]]
13
[[17], [5], [15]]
13
[[17], [12]]
19
[[17], [12], [18]]
14
[[17], [12], [19]]
15
[[17], [12], [17]]
13
[[17], [4]]
15
[[17], [13]]
17
[[17], [7]]
17
[[17, 19]]
19
[[17, 19], [17]]
13
[[17, 19], [19]]
14
[[17, 19], [18]]
13
[[17, 18]]
14
[[2]]
25
[[2], [18]]
23
[[2], [18], [18]]
14
[[2], [18], [16]]
13
[[2], [18], [19]]
14
[[2], [18], [6]]
13
[[2], [18, 19]]
15
[[2], [19]]
22
[[2], [19], [18]]
18
[[2], [19], [19]]
15
[[2], [19], [17]]
14
[[2], [16]]
18
[[2], [16], [18]]
14
[[2], [6]]
17
[[2], [6], [19]]
14
[[2], [17]]
19
[[2], [8]]
15
[[2], [15]]
15
[[2], [14]]
13
[[2], [11]]
14
[[2], [5]]
13
[[2], [12]]
14
[[15]]
33
[[15], [8]]
18
[[15], [18]]
22
[[15], [18], [16]]
14
[[15], [18], [18]]
18
[[15], [18], [19]]
15
[[15], [18, 19]]
15
[[15], [19]]
24
[[15], [19], [18]]
14
[[15], [19], [19]]
18
[[15], [19], [15]]
14
[[15], [19], [14]]
14
[[15], [19], [17]]
14
[[15], [14]]
18
[[15], [14], [19]]
16
[[15], [16]]
19
[[15], [16], [18]]
14
[[15], [16], [15]]
14
[[15], [16], [19]]
16
[[15], [16], [16]]
13
[[15], [15]]
20
[[15], [6]]
14
[[15], [9]]
18
[[15], [9], [19]]
15
[[15], [5]]
19
[[15], [17]]
18
[[15], [17], [19]]
13
[[15], [10]]
13
[[15], [11]]
13
[[15], [7]]
15
[[15], [4]]
13
[[15], [12]]
16
[[15], [13]]
14
[[15, 19]]
16
[[15, 19], [18]]
13
[[18]]
41
[[18], [8]]
23
[[18], [8], [19]]
16
[[18], [8], [19], [18]]
14
[[18], [8], [18]]
16
[[18], [8], [18, 19]]
13
[[18], [8], [16]]
13
[[18], [18]]
35
[[18], [18], [14]]
21
[[18], [18], [14], [18]]
13
[[18], [18], [14], [19]]
16
[[18], [18], [16]]
21
[[18], [18], [16], [19]]
14
[[18], [18], [16], [18]]
13
[[18], [18], [18]]
25
[[18], [18], [18], [18]]
15
[[18], [18], [18], [19]]
15
[[18], [18], [18], [17]]
13
[[18], [18], [18, 19]]
15
[[18], [18], [18, 19], [18]]
13
[[18], [18], [19]]
27
[[18], [18], [19], [18]]
18
[[18], [18], [19], [18, 19]]
13
[[18], [18], [19], [19]]
18
[[18], [18], [19], [8]]
13
[[18], [18], [19], [16]]
13
[[18], [18], [19], [17]]
15
[[18], [18], [19], [15]]
14
[[18], [18], [15]]
20
[[18], [18], [15], [19]]
14
[[18], [18], [8]]
17
[[18], [18], [11]]
16
[[18], [18], [9]]
15
[[18], [18], [9], [19]]
13
[[18], [18], [3]]
13
[[18], [18], [17]]
20
[[18], [18], [6]]
15
[[18], [18], [12]]
13
[[18], [18], [13]]
13
[[18], [18], [5]]
14
[[18], [18, 19]]
26
[[18], [18, 19], [16]]
15
[[18], [18, 19], [18]]
21
[[18], [18, 19], [19]]
19
[[18], [18, 19], [19], [18]]
15
[[18], [18, 19], [19], [19]]
15
[[18], [18, 19], [15]]
16
[[18], [18, 19], [8]]
15
[[18], [18, 19], [14]]
17
[[18], [18, 19], [14], [19]]
13
[[18], [18, 19], [17]]
15
[[18], [19]]
34
[[18], [19], [14]]
19
[[18], [19], [14], [19]]
14
[[18], [19], [16]]
21
[[18], [19], [16], [18]]
16
[[18], [19], [16], [18, 19]]
13
[[18], [19], [16], [19]]
15
[[18], [19], [16], [19], [19]]
13
[[18], [19], [16], [15]]
13
[[18], [19], [16], [8]]
14
[[18], [19], [18]]
26
[[18], [19], [18], [18]]
15
[[18], [19], [18], [19]]
17
[[18], [19], [18], [16]]
13
[[18], [19], [18], [15]]
13
[[18], [19], [18], [8]]
13
[[18], [19], [18], [17]]
13
[[18], [19], [18, 19]]
19
[[18], [19], [18, 19], [18]]
14
[[18], [19], [18, 19], [19]]
14
[[18], [19], [19]]
27
[[18], [19], [19], [18]]
21
[[18], [19], [19], [18, 19]]
14
[[18], [19], [19], [19]]
19
[[18], [19], [19], [19], [19]]
13
[[18], [19], [19], [19], [18]]
13
[[18], [19], [19], [19], [15]]
13
[[18], [19], [19], [16]]
14
[[18], [19], [19], [15]]
15
[[18], [19], [19], [14]]
14
[[18], [19], [19], [8]]
13
[[18], [19], [19], [17]]
15
[[18], [19], [19], [11]]
13
[[18], [19], [15]]
19
[[18], [19], [15], [19]]
15
[[18], [19], [6]]
15
[[18], [19], [8]]
17
[[18], [19], [8], [18]]
13
[[18], [19], [8], [19]]
13
[[18], [19], [11]]
18
[[18], [19], [11], [19]]
13
[[18], [19], [9]]
16
[[18], [19], [9], [19]]
13
[[18], [19], [13]]
15
[[18], [19], [17]]
22
[[18], [19], [3]]
15
[[18], [19], [5]]
16
[[18], [19], [0]]
13
[[18], [19], [10]]
15
[[18], [3]]
19
[[18], [3], [19]]
14
[[18], [14]]
28
[[18], [14], [16]]
15
[[18], [14], [18]]
16
[[18], [14], [19]]
19
[[18], [14], [19], [19]]
13
[[18], [14], [15]]
13
[[18], [14], [17]]
16
[[18], [16]]
32
[[18], [16], [16]]
17
[[18], [16], [18]]
24
[[18], [16], [18], [18]]
13
[[18], [16], [18], [19]]
15
[[18], [16], [18, 19]]
18
[[18], [16], [19]]
24
[[18], [16], [19], [18]]
19
[[18], [16], [19], [18, 19]]
15
[[18], [16], [19], [19]]
20
[[18], [16], [19], [15]]
14
[[18], [16], [19], [16]]
13
[[18], [16], [10]]
14
[[18], [16], [15]]
18
[[18], [16], [15], [19]]
13
[[18], [16], [8]]
19
[[18], [16], [9]]
13
[[18], [16], [12]]
16
[[18], [16], [14]]
17
[[18], [16], [3]]
13
[[18], [16], [6]]
13
[[18], [16], [17]]
15
[[18], [16, 19]]
18
[[18], [16, 19], [18]]
16
[[18], [16, 19], [19]]
15
[[18], [16, 19], [19], [18]]
13
[[18], [10]]
19
[[18], [10], [18]]
16
[[18], [10], [18], [19]]
14
[[18], [10], [18, 19]]
13
[[18], [10], [19]]
18
[[18], [10], [19], [19]]
15
[[18], [10], [19], [15]]
13
[[18], [10], [15]]
14
[[18], [10], [16]]
15
[[18], [10], [16], [19]]
15
[[18], [10], [17]]
13
[[18], [15]]
25
[[18], [15], [8]]
14
[[18], [15], [18]]
16
[[18], [15], [19]]
19
[[18], [15], [9]]
13
[[18], [15], [16]]
15
[[18], [15], [15]]
13
[[18], [15], [5]]
13
[[18], [15, 19]]
13
[[18], [6]]
23
[[18], [6], [19]]
18
[[18], [6], [18]]
17
[[18], [11]]
21
[[18], [11], [16]]
13
[[18], [11], [18]]
15
[[18], [11], [19]]
16
[[18], [11], [19], [19]]
14
[[18], [11], [19], [18]]
13
[[18], [9]]
22
[[18], [9], [19]]
19
[[18], [9], [19], [19]]
14
[[18], [9], [18]]
14
[[18], [9], [17]]
15
[[18], [13]]
24
[[18], [13], [18]]
18
[[18], [13], [16]]
15
[[18], [13], [19]]
17
[[18], [13], [19], [19]]
13
[[18], [13], [17]]
16
[[18], [13], [14]]
13
[[18], [5]]
25
[[18], [5], [15]]
14
[[18], [5], [19]]
17
[[18], [5], [19], [18]]
13
[[18], [5], [18]]
15
[[18], [5], [16]]
15
[[18], [5], [17]]
15
[[18], [17]]
31
[[18], [17], [18]]
17
[[18], [17], [15]]
13
[[18], [17], [19]]
18
[[18], [17], [16]]
16
[[18], [17], [17]]
16
[[18], [17, 19]]
16
[[18], [12]]
23
[[18], [12], [19]]
18
[[18], [12], [18]]
16
[[18], [12], [17]]
13
[[18], [1]]
14
[[18], [4]]
17
[[18], [4], [18]]
13
[[18], [7]]
18
[[18], [7], [19]]
14
[[18], [7], [18]]
13
[[18], [0]]
16
[[18], [2]]
18
[[18], [2], [18]]
16
[[18], [2], [19]]
14
[[18], [2], [17]]
13
[[18, 19]]
32
[[18, 19], [8]]
19
[[18, 19], [8], [18]]
13
[[18, 19], [8], [19]]
14
[[18, 19], [18]]
27
[[18, 19], [18], [16]]
14
[[18, 19], [18], [18]]
18
[[18, 19], [18], [19]]
17
[[18, 19], [18], [15]]
15
[[18, 19], [18], [8]]
13
[[18, 19], [18, 19]]
16
[[18, 19], [18, 19], [18]]
13
[[18, 19], [18, 19], [19]]
13
[[18, 19], [19]]
24
[[18, 19], [19], [16]]
15
[[18, 19], [19], [18]]
20
[[18, 19], [19], [18], [19]]
14
[[18, 19], [19], [18, 19]]
13
[[18, 19], [19], [19]]
21
[[18, 19], [19], [19], [19]]
14
[[18, 19], [19], [19], [18]]
13
[[18, 19], [19], [14]]
13
[[18, 19], [19], [15]]
15
[[18, 19], [19], [11]]
13
[[18, 19], [19], [17]]
13
[[18, 19], [14]]
19
[[18, 19], [14], [18]]
13
[[18, 19], [14], [19]]
14
[[18, 19], [16]]
23
[[18, 19], [16], [18]]
18
[[18, 19], [16], [19]]
16
[[18, 19], [16], [16]]
13
[[18, 19], [16], [8]]
14
[[18, 19], [16], [15]]
13
[[18, 19], [15]]
21
[[18, 19], [15], [18]]
14
[[18, 19], [15], [19]]
15
[[18, 19], [11]]
18
[[18, 19], [11], [16]]
13
[[18, 19], [11], [18]]
13
[[18, 19], [11], [19]]
14
[[18, 19], [11], [19], [19]]
13
[[18, 19], [9]]
15
[[18, 19], [9], [19]]
13
[[18, 19], [17]]
22
[[18, 19], [17], [18]]
14
[[18, 19], [17], [16]]
13
[[18, 19], [17, 19]]
13
[[18, 19], [12]]
16
[[18, 19], [3]]
13
[[18, 19], [6]]
18
[[18, 19], [6], [18]]
14
[[18, 19], [6], [19]]
14
[[18, 19], [0]]
14
[[18, 19], [5]]
17
[[18, 19], [13]]
15
[[18, 19], [4]]
14
[[18, 19], [10]]
13
[[18, 19], [7]]
13
[[18, 19], [2]]
13
[[19]]
45
[[19], [8]]
27
[[19], [8], [16]]
16
[[19], [8], [18]]
21
[[19], [8], [18], [18]]
13
[[19], [8], [18], [19]]
13
[[19], [8], [18, 19]]
14
[[19], [8], [19]]
20
[[19], [8], [19], [18]]
16
[[19], [8], [17]]
17
[[19], [8], [14]]
13
[[19], [8], [15]]
15
[[19], [18]]
36
[[19], [18], [14]]
22
[[19], [18], [14], [19]]
15
[[19], [18], [14], [17]]
13
[[19], [18], [16]]
23
[[19], [18], [16], [18]]
15
[[19], [18], [16], [19]]
14
[[19], [18], [16], [15]]
13
[[19], [18], [18]]
28
[[19], [18], [18], [15]]
15
[[19], [18], [18], [18]]
19
[[19], [18], [18], [19]]
18
[[19], [18], [18], [19], [19]]
14
[[19], [18], [18], [16]]
14
[[19], [18], [18], [14]]
15
[[19], [18], [18], [17]]
15
[[19], [18], [18], [11]]
13
[[19], [18], [18, 19]]
17
[[19], [18], [18, 19], [18]]
14
[[19], [18], [19]]
27
[[19], [18], [19], [18]]
18
[[19], [18], [19], [19]]
18
[[19], [18], [19], [19], [19]]
13
[[19], [18], [19], [14]]
15
[[19], [18], [19], [17]]
16
[[19], [18], [19], [15]]
14
[[19], [18], [15]]
22
[[19], [18], [15], [19]]
14
[[19], [18], [8]]
17
[[19], [18], [11]]
17
[[19], [18], [9]]
18
[[19], [18], [9], [19]]
14
[[19], [18], [17]]
23
[[19], [18], [17], [18]]
13
[[19], [18], [3]]
16
[[19], [18], [13]]
14
[[19], [18], [5]]
15
[[19], [18], [6]]
17
[[19], [18], [12]]
15
[[19], [18], [4]]
14
[[19], [18], [10]]
13
[[19], [18], [7]]
13
[[19], [18], [0]]
13
[[19], [18, 19]]
29
[[19], [18, 19], [14]]
18
[[19], [18, 19], [14], [19]]
13
[[19], [18, 19], [16]]
16
[[19], [18, 19], [18]]
23
[[19], [18, 19], [18], [18]]
14
[[19], [18, 19], [18], [19]]
13
[[19], [18, 19], [19]]
20
[[19], [18, 19], [19], [18]]
14
[[19], [18, 19], [19], [19]]
15
[[19], [18, 19], [15]]
19
[[19], [18, 19], [8]]
14
[[19], [18, 19], [11]]
14
[[19], [18, 19], [17]]
18
[[19], [18, 19], [6]]
13
[[19], [19]]
36
[[19], [19], [3]]
15
[[19], [19], [14]]
23
[[19], [19], [14], [18]]
14
[[19], [19], [14], [19]]
17
[[19], [19], [16]]
25
[[19], [19], [16], [18]]
18
[[19], [19], [16], [15]]
16
[[19], [19], [16], [19]]
17
[[19], [19], [16], [19], [19]]
13
[[19], [19], [16], [19], [15]]
13
[[19], [19], [16], [8]]
14
[[19], [19], [16], [16]]
14
[[19], [19], [18]]
30
[[19], [19], [18], [15]]
16
[[19], [19], [18], [8]]
15
[[19], [19], [18], [11]]
13
[[19], [19], [18], [18]]
18
[[19], [19], [18], [19]]
18
[[19], [19], [18], [16]]
16
[[19], [19], [18], [14]]
15
[[19], [19], [18], [17]]
16
[[19], [19], [18, 19]]
19
[[19], [19], [18, 19], [18]]
15
[[19], [19], [18, 19], [19]]
13
[[19], [19], [19]]
30
[[19], [19], [19], [15]]
18
[[19], [19], [19], [8]]
14
[[19], [19], [19], [18]]
24
[[19], [19], [19], [18], [19]]
14
[[19], [19], [19], [18], [18]]
13
[[19], [19], [19], [18, 19]]
15
[[19], [19], [19], [19]]
21
[[19], [19], [19], [19], [18]]
14
[[19], [19], [19], [19], [15]]
13
[[19], [19], [19], [19], [19]]
13
[[19], [19], [19], [16]]
16
[[19], [19], [19], [14]]
18
[[19], [19], [19], [17]]
19
[[19], [19], [19], [4]]
14
[[19], [19], [19], [6]]
13
[[19], [19], [19], [11]]
14
[[19], [19], [15]]
23
[[19], [19], [15], [19]]
15
[[19], [19], [6]]
17
[[19], [19], [8]]
18
[[19], [19], [11]]
19
[[19], [19], [11], [16]]
13
[[19], [19], [11], [18]]
14
[[19], [19], [11], [19]]
14
[[19], [19], [9]]
18
[[19], [19], [9], [19]]
15
[[19], [19], [4]]
18
[[19], [19], [13]]
18
[[19], [19], [13], [19]]
13
[[19], [19], [5]]
17
[[19], [19], [17]]
25
[[19], [19], [17], [18]]
16
[[19], [19], [17], [19]]
15
[[19], [19], [17], [16]]
14
[[19], [19], [17], [15]]
14
[[19], [19], [12]]
14
[[19], [19], [0]]
13
[[19], [19], [10]]
15
[[19], [19], [7]]
13
[[19], [3]]
21
[[19], [3], [16]]
13
[[19], [3], [18]]
13
[[19], [3], [19]]
17
[[19], [14]]
25
[[19], [14], [18]]
16
[[19], [14], [16]]
13
[[19], [14], [19]]
20
[[19], [14], [17]]
15
[[19], [16]]
36
[[19], [16], [16]]
22
[[19], [16], [18]]
28
[[19], [16], [18], [18]]
17
[[19], [16], [18], [18], [18]]
13
[[19], [16], [18], [19]]
18
[[19], [16], [18], [15]]
15
[[19], [16], [18], [8]]
13
[[19], [16], [18], [17]]
13
[[19], [16], [18], [14]]
13
[[19], [16], [18, 19]]
19
[[19], [16], [18, 19], [18]]
13
[[19], [16], [19]]
28
[[19], [16], [19], [18]]
21
[[19], [16], [19], [18, 19]]
16
[[19], [16], [19], [19]]
21
[[19], [16], [19], [15]]
17
[[19], [16], [19], [16]]
13
[[19], [16], [19], [17]]
15
[[19], [16], [19], [8]]
13
[[19], [16], [19], [14]]
13
[[19], [16], [15]]
22
[[19], [16], [15], [19]]
13
[[19], [16], [6]]
15
[[19], [16], [8]]
22
[[19], [16], [8], [18]]
13
[[19], [16], [8], [19]]
14
[[19], [16], [11]]
16
[[19], [16], [9]]
15
[[19], [16], [14]]
19
[[19], [16], [17]]
20
[[19], [16], [17], [19]]
13
[[19], [16], [12]]
17
[[19], [16], [13]]
13
[[19], [16], [10]]
15
[[19], [16], [3]]
13
[[19], [16], [4]]
16
[[19], [16], [5]]
14
[[19], [16, 18]]
13
[[19], [16, 19]]
17
[[19], [16, 19], [18]]
15
[[19], [16, 19], [19]]
14
[[19], [10]]
22
[[19], [10], [18]]
18
[[19], [10], [18], [19]]
13
[[19], [10], [15]]
16
[[19], [10], [16]]
15
[[19], [10], [16], [19]]
14
[[19], [10], [16], [18]]
13
[[19], [10], [19]]
18
[[19], [10], [19], [15]]
13
[[19], [10], [19], [19]]
14
[[19], [10], [8]]
13
[[19], [10], [11]]
14
[[19], [10], [7]]
14
[[19], [10], [12]]
13
[[19], [10], [17]]
15
[[19], [15]]
27
[[19], [15], [8]]
15
[[19], [15], [18]]
19
[[19], [15], [18], [18]]
14
[[19], [15], [19]]
19
[[19], [15], [19], [19]]
13
[[19], [15], [15]]
17
[[19], [15], [16]]
15
[[19], [15], [5]]
14
[[19], [15], [9]]
14
[[19], [15], [17]]
13
[[19], [15], [14]]
14
[[19], [15, 19]]
13
[[19], [6]]
24
[[19], [6], [18]]
19
[[19], [6], [18], [19]]
13
[[19], [6], [19]]
18
[[19], [6], [16]]
14
[[19], [11]]
25
[[19], [11], [16]]
15
[[19], [11], [18]]
18
[[19], [11], [19]]
18
[[19], [11], [19], [19]]
15
[[19], [11], [19], [18]]
15
[[19], [11], [17]]
14
[[19], [7]]
20
[[19], [7], [19]]
16
[[19], [7], [18]]
15
[[19], [7], [16]]
13
[[19], [7], [17]]
14
[[19], [9]]
26
[[19], [9], [19]]
20
[[19], [9], [19], [18]]
13
[[19], [9], [19], [19]]
14
[[19], [9], [18]]
16
[[19], [9], [17]]
17
[[19], [9], [16]]
13
[[19], [17]]
33
[[19], [17], [19]]
21
[[19], [17], [19], [18]]
14
[[19], [17], [18]]
22
[[19], [17], [18], [16]]
13
[[19], [17], [18], [18]]
13
[[19], [17], [16]]
20
[[19], [17], [17]]
20
[[19], [17], [14]]
14
[[19], [17], [15]]
16
[[19], [17], [6]]
15
[[19], [17], [9]]
13
[[19], [17], [5]]
13
[[19], [17], [12]]
13
[[19], [17], [11]]
14
[[19], [17], [7]]
13
[[19], [17, 19]]
17
[[19], [4]]
23
[[19], [4], [19]]
17
[[19], [4], [19], [18]]
13
[[19], [4], [18]]
17
[[19], [4], [16]]
13
[[19], [4], [15]]
13
[[19], [4], [17]]
14
[[19], [5]]
29
[[19], [5], [17]]
19
[[19], [5], [17], [19]]
13
[[19], [5], [19]]
21
[[19], [5], [19], [18]]
16
[[19], [5], [19], [19]]
15
[[19], [5], [18]]
20
[[19], [5], [18], [19]]
13
[[19], [5], [16]]
18
[[19], [5], [16], [19]]
13
[[19], [5], [15]]
20
[[19], [5], [9]]
15
[[19], [5], [6]]
13
[[19], [5], [12]]
13
[[19], [5], [5]]
13
[[19], [5], [4]]
13
[[19], [5], [8]]
13
[[19], [12]]
24
[[19], [12], [19]]
20
[[19], [12], [19], [19]]
13
[[19], [12], [18]]
16
[[19], [12], [17]]
16
[[19], [12], [16]]
13
[[19], [13]]
24
[[19], [13], [16]]
16
[[19], [13], [18]]
19
[[19], [13], [19]]
18
[[19], [13], [19], [18]]
13
[[19], [13], [19], [19]]
14
[[19], [13], [17]]
17
[[19], [13], [14]]
15
[[19], [13], [15]]
14
[[19], [2]]
20
[[19], [2], [18]]
18
[[19], [2], [16]]
15
[[19], [2], [19]]
16
[[19], [2], [19], [18]]
13
[[19], [2], [17]]
15
[[19], [2], [6]]
13
[[19], [2], [12]]
13
[[19], [0]]
20
[[19], [0], [18]]
15
[[19], [0], [19]]
15
[[19], [0], [17]]
15
[[19], [1]]
16
[[8]]
36
[[8], [16]]
21
[[8], [16], [18]]
14
[[8], [16], [19]]
14
[[8], [18]]
27
[[8], [18], [18]]
17
[[8], [18], [16]]
15
[[8], [18], [19]]
18
[[8], [18], [9]]
13
[[8], [18], [14]]
16
[[8], [18], [17]]
17
[[8], [18, 19]]
18
[[8], [18, 19], [19]]
13
[[8], [19]]
27
[[8], [19], [18]]
20
[[8], [19], [19]]
17
[[8], [19], [19], [19]]
13
[[8], [19], [16]]
16
[[8], [19], [17]]
18
[[8], [19], [14]]
14
[[8], [19], [15]]
14
[[8], [8]]
14
[[8], [17]]
22
[[8], [17], [18]]
14
[[8], [17], [17]]
13
[[8], [17], [19]]
13
[[8], [17, 19]]
13
[[8], [3]]
14
[[8], [14]]
19
[[8], [14], [19]]
14
[[8], [14], [17]]
13
[[8], [15]]
20
[[8], [15], [19]]
13
[[8], [9]]
15
[[8], [5]]
18
[[8], [6]]
13
[[8], [11]]
13
[[8], [12]]
14
[[3]]
25
[[3], [16]]
14
[[3], [18]]
16
[[3], [18], [18]]
14
[[3], [18, 19]]
14
[[3], [19]]
19
[[3], [19], [18]]
13
[[3], [8]]
16
[[3], [15]]
15
[[3], [12]]
13
[[3], [17]]
14
[[14]]
31
[[14], [16]]
20
[[14], [18]]
23
[[14], [18], [18]]
16
[[14], [18], [19]]
18
[[14], [18], [16]]
16
[[14], [18], [15]]
13
[[14], [18], [17]]
17
[[14], [18, 19]]
15
[[14], [19]]
27
[[14], [19], [18]]
17
[[14], [19], [18, 19]]
14
[[14], [19], [19]]
18
[[14], [19], [15]]
14
[[14], [19], [16]]
14
[[14], [19], [17]]
15
[[14], [15]]
18
[[14], [17]]
21
[[14], [17], [18]]
13
[[14], [17], [19]]
13
[[14], [8]]
16
[[14], [14]]
16
[[14], [3]]
14
[[14], [13]]
15
[[14], [9]]
13
[[14], [5]]
14
[[14], [4]]
13
[[16]]
40
[[16], [16]]
29
[[16], [16], [18]]
21
[[16], [16], [18], [18]]
13
[[16], [16], [18], [15]]
13
[[16], [16], [18], [19]]
13
[[16], [16], [18, 19]]
14
[[16], [16], [19]]
20
[[16], [16], [19], [18]]
13
[[16], [16], [16]]
15
[[16], [16], [15]]
17
[[16], [16], [14]]
13
[[16], [16], [8]]
14
[[16], [16], [17]]
13
[[16], [18]]
32
[[16], [18], [18]]
20
[[16], [18], [18], [18]]
15
[[16], [18], [18], [19]]
13
[[16], [18], [19]]
22
[[16], [18], [16]]
18
[[16], [18], [17]]
19
[[16], [18], [15]]
16
[[16], [18], [3]]
13
[[16], [18], [14]]
17
[[16], [18], [8]]
13
[[16], [18], [0]]
13
[[16], [18], [5]]
14
[[16], [18, 19]]
22
[[16], [18, 19], [18]]
17
[[16], [18, 19], [19]]
14
[[16], [18, 19], [16]]
13
[[16], [18, 19], [15]]
13
[[16], [18, 19], [17]]
13
[[16], [19]]
33
[[16], [19], [15]]
19
[[16], [19], [8]]
15
[[16], [19], [11]]
15
[[16], [19], [18]]
25
[[16], [19], [18], [18]]
15
[[16], [19], [18], [19]]
15
[[16], [19], [18], [17]]
13
[[16], [19], [18, 19]]
18
[[16], [19], [18, 19], [18]]
13
[[16], [19], [19]]
25
[[16], [19], [19], [18]]
15
[[16], [19], [19], [17]]
16
[[16], [19], [19], [16]]
14
[[16], [19], [19], [19]]
18
[[16], [19], [19], [14]]
13
[[16], [19], [19], [15]]
15
[[16], [19], [16]]
21
[[16], [19], [16], [19]]
13
[[16], [19], [4]]
16
[[16], [19], [3]]
15
[[16], [19], [17]]
21
[[16], [19], [14]]
18
[[16], [19], [14], [19]]
13
[[16], [19], [0]]
15
[[16], [19], [9]]
14
[[16], [19], [13]]
14
[[16], [19], [5]]
14
[[16], [10]]
19
[[16], [10], [18]]
14
[[16], [10], [15]]
15
[[16], [10], [16]]
14
[[16], [10], [19]]
16
[[16], [15]]
23
[[16], [15], [18]]
15
[[16], [15], [16]]
14
[[16], [15], [19]]
18
[[16], [15], [15]]
14
[[16], [15], [5]]
13
[[16], [6]]
18
[[16], [6], [18]]
13
[[16], [6], [19]]
15
[[16], [8]]
25
[[16], [8], [18]]
16
[[16], [8], [19]]
17
[[16], [11]]
18
[[16], [11], [18]]
14
[[16], [9]]
19
[[16], [9], [19]]
16
[[16], [14]]
23
[[16], [14], [18]]
14
[[16], [14], [19]]
18
[[16], [14], [17]]
14
[[16], [13]]
17
[[16], [13], [19]]
13
[[16], [4]]
19
[[16], [4], [18]]
14
[[16], [4], [19]]
14
[[16], [5]]
18
[[16], [17]]
26
[[16], [17], [18]]
17
[[16], [17], [15]]
14
[[16], [17], [19]]
16
[[16], [17], [16]]
14
[[16], [17], [17]]
14
[[16], [17], [14]]
13
[[16], [0]]
17
[[16], [12]]
22
[[16], [12], [19]]
16
[[16], [3]]
17
[[16], [1]]
14
[[16], [7]]
13
[[16, 18]]
16
[[16, 19]]
22
[[16, 19], [15]]
15
[[16, 19], [18]]
21
[[16, 19], [18], [18]]
14
[[16, 19], [18, 19]]
16
[[16, 19], [19]]
20
[[16, 19], [19], [18]]
17
[[16, 19], [16]]
16
[[16, 19], [16], [18]]
15
[[16, 19], [17]]
14
[[16, 19], [8]]
15
[[16, 19], [12]]
13
[[16, 19], [4]]
13
[[16, 17]]
13
[[10]]
27
[[10], [8]]
16
[[10], [11]]
16
[[10], [18]]
21
[[10], [18], [15]]
15
[[10], [18], [16]]
14
[[10], [18], [19]]
18
[[10], [18], [18]]
15
[[10], [18], [9]]
13
[[10], [18], [14]]
14
[[10], [18, 19]]
16
[[10], [18, 19], [19]]
13
[[10], [19]]
24
[[10], [19], [15]]
17
[[10], [19], [16]]
17
[[10], [19], [19]]
19
[[10], [19], [19], [18]]
13
[[10], [19], [19], [19]]
14
[[10], [19], [18]]
16
[[10], [19], [18, 19]]
13
[[10], [19], [17]]
17
[[10], [19], [9]]
13
[[10], [19], [11]]
15
[[10], [19], [14]]
15
[[10], [7]]
17
[[10], [7], [19]]
15
[[10], [15]]
20
[[10], [15], [19]]
14
[[10], [16]]
21
[[10], [16], [19]]
21
[[10], [16], [19], [19]]
13
[[10], [16], [19], [18]]
14
[[10], [16], [18]]
18
[[10], [16], [18], [19]]
13
[[10], [16], [18, 19]]
14
[[10], [16], [8]]
13
[[10], [16], [16]]
15
[[10], [16], [15]]
15
[[10], [16], [14]]
13
[[10], [5]]
16
[[10], [5], [19]]
14
[[10], [5], [16]]
13
[[10], [12]]
18
[[10], [12], [19]]
14
[[10], [17]]
20
[[10], [17], [18]]
14
[[10], [17], [19]]
16
[[10], [17], [16]]
13
[[10], [17], [15]]
13
[[10], [17], [11]]
13
[[10], [14]]
16
[[10], [14], [19]]
14
[[10], [9]]
16
[[10], [4]]
14
[[10], [6]]
14
[[10], [13]]
13
[[10], [10]]
14
[[6]]
31
[[6], [18]]
26
[[6], [18], [15]]
14
[[6], [18], [16]]
14
[[6], [18], [19]]
19
[[6], [18], [18]]
15
[[6], [18], [17]]
17
[[6], [18, 19]]
16
[[6], [19]]
26
[[6], [19], [15]]
15
[[6], [19], [16]]
15
[[6], [19], [19]]
17
[[6], [19], [18]]
17
[[6], [19], [18, 19]]
13
[[6], [19], [3]]
14
[[6], [19], [11]]
13
[[6], [19], [17]]
15
[[6], [9]]
16
[[6], [9], [19]]
14
[[6], [15]]
18
[[6], [16]]
20
[[6], [16], [19]]
15
[[6], [16], [18]]
14
[[6], [5]]
18
[[6], [17]]
19
[[6], [17], [19]]
14
[[6], [12]]
16
[[6], [12], [19]]
13
[[6], [8]]
16
[[6], [3]]
15
[[6], [4]]
13
[[6], [11]]
14
[[6], [14]]
14
[[7]]
25
[[7], [16]]
18
[[7], [16], [18]]
13
[[7], [16], [19]]
14
[[7], [19]]
21
[[7], [19], [18]]
17
[[7], [19], [18, 19]]
13
[[7], [19], [19]]
17
[[7], [19], [16]]
14
[[7], [19], [17]]
14
[[7], [11]]
13
[[7], [14]]
14
[[7], [18]]
21
[[7], [18], [18]]
15
[[7], [18], [17]]
15
[[7], [18], [19]]
13
[[7], [18], [16]]
13
[[7], [18, 19]]
15
[[7], [17]]
19
[[7], [17], [18]]
13
[[7], [17], [19]]
13
[[7], [9]]
14
[[7], [15]]
15
[[7], [8]]
13
[[7], [12]]
14
[[7], [5]]
14
[[9]]
27
[[9], [16]]
17
[[9], [19]]
24
[[9], [19], [19]]
18
[[9], [19], [19], [19]]
13
[[9], [19], [18]]
17
[[9], [19], [3]]
13
[[9], [19], [17]]
15
[[9], [19], [15]]
13
[[9], [19], [11]]
13
[[9], [19], [14]]
14
[[9], [11]]
15
[[9], [18]]
20
[[9], [18], [18]]
13
[[9], [18], [19]]
13
[[9], [18], [14]]
13
[[9], [18, 19]]
15
[[9], [6]]
14
[[9], [14]]
17
[[9], [14], [19]]
13
[[9], [15]]
15
[[9], [17]]
20
[[9], [17], [19]]
13
[[9], [8]]
14
[[9], [3]]
14
[[9], [9]]
13
[[12]]
34
[[12], [17]]
22
[[12], [17], [19]]
13
[[12], [17], [16]]
13
[[12], [19]]
27
[[12], [19], [5]]
14
[[12], [19], [19]]
18
[[12], [19], [18]]
17
[[12], [19], [18, 19]]
13
[[12], [19], [16]]
14
[[12], [19], [11]]
14
[[12], [19], [15]]
14
[[12], [19], [17]]
16
[[12], [19], [4]]
13
[[12], [19], [13]]
13
[[12], [5]]
20
[[12], [5], [17]]
13
[[12], [5], [19]]
15
[[12], [5], [16]]
15
[[12], [12]]
14
[[12], [18]]
23
[[12], [18], [16]]
14
[[12], [18], [18]]
15
[[12], [18], [19]]
16
[[12], [18], [13]]
13
[[12], [18], [14]]
13
[[12], [18], [15]]
14
[[12], [18], [17]]
13
[[12], [18, 19]]
16
[[12], [13]]
14
[[12], [14]]
15
[[12], [14], [19]]
13
[[12], [16]]
21
[[12], [16], [19]]
14
[[12], [11]]
16
[[12], [8]]
16
[[12], [15]]
15
[[12], [4]]
15
[[12], [10]]
13
[[12], [6]]
13
[[12], [3]]
14
[[12], [9]]
13
[[12], [7]]
13
[[4]]
27
[[4], [5]]
16
[[4], [17]]
18
[[4], [17], [18]]
13
[[4], [17], [19]]
14
[[4], [19]]
21
[[4], [19], [18]]
18
[[4], [19], [18, 19]]
13
[[4], [19], [15]]
14
[[4], [19], [16]]
14
[[4], [19], [19]]
17
[[4], [19], [17]]
16
[[4], [19], [5]]
13
[[4], [18]]
23
[[4], [18], [18]]
18
[[4], [18], [18, 19]]
14
[[4], [18], [15]]
13
[[4], [18], [19]]
16
[[4], [18], [19], [18]]
13
[[4], [18], [19], [19]]
13
[[4], [18], [17]]
14
[[4], [18, 19]]
17
[[4], [18, 19], [18]]
14
[[4], [16]]
18
[[4], [16], [18]]
14
[[4], [16], [15]]
13
[[4], [16], [19]]
15
[[4], [16], [19], [18]]
13
[[4], [15]]
17
[[4], [11]]
13
[[4], [14]]
14
[[4], [8]]
17
[[4], [8], [18]]
13
[[4], [4]]
13
[[4], [9]]
13
[[4], [12]]
13
[[13]]
29
[[13], [16]]
19
[[13], [16], [18]]
13
[[13], [16], [19]]
13
[[13], [18]]
21
[[13], [18], [16]]
13
[[13], [18], [18]]
13
[[13], [18], [19]]
14
[[13], [18], [17]]
14
[[13], [18, 19]]
14
[[13], [19]]
25
[[13], [19], [18]]
18
[[13], [19], [18, 19]]
13
[[13], [19], [19]]
17
[[13], [19], [19], [18]]
13
[[13], [19], [19], [19]]
13
[[13], [19], [16]]
13
[[13], [19], [17]]
15
[[13], [19], [14]]
14
[[13], [15]]
14
[[13], [6]]
15
[[13], [6], [19]]
13
[[13], [8]]
16
[[13], [8], [19]]
13
[[13], [14]]
18
[[13], [3]]
14
[[13], [17]]
20
[[13], [17], [19]]
13
[[13], [17], [18]]
13
[[13], [4]]
13
[[13], [13]]
14
[[13], [5]]
14
[[0]]
23
[[0], [18]]
20
[[0], [18], [18]]
15
[[0], [18], [19]]
15
[[0], [18], [17]]
16
[[0], [18, 19]]
14
[[0], [17]]
18
[[0], [17], [18]]
14
[[0], [17], [19]]
13
[[0], [17], [17]]
13
[[0], [19]]
19
[[0], [19], [18]]
16
[[0], [19], [19]]
14
[[0], [19], [17]]
14
[[0], [16]]
14
[[0], [11]]
13
[[0], [5]]
13
[[0], [6]]
13
[[0], [8]]
14
[[1]]
20
[[1], [18]]
14
[[1], [17]]
14
[[1], [19]]
15
[[1], [15]]
13
