[[5]]
115
[[5], [17]]
74
[[5], [17], [18]]
53
[[5], [17], [19]]
59
[[5], [17], [16]]
46
[[5], [15]]
70
[[5], [15], [19]]
45
[[5], [18]]
83
[[5], [18], [18]]
58
[[5], [18], [18], [19]]
45
[[5], [18], [19]]
66
[[5], [18], [19], [19]]
45
[[5], [18], [16]]
50
[[5], [18], [15]]
46
[[5], [18], [17]]
48
[[5], [18, 19]]
54
[[5], [18, 19], [19]]
47
[[5], [19]]
84
[[5], [19], [18]]
63
[[5], [19], [18], [19]]
53
[[5], [19], [18], [18]]
45
[[5], [19], [18, 19]]
44
[[5], [19], [19]]
68
[[5], [19], [19], [18]]
48
[[5], [19], [19], [19]]
52
[[5], [19], [16]]
54
[[5], [19], [15]]
52
[[5], [19], [17]]
49
[[5], [19], [14]]
46
[[5], [8]]
59
[[5], [3]]
54
[[5], [14]]
57
[[5], [16]]
77
[[5], [16], [19]]
58
[[5], [16], [18]]
46
[[5], [10]]
52
[[5], [6]]
48
[[5], [11]]
59
[[5], [9]]
57
[[5], [5]]
48
[[5], [13]]
49
[[5], [12]]
57
[[5], [4]]
50
[[5], [7]]
58
[[5], [1]]
49
[[5], [0]]
44
[[11]]
119
[[11], [17]]
71
[[11], [17], [18]]
52
[[11], [17], [19]]
53
[[11], [17], [16]]
44
[[11], [15]]
67
[[11], [18]]
88
[[11], [18], [18]]
60
[[11], [18], [19]]
63
[[11], [18], [16]]
55
[[11], [18], [17]]
49
[[11], [18], [15]]
48
[[11], [18, 19]]
56
[[11], [19]]
89
[[11], [19], [18]]
69
[[11], [19], [18], [19]]
49
[[11], [19], [18], [16]]
45
[[11], [19], [19]]
66
[[11], [19], [19], [18]]
45
[[11], [19], [19], [19]]
45
[[11], [19], [19], [16]]
44
[[11], [19], [17]]
54
[[11], [19], [16]]
60
[[11], [19], [15]]
53
[[11], [19], [14]]
47
[[11], [8]]
57
[[11], [14]]
60
[[11], [16]]
81
[[11], [16], [18]]
45
[[11], [16], [19]]
49
[[11], [16], [16]]
45
[[11], [16, 19]]
46
[[11], [7]]
61
[[11], [9]]
52
[[11], [12]]
55
[[11], [11]]
58
[[11], [5]]
54
[[11], [10]]
57
[[11], [3]]
47
[[11], [1]]
52
[[11], [13]]
48
[[11], [4]]
46
[[11], [6]]
53
[[11], [2]]
45
[[17]]
139
[[17], [2]]
62
[[17], [2], [19]]
46
[[17], [15]]
90
[[17], [15], [18]]
55
[[17], [15], [19]]
59
[[17], [15], [16]]
55
[[17], [15], [15]]
49
[[17], [15], [17]]
48
[[17], [15], [7]]
45
[[17], [18]]
113
[[17], [18], [8]]
54
[[17], [18], [18]]
80
[[17], [18], [18], [18]]
49
[[17], [18], [18], [19]]
51
[[17], [18], [18, 19]]
47
[[17], [18], [19]]
91
[[17], [18], [19], [18]]
57
[[17], [18], [19], [19]]
52
[[17], [18], [19], [17]]
47
[[17], [18], [19], [16]]
48
[[17], [18], [19], [15]]
44
[[17], [18], [14]]
60
[[17], [18], [16]]
80
[[17], [18], [16], [18]]
45
[[17], [18], [16], [19]]
47
[[17], [18], [11]]
51
[[17], [18], [12]]
52
[[17], [18], [15]]
61
[[17], [18], [6]]
53
[[17], [18], [17]]
68
[[17], [18], [5]]
51
[[17], [18], [7]]
56
[[17], [18], [10]]
50
[[17], [18], [3]]
52
[[17], [18], [9]]
48
[[17], [18], [13]]
44
[[17], [18, 19]]
78
[[17], [18, 19], [18]]
61
[[17], [18, 19], [16]]
51
[[17], [18, 19], [19]]
59
[[17], [19]]
118
[[17], [19], [18]]
90
[[17], [19], [18], [16]]
56
[[17], [19], [18], [18]]
53
[[17], [19], [18], [19]]
67
[[17], [19], [18], [17]]
48
[[17], [19], [18], [15]]
45
[[17], [19], [18], [14]]
46
[[17], [19], [18, 19]]
58
[[17], [19], [18, 19], [19]]
44
[[17], [19], [19]]
96
[[17], [19], [19], [16]]
61
[[17], [19], [19], [18]]
66
[[17], [19], [19], [19]]
67
[[17], [19], [19], [19], [19]]
44
[[17], [19], [19], [15]]
51
[[17], [19], [19], [11]]
46
[[17], [19], [19], [17]]
52
[[17], [19], [19], [14]]
49
[[17], [19], [16]]
87
[[17], [19], [16], [18]]
51
[[17], [19], [16], [19]]
54
[[17], [19], [16], [16]]
44
[[17], [19], [15]]
70
[[17], [19], [11]]
65
[[17], [19], [9]]
50
[[17], [19], [3]]
60
[[17], [19], [8]]
60
[[17], [19], [14]]
69
[[17], [19], [10]]
63
[[17], [19], [6]]
56
[[17], [19], [12]]
58
[[17], [19], [17]]
73
[[17], [19], [17], [19]]
47
[[17], [19], [17], [18]]
45
[[17], [19], [5]]
55
[[17], [19], [4]]
51
[[17], [19], [7]]
57
[[17], [19], [13]]
54
[[17], [19], [1]]
49
[[17], [8]]
80
[[17], [8], [16]]
51
[[17], [8], [18]]
49
[[17], [8], [19]]
55
[[17], [8], [17]]
45
[[17], [3]]
73
[[17], [3], [19]]
48
[[17], [3], [16]]
45
[[17], [14]]
85
[[17], [14], [16]]
46
[[17], [14], [18]]
55
[[17], [14], [19]]
55
[[17], [14], [17]]
46
[[17], [16]]
112
[[17], [16], [16]]
68
[[17], [16], [18]]
74
[[17], [16], [18], [18]]
46
[[17], [16], [18], [19]]
46
[[17], [16], [18, 19]]
45
[[17], [16], [19]]
78
[[17], [16], [19], [19]]
51
[[17], [16], [19], [18]]
48
[[17], [16], [15]]
53
[[17], [16], [17]]
59
[[17], [16], [8]]
50
[[17], [16], [7]]
56
[[17], [16], [11]]
49
[[17], [16], [14]]
53
[[17], [16], [3]]
49
[[17], [16], [12]]
48
[[17], [16], [10]]
44
[[17], [16, 19]]
57
[[17], [10]]
73
[[17], [10], [19]]
55
[[17], [10], [18]]
50
[[17], [10], [16]]
46
[[17], [6]]
75
[[17], [6], [18]]
48
[[17], [6], [19]]
58
[[17], [6], [16]]
49
[[17], [11]]
83
[[17], [11], [18]]
54
[[17], [11], [19]]
54
[[17], [11], [16]]
48
[[17], [11], [17]]
44
[[17], [9]]
69
[[17], [9], [19]]
51
[[17], [9], [18]]
44
[[17], [9], [16]]
45
[[17], [17]]
98
[[17], [17], [18]]
67
[[17], [17], [18], [19]]
47
[[17], [17], [16]]
59
[[17], [17], [19]]
70
[[17], [17], [19], [18]]
48
[[17], [17], [19], [19]]
45
[[17], [17], [15]]
56
[[17], [17], [17]]
55
[[17], [17], [7]]
45
[[17], [17], [14]]
46
[[17], [17, 19]]
49
[[17], [5]]
75
[[17], [5], [19]]
52
[[17], [5], [18]]
51
[[17], [5], [16]]
48
[[17], [12]]
78
[[17], [12], [19]]
46
[[17], [4]]
61
[[17], [13]]
73
[[17], [13], [19]]
53
[[17], [13], [18]]
47
[[17], [7]]
84
[[17], [7], [19]]
52
[[17], [7], [18]]
48
[[17], [7], [16]]
44
[[17], [7], [15]]
46
[[17], [1]]
69
[[17], [0]]
56
[[17, 19]]
80
[[17, 19], [19]]
64
[[17, 19], [19], [18]]
48
[[17, 19], [19], [19]]
46
[[17, 19], [19], [16]]
45
[[17, 19], [18]]
59
[[17, 19], [17]]
56
[[17, 19], [15]]
52
[[17, 19], [16]]
55
[[17, 18]]
55
[[2]]
86
[[2], [18]]
62
[[2], [18], [19]]
46
[[2], [18], [18]]
44
[[2], [18, 19]]
44
[[2], [19]]
72
[[2], [19], [18]]
50
[[2], [19], [19]]
45
[[2], [16]]
62
[[2], [17]]
61
[[2], [15]]
58
[[2], [11]]
50
[[2], [7]]
44
[[2], [12]]
48
[[2], [8]]
46
[[2], [14]]
47
[[2], [6]]
45
[[15]]
126
[[15], [8]]
66
[[15], [8], [19]]
44
[[15], [18]]
88
[[15], [18], [18]]
64
[[15], [18], [16]]
53
[[15], [18], [19]]
64
[[15], [18], [17]]
49
[[15], [18], [15]]
45
[[15], [18], [14]]
44
[[15], [18, 19]]
57
[[15], [18, 19], [19]]
44
[[15], [19]]
98
[[15], [19], [18]]
65
[[15], [19], [19]]
71
[[15], [19], [19], [19]]
49
[[15], [19], [15]]
54
[[15], [19], [17]]
50
[[15], [19], [16]]
58
[[15], [19], [14]]
51
[[15], [19], [12]]
47
[[15], [19], [13]]
45
[[15], [19], [7]]
45
[[15], [14]]
69
[[15], [14], [19]]
53
[[15], [14], [18]]
44
[[15], [16]]
87
[[15], [16], [18]]
53
[[15], [16], [19]]
62
[[15], [16], [16]]
47
[[15], [16], [14]]
45
[[15], [15]]
78
[[15], [15], [19]]
46
[[15], [15], [16]]
44
[[15], [9]]
61
[[15], [5]]
60
[[15], [17]]
76
[[15], [17], [19]]
55
[[15], [17], [18]]
48
[[15], [17], [16]]
44
[[15], [10]]
59
[[15], [11]]
65
[[15], [7]]
74
[[15], [7], [19]]
48
[[15], [7], [15]]
44
[[15], [12]]
65
[[15], [13]]
59
[[15], [6]]
57
[[15], [6], [19]]
44
[[15], [4]]
52
[[15], [3]]
51
[[15], [1]]
55
[[15], [0]]
47
[[15], [2]]
44
[[15, 19]]
51
[[18]]
153
[[18], [8]]
85
[[18], [8], [19]]
60
[[18], [8], [18]]
49
[[18], [8], [16]]
53
[[18], [8], [15]]
44
[[18], [8], [17]]
45
[[18], [18]]
127
[[18], [18], [14]]
68
[[18], [18], [14], [19]]
47
[[18], [18], [16]]
85
[[18], [18], [16], [19]]
52
[[18], [18], [18]]
91
[[18], [18], [18], [18]]
56
[[18], [18], [18], [19]]
65
[[18], [18], [18], [17]]
51
[[18], [18], [18], [16]]
52
[[18], [18], [18, 19]]
55
[[18], [18], [19]]
102
[[18], [18], [19], [18]]
63
[[18], [18], [19], [19]]
65
[[18], [18], [19], [17]]
53
[[18], [18], [19], [15]]
52
[[18], [18], [19], [16]]
57
[[18], [18], [19], [8]]
45
[[18], [18], [19], [7]]
45
[[18], [18], [19], [14]]
45
[[18], [18], [15]]
75
[[18], [18], [8]]
67
[[18], [18], [11]]
57
[[18], [18], [9]]
51
[[18], [18], [3]]
58
[[18], [18], [17]]
76
[[18], [18], [17], [19]]
48
[[18], [18], [17], [17]]
46
[[18], [18], [6]]
56
[[18], [18], [13]]
56
[[18], [18], [5]]
60
[[18], [18], [10]]
55
[[18], [18], [7]]
64
[[18], [18], [12]]
58
[[18], [18], [0]]
47
[[18], [18], [1]]
51
[[18], [18], [4]]
45
[[18], [18, 19]]
89
[[18], [18, 19], [16]]
55
[[18], [18, 19], [18]]
61
[[18], [18, 19], [19]]
68
[[18], [18, 19], [19], [19]]
45
[[18], [18, 19], [8]]
49
[[18], [18, 19], [14]]
46
[[18], [18, 19], [17]]
50
[[18], [18, 19], [15]]
46
[[18], [19]]
128
[[18], [19], [14]]
73
[[18], [19], [14], [19]]
48
[[18], [19], [16]]
92
[[18], [19], [16], [19]]
59
[[18], [19], [16], [18]]
47
[[18], [19], [16], [16]]
46
[[18], [19], [18]]
101
[[18], [19], [18], [18]]
62
[[18], [19], [18], [18], [19]]
44
[[18], [19], [18], [19]]
74
[[18], [19], [18], [19], [19]]
45
[[18], [19], [18], [16]]
59
[[18], [19], [18], [15]]
50
[[18], [19], [18], [8]]
45
[[18], [19], [18], [17]]
55
[[18], [19], [18, 19]]
66
[[18], [19], [18, 19], [19]]
50
[[18], [19], [19]]
103
[[18], [19], [19], [18]]
68
[[18], [19], [19], [18], [19]]
48
[[18], [19], [19], [18, 19]]
44
[[18], [19], [19], [19]]
78
[[18], [19], [19], [19], [19]]
49
[[18], [19], [19], [19], [18]]
45
[[18], [19], [19], [16]]
63
[[18], [19], [19], [15]]
54
[[18], [19], [19], [17]]
58
[[18], [19], [19], [14]]
49
[[18], [19], [19], [7]]
44
[[18], [19], [15]]
78
[[18], [19], [15], [19]]
48
[[18], [19], [6]]
60
[[18], [19], [8]]
69
[[18], [19], [8], [19]]
45
[[18], [19], [11]]
65
[[18], [19], [9]]
55
[[18], [19], [13]]
61
[[18], [19], [17]]
80
[[18], [19], [17], [19]]
54
[[18], [19], [17], [18]]
47
[[18], [19], [17], [16]]
44
[[18], [19], [17], [17]]
44
[[18], [19], [3]]
61
[[18], [19], [5]]
60
[[18], [19], [10]]
66
[[18], [19], [10], [19]]
49
[[18], [19], [7]]
69
[[18], [19], [4]]
53
[[18], [19], [0]]
50
[[18], [19], [2]]
51
[[18], [19], [1]]
61
[[18], [19], [12]]
60
[[18], [3]]
72
[[18], [3], [19]]
49
[[18], [14]]
91
[[18], [14], [16]]
58
[[18], [14], [18]]
60
[[18], [14], [19]]
64
[[18], [14], [19], [19]]
45
[[18], [14], [17]]
49
[[18], [14], [15]]
45
[[18], [14], [14]]
44
[[18], [16]]
120
[[18], [16], [16]]
71
[[18], [16], [16], [19]]
44
[[18], [16], [18]]
81
[[18], [16], [18], [18]]
52
[[18], [16], [18], [19]]
55
[[18], [16], [18, 19]]
56
[[18], [16], [19]]
85
[[18], [16], [19], [18]]
55
[[18], [16], [19], [19]]
61
[[18], [16], [15]]
59
[[18], [16], [8]]
57
[[18], [16], [12]]
51
[[18], [16], [14]]
60
[[18], [16], [17]]
66
[[18], [16], [10]]
52
[[18], [16], [7]]
58
[[18], [16], [1]]
51
[[18], [16], [11]]
52
[[18], [16], [3]]
49
[[18], [16], [5]]
48
[[18], [16], [9]]
45
[[18], [16], [13]]
45
[[18], [16, 19]]
59
[[18], [16, 18]]
46
[[18], [10]]
85
[[18], [10], [18]]
59
[[18], [10], [19]]
64
[[18], [10], [19], [19]]
47
[[18], [10], [17]]
52
[[18], [10], [16]]
53
[[18], [10], [15]]
44
[[18], [15]]
96
[[18], [15], [18]]
58
[[18], [15], [19]]
65
[[18], [15], [16]]
57
[[18], [15], [15]]
53
[[18], [15], [8]]
45
[[18], [15], [7]]
46
[[18], [15], [17]]
48
[[18], [15], [14]]
45
[[18], [6]]
76
[[18], [6], [19]]
60
[[18], [6], [18]]
50
[[18], [6], [16]]
48
[[18], [11]]
88
[[18], [11], [18]]
53
[[18], [11], [19]]
59
[[18], [11], [17]]
48
[[18], [11], [16]]
49
[[18], [11], [15]]
44
[[18], [9]]
79
[[18], [9], [19]]
61
[[18], [9], [19], [19]]
48
[[18], [9], [18]]
57
[[18], [9], [17]]
50
[[18], [9], [16]]
53
[[18], [13]]
83
[[18], [13], [18]]
59
[[18], [13], [18], [19]]
45
[[18], [13], [19]]
60
[[18], [13], [19], [19]]
47
[[18], [13], [16]]
51
[[18], [13], [15]]
47
[[18], [13], [7]]
44
[[18], [13], [13]]
44
[[18], [13], [17]]
44
[[18], [5]]
79
[[18], [5], [19]]
50
[[18], [5], [18]]
54
[[18], [5], [16]]
47
[[18], [17]]
108
[[18], [17], [18]]
75
[[18], [17], [18], [19]]
53
[[18], [17], [18], [18]]
46
[[18], [17], [18], [16]]
45
[[18], [17], [18, 19]]
46
[[18], [17], [15]]
57
[[18], [17], [19]]
79
[[18], [17], [19], [18]]
50
[[18], [17], [19], [19]]
54
[[18], [17], [19], [16]]
46
[[18], [17], [16]]
70
[[18], [17], [17]]
63
[[18], [17], [14]]
55
[[18], [17], [7]]
57
[[18], [17], [8]]
49
[[18], [17], [10]]
47
[[18], [17], [11]]
49
[[18], [17], [1]]
45
[[18], [17], [6]]
45
[[18], [17], [12]]
46
[[18], [17, 19]]
55
[[18], [12]]
84
[[18], [12], [19]]
55
[[18], [12], [18]]
47
[[18], [12], [16]]
46
[[18], [1]]
77
[[18], [1], [19]]
54
[[18], [1], [18]]
47
[[18], [1], [17]]
44
[[18], [4]]
73
[[18], [4], [19]]
49
[[18], [7]]
90
[[18], [7], [19]]
57
[[18], [7], [18]]
51
[[18], [7], [15]]
50
[[18], [7], [16]]
46
[[18], [7], [17]]
44
[[18], [0]]
72
[[18], [0], [19]]
50
[[18], [0], [18]]
45
[[18], [2]]
65
[[18], [2], [19]]
52
[[18], [2], [18]]
44
[[18, 19]]
118
[[18, 19], [8]]
68
[[18, 19], [8], [19]]
47
[[18, 19], [18]]
97
[[18, 19], [18], [16]]
58
[[18, 19], [18], [18]]
66
[[18, 19], [18], [19]]
69
[[18, 19], [18], [15]]
54
[[18, 19], [18], [8]]
45
[[18, 19], [18], [17]]
52
[[18, 19], [18, 19]]
62
[[18, 19], [19]]
100
[[18, 19], [19], [18]]
75
[[18, 19], [19], [18], [19]]
47
[[18, 19], [19], [18, 19]]
44
[[18, 19], [19], [19]]
76
[[18, 19], [19], [19], [19]]
47
[[18, 19], [19], [14]]
51
[[18, 19], [19], [15]]
56
[[18, 19], [19], [16]]
63
[[18, 19], [19], [17]]
55
[[18, 19], [19], [7]]
47
[[18, 19], [19], [3]]
44
[[18, 19], [14]]
67
[[18, 19], [14], [19]]
44
[[18, 19], [16]]
89
[[18, 19], [16], [18]]
53
[[18, 19], [16], [19]]
57
[[18, 19], [15]]
70
[[18, 19], [15], [19]]
46
[[18, 19], [11]]
61
[[18, 19], [9]]
56
[[18, 19], [17]]
79
[[18, 19], [17], [19]]
55
[[18, 19], [17], [18]]
55
[[18, 19], [17], [16]]
50
[[18, 19], [17], [17]]
48
[[18, 19], [17, 19]]
44
[[18, 19], [12]]
58
[[18, 19], [6]]
58
[[18, 19], [0]]
54
[[18, 19], [5]]
60
[[18, 19], [13]]
59
[[18, 19], [4]]
50
[[18, 19], [10]]
62
[[18, 19], [7]]
63
[[18, 19], [3]]
57
[[18, 19], [1]]
53
[[18, 19], [2]]
50
[[19]]
159
[[19], [8]]
99
[[19], [8], [16]]
66
[[19], [8], [18]]
63
[[19], [8], [18], [19]]
46
[[19], [8], [19]]
71
[[19], [8], [19], [18]]
47
[[19], [8], [19], [16]]
45
[[19], [8], [17]]
59
[[19], [8], [15]]
54
[[19], [8], [11]]
46
[[19], [8], [14]]
45
[[19], [18]]
136
[[19], [18], [14]]
72
[[19], [18], [14], [19]]
46
[[19], [18], [16]]
95
[[19], [18], [16], [18]]
49
[[19], [18], [16], [19]]
53
[[19], [18], [18]]
104
[[19], [18], [18], [18]]
58
[[19], [18], [18], [19]]
71
[[19], [18], [18], [16]]
58
[[19], [18], [18], [14]]
48
[[19], [18], [18], [17]]
58
[[19], [18], [18], [15]]
51
[[19], [18], [18, 19]]
63
[[19], [18], [19]]
110
[[19], [18], [19], [18]]
70
[[19], [18], [19], [18], [19]]
44
[[19], [18], [19], [19]]
68
[[19], [18], [19], [19], [19]]
45
[[19], [18], [19], [14]]
54
[[19], [18], [19], [17]]
60
[[19], [18], [19], [15]]
56
[[19], [18], [19], [16]]
60
[[19], [18], [19], [7]]
48
[[19], [18], [19], [11]]
46
[[19], [18], [19], [13]]
45
[[19], [18], [15]]
79
[[19], [18], [15], [19]]
46
[[19], [18], [8]]
67
[[19], [18], [8], [19]]
44
[[19], [18], [11]]
68
[[19], [18], [9]]
61
[[19], [18], [17]]
89
[[19], [18], [17], [18]]
51
[[19], [18], [17], [19]]
53
[[19], [18], [17], [17]]
47
[[19], [18], [17], [16]]
45
[[19], [18], [3]]
60
[[19], [18], [13]]
63
[[19], [18], [5]]
58
[[19], [18], [6]]
59
[[19], [18], [12]]
63
[[19], [18], [4]]
56
[[19], [18], [7]]
68
[[19], [18], [10]]
62
[[19], [18], [0]]
53
[[19], [18], [1]]
55
[[19], [18], [2]]
45
[[19], [18, 19]]
99
[[19], [18, 19], [14]]
51
[[19], [18, 19], [16]]
62
[[19], [18, 19], [18]]
69
[[19], [18, 19], [18], [19]]
45
[[19], [18, 19], [19]]
76
[[19], [18, 19], [19], [19]]
48
[[19], [18, 19], [15]]
55
[[19], [18, 19], [17]]
59
[[19], [18, 19], [8]]
50
[[19], [18, 19], [11]]
48
[[19], [18, 19], [10]]
44
[[19], [18, 19], [13]]
45
[[19], [19]]
142
[[19], [19], [3]]
72
[[19], [19], [3], [19]]
46
[[19], [19], [14]]
86
[[19], [19], [14], [18]]
47
[[19], [19], [14], [19]]
58
[[19], [19], [14], [16]]
48
[[19], [19], [16]]
109
[[19], [19], [16], [18]]
58
[[19], [19], [16], [15]]
52
[[19], [19], [16], [19]]
69
[[19], [19], [16], [17]]
50
[[19], [19], [16], [16]]
55
[[19], [19], [16], [11]]
47
[[19], [19], [16], [7]]
48
[[19], [19], [16], [12]]
45
[[19], [19], [16], [14]]
46
[[19], [19], [16, 19]]
46
[[19], [19], [18]]
117
[[19], [19], [18], [15]]
62
[[19], [19], [18], [8]]
51
[[19], [19], [18], [18]]
72
[[19], [19], [18], [18], [19]]
47
[[19], [19], [18], [19]]
86
[[19], [19], [18], [19], [19]]
52
[[19], [19], [18], [19], [18]]
46
[[19], [19], [18], [19], [16]]
46
[[19], [19], [18], [16]]
74
[[19], [19], [18], [14]]
54
[[19], [19], [18], [17]]
69
[[19], [19], [18], [11]]
50
[[19], [19], [18], [7]]
46
[[19], [19], [18], [6]]
46
[[19], [19], [18], [3]]
45
[[19], [19], [18], [12]]
44
[[19], [19], [18], [13]]
44
[[19], [19], [18, 19]]
74
[[19], [19], [18, 19], [18]]
48
[[19], [19], [18, 19], [19]]
58
[[19], [19], [18, 19], [16]]
45
[[19], [19], [19]]
117
[[19], [19], [19], [15]]
69
[[19], [19], [19], [8]]
52
[[19], [19], [19], [18]]
82
[[19], [19], [19], [18], [19]]
60
[[19], [19], [19], [18], [18]]
47
[[19], [19], [19], [18], [16]]
48
[[19], [19], [19], [18], [17]]
44
[[19], [19], [19], [18, 19]]
52
[[19], [19], [19], [19]]
89
[[19], [19], [19], [19], [18]]
53
[[19], [19], [19], [19], [19]]
65
[[19], [19], [19], [19], [17]]
44
[[19], [19], [19], [19], [16]]
51
[[19], [19], [19], [19], [15]]
44
[[19], [19], [19], [16]]
76
[[19], [19], [19], [16], [19]]
48
[[19], [19], [19], [14]]
63
[[19], [19], [19], [17]]
70
[[19], [19], [19], [17], [19]]
45
[[19], [19], [19], [11]]
56
[[19], [19], [19], [3]]
50
[[19], [19], [19], [10]]
53
[[19], [19], [19], [6]]
49
[[19], [19], [19], [12]]
53
[[19], [19], [19], [13]]
51
[[19], [19], [19], [7]]
49
[[19], [19], [19], [9]]
45
[[19], [19], [15]]
93
[[19], [19], [15], [19]]
54
[[19], [19], [15], [18]]
45
[[19], [19], [15], [16]]
48
[[19], [19], [6]]
73
[[19], [19], [6], [19]]
54
[[19], [19], [6], [18]]
45
[[19], [19], [6], [16]]
44
[[19], [19], [8]]
79
[[19], [19], [8], [19]]
53
[[19], [19], [8], [16]]
44
[[19], [19], [11]]
80
[[19], [19], [11], [18]]
46
[[19], [19], [11], [19]]
51
[[19], [19], [11], [16]]
46
[[19], [19], [9]]
68
[[19], [19], [9], [19]]
51
[[19], [19], [4]]
66
[[19], [19], [4], [19]]
47
[[19], [19], [13]]
75
[[19], [19], [13], [19]]
52
[[19], [19], [13], [16]]
45
[[19], [19], [13], [18]]
46
[[19], [19], [5]]
68
[[19], [19], [17]]
98
[[19], [19], [17], [18]]
62
[[19], [19], [17], [19]]
68
[[19], [19], [17], [16]]
56
[[19], [19], [17], [17]]
52
[[19], [19], [17], [15]]
50
[[19], [19], [17], [14]]
44
[[19], [19], [17, 19]]
50
[[19], [19], [12]]
70
[[19], [19], [10]]
72
[[19], [19], [10], [19]]
50
[[19], [19], [7]]
76
[[19], [19], [7], [19]]
49
[[19], [19], [0]]
57
[[19], [19], [2]]
58
[[19], [19], [1]]
69
[[19], [3]]
89
[[19], [3], [16]]
57
[[19], [3], [18]]
55
[[19], [3], [19]]
66
[[19], [3], [17]]
50
[[19], [3], [15]]
44
[[19], [3], [11]]
47
[[19], [14]]
102
[[19], [14], [18]]
65
[[19], [14], [19]]
75
[[19], [14], [19], [19]]
50
[[19], [14], [19], [16]]
44
[[19], [14], [17]]
58
[[19], [14], [16]]
65
[[19], [14], [11]]
50
[[19], [14], [15]]
48
[[19], [14], [14]]
46
[[19], [16]]
133
[[19], [16], [16]]
80
[[19], [16], [16], [19]]
52
[[19], [16], [18]]
87
[[19], [16], [18], [18]]
59
[[19], [16], [18], [19]]
63
[[19], [16], [18], [15]]
46
[[19], [16], [18], [17]]
45
[[19], [16], [18], [16]]
45
[[19], [16], [18, 19]]
57
[[19], [16], [18, 19], [19]]
44
[[19], [16], [19]]
95
[[19], [16], [19], [18]]
62
[[19], [16], [19], [19]]
67
[[19], [16], [19], [19], [19]]
46
[[19], [16], [19], [15]]
52
[[19], [16], [19], [17]]
49
[[19], [16], [19], [16]]
46
[[19], [16], [19], [14]]
45
[[19], [16], [15]]
73
[[19], [16], [6]]
55
[[19], [16], [8]]
66
[[19], [16], [11]]
61
[[19], [16], [9]]
57
[[19], [16], [14]]
64
[[19], [16], [17]]
77
[[19], [16], [17], [19]]
51
[[19], [16], [17], [18]]
44
[[19], [16], [12]]
60
[[19], [16], [13]]
57
[[19], [16], [10]]
53
[[19], [16], [4]]
48
[[19], [16], [5]]
52
[[19], [16], [7]]
64
[[19], [16], [3]]
59
[[19], [16], [1]]
57
[[19], [16], [2]]
52
[[19], [16], [0]]
44
[[19], [16, 19]]
65
[[19], [16, 19], [19]]
44
[[19], [16, 18]]
50
[[19], [10]]
94
[[19], [10], [18]]
66
[[19], [10], [18], [19]]
44
[[19], [10], [19]]
67
[[19], [10], [19], [19]]
50
[[19], [10], [17]]
59
[[19], [10], [15]]
48
[[19], [10], [16]]
58
[[19], [10], [7]]
49
[[19], [10], [11]]
44
[[19], [15]]
106
[[19], [15], [8]]
55
[[19], [15], [18]]
71
[[19], [15], [18], [19]]
47
[[19], [15], [18], [18]]
48
[[19], [15], [19]]
75
[[19], [15], [19], [18]]
49
[[19], [15], [19], [19]]
51
[[19], [15], [19], [16]]
45
[[19], [15], [19], [15]]
44
[[19], [15], [15]]
64
[[19], [15], [16]]
70
[[19], [15], [16], [19]]
46
[[19], [15], [14]]
52
[[19], [15], [17]]
61
[[19], [15], [11]]
54
[[19], [15], [7]]
60
[[19], [15], [9]]
50
[[19], [15], [12]]
49
[[19], [15], [5]]
47
[[19], [15], [6]]
46
[[19], [15], [13]]
46
[[19], [6]]
86
[[19], [6], [18]]
59
[[19], [6], [18], [19]]
45
[[19], [6], [18, 19]]
44
[[19], [6], [19]]
70
[[19], [6], [19], [19]]
49
[[19], [6], [16]]
59
[[19], [6], [15]]
51
[[19], [6], [11]]
44
[[19], [6], [17]]
44
[[19], [11]]
96
[[19], [11], [16]]
61
[[19], [11], [18]]
64
[[19], [11], [18], [19]]
46
[[19], [11], [19]]
67
[[19], [11], [19], [19]]
46
[[19], [11], [19], [18]]
45
[[19], [11], [17]]
55
[[19], [11], [14]]
45
[[19], [11], [11]]
50
[[19], [11], [15]]
51
[[19], [11], [7]]
44
[[19], [7]]
97
[[19], [7], [19]]
64
[[19], [7], [18]]
58
[[19], [7], [17]]
52
[[19], [7], [15]]
58
[[19], [7], [16]]
53
[[19], [7], [14]]
46
[[19], [9]]
90
[[19], [9], [19]]
68
[[19], [9], [19], [19]]
49
[[19], [9], [19], [18]]
47
[[19], [9], [18]]
63
[[19], [9], [18, 19]]
45
[[19], [9], [17]]
59
[[19], [9], [16]]
60
[[19], [9], [15]]
52
[[19], [9], [11]]
44
[[19], [17]]
122
[[19], [17], [19]]
91
[[19], [17], [19], [18]]
60
[[19], [17], [19], [19]]
64
[[19], [17], [19], [16]]
58
[[19], [17], [19], [14]]
49
[[19], [17], [19], [17]]
46
[[19], [17], [19], [15]]
50
[[19], [17], [18]]
90
[[19], [17], [18], [16]]
55
[[19], [17], [18], [18]]
57
[[19], [17], [18], [19]]
62
[[19], [17], [18], [17]]
50
[[19], [17], [18], [14]]
44
[[19], [17], [18], [15]]
44
[[19], [17], [18, 19]]
54
[[19], [17], [16]]
86
[[19], [17], [16], [18]]
49
[[19], [17], [16], [19]]
51
[[19], [17], [16], [16]]
47
[[19], [17], [17]]
77
[[19], [17], [17], [19]]
49
[[19], [17], [14]]
67
[[19], [17], [15]]
70
[[19], [17], [6]]
59
[[19], [17], [5]]
52
[[19], [17], [12]]
57
[[19], [17], [11]]
61
[[19], [17], [7]]
66
[[19], [17], [3]]
54
[[19], [17], [9]]
52
[[19], [17], [8]]
58
[[19], [17], [10]]
54
[[19], [17], [13]]
53
[[19], [17], [1]]
50
[[19], [17], [2]]
45
[[19], [17], [4]]
44
[[19], [17, 19]]
65
[[19], [17, 19], [18]]
46
[[19], [17, 19], [19]]
45
[[19], [17, 18]]
45
[[19], [4]]
81
[[19], [4], [19]]
60
[[19], [4], [18]]
52
[[19], [4], [16]]
52
[[19], [4], [17]]
49
[[19], [4], [15]]
46
[[19], [5]]
92
[[19], [5], [17]]
50
[[19], [5], [19]]
61
[[19], [5], [19], [19]]
47
[[19], [5], [18]]
62
[[19], [5], [18], [19]]
45
[[19], [5], [16]]
57
[[19], [5], [15]]
52
[[19], [12]]
96
[[19], [12], [19]]
63
[[19], [12], [18]]
57
[[19], [12], [16]]
56
[[19], [12], [17]]
46
[[19], [12], [11]]
44
[[19], [12], [7]]
45
[[19], [12], [15]]
47
[[19], [13]]
90
[[19], [13], [16]]
58
[[19], [13], [18]]
65
[[19], [13], [18], [19]]
51
[[19], [13], [18], [18]]
45
[[19], [13], [18, 19]]
45
[[19], [13], [19]]
71
[[19], [13], [19], [18]]
49
[[19], [13], [19], [19]]
50
[[19], [13], [17]]
50
[[19], [13], [15]]
56
[[19], [13], [7]]
49
[[19], [13], [14]]
48
[[19], [13], [10]]
45
[[19], [13], [13]]
48
[[19], [13], [11]]
45
[[19], [13], [12]]
44
[[19], [2]]
76
[[19], [2], [18]]
53
[[19], [2], [16]]
50
[[19], [2], [19]]
59
[[19], [2], [17]]
49
[[19], [2], [15]]
47
[[19], [0]]
84
[[19], [0], [18]]
60
[[19], [0], [18], [19]]
45
[[19], [0], [19]]
62
[[19], [0], [19], [19]]
46
[[19], [0], [16]]
54
[[19], [0], [17]]
52
[[19], [0], [15]]
45
[[19], [0], [7]]
45
[[19], [0], [11]]
45
[[19], [0], [14]]
45
[[19], [1]]
87
[[19], [1], [19]]
60
[[19], [1], [18]]
56
[[19], [1], [16]]
49
[[19], [1], [17]]
48
[[19], [1], [15]]
47
[[19], [1], [11]]
44
[[8]]
117
[[8], [16]]
85
[[8], [16], [19]]
54
[[8], [16], [17]]
47
[[8], [16], [18]]
50
[[8], [18]]
83
[[8], [18], [18]]
60
[[8], [18], [16]]
54
[[8], [18], [19]]
64
[[8], [18], [17]]
52
[[8], [18], [15]]
45
[[8], [18, 19]]
57
[[8], [19]]
94
[[8], [19], [18]]
67
[[8], [19], [18], [19]]
44
[[8], [19], [19]]
62
[[8], [19], [19], [19]]
50
[[8], [19], [16]]
64
[[8], [19], [17]]
53
[[8], [19], [15]]
50
[[8], [19], [14]]
47
[[8], [8]]
54
[[8], [17]]
75
[[8], [17], [19]]
53
[[8], [17], [18]]
49
[[8], [14]]
64
[[8], [14], [19]]
45
[[8], [15]]
70
[[8], [9]]
57
[[8], [5]]
58
[[8], [13]]
46
[[8], [3]]
50
[[8], [11]]
61
[[8], [7]]
60
[[8], [12]]
54
[[8], [10]]
49
[[8], [2]]
48
[[8], [6]]
49
[[8], [1]]
46
[[8], [0]]
44
[[3]]
99
[[3], [16]]
68
[[3], [18]]
67
[[3], [18], [18]]
47
[[3], [18], [19]]
48
[[3], [18, 19]]
52
[[3], [19]]
78
[[3], [19], [18]]
50
[[3], [19], [17]]
45
[[3], [19], [19]]
47
[[3], [19], [16]]
48
[[3], [8]]
49
[[3], [15]]
52
[[3], [17]]
59
[[3], [11]]
54
[[3], [12]]
51
[[3], [7]]
48
[[3], [14]]
48
[[3], [10]]
44
[[14]]
120
[[14], [16]]
89
[[14], [16], [19]]
58
[[14], [16], [18]]
51
[[14], [16], [16]]
50
[[14], [18]]
90
[[14], [18], [18]]
60
[[14], [18], [19]]
69
[[14], [18], [19], [19]]
46
[[14], [18], [16]]
60
[[14], [18], [17]]
55
[[14], [18], [15]]
48
[[14], [18], [14]]
48
[[14], [18, 19]]
63
[[14], [18, 19], [19]]
48
[[14], [18, 19], [18]]
44
[[14], [19]]
99
[[14], [19], [18]]
72
[[14], [19], [18], [16]]
46
[[14], [19], [18], [19]]
53
[[14], [19], [18, 19]]
46
[[14], [19], [19]]
77
[[14], [19], [19], [18]]
48
[[14], [19], [19], [16]]
53
[[14], [19], [19], [19]]
55
[[14], [19], [19], [17]]
44
[[14], [19], [15]]
54
[[14], [19], [16]]
68
[[14], [19], [17]]
53
[[14], [19], [13]]
53
[[14], [19], [3]]
50
[[14], [19], [11]]
49
[[14], [19], [14]]
50
[[14], [19], [10]]
45
[[14], [19], [8]]
46
[[14], [19], [6]]
44
[[14], [19], [5]]
45
[[14], [19], [7]]
44
[[14], [19], [4]]
44
[[14], [19], [1]]
46
[[14], [15]]
67
[[14], [15], [19]]
44
[[14], [17]]
80
[[14], [17], [18]]
56
[[14], [17], [19]]
58
[[14], [17], [16]]
50
[[14], [17], [15]]
45
[[14], [17], [14]]
44
[[14], [17], [17]]
47
[[14], [8]]
61
[[14], [14]]
72
[[14], [14], [19]]
52
[[14], [14], [18]]
47
[[14], [3]]
59
[[14], [13]]
63
[[14], [13], [19]]
47
[[14], [9]]
56
[[14], [9], [19]]
46
[[14], [11]]
60
[[14], [6]]
58
[[14], [7]]
64
[[14], [7], [19]]
44
[[14], [4]]
51
[[14], [10]]
59
[[14], [5]]
55
[[14], [2]]
49
[[14], [1]]
58
[[14], [12]]
55
[[14], [0]]
48
[[16]]
148
[[16], [16]]
107
[[16], [16], [18]]
67
[[16], [16], [18], [19]]
48
[[16], [16], [18], [18]]
44
[[16], [16], [18, 19]]
44
[[16], [16], [19]]
74
[[16], [16], [19], [19]]
48
[[16], [16], [19], [18]]
44
[[16], [16], [16]]
61
[[16], [16], [15]]
54
[[16], [16], [8]]
51
[[16], [16], [17]]
58
[[16], [16], [11]]
51
[[16], [16], [14]]
50
[[16], [16], [7]]
52
[[16], [16], [12]]
48
[[16], [16], [10]]
47
[[16], [16], [5]]
44
[[16], [16], [9]]
44
[[16], [16, 19]]
47
[[16], [18]]
108
[[16], [18], [18]]
82
[[16], [18], [18], [19]]
53
[[16], [18], [18], [18]]
45
[[16], [18], [18, 19]]
47
[[16], [18], [19]]
87
[[16], [18], [19], [19]]
50
[[16], [18], [19], [18]]
51
[[16], [18], [16]]
70
[[16], [18], [17]]
63
[[16], [18], [15]]
57
[[16], [18], [14]]
57
[[16], [18], [5]]
49
[[16], [18], [11]]
50
[[16], [18], [8]]
51
[[16], [18], [12]]
49
[[16], [18], [10]]
45
[[16], [18], [7]]
54
[[16], [18], [0]]
45
[[16], [18], [6]]
45
[[16], [18], [3]]
45
[[16], [18, 19]]
78
[[16], [18, 19], [18]]
59
[[16], [18, 19], [19]]
61
[[16], [18, 19], [16]]
44
[[16], [19]]
119
[[16], [19], [15]]
67
[[16], [19], [8]]
59
[[16], [19], [11]]
60
[[16], [19], [18]]
88
[[16], [19], [18], [18]]
53
[[16], [19], [18], [19]]
62
[[16], [19], [18], [17]]
46
[[16], [19], [18], [16]]
48
[[16], [19], [18, 19]]
59
[[16], [19], [18, 19], [19]]
44
[[16], [19], [19]]
92
[[16], [19], [19], [18]]
57
[[16], [19], [19], [17]]
51
[[16], [19], [19], [19]]
69
[[16], [19], [19], [14]]
49
[[16], [19], [19], [15]]
49
[[16], [19], [19], [16]]
53
[[16], [19], [19], [8]]
47
[[16], [19], [16]]
76
[[16], [19], [16], [19]]
48
[[16], [19], [4]]
48
[[16], [19], [3]]
51
[[16], [19], [17]]
74
[[16], [19], [17], [19]]
50
[[16], [19], [17], [18]]
46
[[16], [19], [14]]
67
[[16], [19], [13]]
53
[[16], [19], [5]]
51
[[16], [19], [10]]
56
[[16], [19], [9]]
51
[[16], [19], [6]]
48
[[16], [19], [7]]
57
[[16], [19], [0]]
47
[[16], [19], [12]]
54
[[16], [19], [1]]
51
[[16], [10]]
73
[[16], [10], [19]]
52
[[16], [10], [18]]
47
[[16], [15]]
83
[[16], [15], [19]]
50
[[16], [15], [18]]
47
[[16], [15], [16]]
44
[[16], [15], [15]]
44
[[16], [6]]
67
[[16], [6], [19]]
50
[[16], [8]]
82
[[16], [8], [19]]
55
[[16], [8], [16]]
47
[[16], [11]]
79
[[16], [11], [18]]
46
[[16], [11], [19]]
49
[[16], [11], [16]]
46
[[16], [9]]
72
[[16], [9], [19]]
57
[[16], [9], [18]]
48
[[16], [9], [16]]
46
[[16], [9], [17]]
45
[[16], [14]]
88
[[16], [14], [19]]
63
[[16], [14], [18]]
54
[[16], [14], [16]]
47
[[16], [13]]
72
[[16], [13], [19]]
53
[[16], [13], [18]]
45
[[16], [4]]
59
[[16], [5]]
69
[[16], [17]]
99
[[16], [17], [18]]
68
[[16], [17], [19]]
74
[[16], [17], [19], [19]]
47
[[16], [17], [19], [18]]
47
[[16], [17], [16]]
55
[[16], [17], [17]]
53
[[16], [17], [14]]
50
[[16], [17], [15]]
47
[[16], [17], [11]]
49
[[16], [17], [7]]
46
[[16], [17, 19]]
45
[[16], [0]]
62
[[16], [12]]
76
[[16], [12], [19]]
45
[[16], [3]]
73
[[16], [3], [19]]
49
[[16], [1]]
72
[[16], [1], [19]]
45
[[16], [7]]
82
[[16], [7], [19]]
53
[[16], [7], [18]]
45
[[16], [2]]
59
[[16, 18]]
61
[[16, 19]]
81
[[16, 19], [18]]
61
[[16, 19], [18], [18]]
48
[[16, 19], [18], [19]]
46
[[16, 19], [18, 19]]
46
[[16, 19], [19]]
66
[[16, 19], [19], [18]]
50
[[16, 19], [19], [19]]
49
[[16, 19], [16]]
63
[[16, 19], [17]]
57
[[16, 19], [8]]
48
[[16, 19], [15]]
45
[[16, 19], [12]]
46
[[16, 19], [3]]
44
[[16, 19], [14]]
46
[[16, 19], [11]]
44
[[16, 17]]
48
[[10]]
110
[[10], [8]]
53
[[10], [11]]
57
[[10], [18]]
82
[[10], [18], [19]]
60
[[10], [18], [18]]
52
[[10], [18], [17]]
47
[[10], [18], [16]]
47
[[10], [18, 19]]
54
[[10], [19]]
84
[[10], [19], [19]]
65
[[10], [19], [19], [19]]
49
[[10], [19], [18]]
57
[[10], [19], [17]]
55
[[10], [19], [16]]
54
[[10], [19], [15]]
49
[[10], [19], [11]]
46
[[10], [19], [7]]
46
[[10], [19], [14]]
45
[[10], [7]]
64
[[10], [15]]
62
[[10], [16]]
73
[[10], [16], [19]]
56
[[10], [16], [18]]
45
[[10], [12]]
58
[[10], [17]]
76
[[10], [17], [19]]
51
[[10], [14]]
55
[[10], [10]]
54
[[10], [6]]
48
[[10], [5]]
51
[[10], [13]]
46
[[10], [0]]
47
[[10], [9]]
49
[[10], [4]]
45
[[10], [3]]
46
[[10], [1]]
46
[[6]]
100
[[6], [18]]
75
[[6], [18], [16]]
51
[[6], [18], [19]]
62
[[6], [18], [18]]
53
[[6], [18], [17]]
45
[[6], [18], [15]]
44
[[6], [18, 19]]
57
[[6], [19]]
84
[[6], [19], [16]]
57
[[6], [19], [19]]
64
[[6], [19], [19], [19]]
48
[[6], [19], [19], [16]]
44
[[6], [19], [18]]
56
[[6], [19], [18, 19]]
44
[[6], [19], [17]]
46
[[6], [19], [11]]
44
[[6], [19], [15]]
49
[[6], [19], [12]]
44
[[6], [9]]
46
[[6], [15]]
61
[[6], [16]]
72
[[6], [16], [19]]
52
[[6], [5]]
52
[[6], [17]]
60
[[6], [17], [19]]
45
[[6], [12]]
55
[[6], [8]]
54
[[6], [3]]
50
[[6], [11]]
55
[[6], [14]]
50
[[6], [7]]
52
[[6], [10]]
46
[[6], [6]]
44
[[6], [13]]
45
[[7]]
113
[[7], [16]]
68
[[7], [16], [19]]
44
[[7], [19]]
85
[[7], [19], [18]]
59
[[7], [19], [19]]
61
[[7], [19], [16]]
51
[[7], [11]]
58
[[7], [14]]
61
[[7], [18]]
78
[[7], [18], [18]]
53
[[7], [18], [19]]
54
[[7], [18], [16]]
48
[[7], [18], [17]]
44
[[7], [18, 19]]
51
[[7], [17]]
65
[[7], [17], [19]]
44
[[7], [15]]
69
[[7], [8]]
51
[[7], [5]]
50
[[7], [7]]
55
[[7], [12]]
54
[[7], [9]]
48
[[7], [1]]
51
[[7], [13]]
48
[[7], [4]]
50
[[7], [3]]
45
[[7], [10]]
44
[[7], [6]]
44
[[9]]
105
[[9], [16]]
75
[[9], [16], [19]]
54
[[9], [16], [18]]
46
[[9], [19]]
85
[[9], [19], [19]]
73
[[9], [19], [19], [19]]
53
[[9], [19], [19], [16]]
45
[[9], [19], [18]]
67
[[9], [19], [18], [19]]
44
[[9], [19], [17]]
55
[[9], [19], [14]]
55
[[9], [19], [16]]
60
[[9], [19], [15]]
47
[[9], [19], [11]]
46
[[9], [19], [7]]
45
[[9], [11]]
59
[[9], [18]]
83
[[9], [18], [18]]
59
[[9], [18], [16]]
54
[[9], [18], [19]]
65
[[9], [18], [19], [19]]
44
[[9], [18], [14]]
48
[[9], [18], [17]]
53
[[9], [18, 19]]
62
[[9], [18, 19], [18]]
46
[[9], [18, 19], [19]]
50
[[9], [14]]
65
[[9], [14], [19]]
51
[[9], [14], [18]]
44
[[9], [15]]
63
[[9], [17]]
74
[[9], [17], [19]]
50
[[9], [17], [18]]
45
[[9], [8]]
56
[[9], [8], [19]]
44
[[9], [3]]
54
[[9], [9]]
53
[[9], [13]]
49
[[9], [6]]
53
[[9], [7]]
54
[[9], [4]]
49
[[9], [12]]
53
[[9], [10]]
49
[[9], [1]]
52
[[9], [5]]
45
[[9], [0]]
45
[[12]]
120
[[12], [17]]
66
[[12], [17], [19]]
47
[[12], [19]]
89
[[12], [19], [19]]
67
[[12], [19], [19], [19]]
49
[[12], [19], [18]]
62
[[12], [19], [18], [19]]
44
[[12], [19], [17]]
53
[[12], [19], [15]]
51
[[12], [19], [16]]
56
[[12], [19], [10]]
44
[[12], [19], [14]]
44
[[12], [19], [11]]
45
[[12], [5]]
59
[[12], [18]]
80
[[12], [18], [18]]
57
[[12], [18], [19]]
63
[[12], [18], [16]]
52
[[12], [18], [15]]
47
[[12], [18], [17]]
45
[[12], [18, 19]]
58
[[12], [14]]
60
[[12], [16]]
80
[[12], [16], [19]]
51
[[12], [16], [18]]
45
[[12], [11]]
61
[[12], [8]]
57
[[12], [15]]
63
[[12], [10]]
54
[[12], [12]]
56
[[12], [7]]
60
[[12], [9]]
54
[[12], [6]]
49
[[12], [1]]
54
[[12], [4]]
48
[[12], [13]]
48
[[12], [3]]
47
[[4]]
94
[[4], [17]]
60
[[4], [17], [19]]
44
[[4], [19]]
72
[[4], [19], [18]]
50
[[4], [19], [19]]
57
[[4], [19], [17]]
50
[[4], [19], [16]]
49
[[4], [19], [15]]
45
[[4], [18]]
69
[[4], [18], [18]]
49
[[4], [18], [19]]
52
[[4], [18], [17]]
48
[[4], [18], [16]]
47
[[4], [18, 19]]
45
[[4], [16]]
64
[[4], [16], [19]]
46
[[4], [15]]
59
[[4], [14]]
52
[[4], [8]]
50
[[4], [11]]
50
[[4], [10]]
49
[[4], [12]]
45
[[4], [7]]
47
[[4], [4]]
44
[[13]]
106
[[13], [16]]
72
[[13], [16], [19]]
52
[[13], [16], [16]]
44
[[13], [18]]
81
[[13], [18], [18]]
62
[[13], [18], [19]]
68
[[13], [18], [19], [18]]
45
[[13], [18], [19], [19]]
44
[[13], [18], [16]]
56
[[13], [18], [17]]
45
[[13], [18], [15]]
46
[[13], [18], [13]]
44
[[13], [18, 19]]
63
[[13], [18, 19], [19]]
50
[[13], [18, 19], [18]]
45
[[13], [19]]
87
[[13], [19], [18]]
67
[[13], [19], [18], [19]]
45
[[13], [19], [18, 19]]
44
[[13], [19], [19]]
69
[[13], [19], [19], [19]]
47
[[13], [19], [19], [18]]
45
[[13], [19], [14]]
47
[[13], [19], [16]]
52
[[13], [19], [17]]
46
[[13], [19], [15]]
47
[[13], [19], [13]]
47
[[13], [15]]
67
[[13], [8]]
61
[[13], [8], [19]]
49
[[13], [14]]
60
[[13], [17]]
60
[[13], [17], [19]]
49
[[13], [17], [18]]
45
[[13], [13]]
64
[[13], [13], [19]]
46
[[13], [11]]
59
[[13], [3]]
52
[[13], [9]]
49
[[13], [10]]
53
[[13], [7]]
59
[[13], [12]]
56
[[13], [1]]
50
[[13], [0]]
46
[[13], [4]]
45
[[13], [5]]
49
[[13], [6]]
46
[[0]]
97
[[0], [18]]
72
[[0], [18], [18]]
49
[[0], [18], [19]]
57
[[0], [18], [17]]
47
[[0], [18], [16]]
46
[[0], [18, 19]]
56
[[0], [18, 19], [19]]
45
[[0], [17]]
63
[[0], [17], [19]]
48
[[0], [19]]
75
[[0], [19], [18]]
55
[[0], [19], [19]]
60
[[0], [19], [16]]
52
[[0], [19], [15]]
44
[[0], [16]]
66
[[0], [16], [19]]
46
[[0], [11]]
56
[[0], [15]]
57
[[0], [7]]
57
[[0], [3]]
50
[[0], [14]]
54
[[0], [10]]
49
[[0], [6]]
51
[[0], [8]]
45
[[0], [12]]
46
[[0], [2]]
45
[[0], [1]]
46
[[1]]
99
[[1], [18]]
68
[[1], [18], [18]]
49
[[1], [18], [19]]
53
[[1], [18, 19]]
51
[[1], [17]]
61
[[1], [19]]
75
[[1], [19], [18]]
51
[[1], [19], [19]]
53
[[1], [19], [14]]
44
[[1], [16]]
60
[[1], [15]]
54
[[1], [14]]
51
[[1], [12]]
49
[[1], [11]]
52
[[1], [7]]
51
[[1], [10]]
48
[[1], [5]]
46
[[1], [8]]
45
