657
50 3 13 50 -1 7 -1 1 8 10 58 -1 16 27 31 51 -1 17 55 -1 21 -1
188 8 -1 3 -1 12 13 21 25 -1 43 -1 7 16 17 39 51 -1 33 34 -1 4 -1 20 -1 35 -1 45 49 -1
157 13 43 -1 9 16 17 -1 19 52 -1 6 -1 1 25 -1 26 -1 14 -1 10 30 -1 32 34 -1 5 -1 35 45 -1 57 -1 8 109 -1 110 -1 0 116 -1 117 -1 55 -1 48 131 -1 132 -1 12 41 -1
105 14 -1 11 22 30 -1 48 -1 16 -1 5 -1 28 -1 17 -1 25 -1 34 -1 26 31 -1 7 47 109 -1 0 116 117 -1 49 -1 119 138 -1
503 1 17 -1 7 8 20 27 -1 12 19 49 -1 65 -1 14 16 48 -1 10 21 -1 47 -1 25 34 -1 30 -1 31 50 73 -1 15 36 -1 5 77 78 -1 51 96 -1 39 -1 107 -1
515 0 59 -1 7 99 -1 39 -1 9 62 -1 12 -1 18 50 -1 16 -1 20 21 25 42 51 -1 4 -1 30 43 -1 34 -1 35 56 63 -1 40 58 -1 33 41 73 77 78 152 -1 26 28 181 -1 36 -1 81 220 -1 13 69 221 -1 228 -1 61 -1 64 -1 235 -1
603 1 -1 30 47 -1 7 -1 0 8 9 10 23 54 -1 4 5 16 18 19 27 33 -1 25 -1 3 -1 24 26 -1 42 -1 14 -1 34 38 -1 13 -1 43 52 -1 44 -1 17 74 -1 77 -1 78 -1 6 11 51 109 116 117 136 -1
416 0 72 -1 1 7 14 71 83 -1 8 93 -1 12 15 -1 13 69 -1 95 -1 16 104 -1
162 0 -1 7 10 14 53 -1 44 -1 16 -1 1 2 6 17 19 25 -1 12 24 26 30 -1 4 34 35 -1 109 -1 3 -1 42 -1 116 -1 117 131 -1 43 -1 138 -1 40 -1 41 142 -1
518 0 53 -1 61 -1 7 12 39 -1 11 -1 16 -1 5 21 25 -1 30 34 -1 72 -1 19 28 -1 8 77 -1 41 78 -1 96 -1 24 54 107 -1 14 -1 108 113 220 -1 36 221 -1 15 22 226 228 -1 230 -1 10 -1 231 -1 26 -1
705 0 -1 12 14 -1 7 -1 8 -1 21 -1 10 17 -1 30 75 -1 2 5 16 18 28 70 -1 25 -1 26 -1 13 15 34 -1 6 23 40 -1 19 109 -1 4 -1 116 -1 117 119 138 -1 3 142 143 145 -1 148 -1 149 183 -1 185 -1 186 203 -1
661 3 8 -1 31 -1 0 7 60 -1 9 37 -1 63 -1 16 -1 30 -1 17 27 73 -1 34 -1 35 55 61 68 69 77 78 112 -1 116 -1 26 -1 117 -1 15 28 132 -1 134 -1 29 57 142 -1 5 143 -1
678 3 -1 5 -1 35 -1 0 7 8 -1 9 50 -1 44 -1 12 49 -1 16 36 -1 17 -1 80 -1 27 45 -1 34 53 -1 68 77 81 -1 39 78 -1 83 -1 37 63 64 112 113 -1 32 116 134 -1
402 0 -1 22 -1 25 -1 1 -1 7 8 9 10 11 21 26 29 36 39 47 53 -1 35 -1 16 17 18 -1 4 56 -1 38 59 112 -1 49 113 -1 116 117 -1 3 118 -1 45 -1 119 -1
68 7 -1 8 14 17 57 -1 65 -1 9 -1 4 -1 16 -1 0 -1 67 -1 21 59 -1 26 27 66 -1 22 31 34 -1 35 -1 62 -1 71 -1 33 -1 30 77 109 -1 13 -1 116 -1 117 -1
55 9 -1
343 1 14 36 -1 5 7 8 52 -1 12 17 -1 24 -1 0 16 -1
665 3 -1 6 -1 0 7 51 -1 8 10 66 93 -1 85 -1 12 14 -1 49 -1 16 17 50 -1 27 60 -1 34 81 -1 35 -1 18 37 47 94 -1
437 1 7 25 50 -1 12 16 19 40 -1 17 26 32 39 -1 37 43 -1 29 110 -1 8 15 24 112 116 -1 131 -1 23 27 -1 30 -1 18 132 -1 21 31 -1 14 142 -1
593 0 3 26 30 -1 10 -1 16 -1 4 -1 39 44 -1 7 -1 2 -1 17 -1 31 -1 8 -1 9 18 50 -1 25 28 -1
646 1 89 95 -1 4 17 18 -1 7 -1 9 -1 67 -1 8 -1 26 -1 29 -1 12 16 49 -1 10 -1 30 39 -1 25 27 35 -1 34 87 -1 23 38 -1
433 12 40 -1 51 -1 16 28 -1 17 -1 30 63 -1 32 -1 34 38 -1 26 35 -1 41 45 -1 49 -1 43 44 -1 55 -1 46 -1 5 -1 27 -1 48 -1 0 18 29 52 65 72 -1 77 -1 11 -1 2 78 112 116 118 -1 9 119 -1 4 134 142 -1 145 -1 6 -1 148 164 -1 33 -1
129 10 51 -1 16 44 68 -1 17 79 -1 19 59 -1 5 25 -1 26 -1 34 74 -1 14 -1 35 55 66 -1 109 -1 8 116 -1 2 4 15 22 48 117 126 131 -1 42 -1 43 -1 132 -1 36 -1 41 138 -1
205 0 3 5 56 67 -1 7 8 46 47 75 -1 12 -1 48 68 -1 16 28 -1 17 73 -1 9 36 37 -1 112 -1 69 116 -1 31 -1 76 117 -1 33 126 -1 131 -1 66 132 -1 65 135 -1 142 -1 23 -1 34 -1 41 190 220 -1 11 221 -1 225 -1
7 0 17 -1 59 -1 7 -1 3 9 -1 1 8 16 56 -1 21 -1 25 26 -1 27 -1 22 58 -1 34 -1
25 0 -1 37 -1 7 38 -1 3 12 16 21 30 -1 2 -1 25 -1
266 9 -1 8 30 -1 16 -1 1 -1 17 -1 36 69 -1 10 -1 41 -1 5 77 -1 170 -1 15 21 24 33 220 229 -1
43 18 -1 26 37 52 -1 77 -1 17 25 49 -1 40 42 -1 16 32 43 -1 47 -1 41 78 -1 112 -1 0 15 19 62 131 -1 65 -1 75 -1 14 132 -1 20 -1 61 66 -1 74 145 -1
235 0 -1 1 3 4 10 23 -1 2 7 8 24 27 34 40 -1 13 -1 22 -1 35 -1 14 16 42 57 -1 17 19 36 -1 64 -1 9 21 25 26 46 -1
349 3 34 -1
106 9 -1 36 -1 14 70 -1 30 -1 35 -1 16 -1 17 19 21 74 -1 6 -1 0 25 26 37 -1 34 42 46 51 -1 24 27 40 -1 65 109 116 117 -1 119 -1 22 -1 138 -1 64 -1 71 140 -1 142 -1 152 -1 32 -1 193 -1 68 -1 220 -1 43 -1 47 -1
552 0 -1 3 49 81 -1 7 17 35 -1 10 -1 36 -1 9 -1 5 16 18 -1 46 -1 25 30 37 45 -1 34 48 -1 32 43 44 63 69 -1
486 1 -1 51 60 -1 4 -1 8 9 -1
587 0 -1 13 -1 100 -1 7 -1 4 -1 12 -1 15 -1 51 59 -1 16 19 25 52 53 -1 21 27 29 30 78 95 -1 26 34 35 48 55 68 70 -1 77 -1 6 112 -1 116 -1 5 46 89 132 134 -1
167 4 -1 2 7 14 73 -1 12 -1
681 3 -1 11 25 -1 71 -1 0 7 60 72 -1 8 12 14 26 32 77 -1 51 -1 74 -1 16 -1 17 43 -1 34 -1
376 0 2 9 -1 8 -1 14 17 37 -1 16 34 45 50 -1 25 53 58 -1 26 -1 64 -1 27 71 -1 36 47 -1 35 40 54 -1 30 48 -1 77 -1 6 13 -1 78 -1 41 -1 44 56 109 -1 4 29 75 110 -1 46 49 116 117 131 138 -1 140 -1 52 62 -1 72 142 143 -1
680 1 -1 59 91 -1 7 8 31 117 -1 0 9 12 16 46 73 112 -1 17 47 -1 129 -1 21 99 -1 25 -1 75 -1 26 120 -1 69 -1 92 -1 110 -1
487 1 7 17 55 -1 8 -1 9 -1 3 16 18 -1 6 -1 19 38 -1 25 39 -1 23 30 31 -1 24 34 36 -1 35 51 -1
519 8 9 -1 18 -1 37 -1 12 38 -1 13 25 31 50 51 -1 59 -1 61 -1 16 -1 3 19 -1
174 4 -1 61 -1 7 64 -1 47 -1 8 75 -1 13 -1 36 -1 16 17 29 68 -1 19 -1 51 66 -1 0 21 25 32 45 -1 26 46 77 -1 34 -1 27 -1 38 -1 35 -1 33 73 -1 53 -1 28 -1 78 -1 109 -1 2 -1 116 -1
111 8 12 16 27 40 -1 17 -1
510 1 9 -1 71 -1 7 -1 2 -1 13 -1 0 12 16 25 41 57 62 -1 14 42 -1 17 -1 22 -1 51 63 -1 36 -1 26 70 -1 30 -1 10 37 -1 4 34 -1 15 35 47 50 52 -1 53 -1 33 45 72 77 78 -1 113 -1 187 -1 32 220 -1 222 -1
40 0 49 -1 2 -1 50 -1 9 58 -1
99 9 -1 10 39 52 -1 3 14 18 -1 31 38 -1 16 -1 0 -1 19 -1 5 13 21 -1 22 -1 25 -1 35 -1
31 1 22 24 -1 7 8 16 -1 10 30 -1
514 9 -1 5 14 33 -1 35 -1 12 -1 23 -1 28 -1 13 44 -1 49 56 -1 1 16 58 -1 15 -1 29 36 -1 50 -1 30 -1 17 -1 38 -1 10 34 -1 47 -1 8 52 53 -1
534 0 -1 4 17 56 65 -1 21 -1 7 -1 5 -1 38 -1 8 10 28 -1 57 -1 12 -1 39 -1 16 40 -1
695 9 81 -1 118 -1 12 -1 37 73 -1 16 -1
316 3 18 26 -1 7 8 -1 37 -1 21 -1 17 25 57 -1 78 -1
624 1 -1 7 43 58 -1 8 22 -1 9 66 -1 16 18 -1 0 27 -1 34 -1 5 -1 44 50 62 69 -1 63 77 78 -1 6 112 -1 116 132 -1 142 145 -1 42 -1 146 -1 49 148 193 -1
146 7 36 45 47 62 -1 8 12 64 76 -1 23 -1 52 -1 13 -1 94 -1 104 -1 16 -1 17 87 111 -1 19 -1 0 21 -1 6 66 -1 25 85 -1 26 -1 22 46 89 -1 105 -1 86 -1 109 -1 113 -1 48 51 -1 116 -1 92 117 -1 63 69 120 131 -1 1 -1 61 106 138 -1
233 3 -1 0 -1 7 13 -1 14 21 -1 19 23 25 27 65 -1
264 0 -1 73 -1 75 -1 7 -1 12 -1 33 -1 66 -1 8 -1 34 38 68 85 -1 14 53 -1 16 61 -1 35 62 -1 17 -1 21 -1 71 -1 23 -1 25 59 -1 42 -1 60 -1 26 -1 52 -1 43 81 -1 39 44 -1 77 86 -1 78 97 -1 11 109 116 -1 5 -1 117 -1 123 -1 46 -1 3 55 131 -1 30 32 65 -1 87 -1 132 -1 27 -1 15 138 -1 18 142 -1 10 19 28 63 95 143 -1 67 82 160 171 176 -1 177 -1 40 70 199 201 210 -1 211 -1 64 -1 212 -1 79 213 214 -1 84 -1 221 -1
645 1 3 68 91 -1 21 -1 38 -1 7 13 -1 8 58 -1 49 -1 10 -1 29 -1 35 -1 47 -1 16 -1
219 0 -1 19 -1 7 8 108 116 -1 9 -1 72 78 93 -1 96 -1 12 -1 61 -1 65 -1 14 -1 107 -1 16 -1 66 79 -1 17 18 97 -1 80 -1 21 25 -1 64 -1 23 -1 15 -1 24 -1 26 -1 29 59 -1 34 -1 35 88 -1 47 51 52 62 106 -1 53 112 -1 33 -1 77 86 -1 109 -1 58 -1 117 118 -1 27 -1 123 -1 40 50 131 -1
71 1 -1 49 -1 55 -1 3 37 -1 7 48 -1 33 -1 8 10 16 57 -1 0 17 22 25 26 27 34 60 -1 38 -1 32 43 -1 11 -1 36 45 -1 52 54 -1 109 -1 112 -1 9 56 113 116 -1 28 -1 117 131 -1 59 -1 132 -1 2 40 -1 20 138 -1 18 140 142 -1 29 31 -1 190 -1 24 204 220 228 232 -1 234 -1 19 53 237 -1
86 0 26 31 -1 1 -1 16 -1 18 -1 40 -1 44 -1 7 11 19 32 -1 45 54 -1 8 56 -1 10 61 -1 46 -1 57 -1 14 -1 3 9 -1 41 -1 17 -1 13 21 22 25 34 52 62 -1 60 -1 4 43 110 -1 116 117 -1 58 59 131 -1 20 47 140 143 -1
619 3 7 8 17 37 -1 51 -1 9 -1 33 -1 101 -1 14 16 -1 27 78 93 -1 34 50 -1 35 68 -1 73 -1 89 -1
185 10 13 17 -1 12 -1 28 -1 44 -1 3 16 18 -1 40 51 97 107 -1 7 108 -1 50 -1 6 111 -1 116 -1 1 117 120 -1 11 -1 24 132 -1 26 138 -1 29 41 -1 142 -1 0 27 143 -1 144 -1 25 148 -1 149 -1 168 -1 9 14 32 34 222 228 229 237 -1 20 -1
393 3 -1 5 -1 21 -1
474 1 -1 65 72 -1 7 -1 12 60 -1 13 -1 0 11 21 -1 19 -1
634 3 -1 17 24 -1 7 8 11 37 -1 9 -1 19 -1 53 -1 15 16 18 21 -1 25 41 42 -1 14 31 -1 29 34 -1 27 35 -1 38 -1 30 109 -1 116 -1 138 142 -1
620 3 -1 6 63 -1 0 7 -1 8 78 -1 13 -1 12 34 51 73 -1 16 17 47 -1 43 80 -1 98 -1 69 -1 107 108 -1 10 79 113 -1 64 -1 116 -1 117 -1 77 132 -1 66 -1 142 -1 45 52 143 151 158 -1 162 -1
331 1 -1
319 1 -1 19 -1 7 11 31 -1 8 17 21 36 -1 56 -1 10 25 26 -1 34 62 -1 13 35 42 45 52 53 54 60 -1 12 109 -1 39 48 112 -1 4 116 -1
448 0 -1 45 61 -1 4 12 -1 15 -1 7 -1 8 -1 19 29 -1 9 10 16 23 25 33 46 -1 26 30 36 -1 31 34 55 -1 35 -1 18 37 -1 32 109 -1 6 -1 113 -1 116 -1 27 132 -1 138 -1 142 -1 145 -1 49 -1 146 -1 50 52 148 167 -1 221 -1 17 47 229 -1 234 -1
355 0 35 -1 46 -1 3 7 8 26 27 53 -1 14 31 48 -1 16 17 20 52 -1 45 -1 25 -1 9 -1
291 1 -1 3 58 61 -1 0 -1 7 8 20 51 -1 9 26 -1 12 15 -1 16 -1 17 -1 21 22 24 40 47 -1 25 -1 13 34 -1 29 53 -1 119 131 -1 49 50 -1 5 132 142 -1
730 1 -1 12 37 -1 0 7 8 -1 9 47 -1 45 -1 10 46 86 -1 22 29 -1 25 59 -1 5 26 48 -1
342 2 -1 0 -1 8 13 -1 16 -1 14 -1 44 -1 46 -1 25 -1 17 26 30 -1 38 40 45 -1
329 1 -1 29 -1 39 -1 7 8 18 44 -1 21 24 31 -1 25 -1 14 -1 26 49 -1
283 0 4 -1 38 -1 7 66 67 -1 8 13 43 59 -1 56 -1 16 39 -1
356 0 -1 2 11 38 40 70 71 -1 30 -1 1 7 -1 8 31 45 66 -1 14 -1 37 -1 16 32 68 -1 64 -1 17 20 46 -1 36 39 -1 6 12 25 26 -1 28 34 49 63 -1 35 41 119 -1 131 -1 3 -1 4 142 -1 51 143 220 221 -1 23 223 228 -1
290 0 -1 70 72 -1 3 8 -1 29 -1 7 -1
139 4 15 -1 7 38 -1 0 8 10 -1 41 -1 29 -1 43 -1 16 17 24 -1 22 25 27 54 -1 23 -1 14 26 28 51 -1 33 34 35 -1 40 -1 9 -1 109 -1 5 -1 112 -1 21 30 116 -1 44 117 131 -1 47 132 138 -1
230 0 -1
517 1 -1 7 -1 0 14 -1 8 -1 9 21 88 94 -1 12 -1 11 78 -1 16 -1 17 79 -1 110 -1 102 -1 25 126 -1 83 -1 27 59 -1 63 -1 26 30 -1 10 34 35 -1 36 -1 65 -1 101 -1 43 56 -1 44 64 72 74 77 96 116 122 -1 109 -1 55 -1 69 112 -1 5 41 42 117 132 133 142 143 -1 54 -1 6 145 -1 148 -1 149 -1 29 48 100 170 221 -1
193 8 -1 10 20 35 38 -1 12 39 -1 13 57 70 -1 0 7 16 -1 9 17 -1 83 -1 19 42 -1 69 -1 25 -1 36 -1
141 13 47 -1 16 -1 9 17 56 -1 24 30 34 -1 11 27 35 67 -1 15 18 22 77 -1 28 78 -1 0 109 -1 4 12 110 -1 5 14 116 117 120 -1 2 -1
121 14 45 -1 50 -1 16 17 43 62 -1 19 -1 15 -1 25 53 -1 6 -1 26 -1 34 -1 18 23 -1 35 -1 30 46 -1 112 -1
350 0 2 -1 34 -1 8 17 21 47 -1 25 26 57 69 -1 38 56 83 87 -1 64 -1 79 -1 43 -1 59 -1 9 44 50 62 109 110 116 -1 55 117 -1 5 28 119 -1
703 1 -1 3 12 65 75 -1 29 -1
454 1 -1 7 10 18 41 60 68 -1 12 13 23 40 -1 37 -1
94 12 22 -1 27 -1 25 -1 8 -1 26 -1
24 3 7 18 91 -1 0 -1 8 97 -1 10 48 -1 56 -1 70 93 -1 16 17 21 45 59 68 -1 22 25 52 60 -1 19 53 55 61 89 112 -1 92 94 116 117 131 -1 132 -1 142 190 -1 220 -1 29 -1 43 74 81 -1 225 -1 228 -1 54 57 -1 232 -1
38 0 1 -1 10 -1 8 -1 19 -1 13 -1 7 30 -1 16 39 -1 23 -1 17 -1
478 1 40 -1 79 -1 7 -1 26 -1 13 18 -1 11 16 -1 21 29 -1 22 69 -1 25 28 70 -1 17 -1 30 -1 49 -1 31 -1 34 46 50 -1 48 -1 42 -1 43 52 -1 113 -1 0 -1 5 -1 10 32 117 136 143 153 -1 187 220 -1
692 4 24 55 -1 7 -1 6 8 -1 64 -1 9 -1
147 7 -1 1 8 11 -1
59 3 -1 7 8 12 21 29 36 47 50 59 -1 14 -1 16 54 -1 1 17 -1 68 -1 5 -1 22 38 46 -1 39 -1 45 -1 25 -1 0 26 -1 64 -1 113 -1
449 1 7 51 79 -1 10 42 -1 57 -1 13 -1 28 -1 36 -1 16 -1 19 22 37 54 -1 69 -1
530 1 37 -1 88 -1 7 -1 19 -1 9 16 -1 27 -1 17 -1 18 21 36 -1 0 12 25 -1 22 30 -1 59 -1 34 -1 35 80 -1 57 73 -1 77 -1 78 -1 8 112 116 -1 132 142 -1 187 -1 48 220 -1 52 221 -1
127 9 14 17 28 46 -1 16 27 -1 11 59 -1 19 -1 8 -1 42 -1 0 25 26 -1 57 -1 36 45 -1 109 -1 5 -1 24 -1 32 110 -1
563 1 15 -1 18 -1 64 -1 103 -1 7 -1 12 -1 8 9 26 45 48 96 -1 10 -1 21 -1 0 16 -1 41 -1 17 -1 27 -1 46 -1 22 29 39 95 -1 25 40 -1 30 34 82 -1
460 1 30 62 -1 7 9 18 -1 8 16 19 -1 23 -1 25 -1 13 22 -1 34 73 -1 28 77 -1
252 0 -1 54 61 -1 1 -1 27 -1 30 99 -1 7 115 -1 31 -1 62 -1 64 85 -1 8 -1 10 128 -1 117 -1 12 -1 13 17 60 -1
412 1 -1 37 -1 7 27 79 -1 8 90 -1 9 -1 12 13 74 -1 84 -1 16 96 -1 0 75 -1 17 38 78 102 -1 34 -1 21 30 35 87 -1
710 9 -1 17 -1 25 -1 12 40 -1 66 -1 13 -1 67 77 -1 6 16 -1 21 26 41 -1 22 68 -1 69 -1 15 46 52 96 -1 107 -1 39 108 -1 18 109 116 -1 0 117 -1
270 0 25 -1 49 -1
210 0 9 -1 7 69 -1 14 -1 28 67 -1 5 16 -1 17 29 64 -1 34 -1 35 -1 40 -1 3 22 -1 109 -1 4 -1 18 116 -1 117 -1 118 132 -1 21 -1 24 -1 138 -1 20 142 200 220 -1 15 -1 47 -1 49 -1 25 31 38 221 228 -1
700 1 71 -1 87 -1 7 58 -1 9 -1 10 28 56 83 -1 16 33 -1 0 17 20 23 45 -1 19 41 51 79 -1 22 39 40 -1 25 32 -1 26 -1 50 -1 34 53 -1 35 44 -1 37 70 -1 15 36 68 -1 55 76 -1 73 -1
443 1 -1 48 -1 7 25 49 -1 8 -1 9 59 -1 23 73 -1 12 16 19 33 -1 39 -1 27 61 -1 2 13 109 116 117 -1
161 4 -1 0 6 7 8 13 23 31 -1 39 42 -1 14 25 30 -1 34 -1 9 35 -1 28 -1 12 112 -1 19 -1 116 -1
225 0 -1 14 35 -1 3 36 74 -1 5 7 8 -1 12 82 -1 4 16 17 40 51 83 -1 27 29 -1 28 -1 15 34 -1 9 13 109 -1 19 112 -1
553 0 3 48 76 -1 25 -1 7 34 -1 9 14 35 -1 10 16 18 39 -1 30 33 -1 37 46 -1 43 -1 32 -1 44 55 72 -1
303 1 -1
426 1 18 -1 107 -1 7 8 13 114 -1
408 0 15 51 -1 7 -1 8 9 72 -1 4 13 17 52 -1 76 77 -1 5 16 -1 70 -1 67 -1 110 -1 23 116 117 -1 118 -1 6 66 119 138 -1 10 32 142 -1 143 -1 31 74 193 195 199 -1 27 30 220 -1 34 -1
308 9 13 14 41 -1 45 -1 12 -1 22 -1 30 -1 55 -1 61 -1 6 15 16 -1 31 -1 23 46 -1 25 38 -1 7 -1 26 -1 47 48 52 56 -1 53 -1
103 14 35 -1 53 -1 16 -1 17 31 -1 0 15 19 21 61 -1 34 45 57 112 -1 113 -1 26 27 116 117 131 -1 58 -1 132 -1 142 -1 3 25 -1 18 22 158 -1 178 190 -1 37 -1 7 220 -1 44 -1 24 32 41 49 221 228 232 -1 237 253 -1 47 255 -1 11 -1
562 0 -1 49 -1 3 62 -1 22 32 -1 7 -1 9 33 -1 39 -1 16 31 -1 18 -1 25 30 38 -1
704 1 -1 11 -1 28 -1 7 -1 6 -1 8 -1 9 36 -1 10 -1 65 66 78 -1 0 3 16 19 21 25 42 -1 4 29 109 -1 116 -1
621 1 -1 88 -1 7 86 89 -1 9 -1 11 -1 16 41 -1 4 17 -1 19 50 -1 25 -1
62 7 16 18 -1 8 -1 46 -1 12 51 -1 14 45 -1 0 10 17 49 112 -1 47 131 -1 48 -1
300 1 35 48 -1 7 -1 29 -1 8 10 57 -1 0 19 -1 12 16 17 -1 6 18 23 -1 31 -1 25 -1 11 -1
544 0 66 101 -1 3 27 -1
507 0 20 -1 7 9 12 15 16 19 29 32 33 54 78 -1 2 21 -1 25 30 -1 17 34 72 -1 35 -1
274 0 2 13 23 -1 16 40 -1 17 18 -1 12 -1 46 -1 22 27 -1 25 -1 26 -1 19 114 116 -1 39 117 -1 8 123 -1 1 131 -1 14 132 142 -1 7 -1 11 -1 143 -1 24 29 145 -1 148 -1
658 5 7 19 33 -1 6 8 -1 56 -1 27 -1 12 -1 34 35 -1 53 69 -1 28 -1 77 -1 17 -1 78 -1 64 -1 112 -1 3 41 116 -1 117 -1 46 47 55 132 140 -1 142 -1 4 143 163 -1 9 -1 45 -1 176 -1 177 -1
148 3 5 11 -1 7 -1 0 8 12 16 -1 17 22 73 80 -1 18 25 30 34 -1 28 35 -1 40 -1 47 -1 1 61 67 68 72 77 -1 70 -1
134 12 -1 11 16 17 -1 2 -1 27 -1 30 -1 14 34 -1
64 1 7 13 15 23 -1 27 -1 8 17 -1 31 36 -1 14 -1 16 20 25 -1 11 19 22 26 33 43 46 -1 21 38 51 -1 40 49 113 -1 6 116 -1 0 -1
268 0 40 57 -1 1 10 23 -1 3 -1 7 31 58 73 77 -1 8 29 -1 12 38 -1 16 67 -1 17 26 -1 74 -1 24 -1 25 -1 30 34 -1 35 53 -1 66 -1 75 -1
581 1 53 -1 2 67 -1 135 -1 136 -1 3 19 21 81 121 -1 0 7 -1 22 68 122 -1 9 -1 8 -1 73 134 -1 16 -1 17 82 127 -1
327 4 6 -1 42 -1 0 7 8 9 16 23 30 37 51 -1 17 46 -1 21 -1 5 25 26 31 43 45 -1 2 52 -1 53 -1 71 -1 24 77 -1 78 -1 48 -1 34 38 93 107 -1 29 108 -1 49 -1 59 112 119 -1 40 131 142 -1 41 44 -1 187 221 -1
403 0 -1
180 10 16 23 32 -1 13 -1 17 27 43 -1 35 -1 34 46 -1
723 0 82 -1 7 86 -1 77 -1 8 94 -1 10 85 -1 12 -1 1 6 -1 51 -1 13 -1 16 17 19 38 78 -1
463 10 -1 3 16 19 35 58 -1 25 -1 31 -1 17 -1 23 -1 34 -1 11 -1 29 -1 45 -1 13 52 73 -1 42 -1 77 -1 7 -1 51 78 -1 112 -1 8 -1 1 116 -1 133 -1 12 142 -1 32 145 -1 187 -1
660 4 22 -1 7 60 -1 0 -1 8 -1 10 97 -1 16 -1 20 -1 13 -1 34 -1 2 -1 21 49 -1 18 -1 11 40 78 112 113 -1 79 -1 116 132 -1 17 -1 85 -1 142 143 -1 90 190 -1 191 192 222 -1 15 225 -1 228 -1
301 1 11 -1
351 2 -1 43 63 -1 0 3 10 -1 7 8 38 -1 17 -1
527 0 -1 6 -1 61 -1 7 -1 10 27 -1 16 24 -1 18 -1 17 25 -1 30 -1 34 -1 1 -1 46 51 -1
419 1 17 67 -1 4 7 -1 8 -1
489 1 -1 7 13 21 57 -1 9 24 -1 16 18 -1 17 -1 11 25 -1 19 30 33 -1 34 -1 4 -1 35 49 -1 48 -1 29 39 50 -1 52 73 77 -1
22 3 6 32 -1 0 7 8 -1 5 10 16 17 19 37 38 40 -1 55 -1
583 3 16 81 -1 0 7 8 -1 93 -1 13 19 34 -1 11 -1 17 48 -1 27 -1 12 15 -1 31 51 87 -1 4 30 35 -1 92 -1 21 39 -1 29 46 -1 50 54 -1 47 52 53 -1 62 -1 68 -1 66 -1 96 -1 72 -1 25 32 33 77 -1 9 20 109 112 -1 1 -1 113 -1 116 -1 2 117 -1 28 91 132 -1 86 135 -1 138 142 -1 22 -1
289 0 1 33 108 109 -1 36 -1 3 4 52 71 -1 9 -1 7 20 -1 21 37 -1 8 85 100 -1 13 -1 16 65 74 -1 58 -1 17 18 23 80 86 89 -1 25 29 -1 26 75 -1 92 -1 113 131 -1 5 11 142 -1 143 -1 77 167 -1 55 63 174 -1 59 68 176 178 -1 24 185 186 220 -1 83 -1 99 -1
155 30 -1 15 26 -1 3 34 -1 8 -1 35 -1 0 1 109 -1 112 -1 2 12 116 -1 117 -1 18 -1 124 -1 9 -1 14 -1 31 32 131 -1 132 -1
89 7 -1 8 16 22 -1 23 -1 10 34 -1 32 67 -1 84 -1
554 2 -1 53 -1 102 -1 4 -1 18 -1 25 -1 7 -1
511 1 58 73 -1 3 29 -1 36 -1 7 -1 17 -1 37 -1 12 -1 16 38 -1 24 -1 21 25 30 -1 18 34 -1 23 72 -1 42 77 78 -1 44 57 220 221 228 -1 31 -1 33 -1
17 0 36 -1 2 39 84 109 116 -1 124 -1 3 15 24 -1 4 -1 52 -1 68 -1 1 7 -1 25 48 69 -1 110 -1 8 -1 44 -1 10 -1 16 49 111 -1 45 -1 17 -1 19 20 53 56 64 -1 112 -1 21 40 57 -1 26 -1 27 42 -1 5 -1 113 117 -1 119 -1 37 -1 131 -1 38 132 -1
405 0 -1 7 27 73 -1 15 -1 8 -1 19 48 71 87 -1 25 26 46 69 74 -1 77 -1 18 78 113 -1
57 0 7 8 55 -1 9 -1 17 22 46 -1
104 14 -1 40 50 -1 16 -1 0 9 19 20 25 26 36 -1 24 -1
428 1 22 91 -1 7 19 -1 6 10 -1 31 -1 13 -1 39 60 -1 16 17 32 -1 65 -1 15 57 68 -1 85 -1
201 3 -1
536 1 -1 7 8 21 39 40 85 97 -1 9 12 62 -1 16 31 50 -1
458 1 -1 3 49 67 -1 17 -1 27 -1 7 -1 10 12 13 28 -1 15 16 19 38 -1 21 25 -1 31 -1 36 -1 34 -1 11 29 40 -1 109 -1 9 116 -1 0 117 -1 14 131 -1 30 138 -1 142 -1 5 -1 143 -1 220 -1 55 -1 23 221 228 -1 232 -1
240 1 -1 0 -1 4 -1 31 -1 34 -1 52 70 -1 7 23 -1 45 -1 8 10 40 77 -1 12 -1 13 56 74 -1 14 -1 16 29 47 -1 17 57 -1 22 54 71 83 -1 3 21 35 79 109 -1 53 69 112 113 -1 42 116 -1 43 -1 117 -1
476 1 14 -1
498 0 56 -1 72 -1 1 -1 7 14 22 23 -1 35 -1 8 -1 9 27 -1 6 -1 12 15 -1 16 -1 11 25 -1 26 -1 30 31 52 -1 34 -1 37 39 -1 4 10 -1 69 -1 51 -1 13 -1 77 -1 24 -1 112 -1 42 113 -1 116 117 118 -1 135 -1
177 0 -1 7 8 10 69 78 -1 16 17 19 67 75 -1 25 26 34 -1 14 15 24 27 35 72 -1 50 66 77 -1 109 -1 117 -1 131 -1 68 71 135 -1 74 -1 138 -1 142 -1 193 -1 11 220 -1 32 36 -1 42 -1 49 -1
424 1 -1 4 7 28 -1 2 -1 8 9 13 18 37 41 -1 16 45 -1 0 -1 34 -1 17 31 -1 6 12 27 -1 35 -1 43 112 116 -1 118 -1 119 132 -1 36 133 142 -1 3 -1 145 -1 148 -1
293 9 29 -1 16 24 59 -1 17 -1 67 -1 21 23 25 41 -1 14 50 -1 34 -1 26 -1 32 -1 28 33 65 -1 47 -1 22 38 43 77 78 -1 109 -1 6 116 -1 1 117 -1 12 -1 119 -1
339 3 -1 15 -1 0 7 40 -1 8 10 14 48 -1 16 56 70 -1 17 49 -1 25 53 -1 59 -1 26 65 109 -1
439 1 -1 31 47 -1 7 23 -1 8 -1 60 -1 9 11 16 17 59 -1 22 30 56 -1
221 0 11 -1 46 78 -1 95 -1 3 -1 60 71 -1 7 47 73 -1 8 12 67 108 -1 72 -1 13 -1 41 54 -1 16 -1 55 -1 17 104 -1 18 21 79 93 -1 9 25 64 65 -1 26 -1 27 -1 62 -1 29 43 69 89 -1 34 44 70 -1 22 35 68 75 -1 77 -1 61 109 112 -1 92 -1 116 -1 117 -1 118 -1 23 51 120 -1
513 1 34 77 -1 7 12 26 -1 28 -1 16 -1 21 23 -1 29 -1 25 -1 22 -1 30 -1 27 35 47 64 72 78 -1 0 8 112 119 -1 14 -1 49 133 220 -1
672 4 -1 34 59 -1 7 -1 8 23 -1 72 -1 9 -1 17 -1 21 -1 12 73 93 -1 0 16 50 60 -1 22 -1 62 -1 111 -1 25 -1 26 -1 27 -1 98 -1 35 105 -1 68 -1 56 77 87 101 -1 13 57 78 -1 109 112 113 -1 115 116 117 -1 71 104 132 134 -1 138 -1
547 0 -1 50 -1 7 10 12 18 43 44 52 53 -1 9 16 -1 19 21 51 -1 5 24 25 41 -1 42 -1 30 -1 34 -1
184 4 35 -1 7 8 29 40 -1 50 -1 13 -1 16 31 49 -1 17 -1
257 0 2 -1 1 -1 32 -1 35 54 -1 62 -1 3 7 11 -1 15 50 63 -1 8 39 69 -1 13 -1 34 -1 17 -1 9 22 26 -1 21 45 -1 5 -1 59 68 -1 43 44 -1 27 -1 72 109 -1 110 -1 38 116 117 119 -1 36 67 131 -1 61 -1 138 -1 4 -1 30 33 65 142 220 -1 52 -1 6 64 222 -1
533 9 45 -1 65 -1 12 -1 13 34 -1 16 -1 0 35 -1 18 46 -1
728 9 11 -1 12 28 -1 49 -1 81 -1 0 1 13 16 -1 42 -1 17 -1 18 38 -1 6 -1 19 -1 5 -1 22 47 -1 25 -1 40 -1
60 0 -1 41 -1 1 15 43 -1 4 7 25 52 60 -1 44 -1
173 19 36 38 -1 22 -1 43 -1 25 48 -1 29 -1 39 -1 26 51 -1 34 -1 30 -1 0 21 35 41 109 -1 3 12 16 50 117 119 131 138 142 -1 23 46 143 -1 6 53 145 -1 148 149 -1 9 -1 7 181 -1
39 0 -1 33 -1 3 55 -1 26 28 -1 7 -1 17 -1 12 13 29 38 51 -1
589 0 19 69 -1 7 8 9 -1 75 -1 16 17 37 -1 45 63 66 -1 25 -1 39 -1 14 26 27 65 -1 34 -1 6 35 68 -1 77 -1 78 -1 10 33 112 116 134 -1 36 140 -1 64 142 -1 2 145 -1 61 146 -1 148 -1 3 -1 62 163 190 -1 221 -1 13 -1 225 -1 21 228 -1
6 3 18 -1 25 -1 62 70 -1 5 -1 28 55 -1 7 -1 0 -1 26 -1 8 9 56 82 -1 74 -1 10 -1 12 -1
23 0 69 -1 72 -1 4 7 27 37 -1 8 20 43 60 -1 13 -1 39 -1 16 47 -1 36 -1 17 -1 21 59 -1 34 -1
116 12 30 84 -1 16 -1 5 17 96 -1 0 19 21 67 91 -1 77 83 -1 25 26 68 123 -1 71 -1 73 81 118 -1 45 -1 65 119 -1 9 27 32 33 35 43 106 131 -1 107 -1 4 10 36 42 140 -1 46 79 108 142 -1 103 -1 93 143 165 -1 29 80 220 -1 88 92 97 -1 61 66 228 -1 75 -1 31 230 235 -1 51 253 -1 76 85 -1 255 -1 18 -1 265 266 -1 49 -1
483 0 -1 3 48 87 -1 6 7 8 16 20 32 -1 24 -1 9 -1 39 71 -1 10 23 -1 38 -1 14 -1 17 -1 18 -1 29 72 -1 25 26 30 -1 34 73 -1 37 -1 77 -1 21 52 78 109 116 -1 117 138 142 143 -1
720 0 -1 96 100 -1 4 -1 17 -1 57 -1 7 -1 8 83 -1 74 -1 9 -1 11 12 16 62 81 -1 3 -1 63 109 112 -1 67 -1 58 116 -1 120 -1 15 -1 5 38 122 -1 14 131 -1 99 -1
470 0 85 -1 1 4 7 31 43 44 54 60 123 -1 45 76 -1 8 12 66 -1 18 -1 81 107 -1 25 -1 73 -1 26 30 74 -1 97 -1 34 61 -1 35 -1 41 -1 6 48 77 -1 78 95 109 117 118 -1 37 -1 42 -1 119 -1 3 -1 49 133 -1 86 -1 136 143 -1 47 83 220 -1
501 4 -1 18 -1 19 -1 7 9 -1 8 10 22 -1 12 17 23 47 -1 16 -1 60 -1 75 -1 11 21 25 32 -1 33 -1 28 -1 30 -1 37 -1 34 35 48 -1 39 -1 46 73 -1 59 77 78 -1 109 112 -1 31 63 -1 0 26 116 -1 117 -1 13 29 118 132 -1 64 138 -1
444 1 -1 65 91 -1 7 8 10 12 54 67 99 -1 27 49 -1 16 -1 17 50 -1 18 68 -1 85 -1 21 25 26 35 48 -1 30 -1 34 -1 0 73 77 -1 9 78 109 -1
284 3 -1 7 -1 51 63 -1 0 20 52 109 110 123 -1 77 -1 21 82 -1 23 25 26 44 45 65 66 -1 68 71 99 -1 88 -1 78 100 -1 119 -1 64 131 -1 4 -1 6 -1 32 -1 38 -1 83 -1 40 61 85 116 118 135 -1 140 -1 122 126 -1 9 142 -1 31 -1 39 -1 62 -1 86 117 120 -1 167 -1 69 -1 80 -1 174 -1 87 -1 176 -1 81 -1 178 -1 185 -1 90 186 -1 220 -1 57 98 -1 104 -1 19 224 -1 228 -1 89 -1
189 8 9 10 -1 12 -1 25 -1 33 -1 45 58 -1 0 13 16 17 34 44 -1
480 0 -1 87 -1 7 76 118 -1 9 -1 16 -1 37 -1 107 -1 10 -1 15 -1 12 52 -1 1 89 -1 38 90 -1 30 59 -1 34 -1 8 19 39 41 -1 25 -1 17 73 -1 74 -1 66 -1 77 106 -1 60 78 112 116 -1 18 131 -1
215 0 3 -1 46 -1 8 27 35 52 -1 45 -1
352 25 -1 26 30 35 -1 46 -1 0 34 54 -1 6 9 29 45 -1 5 23 52 -1 53 -1 104 -1 10 107 -1 2 -1 38 108 -1 4 24 109 116 117 138 -1 27 142 -1 1 32 143 -1 145 -1
473 1 7 37 63 -1 8 33 -1 12 72 -1 14 -1 0 16 79 -1 31 39 -1 29 34 74 -1 35 47 -1 73 -1 22 71 -1 11 77 -1 78 -1 112 -1 6 -1 116 -1 9 132 142 145 148 -1 220 -1 24 223 -1 13 20 -1
75 7 -1 13 18 -1 43 53 -1 8 -1 22 -1 12 28 -1 14 -1 16 17 48 52 54 -1 36 -1 59 -1 19 35 37 -1 5 24 -1 0 25 26 -1 11 30 34 45 -1
117 10 -1 0 11 12 -1 16 -1 17 81 89 -1
135 12 -1 9 13 16 17 36 -1 30 40 -1 10 34 -1 6 -1 35 -1 14 46 52 -1 72 -1 77 -1 5 78 112 -1 33 -1 7 116 -1 37 117 131 -1 0 1 -1 39 -1 132 -1 11 142 -1 4 143 -1 144 -1 148 -1 8 -1 149 -1 19 20 22 165 171 176 177 187 -1
183 3 -1 0 -1 1 4 -1 23 -1 53 -1 2 7 -1 8 9 10 25 54 60 -1 41 -1 16 -1 37 -1 17 -1 27 30 -1 34 -1 11 35 -1 12 21 40 43 66 67 77 -1 31 57 78 -1
275 1 3 11 21 25 -1 15 -1 7 -1 4 16 -1 8 -1 13 28 -1 12 30 57 -1 66 -1 17 36 55 72 -1 18 51 53 -1 23 41 -1 26 -1 33 -1 40 59 -1 24 -1 43 -1 2 44 -1 34 -1 52 -1 58 -1 45 77 -1 78 109 -1 10 31 112 -1 79 -1 42 67 116 119 -1 131 -1 27 -1 68 71 132 -1 29 -1 65 138 142 -1 74 143 200 -1 210 -1 64 -1 213 -1 221 -1 60 -1 222 -1 32 -1 228 -1 37 -1
477 0 -1 16 75 -1 7 8 -1 9 14 -1 6 -1
580 1 68 -1 3 7 20 27 81 -1 4 -1 9 28 -1 37 -1 16 -1 42 -1 34 75 -1 31 -1 35 73 -1 17 77 -1 32 -1 78 -1 109 -1 6 112 -1 29 116 -1 0 -1 21 132 -1
417 1 -1 25 81 -1 7 -1 12 44 -1 53 -1 74 -1 13 75 -1 0 10 16 43 -1 68 -1 4 17 -1 64 -1 27 30 -1 34 -1 9 14 35 46 -1 24 47 -1 80 109 -1 26 -1 38 -1 112 -1 6 39 116 -1 118 -1 40 -1 2 119 -1 8 50 51 132 140 -1 142 -1 145 -1 54 -1 18 146 -1
423 0 16 27 -1
438 0 35 50 -1 4 12 24 -1 7 -1 8 25 -1 20 51 60 -1 13 16 -1 17 21 -1 31 46 -1 23 26 -1 33 47 62 -1 64 -1 27 -1 65 -1
637 3 -1 12 60 -1 7 -1 0 8 -1 61 67 112 135 -1 143 -1 15 59 161 -1 176 -1 6 190 -1 191 -1 192 -1
361 3 11 47 -1 2 7 -1 8 -1 58 -1 14 -1 16 55 76 -1 48 -1 25 -1 26 -1 24 45 56 62 -1 20 44 52 -1 53 -1 68 -1 35 -1 54 -1 65 77 78 109 -1 12 -1
719 0 1 8 9 -1 12 15 -1 10 16 17 53 -1 81 -1 14 22 -1 25 -1 2 -1 26 83 -1 30 60 -1 34 -1 43 -1 35 39 -1 33 42 50 -1 21 38 57 84 98 107 108 109 -1 112 116 -1 3 -1 87 91 -1 117 -1 44 132 -1 89 -1 138 -1 142 -1 6 -1 72 -1 143 -1 145 149 -1 62 197 220 221 222 -1 45 -1 46 -1 47 225 228 -1 49 52 -1 59 235 -1 258 -1
615 0 -1 55 -1 77 -1 7 -1 8 44 -1 87 -1 9 -1 10 -1 16 90 -1 2 -1 27 -1 53 79 -1 34 -1 35 39 41 68 80 -1 78 109 -1 36 -1 112 -1 116 -1
54 0 -1 26 -1 33 -1 1 48 59 -1 3 7 -1 8 9 -1 34 -1 12 46 67 -1 22 -1 35 -1 66 -1 16 68 -1 14 -1 17 36 60 79 -1 18 30 -1 29 -1 40 41 -1 10 -1 38 47 -1 52 -1 109 -1 50 -1 55 116 -1 4 45 -1 117 -1 63 131 -1 32 138 -1 140 -1 6 -1 142 -1 61 178 187 199 -1 202 220 -1 28 222 -1 57 -1 227 -1 78 -1 20 228 236 -1 42 -1 44 -1
2 3 -1 12 -1 7 64 -1 6 -1 8 76 -1 21 67 -1 1 25 -1 26 45 -1
532 0 54 -1 7 67 -1 37 -1 9 -1 13 16 28 55 -1 18 38 46 -1 25 -1 30 -1 34 35 41 42 -1 15 43 44 73 -1 40 -1 77 -1
28 0 34 -1 1 69 -1 2 7 9 18 26 31 32 70 76 88 -1 23 -1 15 16 -1 17 21 79 -1
613 0 79 -1 96 -1 7 -1 12 44 -1 21 -1 80 -1 13 16 81 95 -1 18 -1 57 -1 19 47 -1 25 28 48 -1 29 -1 59 87 -1 34 46 -1 88 -1 60 68 -1 91 -1 32 74 -1 77 -1 22 78 109 -1 10 -1 3 41 49 112 -1
367 3 14 -1 37 -1 62 96 -1 0 7 -1 49 -1 8 48 -1 13 103 -1 46 -1 68 -1 16 -1 17 21 31 54 60 -1 43 -1 25 -1 27 34 -1 40 -1 38 -1 33 -1 44 45 52 64 -1 53 59 77 -1
628 4 -1 6 -1 11 -1 0 7 -1 8 16 -1 9 -1 12 -1 26 -1 38 -1 47 -1 27 -1 17 62 -1 21 36 -1 22 46 -1 25 31 -1 34 -1 49 -1 35 -1 41 -1 10 24 -1 98 -1 37 -1
413 0 22 -1 54 -1 7 8 -1 12 71 -1 14 66 -1 13 -1 67 -1 62 76 -1 16 59 64 -1 11 -1 65 109 -1
429 1 13 -1 31 -1 7 8 11 -1 22 34 42 -1 48 -1 25 32 -1 45 52 -1 3 -1 112 -1 0 -1 14 118 132 -1 2 134 -1
164 7 8 10 16 -1 37 -1 44 -1 12 -1 3 9 40 -1 17 19 -1 0 5 26 30 32 34 35 -1 38 45 -1
231 0 13 51 -1 7 -1 1 8 57 -1 14 -1 11 16 52 -1 17 22 -1 12 -1 25 54 -1 26 32 46 -1 27 49 53 -1 33 62 -1 95 -1 38 40 -1
322 17 21 25 26 31 43 -1 67 -1 29 -1 24 36 77 -1 78 -1 22 33 93 107 -1 18 20 108 119 131 -1 32 -1 34 142 -1 30 -1 23 143 -1 5 221 -1
421 0 37 -1 56 -1 1 26 -1 4 10 30 -1 14 -1 7 -1 8 -1 19 23 31 -1 9 22 67 -1 16 57 -1 17 -1 21 24 25 49 -1 11 13 29 45 61 -1 34 35 -1 41 66 -1 18 73 77 -1 47 78 -1 109 -1 3 118 138 143 -1
311 3 7 37 45 -1 32 -1 8 56 -1 12 23 47 -1 16 -1 11 -1 17 -1 21 38 43 57 -1 10 25 26 31 36 -1 5 -1 0 24 28 44 109 -1 33 113 -1 30 40 116 -1 117 -1 14 -1 49 120 -1
598 9 -1 16 27 -1 39 -1 12 -1
108 9 -1 25 -1 51 -1
72 3 -1
610 0 75 -1 94 -1
36 4 13 -1 32 -1 7 -1 0 -1 8 35 -1 3 10 -1
296 4 8 -1
546 1 28 -1 42 -1 7 18 43 76 86 -1 8 -1 95 -1 9 69 -1 88 -1 12 16 19 49 50 99 132 -1 21 73 89 -1 41 -1 102 -1 25 -1 35 55 87 -1 58 74 -1 32 45 -1 103 -1 75 85 -1 77 -1 15 -1 46 -1 109 -1 112 -1 0 116 -1 138 -1 142 145 -1 84 148 -1 94 125 149 168 -1 98 -1
237 3 -1 0 -1 48 -1 8 59 -1 9 -1 68 73 -1 12 40 47 -1 13 21 -1 22 -1 16 -1 11 33 -1 17 29 30 46 64 75 -1 25 26 44 -1 35 76 -1 34 45 -1 2 -1 24 -1 28 53 109 112 -1 67 -1
729 9 -1 12 16 67 -1 0 6 -1 7 -1 19 -1
202 0 -1 7 13 54 -1 8 60 -1 12 -1 34 -1 16 24 -1 17 -1 63 -1 10 21 25 56 -1 26 27 -1 29 35 36 52 -1
373 3 27 50 -1 7 -1 6 -1 8 -1 59 -1 12 -1 43 -1 65 -1 16 -1 31 -1 17 -1
191 4 69 -1 7 79 -1 8 51 -1 10 94 -1 11 -1 14 63 -1 13 78 -1 24 -1 25 39 43 -1 5 16 -1 15 -1 35 55 -1 17 28 -1 48 -1 19 -1 30 -1 22 49 67 -1 50 -1 26 -1 97 -1 27 -1
280 0 4 -1 51 -1 8 10 46 59 -1 16 23 42 -1 7 -1 3 25 -1
401 1 -1 0 -1 7 -1 73 -1 8 9 14 19 46 95 105 -1 43 -1
400 0 -1
91 0 -1 35 -1 36 -1 1 -1 19 25 -1 3 80 93 -1 7 12 26 74 -1 8 -1 43 -1 115 -1 9 79 107 -1 10 57 -1 77 -1 14 -1 33 -1
307 0 3 27 -1 52 69 -1 7 8 36 42 -1 18 -1 21 40 46 -1 10 -1 25 26 -1 22 56 -1 32 33 35 -1 39 43 -1 44 -1 45 -1 112 -1 49 119 131 -1 50 -1 48 51 55 142 -1 221 -1
44 18 -1 40 -1 43 -1 19 -1 61 -1 77 -1 21 -1 7 28 -1 0 25 -1 29 -1 57 -1 26 -1 48 -1 47 -1 38 -1 75 -1 52 -1 20 109 -1 13 80 112 116 -1 14 132 -1 12 36 76 135 138 -1 17 140 -1 27 -1 35 -1 142 -1 22 204 -1 220 -1 46 -1 54 -1 3 221 -1 58 65 228 -1 41 -1 44 232 -1 233 -1 32 -1
727 12 19 -1 37 -1 60 -1 102 -1 13 -1 0 16 103 112 -1 17 56 -1 45 -1 111 -1 22 25 -1 100 -1 23 26 40 -1 76 -1 97 110 113 -1 59 -1 116 -1 15 -1
171 0 -1 46 -1 7 60 -1 10 25 37 -1 45 -1 16 -1 13 -1 17 -1 11 22 26 33 34 55 -1 35 -1 29 -1 36 72 77 -1 5 -1 1 78 109 112 -1 18 113 -1 30 116 -1 121 -1 21 -1 23 -1 131 -1 3 -1 4 59 -1 142 -1 57 -1 145 -1 28 -1 148 -1 12 -1 32 149 181 -1 8 39 54 199 220 -1
282 0 33 -1 46 -1 7 -1 25 -1 8 -1
30 0 -1 30 -1 36 -1 2 7 45 46 -1 25 -1 37 -1 10 26 35 -1 12 -1 5 -1 16 -1 13 -1 17 -1 42 -1 18 -1 4 11 21 38 -1 112 -1 116 -1 3 131 -1 14 135 136 -1 137 -1 142 -1 15 -1 34 -1 29 143 220 -1 20 22 228 -1
114 12 26 -1 54 -1 16 17 69 -1 14 21 -1 25 57 -1 0 -1 32 -1 46 -1 34 35 41 59 112 -1 4 131 -1 5 -1 3 18 28 30 140 -1 6 19 -1 27 58 142 -1 31 39 52 158 -1 24 -1 13 38 42 45 50 220 226 228 -1 23 -1 29 62 252 -1 253 -1
441 9 15 16 17 29 45 60 -1 22 67 -1 25 58 78 -1 28 -1 52 -1 34 -1 35 -1 68 109 -1 27 -1 12 116 138 -1 10 26 142 -1 143 -1 32 -1
686 9 12 40 57 -1 88 -1 16 -1 0 -1 41 -1 19 25 26 47 63 -1 84 -1 28 50 -1 52 -1 34 35 58 69 -1 83 -1 39 77 -1 78 -1 109 -1 10 32 -1 42 112 -1 72 -1
87 12 27 87 -1 14 -1 2 16 17 23 24 99 -1 8 22 -1 0 25 85 -1
78 3 -1 13 78 -1 0 7 8 -1 87 -1 9 -1 42 -1 76 -1 10 -1 16 36 -1 17 37 83 -1 21 34 -1 22 33 77 -1 26 45 88 -1 43 64 -1 35 46 52 66 79 -1 112 -1 82 131 -1 132 -1 68 140 -1 41 -1 143 190 220 -1 15 -1 54 61 -1 228 -1 38 230 -1 67 232 -1 44 -1 49 -1 237 -1
482 1 -1 27 -1 28 -1 4 -1 0 -1 11 -1 7 20 -1 8 12 14 17 37 -1 69 -1 16 -1 5 21 -1 49 -1 22 25 30 50 -1 13 34 -1 47 74 77 -1 10 78 -1 65 -1 6 15 112 116 -1 133 -1 142 -1 180 -1 26 181 -1 19 184 -1 185 -1 29 -1
341 3 -1 11 38 -1 0 7 8 -1 51 -1 6 12 14 16 -1 17 -1 20 -1 25 43 -1 48 -1
206 0 5 -1 4 7 29 49 -1 13 -1 25 34 35 71 -1 6 77 -1 1 -1 45 109 -1 117 -1 142 -1 43 46 -1 220 -1
724 3 -1 13 43 -1 0 7 8 55 -1 9 -1 12 15 27 88 -1 16 28 37 51 -1 40 59 -1 66 109 -1 82 -1 2 116 -1 117 -1 86 -1 132 138 142 -1 17 143 203 -1 220 -1 14 44 58 222 -1 18 -1 33 38 226 -1 228 -1 22 -1 60 -1 63 67 -1 230 -1
702 9 56 -1 81 -1 10 -1 12 22 -1 31 -1 46 -1 16 -1 4 23 47 -1 19 -1 21 30 57 -1 42 -1
545 0 95 -1 4 107 -1 22 -1 69 -1 7 -1 70 -1 9 77 -1 12 15 16 61 -1 62 -1 18 25 27 51 -1 32 55 -1 30 34 68 -1 56 72 -1 49 -1
159 3 34 -1 7 36 -1 0 8 29 -1 45 -1 10 -1 11 28 -1 73 -1 77 -1 5 16 -1 65 -1 17 -1 41 -1 19 49 88 -1 21 -1 39 48 -1 25 -1 26 -1 91 -1 46 -1 52 -1 62 -1 54 -1 59 -1 9 50 63 64 80 112 116 -1 117 120 -1 30 -1 40 131 -1 27 83 132 -1 142 -1 4 143 145 -1 148 -1 38 58 -1 60 -1 79 149 -1 190 220 -1 20 -1
716 0 1 4 7 14 22 45 72 -1 8 28 38 82 106 117 -1 9 11 -1 71 -1 12 -1 41 -1 50 -1 16 34 -1 17 51 64 -1 19 21 29 108 -1 18 -1 70 84 -1 25 31 52 85 -1 35 37 40 81 -1 23 49 98 107 -1 66 -1 104 109 -1 92 112 -1 116 -1 93 -1 131 -1 102 -1 103 -1 67 132 -1 76 133 -1 114 -1 134 -1 53 142 -1 68 99 -1 144 -1 94 -1 146 -1 148 -1 95 -1 152 -1 105 -1 166 -1 5 30 110 179 -1
345 0 -1 29 -1 47 -1 3 7 8 10 -1 20 23 25 56 -1 22 26 34 -1
525 0 11 -1 116 -1 7 -1 8 -1 128 -1 9 -1 10 -1 16 27 129 -1 35 -1 115 -1 34 -1 21 -1 69 -1 31 77 108 -1
353 0 2 -1 8 28 -1 31 -1 7 -1 17 24 34 -1 10 13 38 -1 16 20 47 -1 21 -1 25 41 -1 26 27 54 -1 3 -1 35 -1 12 45 52 -1 53 67 -1 44 55 77 78 -1 6 110 -1 112 -1 84 -1 1 113 116 -1 29 -1 39 -1 142 -1 83 168 -1 15 220 -1 40 222 -1 223 -1 14 22 -1
452 1 -1 7 48 60 -1 8 41 -1 69 -1 10 -1 25 -1 15 16 17 19 36 46 -1 22 34 -1 50 -1
560 0 57 -1 1 12 20 80 -1 7 -1 5 8 27 45 -1 9 10 21 39 62 76 -1 16 22 -1 63 -1 19 -1 75 -1 25 48 -1 43 -1 24 30 34 60 -1 17 -1 35 68 72 -1 50 77 -1 51 109 -1 4 36 -1 112 -1 47 -1 116 -1 3 37 119 -1 132 -1 138 -1 41 -1 142 -1
409 12 13 16 22 102 -1 36 -1 20 40 48 54 63 113 -1 5 116 -1 118 -1 2 15 -1 45 58 119 -1 0 -1 57 132 134 -1
572 0 58 66 -1 3 -1 13 -1 4 17 -1 40 45 -1
484 1 -1 29 -1 7 61 -1 10 23 -1
154 0 2 9 13 16 28 43 113 -1 117 -1
663 1 13 17 -1 7 -1 5 8 22 -1 9 36 -1 52 92 -1 16 -1 0 21 37 -1 33 -1 25 26 -1 45 -1 27 -1 30 69 -1 34 -1 35 43 -1 24 -1 40 87 -1 77 83 -1 78 -1 6 109 112 -1 42 116 -1 28 -1 133 -1 10 31 134 -1 80 -1 32 89 142 143 144 -1 44 63 -1 71 145 -1 64 148 -1 149 -1 12 184 -1 18 185 186 190 -1 85 191 -1 192 -1 222 -1 225 -1 56 -1 39 228 -1
243 11 15 43 -1 114 -1 0 -1 19 -1 117 -1 24 -1 5 220 -1 6 -1 23 -1
253 1 -1 75 78 -1 3 -1 7 14 26 27 47 49 -1 0 -1 21 -1 43 -1 23 74 -1 32 -1 76 -1 25 -1 12 19 30 31 33 34 35 42 56 70 -1 54 -1 5 77 -1 73 -1 109 -1 6 112 -1 16 -1 2 22 116 117 120 -1 52 122 131 -1 71 79 132 -1 17 20 138 -1 50 142 -1
479 0 -1 83 97 -1 1 25 -1 4 39 57 65 -1 7 -1 9 17 40 66 81 -1 12 -1 14 -1 60 -1 16 61 -1 18 74 -1 22 43 -1 20 26 -1 64 -1 30 -1 13 34 35 72 -1 54 -1 38 48 -1 8 45 52 53 73 -1 77 -1 78 -1 89 -1 42 109 -1 67 -1 116 -1 117 -1 75 -1 133 -1 49 138 -1 59 -1 37 50 142 -1 143 -1 71 -1
565 9 -1 12 -1 64 -1 100 -1
415 1 -1 56 66 -1 7 -1 52 -1 8 -1 12 70 -1 0 13 17 78 -1 9 -1 16 -1 10 22 31 -1 23 25 39 -1 26 -1 47 -1 37 -1 5 14 -1 62 -1 19 113 116 119 -1 2 -1 132 -1 32 -1 33 36 -1 140 -1 34 35 -1 142 -1 11 -1 21 200 220 -1
123 10 31 -1 35 -1 12 16 53 75 -1 21 -1 17 39 45 -1 19 82 -1 36 48 49 63 -1 25 26 -1 77 -1 27 34 37 -1 0 24 -1 46 -1 51 -1 68 -1 47 -1 70 -1 52 109 -1 6 44 110 111 -1 113 -1 13 -1 20 116 -1 11 117 119 -1 28 131 132 -1 73 78 135 -1 43 138 142 -1 71 143 -1 84 -1 144 -1 67 -1 146 -1 9 -1 148 -1 3 -1 42 149 -1
1 4 -1 7 8 14 22 -1 12 27 -1 37 65 -1 13 -1 28 31 -1 16 -1 25 -1 32 -1 17 76 -1 3 21 -1
640 1 -1 83 -1
52 1 24 -1 3 30 -1 13 20 -1 35 -1 44 -1 7 21 -1 8 31 -1
214 1 -1 51 -1 7 63 -1 0 8 20 39 65 -1 13 50 -1 16 -1 38 -1 17 -1 27 -1 9 -1 25 29 40 -1 52 -1 34 -1 5 10 41 109 -1 116 117 -1 59 124 -1 14 21 -1 138 -1 31 -1 142 143 -1
88 1 -1 7 -1 11 -1 0 -1 25 29 -1 8 20 -1 9 12 31 35 38 55 -1 59 -1
269 0 22 -1 7 8 11 23 42 43 54 -1 25 -1 26 -1 57 -1 109 -1 5 -1
495 1 8 -1
713 9 -1 63 -1 16 -1 0 -1 17 69 -1 27 -1 18 59 -1 34 -1 6 35 -1 68 -1 55 77 78 -1 21 47 109 -1 7 14 112 -1 15 116 -1 117 -1
694 3 -1 8 -1 40 -1 4 78 -1 0 7 46 74 80 83 -1 9 -1 12 21 41 97 122 -1 16 42 65 81 -1 18 19 55 89 111 -1 61 -1 112 -1 22 -1 24 -1 25 30 62 79 -1 52 -1 34 35 45 69 72 -1 77 -1 27 -1 109 -1 6 64 -1
260 1 -1 0 -1 21 -1 7 -1 37 46 -1 8 -1
285 4 -1 8 -1 83 -1 7 -1 0 -1 13 16 18 44 65 104 -1 38 -1 17 -1 26 -1 74 -1 43 62 -1 21 -1 32 -1 33 -1 9 19 25 -1 28 34 41 47 64 -1 35 -1 73 -1 84 112 -1 117 131 -1 66 67 -1 5 142 -1 68 71 143 -1 39 167 -1 59 170 174 176 -1 60 -1 177 -1 63 178 185 186 -1 75 80 220 -1 86 94 224 -1 15 22 -1
679 4 -1 7 -1 0 11 -1 8 -1 25 -1 9 -1 77 -1 12 14 60 86 -1 16 17 22 61 116 -1 80 -1 94 -1 26 71 -1 112 -1 27 -1 73 -1 34 -1
585 0 -1 7 -1 2 62 -1 8 9 72 -1 16 27 -1 12 25 34 35 61 -1 69 -1
446 1 25 -1 7 17 26 -1 8 -1 33 -1 19 -1 32 -1 73 -1 24 30 -1 29 -1 34 -1 15 -1 35 37 -1 23 40 -1 31 -1 77 -1 14 78 109 -1
509 4 37 119 -1 7 -1 8 27 -1 121 -1 9 59 -1 12 88 -1 19 36 -1 16 100 -1 89 -1 22 -1 101 -1 25 -1 20 30 38 92 -1 31 -1 34 102 -1 64 -1 93 -1
27 0 15 23 -1 55 -1 7 59 -1 8 12 44 49 -1 13 -1 45 -1 4 16 56 -1 9 17 21 -1 54 -1
418 0 -1 7 8 21 38 74 -1 93 -1 10 -1 15 17 -1 12 101 -1 2 13 -1 16 -1 3 -1 18 30 39 67 -1 34 -1 35 -1 37 42 87 -1 68 76 77 -1 78 -1 22 89 112 -1 82 83 113 -1 116 -1 5 118 -1 92 119 -1 14 132 -1 142 -1 145 148 -1 190 191 -1 192 -1
625 9 -1 31 -1 10 17 30 72 -1 16 27 34 -1 46 -1 14 -1 11 24 29 52 69 77 -1 0 112 116 132 -1 55 -1 134 -1 8 -1 54 -1 142 -1 12 56 144 -1 145 -1 3 64 148 -1
58 0 -1 10 -1 2 5 7 9 19 -1 54 -1 16 17 22 26 63 -1 23 27 -1 40 -1 34 -1 35 -1 109 -1 116 -1 117 -1 138 -1 142 -1 143 -1 60 -1 193 220 -1 14 -1 31 -1
3 3 41 59 -1 4 -1 7 -1 20 -1 0 8 35 -1 25 71 -1 9 40 -1 62 -1 13 28 -1 16 36 -1 17 21 43 65 -1 22 24 26 39 45 -1 63 -1 52 -1 34 112 -1 113 116 -1 117 -1 131 -1 67 -1
521 0 77 -1 106 -1 1 9 34 -1 7 8 57 61 -1 30 -1 78 -1 12 -1 16 50 66 -1 22 25 31 62 67 68 -1 14 73 86 -1 4 -1
8 0 1 27 47 81 -1 4 12 46 -1 7 17 -1 18 -1 9 -1 25 74 -1 6 16 22 -1 26 34 49 60 75 -1 35 80 -1
84 1 28 30 -1 65 -1 7 8 11 21 23 31 38 53 94 -1 39 -1 9 43 46 105 -1 102 -1 16 17 111 -1 10 22 -1
576 1 69 -1 4 6 7 15 19 48 79 -1 8 9 41 -1 13 14 16 17 21 40 52 73 -1 18 -1 25 50 71 -1 26 37 39 43 44 49 -1 24 72 -1 46 -1 77 -1 78 -1 58 109 -1
392 4 -1 8 -1 44 -1 0 7 27 53 -1 11 -1 2 21 22 26 30 34 35 43 -1 40 -1 57 -1 45 -1 39 -1 68 -1 77 -1 31 78 -1 13 16 55 109 110 -1 116 -1 6 -1 17 -1 46 117 -1 23 120 -1 28 -1 124 -1 66 -1 5 65 73 131 138 -1 37 -1 142 -1 3 -1 63 -1 14 143 -1 190 -1 9 197 221 -1 18 -1 47 -1
122 4 10 16 17 32 -1 36 -1 34 -1 0 6 22 35 -1 3 160 -1 9 -1 181 -1 11 185 186 -1 220 -1
381 0 1 31 42 -1 4 7 8 17 27 28 -1 21 51 -1 12 40 -1 25 -1 5 -1 26 33 34 35 41 52 -1 109 -1 20 39 44 112 116 117 -1 119 -1 11 -1 19 -1 56 57 -1 131 -1 55 132 -1 3 22 138 142 -1 23 -1 143 -1 144 148 -1 6 43 149 190 199 -1 14 221 -1
648 3 -1 11 -1 7 19 -1 5 8 -1 29 -1 9 -1 28 -1 14 16 17 44 -1 75 -1 27 -1 31 -1 34 66 -1 24 35 69 -1 0 25 36 77 112 -1 10 33 132 -1 133 -1 55 142 -1 143 -1 6 71 146 148 -1 1 149 162 -1 15 -1 172 -1 21 -1
490 1 -1 20 -1 47 -1 7 -1 12 -1 8 -1 10 43 51 56 -1 78 -1 16 -1 44 -1 18 38 -1 21 25 63 -1 45 -1 0 15 28 31 -1 34 -1 9 -1 72 77 -1 13 -1 112 -1 116 -1 6 23 132 -1
150 0 -1 32 -1 7 8 26 37 -1 12 43 -1 11 16 41 -1 17 -1 4 15 19 25 30 35 46 54 -1
531 0 -1 23 -1 81 -1 7 -1 8 -1 9 63 -1 12 -1 16 18 51 52 62 -1
626 1 17 -1 43 -1 5 7 8 60 -1 9 -1
140 13 49 -1 16 43 58 -1 17 -1 28 69 -1
287 4 -1 0 -1 8 57 -1 74 -1 13 36 39 -1 71 -1
425 0 7 21 44 -1 12 -1 8 -1 56 -1 3 10 -1 13 16 -1 4 18 -1 43 -1 6 25 -1 26 -1 52 -1 37 50 -1 112 116 119 -1 132 142 -1 5 -1 11 145 -1 148 165 -1 53 -1 176 -1 177 -1 193 -1 30 194 220 -1 15 38 221 -1
42 0 -1 49 59 -1 1 7 29 -1 26 48 -1 8 -1 11 -1 10 -1 12 -1 13 14 16 17 27 -1 18 21 57 -1 22 -1 9 25 56 -1 30 -1 34 -1 35 -1 19 72 -1 77 78 -1 33 -1 15 83 87 -1 88 109 -1 113 -1 31 -1 116 117 -1 5 20 50 119 135 -1 6 138 142 -1 143 160 199 -1
611 0 2 13 41 -1 72 -1 7 8 9 10 42 73 82 -1 16 -1 27 -1 34 53 -1 38 -1
262 0 -1 34 35 -1 1 -1 11 -1 53 -1 7 12 37 105 -1 22 -1 23 25 36 56 57 68 79 -1 26 58 88 -1 100 -1 38 66 103 107 -1 108 -1 90 109 -1 15 -1 116 117 -1 49 69 119 -1 32 54 131 -1 33 42 44 -1 132 -1 31 -1 135 -1 41 59 65 138 142 -1 45 -1 60 143 -1 21 77 160 176 177 -1 52 199 -1 201 -1 221 -1 222 -1 71 -1 83 228 -1
277 4 5 -1 7 10 -1 0 8 15 -1 19 -1 39 -1 6 25 26 35 40 41 44 -1 21 -1 43 -1 1 -1 45 71 -1 53 -1 77 78 -1 30 59 64 109 113 116 117 -1 24 -1 138 142 -1 23 143 -1 172 -1 20 199 221 -1 34 -1 48 228 -1
464 8 9 18 -1 12 -1 24 -1 32 48 -1 51 -1 13 -1 64 -1 66 -1 0 16 -1 19 22 33 52 -1 25 -1 47 49 50 -1 3 -1
216 0 58 -1 63 -1 7 -1 8 -1 14 41 -1 16 60 -1 19 -1 17 27 28 47 -1 12 -1 29 -1 30 34 35 45 52 57 62 -1 39 53 112 -1 37 116 117 124 -1 24 40 59 131 132 -1 31 56 142 144 148 -1 149 190 -1
145 4 -1 7 17 36 -1 8 11 43 -1 12 -1 24 -1 39 -1 13 64 82 -1 16 61 -1 19 21 48 49 90 -1 63 -1 0 25 26 28 38 -1 20 53 -1 14 23 34 35 -1 66 -1 46 -1 65 84 -1 52 109 -1 6 -1
194 3 8 14 -1 10 -1 6 16 -1 13 -1 32 -1 1 40 -1 17 -1 54 -1 19 24 25 44 -1 26 -1 34 -1 18 -1 31 35 50 55 58 59 100 -1
586 0 17 68 -1 7 -1 8 -1 78 -1 9 -1 16 40 54 -1 27 -1 19 -1 70 -1 6 34 -1 35 46 79 -1 52 -1 38 53 -1
263 7 -1 35 -1 43 -1 8 67 -1 82 -1 12 -1 14 76 -1 52 62 -1 16 -1 17 34 63 -1 86 -1
152 0 16 -1 6 7 14 35 -1 8 -1 13 44 -1 15 -1 63 -1 17 -1 69 -1 5 21 -1 25 26 30 39 -1 10 34 40 -1 36 -1 42 43 109 117 120 -1 4 22 124 131 -1 37 38 -1 66 -1 33 67 138 142 -1 65 143 -1 171 -1 27 32 58 207 220 -1 49 53 61 228 -1 45 234 -1 241 -1 18 -1
590 0 -1 51 -1 67 -1 7 8 36 -1 79 -1 18 -1 71 -1 25 26 -1
333 1 14 -1 7 54 -1 5 8 60 -1
668 3 -1 14 -1 56 -1 7 -1 0 8 -1 9 102 -1 13 16 17 23 28 57 66 92 99 110 -1 34 59 -1 35 68 72 -1 98 -1 77 -1
573 1 71 -1 108 -1 3 24 -1 50 -1 7 11 -1
569 0 -1 54 -1 73 -1 1 10 -1 7 37 -1 3 -1 47 -1 8 -1 9 43 -1 19 -1 32 -1 25 -1 27 30 34 -1
132 10 -1 14 -1 12 -1 42 -1 16 57 -1 6 -1 38 -1 17 26 -1 62 -1 21 -1 15 -1 9 25 34 41 54 -1 7 -1 11 35 39 -1 44 45 55 109 -1 116 -1 0 -1 46 117 126 -1 8 131 -1 40 138 -1
599 3 -1 8 -1 16 25 30 -1 7 -1 1 22 -1 9 19 20 39 -1 50 -1 11 18 -1 5 23 33 -1
616 3 -1 9 -1 7 68 -1
496 0 -1 54 -1 83 -1 7 -1 33 -1 9 -1 12 14 15 30 -1 6 16 19 21 25 -1 8 26 -1 31 41 -1
363 0 2 -1 12 -1 8 23 25 -1 14 -1 17 26 -1 27 29 34 35 44 58 59 67 -1 45 -1 20 -1
226 0 -1 7 48 -1 8 -1 13 51 -1 3 16 23 -1 1 14 25 27 29 -1 2 34 -1 35 47 77 109 -1 117 -1 119 -1 20 -1 38 138 142 -1 39 -1 6 220 -1 26 228 -1 10 37 234 240 -1
208 0 -1 4 -1 7 43 -1 8 29 48 -1 3 -1 34 35 41 109 117 -1
234 1 -1 37 -1 3 60 -1 0 7 -1 30 -1 8 10 -1 12 13 51 -1 27 -1 5 16 -1 28 -1 17 -1 9 21 25 26 44 58 -1 29 34 -1 18 31 35 38 -1 32 47 52 57 -1 109 117 -1 119 -1 131 -1 56 138 -1 2 -1 55 142 143 181 -1
596 3 -1 10 24 -1 1 7 -1 8 40 -1 12 15 23 29 35 -1 45 -1 51 -1 62 65 -1 0 16 17 21 36 52 66 77 78 85 -1 22 69 -1 75 -1 25 -1 70 -1 30 -1 34 -1 19 33 63 96 -1 107 -1 79 108 -1 11 20 135 -1 49 55 140 142 -1 6 -1 50 -1 31 84 158 166 -1 187 -1
643 4 -1 11 13 -1 7 28 41 -1 2 -1 21 -1 8 19 -1 9 20 44 46 -1 12 -1 53 -1 59 -1 16 -1 10 17 45 68 -1 27 42 -1 25 43 -1 31 51 -1 64 -1 34 -1 38 -1
647 1 -1 71 -1 3 89 -1 18 22 35 -1 4 36 48 49 -1 7 29 -1 43 62 -1 8 -1 12 26 41 42 53 -1 13 -1 25 -1 16 -1 14 -1 21 27 -1 30 39 -1 5 34 38 52 -1 69 70 77 -1 60 -1 83 98 -1 81 107 -1 108 -1 11 132 -1 65 -1 0 142 143 -1 9 17 55 74 145 146 148 -1 2 24 -1 50 149 -1 75 -1 184 -1 72 78 -1 185 -1 66 186 -1 85 -1 220 -1 45 -1 47 -1 6 59 221 225 -1 228 -1
600 0 -1 49 53 -1 7 8 44 63 -1 9 -1 33 -1 72 -1 16 -1 21 -1 18 -1 22 39 -1 68 -1 73 -1 25 -1 30 32 36 54 -1 15 31 34 56 -1 57 -1
677 3 41 57 -1 0 4 -1 40 -1 58 -1 69 -1 8 9 99 -1 71 100 -1 12 -1 35 -1 16 17 23 60 61 -1
578 3 14 -1 7 16 -1 4 8 -1 30 -1 12 -1 27 51 -1 85 -1 13 17 74 99 -1 21 25 29 39 57 -1 28 37 -1 34 -1 20 -1 38 -1 45 54 -1 24 72 -1 11 77 78 83 -1 61 96 -1 98 107 108 109 -1 112 -1 50 -1 60 -1 116 -1 0 -1 35 -1 117 -1 47 65 70 132 -1 133 138 -1 10 -1 1 22 23 142 -1
384 3 -1 9 40 -1 0 7 -1 5 8 13 50 -1 16 43 -1 17 -1 49 -1 25 26 -1 41 -1 20 27 -1 42 -1 10 34 35 45 -1
93 3 8 19 -1 7 48 60 -1 0 43 -1 21 27 71 -1 22 54 69 -1 10 18 25 26 76 -1 45 -1 47 67 -1 28 -1 52 112 -1 42 46 131 -1 132 -1 41 -1 66 -1 143 -1
664 4 7 15 38 -1 8 -1 0 9 13 16 17 51 54 -1 27 68 -1 34 58 75 -1 41 -1 35 -1 98 -1 59 -1 91 -1 45 77 -1 78 109 -1 12 39 112 -1 55 -1 92 -1 116 -1 28 40 117 134 138 -1
92 0 -1 60 76 -1 1 -1 5 32 -1 7 55 -1
232 6 47 59 -1 4 52 -1 112 -1 56 -1 0 116 -1 117 -1 119 -1 14 -1 21 57 131 -1 58 -1 55 142 145 -1 9 -1 148 149 165 -1 2 -1 177 -1 187 220 -1 35 -1 42 221 -1 18 -1 25 -1 222 -1 7 227 -1 44 -1
434 1 -1 4 -1 54 -1 0 7 8 9 66 -1 52 62 -1 12 -1 17 -1 16 39 -1 2 -1
493 0 99 -1
175 3 5 -1 4 33 59 -1 81 -1 0 7 53 -1 13 16 36 -1 20 21 23 34 67 -1 8 17 25 26 109 -1
338 1 7 8 33 41 44 52 -1 14 -1 61 -1 16 47 -1 17 67 113 -1 5 -1 26 -1 116 -1
582 3 23 -1 34 47 -1 91 -1 0 4 5 7 -1 8 35 104 -1
218 0 -1 96 -1 125 -1 1 10 -1 26 -1 3 9 -1 13 37 -1 14 52 -1 11 18 -1 16 -1 17 19 -1 22 -1 23 61 107 -1 4 50 -1
124 34 -1 4 -1 9 35 -1 29 -1 36 -1 6 46 -1 28 -1
65 7 -1 22 -1 28 -1 8 -1 31 -1 44 -1 10 -1 32 52 -1 16 19 27 30 46 -1 0 -1 11 -1 25 26 -1 15 29 34 35 -1 38 39 -1 4 47 110 -1 113 -1 116 -1 23 117 -1 131 -1 45 -1 140 142 -1 17 -1
107 9 15 -1 17 22 -1 57 -1 14 -1 18 -1 10 16 21 -1 44 -1 39 -1 12 25 40 45 -1 52 -1 11 111 112 -1 0 4 5 116 -1 20 38 135 140 -1 36 -1 142 -1 2 37 220 -1 30 35 -1 227 230 -1 42 -1 24 43 231 -1 26 -1 50 55 252 254 -1 265 -1
357 0 -1 2 33 42 -1 55 -1 3 7 24 56 -1
548 0 6 7 9 16 30 37 61 -1 43 -1 44 52 -1 18 31 73 -1 77 -1 45 78 112 -1 5 133 142 -1 170 -1 220 221 -1
669 3 6 -1 46 -1 7 -1 0 8 12 67 -1 16 -1 17 27 39 78 -1 34 58 -1 23 -1 35 62 69 -1 44 68 77 -1 22 112 -1 113 -1 26 116 134 -1 10 70 142 -1 143 -1 145 -1 60 -1 28 148 149 -1 163 -1
726 0 42 -1 3 52 -1 7 17 -1 32 54 65 75 -1 8 -1 10 22 46 -1 53 -1 12 -1 11 16 -1 18 25 26 30 34 40 64 -1
182 4 -1 32 -1 7 35 -1 9 -1 8 10 52 -1 16 17 21 27 40 47 -1 34 -1 2 45 51 -1 46 -1 15 -1 38 109 -1 5 -1 42 -1 0 116 -1 117 118 -1
304 9 -1 40 -1 43 -1 12 -1 17 -1 27 -1 16 -1 0 -1 28 -1 22 49 50 -1 10 52 53 -1 51 113 -1 26 116 -1 19 117 -1 15 48 142 -1 18 42 143 187 -1 220 -1 35 -1
272 0 -1 13 -1 17 -1 7 8 18 21 44 -1 51 -1 12 34 35 -1 43 50 -1 27 46 -1 14 52 53 -1 11 112 -1 114 -1 5 6 116 117 -1 55 -1 48 49 123 131 132 142 -1 143 -1 45 -1 144 -1 38 -1 148 149 168 -1 37 -1 190 -1
109 9 -1 14 19 35 36 54 -1 6 16 17 60 -1 12 25 27 -1
273 1 -1 22 28 49 56 -1 7 9 -1 44 -1 12 -1
388 3 -1 4 8 21 -1 27 39 -1 60 -1 69 -1 7 -1 0 -1 22 46 53 -1 13 45 73 -1 48 -1 16 41 -1
670 4 -1 17 -1 81 -1 7 -1 8 -1 9 57 96 -1 10 79 -1 12 18 22 -1 33 44 -1 16 23 -1 45 -1 89 -1 14 26 52 -1 78 -1 25 -1 48 -1 27 32 87 -1 51 -1 34 82 -1 41 -1
391 0 3 76 77 -1 9 49 -1 7 62 -1 8 -1 19 53 -1 25 60 -1 54 -1 29 34 56 -1 45 -1 33 35 46 47 -1 52 109 116 117 -1 59 -1 131 -1 51 -1 57 74 132 135 138 -1 1 28 69 71 142 143 -1
655 10 12 -1 0 16 56 -1 17 -1 68 -1 22 -1 13 -1 53 -1 6 25 -1 26 -1 27 61 -1 33 54 -1 23 34 35 -1 59 -1 112 -1 4 116 -1 132 -1 57 133 -1 58 -1 49 144 148 -1 149 -1 2 163 -1 5 28 -1 29 -1 8 32 38 172 -1
220 0 13 -1 49 -1 3 -1 56 68 -1 7 8 50 -1 84 -1 9 66 71 -1 89 -1
566 0 -1 84 -1 3 101 -1 22 -1 27 -1 7 -1 14 -1 51 -1
126 14 -1 12 -1 36 -1 16 -1 4 17 -1 19 44 -1 25 -1 3 26 -1 34 -1 5 -1 10 -1 35 41 -1 109 -1 116 -1 0 -1 42 117 131 -1 21 22 38 135 -1 27 138 -1 142 -1 20 -1 143 193 -1 220 -1 2 -1 9 23 31 32 222 -1
314 1 34 -1 44 -1 7 8 28 56 -1 10 -1 0 -1 17 51 -1 11 18 23 25 46 57 -1 26 29 33 35 55 -1 41 -1 110 -1 5 -1 12 -1 4 116 117 143 -1 16 221 -1 22 39 50 -1
557 0 -1 17 116 -1 7 -1 9 11 -1 15 31 -1 12 42 -1 16 32 111 -1 22 25 39 50 -1 26 27 60 83 -1 30 63 109 -1 34 -1 64 -1 35 -1 69 -1 72 84 -1 18 61 -1
555 0 -1 23 -1 53 85 -1 7 15 75 95 -1 8 -1 10 57 -1 12 -1 32 73 -1 16 -1 18 24 74 -1 21 25 49 56 83 -1 28 -1 30 80 89 -1 14 34 51 -1 52 -1
5 3 7 -1 23 -1 4 68 -1 0 5 31 41 82 -1 8 24 61 -1 10 49 59 90 94 -1 16 17 21 22 36 67 -1 66 -1 25 40 45 55 -1 52 87 -1 64 112 113 -1
298 1 -1
505 10 -1 15 25 -1 13 39 67 -1 0 16 26 -1 19 -1
410 0 27 45 -1 1 -1 20 -1 26 -1 7 8 -1 9 53 65 -1 13 21 76 -1 32 95 -1 105 -1 16 -1 15 33 -1 17 77 -1 64 -1 79 -1 25 30 46 -1 34 35 47 -1 49 102 -1 69 112 -1 39 -1 91 -1 116 -1 3 117 -1 118 -1 2 52 -1 81 132 -1 44 133 -1 14 43 -1 96 -1 142 -1 145 -1 31 70 148 152 -1 190 -1 38 -1
317 3 36 45 -1 7 29 -1 8 10 49 -1 11 28 -1 12 31 -1 48 -1 16 -1 4 17 -1 21 61 -1 50 -1 25 26 -1 9 32 34 35 64 -1 109 -1
642 1 -1 7 9 47 71 81 -1 46 -1 13 17 26 -1 8 16 27 -1 18 21 48 -1 22 25 -1 36 -1 30 31 33 59 67 -1 34 -1 12 52 -1 35 40 75 -1 14 -1 83 -1 29 70 100 -1 62 107 -1 49 -1
305 0 4 24 -1 44 53 -1 7 -1 8 30 37 -1 58 -1 10 -1 14 -1 26 -1 39 -1 16 -1 27 -1 18 -1 36 -1 25 -1 23 38 47 -1 6 43 -1 112 -1 19 119 -1 40 131 -1 55 -1 52 142 -1 143 152 -1
520 0 -1 68 99 -1 7 9 49 65 -1 12 -1 20 -1 48 -1 5 16 18 21 62 -1 17 25 46 -1 47 -1 30 34 -1 56 58 -1 37 72 -1 19 -1 77 -1 27 78 152 -1 81 181 -1 55 -1 184 -1 26 -1 220 -1 11 22 -1 83 -1 41 221 -1 54 61 67 228 -1
632 3 17 -1 21 -1 7 10 -1 8 34 -1 9 -1 13 32 43 -1 16 67 -1 33 -1 19 -1 22 27 40 -1 5 25 28 -1 100 -1 42 -1 35 58 107 -1 64 108 -1 109 -1 29 -1 0 116 -1 117 -1 138 -1 31 142 143 146 -1 148 149 -1 199 -1 220 223 -1 15 228 -1 37 -1
224 0 -1 8 25 -1 3 -1 7 26 32 54 -1 12 28 29 34 56 -1 35 46 -1 20 27 113 -1 116 -1 50 117 -1 5 9 30 123 131 132 -1
29 0 26 -1 2 69 80 81 -1 7 16 70 -1 10 18 23 -1 6 11 17 21 22 -1 25 109 -1 9 -1 116 -1 117 -1 28 119 -1 31 -1 38 42 -1 15 77 138 142 143 -1 193 -1 220 -1 14 39 -1 40 222 -1 43 -1 45 -1 223 -1 34 36 228 237 -1 53 -1
623 9 -1 15 -1 0 16 25 69 73 -1
90 3 -1 0 -1
656 0 7 9 16 60 -1 17 28 30 74 -1 34 -1
654 4 9 61 -1 7 -1 0 8 -1 76 -1 10 -1
178 7 -1 0 5 8 -1 10 16 33 34 57 58 73 78 -1 4 54 -1 17 39 -1 19 -1 11 -1
512 0 -1
195 10 13 50 -1 65 -1 16 74 -1 0 59 -1 17 -1 55 -1 34 39 78 -1 46 -1 35 -1 63 97 -1 61 67 -1 107 -1 108 -1 111 -1
279 3 -1 6 -1 54 -1 2 7 -1 8 68 -1 19 -1 47 -1 10 23 40 66 -1
207 0 13 47 -1 3 -1 7 -1 4 5 12 27 29 30 34 -1 6 -1 35 -1 73 -1 40 109 116 -1 117 138 -1 9 -1 2 142 143 220 -1 32 36 -1 221 -1 11 22 228 -1
725 0 3 76 81 -1 14 -1 2 7 32 -1 8 45 66 92 -1 9 -1 1 -1 58 -1 12 -1 13 23 96 -1 16 46 -1 18 22 77 -1 97 -1 25 40 52 78 -1 72 93 -1 88 -1 62 112 -1 47 113 -1 37 -1 38 116 -1 134 -1 5 85 142 182 -1 185 220 -1
584 0 65 83 -1 4 7 20 27 45 -1 46 -1 8 -1 91 -1 9 12 16 22 -1 14 25 -1
46 13 -1 16 30 56 -1 11 22 -1 9 -1 25 -1 4 40 -1 17 -1 32 43 -1 0 -1 44 -1 112 125 -1 34 -1
37 0 1 -1 3 28 36 -1 14 -1 4 19 -1 40 -1 65 -1 7 -1 20 -1
567 5 9 18 -1 10 -1 1 12 16 31 68 84 90 -1 19 -1 69 -1 83 -1 22 55 65 -1 25 -1 51 -1 30 34 35 66 77 80 -1 33 72 -1 49 60 78 -1 109 -1 0 -1
366 1 -1 43 -1 46 -1 3 -1 0 -1 31 -1 7 8 37 39 -1 13 26 50 -1 14 47 57 -1 81 -1 16 -1 17 48 88 -1 18 -1 21 24 60 -1 15 25 53 -1 52 86 -1 27 -1 30 -1 35 40 -1 45 -1
508 0 7 39 61 72 -1 10 49 -1 12 18 -1 16 -1 6 21 23 40 48 -1 36 -1
697 1 -1 14 24 -1 4 7 40 41 -1 8 25 48 -1 9 -1 10 20 49 70 -1 71 -1 83 -1 12 -1 16 21 38 -1 22 -1 30 34 35 -1 39 62 67 68 72 77 78 -1 109 -1 27 -1 0 116 -1 117 -1 42 134 -1 56 -1 138 -1 19 31 142 -1 143 -1 145 -1 11 -1 17 148 149 -1 33 206 220 -1
292 0 61 -1 3 7 21 64 -1 48 -1 8 -1 18 27 43 -1 10 20 23 56 -1 25 -1 6 26 37 62 -1 35 -1 113 -1 22 -1 116 -1 131 -1
245 4 14 31 -1 0 16 17 -1 34 45 -1 30 -1 52 -1 3 53 112 -1 29 -1 116 117 -1 132 -1
379 2 11 -1 41 -1 5 7 -1 6 8 10 25 27 50 -1 18 34 35 44 45 -1 68 -1 43 -1 77 -1 78 -1 0 49 112 -1 114 -1 116 -1 3 117 -1 131 -1 47 48 -1 132 -1 142 143 150 -1 26 -1 38 176 -1 22 -1
504 1 -1 24 34 -1 7 18 -1 8 -1 13 42 63 71 -1 16 21 56 -1 25 -1 30 -1 19 -1 53 72 -1 77 -1 9 -1 70 78 -1 5 109 -1 116 -1 0 -1 26 117 -1 138 -1 6 -1 23 -1
556 0 7 8 9 34 124 -1 12 16 42 -1 22 25 35 41 55 -1 26 36 -1 64 -1 27 -1 77 -1 95 -1 5 14 30 50 -1 51 -1 120 -1 39 44 -1 43 -1 28 -1 68 -1 53 -1 72 -1 23 37 -1 10 -1 38 -1 29 109 -1 112 -1 116 -1 119 -1
651 0 69 88 -1 4 -1 27 52 -1 7 9 57 -1 8 -1 12 55 66 -1 13 31 -1 18 30 -1 10 16 53 -1 21 25 51 -1 34 68 -1 35 -1 17 37 86 -1 23 50 61 73 -1 77 -1 78 -1 38 63 80 83 132 -1 142 143 -1 146 -1 49 148 -1 149 -1 64 183 -1 184 -1
618 0 7 11 65 -1 4 9 -1 16 -1 27 -1 34 -1 2 68 -1 20 54 77 78 112 132 150 -1 19 190 -1 22 221 -1
614 4 -1 5 7 9 11 68 -1 6 -1 16 -1 0 -1 10 98 -1 3 62 107 -1 108 -1 112 -1
685 9 -1 10 28 67 -1 68 -1 12 84 -1 18 -1 16 -1 0 19 -1 22 49 -1 58 -1 25 26 37 74 -1 27 -1 44 -1 70 -1 34 -1 35 -1 69 -1 54 -1 77 -1 40 78 -1 7 30 109 -1 112 -1 41 53 113 -1 31 116 -1 117 -1 132 -1 76 134 -1 47 -1 38 66 138 140 -1 46 -1 64 142 146 148 -1 149 190 -1 62 -1 191 221 -1 6 8 222 -1
414 0 -1 27 -1 48 -1 1 -1 19 -1 26 -1 7 -1 6 -1 8 63 -1 12 -1 50 -1 13 21 30 49 69 -1 9 34 -1 35 -1 58 109 -1 55 110 -1 56 -1
97 10 15 -1 50 -1 9 16 -1 8 13 19 25 -1 0 -1 17 26 -1 38 -1 109 -1 5 -1 113 -1 12 -1 45 116 -1 20 49 117 123 -1 135 -1 3 6 51 138 140 -1 7 142 -1 48 -1 143 -1 23 34 36 199 220 228 -1
564 0 -1 3 26 47 65 -1 7 9 37 -1 38 -1 12 16 18 -1 21 -1 36 -1 24 25 -1 30 35 -1 34 -1 28 -1 27 40 73 -1 77 -1
312 3 -1 11 -1 19 -1 1 7 8 -1 29 -1 12 -1 47 -1 16 17 -1 0 9 21 25 49 54 -1 26 -1 40 -1 27 -1 28 34 -1 44 -1 24 43 109 -1 10 -1 116 117 -1 15 -1 6 131 138 142 -1
535 10 -1 52 59 -1 12 24 -1 29 -1 16 18 -1 19 22 30 -1 23 -1
344 0 -1 55 -1 64 -1 7 -1
258 0 7 27 43 -1 8 14 -1 28 54 -1 31 -1 16 -1 17 -1 44 -1 21 23 33 -1 13 25 -1 26 -1 50 -1 34 35 -1 19 41 53 114 -1 12 39 116 -1 117 -1 119 -1 22 29 -1 131 -1 2 32 132 -1 20 -1 3 6 30 142 143 145 148 -1 52 149 -1 170 -1 220 -1 221 -1
607 0 -1 19 -1 38 59 -1 71 -1 7 13 -1 9 39 55 -1 12 -1 18 -1 16 41 -1 17 21 33 42 -1 8 25 43 50 -1 34 -1 51 -1 30 -1 14 -1 35 -1 48 -1 40 -1 11 -1 44 -1 69 74 -1
212 0 3 -1 8 14 43 59 -1 13 -1 57 -1 16 17 -1 27 61 -1 18 23 -1 24 28 29 34 37 -1 35 40 -1 32 73 -1 5 55 -1 77 78 -1 113 -1 9 15 -1 116 117 -1 2 19 124 -1 6 -1 135 -1 7 -1 140 -1 51 52 142 143 -1 11 -1
375 2 -1 31 -1 48 -1 3 -1 0 -1 5 7 -1
561 0 7 21 48 69 -1 6 8 9 28 33 -1 16 -1 27 -1 54 -1 17 23 31 34 35 36 68 -1 52 -1 73 -1 1 32 77 112 113 116 -1 10 145 148 163 -1 37 53 -1
346 3 -1 13 31 -1 0 7 -1 8 14 16 17 25 36 37 47 59 67 -1 23 -1 26 30 35 -1 28 34 41 54 61 -1 9 109 112 -1 1 39 53 116 117 131 132 -1 38 52 -1 27 138 -1 29 -1 22 142 -1 33 143 -1 144 -1 148 149 163 -1 55 -1 40 181 -1 58 185 186 -1 199 -1 10 220 -1 21 221 228 -1
74 12 -1 9 16 36 -1 17 -1
70 3 21 -1 7 55 -1 0 -1 8 10 67 -1 35 -1 16 52 -1 13 17 -1 39 45 -1 64 112 -1 116 117 131 -1 36 37 40 66 134 -1 65 142 -1 190 -1 220 228 -1 30 232 -1 43 -1
81 1 -1 9 23 -1 52 62 -1 3 -1 24 -1 7 28 -1 0 43 -1 8 33 38 70 -1 67 -1 10 -1
471 1 84 -1 111 -1 4 52 -1 7 45 54 -1 8 79 -1 58 -1 9 -1 10 21 61 85 -1 13 35 -1 95 -1 16 -1 17 44 55 86 -1 19 -1 22 36 75 96 -1 25 -1 26 30 34 63 -1 80 -1 39 62 -1 15 -1 24 -1
537 5 10 -1 8 -1 13 20 49 -1 0 9 16 19 27 -1 18 25 -1 12 31 -1 34 -1 6 75 77 78 -1 1 43 109 113 116 -1 28 119 220 -1
652 3 -1 7 59 -1 0 -1 8 67 -1 12 13 32 33 -1 16 -1 27 -1 41 -1 34 35 55 -1 66 -1 37 113 -1
602 0 4 33 49 -1 13 -1 21 -1 2 7 -1 22 36 -1 16 46 -1 17 29 -1 25 -1 27 30 34 96 -1 28 -1 43 107 -1 108 -1 48 -1 109 -1 116 117 -1 135 -1 32 42 -1 138 -1
336 3 -1 8 -1 44 -1 0 7 -1 61 -1 18 -1 25 26 64 74 -1 36 46 -1 53 -1 43 -1 59 69 -1 23 -1 48 -1 10 77 -1 78 -1 107 -1 17 108 -1 52 109 -1 42 75 110 -1 116 -1 49 -1 117 -1 119 -1 11 -1 131 -1 9 47 138 -1 65 140 142 -1 2 143 -1
559 0 78 -1
223 0 -1 2 3 54 -1 1 8 14 16 26 36 57 -1 17 -1 21 -1 27 34 -1
128 9 10 -1 15 16 -1 2 -1 17 21 -1 12 19 -1 4 25 -1 22 26 -1
579 0 -1 69 -1 3 13 109 -1 7 38 39 -1 9 55 -1 12 -1 16 40 -1 8 18 41 -1 82 -1 22 -1 25 53 67 68 -1 15 27 30 -1 2 34 49 -1 43 44 72 74 98 107 -1 80 -1 77 -1 78 -1 99 -1 51 112 -1 65 116 117 -1
523 1 7 40 53 80 -1 8 88 -1 9 33 98 -1 16 -1 20 21 -1 73 -1 25 65 84 -1 26 -1 30 34 93 -1 10 -1 35 -1 89 -1 0 77 78 -1 58 63 109 112 -1
688 4 35 -1 7 36 -1 8 25 -1 9 13 68 -1 29 -1 37 -1
358 0 -1 7 18 30 -1 8 -1 40 -1 1 26 -1 28 -1 13 34 -1 6 35 -1 5 29 38 140 143 220 -1 11 32 221 228 -1
597 0 45 66 -1 1 -1
543 12 -1 23 52 -1 16 -1 18 22 28 -1 21 25 30 -1 7 17 34 36 43 44 48 -1 72 77 78 -1 51 -1 109 112 -1 0 8 116 -1 9 -1 117 -1 33 138 -1
80 0 -1 33 71 -1 7 -1 9 -1 8 15 31 77 -1 3 10 -1
45 21 -1 4 13 32 -1 14 23 -1 20 -1 25 -1 0 -1 12 30 34 -1 35 -1 40 -1 8 26 -1 19 43 112 -1 11 113 -1 15 54 119 131 132 -1 18 -1 136 -1 6 -1 140 -1 7 -1 143 -1 145 148 149 -1 31 160 -1 1 16 220 221 -1 228 -1 233 -1
166 2 6 8 13 -1 10 16 19 21 30 51 -1 22 -1 0 -1 1 -1 17 25 26 28 34 -1 35 -1 39 -1 49 -1 38 70 -1 78 -1 4 46 109 111 -1 18 20 -1 113 -1
236 3 11 14 -1 6 7 -1 8 -1 9 29 35 42 -1 12 -1 15 -1 13 44 60 -1 79 80 -1 16 36 -1 21 61 -1 27 28 -1 37 70 -1 34 38 112 -1 24 71 78 117 131 132 -1 23 -1 142 143 -1 144 -1 72 -1 149 220 -1 22 -1 25 46 54 -1 221 -1 59 -1 66 222 -1 56 223 -1 58 228 -1 30 -1
502 4 -1 38 41 -1 7 -1 8 12 32 50 -1 20 -1 60 -1 16 -1 13 -1 21 -1 29 -1 25 -1 30 44 -1 34 -1 35 -1 24 48 53 -1 52 -1 18 73 -1 42 -1 6 77 78 132 142 184 -1 185 -1 186 -1 187 -1 19 221 -1
98 14 -1
26 0 -1 56 -1 1 35 50 57 -1 7 23 -1 12 51 -1 28 -1 13 16 17 -1 21 -1 4 25 -1 26 -1 30 34 -1 31 42 112 -1 113 -1 45 116 -1 33 43 126 -1 40 131 -1 24 -1 132 -1
406 1 7 9 45 -1 0 -1 8 61 -1 10 -1 4 44 -1 16 -1 17 -1 53 -1 19 -1 23 25 -1 14 26 51 -1 31 34 -1 35 40 62 109 116 -1 117 -1 64 -1 47 48 63 118 119 -1 138 -1
445 1 22 24 -1 45 -1 7 68 -1 15 40 -1 8 -1 10 20 29 -1 16 -1 13 19 35 59 -1 25 -1 26 30 -1 14 23 34 73 77 -1 78 109 116 -1 0 -1 117 -1 138 -1 11 -1 142 -1
522 0 61 77 -1 7 -1 12 16 20 35 49 -1 21 25 31 -1 10 -1 30 -1 13 34 41 52 69 -1 113 -1 9 132 184 185 -1 5 -1 220 230 -1
323 0 20 -1 7 8 23 27 31 -1 25 -1 21 29 -1 26 -1 28 34 35 -1 33 -1 30 71 -1 77 78 -1 37 -1 93 -1 19 107 -1 108 -1 36 119 -1 18 131 -1 142 -1 16 -1 22 143 -1 32 221 -1 4 -1 38 -1
286 4 5 -1 7 82 -1 0 -1 8 100 -1 13 -1 15 16 42 -1 36 64 -1 17 23 -1 73 -1 18 -1 14 21 62 -1 29 -1 30 -1 25 31 -1 26 34 38 72 -1
382 3 6 50 -1 7 -1 0 -1 8 61 -1 27 -1 23 -1 34 51 -1
387 11 13 -1 23 -1 16 -1 5 -1 17 -1 34 -1 27 -1 18 -1 25 -1
66 7 -1 40 -1 10 52 66 -1 80 -1 16 61 -1 18 -1 19 25 -1 47 -1 31 35 74 113 -1
96 22 32 -1 25 34 -1 17 26 28 42 47 -1 6 52 63 -1 112 -1 0 12 49 132 -1 53 135 -1 142 -1 9 -1
659 4 -1 17 -1 41 -1 5 7 8 -1 50 -1 9 -1 16 46 -1 2 -1 27 78 -1 66 -1
83 1 -1 0 7 20 69 -1 8 9 73 -1 10 62 68 136 -1 14 16 25 29 30 67 -1 50 -1 17 34 156 -1 21 57 -1 22 26 38 56 85 -1 43 88 -1 45 63 81 -1 46 77 -1 31 58 109 -1 86 -1 76 113 -1 37 93 116 -1 2 80 87 131 135 -1 132 -1 3 -1 83 138 -1
297 3 -1 6 14 -1 7 -1 0 -1 8 18 -1 10 -1 38 -1 39 -1 12 23 -1 26 -1 16 -1 27 -1 17 -1 47 -1 21 48 -1 52 53 109 -1 2 5 -1 22 112 -1 25 -1 9 15 114 -1 116 -1 20 28 117 145 148 -1
641 0 -1 5 58 90 -1 7 27 39 -1 21 -1 9 26 40 -1 16 17 19 63 85 -1 18 -1 36 60 -1 25 -1 23 31 34 56 64 84 -1 35 37 -1 47 69 -1 73 -1 77 82 -1 59 -1 78 83 -1 80 -1 100 -1 72 107 -1 62 108 109 -1 11 116 117 -1
321 1 6 7 14 51 -1 8 59 -1 10 -1 15 16 50 -1 17 -1 57 -1 23 25 29 -1 26 36 -1
524 0 -1 109 111 -1 133 138 157 163 -1 7 94 112 139 -1 8 173 -1 9 39 -1 152 -1 12 165 -1 76 -1 88 -1 13 129 137 -1 16 -1 53 89 113 -1 17 52 -1 18 177 -1 106 -1 21 114 153 164 -1 25 57 128 -1 115 -1 26 27 73 -1 108 -1 30 82 162 -1 83 -1 34 41 74 -1 99 -1 35 98 -1 68 116 -1 69 -1 56 -1 40 77 -1 78 81 -1 91 167 -1 117 130 -1 118 131 176 -1 93 -1 142 175 -1 143 -1 107 146 -1 140 168 -1 148 149 -1 220 -1 103 121 221 222 -1
332 19 -1 0 36 60 -1 8 -1 39 -1 1 43 -1 44 -1 50 -1
34 4 -1 17 -1 54 -1 7 8 11 60 -1 9 -1 57 -1 10 -1 0 13 14 16 -1
442 1 28 -1 44 60 -1 87 -1 7 -1 10 14 45 53 -1 13 -1 35 -1 16 23 36 -1 18 -1 19 73 74 -1 22 -1 21 25 30 -1 34 40 47 49 77 78 109 -1 8 20 -1 0 116 117 -1 26 138 -1 12 -1 142 -1 6 143 -1 39 220 -1 221 -1
395 3 -1 38 47 -1 0 4 7 19 31 -1 48 55 59 68 -1 8 30 -1 9 58 -1 16 39 -1 17 -1 69 -1 18 45 -1 10 -1 25 34 -1 26 -1 27 44 67 -1 29 -1 54 -1 35 66 -1 11 112 113 116 -1 12 -1 56 132 -1
577 0 -1 48 -1 7 9 37 67 -1 40 -1 16 18 35 -1 38 -1 25 -1 14 -1 19 39 73 77 -1
380 2 6 7 38 -1 0 8 47 -1 21 -1 23 -1 24 25 26 -1 51 -1 27 -1 31 -1 34 35 -1 45 72 -1 17 43 77 -1 10 -1
197 9 39 -1 10 13 52 -1 22 -1 23 82 -1 84 -1 0 16 -1
227 0 -1 11 -1 7 31 -1 8 -1 13 54 -1 12 23 29 -1 19 -1 34 35 46 -1 47 52 -1 53 109 -1 26 -1 27 112 116 117 -1 118 -1 20 -1 131 -1 132 -1 4 -1 28 -1 142 -1
693 4 23 -1 30 -1 7 -1 8 9 12 35 -1 50 -1 39 81 -1 16 -1 40 -1 19 21 -1 33 -1 38 -1 15 25 -1 34 -1 29 36 41 -1 72 -1 37 -1 0 10 48 73 77 78 109 116 -1 117 132 -1 32 75 -1 6 138 -1 1 24 142 -1 143 146 -1 148 -1 149 -1 182 185 -1 42 186 206 220 -1 14 49 -1
627 4 28 34 -1 7 -1 8 25 44 -1 12 -1 16 30 54 -1 19 -1 21 24 -1 18 22 23 -1 11 -1 35 -1 27 -1 38 -1 10 14 73 -1
51 1 -1 3 11 16 35 -1 46 -1 7 -1 8 10 26 31 54 -1 29 53 -1 0 17 21 55 -1 40 45 -1 32 52 -1 112 -1
256 1 39 56 -1 7 34 -1 8 -1 16 -1 21 -1 13 45 -1 22 32 -1 25 43 -1 33 -1 11 72 -1 0 77 109 -1 9 19 35 50 55 110 113 116 -1 4 -1 51 -1 117 -1 3 131 -1 6 42 132 -1 47 135 -1 52 -1 138 -1 12 142 -1 53 143 -1
324 21 31 37 -1 25 -1 20 -1 26 50 -1 71 -1 30 -1 36 77 -1 78 -1 46 103 -1 38 107 108 119 131 -1
550 0 52 -1 68 -1 7 -1 38 -1 5 9 -1 27 -1 12 -1 16 28 39 -1 21 -1 25 33 -1 23 -1 30 34 -1 37 -1 35 43 44 -1 41 72 -1 36 77 -1 51 55 78 96 107 -1
165 7 -1 4 6 8 -1 12 34 39 -1 0 13 30 -1 1 5 17 19 41 -1 22 -1 25 26 31 -1 38 -1 28 -1 15 -1 9 32 -1 35 -1 10 110 116 117 -1 132 142 -1
662 3 7 13 29 -1 0 8 -1 32 -1 9 -1 5 16 58 -1 17 27 36 71 -1 59 -1 34 -1 35 -1 31 43 65 67 68 77 -1 76 78 -1
209 0 1 2 7 62 -1 8 70 -1
299 3 8 -1 16 -1 0 7 -1 23 -1 9 -1 36 -1 12 40 -1 19 -1 14 27 28 41 51 54 -1 17 47 57 62 -1 52 -1 53 63 -1 109 -1 4 13 48 112 116 -1 117 -1 18 64 131 132 142 -1 59 -1 143 -1 67 144 -1 49 -1 148 149 -1
228 0 -1 1 7 15 18 -1 19 21 -1 8 -1 13 30 38 -1 31 -1 46 -1 16 27 34 -1 32 -1
682 3 -1 4 10 -1 7 -1 0 8 -1 21 85 -1 104 -1 12 -1 16 74 -1 75 -1 17 19 22 45 69 111 -1 25 30 89 101 -1 26 81 -1 77 -1 27 34 82 -1 35 71 -1 117 -1 61 68 78 109 -1 11 60 76 112 -1 103 -1 116 132 -1 42 73 134 142 144 -1
41 10 -1
592 3 -1 21 -1 23 -1 7 8 11 80 -1 9 -1 16 24 94 -1 17 19 27 -1 34 -1 10 69 -1
389 3 14 64 -1 7 -1 1 -1 8 9 73 -1 41 -1 45 -1 10 -1 15 -1 32 -1 13 68 -1 16 85 -1 11 33 -1 17 53 61 -1 92 -1 27 34 62 -1 2 35 -1 78 -1 40 63 -1 74 77 -1 36 -1 57 109 116 -1
459 0 -1 33 -1 66 -1 7 -1 26 -1 8 -1 80 -1
131 10 22 28 -1 12 13 16 29 47 -1 17 54 -1 19 -1 0 3 11 25 26 27 32 -1 1 -1 34 -1 14 -1 35 45 -1 37 46 -1 52 109 -1 5 -1 116 -1 9 33 117 119 -1 30 131 -1 31 -1 138 -1 142 143 -1 44 146 -1 4 39 148 -1 149 -1 50 164 -1 7 38 181 185 186 198 220 221 227 -1 43 228 -1 20 -1 255 -1 6 -1 48 56 265 266 -1
455 0 4 -1 8 10 19 -1 11 13 28 62 -1 16 22 29 73 -1 25 56 -1 42 -1 30 -1 18 31 32 -1 24 33 -1 34 -1
466 1 48 62 -1 7 12 22 25 37 45 57 -1 13 26 -1 44 -1 16 -1 15 17 21 -1 18 30 43 -1 58 -1 34 -1 10 -1 32 35 -1 5 38 112 113 -1 39 -1 0 116 132 -1 11 -1 133 -1 49 -1 146 -1 148 149 -1 220 221 -1 14 -1 23 228 -1
326 0 33 -1 3 35 -1 5 -1
133 13 -1 35 -1
684 4 7 23 30 -1
485 1 7 8 12 48 53 67 72 -1 26 -1
168 4 26 -1 56 -1 7 12 -1 0 13 -1 17 18 52 -1 22 34 50 -1 35 -1 46 -1 109 -1 117 131 -1 2 51 53 135 -1 54 -1 10 138 -1 49 -1 142 -1 5 193 220 -1 16 -1 19 30 228 -1 25 230 -1
699 9 43 -1 81 -1 12 -1 35 -1 16 -1 2 18 19 21 25 36 45 75 -1 41 -1 26 -1 31 -1 38 -1 11 22 34 42 46 -1 40 -1 55 69 -1 72 74 77 -1 78 109 -1 4 -1 112 116 -1 0 32 118 -1 17 134 -1
120 10 -1 14 26 -1 44 -1 12 36 52 -1 0 1 43 -1 16 -1 5 17 19 27 -1 11 35 -1 25 -1 29 -1 22 31 34 -1 39 46 -1 112 -1 116 -1
722 1 -1 4 26 30 -1 42 -1 49 -1 7 -1
440 1 -1 32 36 56 69 -1 7 24 37 -1 10 -1 11 16 19 25 -1 34 39 40 -1 57 -1 6 109 -1
635 0 7 10 29 81 -1 12 13 16 98 -1 21 62 -1 3 107 -1 108 -1 8 9 110 112 -1 27 -1 28 113 116 -1 18 24 132 138 -1
633 0 -1 78 80 -1 1 -1 36 -1 41 67 -1 7 27 57 77 -1 8 47 -1 9 19 30 -1 12 -1 46 71 -1 16 31 -1 17 -1 13 -1 21 37 69 -1 3 25 -1 26 38 -1 35 42 44 66 -1 34 43 76 100 -1 59 68 104 -1 10 20 32 107 108 -1 39 109 116 117 -1 131 -1 138 -1 142 -1 143 -1 29 -1 11 24 146 -1 148 -1 4 -1 149 -1 28 -1
488 1 22 -1
10 1 -1 60 -1 67 -1 0 4 7 13 19 53 -1 8 -1 9 17 26 27 46 -1 16 -1
249 1 44 -1 49 -1 3 -1 9 -1 7 38 -1 39 -1 13 -1 4 -1 16 -1 2 -1 27 -1 5 -1 34 46 -1 45 52 -1 53 -1 112 116 -1 0 132 142 145 148 -1 190 -1 220 -1 15 18 221 -1 21 31 225 228 -1
239 0 1 -1 4 -1 3 7 30 38 42 45 59 -1 8 43 -1 12 14 68 -1 13 -1 25 69 -1 86 -1 16 -1 19 31 -1 61 -1 10 17 23 51 93 -1 26 41 47 63 67 87 -1 27 35 52 -1 20 -1 40 -1 109 -1 5 116 117 -1 81 122 -1 48 131 -1 29 138 -1 142 -1 46 -1
170 3 -1 0 -1 9 -1 16 35 53 -1 17 22 36 49 57 -1
629 1 -1
199 0 26 -1 7 8 53 -1 57 -1 9 10 13 16 17 21 25 27 -1 28 -1 33 34 35 50 61 71 -1 51 -1 23 77 -1 78 -1 109 -1 117 138 -1 2 -1 40 142 143 -1 12 146 -1 148 149 220 -1 3 -1 37 -1 31 224 -1 43 228 237 -1
53 1 -1 24 -1 0 3 28 -1 4 7 8 20 -1
549 0 -1 43 -1 1 9 17 81 -1 7 8 36 -1 12 23 34 42 73 -1 16 -1 19 35 -1 20 21 30 -1 25 -1 14 28 31 -1 50 58 70 80 -1 71 -1 6 15 37 44 68 -1 51 -1 72 -1
35 2 9 -1 6 -1 33 -1 7 10 11 35 36 45 52 58 -1 68 -1 12 18 73 -1 21 -1 0 16 -1 22 -1 46 59 -1 19 47 -1 112 -1 72 131 -1
570 0 3 8 52 56 -1 22 -1 31 63 -1
591 0 12 -1
160 0 1 80 -1 81 -1 4 -1 17 19 -1 7 14 -1 42 -1 52 71 -1 5 8 -1 23 -1 22 -1 25 28 44 70 -1 18 26 30 31 34 35 38 39 40 45 -1 36 41 66 109 -1 43 112 -1 116 -1 37 -1 75 117 131 -1 132 -1 138 142 -1 6 143 -1 24 64 145 148 -1
278 0 -1 1 -1
15 0 3 66 67 -1 31 -1 45 -1 4 -1 12 -1 7 30 59 -1 8 -1 9 33 52 -1 60 -1 16 28 -1 17 21 -1 6 -1 25 26 27 51 63 -1 34 -1 58 -1 29 -1 112 116 -1 64 117 131 -1 132 -1 135 -1 65 -1 136 -1
69 1 17 -1 69 -1 7 -1 0 8 10 74 -1 14 24 -1
650 4 -1 9 -1 7 24 -1 0 8 -1 18 53 -1 3 16 17 -1 27 65 -1 32 -1 44 -1 25 34 35 -1 37 56 69 -1 5 11 19 20 26 28 50 77 78 98 107 108 112 116 132 -1 54 -1 133 -1 55 -1 29 51 142 145 148 -1 149 162 -1
238 1 36 -1 3 48 -1 27 -1 7 20 33 -1 8 12 34 55 -1
674 3 41 -1 7 8 28 60 84 -1 12 -1 6 59 -1 0 13 16 89 -1 27 -1 44 -1 65 -1 33 34 -1 35 54 68 81 -1 77 -1 38 -1 78 83 109 -1 5 -1 18 50 112 -1 51 113 -1 66 -1 116 -1 19 117 -1
32 3 18 -1 59 -1 7 -1 11 -1 8 -1 67 -1 21 -1
76 0 -1 11 -1 53 -1 9 10 50 -1 16 -1 5 -1 6 17 40 -1 21 -1 43 -1 1 109 -1 49 -1 117 138 -1 47 -1 143 -1 193 220 -1 18 26 28 36 221 228 -1 234 -1
251 4 17 -1 32 -1 58 -1 5 7 59 -1 8 12 37 56 -1 0 -1 13 -1 33 -1 3 19 21 -1 9 -1 1 14 25 35 -1 66 -1 78 113 -1 46 119 131 -1 47 -1 55 -1 57 -1 142 143 -1 220 -1 40 -1
306 0 -1 4 5 29 34 -1 7 13 -1 8 21 22 39 -1 16 23 37 -1 17 18 25 36 46 -1 26 68 77 -1 28 48 78 -1 112 -1 52 53 57 119 131 -1 142 -1 49 51 143 -1 55 -1 152 -1 221 -1 40 -1 228 -1 33 -1
701 1 -1 74 -1 4 84 -1 20 41 -1 7 11 65 -1 8 -1 56 -1 6 9 10 12 34 40 64 -1 59 -1 16 -1 0 -1 35 -1 19 21 60 69 -1 18 58 -1
696 1 -1 7 13 21 -1 8 -1 27 -1 9 -1 11 22 29 -1 49 -1 0 16 55 87 -1 23 -1 50 -1 17 18 102 -1 53 -1 25 85 -1 26 30 -1 20 -1 34 35 47 -1 37 -1 43 45 -1 68 -1 65 72 88 -1 48 -1 77 78 -1 110 -1 39 -1 46 112 -1 40 116 -1 134 -1 44 -1 94 -1 12 84 142 143 144 -1 91 145 -1 148 -1
469 10 16 -1 13 18 36 -1 8 80 -1 19 30 32 34 45 -1 21 35 -1 40 51 -1 37 -1 57 109 -1 9 -1 33 -1 43 -1 0 110 116 -1 67 117 -1 118 -1 120 -1 25 -1
48 0 -1 48 53 -1 1 41 -1 44 -1 7 -1
56 3 -1 9 -1 7 15 -1 0 8 -1 23 24 -1 31 -1 16 -1 17 19 21 22 25 36 55 58 68 -1 26 74 -1 14 40 -1 20 34 42 47 69 -1 32 52 -1 28 109 -1 113 116 -1 29 -1 71 117 -1 131 -1 70 -1 132 -1
9 18 -1 49 -1 25 72 -1 34 -1 26 74 -1 30 -1 10 -1 1 21 29 35 40 -1 12 24 77 -1 5 78 109 -1 3 -1 20 -1 33 113 -1 116 -1 0 -1 28 -1 117 119 131 -1 37 39 132 -1 36 54 -1 23 135 -1 138 -1 142 159 -1 6 -1 7 176 -1
12 10 20 -1 62 -1 16 -1 17 -1 65 -1 19 -1 49 -1 59 -1 21 -1 11 -1 38 -1 0 22 -1 1 2 25 26 39 -1 36 40 43 -1 35 46 109 113 116 119 -1 5 -1 120 -1 12 -1 18 -1 131 -1 44 47 57 132 135 -1 138 -1 142 -1
558 0 -1 87 -1 1 7 9 20 22 63 104 -1 8 -1 12 13 31 52 60 96 -1 16 17 23 25 40 53 -1 14 26 -1 27 -1 68 -1 19 30 97 -1 34 35 -1 73 83 -1 18 77 109 -1 50 -1 112 -1 51 116 -1 118 119 -1 132 -1 66 -1 138 -1 11 -1 2 70 71 79 142 145 150 -1 162 -1 64 -1 38 163 173 220 -1 48 -1
717 1 -1 0 -1 4 26 40 -1
79 1 3 20 32 -1 33 -1 58 -1 7 -1 0 8 -1 9 31 64 68 -1 16 -1 11 17 21 22 44 66 79 -1 43 67 -1 76 -1 26 -1 34 45 57 -1 46 -1 71 -1 52 112 -1
499 1 -1 8 -1 4 7 10 14 -1 9 11 12 27 -1 38 82 -1 0 13 16 -1 2 -1 19 28 64 -1 25 -1 30 34 41 47 70 -1 39 42 -1 68 -1 72 -1 15 77 -1 78 -1 112 -1 6 20 116 118 -1 132 -1 142 -1 151 184 -1 22 -1 43 220 -1
276 3 -1 12 -1 1 7 8 17 -1 22 -1 13 42 -1 65 -1 16 -1 38 70 -1
255 3 -1 0 -1 7 11 -1 8 29 36 -1 20 -1 1 12 17 45 50 -1 15 46 -1 2 22 25 -1 26 -1 16 40 67 70 -1 54 -1 72 78 -1 109 112 -1 33 -1 19 116 -1 18 48 117 -1 119 -1 9 28 35 60 61 131 132 -1
337 3 -1 0 -1 8 19 -1 25 -1 18 -1 14 -1 15 21 24 26 28 36 40 42 43 44 69 -1 77 -1 4 -1 78 89 -1 20 -1 27 107 -1 108 -1 33 109 -1 5 116 -1 2 117 119 138 -1 7 -1 22 142 143 161 -1 10 -1 176 -1 31 177 -1 178 -1 38 -1 35 39 185 186 199 215 220 -1 12 29 222 228 -1
325 3 -1 57 -1 60 -1 7 -1
595 4 -1 7 8 13 -1 0 -1 9 23 -1
211 0 -1 51 64 -1 1 -1 27 -1 39 -1 7 8 -1 20 -1 3 29 40 71 -1 19 34 -1 18 23 35 36 43 44 45 -1 55 -1 109 -1 17 117 118 -1 10 -1 5 138 -1 142 -1 11 24 143 200 220 -1 221 -1 22 228 -1
248 0 -1 33 -1 13 -1 3 -1 16 -1 23 113 -1 6 9 15 19 29 145 148 149 -1 12 170 220 -1
33 0 -1 83 -1 111 -1 1 34 67 -1 7 9 20 32 68 -1 35 -1 10 12 59 63 84 -1 21 -1 13 48 -1 49 -1 75 -1 76 -1 16 -1 17 22 36 64 -1 110 -1 18 -1 25 -1 26 47 52 86 103 112 -1 19 53 116 131 -1 57 -1 61 -1 70 -1 58 60 65 135 -1 69 -1
707 1 -1 3 7 8 12 13 -1 19 -1 9 -1 16 26 -1 0 76 -1 17 -1 18 21 -1 29 -1 22 25 66 67 -1 40 -1 5 15 109 -1 116 -1 117 -1 20 -1 138 142 -1 143 -1 146 -1 148 149 -1 183 -1 11 -1 14 185 -1 4 186 203 220 -1 35 228 -1 38 229 -1
18 0 -1 77 -1 93 -1 2 -1 3 16 98 110 -1 7 18 41 46 56 71 -1 8 9 59 94 -1 48 -1 10 39 96 -1 12 44 -1 17 -1 107 -1 22 45 -1 35 -1 25 -1 1 -1 36 -1 26 106 -1 30 40 109 -1 5 -1 29 113 -1 116 119 131 -1 31 33 -1 65 132 135 -1 34 -1 138 -1 19 -1 28 -1 142 -1 15 -1 143 -1
457 0 -1 49 -1 60 -1 1 -1 26 -1 33 -1 7 -1 9 16 21 34 -1 18 -1 48 -1 19 25 -1 10 29 31 -1 14 39 73 -1 77 -1 5 -1 54 78 -1 8 109 116 117 -1 17 -1 4 138 142 143 159 176 -1 23 184 185 -1 6 186 221 -1 47 228 -1 230 -1
407 0 7 8 15 64 92 -1 9 -1 20 78 -1 16 -1 11 -1 17 -1 89 -1 19 25 75 -1 10 23 26 37 76 77 80 94 -1 93 109 -1 14 41 116 -1 56 117 118 -1 66 119 -1 90 -1 65 138 142 143 193 -1 39 46 53 220 221 -1 222 -1 228 -1 21 -1 27 -1 57 -1 69 -1 44 230 -1 45 -1 54 241 253 -1 29 30 -1
330 1 -1 25 -1 34 -1 7 -1 8 22 47 -1 21 -1 33 -1 11 -1 26 -1 43 71 -1 19 52 77 78 -1
529 0 10 -1 90 -1 7 -1 9 16 68 -1 33 -1 81 -1 77 -1
390 0 72 73 -1 3 -1 9 58 -1 7 -1 10 34 35 59 -1 44 60 -1 16 -1 29 -1 17 36 -1 21 38 66 -1 4 22 -1 43 -1 5 25 26 39 49 -1 27 -1 32 -1 40 -1 45 -1 18 46 69 -1 77 -1 78 -1 31 109 -1 13 28 37 110 -1 113 -1 54 -1 116 -1 47 64 65 131 -1 52 61 138 142 143 -1 67 -1 161 -1 41 190 197 -1
397 7 18 -1 27 -1 8 28 36 -1 13 -1 0 9 72 -1 73 -1 16 -1 17 62 -1 34 35 38 40 61 77 -1 31 -1 78 -1 21 109 -1 112 -1 116 -1
313 0 4 8 46 47 -1 17 -1 7 36 -1 21 59 -1 18 -1 53 -1 25 -1 11 26 -1 61 -1 3 13 19 27 34 35 40 42 45 48 52 55 57 -1 2 43 -1 41 44 -1 39 -1
604 0 -1 34 -1 44 -1 4 15 -1 24 -1 7 25 -1 8 -1 51 -1 22 -1 20 30 57 -1 11 17 21 38 -1 43 50 -1 9 -1 94 -1 16 -1 107 -1 6 112 -1
568 0 11 39 -1 64 70 -1 7 -1 6 -1 9 40 -1 16 -1 24 27 -1 34 -1 30 -1 17 44 50 -1 35 59 -1 49 69 73 -1 51 77 -1 36 -1 21 78 109 -1 112 -1 28 -1 22 116 -1 133 -1 25 -1 32 134 -1
151 0 -1 23 -1 49 -1 7 10 -1 8 -1 59 -1 12 -1 19 -1 16 54 -1 11 17 -1 15 50 66 -1 25 -1 1 -1 26 30 58 -1 9 34 35 -1 55 -1 36 60 82 -1 109 117 -1 56 -1
468 1 22 65 -1 7 14 -1 12 29 -1 13 16 49 50 -1 18 -1 19 21 23 25 30 31 47 -1 48 -1 8 34 -1 33 -1 52 -1 9 112 -1 116 -1 0 46 132 133 -1 142 -1
261 7 23 -1 8 34 56 -1 25 36 54 70 -1 24 -1
49 9 19 21 -1 10 -1 25 -1 14 51 -1 12 -1 3 13 16 -1 22 -1 18 -1 26 48 -1 4 47 52 -1
149 19 25 26 31 37 40 -1 45 -1 15 30 34 -1 11 35 -1 29 66 -1
359 0 -1 16 38 -1 7 -1
247 35 -1 15 -1 19 -1 4 45 -1 0 2 11 30 52 114 117 -1
714 9 11 16 47 -1 4 17 -1 27 59 -1 10 20 34 35 43 -1 44 69 77 -1 21 57 78 109 -1
347 3 -1 0 8 38 -1 21 44 49 -1 51 -1 25 26 27 64 -1 34 35 40 43 -1 28 -1 57 -1 46 56 -1 58 -1 59 62 -1 67 -1 50 -1 29 77 78 -1
369 3 -1 0 7 8 9 15 23 47 49 61 -1 16 -1 17 55 -1
21 3 -1 17 -1 26 -1 4 -1 0 6 7 16 -1 8 33 -1 19 -1 51 -1 59 -1 21 23 25 32 -1 35 -1 36 38 63 109 113 116 -1 34 39 131 -1 138 -1 24 142 199 220 -1 15 -1
100 0 9 14 39 64 -1 16 17 19 33 34 71 -1 24 -1 25 -1 13 26 -1 30 -1 32 -1 18 38 -1 8 50 -1 5 21 109 116 117 119 131 -1 62 65 66 138 140 -1 63 142 -1 12 146 148 -1 3 44 193 200 -1 43 220 -1 23 40 -1 228 -1 29 234 -1 45 -1 46 53 237 -1 239 -1 37 252 -1 49 -1 256 -1 48 -1
631 3 -1 2 7 8 13 26 -1 32 -1 9 35 58 -1 69 -1 16 -1 1 -1 36 -1 18 22 -1 25 49 -1 0 37 39 55 -1 56 -1 109 -1 5 -1 34 116 -1 117 -1 40 -1 138 -1
192 4 57 62 -1 7 -1 8 38 -1 78 -1 9 56 -1 64 -1 10 15 19 -1 13 -1 37 41 -1 16 -1 0 -1 20 42 -1 17 -1 22 -1 58 -1
271 7 -1 2 16 -1 8 37 -1 13 49 -1 0 6 17 -1 19 34 -1 15 -1 35 -1 48 -1 112 -1 54 -1 61 116 117 -1 122 -1 9 131 -1 58 -1
101 14 -1 16 34 57 -1 17 26 -1 61 -1 12 21 25 -1 0 -1 45 -1 37 55 -1 52 -1 31 32 112 113 116 -1 131 -1 15 41 135 -1 56 140 -1 13 42 142 -1 44 -1 190 -1 220 -1 10 -1 46 -1 18 23 221 228 -1
242 14 16 27 -1 13 17 -1 23 37 -1 5 -1 11 42 -1 56 -1 0 12 25 -1 26 29 58 -1 15 -1 34 35 -1 30 -1 19 43 -1 109 -1 117 -1 4 118 -1 8 -1 52 131 -1 53 -1 135 -1 143 -1 199 -1
85 0 -1 51 55 -1 1 -1 7 8 43 64 75 95 -1 18 59 113 -1 88 -1
229 0 -1 13 46 -1 1 7 -1 8 -1 14 52 -1 11 18 -1 9 16 -1 17 21 47 -1 3 25 -1
179 7 -1 0 8 9 18 25 -1
394 3 -1 0 -1 8 11 13 -1 19 44 -1 27 -1 14 22 -1 20 25 -1 21 -1 5 -1 10 35 69 77 -1 18 78 109 112 -1 116 -1 117 -1 16 41 119 -1 34 132 -1 138 -1 142 -1 1 6 17 23 39 143 145 148 -1 149 -1 2 40 221 228 233 -1 24 33 -1
500 1 39 80 -1
608 0 -1 38 62 -1 1 12 -1 5 7 21 22 -1 8 -1 26 56 68 -1 16 -1 17 -1 19 -1 20 -1 25 27 30 34 35 53 54 63 66 69 77 -1 24 -1
481 1 80 94 -1 120 -1 7 60 183 -1 8 106 -1 9 98 -1 38 44 -1 109 -1 123 -1 10 12 95 108 -1 13 16 65 142 175 176 -1 15 45 81 -1 124 -1 19 22 -1 147 -1 25 140 154 -1 155 -1 30 34 55 67 107 146 156 -1 35 121 139 -1 24 72 163 -1 77 -1 0 -1 78 133 -1 48 -1 56 -1 112 -1 116 -1 57 -1
462 4 -1
119 10 -1 55 -1 12 64 71 72 -1 14 -1 21 33 -1 16 18 -1 34 -1 65 -1 17 -1 85 -1 19 -1 0 -1 15 25 73 -1 26 -1 40 -1 32 -1 109 -1 27 113 -1 13 28 36 116 -1
295 0 -1 29 -1 36 -1 1 111 119 -1 57 -1 58 -1 3 -1 11 16 -1 65 -1 88 -1 7 -1 17 37 59 -1 13 89 -1
617 4 -1 21 -1 67 -1 7 16 -1 8 9 -1 0 13 33 -1 14 -1 6 19 25 26 27 51 -1 15 34 -1 69 77 112 -1 116 140 -1 10 -1
538 9 -1 0 5 16 72 -1 4 36 -1 64 -1 30 43 44 46 69 77 -1 112 -1 178 -1 31 37 -1 47 220 -1 221 -1 6 -1 17 228 -1
636 1 -1 4 9 60 107 -1 7 19 -1 0 -1 52 -1 8 27 -1 10 -1 12 62 -1 32 -1 34 -1 16 -1 20 -1 17 41 57 -1 18 -1 61 -1 87 -1 21 88 -1 25 47 -1 31 48 -1 28 -1
676 1 7 8 21 42 -1 9 27 44 50 55 80 -1 12 -1 17 -1 16 -1 0 -1 18 22 25 45 59 96 -1 46 -1 26 -1 97 -1 52 -1 34 35 67 89 -1 69 -1 56 -1 15 28 77 78 83 109 -1 38 112 113 -1 19 29 81 116 132 134 -1 40 -1
711 12 -1 38 -1 13 66 67 80 -1 16 23 -1 18 -1 21 22 -1
399 10 -1 29 -1 13 46 66 -1 16 76 -1 23 -1 58 -1 0 17 18 50 -1 1 -1 22 -1 65 -1 25 -1 54 -1 12 26 34 -1 8 -1 19 -1 35 -1 40 57 -1 45 -1 41 -1 9 24 39 55 69 77 78 109 -1 52 110 -1 42 -1 43 116 -1 117 -1 56 119 -1 7 -1 28 120 -1 138 -1 49 -1 142 143 -1
551 0 32 84 -1 7 9 24 -1 13 -1 6 16 35 -1 25 -1 27 39 -1 30 -1
328 21 31 -1 34 -1
136 7 -1 5 8 -1 33 -1 10 19 37 -1 31 -1 25 26 -1 9 28 -1 34 -1 0 -1 4 35 109 -1 30 116 -1 117 -1 138 -1
542 1 -1 45 -1 64 -1 7 -1 9 38 -1 12 16 26 29 40 -1 15 -1 18 30 -1 44 -1 22 -1 13 20 25 -1 31 -1 34 -1 21 73 -1
612 0 13 -1 2 48 -1
142 1 -1 19 51 -1 3 -1 0 -1 7 -1 8 65 -1 9 21 -1 25 54 -1 26 28 -1 42 52 -1 30 -1 22 -1 41 -1 11 34 -1 4 35 57 109 116 -1 6 117 120 -1
372 1 -1 3 54 69 -1 8 -1 7 40 -1 0 51 -1 18 50 -1 48 -1 25 61 -1 26 43 -1 27 36 42 -1 34 37 -1 38 -1 57 -1 47 -1 52 109 -1 6 39 -1 49 112 -1 45 116 -1 117 -1 44 -1 131 -1 138 -1 9 -1 140 -1 142 -1 2 -1 46 196 220 -1 11 62 221 225 -1 24 -1
200 1 -1 3 -1 15 -1 0 7 -1
432 0 1 -1 3 -1 8 -1 10 13 -1 16 -1 55 -1 4 30 -1 33 -1 53 -1 22 31 -1 28 34 -1 12 29 38 -1 25 -1 40 -1 43 46 73 -1 41 -1 77 78 -1 113 -1 2 116 -1 118 -1
494 0 45 -1 66 -1 1 -1 10 -1 44 -1 7 -1 9 54 -1 12 -1 8 -1 16 35 -1 36 -1 19 -1 21 22 52 -1 11 25 30 34 37 41 -1
492 1 -1 16 22 -1 7 -1 8 10 -1 31 -1 9 -1 68 -1 19 -1 25 33 -1 23 -1 30 -1 14 -1 34 35 -1 28 37 57 73 -1 15 77 78 -1 47 113 116 -1 0 -1 17 117 -1 3 133 142 143 -1
673 0 4 7 30 82 90 -1 72 -1 8 39 115 -1 12 15 16 17 110 129 -1 28 -1 98 -1 34 -1 74 -1 35 -1 14 46 68 77 78 108 109 112 -1 73 -1 111 113 -1
63 7 -1 8 31 43 75 82 -1 12 -1 19 -1 16 -1 9 17 -1 46 -1 52 -1 112 -1 0 -1 131 -1
497 1 7 8 14 18 22 -1 34 -1 9 10 54 59 -1 70 -1
667 3 20 -1 22 -1 7 -1 4 8 66 -1 10 14 -1 54 -1 16 17 28 75 -1 34 35 59 68 72 -1 5 23 58 67 77 78 109 112 -1 0 71 116 117 -1 44 57 132 -1 133 -1 134 -1 43 -1 6 138 140 -1 74 -1 142 190 191 -1 192 -1
190 10 -1
516 0 7 90 101 -1 67 -1 9 75 -1 16 66 -1 18 -1 79 -1 21 27 57 -1 19 24 25 30 58 -1 34 62 -1 29 35 41 72 74 -1 55 77 78 109 -1 23 -1 61 -1 70 -1 113 -1 8 -1 53 116 -1 117 -1 28 -1 138 -1 17 -1 12 71 85 142 143 174 -1 48 68 220 221 -1 225 -1 60 -1 231 -1 232 -1 43 -1 32 44 235 -1
378 3 8 -1 0 7 64 78 -1 20 50 -1 21 65 -1 19 25 43 -1 2 44 -1 72 -1 26 71 76 -1 27 34 59 -1 35 56 -1 42 47 67 69 -1 73 -1 77 -1 33 -1 87 109 -1 6 -1 116 117 -1 131 -1 70 -1 138 -1 40 -1 63 -1 84 140 -1 142 -1 143 -1 90 -1 190 196 -1 220 -1 48 52 -1 221 -1 15 -1 75 -1 82 225 -1
451 1 21 -1 30 -1 7 -1 14 -1 8 10 20 22 39 -1 13 34 57 -1 16 -1 9 -1 23 -1 19 -1 33 -1 12 25 35 38 -1 26 75 77 -1 78 -1 11 109 -1 113 116 -1 4 29 117 -1 133 -1 15 -1 142 -1 143 -1 17 27 159 184 185 -1 186 -1 37 220 -1 49 -1 221 -1 228 -1 28 -1 31 -1
259 1 -1 13 -1 22 -1 7 -1 8 35 -1 47 -1 27 -1 23 49 58 -1 38 50 -1 25 -1 26 -1 16 19 34 63 -1 10 -1 114 -1 51 -1 116 -1 12 117 -1 119 -1 31 -1
475 1 39 72 -1 7 -1 0 9 16 33 -1 18 -1 44 -1 22 -1 10 15 24 25 30 32 -1 58 -1 34 -1 26 -1 20 35 40 -1 27 109 -1 112 -1 116 -1 118 -1 28 29 38 131 -1
169 10 -1 32 -1 48 -1 16 17 -1 0 22 57 -1 12 -1 26 -1 24 -1 13 34 35 -1 15 31 -1 18 36 -1 14 42 43 -1 3 7 21 109 117 121 -1
687 4 -1 0 8 33 -1 9 54 -1 12 21 77 -1
115 10 -1 0 -1 40 -1 12 54 -1 16 17 19 41 72 83 -1 21 32 51 74 -1 25 -1 26 31 33 86 113 -1 47 56 92 118 -1 1 131 -1 3 11 -1 70 73 140 -1 142 -1 4 -1 7 13 -1 38 -1 69 165 -1 220 -1 39 -1 42 -1 46 71 226 -1 228 -1
708 0 -1 21 -1 22 -1 4 -1 7 38 42 -1 6 -1
374 3 -1 9 -1 2 7 8 55 -1 66 -1 18 -1
335 3 21 -1 0 7 8 12 30 -1 1 14 31 52 -1 16 -1 17 28 -1 58 -1 18 25 -1 24 26 -1 5 49 -1 57 -1 27 34 35 37 40 45 -1 51 109 -1 6 116 117 -1 32 -1
11 9 -1 32 49 -1 16 23 61 86 -1 17 59 -1 55 -1 91 -1 18 21 -1 11 25 47 -1 0 48 -1 26 -1 36 -1 64 -1 80 -1 40 44 50 -1 43 57 109 -1 5 -1
506 9 -1 16 20 -1 12 37 -1 74 -1 5 21 22 -1 35 -1 18 25 -1 30 45 -1 34 -1 7 61 66 -1 62 -1 27 72 -1 0 28 70 77 78 113 -1 29 117 -1
340 2 -1 15 -1 38 -1 62 -1 64 -1 0 7 -1 56 -1 8 -1 50 -1 14 -1 44 -1 16 39 -1 25 -1 37 -1 26 -1 54 61 -1 28 51 -1 34 -1 33 35 -1 55 -1 109 -1 10 116 -1 117 -1 42 -1 119 -1 57 131 -1 3 17 43 53 60 138 142 143 153 -1 47 178 199 -1 31 220 221 -1 5 -1 13 -1 222 -1 23 40 228 -1
491 1 -1 21 24 -1 46 -1 69 -1 7 8 12 14 30 33 -1 9 16 -1 0 29 37 -1 41 72 -1 57 77 78 -1 112 -1 5 -1 116 -1 135 -1 17 48 -1
404 4 -1 9 -1 48 -1 0 7 -1 8 64 -1 19 -1 58 -1 26 74 -1 37 46 67 81 -1 21 63 -1 52 73 77 -1 1 78 -1
144 12 -1 30 -1 9 13 29 94 -1 16 -1 0 -1 17 -1 104 -1 19 -1 21 28 -1 14 25 -1 26 32 35 38 40 61 -1 46 -1 65 -1 4 52 93 109 -1 112 -1 66 -1 113 -1 55 58 60 96 116 117 -1 124 -1 20 131 -1 11 -1 57 -1 95 -1
213 0 -1 4 31 -1 3 7 33 34 64 -1 8 -1 69 -1 14 -1 68 -1 16 17 70 -1 9 21 -1 25 -1 26 27 37 -1 29 -1 32 -1 36 -1 38 65 -1 18 28 40 73 -1 2 30 63 78 109 -1 116 -1 42 117 -1 24 118 -1 35 131 -1 43 132 -1 59 -1 138 -1 1 142 143 206 -1 12 208 220 -1 57 60 -1 221 -1 39 -1 228 -1 19 22 -1 47 -1
653 3 -1 15 37 -1 7 -1 6 8 -1 68 -1 0 10 16 27 34 36 59 -1 29 -1 4 35 112 -1
574 1 25 60 -1 84 -1 98 -1 7 8 13 69 77 -1 9 45 -1 0 10 16 17 18 54 86 -1 22 78 -1 56 63 -1 70 -1 30 -1 23 67 -1 34 -1 35 37 76 -1 51 62 -1 43 -1 44 -1 75 -1
294 3 -1 44 -1 7 8 39 51 -1 54 -1 12 47 -1 85 -1 16 17 40 -1 94 -1 21 26 48 -1 25 -1 36 58 -1 5 43 60 84 -1 0 -1 37 -1 6 88 109 116 117 -1 131 -1 18 -1
137 12 -1 11 -1 44 -1 13 -1
265 7 -1 14 -1 8 18 36 41 -1 12 -1 53 75 -1 16 -1 17 45 80 -1 21 -1 71 -1 2 3 22 -1 23 66 -1 25 -1
20 0 33 51 -1 7 23 -1 8 -1 57 -1 10 -1 65 -1 13 74 -1 52 55 -1 16 -1 48 -1 17 56 -1 81 -1 21 50 -1 25 26 60 -1 37 -1 62 76 -1 66 -1 77 79 86 -1 63 -1 109 -1 4 -1 47 54 113 116 131 -1 132 138 -1 49 -1 142 207 -1 220 -1 14 -1 19 34 -1 78 -1
61 0 60 68 -1 3 13 -1 4 42 43 51 -1 7 52 -1 8 9 14 53 59 72 80 -1 16 17 54 -1 85 -1 18 -1 21 39 75 -1 67 -1 22 -1 38 -1 25 -1 26 40 87 -1 55 71 73 -1 61 -1 77 78 -1 81 -1 109 -1 116 -1 117 131 -1 70 -1 132 140 -1 36 -1 79 -1 143 -1 41 46 -1 91 -1 83 169 -1 178 204 -1 220 -1
398 0 3 4 28 32 38 -1 7 -1 29 -1 8 51 -1 10 20 -1 48 -1 16 -1 9 11 17 19 22 44 56 -1 5 25 -1 26 -1 53 -1 27 34 -1 35 49 -1 31 45 -1 54 68 77 -1 57 78 112 131 -1
334 1 5 7 12 31 -1 8 -1 9 10 42 -1 6 16 -1 17 -1 36 -1
19 0 -1 1 119 120 -1 23 60 -1 3 -1 6 -1
186 9 11 12 13 -1 27 -1 0 16 51 -1 14 17 -1 34 57 -1 5 22 35 -1 97 -1 46 -1 54 107 108 111 -1 31 -1 116 -1 117 -1 15 26 42 120 131 -1 50 52 -1 132 -1 1 138 -1 48 -1 142 -1 32 49 143 -1 144 -1 3 -1 33 145 -1 47 -1 148 149 -1 6 56 152 168 222 -1
130 12 34 58 -1 13 16 17 19 29 32 66 -1 4 22 25 26 67 -1 39 72 -1 23 -1 35 63 -1 71 -1 40 43 -1 61 -1 109 -1 9 15 59 110 -1 113 -1 47 -1 53 -1 0 54 116 -1 117 -1 21 119 -1 20 -1 131 -1 2 3 56 -1 57 -1 83 -1 84 -1 10 138 -1 142 -1 46 49 -1 41 42 143 199 220 -1 81 221 -1
461 4 34 -1 7 8 29 37 43 -1 10 -1 17 -1 9 16 75 -1 19 -1 25 45 -1 32 -1 27 -1 33 -1 35 -1 14 18 31 -1 28 -1 24 -1 40 113 -1 0 -1 119 -1 13 21 133 -1 220 -1 42 53 -1 221 -1 5 -1 228 -1
82 1 7 11 28 -1 0 8 -1 38 -1 9 75 -1 10 19 40 56 129 -1 74 -1 16 17 46 49 -1 22 23 141 -1 105 -1 130 -1 25 26 77 -1 34 36 149 -1 12 52 53 58 96 101 -1
370 3 -1 7 15 44 -1 5 8 13 16 22 30 54 -1 18 -1 17 -1 9 27 42 -1 34 -1
156 3 4 -1 0 7 9 -1 8 11 13 19 -1 6 16 17 41 -1 47 -1 28 -1 12 -1 34 35 38 -1
16 0 -1 1 50 104 105 -1 59 -1 4 -1 7 11 28 29 66 70 82 -1 8 63 89 -1 10 85 -1 30 60 -1
690 3 -1 40 90 -1 7 9 18 30 -1 33 -1 6 12 -1 0 10 16 48 -1 11 -1 34 -1
420 1 -1 11 53 -1 5 7 8 9 35 63 -1 10 49 -1 6 -1 12 20 -1 13 16 23 57 60 -1 0 24 50 -1 17 65 -1 30 34 47 -1 52 54 -1 48 66 -1 40 77 -1 78 -1 67 112 116 -1 118 -1 3 -1 119 -1 55 132 133 -1 142 145 -1 148 187 -1 220 -1 21 28 221 222 -1 32 33 -1 227 -1 36 228 -1
217 0 3 15 41 -1 2 -1 4 5 7 -1 8 62 -1 22 -1 59 -1 13 23 25 79 -1 42 -1 27 29 -1 9 14 34 -1 35 70 109 -1 40 116 -1
73 12 30 -1 70 -1 14 -1 0 10 -1 16 17 21 -1 15 85 -1 26 77 -1 66 75 -1 34 -1
539 9 19 27 56 -1 12 57 81 94 -1 39 49 64 -1 15 16 71 -1 28 -1 50 -1 18 21 58 65 72 78 -1 25 30 34 -1 45 60 -1 77 -1
267 14 16 17 28 39 -1 52 -1 7 19 23 25 26 40 -1 27 57 -1 34 60 -1 9 -1 20 35 -1 31 -1 4 37 43 44 109 -1 114 -1 24 116 -1 117 -1 51 123 -1 6 -1 11 -1 0 131 -1 1 15 138 -1 18 -1 142 143 -1 184 -1 12 32 185 186 -1 220 -1 221 -1 30 -1 222 -1
427 1 12 84 -1 7 -1 8 -1 9 91 -1 15 60 -1 13 16 83 93 -1 3 22 61 -1 20 -1 25 -1 26 30 -1
143 0 -1 21 -1 63 -1 7 -1 9 -1 8 19 73 -1 10 -1 25 58 -1 6 -1 26 70 -1 22 28 32 -1 11 34 -1 35 -1 39 -1 24 109 116 117 120 -1 31 33 38 131 138 -1 2 66 71 142 143 193 -1 220 -1 14 -1 17 -1 52 -1 60 -1 221 -1
431 0 -1 24 -1 47 -1 7 11 -1 8 59 -1 9 22 -1 10 70 -1 5 15 -1 16 -1 1 -1 17 27 88 -1 31 -1 34 35 74 -1 69 -1 62 -1 52 77 -1 78 -1 6 56 75 83 112 116 117 118 119 132 134 -1
698 0 56 -1 76 -1 3 18 -1 23 -1 39 -1 7 9 44 -1 33 -1 45 -1 8 27 -1 10 92 -1
606 0 -1 74 -1 7 94 -1 62 -1 9 13 61 -1 80 -1 16 -1 21 -1 25 64 -1 30 57 -1 34 -1 54 -1 18 37 -1
67 0 -1 1 11 20 49 57 -1 7 -1 21 -1 8 40 -1 10 63 -1 55 -1 17 -1 18 -1 59 -1
706 0 3 10 14 29 -1 37 -1 2 7 -1
571 1 72 78 -1 0 3 -1 26 -1 7 -1 8 54 -1 33 -1 9 -1 10 24 41 -1 11 16 -1 17 -1 21 25 37 49 52 -1 27 -1 15 -1 19 -1 30 -1 5 34 -1 35 43 51 -1 36 44 -1 70 -1 13 61 73 -1 77 -1 109 116 -1 117 138 -1
364 3 6 -1
95 14 32 -1 22 -1 9 34 47 -1 15 54 -1 52 -1 6 111 -1 21 112 -1 0 116 132 -1 28 -1 135 -1 13 18 -1 19 29 35 140 142 146 -1 152 -1 43 -1 45 -1 164 -1 181 -1 185 -1 12 220 -1 8 -1 10 -1 38 -1 39 -1 222 -1 44 223 -1 26 -1 17 20 227 228 -1 23 -1 25 -1
47 0 -1 47 -1 1 64 -1 7 40 46 -1 37 -1 12 35 -1
288 3 -1
187 8 -1 1 -1 9 10 -1 18 -1 19 -1 12 36 -1 13 40 41 -1 16 59 -1 4 -1 17 61 -1 14 31 34 35 53 -1 47 -1 6 97 -1 37 107 -1 5 11 23 29 108 109 113 -1 0 116 -1 28 117 120 131 138 -1
181 4 -1 7 26 35 -1 8 39 -1 10 -1 6 16 17 -1 19 41 -1 25 -1 0 -1 27 -1 34 45 -1 21 68 -1 33 -1 77 -1 15 -1 78 -1 3 29 109 116 117 -1 37 40 131 -1 38 -1 138 -1 5 142 143 193 222 -1 13 228 -1 14 237 -1
4 4 14 19 -1 0 7 -1 8 -1 23 -1 39 -1 71 -1 15 22 -1 20 25 -1 26 37 47 65 -1 52 -1 17 112 -1 21 113 116 117 -1 131 -1 64 132 -1 135 -1 66 -1 12 142 -1
377 3 -1 0 8 56 -1 9 64 -1 30 36 -1 16 -1 17 22 -1 42 -1 27 -1 35 45 53 61 -1 41 -1 49 -1 70 -1 15 -1 77 -1 5 -1
447 1 52 -1 88 -1 7 8 45 98 -1 10 -1 24 -1 32 -1 12 46 86 -1 16 -1 0 -1 33 -1 17 19 22 25 35 99 -1 48 -1 85 -1 36 -1 26 -1 30 84 -1 34 40 94 -1 37 109 -1 11 -1 14 -1 112 -1 73 -1 15 116 -1 117 -1 87 132 -1 81 -1 138 142 -1 143 145 148 149 -1 90 220 -1 72 -1 76 -1 221 -1
14 0 3 10 63 64 -1 45 -1 7 57 -1 8 52 -1 9 -1 31 -1 59 -1 16 -1 17 29 -1 21 -1 60 -1 25 -1
396 0 3 8 45 -1 56 -1 10 -1 17 46 -1 58 -1 21 22 25 30 37 -1 26 31 -1 27 -1 48 -1 35 -1
467 22 -1 24 62 -1
77 0 -1 54 -1 8 -1 10 16 61 -1 11 -1 17 -1 22 -1 7 52 -1 25 -1 26 -1
715 9 10 65 66 -1 78 -1 16 -1 4 19 -1 35 -1
657 9 -1 24 -1
683 4 -1 0 8 40 -1 81 -1 9 -1
528 0 80 -1 3 7 32 41 47 65 104 -1 8 9 56 72 -1 10 12 -1 63 -1 16 -1 2 -1 18 22 62 64 70 -1 25 -1 11 30 85 -1 34 57 -1 40 -1 46 -1 43 -1 23 44 -1 71 -1 69 -1 28 77 88 -1 1 51 -1 52 78 -1 109 -1 33 112 -1 24 116 117 132 -1 61 135 142 -1 143 -1
450 0 -1 19 -1
