702
364 32 -1 53 -1 75 -1 7 -1 1 -1 48 -1 8 -1 81 -1 21 25 33 39 43 -1 26 -1 40 42 44 45 -1 49 51 55 77 -1 54 -1 52 109 -1 0 35 110 -1 20 -1 112 -1 29 -1 116 -1 30 117 -1 46 -1 131 -1 9 -1 132 -1 76 138 -1 142 -1 143 190 -1 17 -1 199 -1 221 -1 36 -1 23 225 -1 67 -1 228 -1 60 -1 61 -1
623 77 -1 7 112 -1 116 -1 8 132 142 -1 145 -1 14 23 -1 2 24 63 146 148 -1 62 193 194 195 -1 20 221 -1 222 228 -1 12 -1 18 -1
550 108 -1 64 -1 19 26 110 117 -1 32 140 -1 40 142 -1 143 -1 166 184 -1 17 220 221 -1 228 -1 236 -1 13 -1
695 28 -1 74 -1 17 125 -1 19 25 30 65 75 79 -1 72 -1 34 45 -1 35 36 77 83 -1 68 -1 99 -1 112 -1 54 -1 67 -1 78 -1 80 110 -1 26 29 32 116 121 132 134 -1 47 -1 24 113 142 143 144 -1 148 149 -1 187 206 -1 33 -1 51 93 106 220 -1 222 -1 46 223 -1 231 -1 88 -1
121 41 -1 37 116 117 -1 58 -1 131 -1 3 4 60 -1 132 -1 1 142 -1 38 -1 143 -1 7 42 146 -1 148 -1 149 -1 56 190 -1 40 220 221 -1 10 228 -1 55 65 232 254 265 266 -1
166 50 116 131 138 -1 7 23 142 143 199 -1 11 203 220 -1 31 -1 42 -1 228 -1 230 -1
467 18 25 -1 31 34 -1 16 -1 9 17 47 52 -1 4 112 113 -1 0 -1 3 6 132 142 145 -1 148 -1 20 167 -1 38 187 -1 14 221 -1 29 -1 42 -1 21 227 228 -1 23 27 -1
547 13 -1 74 -1 23 -1 11 77 -1 78 -1 109 -1 20 26 112 116 -1 6 118 132 -1 142 -1 145 -1 14 220 -1 223 230 -1 4 231 -1 27 -1 28 258 -1
48 33 45 -1 19 25 26 47 -1 22 -1 14 52 112 -1 131 -1 13 21 -1 31 132 -1 11 142 -1 34 143 -1 187 -1 40 220 -1 23 227 -1 228 -1 32 -1 35 -1 18 234 -1
363 47 52 -1 15 37 50 53 68 -1 1 10 77 112 116 -1 4 117 119 -1 7 28 132 142 -1 24 66 143 -1 190 -1 221 -1 38 223 225 -1 46 -1 228 -1 22 -1
5 63 -1 62 116 117 131 -1 88 -1 132 135 -1 91 142 190 -1 220 -1 60 221 -1 15 44 48 53 56 78 225 228 234 -1 33 -1
703 7 -1 5 -1 8 34 49 -1 9 -1 10 -1 27 36 48 58 -1 16 -1 0 -1 18 28 -1 21 31 -1 47 -1 20 25 -1 30 -1 35 40 43 52 -1 33 73 -1 77 -1 17 -1 78 -1 109 -1 112 -1 116 120 121 -1 11 132 -1 41 -1 134 138 -1 13 -1 4 142 -1 26 145 -1 32 62 -1 148 149 166 -1 56 176 -1 46 60 177 184 -1 185 186 -1 53 206 220 -1 15 -1 51 -1 68 222 228 -1 236 -1
282 20 34 40 54 -1 9 -1 26 -1 10 32 61 -1 35 -1 50 -1 59 67 -1 36 -1 77 -1 23 63 78 -1 29 112 -1 44 113 116 -1 117 -1 64 135 221 -1 22 -1 228 -1
412 6 15 112 116 118 -1 31 -1 66 -1 69 -1 119 -1 100 -1 19 132 -1 133 -1 91 -1 142 -1 145 -1 101 148 167 -1 45 93 -1 177 220 -1 26 65 -1 72 -1 14 29 41 61 223 228 -1 230 -1
268 22 43 48 78 109 116 -1 2 -1 27 117 119 -1 37 42 -1 122 -1 18 138 142 -1 5 11 15 21 143 -1 160 181 -1 19 -1 20 50 65 185 186 200 220 -1 32 36 221 -1 222 -1 45 223 247 -1
39 8 -1 11 16 -1 15 18 31 -1 21 48 -1 4 10 -1 1 25 30 34 41 70 -1 49 77 78 83 -1 87 -1 88 110 -1 22 -1 112 -1 9 -1 113 -1 116 -1 119 -1 6 -1 132 -1 138 142 143 -1 144 -1 5 148 149 -1 159 176 -1 177 -1 181 -1 185 -1 186 -1 220 -1 221 222 -1 23 232 -1 24 -1
449 29 -1 25 26 38 -1 30 34 -1 20 23 24 46 73 -1 77 -1 65 78 -1 113 -1 61 -1 116 117 -1 18 132 -1 142 143 -1 12 146 148 149 221 -1 17 27 228 -1 44 -1 230 -1 55 -1 68 231 -1 48 -1
80 22 -1 16 -1 1 -1 23 -1 17 81 -1 25 26 27 34 35 40 48 54 70 79 -1 11 20 109 -1 75 -1 116 117 -1 138 -1 69 142 143 -1 76 -1 193 -1 73 -1 45 220 224 -1 36 -1 228 -1 237 -1 60 -1
44 69 237 -1 78 -1
377 78 83 109 116 117 -1 55 118 -1 76 82 119 131 138 -1 25 142 -1 37 143 -1 48 52 190 -1 196 221 -1 19 60 71 225 228 -1 11 230 -1 34 -1
161 22 117 120 -1 21 -1 131 -1 43 -1 132 -1 18 -1 142 -1 143 -1 1 3 46 144 148 149 -1 17 160 181 185 -1 186 -1 220 -1 32 -1 223 230 238 -1 11 -1
471 43 65 -1 6 109 -1 42 60 -1 0 116 -1 117 -1 12 138 -1 41 142 -1 3 -1 29 37 40 143 220 221 -1 57 228 -1 74 -1 240 257 -1
568 26 142 -1 15 145 -1 1 148 149 161 -1 163 -1 222 -1 33 225 -1 18 228 235 237 -1 54 -1 65 243 -1 10 252 -1
318 3 -1 19 24 -1 7 8 32 -1 12 -1 16 41 55 -1 36 -1 17 21 25 26 34 63 -1 37 46 109 112 -1 44 54 116 -1 5 -1 38 60 117 -1 120 -1 9 126 -1 43 132 -1 53 -1 138 -1 39 142 143 -1 42 57 144 -1 52 -1 56 148 149 -1 152 -1 13 170 -1 31 -1 176 -1 40 177 -1 59 -1 18 180 -1 10 185 -1 186 -1 20 -1 22 199 220 221 -1 33 228 -1 233 -1 234 -1
290 36 52 -1 13 41 67 -1 16 -1 17 35 -1 19 -1 44 -1 23 66 -1 25 -1 4 -1 26 62 -1 64 -1 61 113 -1 69 116 131 142 -1 65 -1 143 -1 48 -1 57 -1 220 -1 43 -1 47 -1 28 221 228 -1 32 -1
88 16 22 -1 17 49 -1 13 19 45 67 -1 14 23 36 56 58 -1 26 27 57 -1 60 -1 34 -1 52 -1 37 40 48 64 65 66 77 78 -1 15 68 69 74 75 113 131 140 142 143 220 -1 54 -1 4 221 -1 18 228 -1 236 -1 44 -1 46 237 -1
190 17 18 -1 48 -1 8 13 16 29 30 82 -1 19 -1 50 55 61 62 73 96 -1 77 -1 69 78 97 -1 15 75 -1 4 107 -1 108 -1 109 -1 37 -1 0 32 46 111 116 -1 33 49 117 119 -1 131 -1 80 -1 132 138 -1 36 76 -1 142 -1 143 -1 47 90 144 -1 60 145 148 -1 65 149 -1 40 152 -1 172 -1 52 -1 199 220 -1 39 71 221 -1 223 -1 230 -1 83 -1 235 -1 237 -1 27 -1
729 11 22 68 -1 25 -1 26 28 62 -1 45 -1 10 23 55 61 112 -1 113 -1 4 24 -1 56 -1 5 116 -1 57 -1 3 134 -1 140 -1 220 -1 44 -1 54 224 -1 29 -1 13 35 228 229 -1 39 -1
481 118 -1 69 -1 75 83 93 -1 101 105 135 -1 136 -1 100 -1 66 -1 104 145 160 220 -1 165 -1 221 -1 49 51 119 222 224 -1 228 -1 59 90 96 234 -1 144 -1 152 -1 237 -1 172 -1 243 -1 134 -1
11 46 112 -1 54 116 -1 119 -1 10 -1 131 132 -1 56 -1 71 -1 138 -1 51 142 143 -1 76 -1 206 -1 220 -1 53 75 221 -1 228 -1 67 -1 72 -1 234 -1 63 -1 236 -1 237 -1 81 -1 85 -1
275 39 -1
246 14 16 20 24 27 38 -1 18 22 25 -1 0 -1 4 -1 5 -1 10 26 29 37 -1 34 -1 32 35 45 -1 36 -1 17 52 72 77 78 -1 23 109 -1 112 -1 116 117 119 -1 1 8 122 -1 132 142 143 144 -1 145 -1 148 149 170 -1 177 -1 187 -1 188 -1 198 220 -1 2 7 15 19 228 234 -1 9 -1
539 89 109 -1 112 -1 113 -1 0 8 -1 23 29 59 116 118 -1 48 -1 54 119 145 148 168 -1 74 179 -1 46 221 -1 17 -1 26 222 228 -1 32 -1 68 84 -1 51 237 -1
713 62 -1 4 134 -1 13 -1 142 -1 143 -1 19 146 -1 2 148 -1 149 -1 37 190 -1 10 -1 58 191 -1 23 225 228 -1 26 -1
667 9 220 -1 19 -1 32 225 -1
595 6 16 60 -1 18 -1 20 25 -1 27 -1 12 -1 21 30 -1 22 -1 35 -1 34 43 -1 1 38 52 -1 14 56 -1 32 44 73 77 135 158 221 228 -1 17 233 -1
505 20 -1 22 -1 38 -1 5 6 21 30 34 -1 31 73 74 -1 35 42 -1 32 77 78 -1 58 -1 109 -1 7 113 116 -1 117 -1 146 -1 14 -1 11 148 149 159 220 -1 43 56 -1 221 -1 27 228 -1 29 229 -1 230 -1 17 -1
349 12 -1 35 40 -1 48 -1 9 39 45 -1 4 43 52 53 104 -1 15 -1 37 107 -1 50 108 113 -1 6 11 -1 116 -1 0 -1 117 -1 14 138 142 -1 1 -1 7 38 42 143 168 -1 18 220 -1 24 25 33 228 -1 230 -1 41 -1
84 0 -1 3 -1 25 -1 4 -1 26 -1 27 36 40 45 -1 54 68 -1 67 109 112 -1 24 -1 119 -1 116 -1 131 -1 19 -1 104 107 132 -1 89 103 145 -1 162 -1 29 -1 37 -1 32 87 181 185 -1 187 -1 13 199 -1 220 -1 64 90 222 -1 55 66 77 228 241 -1 83 -1
209 14 -1 16 21 32 -1 17 -1 4 29 34 35 57 -1 68 -1 36 -1 46 -1 73 -1 61 78 -1 18 109 117 -1 56 -1 118 -1 9 -1 55 64 138 143 145 -1 65 149 -1 200 220 -1 10 22 221 -1 26 -1 228 -1 41 48 230 -1 243 -1 5 -1
168 6 37 -1
708 31 -1 8 9 16 28 51 -1 12 26 -1 27 35 100 -1 20 -1 24 -1 75 -1 77 -1 25 -1 40 109 -1 116 117 -1 138 -1 142 143 -1 146 -1 15 148 -1 149 -1 29 -1 18 23 183 -1 185 -1 186 -1 39 44 55 58 91 203 220 228 229 230 -1
399 190 -1 196 -1 220 221 -1 225 -1 228 -1 14 21 -1
476 23 -1 40 62 -1 7 -1 8 -1 27 34 -1 19 21 22 25 54 -1 33 -1 26 -1 2 13 30 31 35 47 -1 20 -1 5 52 72 -1 16 77 -1 10 78 112 -1 116 -1 0 -1 132 -1 142 -1 145 -1 148 -1 167 -1 187 -1 36 53 221 -1 222 -1 12 17 32 227 228 -1
243 32 -1 228 -1 16 -1 10 234 -1 12 -1
615 37 132 -1 69 -1 15 138 -1 42 140 -1 51 -1 142 -1 4 -1 52 -1 150 -1 18 45 72 190 221 -1 40 225 -1 59 228 -1 14 -1
551 28 -1 29 34 -1 68 -1 54 -1 19 73 77 -1 26 78 -1 17 109 112 -1 116 -1 18 -1 132 -1 142 -1 190 -1 23 220 225 228 -1 38 -1 33 48 233 236 -1 12 -1
617 142 -1 57 145 -1 148 149 -1 66 150 -1 190 221 -1 32 225 -1 11 -1 228 -1
605 1 -1 14 31 -1 67 -1 69 -1 6 7 60 -1 8 9 10 36 -1 12 33 44 -1 13 -1 3 16 34 61 70 -1 5 18 21 25 30 35 52 -1 17 -1 45 -1 73 -1 20 47 -1 11 65 77 78 -1 112 -1 0 -1 113 -1 22 29 57 116 117 132 -1 135 -1 41 -1 142 187 -1 220 -1 54 221 -1 227 -1 228 -1 26 40 241 -1
525 12 -1 78 -1 125 -1 109 -1 119 -1 124 -1 131 -1 113 138 -1 112 -1 142 190 -1 220 -1 68 -1 81 -1 221 -1 14 23 40 222 228 -1 46 56 -1 60 231 -1 63 234 -1 19 237 -1 86 -1 111 257 -1
607 26 -1 77 -1 15 109 -1 2 116 -1 117 -1 52 58 135 -1 138 140 -1 6 142 -1 36 49 68 143 161 -1 46 -1 61 220 -1 222 228 -1 29 47 229 -1
509 21 32 35 43 72 77 -1 10 78 -1 44 109 -1 71 -1 0 86 112 116 -1 132 -1 11 138 142 -1 3 -1 87 144 -1 73 148 -1 220 -1 221 -1 18 -1 47 -1 57 -1 228 -1 67 -1 95 103 105 235 -1 23 261 -1 91 -1
556 1 122 -1 79 132 -1 89 133 138 -1 31 142 -1 80 -1 81 145 159 -1 33 92 162 -1 165 -1 65 -1 46 57 67 75 88 190 220 222 228 -1 70 -1 71 252 257 -1
367 79 109 -1 35 -1 28 112 -1 58 -1 29 116 117 -1 50 51 131 -1 132 -1 55 -1 138 142 -1 47 -1 150 -1 176 -1 177 -1 190 -1 200 -1 220 -1 41 72 -1 225 -1 23 32 80 -1 228 -1
362 3 11 -1 69 -1 7 -1 0 -1 8 21 79 -1 32 -1 23 25 27 71 -1 34 -1 2 35 45 -1 47 -1 42 52 53 68 -1 112 131 -1 5 -1 78 132 -1 44 76 -1 6 142 -1 40 -1 77 -1 190 -1 221 -1 28 -1 37 225 -1 41 49 228 -1 46 237 -1 58 -1 70 -1
626 71 -1 0 6 16 46 -1 19 -1 41 69 -1 77 -1 4 112 116 132 -1 47 134 142 -1 48 62 144 145 148 162 -1 38 163 -1 39 176 -1 55 193 -1 194 -1 195 -1 27 221 222 -1 18 -1 228 -1 21 -1 24 -1 263 -1
632 229 -1
75 9 81 82 -1 41 -1 112 -1 64 -1 114 -1 27 -1 116 -1 10 32 44 132 142 143 -1 144 -1 20 -1 148 149 162 -1 21 -1 167 181 216 218 219 -1 38 -1 220 -1 42 51 -1 58 -1 221 228 238 -1
644 1 -1 5 66 85 -1 28 -1 7 21 35 -1 8 57 -1 9 49 -1 13 30 43 -1 16 20 22 25 44 47 -1 26 -1 19 40 56 -1 34 45 48 -1 73 -1 50 -1 77 -1 59 78 -1 54 98 -1 67 -1 107 -1 108 109 -1 6 116 117 -1 132 -1 38 -1 53 -1 138 -1 24 32 -1 142 -1 17 33 65 143 -1 29 46 55 58 220 221 228 -1
515 24 37 261 -1
4 143 -1 41 -1 35 172 176 177 -1 187 220 -1 57 63 -1 11 221 228 -1 43 48 -1 50 -1 249 -1
207 26 -1 15 19 241 -1
545 74 81 -1 50 78 -1 109 -1 65 -1 10 113 116 -1 11 -1 117 -1 66 119 -1 59 161 -1 28 220 -1 48 -1 221 -1 76 80 97 228 235 -1 21 -1 58 257 -1
504 142 143 -1 146 -1 148 149 -1 27 35 159 220 -1 31 -1 36 -1 40 45 221 230 231 -1
8 40 -1 15 43 109 -1 78 116 117 131 -1 20 72 138 -1 73 142 -1 193 -1 39 220 -1 221 -1 19 -1 228 -1 24 28 33 -1 237 -1 66 -1
323 11 228 234 -1 13 -1
335 119 -1 131 -1 2 22 138 -1 142 -1 4 11 15 55 143 -1 220 -1 221 -1 228 -1 44 -1
578 40 143 -1 48 145 -1 36 62 148 -1 71 149 180 -1 184 -1 64 -1 226 -1 53 -1 32 49 56 87 228 230 -1 59 233 -1 66 -1
171 228 -1 240 -1
228 26 43 52 109 112 -1 116 -1 11 117 119 -1 142 -1 3 -1 5 -1 33 -1 44 145 -1 6 -1 4 28 148 149 190 220 -1 22 24 -1 225 -1 39 228 -1 9 230 233 -1
129 11 28 -1 142 -1 29 -1 20 146 -1 148 149 -1 46 -1 181 -1 185 -1 186 -1 45 -1 202 -1 27 220 -1 30 61 69 -1 221 -1 228 -1 23 47 -1 54 230 255 -1 60 265 -1 266 -1
101 43 232 -1 53 255 -1 265 -1 266 -1
104 34 -1 12 -1 18 -1 35 39 -1 58 -1 23 66 -1 109 -1 4 111 -1 27 112 -1 33 -1 10 113 116 -1 119 -1 21 131 -1 1 -1 17 132 -1 2 142 143 -1 144 146 -1 15 -1 148 -1 7 -1 149 -1 28 -1 181 182 185 -1 11 186 199 -1 45 220 -1 32 47 49 223 230 -1 231 248 -1 254 -1 265 266 -1
594 3 15 20 -1 45 -1 7 47 -1 4 21 -1 8 -1 9 53 -1 28 -1 12 -1 16 25 29 36 44 87 -1 0 18 27 -1 30 -1 34 48 -1 35 43 -1 49 78 -1 40 -1 26 -1 96 -1 39 76 -1 107 -1 108 -1 19 85 135 -1 142 -1 10 -1 24 56 220 221 -1 228 -1 52 -1 230 234 -1
621 83 -1 27 46 -1 34 40 77 -1 35 -1 54 68 87 -1 5 78 109 -1 43 112 -1 81 116 -1 0 117 -1 134 -1 3 36 37 47 138 140 142 143 -1 44 80 145 148 149 -1 151 -1 48 -1 158 -1 14 51 76 162 172 176 -1 2 -1 12 -1 38 49 -1 20 177 -1 84 -1 190 191 -1 192 -1 21 85 221 225 228 -1 24 230 -1
182 1 -1 131 -1 41 44 138 142 -1 193 220 -1 25 -1 222 -1 13 228 -1 28 237 -1
259 15 39 42 131 142 -1 24 37 -1 143 -1 55 -1 145 -1 52 148 -1 149 -1 67 170 -1 33 -1 220 -1 48 221 -1 20 36 223 -1 28 228 -1 230 -1 54 -1 57 -1
204 0 3 -1 8 51 -1 54 -1 9 12 34 42 -1 16 23 -1 24 52 -1 27 43 -1 10 -1 45 -1 11 29 -1 35 -1 47 53 55 73 -1 138 -1 142 -1 20 -1 143 -1 48 145 -1 148 -1 1 149 -1 17 164 187 -1 220 -1 39 -1 2 41 221 -1 6 21 228 -1 33 -1 248 -1
214 145 -1 62 -1 148 -1 33 -1 149 200 -1 220 -1 28 32 -1 221 -1 19 228 -1 24 -1 47 241 -1
68 138 -1 56 -1 140 -1 142 193 -1 220 -1 18 43 -1 25 228 -1 48 237 -1
606 33 -1 40 -1 44 -1 43 60 -1 8 -1 68 75 -1 73 -1 19 -1 6 77 -1 109 -1 55 116 -1 117 135 -1 138 140 -1 59 -1 63 -1 11 41 48 56 142 161 220 -1 23 87 222 228 -1 28 -1 65 72 -1
93 75 -1 187 -1 190 -1 40 220 221 -1 15 20 -1 51 225 -1 29 30 227 228 -1 32 36 -1 233 -1 24 -1
498 142 -1 145 -1 36 148 149 -1 184 -1 57 -1 185 -1 46 -1 220 -1 222 228 233 -1 19 237 -1 64 263 -1
92 8 18 38 -1 45 -1 19 27 64 -1 44 -1 25 26 -1 47 74 -1 34 52 66 -1 9 110 -1 22 23 113 116 -1 131 -1 68 -1 132 -1 40 -1 142 -1 49 143 187 -1 51 59 220 -1 11 221 -1 227 -1 36 228 -1 41 -1 46 -1 31 233 -1
279 5 25 41 -1 26 46 72 113 -1 79 116 -1 38 -1 0 1 76 77 131 -1 4 42 44 58 71 73 132 142 143 220 -1 18 55 221 -1 33 -1 45 228 -1 50 -1
533 21 -1 25 36 -1 30 -1 7 8 38 39 40 50 52 -1 73 -1 37 -1 47 77 78 -1 132 -1 184 -1 187 220 -1 11 57 221 -1 223 228 -1 29 -1 32 -1
27 22 -1 1 25 -1 2 -1 26 30 -1 28 32 34 38 -1 35 41 -1 112 -1 14 -1 31 -1 114 -1 37 116 -1 6 -1 40 119 -1 132 142 -1 5 -1 27 -1 143 -1 42 -1 144 -1 36 43 148 149 220 222 228 -1 18 239 -1
425 222 -1 230 -1 46 47 -1 20 234 -1
492 12 -1 220 -1 221 -1 6 13 -1 26 228 -1 234 -1 20 -1
14 26 27 51 -1 32 58 -1 56 -1 28 -1 112 -1 116 117 -1 132 -1 135 -1 136 -1 190 220 -1 13 20 42 50 221 225 228 -1 22 33 231 -1 37 -1
596 221 -1 9 14 -1 227 -1 26 37 228 233 -1 18 -1
483 22 -1 221 -1 44 228 -1 56 -1 230 -1 33 234 -1
135 220 -1 26 31 227 -1 15 228 -1
580 138 142 -1 190 -1 26 36 220 225 -1 38 66 228 -1
419 79 -1 9 12 61 70 -1 15 25 -1 37 -1 48 -1 0 13 14 77 -1 26 -1 35 -1 16 -1 49 -1 18 19 71 85 -1 50 80 -1 47 64 74 83 -1 21 -1 69 -1 46 -1 78 -1 112 -1 116 119 -1 132 -1 142 -1 2 145 148 187 -1 31 44 188 -1 189 -1 34 220 -1 40 -1 221 -1 42 222 -1 43 -1 45 72 227 -1 55 228 -1 60 237 -1
300 26 -1 36 -1 45 73 77 -1 9 53 78 109 -1 4 116 117 131 142 -1 58 61 -1 3 143 -1 199 221 -1 5 -1 228 -1 28 -1 234 -1 257 -1
408 38 223 -1 11 -1 12 64 65 228 -1 41 50 -1 53 241 -1 62 -1
267 8 21 -1
225 116 -1 48 117 122 123 -1 44 45 77 131 132 -1 52 73 138 -1 142 143 -1 145 -1 148 -1 149 190 -1 30 220 -1 50 53 222 -1 18 -1 20 -1 41 56 225 228 -1 10 230 -1
98 7 63 -1 0 16 17 72 -1 19 -1 12 22 25 26 27 32 39 -1 78 -1 1 8 11 34 40 -1 13 109 -1 116 -1 117 131 -1 64 -1 4 61 65 138 -1 62 142 143 -1 69 -1 21 148 -1 193 -1 15 -1 41 220 -1 42 -1 31 228 -1 33 44 45 230 -1 28 234 -1 237 -1 50 -1 36 37 239 252 -1
508 25 -1 9 37 -1 27 -1 58 -1 62 -1 30 42 -1 34 35 43 69 -1 52 77 109 -1 14 -1 116 117 -1 15 138 -1 142 143 220 -1 13 17 28 45 221 228 -1 231 -1
220 12 90 -1 57 60 -1 38 -1 14 51 -1 15 -1 24 81 82 -1 16 25 52 61 72 -1 17 -1 111 -1 11 18 21 103 -1 26 55 -1 28 29 34 53 54 67 70 -1 35 47 -1 59 -1 75 -1 22 77 78 80 -1 4 101 109 -1 114 -1 64 116 117 -1 79 118 -1 6 -1 44 123 131 -1 1 138 -1 2 5 142 -1 63 -1 143 207 -1 45 220 -1 91 -1 85 221 228 -1 235 -1 65 -1
342 109 -1 24 110 -1 53 -1 116 117 -1 28 119 -1 7 -1 11 48 131 -1 50 138 -1 18 -1 22 -1 47 140 -1 51 -1 142 -1 10 -1 27 143 -1 220 222 -1 31 223 -1
210 41 -1 54 230 -1 61 -1 10 243 -1
452 20 30 35 -1 12 47 59 65 -1 14 109 -1 116 -1 6 -1 24 117 159 -1 21 221 -1 45 -1 58 -1 228 230 -1 23 231 -1 40 -1
435 0 48 51 -1 7 -1 8 42 -1 22 55 -1 53 -1 25 -1 1 26 47 52 61 80 -1 6 -1 112 -1 10 15 20 21 116 118 131 -1 132 -1 12 -1 18 77 134 -1 76 135 -1 11 -1 142 -1 16 19 145 148 165 -1 13 -1 176 -1 187 -1 14 188 220 -1 36 -1 44 -1 221 -1 62 223 -1 4 -1 228 -1 17 27 33 230 -1 231 -1 50 -1
470 87 -1 112 -1 115 -1 17 56 221 228 -1 63 67 -1
221 59 131 132 -1 56 138 143 144 -1 90 -1 2 39 148 149 207 -1 91 100 220 221 -1 6 -1 14 228 -1 20 -1 88 240 -1
167 57 -1 17 -1 15 18 -1 26 34 56 -1 1 -1 35 -1 39 67 109 -1 0 5 62 65 117 131 138 -1 142 -1 63 -1 70 143 193 220 -1 22 -1 24 43 -1 16 48 223 -1 37 228 -1 230 237 -1 53 -1 28 31 58 241 -1
638 0 41 -1 1 4 7 13 14 22 26 67 -1 15 -1 8 9 30 36 -1 16 56 -1 17 18 19 25 28 57 -1 40 -1 83 -1 55 -1 110 -1 34 116 117 -1 138 -1 142 143 -1 29 146 -1 27 -1 32 148 149 162 -1 176 -1 10 -1 177 -1 33 -1 221 -1 37 222 -1 5 -1 6 225 228 -1 12 -1 43 -1
540 0 -1 45 -1 71 -1 7 -1 37 -1 9 -1 10 -1 16 -1 2 -1 18 -1 46 -1 19 -1 25 29 -1 30 -1 15 34 73 -1 4 41 63 77 78 -1 5 17 112 -1 116 -1 24 67 117 131 -1 70 132 -1 142 -1 26 143 -1 166 -1 62 220 221 -1 6 12 22 35 228 -1 43 231 -1 241 -1
658 0 20 52 190 191 192 222 -1 18 24 225 228 -1
35 71 132 -1 168 -1 64 176 187 220 221 -1 37 -1 42 -1 20 26 222 227 -1 34 48 70 228 232 237 -1
675 5 -1 35 -1 7 62 -1 24 -1 8 -1 73 -1 10 22 -1 31 -1 13 38 63 -1 16 17 28 32 -1 34 36 64 -1 30 45 70 -1 54 -1 39 68 -1 61 -1 77 -1 78 109 -1 20 -1 27 112 -1 12 116 -1 65 134 -1 142 -1 23 143 -1 190 -1 191 228 230 -1 237 -1
643 35 -1 6 40 -1 14 23 58 83 132 -1 0 133 -1 143 146 148 -1 149 -1 221 -1 33 -1 225 228 -1
156 45 52 -1 109 -1 40 42 112 116 117 131 -1 43 -1 132 -1 10 39 142 144 -1 145 -1 44 149 -1 165 171 -1 1 5 187 -1 199 220 -1 24 31 37 222 227 -1 18 228 -1
662 110 -1 6 24 112 116 -1 25 117 -1 60 134 142 -1 63 73 143 144 -1 28 148 149 190 -1 191 -1 192 -1 10 220 225 228 -1
67 22 26 27 46 52 -1 112 117 -1 60 -1 16 131 140 -1 30 50 142 -1 58 143 -1 24 43 169 178 -1 187 220 -1 6 9 -1 48 -1 13 222 -1 32 241 -1
236 233 -1
253 10 -1 51 55 67 143 -1 152 -1 53 -1 68 176 -1 177 -1 37 220 -1 222 -1 8 -1 228 -1 15 -1 28 29 231 -1 259 -1
30 233 -1 6 -1
103 48 -1 54 265 266 -1
72 7 43 59 -1 38 -1 8 -1 10 74 -1 42 -1 14 -1 12 -1 22 -1 16 17 27 39 -1 63 -1 21 -1 0 25 -1 15 30 -1 28 -1 34 35 -1 32 40 45 52 70 -1 18 54 66 77 -1 6 -1 36 65 78 112 113 116 -1 26 37 117 -1 131 -1 71 -1 72 -1 132 140 -1 20 -1 5 142 -1 143 -1 190 -1 4 220 -1 9 228 -1 49 64 232 237 238 -1 24 -1
343 13 -1 28 34 41 -1 6 -1 35 -1 53 -1 18 49 -1 15 26 -1 30 -1 9 45 55 112 119 142 145 148 149 -1 46 167 -1 4 220 222 223 -1 19 -1 27 -1 228 -1 11 -1
661 71 144 -1 148 -1 149 -1 58 70 190 -1 191 -1 192 -1 222 -1 4 -1 33 225 -1 228 231 -1 12 -1
153 13 18 39 -1 16 -1 10 -1 17 -1 46 -1 9 28 34 37 -1 35 40 42 45 52 -1 112 -1 113 -1 0 2 5 116 -1 6 43 117 -1 131 -1 41 132 -1 22 38 142 143 -1 31 -1 145 -1 36 148 -1 149 -1 187 -1 199 -1 7 -1 30 220 -1 221 -1 227 -1 23 228 -1 25 -1 233 -1 11 -1
722 16 -1 31 -1 8 55 -1 12 -1 71 -1 0 19 43 -1 25 -1 34 -1 3 39 -1 17 40 -1 27 33 41 48 69 77 78 -1 44 116 -1 118 -1 54 -1 28 62 131 142 -1 143 228 -1 20 235 -1 37 -1
177 51 228 230 241 -1 2 -1
289 228 -1 73 -1
380 78 110 -1 4 22 -1 44 112 -1 41 116 -1 42 -1 131 -1 49 -1 132 -1 142 190 -1 221 -1 9 16 37 225 228 -1 11 -1
3 132 -1 37 -1 64 -1 135 -1 68 142 -1 190 -1 220 221 -1 11 -1 42 53 225 228 -1 23 -1 27 -1 29 -1
423 1 -1 9 11 33 48 -1 2 7 12 28 -1 8 54 -1 10 51 -1 13 17 26 40 -1 52 -1 3 109 -1 116 -1 42 118 -1 138 142 -1 193 -1 194 -1 199 -1 23 -1 220 -1 44 -1 46 -1 29 221 -1 36 223 -1 22 230 -1
717 94 -1 108 -1 7 -1 17 -1 84 -1 8 9 47 -1 12 -1 13 25 78 79 -1 16 -1 10 -1 18 93 -1 21 23 46 -1 3 22 31 58 74 75 -1 80 -1 34 -1 35 88 -1 38 96 107 -1 89 112 -1 59 113 -1 67 -1 116 -1 60 120 132 -1 73 -1 104 -1 133 -1 52 92 134 142 -1 14 -1 53 -1 83 144 146 -1 148 152 -1 221 -1 57 -1 20 41 45 228 -1 6 229 -1 15 230 -1 48 82 231 233 -1
52 55 -1 10 16 34 -1 0 -1 26 27 33 45 48 52 112 113 -1 23 32 116 132 -1 43 -1 134 -1 22 42 140 190 -1 220 -1 5 15 221 -1 228 232 -1 36 40 -1 237 -1 49 -1
636 23 35 49 -1 40 -1 14 -1 45 -1 38 135 -1 136 140 142 -1 58 143 -1 187 -1 54 65 220 221 -1 227 -1 228 -1 234 -1 22 -1
81 16 34 35 -1 17 -1 21 32 40 76 -1 22 -1 31 44 68 -1 25 41 -1 26 -1 27 -1 45 49 69 72 -1 37 46 77 78 112 -1 6 114 -1 47 116 117 131 -1 71 -1 36 132 142 -1 19 143 -1 190 220 -1 18 -1 57 -1 66 228 -1 42 53 232 234 -1
631 27 142 143 -1 31 -1 146 -1 12 148 149 -1 199 -1 220 -1 223 -1 15 43 228 -1 229 -1 19 -1
477 27 32 -1 60 -1 34 -1 28 35 69 -1 13 61 77 78 -1 109 116 -1 2 11 138 -1 5 142 190 -1 221 222 -1 18 20 23 26 31 228 241 -1
544 29 -1 7 16 -1 8 9 45 61 -1 18 -1 71 -1 25 -1 30 34 63 -1 41 58 72 77 -1 78 -1 49 109 -1 11 42 -1 113 -1 1 -1 116 -1 2 73 117 131 -1 161 -1 38 -1 48 -1 19 35 179 -1 220 -1 79 -1 5 15 90 221 228 -1 59 -1 62 74 232 -1 75 -1 46 51 235 -1 257 -1
462 23 27 -1 7 -1 19 -1 8 34 -1 10 15 60 -1 16 17 -1 25 73 -1 12 -1 3 36 77 -1 78 -1 47 50 220 221 -1 5 -1 9 -1 18 228 -1 229 -1 21 30 -1
670 35 74 100 -1 107 -1 91 108 110 -1 20 39 112 116 -1 13 -1 40 85 134 142 -1 24 143 146 -1 68 148 -1 42 149 -1 86 190 191 -1 192 220 -1 37 -1 222 -1 19 225 -1 228 -1
43 3 148 -1 12 220 -1 55 221 -1 56 63 -1 39 228 -1 44 -1 233 -1 27 237 -1
58 228 -1 39 237 -1
566 8 36 -1 9 12 53 -1 15 -1 44 -1 16 45 -1 18 19 33 73 95 -1 25 -1 26 55 68 74 -1 34 -1 31 35 37 43 49 50 77 -1 67 78 -1 109 -1 38 40 47 76 117 135 138 -1 140 142 143 -1 150 -1 48 -1 21 170 220 -1 69 -1 94 -1 222 228 -1 39 -1 60 -1 66 230 -1 52 56 -1
254 1 -1 24 49 -1 0 3 7 16 -1 50 56 -1 8 12 -1 57 62 -1 13 -1 17 29 42 -1 21 23 -1 25 65 -1 14 36 -1 19 52 -1 40 -1 70 -1 78 -1 18 109 -1 117 131 -1 54 -1 15 55 138 -1 142 -1 143 -1 61 220 228 -1 33 38 229 -1 41 -1 45 -1 234 -1 6 26 240 -1
581 27 -1 10 79 128 -1 5 30 34 -1 23 -1 35 -1 44 -1 36 -1 42 57 69 99 -1 20 -1 77 -1 74 78 -1 109 -1 55 -1 112 116 -1 56 -1 132 -1 138 -1 54 140 -1 133 -1 142 -1 95 146 -1 148 -1 66 -1 149 -1 107 173 -1 70 190 -1 38 220 -1 222 -1 71 225 -1 83 -1 87 -1 228 -1 28 75 80 230 -1 93 -1 254 -1 257 -1
558 225 -1 228 -1 33 -1 81 -1 58 62 230 -1 86 89 237 -1 238 257 258 -1
599 24 -1 27 -1 4 10 13 14 34 -1 29 35 38 -1 15 43 73 -1 32 -1 77 78 -1 0 135 221 -1 6 228 -1
314 31 228 -1 230 -1 14 -1
366 44 109 -1 72 112 -1 116 -1 10 49 80 117 131 -1 138 140 -1 12 51 79 142 143 -1 93 -1 152 -1 54 200 -1 221 -1 28 68 -1 59 222 228 -1 63 -1
65 20 -1 143 -1 12 -1 9 14 199 220 228 -1
51 27 113 -1 47 -1 15 28 116 131 132 133 -1 142 190 220 -1 41 -1 6 221 -1 12 228 -1 24 -1 232 -1 34 38 237 -1 242 -1
685 225 231 -1
400 33 -1 34 -1 3 -1 11 -1 7 8 17 18 45 -1 27 -1 10 -1 19 -1 29 35 -1 40 -1 43 -1 44 69 -1 14 -1 77 -1 78 110 -1 22 25 116 117 162 -1 5 30 220 228 -1 21 24 -1
671 3 12 64 -1 7 -1 0 8 11 29 110 -1 16 73 102 -1 61 -1 17 50 124 -1 18 19 31 75 -1 10 25 32 -1 26 27 39 -1 74 -1 98 -1 34 -1 35 46 57 114 -1 67 -1 68 96 -1 77 83 106 -1 69 -1 78 -1 109 116 -1 56 -1 112 -1 82 117 132 -1 62 115 134 138 -1 51 -1 142 -1 52 144 -1 148 -1 60 -1 149 -1 38 190 191 192 220 -1 222 -1 9 -1 225 -1 81 228 -1 33 231 -1
261 26 66 -1 33 -1 35 -1 57 -1 31 68 112 -1 47 113 116 -1 15 64 117 -1 55 119 131 -1 19 27 58 59 138 142 -1 143 -1 40 -1 65 145 -1 13 39 44 148 149 170 -1 220 -1 48 221 -1 22 223 -1 38 -1 42 -1 228 -1 52 230 -1 62 -1
327 12 227 -1 19 -1 28 228 -1 35 -1
712 0 25 -1 30 -1 4 -1 8 18 -1 7 19 37 -1 9 12 24 31 -1 45 -1 13 16 32 50 51 86 -1 21 -1 43 -1 22 33 40 66 67 -1 109 -1 10 -1 3 36 116 117 -1 14 138 142 -1 26 -1 143 -1 183 -1 185 -1 186 199 -1 35 -1 39 220 -1 46 -1 69 221 228 -1 20 230 -1
205 22 25 29 228 -1 18 234 -1
469 138 -1 26 -1 142 143 -1 49 65 179 185 -1 221 -1 6 -1 11 -1 225 -1 27 -1 228 -1 24 -1 38 42 231 -1 257 -1
127 116 117 -1 55 119 -1 10 131 -1 47 -1 48 138 -1 4 44 -1 142 -1 51 143 -1 144 -1 148 -1 21 -1 149 -1 49 -1 165 -1 37 181 185 -1 186 -1 193 -1 202 -1 220 -1 6 -1 20 23 228 -1 15 35 -1 237 -1 30 254 255 265 -1 13 266 -1 50 -1
709 0 -1 12 -1 7 8 14 18 -1 9 10 15 -1 23 -1 73 -1 5 16 -1 19 33 55 -1 21 56 -1 25 -1 17 -1 30 -1 38 52 -1 34 35 64 -1 2 40 -1 6 109 -1 116 117 -1 138 -1 142 -1 22 26 60 143 203 220 228 229 -1 230 -1
651 33 -1 41 58 185 186 -1 85 -1 14 221 -1 222 -1 26 225 228 -1
723 28 36 -1 21 95 -1 2 -1 15 22 25 60 71 -1 37 72 -1 30 34 35 41 -1 62 -1 112 -1 113 -1 20 -1 24 117 -1 83 118 -1 80 124 -1 87 131 -1 132 -1 3 42 47 48 134 142 181 -1 14 52 58 63 185 186 220 228 -1 18 57 76 -1 229 -1 31 -1 230 -1 4 23 236 237 -1 79 -1
455 9 -1 20 109 116 -1 21 26 117 159 176 177 184 185 -1 186 220 -1 37 -1 58 -1 221 -1 7 228 -1 17 230 -1
618 55 225 228 -1 17 -1
109 3 -1 26 -1 40 -1 34 -1 32 -1 109 -1 7 -1 0 116 117 -1 61 -1 2 131 -1 138 -1 53 -1 1 140 -1 142 -1 4 143 193 -1 11 18 31 220 -1 228 -1 21 -1 24 -1 41 46 63 230 237 252 -1 20 254 -1
424 165 176 190 -1 191 -1 192 -1 220 223 -1 5 23 225 -1
444 28 116 117 133 -1 19 -1 32 -1 69 -1 142 -1 29 143 184 -1 185 186 -1 71 79 220 -1 14 221 226 -1 75 -1 86 -1 228 -1 232 -1
170 109 -1 2 15 -1 116 -1 21 117 -1 131 -1 55 56 -1 138 142 -1 18 143 -1 13 199 220 -1 24 228 -1 230 -1 30 37 -1 42 -1
388 17 24 42 55 -1 56 -1 25 37 -1 9 23 26 31 61 -1 34 -1 35 40 50 58 70 -1 77 78 -1 65 -1 113 -1 116 119 -1 43 52 143 -1 220 -1 14 63 221 -1 223 228 -1 66 229 -1
229 26 45 -1 12 -1 53 109 -1 5 117 -1 119 -1 20 -1 2 23 143 -1 187 220 -1 29 -1 227 -1 10 15 19 228 233 -1 4 -1 22 32 38 237 243 -1
634 143 146 148 -1 6 149 200 -1 221 228 -1
312 18 143 -1 31 170 -1 4 176 177 -1 14 221 228 230 234 -1 35 -1
690 27 -1 58 -1 55 -1 46 -1 47 82 109 -1 112 -1 61 116 -1 78 117 -1 134 -1 52 142 190 -1 22 191 221 -1 44 -1 70 225 228 -1 15 50 230 -1 54 -1 60 74 237 263 -1
415 40 46 222 -1 67 -1 18 68 223 228 -1 49 -1 60 -1
437 22 -1 199 -1 220 -1 28 33 222 -1 228 -1 44 -1
495 7 52 -1 0 9 16 -1 28 30 41 -1 10 24 -1 34 -1 4 25 -1 40 -1 14 21 -1 72 -1 23 -1 3 77 -1 78 -1 33 -1 112 116 133 142 -1 145 -1 148 222 -1 228 -1 29 233 -1 19 234 -1 22 -1 237 -1 43 -1 47 260 -1
473 228 -1 38 69 -1
257 20 24 228 -1 25 40 46 -1
32 15 -1 16 22 25 63 -1 0 -1 26 -1 34 45 52 58 -1 6 30 112 -1 116 -1 117 131 -1 1 62 -1 65 -1 132 -1 61 135 -1 66 190 -1 220 -1 32 33 -1 39 225 -1 42 -1 228 -1 24 -1 13 28 233 239 -1 29 -1
711 44 -1 25 -1 26 33 36 37 -1 42 -1 73 -1 14 40 96 107 -1 108 109 -1 15 27 -1 10 116 -1 11 29 31 117 138 142 -1 143 -1 32 -1 5 30 200 -1 220 221 228 -1 47 -1 68 230 -1 19 -1
73 55 -1 35 -1 20 80 90 113 116 -1 13 18 71 131 140 -1 142 143 -1 220 -1 24 25 73 221 -1 50 -1 29 32 60 228 230 -1
696 15 187 188 -1 206 -1 10 -1 42 220 -1 64 80 222 -1 227 -1 51 231 -1 60 -1 19 234 -1 236 -1
446 4 116 -1 117 -1 16 27 138 -1 142 -1 143 -1 42 220 -1 58 -1 221 -1 20 36 228 230 -1
725 80 -1 91 222 -1 224 -1 228 -1 230 -1 29 -1 30 233 -1 50 -1 57 237 -1 24 28 255 -1 67 75 -1
181 23 -1
491 2 6 49 136 142 146 -1 63 -1 148 149 220 -1 55 221 -1 11 -1 32 228 -1 230 -1 20 234 -1 27 -1
283 17 23 44 51 63 -1 25 26 37 -1 58 -1 113 131 -1 53 55 142 143 -1 60 -1 49 171 221 -1 11 36 -1 228 -1 42 -1
241 0 -1 4 7 8 24 43 -1 9 44 -1 58 67 78 -1 22 -1 26 -1 25 47 -1 16 -1 27 65 -1 15 21 -1 29 30 34 61 -1 35 -1 68 -1 40 -1 42 -1 5 -1 49 59 73 77 -1 6 -1 109 112 -1 31 46 116 117 -1 126 142 -1 11 143 -1 64 -1 220 -1 221 -1 23 -1 222 -1 60 223 -1 54 -1 55 228 -1
108 16 18 -1 19 26 48 -1 0 -1 13 14 -1 112 -1 3 -1 116 131 -1 1 -1 4 132 -1 12 21 135 -1 17 142 -1 2 -1 34 -1 38 143 -1 220 -1 228 -1 20 -1 23 -1 230 -1 41 -1 255 -1 33 265 -1 11 -1 266 -1 40 -1
524 10 -1 228 -1 20 28 229 -1 84 234 -1
356 29 229 -1 55 -1 58 -1
341 26 60 -1 9 27 34 35 -1 50 -1 109 -1 37 -1 116 -1 117 -1 119 -1 10 -1 13 131 -1 15 58 61 138 142 143 -1 41 153 -1 46 178 -1 49 -1 199 220 222 -1 23 42 55 228 229 -1 29 -1
328 20 25 26 45 -1 40 -1 14 43 -1 12 44 71 -1 28 39 77 -1 78 -1 51 -1 23 42 93 107 108 119 -1 131 142 -1 5 9 19 27 30 32 41 49 143 221 228 234 -1
460 33 78 110 -1 4 -1 116 -1 0 -1 117 -1 12 -1 220 -1 37 -1 6 49 221 -1 11 228 -1 26 -1
706 8 19 24 -1 9 56 -1 16 -1 12 17 25 69 -1 18 21 60 -1 22 61 -1 36 -1 40 -1 4 109 -1 5 116 117 119 -1 15 138 142 -1 143 -1 20 -1 145 -1 148 -1 149 -1 183 -1 185 -1 186 203 220 -1 30 228 -1 33 229 230 -1
418 220 -1 31 -1 50 58 -1 19 20 48 222 228 -1 63 66 230 247 -1 70 80 -1
436 1 -1 4 -1 47 -1 7 -1 0 -1 19 -1 26 30 31 40 109 -1 8 117 -1 16 -1 13 118 -1 12 138 -1 15 140 -1 20 -1 142 -1 143 -1 25 199 -1 220 -1 5 21 -1 28 -1 228 -1 33 -1 39 230 -1 17 -1
719 13 -1
429 145 148 -1 9 165 176 -1 187 -1 188 -1 5 220 -1 36 -1 222 -1 41 -1 43 228 -1 18 23 -1 243 -1
616 1 8 15 16 18 25 28 -1 34 73 -1 26 77 -1 23 135 142 -1 14 17 150 -1 21 24 27 35 225 228 -1 12 39 49 51 237 -1 53 257 -1
136 142 143 193 -1 21 220 -1 228 -1 12 -1 14 -1
612 60 -1 84 -1 5 7 8 49 -1 93 -1 9 -1 16 44 -1 1 17 19 75 -1 25 53 63 -1 26 45 74 -1 12 27 28 59 81 -1 43 -1 34 35 68 -1 54 77 78 80 -1 109 112 -1 47 -1 116 132 -1 138 -1 6 42 -1 140 -1 50 142 150 -1 79 -1 190 -1 220 -1 24 -1 67 225 -1 14 21 228 229 -1
371 1 43 -1 58 -1 2 -1 0 -1 4 -1 7 39 -1 8 -1 10 40 65 -1 42 -1 55 -1 35 44 67 -1 24 -1 46 -1 77 -1 9 -1 78 -1 109 -1 32 33 37 61 116 117 131 -1 64 138 -1 11 -1 29 -1 30 142 143 -1 31 38 196 -1 41 221 -1 50 225 -1 15 19 228 -1
321 28 -1 34 49 -1 35 -1 58 66 -1 52 -1 77 -1 60 78 -1 110 -1 9 -1 18 -1 116 -1 3 -1 117 -1 22 138 142 143 221 -1 47 55 -1 41 228 230 -1
195 62 113 -1 49 -1 116 -1 41 69 117 119 -1 5 29 45 -1 72 -1 131 -1 18 54 70 138 -1 47 64 142 -1 48 -1 143 -1 145 -1 40 -1 146 148 -1 28 -1 149 -1 73 -1 159 -1 168 -1 30 -1 38 177 -1 22 27 71 220 221 -1 56 223 -1 3 -1 230 -1 235 -1 36 42 -1 60 237 -1
416 17 88 -1 82 -1 30 -1 63 81 -1 34 -1 54 -1 35 37 -1 20 46 -1 38 -1 68 -1 49 94 -1 89 112 116 -1 2 117 -1 118 -1 11 119 -1 47 51 131 -1 52 96 132 133 -1 142 -1 24 61 145 -1 148 -1 42 55 149 -1 167 -1 21 -1 58 62 -1 73 220 -1 79 -1 222 -1 223 -1 9 10 -1 59 65 228 -1 29 230 -1
15 14 190 220 221 -1 225 -1 42 50 228 -1 23 -1 231 -1 38 -1
126 15 18 228 252 -1 11 37 265 -1 266 -1
541 0 -1 65 87 -1 7 -1 57 -1 9 -1 12 62 -1 50 -1 16 -1 18 21 25 51 52 -1 30 -1 24 -1 34 -1 10 13 45 53 66 73 77 78 -1 112 -1 46 82 85 117 131 132 -1 8 47 -1 142 -1 56 143 -1 152 -1 80 -1 182 -1 187 220 -1 19 41 221 -1 222 -1 28 223 227 -1 31 38 228 -1 79 -1 230 -1
230 9 -1 7 26 -1 1 8 22 32 -1 25 -1 62 113 117 -1 30 31 131 132 -1 4 -1 142 -1 27 143 -1 145 -1 24 148 -1 6 149 -1 28 -1 2 181 185 186 220 -1 17 -1 11 15 228 233 -1
727 4 28 38 134 -1 142 -1 143 -1 10 80 220 -1 96 -1 224 -1 34 -1 39 46 229 -1 48 -1 68 -1 75 -1 8 11 237 -1
426 9 77 -1 0 3 10 12 22 90 111 -1 14 44 -1 67 -1 16 -1 4 -1 35 -1 68 91 -1 17 28 -1 19 21 -1 81 -1 86 -1 37 64 -1 25 65 106 110 -1 102 -1 26 93 -1 30 -1 33 34 75 118 -1 82 131 -1 63 135 140 -1 24 -1 58 -1 142 -1 59 -1 87 99 143 220 221 -1 78 222 223 -1 49 228 230 -1 40 47 105 233 -1
329 93 -1 55 107 108 -1 41 113 116 -1 3 51 117 -1 119 -1 20 -1 131 -1 42 46 -1 5 15 23 40 135 142 -1 16 143 -1 145 -1 43 -1 148 -1 149 -1 170 176 177 -1 9 33 36 181 -1 4 38 185 186 -1 12 221 228 -1
451 230 -1
702 11 25 -1 43 -1 37 -1 28 34 35 45 51 -1 26 36 -1 96 -1 107 -1 27 50 108 -1 109 -1 8 -1 33 112 -1 60 -1 61 113 -1 0 116 -1 117 -1 13 14 24 120 121 133 -1 32 137 138 -1 20 -1 142 -1 143 -1 145 146 -1 58 65 74 148 149 -1 166 -1 49 -1 29 176 -1 177 -1 52 -1 184 -1 185 -1 186 -1 55 -1 73 207 220 222 -1 48 228 231 -1 53 -1
434 40 -1 6 10 19 25 26 31 63 -1 34 -1 35 49 72 -1 32 -1 14 60 77 78 87 -1 42 53 88 -1 59 109 117 118 -1 50 138 168 -1 23 28 220 -1 223 -1 33 36 56 228 237 243 -1
150 34 -1 10 -1 40 -1 44 -1 52 -1 61 66 73 -1 77 -1 53 -1 76 78 109 -1 9 -1 45 113 -1 49 -1 116 -1 23 117 126 131 -1 20 22 39 71 135 138 142 -1 18 69 -1 143 -1 24 -1 199 202 -1 36 62 220 -1 228 -1 55 -1 58 230 241 -1 13 -1
587 140 -1 47 76 142 145 -1 71 146 -1 72 88 148 161 -1 93 163 -1 31 -1 181 -1 66 -1 190 221 -1 225 -1 228 -1
720 132 -1 134 -1 65 97 138 -1 13 54 -1 55 70 98 142 144 148 -1 64 197 -1 50 89 220 221 -1 2 39 44 225 228 -1 10 229 -1 72 231 -1 31 -1 24 34 235 -1
532 53 78 -1 6 109 -1 112 116 -1 29 132 -1 8 31 138 -1 32 142 -1 145 148 -1 33 -1 56 151 220 -1 14 36 -1 229 -1 39 45 230 -1 232 -1 12 -1
672 29 -1 142 -1 19 -1 100 144 -1 148 -1 63 -1 32 103 149 190 191 192 221 -1 69 -1 225 228 -1 230 -1 263 -1
348 1 -1 7 33 51 -1 27 -1 8 61 -1 34 -1 5 14 -1 35 54 -1 66 -1 45 -1 2 49 52 53 -1 30 69 -1 19 38 48 77 78 -1 0 81 -1 3 -1 82 -1 9 18 -1 104 -1 107 -1 60 108 -1 109 -1 40 -1 42 43 110 116 117 119 -1 23 -1 131 -1 63 -1 64 -1 138 -1 50 142 143 -1 67 -1 47 144 -1 145 -1 56 148 -1 149 -1 6 152 -1 21 168 -1 20 26 220 228 -1 230 -1 59 62 -1 12 237 -1 32 39 -1
78 84 -1
91 16 -1 17 27 37 78 119 -1 18 -1 51 71 73 108 -1 22 28 -1 21 38 46 72 -1 69 76 91 -1 106 -1 75 118 -1 70 110 112 -1 31 64 113 -1 123 -1 65 116 125 -1 24 140 -1 45 -1 142 -1 143 -1 83 -1 58 220 -1 62 -1 100 228 -1 39 84 -1 230 -1
139 19 42 142 -1 143 -1 13 53 -1 144 -1 31 -1 148 -1 149 -1 37 199 220 -1 221 -1 20 -1 222 -1 48 -1 49 228 -1 32 -1
271 60 132 -1 1 56 142 -1 57 -1 143 -1 10 62 144 -1 12 38 148 149 168 -1 190 191 -1 192 -1 220 -1 46 -1 223 -1 22 26 225 -1
338 0 31 117 -1 23 119 -1 28 -1 62 63 131 -1 138 -1 42 -1 140 -1 46 60 -1 64 65 142 143 -1 45 174 -1 50 54 178 220 -1 6 21 221 -1 222 -1 25 -1 51 228 -1 59 -1 229 -1 35 -1 39 -1
10 39 -1 18 33 57 -1 14 21 22 25 -1 3 15 -1 30 36 -1 49 -1 34 -1 44 -1 40 -1 131 -1 29 37 -1 132 -1 41 -1 48 -1 135 -1 20 -1 54 143 220 -1 23 28 -1 32 50 221 228 -1 231 241 -1 38 -1 42 -1
216 15 220 221 225 -1 44 228 231 -1 33 -1 38 -1
381 30 225 -1 38 -1 10 228 -1
154 8 -1 131 -1 27 135 -1 1 6 143 220 -1 5 -1 10 23 228 -1 12 -1
144 132 138 -1 7 -1 8 63 142 143 -1 102 144 -1 64 91 -1 148 149 187 -1 199 220 -1 23 -1 53 -1 59 -1 90 223 -1 5 6 -1 68 70 227 -1 228 -1 74 -1 75 79 -1 86 -1
159 47 221 -1 37 -1 53 70 228 -1 75 237 -1
463 221 -1 18 33 224 227 -1 26 228 -1
256 57 -1 17 220 -1 54 -1 230 -1 18 -1 31 -1 36 231 -1 40 -1
265 0 44 67 -1 13 26 -1 34 89 -1 6 35 43 61 -1 27 107 -1 77 85 108 -1 109 -1 4 -1 42 -1 28 54 116 117 119 -1 1 11 131 132 135 -1 72 138 142 143 -1 29 51 76 160 171 -1 79 -1 33 176 177 -1 200 201 -1 24 -1 30 58 221 222 228 -1 40 230 -1
286 45 -1 35 65 87 96 -1 43 -1 37 60 77 -1 69 78 -1 112 -1 131 -1 63 135 142 143 -1 9 61 167 170 178 185 -1 85 92 186 220 224 -1 19 228 -1
146 5 -1 15 59 -1 67 -1 84 -1 142 -1 42 -1 60 102 -1 88 143 -1 77 90 148 149 -1 171 -1 177 -1 187 -1 198 -1 199 -1 220 -1 27 38 49 82 221 -1 32 -1 97 101 227 228 -1 71 -1 244 -1 74 -1
179 12 -1 26 -1 50 -1 13 16 -1 5 17 -1 66 -1 21 -1 19 30 40 113 132 -1 2 -1 35 -1 142 -1 220 -1 6 59 221 228 -1 33 43 -1 241 -1
637 221 -1 225 -1 30 -1 18 231 -1 26 -1
657 72 -1 16 -1 10 17 81 -1 22 35 -1 25 -1 26 74 -1 27 -1 62 71 -1 28 30 34 79 -1 23 33 73 -1 14 44 77 78 -1 11 112 -1 70 -1 0 82 113 116 -1 132 -1 7 142 -1 143 -1 144 148 -1 149 -1 162 -1 163 -1 39 68 172 -1 20 -1 176 -1 3 -1 18 -1 36 -1 177 -1 190 191 192 -1 222 225 -1 21 -1 228 231 -1
395 135 -1 5 51 52 142 143 221 -1 32 228 -1 24 233 -1
111 54 -1 10 21 -1 41 -1 0 25 -1 26 34 -1 22 -1 30 35 -1 37 -1 113 131 -1 15 -1 42 -1 45 -1 140 -1 14 46 -1 142 -1 220 228 -1 18 23 38 230 -1 9 24 47 252 255 -1 39 265 266 -1 29 -1
263 20 -1 23 69 78 -1 25 45 -1 64 -1 26 -1 97 -1 22 -1 79 -1 10 -1 38 44 75 -1 70 77 96 -1 109 -1 9 59 -1 114 -1 116 -1 2 61 66 117 -1 3 5 30 39 119 131 -1 31 81 -1 27 132 135 138 -1 15 142 -1 0 28 32 60 143 -1 85 160 -1 24 -1 171 -1 21 176 -1 65 -1 177 -1 40 200 -1 57 201 210 -1 72 -1 211 212 -1 221 -1 222 228 -1
247 132 -1 9 143 -1 145 -1 14 17 149 170 -1 177 -1 18 -1 187 -1 188 -1 220 -1 1 3 -1 21 228 -1 246 -1 5 -1
627 5 77 -1 78 -1 32 40 112 -1 0 52 116 117 -1 132 -1 26 -1 39 -1 133 135 -1 17 -1 13 142 -1 6 145 146 -1 148 158 -1 3 -1 9 -1 162 -1 176 177 221 228 234 -1
726 66 100 -1 38 -1 107 -1 63 108 112 -1 50 -1 117 -1 55 -1 132 -1 31 39 134 -1 24 -1 142 143 -1 182 186 -1 6 20 41 220 -1 62 226 -1 28 -1 36 -1 2 229 -1
686 73 113 -1 116 -1 33 85 133 134 138 142 -1 3 -1 31 38 75 144 148 -1 149 190 191 -1 45 54 221 225 -1 11 228 -1
40 16 17 21 26 -1 53 109 117 -1 123 -1 51 56 138 143 193 220 -1 25 31 -1 35 -1 3 11 221 222 232 -1 20 41 237 -1
387 1 12 33 35 38 45 52 53 112 -1 0 28 116 117 -1 2 4 132 142 143 152 -1 9 190 220 -1
468 4 10 146 148 -1 187 221 -1 228 -1 26 242 -1
548 19 28 -1 8 222 -1 10 12 17 228 -1 232 -1
571 12 142 -1 143 -1 23 53 221 -1 71 -1 228 -1 230 -1 38 -1
105 2 142 143 193 -1 220 -1 8 -1 13 -1 23 -1 230 231 -1 19 38 237 252 -1 12 254 -1 27 -1 265 -1 3 -1
302 4 6 16 -1 0 7 -1 8 -1 22 -1 9 39 -1 12 44 -1 28 55 -1 15 66 -1 18 23 29 45 -1 25 26 52 58 -1 47 -1 27 -1 109 -1 11 116 -1 1 32 117 135 138 -1 2 142 -1 13 143 -1 49 -1 19 146 -1 148 149 -1 165 -1 36 176 -1 182 185 -1 10 187 -1 220 -1 42 -1 56 -1 221 -1 227 -1 24 -1 228 -1 34 37 233 -1 20 -1
526 0 3 7 15 35 66 78 89 -1 8 9 42 -1 12 52 64 72 -1 16 65 -1 18 -1 21 73 -1 25 30 48 -1 34 43 -1 24 -1 14 33 77 109 -1 116 -1 117 -1 40 118 131 -1 36 -1 39 135 -1 44 138 142 220 -1 17 68 81 -1 221 -1 51 -1 228 -1 54 63 231 -1
499 46 51 222 -1 26 228 -1 31 -1 36 234 -1 63 237 -1 263 -1
493 127 -1 7 -1 9 10 15 71 103 -1 32 -1 12 16 45 93 -1 33 -1 18 22 25 35 88 94 102 -1 29 31 54 89 -1 34 -1 37 43 82 -1 23 40 -1 36 96 -1 57 -1 107 -1 46 -1 108 109 115 -1 11 -1 116 117 -1 131 -1 83 84 132 -1 138 142 -1 24 143 146 -1 148 -1 14 -1 149 -1 49 184 185 -1 186 -1 220 -1 55 -1 221 -1 222 -1 228 -1 44 48 -1 6 38 100 234 -1 30 111 251 -1
21 29 -1 50 58 228 -1 41 44 -1 232 -1
273 21 -1 39 -1 14 -1 0 11 16 17 -1 53 -1 23 -1 26 -1 3 34 -1 10 24 35 -1 8 109 112 -1 15 18 -1 116 -1 117 -1 2 123 -1 46 131 -1 132 -1 138 142 -1 4 143 -1 145 148 -1 149 -1 29 33 36 220 221 222 -1 234 -1 20 -1
511 230 -1 28 232 -1 35 -1
603 29 -1 22 138 142 143 221 -1 41 -1 228 -1 21 -1
588 1 -1 75 -1 0 3 76 -1 32 -1 7 -1 72 -1 8 57 -1 9 17 39 -1 27 -1 42 -1 70 -1 34 35 36 -1 45 68 74 -1 77 112 -1 116 117 -1 132 -1 135 -1 16 -1 30 54 140 -1 142 -1 31 -1 52 55 145 148 149 -1 190 -1 221 225 -1 38 -1 228 -1 14 -1
345 36 -1 35 43 44 -1 77 -1 21 -1 78 -1 109 -1 116 117 -1 119 -1 11 12 16 41 51 138 142 143 -1 199 -1 5 33 220 221 222 -1 14 18 -1 228 -1 39 -1 50 -1
50 0 25 -1 45 -1 53 -1 52 -1 28 32 112 113 116 -1 54 57 117 131 132 -1 133 -1 29 142 145 -1 33 39 -1 148 -1 190 -1 220 -1 41 44 -1 221 -1 14 -1 26 228 232 -1 34 -1 37 234 -1 20 -1 22 237 -1
396 33 55 -1 69 -1 16 49 77 -1 9 -1 78 -1 28 51 112 113 116 -1 29 -1 47 53 131 -1 54 142 -1 143 -1 190 -1 57 192 -1 220 -1 18 -1 225 -1 15 228 -1
370 4 45 47 -1 6 29 -1 104 -1 21 -1 107 -1 50 108 -1 112 -1 43 -1 116 -1 0 -1 117 -1 55 131 -1 132 -1 52 -1 53 142 190 -1 221 -1 225 -1 31 -1 33 -1 24 228 -1 25 -1
683 28 -1 12 67 -1 6 -1 16 18 -1 17 19 -1 22 47 89 -1 66 -1 25 -1 38 -1 26 -1 27 52 68 83 -1 34 -1 35 37 69 -1 39 77 78 109 110 -1 20 30 -1 113 -1 60 -1 116 -1 2 31 -1 117 -1 3 80 132 -1 133 -1 82 -1 134 -1 74 -1 75 142 -1 190 -1 191 221 -1 36 -1 7 222 -1 50 225 -1 15 228 -1
118 10 22 -1 14 26 43 -1 0 16 17 19 29 37 55 60 -1 28 45 -1 25 56 -1 61 -1 112 -1 13 113 -1 12 -1 11 27 57 123 131 -1 2 140 -1 9 -1 15 142 -1 53 143 -1 3 165 178 220 -1 7 -1 33 -1 38 44 228 255 -1
353 50 62 228 -1
404 70 -1 6 47 110 116 -1 69 117 118 119 -1 79 132 -1 12 142 -1 34 172 -1 173 -1 5 33 187 221 -1 13 -1 10 20 222 -1 11 -1 228 -1 41 249 -1 252 -1
401 10 -1 13 -1 86 -1 16 72 121 -1 17 -1 49 75 78 -1 22 -1 21 25 44 -1 34 -1 68 -1 26 -1 27 -1 93 106 -1 45 55 98 104 -1 54 113 116 117 -1 76 77 118 131 142 -1 91 -1 143 -1 102 153 -1 32 37 222 228 -1 229 -1 48 -1 80 -1 230 -1 3 28 74 94 97 236 240 -1 101 -1
681 19 93 -1 80 -1 22 -1 35 63 64 -1 28 -1 18 38 109 112 -1 33 -1 62 -1 113 116 -1 6 -1 132 -1 134 -1 29 -1 142 -1 36 143 144 148 -1 40 228 -1 70 230 237 -1 83 252 -1
191 0 44 107 108 109 -1 116 117 -1 36 120 -1 21 131 -1 37 -1 38 -1 80 82 -1 138 -1 34 58 142 143 -1 85 145 148 -1 149 178 -1 54 -1 42 60 199 220 -1 70 221 223 -1 84 230 -1 235 -1 62 -1 12 237 -1
9 8 177 181 -1 185 -1 13 186 -1 200 -1 220 -1 32 47 221 228 -1 16 57 230 -1 65 239 -1 241 -1
613 4 116 -1 42 -1 64 132 140 -1 142 -1 43 -1 5 61 145 148 -1 150 -1 86 -1 38 167 190 -1 225 -1 50 -1 82 -1 228 -1 23 -1 230 -1 33 -1
718 1 53 -1 65 -1 0 4 -1 5 7 8 13 24 35 46 -1 17 18 -1 26 36 112 -1 25 113 -1 116 -1 122 -1 55 60 132 -1 134 -1 48 49 142 143 -1 145 -1 27 33 146 148 -1 152 220 -1 40 45 -1 29 223 228 -1 32 -1 229 -1 37 230 -1 20 -1 231 234 -1 235 -1 47 -1
496 42 -1 34 70 -1 3 -1 32 35 72 -1 10 50 77 78 -1 112 116 -1 134 -1 11 140 -1 74 142 145 148 -1 149 -1 151 -1 18 220 -1 55 -1 69 -1 222 228 -1 38 49 233 -1 20 -1
60 8 20 -1 12 16 26 31 69 -1 17 39 70 -1 21 50 75 -1 22 58 -1 24 59 -1 36 -1 29 40 -1 42 -1 113 -1 9 -1 116 117 -1 131 -1 32 140 -1 62 67 143 -1 54 152 -1 55 169 -1 57 65 178 220 -1 6 10 221 -1 228 -1 18 -1 37 230 -1
219 4 57 138 -1 56 142 -1 63 69 -1 143 -1 90 207 -1 220 -1 28 83 85 91 221 228 -1 235 -1 71 -1
520 235 -1 38 261 -1
648 176 177 -1 190 191 192 -1 30 45 222 -1 225 228 -1 20 -1
320 4 14 -1 20 -1 7 -1 8 23 -1 11 -1 25 51 -1 26 60 -1 38 43 -1 16 44 -1 29 110 -1 34 116 131 -1 0 -1 2 58 -1 59 145 -1 17 21 46 148 -1 35 39 49 149 170 176 177 -1 52 221 -1 10 24 32 228 233 -1 37 -1
592 35 77 85 -1 25 -1 78 112 -1 18 116 -1 132 -1 89 -1 134 -1 81 142 145 -1 20 88 148 149 -1 190 221 -1 22 225 -1 28 38 44 228 -1 32 230 -1 46 -1
574 57 58 65 109 112 116 132 133 -1 138 -1 6 142 -1 46 -1 64 145 -1 148 -1 61 149 -1 93 220 -1 21 -1 41 92 -1 26 31 228 -1 230 -1
650 30 -1 176 177 -1 190 191 192 -1 222 225 -1 23 228 -1
458 26 -1
293 60 131 -1 61 -1 40 68 142 143 -1 170 -1 31 -1 49 220 -1 27 221 -1 222 -1 35 36 -1 228 -1 18 19 -1
365 0 27 -1 2 12 18 34 -1 6 7 8 22 23 -1 13 41 -1 14 64 65 -1 16 46 50 54 -1 57 -1 17 56 -1 71 -1 53 -1 20 21 -1 25 -1 26 43 59 -1 35 -1 36 -1 4 33 40 44 -1 42 49 72 -1 32 63 75 77 78 109 112 -1 37 116 117 131 -1 39 -1 138 -1 140 -1 51 -1 142 -1 47 -1 143 -1 201 -1 221 -1 19 31 58 60 222 228 -1 52 -1
33 77 136 -1 37 44 51 140 142 183 185 -1 187 -1 220 -1 11 29 40 227 -1 228 233 -1 15 237 -1
584 26 -1 55 58 -1 28 80 -1 3 13 34 -1 35 -1 56 69 -1 81 -1 44 77 -1 78 112 -1 47 116 -1 40 132 -1 82 134 -1 57 140 -1 38 51 142 -1 52 145 -1 15 54 146 148 163 190 221 -1 72 225 -1 228 -1 24 29 230 -1 43 -1
397 29 117 -1 71 -1 131 -1 59 60 132 -1 138 -1 22 142 -1 12 -1 30 39 143 -1 145 -1 148 -1 149 -1 66 190 192 -1 220 -1 25 37 225 -1 58 -1 228 -1 15 -1
276 21 25 50 64 -1 26 40 71 -1 11 43 -1 44 -1 29 67 -1 56 77 78 109 -1 23 -1 112 -1 30 116 -1 24 -1 68 119 -1 0 131 -1 36 69 132 138 -1 4 142 -1 37 -1 39 -1 51 -1 55 66 -1 2 143 -1 200 -1 210 213 -1 31 58 221 222 -1 35 228 -1
158 12 -1 16 17 22 61 -1 21 71 -1 11 -1 15 -1 3 25 26 -1 28 -1 20 -1 27 -1 30 -1 35 -1 34 -1 41 72 77 78 -1 0 43 109 116 -1 29 62 117 124 131 -1 7 64 138 -1 57 -1 142 -1 19 58 143 -1 67 -1 199 217 -1 31 33 44 53 220 223 228 -1 234 247 -1 38 39 -1
201 18 58 -1 0 7 -1 8 -1 27 62 -1 56 -1 35 -1 46 -1 17 -1 52 55 -1 5 53 -1 22 71 -1 77 -1 78 112 -1 116 -1 117 -1 131 -1 1 -1 2 132 -1 11 142 145 -1 10 -1 57 -1 148 149 190 -1 220 -1 32 -1 15 34 221 225 -1 39 -1 19 26 42 228 -1 28 -1
488 71 -1 7 9 12 14 -1 21 -1 38 -1 16 -1 0 19 -1 25 26 56 -1 46 -1 37 54 -1 10 23 39 72 -1 8 34 77 78 -1 35 98 -1 29 66 107 108 112 113 -1 28 116 131 -1 69 132 -1 27 68 142 -1 144 -1 55 145 -1 148 149 -1 224 -1 6 -1 225 -1 44 -1 228 -1 31 57 234 -1 15 -1
659 34 35 -1 76 -1 68 -1 38 -1 67 -1 24 77 -1 86 112 -1 51 113 116 -1 0 -1 132 -1 11 69 -1 142 -1 143 -1 29 53 144 -1 145 -1 148 -1 3 -1 18 149 -1 162 -1 13 -1 31 73 163 -1 172 176 -1 14 -1 25 177 190 -1 191 192 -1 222 -1 20 225 -1 228 -1 36 42 -1
456 1 -1 66 -1 74 -1 7 -1 10 19 46 -1 11 12 16 17 20 22 23 27 30 36 41 -1 64 -1 13 18 21 25 31 34 65 72 -1 35 -1 113 -1 116 -1 117 132 -1 15 142 -1 143 159 176 -1 14 -1 42 177 184 185 186 220 221 -1 37 228 229 230 -1
82 109 -1 113 -1 32 35 79 80 89 91 116 117 131 -1 152 -1 27 30 179 -1 97 -1 181 -1 72 98 133 185 187 -1 199 -1 24 220 -1 29 -1 55 -1 15 60 73 222 223 228 -1 48 115 -1 66 236 -1 67 -1 241 -1 102 106 -1
147 50 61 -1 13 20 -1 54 -1 0 16 17 19 -1 53 -1 10 26 28 -1 34 -1 6 -1 35 -1 109 -1 2 5 113 116 -1 117 -1 14 -1 52 57 131 138 -1 4 -1 49 142 -1 143 -1 199 220 -1 3 -1 37 -1 43 -1 21 224 -1 27 -1 12 15 228 -1 38 236 -1 39 -1
490 52 -1 53 133 -1 142 145 -1 14 46 146 -1 148 220 -1 65 -1 11 42 221 224 -1 228 -1 37 234 -1 19 -1 257 -1
319 32 117 -1 18 29 46 132 138 -1 30 142 143 -1 15 144 148 149 170 -1 20 38 -1 47 -1 187 -1 220 -1 22 221 228 244 -1
572 7 -1 36 46 -1 8 -1 9 27 71 72 75 -1 10 21 -1 16 33 34 -1 51 -1 25 60 -1 32 -1 26 -1 12 69 -1 30 -1 22 -1 65 -1 18 35 -1 24 43 -1 44 -1 73 -1 20 -1 77 78 -1 109 -1 6 -1 116 117 -1 57 133 -1 138 -1 142 -1 143 -1 49 221 228 -1
704 117 -1 34 138 -1 30 142 -1 2 -1 143 -1 35 -1 12 184 185 186 -1 33 -1 199 220 -1 27 -1 223 -1 15 22 37 67 228 229 -1
682 105 -1 32 66 67 145 148 149 190 -1 48 80 108 191 220 -1 63 -1 33 224 -1 225 -1 228 -1 13 18 -1 29 -1
250 3 7 -1 40 -1 0 -1 8 -1 48 -1 13 -1 19 -1 79 -1 9 16 -1 21 -1 18 -1 25 -1 27 -1 49 -1 34 45 -1 33 -1 31 52 -1 70 -1 50 54 77 112 -1 28 114 -1 11 116 -1 26 29 132 -1 190 220 -1 30 -1 43 -1 222 -1 51 -1 53 56 -1 58 -1 62 -1 63 -1 69 225 -1 35 -1 22 228 -1
609 0 1 45 69 -1 7 -1 8 32 33 -1 9 75 -1 16 27 50 64 -1 34 -1 4 15 35 65 68 77 -1 78 112 -1 72 132 -1 134 -1 13 -1 29 -1 140 -1 142 -1 5 30 -1 22 36 44 55 66 144 148 149 -1 150 -1 190 -1 221 -1 20 31 -1 225 -1 11 228 -1 17 -1
479 153 -1 10 15 19 176 -1 177 -1 24 187 220 -1 33 46 221 225 228 230 -1 69 231 -1
728 41 64 -1 100 -1 50 -1 55 -1 107 -1 108 -1 58 61 113 132 -1 52 66 134 142 -1 29 53 62 220 224 -1 15 26 228 255 -1
110 9 41 -1 57 -1 14 -1 7 16 35 -1 0 17 36 63 -1 3 19 -1 11 21 -1 4 25 26 -1 27 -1 42 58 -1 34 -1 8 31 -1 23 28 -1 100 -1 39 107 -1 109 -1 5 -1 55 -1 116 117 -1 138 -1 12 22 142 143 193 220 -1 29 228 230 237 -1 13 49 254 -1 56 265 266 -1
18 75 -1 206 -1 24 220 -1 91 -1 221 -1 6 -1 13 76 -1 224 -1 55 -1 20 49 228 -1 61 67 231 -1 232 -1 82 83 234 -1 42 -1
232 228 -1 16 -1
554 10 -1 9 17 26 -1 12 42 -1 52 98 -1 16 -1 19 43 -1 27 -1 30 37 62 -1 44 -1 34 -1 24 35 45 -1 21 22 28 40 55 68 72 88 -1 77 -1 41 -1 0 8 31 39 78 109 112 116 -1 3 32 119 -1 133 -1 103 138 140 -1 142 -1 33 99 161 -1 29 -1 74 170 190 -1 220 -1 223 -1 225 -1 11 15 47 -1 228 -1 59 -1 67 -1 51 233 -1 54 -1
296 15 -1 1 7 18 -1 36 -1 17 51 -1 11 43 -1 44 54 -1 6 109 116 117 -1 16 55 57 120 131 -1 53 142 143 170 -1 21 23 -1 220 -1 32 -1 12 221 -1 228 -1 27 233 -1
677 27 68 112 -1 34 75 -1 77 -1 66 78 109 -1 98 -1 22 116 -1 117 -1 134 -1 64 -1 24 36 94 138 142 -1 59 108 143 163 176 177 190 -1 63 -1 191 -1 33 46 220 222 225 -1 74 228 -1 37 -1 42 -1
85 112 -1 21 -1 15 25 61 -1 26 62 -1 126 -1 38 46 52 58 -1 73 77 78 -1 41 47 83 116 -1 16 131 -1 20 -1 132 -1 14 57 140 142 -1 60 76 96 143 145 148 -1 33 50 101 170 187 220 221 -1 84 227 228 -1 27 31 -1 89 90 -1 42 246 -1 93 94 -1
543 13 20 27 142 143 -1 14 221 -1 29 -1 228 -1 230 -1
137 5 8 -1 16 -1 2 9 -1 4 17 22 25 48 53 -1 1 26 -1 30 -1 34 35 46 -1 52 -1 14 -1 112 -1 0 -1 117 131 -1 47 -1 132 142 -1 143 -1 144 -1 148 -1 149 -1 165 -1 50 177 -1 187 190 -1 220 -1 31 -1 15 221 225 -1 3 -1 19 227 -1 228 -1 23 -1 237 -1 40 -1
565 16 109 -1 6 -1 18 65 -1 21 25 27 30 38 59 60 87 -1 34 72 -1 7 8 26 50 77 78 112 116 132 -1 39 -1 133 -1 10 31 86 138 -1 32 142 -1 66 -1 145 -1 40 -1 56 69 146 -1 35 148 -1 51 -1 149 166 -1 53 -1 220 -1 22 37 -1 98 -1 222 -1 41 42 -1 228 -1 15 52 63 -1 44 230 -1 48 -1 232 -1 257 -1
432 49 -1 140 -1 142 -1 143 220 -1 15 223 -1 5 -1 9 39 45 228 230 240 -1
510 11 -1 18 227 228 -1
654 28 -1 13 -1 15 16 20 -1 21 -1 27 -1 40 62 -1 34 35 44 46 -1 3 56 67 112 -1 68 113 116 132 -1 142 -1 6 144 148 -1 163 -1 5 176 -1 1 -1 2 190 -1 191 -1 192 -1 222 225 -1 14 23 39 228 231 -1 237 -1
590 9 27 -1 35 -1 34 -1 3 50 -1 68 -1 52 70 -1 77 78 -1 33 109 -1 112 -1 40 -1 116 -1 1 -1 69 132 138 -1 6 -1 30 -1 140 -1 37 -1 62 -1 142 -1 31 63 -1 190 -1 11 221 225 -1 38 228 -1 14 -1 230 -1 22 -1
113 9 10 -1 17 -1 2 12 16 22 36 -1 18 49 -1 0 13 19 21 35 -1 3 25 26 34 -1 15 32 40 113 131 -1 14 42 140 -1 31 -1 43 -1 142 -1 164 -1 6 220 -1 27 28 -1 226 -1 228 230 254 -1 255 -1 20 -1 265 -1 39 -1 23 266 -1
28 10 22 -1 3 25 -1 4 -1 80 -1 109 116 117 -1 131 -1 6 72 135 138 -1 13 -1 142 193 220 -1 14 37 -1 39 -1 222 -1 44 -1 49 228 -1 28 234 -1 20 -1 237 -1 60 68 239 -1
486 0 7 -1 48 -1 16 -1 10 15 -1 13 20 36 -1 21 -1 17 19 22 30 -1 35 -1 25 -1 23 -1 28 34 -1 41 -1 24 -1 96 -1 44 -1 54 -1 27 107 -1 108 109 -1 116 -1 117 -1 6 131 138 142 -1 143 -1 12 -1 221 228 -1 29 -1 230 -1 37 234 -1
601 1 -1 14 -1 4 17 26 -1 47 -1 7 8 9 10 15 18 52 -1 13 -1 40 -1 16 58 -1 2 32 -1 22 -1 19 23 -1 24 25 33 -1 30 -1 34 -1 21 -1 43 44 -1 73 -1 77 -1 136 -1 0 -1 143 -1 5 184 -1 221 -1 228 -1
244 1 40 -1 50 -1 7 14 16 35 39 -1 36 -1 18 21 38 -1 25 -1 26 -1 28 42 -1 34 -1 41 -1 45 -1 52 -1 72 -1 11 49 77 78 109 -1 0 -1 112 -1 2 116 119 -1 5 132 138 -1 24 37 142 144 148 170 -1 187 -1 188 -1 198 220 -1 8 9 29 -1 228 -1 17 27 234 -1
608 64 78 -1 15 98 -1 10 37 51 107 108 112 132 -1 39 190 221 -1 13 225 -1 14 -1 228 -1
25 26 -1 113 -1 136 -1 4 23 143 220 -1 31 -1 9 228 -1 17 -1
402 2 -1 58 62 -1 132 -1 46 -1 142 -1 143 -1 54 -1 20 41 145 -1 148 -1 14 -1 149 -1 40 55 152 -1 43 176 177 -1 19 221 222 228 -1 241 -1 42 51 -1
521 36 44 109 -1 55 -1 112 -1 64 116 -1 32 56 121 132 -1 65 133 -1 138 142 -1 33 58 145 -1 5 -1 35 60 88 220 221 -1 222 -1 13 -1 228 -1 20 28 -1 70 -1 72 -1
687 23 -1 16 -1 17 24 27 76 89 -1 34 -1 35 42 83 -1 68 -1 45 59 78 -1 109 -1 18 39 112 -1 48 113 -1 40 81 116 132 134 -1 11 46 138 142 -1 51 146 -1 148 -1 44 149 -1 84 -1 75 190 -1 191 221 -1 222 -1 19 225 -1 228 -1 28 -1
115 34 252 255 -1 30 67 68 265 266 -1
593 22 47 -1 27 34 35 38 41 -1 43 112 116 -1 132 142 -1 221 -1 5 -1 12 -1 228 -1 15 233 -1 23 -1
373 34 35 49 82 -1 57 -1 47 -1 30 48 109 -1 116 -1 1 -1 117 -1 53 -1 4 14 74 77 131 138 -1 46 -1 0 142 -1 9 -1 143 -1 51 196 -1 220 -1 56 66 221 225 -1 37 -1 228 -1 13 -1 230 -1 23 29 -1
57 26 -1 27 31 -1 53 -1 34 35 -1 72 -1 4 19 109 -1 49 110 -1 44 47 116 138 -1 143 -1 193 -1 5 11 220 -1 21 28 228 -1 15 237 -1
206 27 221 228 -1 11 15 16 23 32 241 -1 36 -1
193 26 29 -1 34 47 66 -1 58 -1 6 64 71 72 97 -1 107 -1 48 -1 108 -1 79 -1 67 113 116 117 119 120 -1 11 78 131 -1 81 -1 68 138 -1 76 142 -1 145 -1 3 148 -1 149 -1 28 168 -1 33 51 -1 172 -1 40 -1 45 -1 220 -1 32 -1 53 60 221 223 -1 5 63 235 237 -1
123 7 15 160 -1 8 170 181 185 -1 186 -1 199 -1 200 220 -1 23 41 -1 223 -1 227 -1 56 228 255 265 -1 29 -1 266 -1
684 17 -1 8 -1 35 -1 9 -1 28 73 -1 10 -1 74 87 -1 12 -1 14 16 20 -1 0 -1 19 21 22 -1 25 51 63 -1 11 -1 41 -1 26 27 -1 48 84 -1 34 38 72 -1 79 -1 69 -1 50 77 78 -1 32 109 -1 42 68 112 -1 33 70 113 116 132 138 -1 142 143 145 -1 56 148 149 -1 75 -1 190 191 -1 221 -1 36 -1 5 222 225 -1 49 -1 228 -1 15 -1
628 30 107 -1 57 108 -1 109 -1 116 -1 32 117 -1 135 -1 15 138 -1 142 -1 2 -1 143 -1 33 146 -1 28 -1 148 -1 149 -1 199 -1 220 -1 223 228 -1 19 50 229 -1
710 14 23 138 142 -1 27 30 143 200 220 -1 44 221 228 230 -1
188 30 42 97 -1 107 -1 28 -1 48 108 -1 41 111 113 -1 9 -1 5 50 116 117 -1 120 -1 24 -1 29 131 -1 0 -1 1 -1 37 138 -1 142 -1 143 -1 15 145 148 149 168 176 -1 177 222 -1 14 36 228 229 -1 19 237 -1
151 39 52 53 57 124 131 135 -1 138 142 -1 2 -1 143 -1 37 171 -1 44 -1 207 -1 5 -1 220 -1 42 71 -1 76 -1 222 -1 6 228 -1 31 64 -1 67 234 -1 20 241 -1
34 21 25 59 -1 45 52 55 -1 112 116 -1 117 -1 61 -1 56 131 -1 132 145 -1 190 -1 12 220 -1 26 30 225 -1 34 -1 42 -1 228 -1 22 -1 23 233 237 -1 44 48 -1
730 66 -1 84 100 -1 34 -1 41 -1 51 107 108 -1 112 -1 39 -1 117 -1 52 118 -1 77 85 -1 131 -1 42 74 -1 76 132 -1 35 -1 28 40 134 -1 142 -1 49 73 143 220 -1 228 -1 21 -1 27 31 231 -1
252 78 -1 97 -1 16 -1 98 -1 139 -1 18 -1 68 89 -1 20 -1 22 107 121 -1 11 25 67 -1 26 90 -1 34 76 116 124 -1 35 84 94 109 -1 56 -1 69 114 125 -1 57 -1 6 119 -1 2 5 131 -1 63 -1 135 -1 138 -1 28 -1 58 -1 142 -1 59 -1 126 220 -1 83 -1 87 -1 106 -1 75 228 -1 81 -1 92 100 127 234 -1
410 93 -1 19 37 191 220 -1 42 223 225 -1 51 63 -1 66 228 -1 71 -1 230 -1 74 -1 232 -1
443 18 45 220 221 224 -1 24 -1 228 -1 35 38 42 -1
589 230 -1
45 9 -1 47 51 237 -1
576 112 -1 0 3 38 116 132 138 142 145 -1 148 -1 53 159 220 -1 57 70 228 -1
705 220 -1 31 -1 38 -1 24 62 228 229 -1 230 -1
299 21 165 -1 24 32 -1 31 170 187 -1 22 34 38 46 221 228 244 -1 26 -1
523 49 -1 50 116 -1 117 -1 14 132 -1 47 138 -1 48 56 142 -1 143 -1 74 76 97 169 179 220 -1 57 221 -1 13 -1 15 19 62 222 -1 228 -1 37 -1 234 -1 22 32 -1
234 185 186 187 -1 19 199 220 -1 24 -1 221 -1 222 -1 227 -1 36 42 228 -1
272 4 191 192 220 -1 16 32 222 225 -1 22 -1 24 -1 237 -1 40 -1
614 132 150 -1 12 22 56 190 220 -1 225 -1 8 228 -1 15 19 -1
61 48 58 -1 28 35 95 221 228 -1 246 -1
69 46 -1 3 16 70 -1 45 -1 19 25 47 51 52 112 -1 4 116 -1 48 49 117 131 -1 50 72 132 142 143 -1 145 -1 26 41 152 181 -1 68 187 -1 190 220 -1 221 -1 225 -1 55 -1 66 -1 241 -1 30 39 263 -1
142 10 -1 60 63 131 -1 55 138 -1 142 -1 2 56 -1 143 193 -1 220 -1 33 44 -1 5 48 221 222 228 -1 12 17 23 230 234 -1
339 12 -1 43 116 -1 117 -1 119 -1 1 131 -1 68 138 -1 21 42 -1 44 55 58 142 143 153 -1 54 178 -1 199 220 -1 22 39 47 221 222 228 -1 52 -1 30 61 229 -1 34 -1
140 18 21 30 -1 14 -1 22 -1 7 31 34 -1 35 36 -1 4 40 -1 19 -1 109 -1 112 -1 25 -1 116 -1 0 20 117 -1 32 124 -1 9 -1 15 131 -1 55 -1 56 -1 8 138 -1 1 53 142 143 -1 63 -1 144 148 -1 23 -1 149 160 -1 12 -1 176 -1 177 -1 199 -1 204 220 -1 38 -1 41 46 -1 51 -1 221 -1 5 -1 222 -1 57 228 -1 238 -1
46 131 -1 3 -1 132 -1 39 -1 135 -1 23 31 -1 136 -1 140 -1 12 142 220 -1 41 42 -1 47 51 221 -1 7 228 -1 20 234 -1 24 -1
307 5 -1 53 -1 59 -1 228 232 234 -1 34 -1
666 3 -1 16 33 -1 7 -1 0 8 -1 9 68 70 -1 2 17 -1 79 -1 27 46 -1 61 -1 34 35 -1 43 60 72 77 -1 31 -1 78 112 -1 38 -1 37 69 113 -1 49 116 132 -1 133 -1 50 -1 18 42 134 -1 142 143 -1 190 -1 191 192 -1 220 225 -1 12 228 -1 15 -1
303 16 -1 7 9 12 35 43 62 -1 21 -1 24 54 -1 25 44 46 51 52 -1 14 53 -1 48 61 113 116 -1 13 17 117 142 -1 45 143 146 -1 10 148 -1 149 187 -1 36 47 220 -1 221 -1 4 22 227 228 -1 28 -1 30 233 -1
6 16 -1 6 -1 17 -1 21 -1 13 22 30 72 -1 14 -1 45 -1 52 -1 42 -1 112 -1 11 -1 116 117 -1 132 -1 44 142 190 220 221 225 -1 49 -1 35 228 -1 31 37 40 234 -1
560 42 146 -1 11 74 160 172 -1 31 33 220 222 -1 18 46 -1 49 -1 227 228 229 236 -1
403 9 -1 52 -1 7 -1 8 75 -1 19 -1 23 49 -1 25 -1 14 26 61 -1 27 48 -1 53 -1 34 35 64 69 -1 45 55 -1 66 77 78 -1 10 109 -1 28 47 112 -1 113 -1 85 -1 116 -1 2 29 -1 65 117 118 -1 50 82 119 -1 37 132 -1 133 138 -1 5 -1 30 -1 142 -1 31 57 145 -1 148 -1 72 149 -1 190 -1 192 193 220 221 -1 17 -1 18 54 222 225 228 -1
102 10 41 -1 64 -1 16 17 20 36 68 -1 12 21 23 27 -1 25 28 -1 0 -1 45 -1 42 52 -1 39 -1 112 -1 40 113 -1 116 -1 117 -1 131 -1 66 -1 4 48 135 140 142 -1 37 -1 49 146 148 149 -1 54 158 -1 22 24 33 51 178 190 220 -1 65 221 -1 8 -1 13 228 232 253 -1 60 -1 265 266 -1
707 230 -1
332 119 -1 20 -1 21 131 -1 142 -1 18 -1 23 143 221 -1 6 -1 11 228 -1 24 28 33 232 234 -1 17 -1
2 37 52 69 -1 31 -1 112 -1 116 117 -1 131 -1 65 66 132 -1 135 -1 70 142 -1 4 190 220 -1 35 -1 36 -1 9 221 -1 15 -1 41 225 -1 228 -1 19 -1 24 27 -1 29 -1
655 24 176 -1 44 177 -1 190 -1 191 -1 192 222 -1 15 -1 225 -1 7 -1 228 -1 231 -1 18 -1
95 254 -1 265 -1 46 -1
354 1 2 3 48 51 62 69 -1 0 -1 22 -1 7 8 29 38 57 -1 14 44 56 78 -1 52 -1 16 17 55 -1 21 25 26 -1 33 60 -1 24 83 112 116 -1 18 41 54 81 119 131 -1 77 142 -1 43 63 143 220 -1 221 -1 223 -1 47 50 228 -1 34 42 67 229 -1 70 -1
324 22 -1 40 -1 43 -1 28 142 143 -1 45 -1 221 -1 6 11 -1 228 -1 24 -1 234 -1 15 16 -1
414 116 -1 118 -1 4 32 -1 51 119 -1 10 57 138 142 -1 143 193 -1 194 -1 67 195 -1 24 220 -1 46 -1 53 59 222 -1 223 -1 41 228 -1
360 2 3 11 14 -1 18 -1 7 37 -1 0 -1 8 15 47 -1 13 -1 16 -1 17 -1 21 25 42 48 -1 26 -1 52 -1 22 27 34 35 39 60 -1 109 -1 6 -1 116 117 -1 41 -1 119 -1 10 12 20 59 62 131 138 -1 142 -1 9 -1 40 143 153 -1 51 178 -1 45 -1 49 -1 199 -1 33 220 -1 222 228 -1 229 -1 29 -1
155 135 138 -1 6 7 142 -1 143 -1 17 144 148 -1 5 149 -1 166 -1 19 220 223 -1 10 228 -1
215 13 -1 6 -1 53 -1 11 71 77 78 -1 112 116 -1 117 -1 131 -1 48 49 -1 132 -1 142 144 -1 5 -1 148 149 -1 190 220 -1 20 23 -1 221 -1 7 31 225 -1 40 -1 12 228 -1 16 -1 24 29 231 -1
347 109 -1 36 -1 116 -1 20 -1 53 117 131 -1 42 138 -1 142 -1 143 -1 61 -1 41 65 75 220 221 -1 14 222 228 -1 60 -1
561 60 167 176 -1 222 -1 13 -1 15 -1 225 -1 25 26 30 228 -1 235 -1 236 -1 11 -1 237 -1 59 64 -1 22 243 -1 252 -1
292 58 -1 60 -1 142 -1 143 -1 33 36 220 -1 9 40 52 221 -1 228 -1
148 55 -1 4 56 78 109 -1 6 116 -1 117 120 -1 29 -1 32 48 57 75 131 135 -1 2 142 -1 10 54 143 -1 59 -1 38 220 -1 43 -1 52 221 -1 9 -1 14 -1 228 -1 21 240 -1 244 -1 31 -1
233 5 34 43 -1 8 35 38 -1 47 -1 39 -1 30 52 53 58 -1 109 -1 6 -1 110 -1 12 28 -1 33 116 117 -1 11 119 131 -1 60 61 138 -1 15 -1 142 143 167 187 188 -1 199 -1 220 -1 1 221 222 -1 51 227 -1 36 42 228 -1 46 -1
315 3 19 -1 0 7 8 22 -1 12 27 34 -1 35 -1 53 -1 58 -1 16 23 -1 45 -1 17 18 21 25 40 41 66 -1 6 -1 47 -1 33 55 -1 10 20 28 52 109 112 -1 57 -1 116 117 -1 24 56 63 132 -1 138 142 143 -1 29 144 148 -1 14 26 61 149 170 176 177 -1 65 187 220 -1 43 221 227 -1 30 -1 31 -1 36 39 228 -1 234 -1
522 46 50 -1 68 -1 19 234 -1
194 23 -1 9 51 107 -1 108 -1 113 -1 0 -1 43 -1 117 -1 53 120 131 -1 2 48 49 138 142 143 144 -1 5 146 -1 52 -1 148 -1 149 -1 168 -1 28 172 -1 177 220 221 -1 223 -1 7 -1 235 -1 30 237 -1 42 -1
130 228 -1 30 -1 6 36 62 246 253 254 265 266 -1
542 35 -1 77 -1 0 78 112 113 -1 6 -1 2 116 119 132 -1 5 11 145 148 220 -1 58 221 -1 33 228 -1 229 -1 36 -1 19 230 -1
107 51 -1
642 23 42 110 116 -1 117 -1 54 132 -1 51 142 -1 4 24 143 146 -1 45 148 -1 20 149 221 -1 38 50 -1 225 228 -1
248 2 228 -1 234 -1
251 53 228 229 -1
454 16 39 -1 24 -1 19 20 -1 21 46 -1 25 -1 30 -1 29 31 34 73 -1 77 -1 48 78 103 -1 107 108 -1 110 -1 116 -1 0 117 -1 14 15 159 -1 184 -1 11 26 44 59 185 186 220 -1 6 8 38 221 228 -1 230 -1
357 25 -1 43 -1 21 29 -1 40 -1 26 -1 15 27 31 34 46 -1 35 -1 22 -1 44 48 -1 110 117 -1 119 131 -1 45 -1 142 -1 143 -1 6 13 220 221 228 -1 20 229 -1 37 -1 41 -1
697 23 -1 37 51 222 -1 18 231 234 -1 236 -1
245 2 -1 28 142 144 148 149 -1 33 165 -1 170 -1 187 -1 1 5 19 188 220 227 -1 8 -1 228 -1 12 -1
189 61 -1 19 -1 28 57 -1 26 47 -1 72 -1 41 -1 77 -1 31 -1 59 78 -1 97 -1 7 -1 42 56 107 108 111 -1 53 113 -1 29 116 117 -1 120 -1 54 55 131 -1 132 138 -1 35 -1 52 -1 142 -1 30 143 -1 145 149 -1 3 14 168 204 222 -1 228 229 -1 23 237 -1
128 0 7 34 -1 30 35 38 44 109 117 126 -1 14 -1 54 131 -1 24 56 132 138 -1 18 31 36 142 -1 27 40 143 146 -1 5 -1 23 -1 148 -1 149 -1 28 163 -1 164 -1 181 182 -1 37 185 -1 186 202 -1 6 220 -1 221 -1 41 -1 50 -1 228 -1 39 254 255 -1 42 -1 265 266 -1 49 -1
372 228 -1 17 21 -1 230 -1
119 31 131 -1 138 -1 140 -1 142 -1 35 165 -1 38 43 46 199 220 228 -1 47 -1 48 84 253 -1 66 265 -1 266 -1 24 -1
196 4 -1 46 -1 7 73 -1 32 -1 8 9 82 -1 40 -1 67 -1 10 12 13 16 21 28 -1 5 14 17 22 25 29 35 -1 26 34 -1 11 68 -1 80 -1 55 -1 48 -1 97 -1 74 -1 100 -1 107 -1 63 -1 108 -1 1 111 113 -1 30 36 116 117 119 -1 39 49 71 72 131 132 -1 58 62 138 -1 0 33 142 -1 50 -1 143 -1 66 145 146 -1 148 -1 149 -1 83 -1 45 51 159 -1 65 168 172 -1 37 -1 42 -1 199 -1 24 57 220 221 -1 64 -1 223 -1 47 230 -1 53 235 -1 18 38 237 -1
422 0 -1 21 -1 52 -1 1 12 -1 15 -1 5 7 -1 16 -1 8 65 -1 22 -1 11 60 -1 17 31 -1 13 -1 9 10 29 34 35 46 112 113 -1 47 -1 6 116 -1 117 -1 118 -1 119 -1 54 133 -1 14 -1 28 56 142 143 145 -1 23 148 149 -1 62 -1 165 -1 27 176 -1 25 177 -1 51 58 220 -1 30 39 221 230 -1 57 238 -1 18 19 -1 253 -1
694 113 -1 73 -1 116 117 -1 134 -1 70 -1 5 88 138 -1 142 -1 143 146 -1 68 -1 100 -1 32 63 148 149 206 220 -1 85 222 -1 71 -1 38 82 231 236 -1
678 38 -1 6 33 137 142 -1 143 -1 144 -1 60 -1 148 -1 48 76 149 163 176 177 190 191 220 -1 13 -1 31 225 228 -1
13 3 -1 14 65 -1 0 7 8 -1 70 -1 10 -1 4 16 68 -1 17 21 -1 19 22 -1 25 28 -1 20 26 38 45 52 -1 36 -1 112 -1 116 -1 117 -1 132 135 -1 142 -1 190 -1 34 220 221 -1 13 -1 49 57 225 -1 228 -1 27 -1 30 -1 39 44 231 -1
355 28 -1 56 -1 21 22 34 -1 32 110 -1 58 -1 49 51 119 131 -1 140 -1 54 -1 37 40 142 220 -1 221 -1 11 33 223 228 -1 229 -1 44 -1
141 7 -1 8 10 46 131 132 138 -1 3 142 -1 31 43 52 143 199 220 -1 32 -1 36 -1 39 221 222 -1 228 -1 234 -1
640 88 -1 7 63 -1 13 16 21 42 56 -1 25 28 -1 22 -1 30 34 59 78 -1 51 -1 0 24 35 36 41 61 77 100 -1 107 108 -1 132 -1 142 -1 143 -1 26 146 -1 148 -1 18 -1 149 -1 48 -1 5 12 221 -1 17 53 60 225 228 -1 20 -1 65 -1
368 3 14 57 -1 7 -1 0 8 -1 27 66 -1 15 34 35 -1 9 45 51 52 -1 4 53 72 -1 77 -1 60 112 117 132 -1 143 170 -1 43 -1 176 -1 36 -1 177 -1 190 -1 221 -1 17 33 225 -1 23 47 -1 228 -1 39 -1
692 13 18 -1 75 102 -1 10 103 -1 12 109 -1 25 27 -1 40 59 -1 5 16 19 34 60 -1 17 -1 31 -1 21 69 -1 50 -1 30 32 61 -1 23 26 35 39 45 -1 48 -1 78 -1 47 49 -1 52 77 82 -1 56 72 -1 0 42 43 112 116 134 -1 51 138 -1 142 -1 3 -1 41 54 144 148 -1 71 181 -1 46 185 -1 98 186 187 188 -1 206 -1 220 222 227 -1 29 -1 57 58 -1 228 -1 22 236 -1
94 4 34 -1 6 -1 35 -1 17 24 -1 38 -1 1 32 -1 111 113 -1 21 116 -1 0 -1 18 117 -1 31 33 131 -1 132 -1 5 -1 15 -1 142 -1 7 143 144 -1 148 149 -1 13 19 159 181 -1 185 186 -1 220 -1 3 29 -1 223 -1 228 -1 10 254 -1 265 -1 11 -1 266 -1
461 229 241 -1
519 32 -1 39 -1 30 52 -1 20 -1 44 -1 34 -1 10 -1 35 47 53 -1 2 -1 72 -1 77 -1 78 -1 6 112 116 -1 0 1 7 132 142 -1 145 -1 22 146 -1 17 -1 148 -1 167 -1 21 187 -1 28 36 49 221 224 227 228 -1 24 230 237 -1 54 -1
124 3 52 72 -1 11 -1 77 -1 0 -1 112 116 -1 117 -1 132 135 142 144 -1 23 32 148 149 165 -1 181 -1 27 31 185 186 -1 220 -1 2 8 20 227 228 -1 13 16 -1 230 -1 10 255 265 -1
83 140 -1 137 142 -1 162 -1 170 -1 91 -1 119 -1 181 187 -1 220 -1 28 124 -1 35 222 -1 92 99 102 115 228 -1 236 241 -1
212 207 220 -1 47 50 -1 221 -1 20 25 228 230 231 -1
453 1 -1 7 28 46 70 -1 10 17 -1 13 22 42 -1 16 19 26 54 -1 18 -1 21 -1 39 53 -1 23 25 27 -1 31 -1 33 34 35 73 -1 77 78 133 -1 32 142 -1 8 -1 143 -1 44 -1 159 -1 15 220 -1 38 47 221 -1 5 -1 228 -1 230 -1 232 -1
379 177 -1 42 -1 190 -1 225 -1 28 31 -1 228 -1
502 31 228 243 -1
227 1 -1 143 -1 145 -1 30 148 -1 24 -1 5 149 190 220 -1 25 -1 38 225 -1 228 -1 14 243 -1 16 18 -1
530 13 64 79 222 -1 28 -1 29 -1 15 227 228 -1 23 26 32 41 229 -1 45 230 -1 55 -1
391 190 -1 18 67 197 221 225 -1 13 15 37 39 228 -1
291 6 -1 143 -1 174 -1 178 185 186 -1 220 -1 31 33 -1 2 11 221 228 -1 23 -1
79 131 -1 14 47 132 -1 62 -1 142 -1 15 -1 190 -1 75 -1 220 -1 55 -1 228 -1 230 -1 60 70 -1 232 -1 39 -1 237 -1
310 4 -1 0 -1 6 -1 7 53 54 -1 46 -1 8 -1 10 12 -1 29 -1 16 17 44 -1 28 34 39 51 -1 9 -1 35 -1 50 -1 146 -1 15 41 148 149 -1 31 45 48 220 221 228 -1 20 27 -1
164 39 52 -1 4 109 -1 117 -1 1 143 -1 148 149 160 -1 6 187 220 -1 20 21 -1 227 -1 11 -1 28 230 231 -1 14 -1 15 -1
149 32 -1 77 -1 78 -1 2 42 109 -1 5 116 -1 0 -1 44 117 131 -1 33 46 135 -1 41 142 -1 1 143 -1 22 199 220 -1 27 -1 43 -1 3 8 221 -1 228 -1 14 -1 17 -1
645 17 -1 36 -1 37 -1 25 26 -1 30 -1 42 -1 84 -1 31 -1 15 33 34 46 73 85 -1 62 77 78 -1 83 -1 14 39 75 81 98 107 108 109 110 -1 0 -1 4 -1 5 116 -1 117 -1 132 -1 20 142 143 146 148 -1 56 70 149 182 185 -1 50 -1 186 -1 221 -1 60 -1 45 65 225 228 -1
90 7 15 -1 16 32 -1 8 14 62 69 79 -1 73 82 -1 17 -1 21 90 -1 27 76 -1 22 80 -1 67 71 -1 25 26 40 63 72 -1 43 66 -1 36 -1 60 77 78 109 -1 116 -1 117 -1 126 131 -1 64 138 139 -1 9 18 140 -1 10 142 -1 61 68 143 207 220 -1 13 24 29 56 84 101 228 -1 89 93 -1 234 -1 70 -1
89 98 -1 79 -1 17 -1 74 -1 18 59 66 107 -1 91 -1 19 -1 36 -1 58 -1 25 -1 15 26 38 75 78 -1 49 61 63 73 77 -1 109 -1 51 -1 12 43 55 112 -1 113 -1 71 108 116 -1 44 56 -1 14 131 -1 20 29 46 132 140 -1 57 142 -1 143 -1 33 -1 70 -1 220 -1 13 -1 37 -1 87 95 228 -1 31 -1 64 -1 72 -1 230 -1 54 -1
22 65 -1 21 -1 9 22 -1 25 31 -1 4 33 39 41 67 77 -1 26 47 78 110 -1 36 45 113 -1 18 116 117 131 -1 24 43 44 136 142 143 204 -1 220 -1 14 51 63 -1 228 232 -1 28 -1
583 146 -1 44 148 -1 56 190 221 222 -1 58 225 228 -1 230 -1
157 138 142 -1 7 -1 42 -1 145 171 -1 37 181 187 199 220 -1 221 222 -1 228 -1 245 -1
673 47 71 116 132 -1 106 -1 59 142 -1 143 -1 144 -1 91 -1 148 -1 67 -1 149 190 191 -1 65 -1 192 -1 41 220 -1 222 -1 225 228 -1 18 31 -1 38 -1
87 26 -1 38 101 -1 18 90 -1 71 72 89 -1 77 -1 56 78 -1 93 -1 39 40 55 220 -1 69 83 -1 221 -1 228 -1 75 76 236 -1 46 246 -1 47 -1
240 72 -1 32 122 -1 38 131 -1 44 -1 51 61 62 -1 132 -1 60 -1 9 19 63 138 -1 20 142 -1 143 -1 26 73 -1 144 -1 46 145 148 -1 28 75 149 199 -1 81 87 220 -1 221 -1 30 -1 223 -1 5 -1 228 230 233 -1 50 -1
660 44 52 -1 234 -1 25 238 -1 55 -1
448 22 -1
385 0 -1 12 -1 3 7 31 -1 8 -1 40 -1 13 -1 22 -1 39 -1 14 16 -1 17 -1 9 -1 48 -1 27 -1 21 -1 33 -1 15 34 35 46 -1 11 45 68 -1 29 77 -1 41 44 50 57 78 112 116 117 131 -1 132 -1 142 190 -1 225 -1 10 24 228 -1
625 57 162 -1 13 53 163 176 -1 7 -1 177 193 -1 15 60 194 -1 195 -1 221 -1 38 -1 25 222 -1 228 -1 28 35 263 -1 18 -1
536 20 -1 51 -1 18 63 -1 25 30 -1 49 -1 34 -1 11 -1 35 57 -1 55 87 -1 14 58 59 -1 56 67 73 -1 19 -1 41 77 -1 42 78 -1 109 -1 13 -1 0 112 -1 116 117 -1 119 -1 95 -1 15 121 136 -1 138 142 -1 143 -1 220 -1 32 -1 10 29 38 221 228 -1 234 -1 17 -1
674 134 -1 31 74 138 -1 142 -1 143 -1 145 -1 52 -1 20 148 -1 149 -1 79 220 -1 15 222 -1 43 56 225 -1 228 -1 10 -1 46 -1
301 44 -1 5 7 8 -1 48 -1 12 16 17 26 31 43 -1 25 28 38 -1 73 -1 19 77 78 -1 46 220 -1 15 18 22 32 221 228 230 -1
485 80 -1 10 16 17 19 -1 21 -1 59 -1 22 -1 29 -1 0 25 58 -1 18 30 -1 11 34 -1 4 -1 6 39 -1 96 -1 37 73 107 -1 108 133 -1 66 -1 142 -1 143 184 185 -1 13 220 -1 49 221 -1 20 45 228 234 -1
630 1 61 69 -1 7 9 14 45 -1 12 35 47 -1 16 -1 6 -1 21 25 36 44 -1 37 -1 31 49 -1 34 -1 40 41 57 65 -1 50 102 -1 107 -1 108 109 -1 33 -1 116 -1 0 117 -1 139 -1 3 142 143 -1 18 146 -1 148 149 -1 13 200 220 -1 32 -1 223 -1 22 -1 46 228 -1 229 -1 24 -1 27 -1
200 8 49 -1 51 -1 14 16 17 46 73 -1 47 77 -1 78 -1 132 -1 10 18 142 -1 143 -1 25 40 145 148 -1 149 220 -1 33 -1 44 -1 2 221 -1 13 228 -1 19 -1 23 30 -1
143 40 -1 46 228 241 -1 12 -1 23 -1
393 0 7 28 37 43 -1 8 10 27 52 -1 13 16 20 31 47 58 -1 19 22 25 30 38 41 -1 26 -1 29 34 55 -1 35 44 -1 40 -1 12 51 69 -1 77 -1 78 -1 112 -1 9 113 -1 32 116 132 -1 57 59 142 143 221 -1 228 -1 33 233 -1
433 165 -1 187 -1 220 -1 23 -1 223 -1 3 -1 10 228 -1
264 83 222 228 -1
336 13 72 -1 161 -1 29 33 176 177 199 -1 215 220 -1 38 223 -1 15 -1 27 228 -1 56 -1
398 39 132 142 143 190 -1 192 221 -1 21 225 -1 43 -1 13 18 228 -1
17 43 71 138 -1 142 143 -1 82 206 220 -1 31 34 98 -1 103 -1 13 221 -1 224 -1 22 62 65 228 -1 54 -1 231 -1 74 88 232 -1 91 234 -1
600 40 50 -1 43 62 74 -1 37 51 -1 77 -1 78 109 -1 19 -1 116 -1 13 -1 117 -1 221 -1 47 -1 228 -1
430 0 -1 28 40 -1 1 5 -1 13 -1 7 14 -1 8 -1 10 16 21 67 -1 6 -1 22 -1 12 19 25 -1 27 -1 37 -1 44 -1 24 29 -1 4 20 30 34 35 39 42 52 112 116 118 -1 2 47 132 145 148 220 -1 221 -1 223 -1 11 224 -1 41 -1 32 228 -1
428 25 -1 26 58 -1 84 -1 47 -1 0 38 83 -1 52 -1 53 -1 112 -1 61 113 116 -1 3 33 118 -1 29 132 -1 59 -1 30 140 -1 9 142 145 -1 148 165 -1 66 -1 41 166 -1 56 -1 187 -1 188 -1 28 198 -1 37 -1 220 -1 21 -1 69 -1 221 -1 223 -1 227 -1 228 -1 243 -1 75 -1 79 -1
350 11 138 -1 51 -1 7 142 143 -1 30 54 161 199 -1 10 23 220 -1 52 221 -1 223 -1 16 -1 18 -1 228 -1 63 72 229 -1 35 48 -1
641 132 -1 45 138 142 143 -1 146 -1 41 -1 148 -1 149 -1 221 -1 8 13 -1 53 -1 225 228 -1 46 50 65 -1
278 3 12 26 33 67 69 -1 7 18 -1 19 -1 61 -1 8 -1 23 39 41 52 -1 25 30 -1 6 34 38 57 -1 40 -1 43 -1 44 109 -1 10 -1 28 112 -1 36 -1 116 117 -1 31 131 -1 2 138 -1 15 142 -1 29 37 143 -1 5 17 27 45 47 200 221 228 -1 49 -1
184 34 52 -1 0 10 -1 42 47 -1 12 -1 39 -1 97 -1 19 -1 5 27 107 -1 108 111 -1 116 -1 32 117 -1 15 120 -1 26 131 -1 6 48 132 -1 138 -1 45 142 -1 46 -1 143 -1 145 148 -1 30 149 -1 204 -1 222 -1 228 229 -1 20 237 -1
465 0 71 -1 1 25 94 -1 37 -1 4 -1 7 49 58 -1 16 -1 38 59 -1 8 104 -1 9 55 -1 13 -1 11 46 -1 17 21 -1 19 -1 18 -1 6 -1 23 26 27 34 66 -1 35 -1 40 95 -1 43 -1 44 53 -1 32 47 52 -1 73 -1 3 77 -1 78 -1 45 50 57 109 -1 15 113 116 117 118 -1 131 -1 51 88 90 96 132 138 142 -1 143 -1 54 187 -1 31 67 220 221 222 -1 86 -1 48 223 -1 227 228 -1 24 -1 84 -1
325 31 -1 37 -1 45 -1 8 65 -1 10 -1 0 -1 33 -1 12 -1 38 -1 81 -1 16 34 -1 21 71 76 -1 25 64 -1 15 26 -1 52 53 -1 48 68 -1 23 36 44 77 -1 78 -1 63 110 -1 116 -1 2 117 -1 66 119 -1 30 -1 131 -1 4 49 67 -1 138 -1 142 -1 46 -1 50 143 -1 6 70 -1 11 187 -1 220 -1 9 13 221 -1 19 75 222 227 -1 20 -1 228 -1 28 61 -1
500 7 -1 9 11 21 29 -1 12 36 -1 0 16 -1 18 22 25 30 34 -1 35 54 72 -1 13 77 -1 67 78 112 -1 10 -1 116 118 -1 119 -1 68 131 -1 69 -1 132 -1 27 133 -1 26 -1 5 142 143 -1 33 146 -1 161 -1 24 53 222 -1 228 -1 41 230 -1 52 237 -1 56 -1 263 -1
183 20 93 -1 26 49 104 -1 107 -1 108 -1 51 109 116 -1 117 118 -1 19 -1 122 -1 138 -1 50 142 -1 55 -1 32 38 168 193 220 222 -1 6 42 228 237 -1
549 33 -1 77 -1 5 78 109 -1 116 -1 117 -1 39 -1 138 142 -1 26 38 143 153 220 -1 56 -1 222 -1 228 -1 231 -1
494 3 -1 17 39 42 96 107 108 113 -1 116 -1 117 -1 133 -1 28 142 143 -1 40 -1 38 145 -1 48 146 -1 148 -1 149 -1 57 184 -1 185 -1 4 186 222 228 -1 32 -1 53 -1 233 -1 14 -1 237 -1 61 -1
120 117 -1 49 123 -1 15 28 47 131 132 -1 142 -1 24 -1 143 190 -1 23 220 -1 3 221 -1 8 -1 13 228 232 254 -1 41 -1 265 266 -1 48 -1
76 14 -1 15 -1
420 41 -1
106 230 -1 53 -1 39 231 -1 60 237 -1 252 254 -1 63 -1 265 -1
555 35 58 -1 68 -1 72 77 -1 78 -1 46 109 116 117 -1 84 136 142 143 -1 38 146 159 -1 181 -1 39 -1 220 -1 19 -1 54 76 87 222 -1 55 -1 42 64 228 -1 238 -1 29 250 257 -1 31 258 -1
249 26 35 234 -1
497 12 74 -1 11 16 35 36 -1 60 -1 0 15 19 25 30 -1 41 49 -1 112 -1 26 -1 63 116 117 132 -1 142 143 -1 40 145 146 -1 148 -1 149 -1 23 61 184 -1 50 185 186 220 222 -1 228 -1 21 -1 233 -1 58 64 237 -1
42 41 220 -1 54 221 -1 37 -1 222 232 -1 28 248 -1
322 8 -1 228 -1 27 234 -1 13 15 -1
231 107 -1 45 108 -1 113 114 -1 50 -1 116 -1 117 -1 56 -1 10 131 132 -1 142 143 -1 31 145 -1 148 -1 149 -1 44 -1 181 -1 185 -1 186 -1 55 -1 190 -1 220 -1 3 -1 5 -1 21 -1 19 34 225 228 233 -1 237 -1
665 62 69 -1 77 83 -1 78 -1 9 28 100 109 -1 112 -1 48 52 92 116 -1 45 117 -1 134 142 -1 29 143 190 191 -1 192 -1 220 -1 41 -1 222 -1 5 -1 225 -1 22 61 229 -1 24 -1 15 231 -1
389 117 -1 12 25 60 91 120 131 -1 138 -1 30 55 -1 142 -1 56 -1 89 -1 66 143 190 -1 197 221 -1 21 50 225 228 -1 43 230 -1
405 116 -1 3 -1 2 68 117 118 119 -1 79 -1 138 -1 20 142 143 193 -1 194 -1 195 -1 221 -1 12 223 -1 10 11 -1 39 40 75 76 -1 228 -1 21 -1 36 42 -1 45 61 230 234 -1 54 -1 59 -1
86 50 -1 27 53 220 228 -1 37 236 -1
197 53 -1 17 96 -1 51 -1 57 -1 25 26 41 70 -1 34 -1 31 35 47 75 83 -1 55 -1 97 -1 81 -1 18 100 -1 107 -1 5 -1 69 -1 108 -1 48 113 -1 3 116 -1 42 117 119 -1 11 -1 24 -1 131 -1 30 49 63 132 138 142 -1 50 -1 58 -1 32 73 145 -1 148 -1 59 -1 149 -1 28 36 159 168 -1 220 -1 65 221 -1 74 -1 223 -1 4 8 -1 40 230 235 -1 237 -1 76 86 -1
352 148 -1 149 152 -1 28 -1 36 -1 165 -1 11 -1 181 -1 7 22 185 186 220 223 -1 16 -1 37 228 -1 42 -1
629 58 -1 4 72 -1 20 -1 37 -1 7 -1 12 15 38 -1 39 -1 6 13 16 21 40 -1 48 -1 25 31 -1 44 -1 34 69 -1 35 50 56 98 -1 107 108 109 -1 116 -1 0 117 -1 135 -1 41 42 138 -1 142 -1 36 -1 143 -1 49 -1 32 146 148 -1 14 149 199 -1 11 28 220 223 -1 17 61 228 229 -1 23 -1
173 185 -1 186 -1 199 -1 14 200 -1 220 -1 228 -1
698 15 -1 53 -1 70 -1 12 -1 26 41 -1 16 -1 42 -1 17 -1 94 -1 50 -1 25 64 -1 86 -1 13 37 40 -1 60 69 -1 77 -1 24 43 73 78 109 -1 31 -1 116 117 -1 38 133 -1 62 -1 134 -1 14 54 138 -1 142 -1 32 -1 55 -1 143 -1 89 -1 36 206 -1 220 -1 20 -1 61 222 228 -1 47 -1 58 -1 236 -1
585 39 -1 60 77 -1 24 -1 78 -1 67 -1 112 -1 21 132 -1 68 -1 134 -1 32 -1 63 142 -1 22 -1 64 -1 5 145 148 167 190 222 -1 4 18 31 224 -1 228 -1 237 -1 49 -1
77 60 -1 27 -1 34 43 -1 9 35 40 109 -1 56 116 -1 117 -1 59 131 -1 3 -1 5 -1 2 6 55 57 138 140 142 143 -1 193 -1 220 -1 32 39 45 221 -1 228 -1 20 -1 237 -1 51 -1 242 -1 12 -1
378 55 228 -1 24 -1
441 49 61 220 -1 221 -1 226 -1 39 -1 43 -1 228 257 -1
459 9 -1 10 34 -1 20 -1 6 16 17 -1 77 -1 19 27 53 -1 25 -1 30 31 37 70 113 -1 116 -1 21 133 -1 44 136 -1 45 68 -1 62 142 143 220 -1 67 -1 5 221 -1 15 -1 29 32 42 228 231 -1
668 11 54 78 109 -1 112 -1 62 93 -1 55 116 117 132 -1 76 91 96 134 -1 138 -1 15 -1 53 58 140 -1 61 142 -1 2 143 -1 190 -1 60 191 192 -1 104 -1 220 -1 47 222 -1 21 24 225 228 -1 230 -1 41 -1
316 47 -1 39 -1 52 -1 30 -1 109 -1 11 -1 112 -1 0 27 33 70 74 116 117 132 -1 62 -1 138 -1 10 16 24 142 -1 143 -1 66 -1 36 69 144 -1 148 -1 149 -1 170 -1 42 -1 71 -1 176 177 187 -1 4 64 220 221 228 -1 44 48 -1 234 -1 32 244 -1
649 1 -1 49 -1 3 67 -1 4 12 14 26 29 -1 7 -1 0 -1 15 -1 30 -1 8 83 -1 24 76 -1 13 16 17 -1 21 23 -1 25 -1 10 -1 34 35 68 -1 6 36 37 -1 69 -1 57 70 -1 77 -1 41 -1 78 -1 27 -1 73 98 -1 38 107 -1 28 -1 108 -1 48 59 132 142 143 146 -1 11 22 40 148 149 -1 46 184 -1 55 185 -1 186 -1 221 222 -1 51 225 -1 228 -1 47 -1
514 0 -1 73 -1 77 78 112 132 -1 4 -1 3 133 145 -1 148 -1 167 -1 20 -1 45 -1 187 220 221 -1 6 21 24 25 222 227 -1 27 228 -1 31 48 237 -1
714 0 5 116 -1 117 -1 6 138 -1 1 51 142 143 -1 12 18 22 25 190 191 225 228 -1
162 46 143 -1 160 -1 13 23 -1 193 -1 29 220 -1 31 223 -1 5 230 -1 32 231 -1 20 -1
70 47 -1 233 -1 22 26 237 -1 58 61 -1
333 19 -1 41 -1 25 50 -1 26 33 36 53 -1 0 -1 44 55 -1 131 142 -1 51 143 -1 47 59 220 -1 17 52 221 228 -1 35 39 -1 28 232 -1 31 -1 20 234 -1 23 -1
619 54 77 97 109 -1 112 -1 0 -1 38 59 116 -1 39 -1 52 -1 132 -1 63 -1 134 -1 5 -1 36 -1 142 150 -1 11 190 220 -1 57 -1 70 225 -1 10 228 -1 13 -1 18 -1 24 229 -1 28 -1 45 -1
122 7 23 -1 19 30 228 -1
716 182 -1 62 -1 184 185 -1 32 186 -1 69 -1 220 -1 61 100 -1 58 222 228 231 -1 78 232 -1 83 -1 233 -1
304 4 45 221 -1 228 -1 31 247 -1
575 0 1 51 60 -1 31 -1 7 8 21 32 41 -1 40 -1 9 52 74 -1 61 -1 13 -1 18 -1 73 83 -1 16 -1 42 -1 62 -1 49 -1 22 25 28 30 -1 34 -1 17 36 43 -1 19 46 -1 44 -1 53 -1 77 78 -1 66 109 -1 35 70 112 -1 113 -1 116 -1 29 71 -1 37 132 138 142 -1 3 -1 145 -1 67 148 -1 26 33 58 72 149 161 167 174 -1 178 -1 221 -1 45 -1 228 -1 258 -1
20 221 -1 58 -1 61 222 -1 228 -1 24 -1 27 -1 70 -1 67 85 230 234 -1
482 186 -1 221 226 -1 44 -1 24 32 38 40 60 228 -1 230 -1
47 13 -1 14 16 -1 4 23 -1 17 21 25 51 55 -1 3 26 57 113 -1 135 -1 48 168 -1 8 -1 220 -1 28 228 -1 32 234 -1 20 -1 22 -1
269 40 50 116 117 123 -1 14 -1 131 -1 1 -1 138 -1 6 9 142 -1 143 -1 4 10 16 160 176 177 -1 19 -1 12 181 185 186 -1 20 -1 44 193 -1 195 -1 17 51 200 -1 29 31 34 220 -1 38 -1 39 223 237 -1 250 -1
563 35 -1 37 43 92 101 -1 85 -1 44 -1 73 -1 77 -1 6 11 66 78 109 -1 112 116 -1 117 119 132 -1 60 -1 133 -1 65 -1 142 -1 36 -1 61 -1 58 145 -1 148 -1 63 149 170 -1 13 -1 72 220 -1 222 -1 42 228 -1 14 51 230 -1
26 29 -1 136 142 -1 143 -1 47 144 -1 165 -1 32 -1 220 -1 11 15 48 -1 41 228 -1
330 93 -1 28 -1 39 -1 107 -1 20 -1 54 108 113 -1 16 41 -1 116 117 119 -1 17 -1 42 -1 131 -1 46 -1 135 -1 23 -1 142 -1 15 50 143 -1 14 145 -1 38 59 148 149 170 -1 24 -1 30 221 -1 13 -1 27 31 228 -1
721 1 56 71 -1 7 53 -1 8 75 -1 12 -1 0 45 -1 16 70 -1 2 17 22 26 64 -1 30 -1 112 -1 55 -1 113 -1 61 68 -1 116 -1 117 -1 43 132 -1 54 -1 57 133 134 -1 35 142 -1 36 -1 143 145 149 -1 181 -1 185 -1 186 -1 62 -1 220 -1 6 228 -1 34 40 229 -1 29 231 -1 58 235 -1
100 265 -1
351 68 -1 21 25 -1 26 27 44 -1 9 -1 34 -1 18 35 40 109 116 117 -1 119 -1 11 -1 36 131 -1 39 138 -1 15 -1 42 140 -1 69 142 -1 37 -1 14 19 161 -1 199 -1 220 -1 22 -1 221 -1 49 -1 223 -1 53 228 -1 62 229 -1 30 -1
175 15 -1 27 111 -1 6 -1 10 -1 35 112 -1 11 46 116 -1 28 -1 51 117 -1 48 49 119 131 -1 66 -1 68 -1 32 47 69 132 135 -1 138 -1 31 142 144 -1 148 -1 149 170 -1 37 -1 200 -1 14 -1 55 61 220 -1 50 223 228 230 -1 24 -1
487 41 -1 72 -1 77 78 -1 133 -1 10 -1 37 142 -1 0 143 -1 14 32 48 220 230 -1 11 46 233 -1
326 16 -1 7 -1 26 -1 8 -1 21 39 -1 18 32 37 -1 23 -1 6 -1 2 11 14 25 -1 56 -1 15 45 -1 24 -1 12 27 52 53 69 -1 77 -1 28 49 78 -1 10 29 36 89 107 108 110 -1 31 -1 112 116 117 119 131 -1 55 -1 132 142 -1 143 -1 187 -1 4 221 -1 13 42 -1 22 38 227 228 -1
270 7 -1 8 10 59 -1 13 16 28 54 -1 17 18 61 109 -1 9 -1 3 48 58 116 117 -1 5 123 132 138 -1 53 142 -1 6 143 -1 160 -1 19 -1 39 42 45 51 52 193 194 195 220 -1 14 29 33 221 223 -1
49 112 -1 0 7 116 -1 131 -1 49 -1 11 27 50 132 142 -1 8 31 39 143 187 220 228 -1 30 -1 23 34 241 -1
359 12 -1 8 10 14 28 34 44 -1 15 32 35 37 43 220 221 228 -1 21 -1 25 -1
56 138 -1 5 -1 30 142 143 -1 38 170 -1 181 187 202 220 -1 11 -1 59 -1 64 -1 227 -1 49 -1 53 228 236 -1
112 10 -1 3 -1 12 16 23 -1 36 -1 0 17 49 -1 19 21 38 -1 5 -1 37 -1 25 -1 34 -1 20 -1 35 112 -1 40 43 131 140 -1 2 -1 14 -1 47 142 -1 28 44 143 164 220 -1 6 9 -1 27 226 -1 22 -1 228 -1 13 -1 230 -1 42 45 252 265 -1
63 78 -1 132 -1 76 -1 77 142 187 -1 220 -1 14 28 -1 30 50 221 -1 47 57 222 -1 65 227 -1 68 -1 24 25 40 228 231 -1
239 143 145 148 149 -1 160 -1 49 -1 21 199 220 -1 22 57 -1 72 82 221 222 -1 39 64 66 228 233 -1
222 0 3 23 39 -1 7 -1 15 -1 16 -1 8 -1 21 62 -1 43 -1 25 26 -1 13 29 34 41 64 -1 35 73 -1 44 77 -1 78 -1 2 63 109 -1 24 37 114 -1 42 -1 57 -1 9 116 -1 117 -1 22 30 40 122 -1 124 -1 131 -1 17 38 138 142 143 -1 199 200 -1 220 -1 50 60 -1 47 228 -1 10 11 230 -1
676 142 143 -1 10 86 144 148 -1 149 -1 85 190 -1 191 221 -1 222 -1 14 58 225 -1 24 228 -1
411 1 -1 29 -1 41 -1 7 -1 19 -1 8 55 -1 11 13 16 17 24 53 -1 63 -1 14 21 36 38 64 112 116 118 -1 0 52 119 132 -1 133 -1 142 -1 9 -1 145 148 -1 23 152 -1 18 22 176 220 -1 25 -1 10 223 228 -1
417 148 187 200 -1 21 -1 204 220 -1 19 -1 29 -1 33 222 -1 223 -1 227 -1 56 -1 228 -1 42 233 -1
202 32 112 -1 50 53 116 117 132 -1 142 -1 23 -1 51 145 148 -1 149 190 220 -1 30 221 -1 1 39 225 -1 228 -1 9 -1
652 6 117 132 -1 58 -1 142 143 -1 9 54 190 -1 191 -1 192 -1 15 225 -1 228 -1 18 -1 22 -1 231 -1 24 -1 29 -1
97 230 -1 39 -1 42 234 -1 11 30 239 -1 31 -1
114 22 44 -1 55 265 -1 266 -1 53 -1
478 66 -1 221 -1 6 14 -1 228 -1 35 -1 37 230 -1 20 -1 39 232 -1 41 -1
620 15 23 55 67 75 172 176 -1 41 53 177 -1 27 190 191 192 221 -1 48 225 -1 71 -1 20 31 36 228 230 -1 44 -1
517 222 -1 19 228 -1 67 87 -1 230 -1 80 -1 24 84 231 -1 234 -1 15 -1 259 263 -1
281 0 7 8 21 28 38 48 -1 30 -1 25 -1 18 26 31 67 -1 20 39 54 77 78 -1 113 -1 23 -1 40 -1 116 -1 44 117 -1 27 42 43 131 135 142 -1 22 -1 41 143 221 -1 228 -1 32 -1
311 132 -1 142 -1 29 35 143 146 -1 148 -1 149 -1 41 152 178 185 -1 186 220 -1 221 -1 2 -1 9 15 22 228 -1 230 -1
96 50 -1 14 146 -1 148 -1 8 164 -1 41 45 220 221 -1 4 -1 10 -1 44 222 223 -1 23 228 244 -1
611 35 52 69 77 -1 78 -1 37 109 -1 112 -1 46 -1 44 116 132 -1 138 -1 3 36 142 146 -1 64 148 -1 43 149 150 -1 190 220 225 228 -1 20 24 229 -1
31 29 -1 40 -1 12 17 -1 0 18 21 26 -1 6 9 25 -1 11 38 43 -1 113 117 -1 131 -1 23 132 -1 137 142 220 228 -1 27 -1 233 -1
447 5 226 -1 57 -1 64 -1 228 231 -1 47 -1 51 257 -1
369 18 24 25 -1 26 27 34 35 45 50 51 60 -1 6 -1 112 116 -1 59 117 131 -1 132 -1 56 57 142 143 -1 62 -1 190 -1 14 19 221 225 -1 28 36 228 -1
237 116 117 -1 69 119 -1 19 -1 131 -1 20 27 71 -1 72 132 -1 36 -1 43 -1 142 -1 31 143 144 -1 148 149 -1 160 165 -1 50 -1 170 -1 199 220 -1 10 -1 61 -1 56 221 -1 222 -1 18 228 233 -1
38 9 -1 42 -1 22 26 -1 11 25 34 -1 15 35 83 -1 6 -1 87 88 -1 110 -1 5 113 116 119 132 -1 143 -1 2 144 -1 148 149 -1 3 159 176 -1 12 177 -1 181 -1 186 -1 199 216 -1 220 -1 31 -1 221 222 232 -1 27 -1
64 117 140 -1 39 45 220 -1 10 -1 18 -1 47 228 -1 24 -1
439 15 34 35 67 -1 6 57 109 116 -1 0 -1 117 -1 71 -1 12 138 142 -1 5 143 -1 29 -1 55 220 221 -1 21 228 -1
334 28 34 35 -1 38 -1 220 -1 24 -1 33 -1 221 228 -1 14 -1
535 25 31 -1 34 -1 37 -1 44 -1 40 43 46 54 58 73 77 -1 7 -1 53 78 109 -1 13 -1 0 3 21 113 -1 116 -1 4 117 -1 26 -1 138 142 143 -1 32 220 -1 8 51 221 -1 17 -1 239 -1
287 75 -1 16 -1 32 -1 17 58 -1 43 -1 18 33 81 -1 25 26 55 -1 42 112 -1 116 131 -1 44 45 -1 77 -1 79 -1 11 135 142 -1 46 63 143 -1 170 -1 37 174 178 185 -1 29 186 -1 21 24 72 220 221 -1 47 53 222 -1 228 -1 40 -1
559 96 -1 1 7 14 21 56 -1 8 57 -1 106 -1 9 -1 20 27 -1 12 34 77 -1 13 16 28 71 83 -1 18 30 -1 10 55 -1 35 46 75 -1 52 89 -1 53 68 73 -1 72 -1 33 -1 6 109 -1 44 -1 112 -1 45 59 116 118 -1 24 119 -1 3 -1 132 -1 60 -1 138 142 -1 146 -1 74 -1 64 148 -1 159 -1 36 160 166 -1 67 -1 26 182 -1 38 190 220 -1 54 -1 225 228 -1 40 58 61 -1 230 -1 76 98 -1 238 -1 31 257 -1 258 -1 29 -1
598 46 -1 0 49 -1 17 40 55 -1 18 -1 32 -1 22 25 -1 14 30 33 34 -1 31 47 -1 24 52 90 -1 38 -1 107 -1 11 -1 29 108 135 -1 5 26 140 142 184 -1 187 221 -1 4 -1 28 227 228 -1 233 -1 20 -1
506 4 10 14 19 48 146 148 149 159 220 221 -1 43 228 229 -1 230 -1
464 15 113 117 -1 187 -1 4 34 220 221 -1 227 -1 14 17 20 228 -1 232 -1 23 -1
218 25 -1 51 120 -1 27 -1 7 -1 55 -1 57 -1 79 -1 85 -1 15 29 48 -1 63 70 -1 92 -1 106 -1 8 34 -1 49 -1 35 38 58 71 86 -1 40 108 -1 43 -1 109 117 -1 60 -1 6 47 119 131 138 -1 46 -1 140 -1 112 -1 142 -1 36 174 207 -1 5 31 81 102 220 221 -1 83 -1 20 228 -1 62 229 -1 66 -1 68 74 231 -1 234 -1
567 43 112 -1 50 -1 44 116 -1 119 132 -1 138 -1 142 146 148 -1 46 -1 54 166 -1 62 184 -1 220 -1 36 -1 222 -1 52 227 -1 20 228 -1 57 -1 71 -1 82 -1 229 236 -1
591 76 -1 7 -1 5 6 16 17 19 -1 25 -1 28 47 72 -1 34 -1 15 33 35 69 77 -1 78 -1 112 116 -1 66 132 134 -1 142 -1 2 -1 48 145 148 -1 21 163 -1 32 63 181 -1 65 -1 190 -1 46 221 -1 225 -1 18 -1 228 -1
431 57 -1 135 -1 142 145 -1 19 -1 76 80 148 149 165 176 -1 4 177 190 -1 191 -1 43 49 192 220 -1 221 -1 14 223 224 -1 39 -1 228 -1 237 -1 244 -1 63 -1
633 45 200 220 221 228 -1 53 -1 230 232 -1
442 228 -1 230 -1 51 72 -1
579 48 132 -1 138 -1 142 -1 33 46 85 143 220 222 -1 11 24 -1 226 -1 79 228 -1 232 -1 28 -1
635 11 -1 142 -1 60 143 144 -1 40 148 149 165 -1 31 -1 176 -1 35 177 221 -1 37 222 228 -1
604 117 132 -1 14 135 -1 27 -1 140 -1 142 -1 28 -1 143 -1 42 -1 220 -1 37 48 -1 221 -1 13 228 -1 33 -1 241 -1
374 61 -1 71 -1 25 53 -1 26 -1 27 82 -1 34 51 -1 0 52 65 -1 35 -1 6 47 50 62 69 73 81 109 112 -1 116 117 131 -1 74 75 -1 138 -1 142 -1 56 57 76 -1 78 196 220 -1 60 70 221 -1 11 -1 19 225 -1 30 -1 23 42 228 230 -1 49 -1
180 18 45 -1 31 -1 68 -1 25 77 78 -1 44 109 -1 4 -1 0 116 138 -1 142 -1 193 -1 38 -1 194 -1 9 20 222 -1 15 228 -1
688 5 16 -1 17 30 -1 27 59 77 -1 28 34 46 -1 32 -1 52 -1 44 69 -1 50 -1 33 -1 78 109 -1 11 -1 20 -1 51 112 113 -1 116 -1 0 21 66 67 73 132 134 138 142 144 -1 26 63 148 -1 149 190 191 221 -1 225 -1 228 -1 6 -1
546 23 44 67 220 221 -1 48 -1 56 -1 97 222 -1 17 228 -1 59 63 124 -1 13 230 -1
484 16 18 -1 22 -1 25 -1 14 -1 30 -1 17 31 34 53 57 -1 8 54 -1 13 37 40 50 -1 28 73 -1 51 77 78 109 -1 0 15 116 -1 117 -1 21 -1 6 121 -1 9 138 -1 19 142 143 -1 20 220 222 -1 234 -1 26 27 -1
74 21 46 -1 13 22 29 -1 5 -1 0 10 25 26 -1 49 -1 30 32 34 42 -1 28 -1 35 -1 48 113 -1 140 -1 40 -1 220 -1 24 -1 4 221 -1 228 -1
475 43 63 136 -1 138 -1 17 142 -1 45 143 150 -1 48 161 -1 220 -1 12 -1 229 -1 64 230 -1
664 142 -1 5 29 144 -1 53 -1 88 -1 148 -1 47 -1 149 -1 190 -1 56 -1 46 191 -1 192 -1 21 221 -1 14 18 225 228 -1 72 237 -1
59 18 -1 33 -1 116 -1 117 -1 53 -1 131 -1 34 49 140 -1 143 -1 152 -1 42 -1 169 -1 4 51 178 220 -1 9 221 -1 61 -1 20 228 -1
715 42 -1 8 17 21 -1 0 25 -1 18 -1 26 -1 14 30 -1 6 34 -1 5 20 40 109 -1 116 117 -1 138 -1 11 -1 7 142 -1 143 -1 22 -1 182 185 -1 186 -1 203 220 -1 33 36 228 -1 43 229 -1 23 230 -1
260 29 -1 62 -1 60 73 112 116 117 -1 119 -1 50 -1 59 131 -1 64 -1 19 26 132 142 -1 143 -1 145 -1 27 -1 49 -1 148 149 -1 36 170 -1 220 -1 15 22 43 48 221 -1 223 -1 35 -1 38 -1 30 55 228 230 -1
597 12 -1 28 -1 7 9 29 -1 6 -1 16 17 -1 18 25 30 34 -1 19 22 52 113 -1 116 -1 40 43 117 133 135 -1 50 -1 41 46 140 142 -1 158 -1 5 21 -1 187 -1 10 221 -1 227 -1 27 -1 228 -1 14 233 -1
37 37 -1 8 72 -1 9 33 -1 10 13 -1 11 16 30 31 42 47 -1 17 -1 18 -1 54 -1 21 25 41 44 45 52 -1 68 -1 34 39 -1 2 22 23 77 -1 6 32 78 109 -1 113 -1 116 119 131 -1 70 -1 38 67 135 138 142 168 187 -1 200 -1 26 220 221 -1 222 227 -1 46 -1 58 228 -1 64 232 -1
512 7 63 70 95 -1 9 -1 67 -1 16 -1 18 21 59 68 -1 30 -1 13 14 25 51 52 53 -1 34 -1 35 -1 69 81 -1 22 72 -1 12 36 37 77 109 -1 66 116 -1 117 -1 80 -1 138 -1 8 142 -1 143 174 -1 76 220 -1 28 33 38 -1 49 -1 58 -1 6 60 221 -1 230 -1 232 236 -1 55 262 -1
313 5 109 116 -1 117 -1 22 119 135 -1 10 14 142 -1 28 143 -1 220 -1 12 20 221 228 230 -1
298 7 16 17 -1 10 -1 8 21 -1 53 -1 11 61 -1 18 50 -1 25 26 -1 13 28 34 62 -1 23 35 -1 40 -1 43 -1 20 44 56 -1 58 131 142 -1 143 -1 220 -1 32 -1 221 -1 5 -1 9 228 -1 24 233 -1
176 7 -1 8 -1 13 -1 24 -1 15 19 29 -1 60 -1 0 25 -1 26 50 67 72 77 -1 31 49 78 109 113 -1 64 116 117 118 -1 16 -1 20 28 -1 34 131 -1 62 132 138 -1 3 22 -1 23 142 -1 27 30 -1 36 143 145 -1 148 -1 32 149 168 -1 52 177 -1 55 -1 178 -1 51 -1 185 -1 186 -1 200 -1 5 17 220 228 -1 59 230 -1
99 26 -1 48 -1 71 -1 29 32 46 77 78 -1 30 51 111 112 -1 119 131 -1 132 -1 28 44 135 -1 11 -1 142 -1 45 148 -1 12 40 149 164 220 -1 24 228 -1 230 -1 17 20 234 239 -1 33 -1 254 265 266 -1
653 38 113 116 -1 132 -1 9 61 142 -1 143 190 -1 53 -1 191 -1 192 225 -1 228 -1 19 23 231 -1 25 -1
513 52 221 -1 222 226 -1 57 -1 70 -1 228 -1 32 38 -1 42 45 231 -1
466 31 -1 232 -1 19 -1
134 0 -1 35 -1 18 -1 1 10 72 77 78 -1 29 -1 9 110 -1 116 -1 13 117 132 -1 3 -1 5 -1 142 -1 143 144 -1 6 -1 148 -1 149 -1 8 181 -1 185 -1 186 220 -1 20 -1 28 228 -1
527 52 53 -1 5 109 -1 37 50 56 116 117 131 145 -1 20 -1 168 187 -1 228 -1 9 -1 15 -1 49 229 -1
413 9 -1 110 -1 3 116 -1 45 118 119 -1 74 138 -1 60 142 -1 4 143 -1 70 193 -1 27 32 34 200 -1 220 -1 21 29 -1 223 -1 15 -1 228 -1 39 49 230 -1 52 -1 61 234 -1 35 -1 37 -1
238 13 31 44 -1 14 16 54 72 -1 22 49 -1 17 -1 85 -1 0 23 26 28 29 35 39 40 109 -1 116 -1 30 117 122 -1 9 15 70 131 -1 71 138 -1 21 41 142 -1 2 19 46 50 143 199 -1 43 220 -1 47 221 -1 6 -1 60 67 -1 53 222 223 228 -1 37 233 -1
440 0 116 -1 33 117 138 -1 22 -1 23 142 -1 8 143 -1 26 220 221 -1 18 -1 228 -1 35 -1 230 -1
285 228 -1
29 63 -1 241 -1 20 -1
133 7 16 -1 12 17 30 42 -1 5 9 14 31 34 40 41 -1 70 -1 77 -1 0 -1 78 -1 3 10 113 -1 116 -1 117 -1 15 -1 1 131 -1 37 138 142 -1 143 -1 199 -1 220 -1 6 26 228 -1 20 -1
669 30 176 -1 18 66 177 190 -1 191 192 222 225 -1 14 228 237 -1
186 30 37 228 229 -1 19 39 237 -1
602 140 -1 18 26 142 143 184 -1 5 24 221 -1 20 228 -1 39 -1
699 39 -1 142 -1 48 143 145 146 -1 49 52 148 -1 187 -1 206 -1 54 70 220 222 227 231 -1
680 76 77 -1 37 58 78 -1 113 116 -1 38 122 132 -1 134 -1 57 65 66 140 142 -1 144 -1 11 148 -1 39 61 190 191 220 -1 5 222 -1 13 90 225 228 -1 229 -1 35 -1
203 0 -1 11 51 -1 3 4 -1 5 7 -1 8 12 54 -1 34 50 -1 16 25 -1 10 17 27 -1 43 -1 29 33 35 -1 112 -1 48 116 117 132 -1 49 145 -1 2 148 149 190 -1 220 221 -1 225 -1 13 41 228 -1 21 -1
117 6 19 -1 20 -1 41 -1 15 21 50 -1 37 -1 57 -1 75 -1 25 -1 7 -1 38 -1 51 -1 26 -1 27 34 35 66 -1 14 -1 8 9 28 77 78 112 113 -1 30 116 -1 22 -1 118 -1 119 -1 131 -1 32 -1 29 82 132 -1 33 140 -1 48 83 -1 142 165 -1 53 220 -1 63 -1 69 -1 73 80 -1 224 -1 18 228 -1 55 230 -1 31 255 -1 4 40 60 -1 265 -1 266 -1
309 1 24 -1 40 -1 7 -1 21 -1 8 -1 46 -1 9 14 37 43 -1 0 5 10 44 109 116 -1 117 -1 15 18 28 33 220 221 228 -1
346 57 -1
537 222 -1 24 228 -1 230 -1
145 60 -1 33 44 112 116 117 122 131 -1 18 32 80 83 132 138 -1 10 -1 59 81 142 -1 143 -1 144 148 -1 57 -1 149 -1 160 171 -1 37 -1 86 -1 177 187 -1 198 199 220 -1 58 -1 62 70 227 -1 77 -1 228 -1 50 -1
480 117 -1 132 -1 142 -1 158 -1 13 -1 170 221 -1 29 50 54 -1 62 222 228 -1 20 21 65 82 86 231 -1 26 -1 11 241 259 -1
280 26 28 36 -1 55 -1 43 -1 44 -1 113 116 -1 142 -1 34 143 -1 49 -1 56 -1 220 -1 41 221 -1 11 20 228 -1
317 5 -1 30 -1 116 -1 0 117 120 -1 42 -1 46 -1 131 -1 1 -1 135 -1 33 -1 38 -1 138 -1 142 -1 43 143 -1 52 152 -1 20 47 170 -1 37 178 -1 44 -1 185 186 -1 199 220 -1 221 228 -1 19 -1 22 51 234 -1
294 15 20 38 138 142 143 -1 62 -1 50 75 144 148 149 -1 41 53 168 170 -1 4 22 200 220 -1 13 30 69 79 221 -1 222 -1 63 228 -1
474 25 48 -1 26 -1 30 34 -1 15 35 73 -1 77 -1 6 78 -1 61 -1 96 -1 49 -1 14 107 108 132 -1 10 42 142 -1 27 37 143 220 221 228 -1 33 230 -1
295 24 -1 70 -1 18 19 22 71 -1 80 -1 109 -1 21 -1 50 63 -1 25 -1 38 76 -1 26 116 -1 27 33 -1 20 34 -1 35 -1 40 -1 2 14 43 -1 32 44 55 64 73 -1 60 67 -1 69 91 112 -1 77 78 87 117 -1 61 -1 131 -1 138 -1 142 -1 5 -1 30 62 143 -1 200 -1 220 -1 52 -1 99 -1 74 221 222 -1 75 -1 81 228 -1
19 7 16 -1 17 112 -1 8 66 -1 9 -1 97 100 -1 10 -1 72 -1 75 -1 13 77 -1 86 -1 14 18 19 64 68 76 87 90 106 110 -1 21 111 -1 78 -1 22 -1 12 -1 98 102 -1 25 -1 69 79 -1 91 -1 26 103 -1 116 -1 27 -1 29 36 -1 30 37 55 92 109 -1 59 -1 61 113 126 -1 96 -1 131 -1 63 -1 132 -1 67 -1 88 136 -1 94 -1 15 89 138 142 -1 169 -1 82 178 -1 101 -1 62 207 209 -1 38 220 -1 11 107 221 228 -1 28 70 234 -1 235 -1 80 -1
534 18 -1 23 25 53 -1 30 41 -1 22 -1 34 -1 33 73 -1 77 78 -1 47 -1 109 -1 13 -1 20 -1 112 116 -1 31 36 59 117 220 221 226 -1 27 228 -1 29 230 -1 19 -1
41 35 -1 57 -1 12 -1 6 -1 16 -1 1 -1 17 22 25 29 59 -1 0 46 -1 28 33 52 56 -1 112 116 -1 117 -1 2 9 23 119 132 -1 190 220 -1 222 -1 20 21 34 39 42 225 232 237 -1 48 -1
646 48 -1 22 31 40 76 83 98 107 -1 108 -1 11 15 109 -1 0 116 -1 117 -1 132 -1 21 -1 69 138 -1 79 142 143 -1 33 145 -1 58 146 -1 14 -1 148 -1 28 149 -1 66 -1 71 77 86 184 185 -1 42 50 93 186 220 -1 52 221 -1 62 -1 225 -1 228 -1
165 11 143 144 148 149 160 176 177 -1 181 -1 185 -1 186 -1 3 220 223 -1 16 231 -1
274 149 -1 28 -1 220 -1 229 -1
62 132 -1 140 -1 187 -1 30 220 -1 33 40 221 -1 3 13 -1 227 -1 228 -1 23 -1 26 246 -1 35 -1 36 -1
208 2 32 138 142 -1 42 -1 44 143 -1 220 -1 22 -1 26 -1 221 -1 228 -1 15 19 -1 28 37 240 -1 9 241 -1 12 -1
472 10 -1 5 -1 12 -1 0 11 16 23 61 -1 21 24 -1 15 25 -1 30 -1 4 34 -1 6 40 -1 13 110 -1 116 -1 117 220 -1 42 -1 229 -1 7 19 26 230 258 -1
16 91 -1 16 -1 17 18 23 -1 75 -1 21 -1 13 25 37 -1 72 92 -1 3 41 58 61 109 113 -1 116 122 -1 5 64 131 135 -1 138 142 143 206 220 -1 48 -1 54 83 -1 88 -1 221 -1 19 97 222 -1 31 224 228 -1 73 80 234 -1 68 -1
305 3 21 32 221 228 232 234 -1 22 -1
163 0 13 -1 65 -1 4 7 24 30 -1 37 -1 34 -1 18 -1 35 58 60 109 -1 116 117 120 -1 20 27 32 62 131 132 -1 3 38 138 -1 15 -1 44 -1 61 142 -1 16 39 -1 22 144 -1 148 -1 14 149 -1 45 -1 40 41 160 165 -1 42 181 -1 19 185 186 -1 193 -1 199 220 -1 230 -1 25 43 231 241 -1
174 31 43 117 120 -1 15 121 131 -1 44 -1 69 -1 71 -1 138 -1 142 -1 1 -1 143 165 -1 42 -1 176 -1 177 200 -1 3 -1 18 -1 22 58 220 228 -1 11 230 -1 67 -1
53 11 34 -1 10 12 -1 16 27 31 -1 9 -1 17 -1 19 22 25 40 -1 13 43 109 110 113 -1 116 -1 142 -1 33 35 143 199 -1 5 220 -1 26 -1 228 -1
223 25 29 -1 5 -1 23 -1 33 -1 24 35 -1 72 -1 11 109 116 117 -1 20 123 138 142 -1 143 -1 41 -1 10 200 220 -1 31 -1 42 45 228 -1 234 -1
501 20 142 143 -1 184 -1 185 -1 57 186 220 221 -1 230 239 -1 27 -1
138 3 -1 0 10 -1 8 17 -1 9 -1 16 22 31 52 62 76 -1 32 63 -1 25 -1 26 30 -1 73 -1 11 18 27 34 35 -1 40 -1 113 -1 4 -1 116 117 -1 118 -1 15 -1 65 67 131 138 -1 6 -1 142 143 -1 71 199 -1 220 -1 28 36 221 -1 45 -1 223 -1 33 51 60 228 230 -1
531 21 25 30 47 48 -1 34 -1 3 35 37 -1 43 61 67 80 -1 44 -1 15 49 82 96 107 108 -1 112 -1 131 -1 75 -1 74 78 132 -1 79 -1 66 145 -1 17 184 -1 54 -1 11 31 220 221 -1 36 226 -1 228 -1 27 230 -1 73 -1
358 16 22 -1
445 6 -1 143 -1 220 -1 44 -1 5 12 38 57 221 228 -1 18 230 -1
12 61 143 198 220 -1 30 221 228 -1 45 241 -1
211 30 38 49 57 230 -1 243 -1
557 62 77 -1 78 -1 8 44 -1 45 57 112 -1 132 -1 70 -1 133 -1 76 136 -1 138 -1 36 -1 48 -1 13 142 -1 49 -1 29 71 153 159 162 -1 85 182 -1 55 82 190 220 228 -1 41 66 68 -1 230 257 258 -1 264 -1 10 -1
1 26 -1 40 -1 0 34 113 -1 117 -1 70 77 131 135 -1 75 136 -1 24 33 68 142 -1 143 -1 46 57 220 -1 23 221 -1 41 228 -1 50 -1
503 108 -1 0 56 113 -1 41 -1 11 117 132 142 146 -1 220 -1 38 55 221 -1 228 -1 28 -1 29 231 -1 33 -1
624 59 194 -1 195 -1 221 -1 21 -1 10 222 228 -1 14 -1 19 237 -1
7 13 -1 54 55 68 77 78 109 116 -1 4 117 138 142 -1 193 -1 33 220 -1 38 221 -1 5 -1 11 -1 14 28 228 -1
489 10 -1 78 -1 0 113 119 -1 132 133 -1 36 -1 142 145 -1 14 37 148 149 -1 184 -1 20 -1 22 185 186 220 -1 32 -1 221 -1 8 23 228 -1
406 6 56 142 -1 143 200 220 -1 15 18 54 221 222 -1 37 228 -1 241 -1 41 -1
507 48 77 -1 98 -1 26 -1 53 -1 8 64 107 108 112 -1 116 -1 132 133 -1 14 -1 142 145 -1 61 146 -1 67 148 -1 6 -1 62 -1 221 -1 222 -1 18 -1 40 228 -1 36 230 -1
562 34 45 -1 12 36 73 77 -1 4 44 78 109 -1 29 -1 116 -1 117 -1 119 -1 1 -1 8 40 132 138 -1 2 41 43 48 140 142 -1 58 143 -1 10 161 -1 21 -1 59 182 -1 220 222 -1 228 -1 54 -1
55 37 40 -1 12 -1 16 18 23 -1 5 -1 24 -1 17 -1 22 47 -1 0 13 -1 21 26 49 52 -1 3 -1 113 -1 116 117 -1 51 -1 132 -1 4 142 -1 48 162 -1 187 -1 10 220 -1 14 227 228 -1 29 -1 32 -1
679 35 129 -1 68 -1 78 -1 91 109 -1 19 -1 53 -1 72 113 -1 89 -1 3 -1 54 117 -1 13 92 107 132 135 -1 142 143 190 191 -1 220 -1 225 -1 228 -1 31 229 -1 43 -1 48 -1
573 9 17 51 -1 57 -1 8 12 16 70 76 86 92 -1 21 101 -1 63 -1 25 -1 30 34 47 56 -1 39 75 -1 43 69 84 100 -1 72 -1 32 -1 60 61 77 78 -1 109 -1 42 -1 0 116 117 132 138 -1 10 142 -1 143 -1 152 -1 74 -1 23 66 95 184 220 -1 221 -1 62 228 -1 67 -1
255 135 -1 37 -1 44 142 -1 6 -1 24 58 143 -1 47 -1 13 53 62 199 220 -1 222 224 -1 39 -1 228 -1 31 -1 257 -1
242 2 -1 9 -1 220 -1 6 31 46 49 221 -1 40 222 223 -1 41 -1 228 -1 22 28 234 -1 18 -1
297 149 -1 30 187 -1 220 -1 37 -1 45 221 227 -1 24 31 228 -1 13 234 -1
383 27 -1 11 -1 44 -1 1 34 -1 35 45 55 -1 4 40 68 -1 26 53 -1 77 -1 17 -1 78 -1 60 -1 112 -1 5 116 -1 0 57 131 -1 6 132 -1 56 142 -1 190 -1 221 -1 14 -1 19 -1 225 -1 10 -1 38 -1 24 228 -1
622 4 -1 6 7 29 -1 0 8 9 16 17 22 39 41 -1 49 -1 25 27 28 34 80 81 92 -1 46 -1 55 -1 24 68 77 78 79 112 -1 113 116 -1 132 134 -1 142 -1 146 -1 26 148 -1 18 -1 149 158 -1 12 -1 161 -1 162 -1 40 84 -1 13 176 -1 33 177 -1 19 -1 190 -1 191 192 221 -1 15 225 228 -1 23 31 230 -1
258 223 -1 228 -1 42 230 -1
386 0 19 -1 35 -1 7 8 46 -1 18 23 25 -1 26 27 33 34 40 45 -1 21 112 -1 116 -1 16 -1 117 -1 3 41 119 131 132 -1 42 48 142 143 -1 190 225 -1 228 -1
132 37 -1 142 -1 52 143 -1 5 146 -1 49 -1 148 149 -1 3 164 -1 51 181 185 186 -1 198 220 -1 22 221 -1 32 -1 227 -1 228 -1 19 -1 29 30 231 -1
331 52 55 -1 7 45 -1 27 34 35 38 -1 31 -1 13 36 41 43 47 -1 11 -1 44 113 -1 16 -1 42 -1 9 116 117 132 -1 14 40 -1 142 -1 8 -1 49 143 145 -1 15 -1 10 148 149 160 171 -1 26 29 -1 18 25 30 176 181 185 -1 186 221 -1 53 228 232 -1 28 -1 234 -1 19 22 -1
213 51 -1 6 45 234 236 -1
198 0 -1 7 8 13 64 75 -1 16 23 25 27 -1 53 63 -1 35 71 72 -1 21 -1 62 -1 77 78 -1 9 113 -1 116 117 126 131 -1 59 -1 5 58 138 142 143 -1 22 48 70 145 148 -1 149 -1 20 44 220 -1 33 41 47 61 224 228 237 -1
160 149 -1 190 -1 203 220 -1 12 33 -1 58 61 -1 16 20 221 228 -1
639 0 -1 65 -1 3 23 25 93 -1 48 -1 7 42 56 -1 57 -1 8 -1 10 34 39 -1 16 18 24 67 -1 19 86 -1 87 -1 30 58 -1 75 -1 80 -1 35 66 -1 36 41 -1 43 55 81 83 100 -1 69 -1 107 -1 62 108 -1 109 -1 31 -1 47 116 -1 17 117 -1 59 135 -1 71 -1 138 -1 33 -1 46 142 -1 22 -1 143 146 -1 40 -1 148 -1 149 -1 221 -1 11 225 -1 54 -1 38 228 -1
570 25 -1 19 -1 16 17 27 34 66 -1 37 43 -1 24 40 -1 14 44 -1 48 73 -1 77 -1 1 4 78 109 117 133 138 -1 20 142 -1 5 221 -1 23 55 228 -1
23 45 -1 22 26 -1 25 56 -1 44 46 -1 38 -1 35 -1 67 -1 49 -1 77 78 -1 58 113 -1 131 -1 10 -1 48 50 -1 132 -1 6 -1 51 -1 54 -1 135 -1 11 -1 19 136 142 -1 143 -1 12 41 53 220 -1 64 -1 23 228 232 234 -1 18 -1
700 6 77 -1 78 -1 109 110 -1 24 -1 112 -1 116 -1 2 8 118 120 -1 121 -1 14 -1 133 -1 29 -1 30 66 134 138 142 143 -1 38 144 148 149 -1 187 -1 42 54 188 206 220 222 231 -1
66 14 -1 9 116 117 131 -1 0 75 77 142 -1 30 -1 24 51 56 143 152 -1 37 169 -1 38 -1 59 -1 178 187 -1 17 220 -1 20 64 71 222 -1 29 43 48 227 228 -1
438 45 56 73 77 -1 78 -1 109 -1 117 -1 30 138 -1 28 34 49 143 220 221 230 -1
528 20 27 31 145 224 228 -1 67 79 83 94 230 -1 240 -1 257 -1
392 10 225 -1 32 228 -1 25 -1
169 1 -1 4 -1 131 -1 50 -1 135 -1 51 138 -1 6 -1 142 -1 44 -1 143 -1 203 -1 220 -1 37 228 -1 23 -1 230 -1 40 45 -1
656 35 -1 72 -1 14 -1 31 -1 73 -1 32 59 77 -1 5 78 -1 75 112 -1 3 -1 64 113 -1 65 116 -1 4 132 -1 142 -1 143 -1 144 148 149 162 -1 10 163 -1 172 -1 176 -1 11 -1 190 -1 20 22 191 192 222 -1 225 -1 228 -1 37 -1 24 231 -1
409 56 140 -1 17 -1 44 -1 142 145 -1 14 18 29 148 168 -1 50 62 85 178 -1 43 220 -1 46 64 82 -1 55 228 -1 19 39 230 234 -1 47 -1
586 67 -1 37 -1 18 77 -1 112 116 134 -1 2 15 142 -1 145 -1 12 148 161 -1 55 -1 22 36 190 221 225 -1 41 -1 47 -1 228 -1 237 -1 50 -1
610 1 35 -1 7 11 53 -1 54 -1 8 9 111 -1 25 60 -1 16 17 -1 69 -1 27 70 88 -1 34 106 -1 68 72 77 -1 6 50 78 109 -1 49 -1 112 -1 59 116 -1 132 -1 5 138 -1 83 140 142 -1 84 146 -1 87 -1 148 -1 47 -1 44 62 96 102 149 150 190 220 -1 58 64 225 -1 71 -1 228 -1 13 26 32 -1 36 229 -1 41 -1
376 196 221 -1 22 -1 51 225 -1 228 -1 230 -1 33 -1
693 44 222 228 -1 236 -1
178 25 -1 26 27 69 -1 35 -1 45 67 112 -1 9 72 -1 116 -1 117 120 -1 46 131 -1 49 75 132 -1 135 -1 50 -1 31 142 143 145 -1 14 32 190 220 -1 24 -1 29 -1 51 56 225 -1 228 -1 44 241 -1
691 4 17 -1 41 -1 7 8 -1 9 51 -1 63 -1 72 -1 12 -1 48 -1 16 -1 0 -1 49 -1 87 -1 21 61 -1 74 -1 25 -1 26 53 -1 27 76 82 -1 34 35 37 38 50 68 70 86 -1 77 -1 54 -1 78 -1 96 -1 109 -1 5 -1 52 112 -1 69 113 -1 42 80 116 -1 117 -1 89 -1 90 132 134 138 -1 39 40 81 142 145 -1 43 79 85 148 149 190 191 -1 220 -1 31 225 -1 228 -1 6 10 -1 229 -1
701 5 25 -1 31 -1 42 45 48 63 -1 68 76 -1 15 73 77 -1 36 -1 78 -1 109 110 -1 112 -1 116 -1 3 26 82 121 132 -1 17 32 134 138 142 -1 144 -1 145 148 -1 24 33 152 -1 187 -1 22 188 -1 206 -1 220 -1 61 -1 75 222 -1 38 46 227 -1 231 -1 50 -1
421 200 -1 28 44 220 221 222 -1 228 -1 51 58 -1 229 240 -1 2 -1
192 25 -1 26 34 35 49 54 -1 55 97 107 -1 50 -1 108 -1 72 111 -1 113 -1 6 -1 11 -1 33 36 43 116 117 119 120 -1 124 -1 28 31 61 63 131 138 -1 29 142 -1 74 143 145 -1 52 53 -1 148 -1 149 -1 168 -1 204 -1 205 -1 68 220 -1 39 40 223 -1 228 -1 237 -1
564 59 78 -1 109 -1 1 6 116 -1 117 -1 133 -1 46 60 135 -1 51 52 138 140 -1 2 142 -1 161 170 -1 10 41 220 222 -1 228 -1
224 10 45 138 142 143 -1 199 -1 2 220 -1 42 -1 51 228 -1 36 39 -1
427 37 -1 46 69 -1 29 47 77 112 116 -1 5 118 -1 132 -1 23 134 142 -1 145 -1 19 -1 148 -1 58 152 -1 17 57 72 220 221 -1 76 -1 228 -1 31 50 230 -1
577 59 78 -1 109 -1 6 30 116 -1 117 138 -1 31 -1 44 140 -1 46 142 -1 1 143 220 -1 12 29 43 228 -1 47 -1
187 57 -1 2 27 38 142 143 145 -1 146 -1 56 -1 48 148 149 168 -1 177 -1 58 222 -1 39 45 228 229 -1 55 237 -1
288 0 -1 43 -1 7 76 -1 79 -1 8 -1 1 16 19 23 25 48 54 60 62 -1 17 56 -1 26 -1 30 69 -1 14 34 68 -1 35 -1 24 -1 51 -1 58 59 112 -1 80 -1 50 52 116 131 140 -1 78 142 -1 49 -1 74 -1 143 -1 22 152 220 -1 13 72 -1 228 -1
235 28 -1 5 29 38 45 52 -1 109 -1 116 -1 41 117 119 -1 12 -1 61 62 131 -1 33 132 -1 138 142 143 -1 37 -1 39 -1 145 148 149 -1 160 165 -1 20 -1 181 -1 185 186 187 -1 200 -1 30 220 221 -1 58 222 -1 60 -1 44 49 54 227 228 -1
344 8 12 19 87 -1 22 -1 28 -1 16 -1 14 17 -1 24 25 33 -1 26 35 -1 27 41 63 77 82 -1 30 34 -1 53 62 68 -1 75 78 -1 112 -1 116 119 -1 13 -1 88 131 -1 132 -1 31 84 140 -1 23 142 -1 85 -1 161 -1 44 178 -1 47 -1 190 -1 220 -1 4 38 50 221 225 -1 228 -1 237 -1 58 -1 73 -1
529 78 109 116 138 142 161 -1 59 -1 36 190 221 -1 51 -1 222 228 -1 20 -1 31 -1 234 -1 12 -1 237 -1 54 -1
390 220 -1 53 57 -1 221 -1 8 -1 225 -1 228 -1 33 230 -1
384 31 -1 112 116 117 131 -1 44 -1 46 132 -1 6 -1 142 143 -1 190 221 -1 12 -1 15 -1 225 228 -1
689 0 7 8 26 32 33 -1 9 70 -1 12 17 27 39 -1 10 16 80 -1 28 -1 19 37 69 -1 25 -1 29 34 36 60 -1 35 -1 67 -1 38 46 -1 77 -1 20 56 109 110 -1 4 113 -1 71 -1 5 116 -1 31 57 132 -1 133 -1 3 -1 142 -1 143 144 -1 62 -1 148 -1 22 -1 149 -1 193 -1 24 221 222 228 -1 14 -1
582 9 17 43 -1 13 -1 52 -1 82 -1 16 -1 44 -1 101 -1 15 27 -1 69 90 -1 58 -1 100 -1 36 -1 41 -1 46 -1 72 -1 88 -1 53 68 -1 99 -1 67 73 -1 19 -1 48 49 77 -1 98 -1 71 -1 107 108 -1 81 -1 10 109 -1 112 -1 37 116 -1 132 134 -1 95 -1 138 -1 142 -1 96 -1 145 -1 66 -1 148 -1 51 -1 170 -1 190 221 -1 33 222 225 -1 228 -1 54 -1 65 230 -1
538 21 38 241 -1 25 -1
125 10 12 31 50 51 73 -1 16 24 -1 19 -1 14 -1 22 38 -1 3 25 43 49 -1 26 39 -1 52 -1 27 -1 53 -1 7 34 -1 35 44 -1 36 -1 40 45 57 68 -1 54 -1 109 112 -1 56 -1 116 -1 0 -1 117 -1 8 119 -1 13 -1 69 131 -1 67 71 132 135 -1 2 -1 138 -1 48 -1 32 142 143 144 146 -1 33 -1 15 148 -1 149 -1 37 70 160 -1 165 -1 176 -1 181 185 -1 186 199 -1 202 -1 220 -1 47 63 227 228 253 254 -1 255 -1 18 265 266 -1
375 8 26 -1 15 -1 54 -1 18 -1 52 60 -1 6 12 25 -1 30 47 -1 42 68 -1 39 40 43 45 62 -1 44 69 -1 20 -1 36 109 -1 116 -1 117 -1 41 119 -1 70 77 131 -1 67 -1 10 34 138 140 -1 63 142 -1 1 64 -1 143 -1 13 168 176 -1 177 -1 190 196 -1 4 -1 50 61 220 221 -1 9 16 225 228 -1
217 65 117 118 -1 6 47 119 132 135 -1 12 56 138 142 -1 143 206 -1 220 -1 38 -1 67 221 -1 10 222 -1 46 -1 48 -1 228 -1 21 -1 58 229 -1 234 -1 54 -1
569 13 35 38 72 -1 6 77 -1 78 -1 44 -1 109 -1 22 116 117 -1 29 138 -1 24 -1 142 143 -1 42 46 48 172 220 -1 12 52 221 -1 18 -1 222 -1 21 -1 228 -1 31 33 40 55 65 230 231 234 -1
553 22 -1 40 77 -1 11 78 -1 56 109 -1 8 -1 116 117 134 -1 49 -1 138 -1 23 142 -1 24 -1 143 -1 59 -1 173 -1 31 -1 190 220 221 225 -1 6 -1 12 228 -1 53 -1 63 234 -1
382 12 -1 21 35 45 60 -1 47 68 -1 29 55 -1 19 77 78 -1 10 16 62 109 -1 24 112 -1 59 116 -1 4 17 -1 14 117 119 -1 131 -1 57 -1 132 -1 18 138 142 -1 56 -1 143 190 -1 221 -1 5 31 225 -1 15 228 -1 37 237 -1
450 1 20 21 -1 59 -1 7 9 10 -1 25 -1 15 16 -1 18 29 -1 30 -1 34 35 -1 32 39 -1 109 -1 116 -1 24 117 -1 138 -1 22 142 -1 2 143 -1 28 -1 49 220 221 -1 6 -1 11 13 228 241 -1
172 3 -1 0 -1 13 -1 4 45 68 -1 7 8 34 -1 21 81 -1 12 -1 16 33 52 67 -1 17 -1 91 -1 19 69 -1 15 25 26 74 -1 35 78 109 111 -1 11 -1 116 -1 117 -1 1 131 -1 14 -1 82 85 -1 135 -1 22 -1 143 152 -1 20 55 160 -1 169 -1 61 83 -1 178 -1 181 -1 18 37 220 -1 44 73 -1 224 -1 64 -1 70 228 -1 24 29 49 -1 57 -1 10 240 -1
