[[4]]
60
[[16]]
87
[[5]]
71
[[12]]
88
[[19]]
118
[[14]]
90
[[18]]
103
[[13]]
91
[[2]]
70
[[8]]
78
[[11]]
78
[[15]]
90
[[1]]
61
[[7]]
74
[[3]]
66
[[6]]
70
[[9]]
69
[[17]]
100
[[0]]
64
[[10]]
69
[[4], [16]]
38
[[4], [19]]
46
[[4], [14]]
38
[[4], [18]]
39
[[4], [13]]
33
[[4], [15]]
37
[[4], [17]]
34
[[16], [16]]
55
[[16], [5]]
42
[[16], [12]]
48
[[16], [19]]
67
[[16, 19]]
43
[[16], [14]]
52
[[16], [18]]
55
[[16, 18]]
33
[[16], [13]]
44
[[16], [8]]
36
[[16], [11]]
39
[[16], [15]]
48
[[16], [7]]
36
[[16], [6]]
35
[[16], [9]]
36
[[16], [17]]
52
[[16], [0]]
34
[[16], [10]]
34
[[5], [16]]
40
[[5], [12]]
32
[[5], [19]]
50
[[5], [14]]
36
[[5], [18]]
41
[[5], [13]]
34
[[5], [8]]
34
[[5], [15]]
33
[[5], [17]]
36
[[12], [16]]
44
[[12], [5]]
38
[[12], [12]]
39
[[12], [19]]
66
[[12], [14]]
50
[[12], [18]]
59
[[12], [13]]
47
[[12], [2]]
32
[[12], [8]]
41
[[12], [11]]
36
[[12], [15]]
52
[[12], [7]]
34
[[12], [6]]
32
[[12], [9]]
36
[[12], [17]]
51
[[12], [0]]
33
[[12], [10]]
36
[[19], [4]]
47
[[19], [16]]
73
[[19], [5]]
60
[[19], [12]]
72
[[19], [19]]
101
[[19], [14]]
75
[[19], [18]]
85
[[19], [13]]
76
[[19], [2]]
50
[[19], [8]]
63
[[19], [11]]
62
[[19], [15]]
72
[[19], [1]]
45
[[19], [7]]
61
[[19], [3]]
53
[[19], [6]]
56
[[19], [9]]
52
[[19], [17]]
82
[[19], [0]]
53
[[19], [10]]
58
[[14], [4]]
35
[[14], [16]]
52
[[14], [5]]
43
[[14], [12]]
55
[[14], [19]]
73
[[14, 19]]
33
[[14], [14]]
52
[[14], [18]]
56
[[14], [13]]
56
[[14], [2]]
39
[[14], [8]]
45
[[14], [11]]
44
[[14], [15]]
58
[[14], [7]]
44
[[14], [3]]
39
[[14], [6]]
42
[[14], [9]]
36
[[14], [17]]
59
[[14], [0]]
37
[[14], [10]]
42
[[18], [4]]
42
[[18], [16]]
62
[[18], [5]]
50
[[18], [12]]
62
[[18], [19]]
80
[[18, 19]]
79
[[18], [14]]
62
[[18], [18]]
71
[[18], [13]]
62
[[18], [2]]
41
[[18], [8]]
51
[[18], [11]]
52
[[18], [15]]
61
[[18], [1]]
38
[[18], [7]]
49
[[18], [3]]
44
[[18], [6]]
48
[[18], [9]]
46
[[18], [17]]
66
[[18], [0]]
43
[[18], [10]]
47
[[13], [4]]
32
[[13], [16]]
48
[[13], [5]]
40
[[13], [12]]
38
[[13], [19]]
73
[[13], [14]]
54
[[13], [18]]
58
[[13], [13]]
48
[[13], [2]]
35
[[13], [8]]
43
[[13], [11]]
48
[[13], [15]]
52
[[13], [7]]
41
[[13], [3]]
37
[[13], [6]]
35
[[13], [9]]
40
[[13], [17]]
57
[[13], [0]]
39
[[13], [10]]
41
[[2], [16]]
42
[[2], [5]]
33
[[2], [12]]
34
[[2], [19]]
55
[[2], [14]]
37
[[2], [18]]
41
[[2], [13]]
35
[[2], [8]]
32
[[2], [15]]
35
[[2], [17]]
48
[[8], [16]]
47
[[8], [5]]
32
[[8], [12]]
38
[[8], [19]]
64
[[8], [14]]
40
[[8], [18]]
57
[[8], [13]]
44
[[8], [8]]
37
[[8], [11]]
41
[[8], [15]]
40
[[8], [7]]
35
[[8], [3]]
34
[[8], [6]]
32
[[8], [17]]
49
[[8], [10]]
40
[[11], [16]]
43
[[11], [5]]
33
[[11], [12]]
35
[[11], [19]]
62
[[11], [14]]
50
[[11], [18]]
51
[[11], [13]]
54
[[11], [2]]
38
[[11], [8]]
34
[[11], [11]]
47
[[11], [15]]
49
[[11], [7]]
38
[[11], [17]]
54
[[11], [10]]
32
[[15], [16]]
53
[[15], [5]]
38
[[15], [12]]
44
[[15], [19]]
72
[[15, 19]]
36
[[15], [14]]
52
[[15], [18]]
60
[[15], [13]]
53
[[15], [8]]
39
[[15], [11]]
44
[[15], [15]]
52
[[15], [7]]
39
[[15], [3]]
35
[[15], [6]]
37
[[15], [17]]
60
[[15], [10]]
37
[[1], [16]]
36
[[1], [12]]
32
[[1], [19]]
47
[[1], [14]]
36
[[1], [18]]
38
[[1], [13]]
35
[[1], [15]]
34
[[1], [17]]
39
[[7], [16]]
40
[[7], [5]]
33
[[7], [12]]
34
[[7], [19]]
63
[[7], [14]]
44
[[7], [18]]
48
[[7], [13]]
41
[[7], [11]]
32
[[7], [15]]
41
[[7], [9]]
34
[[7], [17]]
46
[[7], [10]]
34
[[3], [16]]
32
[[3], [19]]
51
[[3], [14]]
35
[[3], [18]]
43
[[3], [13]]
37
[[3], [15]]
36
[[3], [17]]
35
[[6], [16]]
40
[[6], [12]]
40
[[6], [19]]
56
[[6], [14]]
43
[[6], [18]]
48
[[6], [13]]
41
[[6], [2]]
34
[[6], [15]]
40
[[6], [7]]
34
[[6], [9]]
35
[[6], [17]]
45
[[6], [10]]
32
[[9], [16]]
38
[[9], [5]]
33
[[9], [12]]
34
[[9], [19]]
58
[[9], [14]]
45
[[9], [18]]
47
[[9], [13]]
42
[[9], [8]]
36
[[9], [11]]
37
[[9], [15]]
40
[[9], [7]]
32
[[9], [6]]
34
[[9], [9]]
35
[[9], [17]]
46
[[9], [10]]
33
[[17], [4]]
43
[[17], [16]]
58
[[17], [5]]
49
[[17], [12]]
54
[[17], [19]]
84
[[17, 19]]
59
[[17], [14]]
61
[[17], [18]]
65
[[17, 18]]
42
[[17], [13]]
64
[[17], [2]]
40
[[17], [8]]
48
[[17], [11]]
52
[[17], [15]]
62
[[17], [1]]
34
[[17], [7]]
47
[[17], [3]]
38
[[17], [6]]
42
[[17], [9]]
42
[[17], [17]]
68
[[17], [0]]
47
[[17], [10]]
49
[[0], [16]]
33
[[0], [12]]
35
[[0], [19]]
50
[[0], [14]]
39
[[0], [18]]
41
[[0], [13]]
40
[[0], [8]]
33
[[0], [11]]
32
[[0], [17]]
38
[[10], [16]]
40
[[10], [5]]
33
[[10], [12]]
36
[[10], [19]]
53
[[10], [14]]
37
[[10], [18]]
45
[[10], [13]]
40
[[10], [8]]
36
[[10], [11]]
34
[[10], [15]]
39
[[10], [9]]
32
[[10], [17]]
42
[[4], [19], [19]]
32
[[16], [16], [19]]
36
[[16], [19], [16]]
38
[[16], [19], [19]]
47
[[16], [19], [14]]
38
[[16], [19], [18]]
38
[[16], [19], [15]]
32
[[16], [19], [17]]
36
[[16, 19], [16]]
32
[[16, 19], [19]]
34
[[16], [18], [19]]
34
[[16], [18, 19]]
39
[[16], [18], [18]]
32
[[16], [17], [19]]
38
[[5], [19], [19]]
34
[[5], [18, 19]]
32
[[12], [19], [16]]
33
[[12], [19], [19]]
42
[[12], [19], [14]]
37
[[12], [19], [18]]
37
[[12], [19], [15]]
36
[[12], [19], [17]]
40
[[12], [18], [19]]
37
[[12], [18, 19]]
41
[[12], [18], [18]]
34
[[12], [18], [15]]
32
[[12], [13], [19]]
35
[[12], [15], [19]]
32
[[12], [17], [19]]
39
[[19], [4], [19]]
33
[[19], [16], [16]]
44
[[19], [16], [5]]
32
[[19], [16], [12]]
35
[[19], [16], [19]]
49
[[19], [16], [14]]
40
[[19], [16], [18]]
41
[[19], [16], [13]]
37
[[19], [16], [15]]
37
[[19], [16], [17]]
36
[[19], [5], [19]]
33
[[19], [12], [19]]
48
[[19], [12], [14]]
36
[[19], [12], [18]]
41
[[19], [12], [13]]
33
[[19], [12], [15]]
37
[[19], [12], [17]]
38
[[19], [19], [4]]
33
[[19], [19], [16]]
55
[[19], [19], [5]]
43
[[19], [19], [12]]
54
[[19], [19], [19]]
74
[[19], [19], [14]]
57
[[19], [19], [18]]
64
[[19], [19], [13]]
56
[[19], [19], [2]]
36
[[19], [19], [8]]
45
[[19], [19], [11]]
46
[[19], [19], [15]]
55
[[19], [19], [7]]
45
[[19], [19], [3]]
36
[[19], [19], [6]]
36
[[19], [19], [9]]
42
[[19], [19], [17]]
63
[[19], [19], [0]]
34
[[19], [19], [10]]
41
[[19], [14], [16]]
42
[[19], [14], [5]]
34
[[19], [14], [12]]
41
[[19], [14], [19]]
57
[[19], [14], [14]]
40
[[19], [14], [18]]
41
[[19], [14], [13]]
43
[[19], [14], [8]]
34
[[19], [14], [11]]
35
[[19], [14], [15]]
43
[[19], [14], [7]]
32
[[19], [14], [6]]
32
[[19], [14], [17]]
45
[[19], [18], [4]]
32
[[19], [18], [16]]
45
[[19], [18], [5]]
38
[[19], [18], [12]]
48
[[19], [18], [19]]
67
[[19], [18, 19]]
61
[[19], [18], [14]]
52
[[19], [18], [18]]
58
[[19], [18], [13]]
54
[[19], [18], [2]]
32
[[19], [18], [8]]
41
[[19], [18], [11]]
37
[[19], [18], [15]]
47
[[19], [18], [7]]
38
[[19], [18], [3]]
37
[[19], [18], [6]]
39
[[19], [18], [9]]
40
[[19], [18], [17]]
56
[[19], [18], [0]]
34
[[19], [18], [10]]
39
[[19], [13], [16]]
37
[[19], [13], [5]]
32
[[19], [13], [19]]
60
[[19], [13], [14]]
43
[[19], [13], [18]]
44
[[19], [13], [13]]
38
[[19], [13], [8]]
32
[[19], [13], [11]]
35
[[19], [13], [15]]
42
[[19], [13], [7]]
32
[[19], [13], [9]]
32
[[19], [13], [17]]
50
[[19], [13], [10]]
32
[[19], [2], [19]]
35
[[19], [8], [16]]
34
[[19], [8], [19]]
47
[[19], [8], [14]]
32
[[19], [8], [18]]
38
[[19], [8], [11]]
33
[[19], [8], [17]]
33
[[19], [11], [16]]
34
[[19], [11], [19]]
49
[[19], [11], [14]]
35
[[19], [11], [18]]
38
[[19], [11], [13]]
39
[[19], [11], [11]]
32
[[19], [11], [15]]
32
[[19], [11], [17]]
40
[[19], [15], [16]]
39
[[19], [15], [12]]
33
[[19], [15], [19]]
51
[[19], [15], [14]]
35
[[19], [15], [18]]
39
[[19], [15], [13]]
35
[[19], [15], [15]]
36
[[19], [15], [17]]
43
[[19], [7], [19]]
49
[[19], [7], [14]]
32
[[19], [7], [18]]
36
[[19], [7], [17]]
35
[[19], [3], [19]]
35
[[19], [6], [19]]
40
[[19], [6], [18]]
33
[[19], [6], [13]]
32
[[19], [9], [19]]
40
[[19], [17], [4]]
32
[[19], [17], [16]]
42
[[19], [17], [12]]
39
[[19], [17], [19]]
64
[[19], [17, 19]]
45
[[19], [17], [14]]
43
[[19], [17], [18]]
48
[[19], [17], [13]]
48
[[19], [17], [8]]
35
[[19], [17], [11]]
32
[[19], [17], [15]]
46
[[19], [17], [7]]
32
[[19], [17], [17]]
53
[[19], [17], [0]]
32
[[19], [17], [10]]
35
[[19], [0], [19]]
39
[[19], [10], [19]]
40
[[19], [10], [18]]
32
[[14], [16], [19]]
36
[[14], [12], [19]]
40
[[14], [12], [18]]
33
[[14], [19], [16]]
40
[[14], [19], [5]]
32
[[14], [19], [12]]
37
[[14], [19], [19]]
54
[[14], [19], [14]]
37
[[14], [19], [18]]
45
[[14], [19], [13]]
37
[[14], [19], [8]]
33
[[14], [19], [11]]
34
[[14], [19], [15]]
37
[[14], [19], [17]]
41
[[14], [14], [19]]
36
[[14], [18], [16]]
34
[[14], [18], [12]]
34
[[14], [18], [19]]
42
[[14], [18, 19]]
46
[[14], [18], [14]]
33
[[14], [18], [18]]
41
[[14], [18], [13]]
32
[[14], [18], [15]]
32
[[14], [18], [17]]
34
[[14], [13], [19]]
43
[[14], [8], [19]]
34
[[14], [15], [16]]
32
[[14], [15], [19]]
41
[[14], [15], [18]]
34
[[14], [7], [19]]
38
[[14], [17], [19]]
46
[[14], [17, 19]]
33
[[14], [17], [18]]
32
[[14], [17], [13]]
35
[[14], [17], [15]]
33
[[14], [17], [17]]
32
[[18], [16], [16]]
38
[[18], [16], [19]]
43
[[18], [16], [14]]
32
[[18], [16], [18]]
34
[[18], [16], [15]]
33
[[18], [12], [19]]
43
[[18], [12], [14]]
32
[[18], [12], [18]]
36
[[18], [12], [17]]
32
[[18], [19], [16]]
47
[[18], [19], [5]]
38
[[18], [19], [12]]
42
[[18], [19], [19]]
64
[[18], [19], [14]]
44
[[18], [19], [18]]
53
[[18], [19], [13]]
44
[[18], [19], [8]]
35
[[18], [19], [11]]
37
[[18], [19], [15]]
45
[[18], [19], [7]]
35
[[18], [19], [3]]
33
[[18], [19], [9]]
32
[[18], [19], [17]]
50
[[18], [19], [10]]
37
[[18, 19], [16]]
44
[[18, 19], [5]]
39
[[18, 19], [12]]
45
[[18, 19], [19]]
54
[[18, 19], [14]]
48
[[18, 19], [18]]
48
[[18, 19], [13]]
44
[[18, 19], [8]]
32
[[18, 19], [15]]
45
[[18, 19], [7]]
34
[[18, 19], [3]]
32
[[18, 19], [6]]
37
[[18, 19], [9]]
32
[[18, 19], [17]]
44
[[18, 19], [10]]
38
[[18], [14], [16]]
36
[[18], [14], [19]]
40
[[18], [14], [14]]
32
[[18], [14], [15]]
32
[[18], [18], [16]]
43
[[18], [18], [5]]
34
[[18], [18], [12]]
38
[[18], [18], [19]]
58
[[18], [18, 19]]
52
[[18], [18], [14]]
43
[[18], [18], [18]]
47
[[18], [18], [13]]
45
[[18], [18], [15]]
41
[[18], [18], [9]]
32
[[18], [18], [17]]
47
[[18], [18], [10]]
35
[[18], [13], [19]]
47
[[18], [13], [14]]
36
[[18], [13], [18]]
33
[[18], [13], [15]]
34
[[18], [13], [17]]
37
[[18], [8], [19]]
38
[[18], [11], [19]]
41
[[18], [11], [14]]
32
[[18], [11], [13]]
32
[[18], [11], [17]]
32
[[18], [15], [16]]
33
[[18], [15], [19]]
45
[[18], [15], [14]]
33
[[18], [15], [17]]
33
[[18], [7], [19]]
39
[[18], [6], [19]]
32
[[18], [9], [19]]
32
[[18], [17], [16]]
32
[[18], [17], [12]]
32
[[18], [17], [19]]
55
[[18], [17, 19]]
40
[[18], [17], [14]]
37
[[18], [17], [18]]
40
[[18], [17], [13]]
39
[[18], [17], [15]]
42
[[18], [17], [17]]
42
[[18], [10], [19]]
33
[[13], [19], [16]]
37
[[13], [19], [19]]
49
[[13], [19], [14]]
37
[[13], [19], [18]]
40
[[13], [19], [8]]
32
[[13], [19], [15]]
32
[[13], [19], [17]]
33
[[13], [14], [19]]
33
[[13], [18], [16]]
32
[[13], [18], [19]]
40
[[13], [18, 19]]
43
[[13], [18], [14]]
33
[[13], [18], [18]]
38
[[13], [13], [19]]
32
[[13], [11], [19]]
34
[[13], [15], [19]]
38
[[13], [7], [19]]
32
[[13], [17], [19]]
42
[[2], [19], [16]]
32
[[2], [19], [19]]
34
[[2], [18, 19]]
32
[[2], [17], [19]]
36
[[8], [16], [19]]
32
[[8], [19], [16]]
36
[[8], [19], [19]]
47
[[8], [19], [14]]
34
[[8], [19], [18]]
40
[[8], [19], [17]]
35
[[8], [18], [16]]
35
[[8], [18], [19]]
41
[[8], [18, 19]]
43
[[8], [18], [14]]
33
[[8], [18], [18]]
35
[[8], [18], [17]]
33
[[8], [13], [19]]
32
[[8], [17], [19]]
35
[[11], [19], [19]]
39
[[11], [19], [18]]
33
[[11], [18], [19]]
37
[[11], [18, 19]]
34
[[11], [13], [19]]
40
[[11], [15], [19]]
33
[[11], [17], [19]]
40
[[11], [17], [13]]
34
[[11], [17], [17]]
32
[[15], [19], [16]]
42
[[15], [19], [12]]
34
[[15], [19], [19]]
47
[[15], [19], [14]]
38
[[15], [19], [18]]
43
[[15], [19], [13]]
36
[[15], [19], [15]]
34
[[15], [19], [17]]
41
[[15], [14], [19]]
32
[[15], [18], [16]]
34
[[15], [18], [19]]
46
[[15], [18, 19]]
42
[[15], [18], [14]]
34
[[15], [18], [18]]
41
[[15], [18], [13]]
37
[[15], [18], [17]]
37
[[15], [13], [19]]
40
[[15], [11], [19]]
33
[[15], [17], [19]]
42
[[15], [17], [18]]
33
[[15], [17], [13]]
34
[[15], [17], [15]]
32
[[15], [17], [17]]
32
[[1], [19], [19]]
40
[[7], [19], [16]]
34
[[7], [19], [19]]
39
[[7], [19], [17]]
34
[[7], [18, 19]]
39
[[7], [17], [19]]
34
[[3], [19], [19]]
33
[[3], [18, 19]]
33
[[6], [19], [19]]
40
[[6], [19], [18]]
37
[[6], [18], [19]]
33
[[6], [18, 19]]
35
[[6], [18], [18]]
32
[[6], [17], [19]]
36
[[9], [19], [16]]
32
[[9], [19], [19]]
46
[[9], [19], [14]]
36
[[9], [19], [18]]
37
[[9], [19], [13]]
32
[[9], [19], [17]]
38
[[9], [18], [19]]
32
[[9], [18, 19]]
37
[[9], [17], [19]]
33
[[17], [4], [19]]
33
[[17], [16], [16]]
33
[[17], [16], [19]]
35
[[17], [12], [19]]
36
[[17], [19], [16]]
45
[[17], [19], [5]]
38
[[17], [19], [12]]
34
[[17], [19], [19]]
58
[[17], [19], [14]]
42
[[17], [19], [18]]
50
[[17], [19], [13]]
38
[[17], [19], [8]]
36
[[17], [19], [11]]
37
[[17], [19], [15]]
41
[[17], [19], [7]]
39
[[17], [19], [17]]
50
[[17], [19], [10]]
37
[[17, 19], [19]]
45
[[17, 19], [18]]
32
[[17, 19], [15]]
36
[[17, 19], [17]]
33
[[17], [14], [16]]
36
[[17], [14], [19]]
42
[[17], [14], [14]]
34
[[17], [14], [18]]
34
[[17], [14], [13]]
32
[[17], [14], [15]]
33
[[17], [14], [17]]
35
[[17], [18], [16]]
35
[[17], [18], [12]]
33
[[17], [18], [19]]
50
[[17], [18, 19]]
50
[[17], [18], [14]]
36
[[17], [18], [18]]
45
[[17], [18], [13]]
35
[[17], [18], [15]]
35
[[17], [18], [7]]
32
[[17], [18], [17]]
39
[[17], [18], [10]]
34
[[17, 18], [19]]
32
[[17], [13], [19]]
44
[[17], [13], [14]]
37
[[17], [13], [18]]
35
[[17], [13], [15]]
32
[[17], [13], [17]]
35
[[17], [8], [19]]
38
[[17], [11], [19]]
39
[[17], [11], [14]]
33
[[17], [11], [17]]
35
[[17], [15], [16]]
32
[[17], [15], [19]]
45
[[17], [15], [14]]
34
[[17], [15], [18]]
35
[[17], [15], [13]]
32
[[17], [15], [17]]
37
[[17], [7], [19]]
37
[[17], [17], [19]]
50
[[17], [17, 19]]
39
[[17], [17], [14]]
33
[[17], [17], [18]]
37
[[17], [17], [13]]
33
[[17], [17], [17]]
39
[[17], [0], [19]]
32
[[0], [19], [19]]
37
[[10], [19], [19]]
34
[[10], [18, 19]]
32
[[19], [19], [12], [19]]
36
[[19], [19], [19], [16]]
38
[[19], [19], [19], [19]]
52
[[19], [19], [19], [14]]
34
[[19], [19], [19], [18]]
41
[[19], [19], [19], [13]]
33
[[19], [19], [19], [15]]
35
[[19], [19], [19], [17]]
44
[[19], [19], [14], [19]]
32
[[19], [19], [18], [19]]
41
[[19], [19], [18, 19]]
45
[[19], [19], [18], [18]]
38
[[19], [19], [18], [13]]
32
[[19], [19], [18], [17]]
33
[[19], [19], [13], [19]]
40
[[19], [19], [13], [17]]
34
[[19], [19], [11], [19]]
35
[[19], [19], [15], [19]]
34
[[19], [19], [7], [19]]
37
[[19], [19], [17], [19]]
43
[[19], [19], [17, 19]]
32
[[19], [19], [17], [18]]
32
[[19], [19], [17], [13]]
37
[[19], [19], [17], [15]]
33
[[19], [19], [17], [17]]
37
[[19], [14], [19], [19]]
33
[[19], [14], [18, 19]]
32
[[19], [14], [13], [19]]
33
[[19], [18], [12], [19]]
34
[[19], [18], [19], [19]]
46
[[19], [18], [19], [14]]
33
[[19], [18], [19], [18]]
42
[[19], [18], [19], [17]]
36
[[19], [18, 19], [16]]
32
[[19], [18, 19], [19]]
42
[[19], [18, 19], [14]]
35
[[19], [18, 19], [18]]
37
[[19], [18, 19], [13]]
34
[[19], [18, 19], [15]]
34
[[19], [18, 19], [17]]
34
[[19], [18], [14], [19]]
32
[[19], [18], [18], [19]]
41
[[19], [18], [18, 19]]
41
[[19], [18], [18], [14]]
33
[[19], [18], [18], [18]]
33
[[19], [18], [13], [19]]
41
[[19], [18], [15], [19]]
35
[[19], [18], [7], [19]]
32
[[19], [18], [17], [19]]
41
[[19], [18], [17], [13]]
33
[[19], [18], [17], [15]]
32
[[19], [13], [19], [19]]
37
[[19], [13], [17], [19]]
33
[[19], [17], [19], [19]]
33
[[19], [17], [19], [17]]
32
[[19], [17, 19], [19]]
33
[[19], [17], [18], [19]]
33
[[19], [17], [18, 19]]
32
[[14], [19], [19], [19]]
40
[[14], [19], [19], [17]]
34
[[14], [19], [18, 19]]
33
[[14], [19], [17], [19]]
32
[[14], [18], [19], [19]]
32
[[14], [18, 19], [18]]
32
[[18], [19], [16], [19]]
33
[[18], [19], [19], [16]]
33
[[18], [19], [19], [19]]
46
[[18], [19], [19], [14]]
34
[[18], [19], [19], [18]]
39
[[18], [19], [19], [15]]
33
[[18], [19], [19], [17]]
37
[[18], [19], [18], [19]]
38
[[18], [19], [18, 19]]
37
[[18], [19], [18], [18]]
36
[[18], [19], [13], [19]]
33
[[18], [19], [17], [19]]
39
[[18, 19], [19], [19]]
42
[[18, 19], [19], [14]]
32
[[18, 19], [19], [18]]
36
[[18, 19], [19], [15]]
32
[[18, 19], [18], [19]]
40
[[18, 19], [18, 19]]
34
[[18, 19], [18], [14]]
33
[[18, 19], [18], [18]]
32
[[18, 19], [18], [13]]
33
[[18, 19], [13], [19]]
32
[[18, 19], [17], [19]]
33
[[18], [18], [19], [19]]
41
[[18], [18], [19], [14]]
32
[[18], [18], [19], [18]]
39
[[18], [18, 19], [19]]
39
[[18], [18, 19], [14]]
32
[[18], [18, 19], [18]]
32
[[18], [18], [18], [19]]
34
[[18], [18], [18, 19]]
34
[[18], [18], [13], [19]]
32
[[18], [18], [17], [19]]
36
[[18], [13], [19], [19]]
33
[[8], [19], [19], [19]]
32
[[17], [19], [19], [19]]
39
[[17], [19], [19], [17]]
33
[[17], [19], [18], [19]]
36
[[17], [19], [18, 19]]
37
[[17], [19], [17], [19]]
32
[[17], [18], [19], [19]]
38
[[17], [18], [19], [18]]
35
[[17], [18, 19], [19]]
32
[[17], [18], [18], [19]]
33
[[17], [18], [18, 19]]
35
[[18], [19], [19], [19], [19]]
32
