[[4]]
17
[[16]]
17
[[5]]
18
[[12]]
14
[[19]]
25
[[14]]
18
[[18]]
20
[[13]]
18
[[2]]
9
[[8]]
12
[[11]]
17
[[15]]
15
[[1]]
13
[[7]]
16
[[3]]
12
[[6]]
17
[[9]]
16
[[17]]
18
[[0]]
10
[[10]]
18
[[4], [16]]
11
[[4], [5]]
8
[[4], [12]]
8
[[4], [19]]
14
[[4], [14]]
12
[[4], [18]]
9
[[4], [13]]
9
[[4], [11]]
9
[[4], [15]]
10
[[4], [7]]
8
[[4], [17]]
9
[[4], [10]]
10
[[16], [16]]
10
[[16], [12]]
8
[[16], [19]]
11
[[16], [18]]
9
[[16, 18]]
8
[[16], [10]]
10
[[5], [16]]
10
[[5], [19]]
12
[[5], [14]]
9
[[5], [18]]
13
[[5], [13]]
8
[[5], [11]]
8
[[5], [17]]
8
[[5], [10]]
10
[[12], [19]]
9
[[12], [14]]
8
[[19], [4]]
12
[[19], [16]]
13
[[19], [5]]
14
[[19], [12]]
13
[[19], [19]]
18
[[19], [14]]
15
[[19], [18]]
16
[[19], [13]]
15
[[19], [2]]
8
[[19], [8]]
10
[[19], [11]]
13
[[19], [15]]
12
[[19], [1]]
11
[[19], [7]]
14
[[19], [3]]
10
[[19], [6]]
13
[[19], [9]]
13
[[19], [17]]
13
[[19], [0]]
9
[[19], [10]]
16
[[14], [4]]
8
[[14], [16]]
9
[[14], [5]]
8
[[14], [12]]
11
[[14], [19]]
14
[[14], [14]]
11
[[14], [18]]
12
[[14, 18]]
8
[[14], [13]]
9
[[14], [11]]
9
[[14], [15]]
11
[[14], [7]]
9
[[14], [3]]
8
[[14], [9]]
11
[[14], [17]]
8
[[14], [10]]
12
[[18], [4]]
11
[[18], [16]]
14
[[18], [5]]
11
[[18], [12]]
10
[[18], [19]]
16
[[18, 19]]
16
[[18], [14]]
10
[[18], [18]]
16
[[18], [13]]
15
[[18], [11]]
12
[[18], [15]]
10
[[18], [1]]
9
[[18], [7]]
13
[[18], [3]]
9
[[18], [6]]
9
[[18], [9]]
10
[[18], [17]]
10
[[18], [0]]
8
[[18], [10]]
15
[[13], [4]]
10
[[13], [5]]
10
[[13], [19]]
12
[[13], [14]]
11
[[13], [18]]
11
[[13], [13]]
10
[[13], [11]]
13
[[13], [15]]
10
[[13], [1]]
8
[[13], [3]]
9
[[13], [9]]
8
[[13], [17]]
10
[[13], [10]]
10
[[8], [16]]
8
[[8], [19]]
10
[[8], [18]]
11
[[8], [13]]
8
[[8], [6]]
8
[[11], [4]]
9
[[11], [16]]
8
[[11], [5]]
8
[[11], [19]]
11
[[11], [14]]
9
[[11], [18]]
12
[[11], [13]]
11
[[11], [11]]
10
[[11], [15]]
9
[[11], [1]]
8
[[11], [7]]
9
[[11], [3]]
8
[[11], [17]]
9
[[11], [10]]
10
[[15], [4]]
8
[[15], [16]]
9
[[15], [5]]
8
[[15], [19]]
11
[[15], [18]]
11
[[15], [13]]
9
[[15], [11]]
10
[[15], [15]]
8
[[15], [7]]
9
[[15], [17]]
8
[[15], [10]]
8
[[1], [16]]
8
[[1], [19]]
8
[[1], [7]]
8
[[7], [4]]
8
[[7], [16]]
10
[[7], [19]]
13
[[7], [18]]
10
[[7], [13]]
9
[[7], [15]]
9
[[7], [17]]
9
[[7], [10]]
10
[[3], [19]]
9
[[3], [14]]
9
[[3], [18]]
8
[[3], [13]]
8
[[3], [11]]
8
[[3], [9]]
8
[[3], [10]]
9
[[6], [16]]
8
[[6], [5]]
8
[[6], [19]]
11
[[6], [14]]
9
[[6], [18]]
11
[[6], [13]]
8
[[6], [9]]
8
[[6], [10]]
8
[[9], [16]]
9
[[9], [5]]
8
[[9], [12]]
8
[[9], [19]]
14
[[9], [14]]
8
[[9], [18]]
12
[[9], [13]]
10
[[9], [11]]
9
[[9], [9]]
10
[[9], [10]]
12
[[17], [4]]
11
[[17], [16]]
10
[[17], [5]]
9
[[17], [19]]
16
[[17, 19]]
8
[[17], [14]]
10
[[17], [18]]
13
[[17, 18]]
8
[[17], [13]]
13
[[17], [11]]
11
[[17], [15]]
10
[[17], [1]]
8
[[17], [7]]
10
[[17], [9]]
8
[[17], [17]]
11
[[17], [10]]
13
[[10], [4]]
9
[[10], [16]]
10
[[10], [5]]
9
[[10], [12]]
9
[[10], [19]]
13
[[10], [14]]
10
[[10], [18]]
13
[[10], [13]]
11
[[10], [11]]
8
[[10], [15]]
8
[[10], [9]]
11
[[10], [17]]
8
[[10], [10]]
9
[[4], [16], [19]]
8
[[4], [19], [19]]
11
[[4], [19], [18]]
8
[[4], [18], [19]]
8
[[4], [18], [18]]
8
[[4], [7], [19]]
8
[[5], [18, 19]]
8
[[19], [4], [19]]
8
[[19], [4], [14]]
9
[[19], [16], [16]]
8
[[19], [5], [19]]
8
[[19], [5], [14]]
8
[[19], [5], [18]]
10
[[19], [19], [4]]
9
[[19], [19], [16]]
8
[[19], [19], [19]]
12
[[19], [19], [14]]
10
[[19], [19], [18]]
11
[[19], [19], [13]]
11
[[19], [19], [15]]
8
[[19], [19], [7]]
10
[[19], [19], [9]]
9
[[19], [19], [17]]
9
[[19], [19], [10]]
10
[[19], [14], [19]]
11
[[19], [14], [14]]
11
[[19], [14], [18]]
10
[[19], [14, 18]]
8
[[19], [14], [15]]
8
[[19], [14], [9]]
8
[[19], [18], [4]]
8
[[19], [18], [16]]
9
[[19], [18], [19]]
13
[[19], [18, 19]]
10
[[19], [18], [14]]
10
[[19], [18], [18]]
12
[[19], [18], [13]]
12
[[19], [18], [11]]
8
[[19], [18], [15]]
8
[[19], [18], [7]]
10
[[19], [18], [3]]
8
[[19], [18], [9]]
10
[[19], [18], [17]]
9
[[19], [18], [10]]
12
[[19], [13], [4]]
9
[[19], [13], [19]]
10
[[19], [13], [14]]
9
[[19], [13], [18]]
8
[[19], [13], [11]]
8
[[19], [13], [15]]
8
[[19], [13], [17]]
8
[[19], [11], [19]]
8
[[19], [11], [14]]
8
[[19], [11], [18]]
8
[[19], [11], [13]]
8
[[19], [7], [16]]
8
[[19], [7], [19]]
11
[[19], [7], [18]]
8
[[19], [7], [13]]
8
[[19], [7], [17]]
8
[[19], [7], [10]]
8
[[19], [3], [14]]
8
[[19], [9], [19]]
9
[[19], [9], [14]]
8
[[19], [9], [18]]
8
[[19], [9], [9]]
8
[[19], [9], [10]]
8
[[19], [17], [4]]
8
[[19], [17], [19]]
9
[[19], [17], [14]]
8
[[19], [17], [13]]
8
[[19], [17], [17]]
9
[[19], [17], [10]]
8
[[19], [10], [19]]
8
[[19], [10], [14]]
9
[[19], [10], [18]]
8
[[19], [10], [9]]
8
[[14], [19], [19]]
8
[[14], [19], [14]]
8
[[14], [19], [18]]
8
[[14], [19], [9]]
8
[[14], [19], [10]]
10
[[14], [18, 19]]
10
[[14], [18], [18]]
9
[[14], [18], [10]]
9
[[14], [7], [19]]
8
[[14], [9], [19]]
9
[[14], [9], [10]]
8
[[18], [4], [14]]
9
[[18], [16], [16]]
8
[[18], [16], [19]]
10
[[18], [16], [18]]
9
[[18], [16], [10]]
8
[[18], [5], [19]]
9
[[18], [5], [18]]
9
[[18], [19], [16]]
10
[[18], [19], [5]]
8
[[18], [19], [12]]
8
[[18], [19], [19]]
15
[[18], [19], [14]]
8
[[18], [19], [18]]
12
[[18], [19], [13]]
12
[[18], [19], [11]]
9
[[18], [19], [15]]
8
[[18], [19], [7]]
10
[[18], [19], [9]]
8
[[18], [19], [17]]
8
[[18], [19], [10]]
11
[[18, 19], [4]]
8
[[18, 19], [16]]
8
[[18, 19], [12]]
9
[[18, 19], [19]]
10
[[18, 19], [14]]
8
[[18, 19], [18]]
9
[[18, 19], [13]]
12
[[18, 19], [7]]
9
[[18, 19], [3]]
8
[[18, 19], [17]]
8
[[18, 19], [10]]
13
[[18], [14], [19]]
8
[[18], [14], [14]]
9
[[18], [18], [4]]
9
[[18], [18], [16]]
9
[[18], [18], [12]]
8
[[18], [18], [19]]
13
[[18], [18, 19]]
12
[[18], [18], [14]]
9
[[18], [18], [18]]
12
[[18], [18], [13]]
13
[[18], [18], [11]]
9
[[18], [18], [15]]
8
[[18], [18], [1]]
8
[[18], [18], [7]]
10
[[18], [18], [9]]
8
[[18], [18], [17]]
8
[[18], [18], [10]]
10
[[18], [13], [4]]
9
[[18], [13], [19]]
10
[[18], [13], [14]]
9
[[18], [13], [18]]
8
[[18], [13], [11]]
9
[[18], [13], [9]]
8
[[18], [13], [10]]
8
[[18], [11], [19]]
9
[[18], [11], [18]]
8
[[18], [11], [13]]
9
[[18], [11], [11]]
8
[[18], [7], [16]]
8
[[18], [7], [19]]
10
[[18], [7], [18]]
8
[[18], [17], [19]]
8
[[18], [10], [19]]
8
[[18], [10], [14]]
8
[[18], [10], [18]]
10
[[13], [19], [19]]
8
[[13], [19], [14]]
8
[[13], [19], [18]]
10
[[13], [14], [19]]
8
[[13], [14], [14]]
8
[[13], [14], [18]]
8
[[13], [18], [18]]
8
[[13], [11], [18]]
8
[[13], [11], [11]]
8
[[8], [19], [18]]
8
[[8], [18], [18]]
8
[[11], [19], [19]]
8
[[11], [19], [18]]
9
[[11], [18], [19]]
10
[[11], [18], [18]]
10
[[11], [18], [13]]
8
[[11], [18], [7]]
9
[[11], [18], [10]]
8
[[11], [15], [18]]
8
[[15], [19], [19]]
9
[[15], [19], [18]]
10
[[15], [19], [13]]
9
[[15], [19], [10]]
8
[[15], [18], [16]]
8
[[15], [18], [19]]
10
[[15], [18, 19]]
8
[[15], [18], [18]]
10
[[15], [18], [13]]
9
[[15], [18], [7]]
8
[[15], [18], [10]]
8
[[15], [11], [19]]
8
[[15], [7], [19]]
8
[[15], [7], [18]]
8
[[7], [19], [19]]
8
[[6], [19], [19]]
9
[[6], [18, 19]]
8
[[9], [19], [19]]
9
[[9], [19], [18]]
8
[[9], [19], [13]]
8
[[9], [19], [10]]
8
[[9], [18, 19]]
9
[[9], [18], [18]]
8
[[9], [18], [10]]
9
[[17], [4], [14]]
8
[[17], [19], [4]]
9
[[17], [19], [5]]
8
[[17], [19], [19]]
9
[[17], [19], [14]]
8
[[17], [19], [18]]
9
[[17], [19], [13]]
9
[[17], [19], [11]]
8
[[17], [19], [7]]
8
[[17], [19], [17]]
8
[[17], [19], [10]]
11
[[17], [14], [19]]
8
[[17], [14], [14]]
8
[[17], [18], [4]]
8
[[17], [18], [19]]
9
[[17], [18, 19]]
11
[[17], [18], [18]]
10
[[17], [18], [13]]
9
[[17], [18], [7]]
9
[[17], [18], [10]]
10
[[17], [13], [4]]
8
[[17], [13], [19]]
9
[[17], [13], [14]]
8
[[17], [13], [18]]
8
[[17], [13], [11]]
9
[[17], [13], [10]]
8
[[17], [15], [4]]
8
[[17], [15], [19]]
8
[[17], [10], [18]]
8
[[10], [19], [19]]
8
[[10], [18], [19]]
8
[[10], [18, 19]]
8
[[10], [18], [10]]
8
[[10], [9], [19]]
8
[[4], [18], [18], [19]]
8
[[19], [19], [19], [18]]
8
[[19], [19], [19], [7]]
8
[[19], [19], [18, 19]]
9
[[19], [19], [18], [18]]
9
[[19], [19], [13], [19]]
8
[[19], [19], [13], [14]]
8
[[19], [19], [13], [18]]
8
[[19], [19], [7], [19]]
8
[[19], [14], [19], [18]]
8
[[19], [14], [18, 19]]
8
[[19], [18], [4], [14]]
8
[[19], [18], [19], [19]]
8
[[19], [18], [19], [18]]
10
[[19], [18, 19], [13]]
8
[[19], [18, 19], [10]]
8
[[19], [18], [14], [19]]
8
[[19], [18], [14], [14]]
9
[[19], [18], [18], [19]]
10
[[19], [18], [18, 19]]
8
[[19], [18], [18], [14]]
9
[[19], [18], [18], [18]]
10
[[19], [18], [18], [13]]
8
[[19], [18], [18], [10]]
8
[[19], [18], [13], [19]]
8
[[19], [18], [13], [14]]
8
[[19], [18], [7], [19]]
8
[[19], [18], [10], [14]]
8
[[19], [18], [10], [18]]
8
[[18], [19], [19], [18]]
9
[[18], [19], [18], [19]]
10
[[18], [19], [18], [18]]
8
[[18], [19], [18], [13]]
9
[[18], [19], [18], [10]]
8
[[18], [19], [13], [19]]
8
[[18], [19], [11], [19]]
8
[[18, 19], [19], [19]]
8
[[18, 19], [19], [18]]
8
[[18, 19], [19], [13]]
8
[[18, 19], [18], [19]]
8
[[18, 19], [18], [18]]
8
[[18, 19], [18], [13]]
8
[[18, 19], [13], [4]]
8
[[18, 19], [13], [14]]
8
[[18], [18], [19], [19]]
10
[[18], [18], [19], [18]]
10
[[18], [18], [19], [13]]
8
[[18], [18, 19], [19]]
9
[[18], [18, 19], [18]]
8
[[18], [18, 19], [13]]
10
[[18], [18, 19], [10]]
9
[[18], [18], [14], [19]]
8
[[18], [18], [14], [14]]
8
[[18], [18], [18], [19]]
11
[[18], [18], [18, 19]]
8
[[18], [18], [18], [14]]
8
[[18], [18], [18], [18]]
8
[[18], [18], [18], [13]]
8
[[18], [18], [13], [19]]
9
[[18], [13], [19], [18]]
8
[[11], [18], [18], [19]]
9
[[11], [18], [18], [18]]
9
[[15], [19], [18], [19]]
8
[[15], [19], [18], [13]]
8
[[15], [18], [18], [19]]
8
[[15], [18], [18], [13]]
8
[[17], [18], [19], [19]]
8
[[17], [18, 19], [13]]
9
[[17], [18, 19], [10]]
9
[[17], [18], [18], [19]]
8
[[17], [18], [18, 19]]
8
[[17], [18], [18], [18]]
8
[[19], [18], [18], [19], [18]]
9
[[18], [19], [18], [19], [18]]
8
[[18], [19], [18], [18], [18]]
8
[[18, 19], [18], [19], [18]]
8
[[18], [18, 19], [19], [18]]
8
[[18], [18], [18], [19], [18]]
8
