[[4]]
79
[[16]]
117
[[5]]
85
[[12]]
112
[[19]]
149
[[14]]
119
[[18]]
136
[[13]]
117
[[2]]
90
[[8]]
97
[[11]]
97
[[15]]
113
[[1]]
79
[[7]]
98
[[3]]
86
[[6]]
93
[[9]]
92
[[17]]
132
[[0]]
83
[[10]]
91
[[4], [19]]
60
[[4], [14]]
51
[[4], [18]]
53
[[16], [16]]
75
[[16], [5]]
52
[[16], [12]]
66
[[16], [19]]
89
[[16, 19]]
58
[[16], [14]]
70
[[16], [18]]
76
[[16], [13]]
60
[[16], [11]]
54
[[16], [15]]
65
[[16], [7]]
53
[[16], [6]]
55
[[16], [9]]
53
[[16], [17]]
74
[[5], [16]]
51
[[5], [19]]
61
[[5], [18]]
54
[[12], [16]]
57
[[12], [12]]
52
[[12], [19]]
82
[[12], [14]]
67
[[12], [18]]
72
[[12], [13]]
57
[[12], [15]]
65
[[12], [9]]
51
[[12], [17]]
71
[[19], [4]]
60
[[19], [16]]
97
[[19], [5]]
73
[[19], [12]]
90
[[19], [19]]
127
[[19], [14]]
98
[[19], [18]]
112
[[19], [13]]
95
[[19], [2]]
66
[[19], [8]]
78
[[19], [11]]
79
[[19], [15]]
92
[[19], [1]]
59
[[19], [7]]
80
[[19], [3]]
67
[[19], [6]]
77
[[19], [9]]
71
[[19], [17]]
107
[[19], [0]]
69
[[19], [10]]
76
[[14], [16]]
71
[[14], [5]]
50
[[14], [12]]
72
[[14], [19]]
94
[[14], [14]]
67
[[14], [18]]
80
[[14], [13]]
72
[[14], [2]]
52
[[14], [8]]
55
[[14], [11]]
54
[[14], [15]]
78
[[14], [7]]
62
[[14], [3]]
51
[[14], [6]]
58
[[14], [9]]
50
[[14], [17]]
77
[[14], [10]]
59
[[18], [4]]
53
[[18], [16]]
84
[[18], [5]]
61
[[18], [12]]
83
[[18], [19]]
107
[[18, 19]]
99
[[18], [14]]
81
[[18], [18]]
95
[[18], [13]]
79
[[18], [2]]
56
[[18], [8]]
65
[[18], [11]]
68
[[18], [15]]
79
[[18], [1]]
52
[[18], [7]]
66
[[18], [3]]
59
[[18], [6]]
69
[[18], [9]]
64
[[18], [17]]
92
[[18], [0]]
57
[[18], [10]]
64
[[13], [16]]
67
[[13], [12]]
55
[[13], [19]]
95
[[13], [14]]
70
[[13], [18]]
79
[[13], [13]]
61
[[13], [8]]
54
[[13], [11]]
55
[[13], [15]]
68
[[13], [7]]
54
[[13], [9]]
52
[[13], [17]]
77
[[13], [10]]
54
[[2], [16]]
57
[[2], [19]]
69
[[2], [18]]
55
[[2], [15]]
51
[[2], [17]]
58
[[8], [16]]
61
[[8], [12]]
51
[[8], [19]]
79
[[8], [14]]
51
[[8], [18]]
72
[[8], [13]]
56
[[8], [15]]
50
[[8], [17]]
66
[[8], [10]]
50
[[11], [16]]
59
[[11], [19]]
78
[[11], [14]]
59
[[11], [18]]
66
[[11], [13]]
65
[[11], [11]]
54
[[11], [15]]
61
[[11], [17]]
68
[[15], [16]]
70
[[15], [12]]
60
[[15], [19]]
91
[[15], [14]]
70
[[15], [18]]
82
[[15], [13]]
69
[[15], [8]]
50
[[15], [11]]
54
[[15], [15]]
73
[[15], [7]]
53
[[15], [6]]
51
[[15], [17]]
80
[[15], [10]]
51
[[1], [19]]
61
[[1], [18]]
52
[[1], [17]]
53
[[7], [16]]
53
[[7], [19]]
78
[[7], [14]]
61
[[7], [18]]
68
[[7], [13]]
56
[[7], [15]]
56
[[7], [17]]
62
[[3], [19]]
64
[[3], [18]]
58
[[6], [16]]
52
[[6], [12]]
51
[[6], [19]]
75
[[6], [14]]
56
[[6], [18]]
66
[[6], [13]]
55
[[6], [15]]
53
[[6], [17]]
67
[[9], [16]]
54
[[9], [19]]
74
[[9], [14]]
59
[[9], [18]]
65
[[9], [13]]
54
[[9], [15]]
56
[[9], [9]]
51
[[9], [17]]
61
[[17], [4]]
58
[[17], [16]]
76
[[17], [5]]
62
[[17], [12]]
72
[[17], [19]]
105
[[17, 19]]
77
[[17], [14]]
81
[[17], [18]]
90
[[17, 18]]
57
[[17], [13]]
85
[[17], [2]]
53
[[17], [8]]
59
[[17], [11]]
62
[[17], [15]]
81
[[17], [7]]
67
[[17], [3]]
52
[[17], [6]]
61
[[17], [9]]
60
[[17], [17]]
86
[[17], [0]]
57
[[17], [10]]
64
[[0], [19]]
68
[[0], [14]]
52
[[0], [18]]
58
[[0], [13]]
51
[[0], [17]]
52
[[10], [19]]
70
[[10], [14]]
50
[[10], [18]]
61
[[10], [13]]
52
[[10], [15]]
52
[[10], [17]]
58
[[16], [19], [16]]
52
[[16], [19], [19]]
63
[[16], [19], [14]]
50
[[16], [19], [18]]
55
[[16], [19], [17]]
52
[[16], [18], [19]]
52
[[16], [18, 19]]
52
[[16], [18], [18]]
50
[[16], [17], [19]]
50
[[12], [19], [19]]
53
[[12], [19], [14]]
50
[[12], [19], [18]]
51
[[12], [19], [17]]
55
[[12], [18], [19]]
50
[[12], [17], [19]]
50
[[19], [16], [16]]
56
[[19], [16], [19]]
66
[[19], [16], [14]]
54
[[19], [16], [18]]
56
[[19], [16], [17]]
55
[[19], [12], [19]]
62
[[19], [12], [18]]
53
[[19], [12], [17]]
52
[[19], [19], [16]]
73
[[19], [19], [5]]
55
[[19], [19], [12]]
69
[[19], [19], [19]]
98
[[19], [19], [14]]
74
[[19], [19], [18]]
86
[[19], [19], [13]]
74
[[19], [19], [8]]
55
[[19], [19], [11]]
56
[[19], [19], [15]]
74
[[19], [19], [7]]
64
[[19], [19], [6]]
53
[[19], [19], [9]]
56
[[19], [19], [17]]
87
[[19], [19], [10]]
55
[[19], [14], [16]]
55
[[19], [14], [12]]
53
[[19], [14], [19]]
76
[[19], [14], [14]]
52
[[19], [14], [18]]
61
[[19], [14], [13]]
56
[[19], [14], [15]]
59
[[19], [14], [17]]
58
[[19], [18], [16]]
63
[[19], [18], [12]]
65
[[19], [18], [19]]
90
[[19], [18, 19]]
79
[[19], [18], [14]]
66
[[19], [18], [18]]
78
[[19], [18], [13]]
68
[[19], [18], [8]]
50
[[19], [18], [15]]
64
[[19], [18], [7]]
53
[[19], [18], [6]]
55
[[19], [18], [9]]
53
[[19], [18], [17]]
78
[[19], [18], [10]]
53
[[19], [13], [16]]
51
[[19], [13], [19]]
77
[[19], [13], [14]]
56
[[19], [13], [18]]
58
[[19], [13], [15]]
56
[[19], [13], [17]]
65
[[19], [8], [19]]
57
[[19], [8], [18]]
50
[[19], [11], [19]]
62
[[19], [11], [18]]
51
[[19], [11], [17]]
51
[[19], [15], [16]]
51
[[19], [15], [19]]
66
[[19], [15], [18]]
55
[[19], [15], [15]]
51
[[19], [15], [17]]
57
[[19], [7], [19]]
63
[[19], [7], [18]]
53
[[19], [6], [19]]
60
[[19], [6], [18]]
50
[[19], [6], [17]]
50
[[19], [9], [19]]
50
[[19], [17], [16]]
56
[[19], [17], [12]]
54
[[19], [17], [19]]
82
[[19], [17, 19]]
59
[[19], [17], [14]]
62
[[19], [17], [18]]
71
[[19], [17], [13]]
67
[[19], [17], [15]]
65
[[19], [17], [17]]
71
[[19], [0], [19]]
53
[[19], [10], [19]]
54
[[14], [12], [19]]
52
[[14], [19], [16]]
55
[[14], [19], [19]]
71
[[14], [19], [14]]
50
[[14], [19], [18]]
62
[[14], [19], [15]]
51
[[14], [19], [17]]
59
[[14], [14], [19]]
50
[[14], [18], [19]]
59
[[14], [18, 19]]
60
[[14], [18], [18]]
55
[[14], [13], [19]]
57
[[14], [15], [19]]
54
[[14], [17], [19]]
61
[[18], [16], [19]]
56
[[18], [12], [19]]
54
[[18], [19], [16]]
60
[[18], [19], [12]]
55
[[18], [19], [19]]
83
[[18], [19], [14]]
59
[[18], [19], [18]]
70
[[18], [19], [13]]
58
[[18], [19], [15]]
59
[[18], [19], [7]]
50
[[18], [19], [17]]
71
[[18, 19], [16]]
55
[[18, 19], [12]]
57
[[18, 19], [19]]
73
[[18, 19], [14]]
60
[[18, 19], [18]]
67
[[18, 19], [13]]
54
[[18, 19], [15]]
59
[[18, 19], [17]]
61
[[18], [14], [19]]
55
[[18], [18], [16]]
56
[[18], [18], [12]]
54
[[18], [18], [19]]
78
[[18], [18, 19]]
67
[[18], [18], [14]]
57
[[18], [18], [18]]
66
[[18], [18], [13]]
58
[[18], [18], [15]]
56
[[18], [18], [17]]
65
[[18], [13], [19]]
63
[[18], [13], [17]]
51
[[18], [11], [19]]
53
[[18], [15], [19]]
56
[[18], [17], [19]]
74
[[18], [17, 19]]
54
[[18], [17], [14]]
54
[[18], [17], [18]]
58
[[18], [17], [13]]
54
[[18], [17], [15]]
58
[[18], [17], [17]]
57
[[13], [19], [19]]
63
[[13], [19], [18]]
53
[[13], [18], [19]]
53
[[13], [18, 19]]
50
[[13], [17], [19]]
58
[[8], [19], [19]]
60
[[8], [19], [18]]
51
[[8], [18], [19]]
55
[[8], [18, 19]]
52
[[11], [19], [19]]
53
[[15], [19], [16]]
56
[[15], [19], [19]]
67
[[15], [19], [18]]
60
[[15], [19], [15]]
50
[[15], [19], [17]]
56
[[15], [18], [19]]
63
[[15], [18, 19]]
53
[[15], [18], [18]]
54
[[15], [18], [17]]
50
[[15], [13], [19]]
54
[[15], [17], [19]]
60
[[15], [17], [18]]
50
[[1], [19], [19]]
51
[[7], [19], [19]]
54
[[7], [18, 19]]
52
[[6], [19], [19]]
59
[[6], [19], [18]]
51
[[6], [17], [19]]
50
[[9], [19], [19]]
60
[[9], [19], [18]]
52
[[9], [19], [17]]
50
[[17], [19], [16]]
56
[[17], [19], [19]]
75
[[17], [19], [14]]
55
[[17], [19], [18]]
70
[[17], [19], [13]]
54
[[17], [19], [15]]
54
[[17], [19], [7]]
52
[[17], [19], [17]]
67
[[17, 19], [19]]
59
[[17], [14], [19]]
55
[[17], [14], [18]]
50
[[17], [18], [19]]
66
[[17], [18, 19]]
64
[[17], [18], [18]]
62
[[17], [18], [17]]
53
[[17], [13], [19]]
60
[[17], [13], [18]]
50
[[17], [15], [19]]
55
[[17], [17], [19]]
65
[[17], [17], [18]]
55
[[17], [17], [17]]
56
[[10], [19], [19]]
50
[[19], [19], [19], [16]]
51
[[19], [19], [19], [19]]
70
[[19], [19], [19], [18]]
61
[[19], [19], [19], [15]]
51
[[19], [19], [19], [17]]
62
[[19], [19], [18], [19]]
58
[[19], [19], [18, 19]]
59
[[19], [19], [18], [18]]
54
[[19], [19], [18], [17]]
51
[[19], [19], [13], [19]]
53
[[19], [19], [17], [19]]
60
[[19], [19], [17], [18]]
52
[[19], [19], [17], [13]]
55
[[19], [19], [17], [15]]
52
[[19], [19], [17], [17]]
54
[[19], [18], [19], [19]]
65
[[19], [18], [19], [18]]
57
[[19], [18], [19], [17]]
53
[[19], [18, 19], [19]]
59
[[19], [18, 19], [18]]
52
[[19], [18], [18], [19]]
58
[[19], [18], [18, 19]]
53
[[19], [18], [18], [18]]
50
[[19], [18], [13], [19]]
53
[[19], [18], [17], [19]]
60
[[14], [19], [19], [19]]
53
[[18], [19], [19], [19]]
60
[[18], [19], [19], [18]]
54
[[18], [19], [19], [17]]
52
[[18], [19], [18], [19]]
51
[[18], [19], [17], [19]]
54
[[18, 19], [19], [19]]
53
[[18, 19], [18], [19]]
52
[[18], [18], [19], [19]]
55
[[18], [18], [19], [18]]
55
[[18], [18, 19], [19]]
52
[[18], [18], [17], [19]]
53
[[17], [19], [19], [19]]
53
