[[4]]
109
[[16]]
160
[[5]]
116
[[12]]
145
[[19]]
192
[[14]]
156
[[18]]
178
[[13]]
148
[[2]]
117
[[8]]
125
[[11]]
131
[[15]]
148
[[1]]
108
[[7]]
124
[[3]]
113
[[6]]
124
[[9]]
126
[[17]]
166
[[0]]
106
[[10]]
127
[[4], [16]]
69
[[4], [12]]
53
[[4], [19]]
85
[[4], [14]]
69
[[4], [18]]
75
[[4], [15]]
67
[[4], [17]]
64
[[16], [4]]
63
[[16], [16]]
107
[[16], [5]]
74
[[16], [12]]
84
[[16], [19]]
128
[[16, 19]]
84
[[16], [14]]
95
[[16], [18]]
108
[[16, 18]]
58
[[16], [13]]
79
[[16], [2]]
56
[[16], [8]]
65
[[16], [11]]
78
[[16], [15]]
87
[[16], [1]]
55
[[16], [7]]
71
[[16], [3]]
61
[[16], [6]]
76
[[16], [9]]
71
[[16], [17]]
103
[[16], [0]]
58
[[16], [10]]
73
[[5], [16]]
70
[[5], [5]]
53
[[5], [12]]
55
[[5], [19]]
88
[[5], [14]]
62
[[5], [18]]
78
[[5], [15]]
56
[[5], [17]]
70
[[12], [4]]
53
[[12], [16]]
85
[[12], [5]]
62
[[12], [12]]
65
[[12], [19]]
115
[[12], [14]]
93
[[12], [18]]
104
[[12], [13]]
71
[[12], [2]]
55
[[12], [8]]
65
[[12], [11]]
64
[[12], [15]]
85
[[12], [1]]
55
[[12], [7]]
66
[[12], [3]]
56
[[12], [6]]
63
[[12], [9]]
67
[[12], [17]]
93
[[12], [10]]
61
[[19], [4]]
90
[[19], [16]]
137
[[19], [5]]
93
[[19], [12]]
113
[[19], [19]]
170
[[19], [14]]
135
[[19], [18]]
149
[[19], [13]]
118
[[19], [2]]
89
[[19], [8]]
102
[[19], [11]]
106
[[19], [15]]
121
[[19], [1]]
84
[[19], [7]]
105
[[19], [3]]
88
[[19], [6]]
103
[[19], [9]]
99
[[19], [17]]
136
[[19], [0]]
88
[[19], [10]]
107
[[14], [4]]
66
[[14], [16]]
98
[[14], [5]]
65
[[14], [12]]
85
[[14], [19]]
127
[[14, 19]]
59
[[14], [14]]
84
[[14], [18]]
112
[[14], [13]]
90
[[14], [2]]
68
[[14], [8]]
72
[[14], [11]]
71
[[14], [15]]
101
[[14], [7]]
80
[[14], [3]]
66
[[14], [6]]
77
[[14], [9]]
67
[[14], [17]]
101
[[14], [0]]
57
[[14], [10]]
74
[[18], [4]]
81
[[18], [16]]
117
[[18], [5]]
81
[[18], [12]]
106
[[18], [19]]
146
[[18, 19]]
135
[[18], [14]]
114
[[18], [18]]
129
[[18], [13]]
97
[[18], [2]]
75
[[18], [8]]
87
[[18], [11]]
88
[[18], [15]]
103
[[18], [1]]
69
[[18], [7]]
86
[[18], [3]]
74
[[18], [6]]
91
[[18], [9]]
88
[[18], [17]]
120
[[18], [0]]
72
[[18], [10]]
89
[[13], [4]]
59
[[13], [16]]
85
[[13], [5]]
62
[[13], [12]]
70
[[13], [19]]
121
[[13], [14]]
87
[[13], [18]]
104
[[13], [13]]
72
[[13], [2]]
56
[[13], [8]]
66
[[13], [11]]
72
[[13], [15]]
83
[[13], [7]]
66
[[13], [3]]
53
[[13], [6]]
64
[[13], [9]]
64
[[13], [17]]
99
[[13], [0]]
60
[[13], [10]]
75
[[2], [16]]
76
[[2], [12]]
55
[[2], [19]]
84
[[2], [14]]
59
[[2], [18]]
72
[[2], [13]]
58
[[2], [15]]
63
[[2], [17]]
74
[[8], [16]]
81
[[8], [12]]
67
[[8], [19]]
101
[[8], [14]]
74
[[8], [18]]
95
[[8], [13]]
69
[[8], [8]]
60
[[8], [11]]
66
[[8], [15]]
65
[[8], [7]]
61
[[8], [3]]
55
[[8], [6]]
64
[[8], [17]]
86
[[8], [10]]
69
[[11], [4]]
54
[[11], [16]]
76
[[11], [5]]
56
[[11], [12]]
58
[[11], [19]]
105
[[11], [14]]
76
[[11], [18]]
91
[[11], [13]]
79
[[11], [2]]
59
[[11], [8]]
58
[[11], [11]]
69
[[11], [15]]
79
[[11], [7]]
62
[[11], [6]]
60
[[11], [9]]
59
[[11], [17]]
90
[[11], [0]]
54
[[11], [10]]
58
[[15], [4]]
59
[[15], [16]]
96
[[15], [5]]
60
[[15], [12]]
74
[[15], [19]]
122
[[15, 19]]
66
[[15], [14]]
95
[[15], [18]]
109
[[15], [13]]
82
[[15], [2]]
59
[[15], [8]]
63
[[15], [11]]
76
[[15], [15]]
96
[[15], [1]]
57
[[15], [7]]
69
[[15], [3]]
60
[[15], [6]]
75
[[15], [9]]
60
[[15], [17]]
104
[[15], [0]]
56
[[15], [10]]
70
[[1], [16]]
66
[[1], [19]]
83
[[1], [14]]
64
[[1], [18]]
71
[[1], [13]]
57
[[1], [15]]
62
[[1], [17]]
64
[[7], [4]]
53
[[7], [16]]
72
[[7], [5]]
60
[[7], [12]]
63
[[7], [19]]
104
[[7], [14]]
76
[[7], [18]]
90
[[7], [13]]
68
[[7], [11]]
53
[[7], [15]]
69
[[7], [7]]
55
[[7], [6]]
53
[[7], [9]]
57
[[7], [17]]
81
[[7], [10]]
61
[[3], [16]]
68
[[3], [19]]
86
[[3], [14]]
62
[[3], [18]]
77
[[3], [13]]
58
[[3], [15]]
61
[[3], [7]]
53
[[3], [6]]
56
[[3], [17]]
67
[[6], [16]]
70
[[6], [12]]
64
[[6], [19]]
95
[[6], [14]]
68
[[6], [18]]
86
[[6], [13]]
70
[[6], [2]]
59
[[6], [11]]
53
[[6], [15]]
70
[[6], [7]]
56
[[6], [9]]
60
[[6], [17]]
78
[[6], [10]]
59
[[9], [4]]
57
[[9], [16]]
78
[[9], [5]]
55
[[9], [12]]
65
[[9], [19]]
102
[[9], [14]]
79
[[9], [18]]
92
[[9], [13]]
71
[[9], [2]]
55
[[9], [8]]
60
[[9], [11]]
63
[[9], [15]]
73
[[9], [7]]
59
[[9], [6]]
65
[[9], [9]]
64
[[9], [17]]
81
[[9], [0]]
54
[[9], [10]]
62
[[17], [4]]
77
[[17], [16]]
102
[[17], [5]]
79
[[17], [12]]
87
[[17], [19]]
136
[[17, 19]]
98
[[17], [14]]
110
[[17], [18]]
117
[[17, 18]]
72
[[17], [13]]
101
[[17], [2]]
70
[[17], [8]]
76
[[17], [11]]
82
[[17], [15]]
101
[[17], [1]]
58
[[17], [7]]
84
[[17], [3]]
67
[[17], [6]]
82
[[17], [9]]
78
[[17], [17]]
114
[[17], [0]]
71
[[17], [10]]
84
[[0], [16]]
66
[[0], [12]]
58
[[0], [19]]
84
[[0], [14]]
63
[[0], [18]]
72
[[0], [13]]
59
[[0], [11]]
55
[[0], [15]]
55
[[0], [17]]
62
[[0], [10]]
54
[[10], [16]]
71
[[10], [12]]
65
[[10], [19]]
97
[[10], [14]]
69
[[10], [18]]
87
[[10], [13]]
68
[[10], [8]]
59
[[10], [11]]
61
[[10], [15]]
72
[[10], [7]]
55
[[10], [3]]
53
[[10], [6]]
58
[[10], [9]]
61
[[10], [17]]
78
[[10], [10]]
53
[[4], [19], [19]]
66
[[4], [19], [18]]
57
[[4], [18], [19]]
59
[[4], [18, 19]]
54
[[4], [18], [18]]
53
[[16], [16], [19]]
73
[[16], [16], [18]]
54
[[16], [16], [17]]
56
[[16], [12], [19]]
56
[[16], [19], [16]]
74
[[16], [19], [12]]
55
[[16], [19], [19]]
93
[[16], [19], [14]]
66
[[16], [19], [18]]
83
[[16], [19], [11]]
53
[[16], [19], [15]]
65
[[16], [19], [17]]
72
[[16], [19], [10]]
56
[[16, 19], [16]]
61
[[16, 19], [19]]
70
[[16, 19], [18]]
58
[[16, 19], [17]]
53
[[16], [14], [16]]
53
[[16], [14], [19]]
62
[[16], [14], [18]]
56
[[16], [18], [16]]
56
[[16], [18], [19]]
77
[[16], [18, 19]]
78
[[16], [18], [14]]
55
[[16], [18], [18]]
75
[[16], [18], [17]]
58
[[16], [13], [19]]
63
[[16], [11], [19]]
56
[[16], [15], [19]]
54
[[16], [15], [18]]
53
[[16], [15], [17]]
53
[[16], [17], [19]]
72
[[16], [17], [14]]
54
[[16], [17], [18]]
57
[[16], [17], [15]]
53
[[16], [17], [17]]
57
[[5], [19], [19]]
65
[[5], [19], [18]]
58
[[5], [18], [19]]
62
[[5], [18, 19]]
59
[[5], [17], [19]]
54
[[12], [16], [19]]
63
[[12], [19], [16]]
70
[[12], [19], [19]]
81
[[12], [19], [14]]
68
[[12], [19], [18]]
81
[[12], [19], [13]]
54
[[12], [19], [15]]
61
[[12], [19], [17]]
73
[[12], [19], [10]]
53
[[12], [14], [19]]
64
[[12], [14], [18]]
54
[[12], [18], [16]]
54
[[12], [18], [19]]
75
[[12], [18, 19]]
74
[[12], [18], [18]]
70
[[12], [18], [17]]
59
[[12], [13], [19]]
57
[[12], [15], [19]]
63
[[12], [15], [18]]
56
[[12], [15], [17]]
54
[[12], [17], [19]]
68
[[12], [17], [14]]
55
[[12], [17], [18]]
57
[[12], [17], [17]]
56
[[19], [4], [19]]
61
[[19], [4], [18]]
56
[[19], [16], [16]]
81
[[19], [16], [5]]
59
[[19], [16], [12]]
64
[[19], [16], [19]]
101
[[19], [16, 19]]
64
[[19], [16], [14]]
75
[[19], [16], [18]]
84
[[19], [16], [13]]
63
[[19], [16], [11]]
58
[[19], [16], [15]]
69
[[19], [16], [7]]
55
[[19], [16], [6]]
58
[[19], [16], [9]]
55
[[19], [16], [17]]
80
[[19], [16], [10]]
57
[[19], [5], [19]]
64
[[19], [5], [18]]
59
[[19], [12], [16]]
58
[[19], [12], [19]]
86
[[19], [12], [14]]
65
[[19], [12], [18]]
74
[[19], [12], [15]]
54
[[19], [12], [17]]
65
[[19], [19], [4]]
70
[[19], [19], [16]]
104
[[19], [19], [5]]
75
[[19], [19], [12]]
87
[[19], [19], [19]]
136
[[19], [19], [14]]
102
[[19], [19], [18]]
121
[[19], [19], [13]]
93
[[19], [19], [2]]
67
[[19], [19], [8]]
75
[[19], [19], [11]]
80
[[19], [19], [15]]
95
[[19], [19], [1]]
56
[[19], [19], [7]]
85
[[19], [19], [3]]
64
[[19], [19], [6]]
78
[[19], [19], [9]]
77
[[19], [19], [17]]
112
[[19], [19], [0]]
59
[[19], [19], [10]]
79
[[19], [14], [16]]
79
[[19], [14], [5]]
55
[[19], [14], [12]]
65
[[19], [14], [19]]
105
[[19], [14], [14]]
65
[[19], [14], [18]]
88
[[19], [14], [13]]
70
[[19], [14], [2]]
55
[[19], [14], [8]]
56
[[19], [14], [11]]
56
[[19], [14], [15]]
79
[[19], [14], [7]]
60
[[19], [14], [6]]
59
[[19], [14], [9]]
54
[[19], [14], [17]]
76
[[19], [14], [10]]
55
[[19], [18], [4]]
62
[[19], [18], [16]]
86
[[19], [18], [5]]
62
[[19], [18], [12]]
80
[[19], [18], [19]]
125
[[19], [18, 19]]
111
[[19], [18], [14]]
90
[[19], [18], [18]]
109
[[19], [18], [13]]
80
[[19], [18], [2]]
58
[[19], [18], [8]]
67
[[19], [18], [11]]
67
[[19], [18], [15]]
83
[[19], [18], [7]]
73
[[19], [18], [3]]
58
[[19], [18], [6]]
71
[[19], [18], [9]]
69
[[19], [18], [17]]
99
[[19], [18], [0]]
54
[[19], [18], [10]]
73
[[19], [13], [16]]
64
[[19], [13], [12]]
57
[[19], [13], [19]]
95
[[19], [13], [14]]
66
[[19], [13], [18]]
78
[[19], [13], [13]]
58
[[19], [13], [15]]
66
[[19], [13], [17]]
79
[[19], [13], [10]]
55
[[19], [2], [19]]
59
[[19], [8], [16]]
57
[[19], [8], [19]]
75
[[19], [8], [14]]
59
[[19], [8], [18]]
69
[[19], [8], [17]]
60
[[19], [11], [16]]
60
[[19], [11], [19]]
83
[[19], [11], [14]]
57
[[19], [11], [18]]
68
[[19], [11], [13]]
56
[[19], [11], [15]]
57
[[19], [11], [17]]
67
[[19], [15], [16]]
72
[[19], [15], [12]]
54
[[19], [15], [19]]
94
[[19], [15, 19]]
53
[[19], [15], [14]]
63
[[19], [15], [18]]
81
[[19], [15], [13]]
57
[[19], [15], [11]]
53
[[19], [15], [15]]
72
[[19], [15], [7]]
54
[[19], [15], [6]]
57
[[19], [15], [17]]
77
[[19], [15], [10]]
54
[[19], [1], [19]]
63
[[19], [1], [18]]
53
[[19], [7], [16]]
57
[[19], [7], [19]]
86
[[19], [7], [14]]
60
[[19], [7], [18]]
71
[[19], [7], [15]]
53
[[19], [7], [17]]
63
[[19], [3], [19]]
61
[[19], [3], [18]]
53
[[19], [6], [19]]
77
[[19], [6], [18]]
65
[[19], [6], [13]]
55
[[19], [6], [17]]
57
[[19], [9], [16]]
56
[[19], [9], [19]]
73
[[19], [9], [18]]
60
[[19], [9], [17]]
55
[[19], [17], [4]]
59
[[19], [17], [16]]
80
[[19], [17], [5]]
57
[[19], [17], [12]]
67
[[19], [17], [19]]
112
[[19], [17, 19]]
77
[[19], [17], [14]]
86
[[19], [17], [18]]
94
[[19], [17, 18]]
53
[[19], [17], [13]]
76
[[19], [17], [2]]
55
[[19], [17], [8]]
55
[[19], [17], [11]]
57
[[19], [17], [15]]
84
[[19], [17], [7]]
62
[[19], [17], [6]]
62
[[19], [17], [9]]
62
[[19], [17], [17]]
93
[[19], [17], [0]]
53
[[19], [17], [10]]
64
[[19], [0], [19]]
66
[[19], [0], [18]]
55
[[19], [10], [19]]
75
[[19], [10], [14]]
54
[[19], [10], [18]]
64
[[19], [10], [17]]
55
[[14], [16], [16]]
56
[[14], [16], [19]]
68
[[14], [16], [18]]
55
[[14], [16], [17]]
54
[[14], [12], [19]]
65
[[14], [12], [18]]
56
[[14], [19], [16]]
75
[[14], [19], [12]]
57
[[14], [19], [19]]
99
[[14], [19], [14]]
63
[[14], [19], [18]]
89
[[14], [19], [13]]
65
[[14], [19], [8]]
58
[[14], [19], [11]]
53
[[14], [19], [15]]
67
[[14], [19], [7]]
57
[[14], [19], [6]]
53
[[14], [19], [17]]
79
[[14], [19], [10]]
58
[[14], [14], [19]]
64
[[14], [14], [18]]
54
[[14], [18], [16]]
61
[[14], [18], [12]]
54
[[14], [18], [19]]
83
[[14], [18, 19]]
85
[[14], [18], [14]]
55
[[14], [18], [18]]
77
[[14], [18], [13]]
55
[[14], [18], [15]]
57
[[14], [18], [17]]
67
[[14], [13], [19]]
70
[[14], [13], [18]]
53
[[14], [15], [16]]
57
[[14], [15], [19]]
71
[[14], [15], [18]]
63
[[14], [15], [17]]
56
[[14], [7], [19]]
60
[[14], [6], [19]]
57
[[14], [17], [16]]
56
[[14], [17], [19]]
81
[[14], [17, 19]]
56
[[14], [17], [18]]
66
[[14], [17], [13]]
55
[[14], [17], [15]]
57
[[14], [17], [17]]
62
[[18], [4], [19]]
55
[[18], [16], [16]]
65
[[18], [16], [12]]
53
[[18], [16], [19]]
84
[[18], [16, 19]]
56
[[18], [16], [14]]
57
[[18], [16], [18]]
64
[[18], [16], [15]]
58
[[18], [16], [17]]
61
[[18], [12], [19]]
77
[[18], [12], [14]]
60
[[18], [12], [18]]
67
[[18], [12], [17]]
59
[[18], [19], [4]]
55
[[18], [19], [16]]
90
[[18], [19], [5]]
66
[[18], [19], [12]]
74
[[18], [19], [19]]
116
[[18], [19], [14]]
86
[[18], [19], [18]]
101
[[18], [19], [13]]
74
[[18], [19], [2]]
54
[[18], [19], [8]]
60
[[18], [19], [11]]
63
[[18], [19], [15]]
81
[[18], [19], [7]]
67
[[18], [19], [3]]
55
[[18], [19], [6]]
64
[[18], [19], [9]]
61
[[18], [19], [17]]
92
[[18], [19], [10]]
68
[[18, 19], [4]]
58
[[18, 19], [16]]
83
[[18, 19], [5]]
64
[[18, 19], [12]]
77
[[18, 19], [19]]
106
[[18, 19], [14]]
87
[[18, 19], [18]]
97
[[18, 19], [13]]
70
[[18, 19], [8]]
57
[[18, 19], [11]]
55
[[18, 19], [15]]
78
[[18, 19], [7]]
65
[[18, 19], [3]]
56
[[18, 19], [6]]
64
[[18, 19], [9]]
65
[[18, 19], [17]]
84
[[18, 19], [10]]
67
[[18], [14], [16]]
64
[[18], [14], [19]]
78
[[18], [14], [18]]
66
[[18], [14], [15]]
59
[[18], [14], [17]]
59
[[18], [18], [16]]
76
[[18], [18], [5]]
56
[[18], [18], [12]]
69
[[18], [18], [19]]
105
[[18], [18, 19]]
94
[[18], [18], [14]]
76
[[18], [18], [18]]
95
[[18], [18], [13]]
70
[[18], [18], [11]]
58
[[18], [18], [15]]
72
[[18], [18], [7]]
58
[[18], [18], [6]]
57
[[18], [18], [9]]
54
[[18], [18], [17]]
85
[[18], [18], [10]]
61
[[18], [13], [19]]
78
[[18], [13], [14]]
55
[[18], [13], [18]]
62
[[18], [13], [15]]
54
[[18], [13], [17]]
61
[[18], [8], [19]]
63
[[18], [8], [18]]
58
[[18], [11], [19]]
69
[[18], [11], [18]]
54
[[18], [11], [17]]
55
[[18], [15], [16]]
57
[[18], [15], [19]]
76
[[18], [15], [14]]
59
[[18], [15], [18]]
64
[[18], [15], [15]]
63
[[18], [15], [17]]
61
[[18], [7], [19]]
68
[[18], [7], [18]]
55
[[18], [6], [19]]
63
[[18], [9], [19]]
59
[[18], [9], [18]]
53
[[18], [17], [16]]
65
[[18], [17], [12]]
60
[[18], [17], [19]]
99
[[18], [17, 19]]
70
[[18], [17], [14]]
76
[[18], [17], [18]]
80
[[18], [17], [13]]
61
[[18], [17], [15]]
76
[[18], [17], [6]]
53
[[18], [17], [17]]
75
[[18], [17], [10]]
54
[[18], [10], [19]]
61
[[18], [10], [18]]
54
[[13], [19], [16]]
62
[[13], [19], [19]]
88
[[13], [19], [14]]
64
[[13], [19], [18]]
71
[[13], [19], [15]]
56
[[13], [19], [17]]
65
[[13], [14], [19]]
57
[[13], [18], [16]]
54
[[13], [18], [19]]
69
[[13], [18, 19]]
68
[[13], [18], [18]]
57
[[13], [11], [19]]
53
[[13], [15], [19]]
58
[[13], [17], [19]]
75
[[13], [17], [14]]
57
[[13], [17], [18]]
55
[[2], [19], [16]]
56
[[2], [19], [19]]
61
[[2], [19], [17]]
54
[[2], [17], [19]]
59
[[8], [16], [19]]
60
[[8], [19], [16]]
66
[[8], [19], [19]]
82
[[8], [19], [14]]
57
[[8], [19], [18]]
72
[[8], [19], [17]]
66
[[8], [18], [16]]
57
[[8], [18], [19]]
71
[[8], [18, 19]]
68
[[8], [18], [14]]
54
[[8], [18], [18]]
61
[[8], [18], [17]]
57
[[8], [13], [19]]
54
[[8], [17], [19]]
65
[[11], [19], [16]]
56
[[11], [19], [19]]
80
[[11], [19], [18]]
67
[[11], [19], [15]]
53
[[11], [19], [17]]
58
[[11], [14], [19]]
53
[[11], [18], [19]]
71
[[11], [18, 19]]
59
[[11], [18], [18]]
59
[[11], [18], [17]]
54
[[11], [13], [19]]
61
[[11], [15], [19]]
58
[[11], [17], [19]]
69
[[11], [17], [17]]
56
[[15], [16], [19]]
64
[[15], [12], [19]]
54
[[15], [19], [16]]
72
[[15], [19], [12]]
55
[[15], [19], [19]]
90
[[15], [19], [14]]
61
[[15], [19], [18]]
81
[[15], [19], [13]]
54
[[15], [19], [15]]
67
[[15], [19], [17]]
66
[[15], [19], [10]]
55
[[15], [14], [19]]
64
[[15], [14], [18]]
54
[[15], [18], [16]]
59
[[15], [18], [19]]
82
[[15], [18, 19]]
72
[[15], [18], [14]]
54
[[15], [18], [18]]
71
[[15], [18], [15]]
53
[[15], [18], [17]]
60
[[15], [13], [19]]
66
[[15], [11], [19]]
55
[[15], [15], [19]]
62
[[15], [17], [16]]
55
[[15], [17], [19]]
78
[[15], [17], [14]]
54
[[15], [17], [18]]
66
[[15], [17], [13]]
54
[[15], [17], [15]]
63
[[15], [17], [17]]
60
[[1], [19], [19]]
67
[[1], [19], [18]]
54
[[1], [19], [17]]
53
[[1], [18], [19]]
57
[[1], [18, 19]]
53
[[7], [16], [19]]
54
[[7], [19], [16]]
60
[[7], [19], [19]]
79
[[7], [19], [18]]
63
[[7], [19], [15]]
53
[[7], [19], [17]]
65
[[7], [18], [19]]
64
[[7], [18, 19]]
68
[[7], [18], [18]]
57
[[7], [18], [17]]
55
[[7], [13], [19]]
54
[[7], [17], [19]]
66
[[3], [19], [19]]
66
[[3], [19], [18]]
56
[[3], [18], [19]]
53
[[3], [18, 19]]
55
[[6], [19], [16]]
56
[[6], [19], [19]]
73
[[6], [19], [14]]
54
[[6], [19], [18]]
63
[[6], [19], [15]]
53
[[6], [19], [17]]
55
[[6], [18], [19]]
60
[[6], [18, 19]]
57
[[6], [18], [18]]
58
[[6], [17], [19]]
60
[[6], [17], [18]]
54
[[9], [16], [19]]
56
[[9], [19], [16]]
63
[[9], [19], [19]]
86
[[9], [19], [14]]
59
[[9], [19], [18]]
74
[[9], [19], [13]]
55
[[9], [19], [15]]
59
[[9], [19], [17]]
67
[[9], [18], [19]]
68
[[9], [18, 19]]
69
[[9], [18], [18]]
61
[[9], [18], [17]]
54
[[9], [13], [19]]
55
[[9], [17], [19]]
64
[[17], [4], [19]]
56
[[17], [16], [16]]
60
[[17], [16], [19]]
67
[[17], [16], [18]]
54
[[17], [16], [17]]
54
[[17], [12], [19]]
63
[[17], [12], [18]]
55
[[17], [19], [16]]
79
[[17], [19], [5]]
60
[[17], [19], [12]]
61
[[17], [19], [19]]
104
[[17], [19], [14]]
74
[[17], [19], [18]]
96
[[17], [19], [13]]
69
[[17], [19], [8]]
54
[[17], [19], [11]]
60
[[17], [19], [15]]
72
[[17], [19], [7]]
67
[[17], [19], [6]]
59
[[17], [19], [9]]
53
[[17], [19], [17]]
89
[[17], [19], [10]]
63
[[17, 19], [16]]
55
[[17, 19], [19]]
82
[[17, 19], [14]]
58
[[17, 19], [18]]
67
[[17, 19], [15]]
58
[[17, 19], [17]]
62
[[17], [14], [16]]
64
[[17], [14], [19]]
79
[[17], [14], [18]]
72
[[17], [14], [15]]
59
[[17], [14], [17]]
61
[[17], [18], [16]]
61
[[17], [18], [12]]
61
[[17], [18], [19]]
90
[[17], [18, 19]]
86
[[17], [18], [14]]
65
[[17], [18], [18]]
84
[[17], [18], [13]]
60
[[17], [18], [15]]
63
[[17], [18], [7]]
55
[[17], [18], [6]]
55
[[17], [18], [17]]
74
[[17], [18], [10]]
55
[[17, 18], [19]]
54
[[17], [13], [19]]
75
[[17], [13], [14]]
54
[[17], [13], [18]]
63
[[17], [13], [15]]
53
[[17], [13], [17]]
62
[[17], [8], [19]]
55
[[17], [11], [19]]
61
[[17], [11], [17]]
54
[[17], [15], [16]]
57
[[17], [15], [19]]
74
[[17], [15], [14]]
53
[[17], [15], [18]]
67
[[17], [15], [13]]
53
[[17], [15], [15]]
57
[[17], [15], [17]]
63
[[17], [7], [19]]
63
[[17], [6], [19]]
54
[[17], [9], [19]]
54
[[17], [17], [16]]
56
[[17], [17], [19]]
90
[[17], [17, 19]]
62
[[17], [17], [14]]
63
[[17], [17], [18]]
77
[[17], [17], [13]]
56
[[17], [17], [15]]
61
[[17], [17], [17]]
72
[[0], [19], [19]]
62
[[10], [19], [16]]
53
[[10], [19], [19]]
73
[[10], [19], [18]]
59
[[10], [19], [17]]
57
[[10], [18], [19]]
63
[[10], [18, 19]]
58
[[10], [18], [18]]
56
[[10], [15], [19]]
55
[[10], [17], [19]]
62
[[16], [19], [19], [19]]
63
[[16], [19], [19], [17]]
53
[[16], [19], [18, 19]]
57
[[16, 19], [19], [19]]
53
[[16], [18], [19], [19]]
54
[[16], [18, 19], [19]]
54
[[12], [19], [19], [19]]
60
[[12], [19], [18], [19]]
56
[[19], [16], [16], [19]]
54
[[19], [16], [19], [19]]
66
[[19], [16], [19], [18]]
59
[[19], [16], [18], [19]]
56
[[19], [16], [18, 19]]
56
[[19], [16], [18], [18]]
54
[[19], [12], [19], [18]]
54
[[19], [19], [16], [19]]
71
[[19], [19], [16], [17]]
53
[[19], [19], [12], [19]]
64
[[19], [19], [12], [18]]
56
[[19], [19], [19], [16]]
73
[[19], [19], [19], [5]]
58
[[19], [19], [19], [12]]
58
[[19], [19], [19], [19]]
104
[[19], [19], [19], [14]]
69
[[19], [19], [19], [18]]
87
[[19], [19], [19], [13]]
62
[[19], [19], [19], [11]]
56
[[19], [19], [19], [15]]
73
[[19], [19], [19], [7]]
63
[[19], [19], [19], [17]]
82
[[19], [19], [19], [10]]
58
[[19], [19], [14], [16]]
54
[[19], [19], [14], [19]]
64
[[19], [19], [14], [18]]
56
[[19], [19], [18], [16]]
57
[[19], [19], [18], [19]]
87
[[19], [19], [18, 19]]
87
[[19], [19], [18], [14]]
61
[[19], [19], [18], [18]]
77
[[19], [19], [18], [13]]
53
[[19], [19], [18], [15]]
58
[[19], [19], [18], [17]]
68
[[19], [19], [13], [19]]
70
[[19], [19], [13], [18]]
56
[[19], [19], [13], [17]]
56
[[19], [19], [11], [19]]
59
[[19], [19], [15], [19]]
62
[[19], [19], [15], [18]]
54
[[19], [19], [15], [17]]
53
[[19], [19], [7], [19]]
64
[[19], [19], [17], [16]]
59
[[19], [19], [17], [19]]
83
[[19], [19], [17, 19]]
59
[[19], [19], [17], [14]]
62
[[19], [19], [17], [18]]
66
[[19], [19], [17], [13]]
61
[[19], [19], [17], [15]]
67
[[19], [19], [17], [17]]
68
[[19], [14], [19], [16]]
55
[[19], [14], [19], [19]]
68
[[19], [14], [19], [18]]
66
[[19], [14], [19], [17]]
53
[[19], [14], [18], [19]]
58
[[19], [14], [18, 19]]
66
[[19], [14], [18], [18]]
56
[[19], [14], [17], [19]]
55
[[19], [18], [16], [19]]
61
[[19], [18], [12], [19]]
58
[[19], [18], [19], [16]]
64
[[19], [18], [19], [19]]
88
[[19], [18], [19], [14]]
65
[[19], [18], [19], [18]]
80
[[19], [18], [19], [15]]
60
[[19], [18], [19], [17]]
70
[[19], [18, 19], [16]]
58
[[19], [18, 19], [12]]
55
[[19], [18, 19], [19]]
86
[[19], [18, 19], [14]]
62
[[19], [18, 19], [18]]
76
[[19], [18, 19], [15]]
60
[[19], [18, 19], [17]]
64
[[19], [18], [14], [19]]
60
[[19], [18], [18], [16]]
55
[[19], [18], [18], [19]]
77
[[19], [18], [18, 19]]
78
[[19], [18], [18], [14]]
60
[[19], [18], [18], [18]]
66
[[19], [18], [18], [17]]
58
[[19], [18], [13], [19]]
64
[[19], [18], [15], [19]]
57
[[19], [18], [17], [19]]
80
[[19], [18], [17, 19]]
55
[[19], [18], [17], [14]]
56
[[19], [18], [17], [18]]
60
[[19], [18], [17], [15]]
59
[[19], [18], [17], [17]]
54
[[19], [13], [19], [19]]
65
[[19], [13], [19], [18]]
53
[[19], [13], [19], [17]]
53
[[19], [13], [17], [19]]
56
[[19], [11], [19], [19]]
58
[[19], [15], [19], [19]]
59
[[19], [15], [19], [18]]
54
[[19], [15], [18], [19]]
54
[[19], [15], [18, 19]]
56
[[19], [15], [17], [19]]
53
[[19], [7], [19], [19]]
57
[[19], [7], [18, 19]]
55
[[19], [17], [19], [16]]
54
[[19], [17], [19], [19]]
73
[[19], [17], [19], [18]]
69
[[19], [17], [19], [17]]
64
[[19], [17, 19], [19]]
64
[[19], [17, 19], [18]]
56
[[19], [17], [14], [19]]
54
[[19], [17], [18], [19]]
69
[[19], [17], [18, 19]]
64
[[19], [17], [18], [18]]
63
[[19], [17], [18], [17]]
55
[[19], [17], [15], [19]]
55
[[19], [17], [17], [19]]
63
[[14], [19], [19], [19]]
71
[[14], [19], [19], [18]]
62
[[14], [19], [19], [17]]
58
[[14], [19], [18], [19]]
62
[[14], [19], [18, 19]]
62
[[14], [19], [18], [18]]
54
[[14], [19], [17], [19]]
59
[[14], [18], [19], [19]]
57
[[14], [18, 19], [19]]
60
[[14], [18, 19], [18]]
60
[[14], [18], [17], [19]]
55
[[18], [19], [16], [19]]
63
[[18], [19], [19], [16]]
56
[[18], [19], [19], [19]]
88
[[18], [19], [19], [14]]
63
[[18], [19], [19], [18]]
78
[[18], [19], [19], [13]]
54
[[18], [19], [19], [15]]
61
[[18], [19], [19], [7]]
54
[[18], [19], [19], [17]]
66
[[18], [19], [14], [19]]
56
[[18], [19], [14], [18]]
54
[[18], [19], [18], [19]]
76
[[18], [19], [18, 19]]
71
[[18], [19], [18], [18]]
71
[[18], [19], [18], [17]]
58
[[18], [19], [13], [19]]
58
[[18], [19], [17], [19]]
73
[[18], [19], [17], [18]]
60
[[18], [19], [17], [15]]
56
[[18], [19], [17], [17]]
54
[[18, 19], [16], [19]]
59
[[18, 19], [12], [19]]
58
[[18, 19], [19], [16]]
60
[[18, 19], [19], [19]]
81
[[18, 19], [19], [14]]
62
[[18, 19], [19], [18]]
73
[[18, 19], [19], [13]]
56
[[18, 19], [19], [15]]
59
[[18, 19], [19], [17]]
60
[[18, 19], [14], [19]]
54
[[18, 19], [18], [16]]
54
[[18, 19], [18], [19]]
77
[[18, 19], [18, 19]]
67
[[18, 19], [18], [14]]
55
[[18, 19], [18], [18]]
66
[[18, 19], [18], [15]]
53
[[18, 19], [18], [17]]
57
[[18, 19], [15], [19]]
55
[[18, 19], [17], [19]]
69
[[18, 19], [17], [18]]
54
[[18, 19], [17], [15]]
57
[[18], [18], [16], [19]]
54
[[18], [18], [19], [19]]
75
[[18], [18], [19], [14]]
59
[[18], [18], [19], [18]]
76
[[18], [18], [19], [17]]
54
[[18], [18, 19], [19]]
70
[[18], [18, 19], [18]]
65
[[18], [18, 19], [17]]
53
[[18], [18], [18], [19]]
62
[[18], [18], [18, 19]]
62
[[18], [18], [18], [18]]
58
[[18], [18], [13], [19]]
54
[[18], [18], [17], [19]]
68
[[18], [18], [17], [18]]
53
[[18], [13], [19], [19]]
53
[[18], [17], [19], [19]]
65
[[18], [17], [19], [18]]
63
[[18], [17], [19], [17]]
56
[[18], [17, 19], [19]]
58
[[18], [17], [18], [19]]
60
[[18], [17], [18, 19]]
53
[[18], [17], [18], [18]]
55
[[18], [17], [17], [19]]
54
[[13], [19], [19], [19]]
54
[[8], [19], [19], [19]]
63
[[15], [19], [19], [19]]
57
[[9], [19], [19], [19]]
60
[[9], [19], [17], [19]]
54
[[17], [19], [19], [19]]
74
[[17], [19], [19], [18]]
64
[[17], [19], [19], [15]]
53
[[17], [19], [19], [17]]
60
[[17], [19], [18], [19]]
65
[[17], [19], [18, 19]]
68
[[17], [19], [18], [18]]
60
[[17], [19], [17], [19]]
65
[[17], [19], [17], [18]]
60
[[17], [14], [18, 19]]
53
[[17], [18], [19], [19]]
63
[[17], [18], [19], [18]]
64
[[17], [18, 19], [19]]
60
[[17], [18, 19], [18]]
59
[[17], [18], [18], [19]]
54
[[17], [18], [18, 19]]
58
[[17], [18], [17], [19]]
57
[[17], [17], [19], [19]]
57
[[17], [17], [19], [18]]
53
[[17], [17, 19], [19]]
56
[[17], [17], [18], [19]]
53
[[17], [17], [18, 19]]
58
[[17], [17], [17], [19]]
53
[[10], [19], [19], [19]]
53
[[19], [19], [19], [19], [19]]
64
[[19], [19], [19], [19], [18]]
60
[[19], [19], [19], [19], [17]]
55
[[19], [19], [19], [18], [19]]
57
[[19], [19], [19], [18, 19]]
61
[[19], [19], [19], [18], [18]]
54
[[19], [19], [18, 19], [19]]
62
[[19], [19], [18, 19], [18]]
54
[[19], [19], [18], [18, 19]]
57
[[19], [18, 19], [19], [19]]
55
[[19], [18, 19], [18, 19]]
54
[[18], [19], [19], [19], [19]]
60
[[18], [19], [19], [19], [18]]
53
[[18, 19], [19], [19], [19]]
55
[[18, 19], [19], [18], [19]]
53
