[[4]]
42
[[16]]
46
[[5]]
41
[[12]]
46
[[19]]
66
[[14]]
50
[[18]]
56
[[13]]
50
[[2]]
39
[[8]]
43
[[11]]
43
[[15]]
49
[[1]]
34
[[7]]
41
[[3]]
31
[[6]]
40
[[9]]
41
[[17]]
55
[[0]]
39
[[10]]
36
[[4], [16]]
22
[[4], [12]]
18
[[4], [19]]
29
[[4], [14]]
24
[[4], [18]]
23
[[4], [13]]
18
[[4], [11]]
20
[[4], [15]]
20
[[4], [9]]
18
[[4], [17]]
20
[[16], [16]]
28
[[16], [5]]
20
[[16], [12]]
25
[[16], [19]]
33
[[16, 19]]
23
[[16], [14]]
24
[[16], [18]]
28
[[16], [13]]
20
[[16], [8]]
18
[[16], [11]]
18
[[16], [15]]
21
[[16], [9]]
19
[[16], [17]]
24
[[16], [0]]
21
[[16], [10]]
19
[[5], [16]]
19
[[5], [19]]
25
[[5], [14]]
20
[[5], [18]]
23
[[5], [13]]
18
[[5], [8]]
20
[[12], [4]]
21
[[12], [16]]
19
[[12], [5]]
19
[[12], [12]]
18
[[12], [19]]
31
[[12], [14]]
25
[[12], [18]]
30
[[12], [13]]
21
[[12], [8]]
21
[[12], [15]]
22
[[12], [1]]
18
[[12], [7]]
18
[[12], [9]]
19
[[12], [17]]
20
[[12], [0]]
18
[[19], [4]]
33
[[19], [16]]
38
[[19], [5]]
32
[[19], [12]]
38
[[19], [19]]
53
[[19], [14]]
39
[[19], [18]]
45
[[19], [13]]
40
[[19], [2]]
28
[[19], [8]]
36
[[19], [11]]
32
[[19], [15]]
36
[[19], [1]]
27
[[19], [7]]
34
[[19], [3]]
27
[[19], [6]]
33
[[19], [9]]
28
[[19], [17]]
44
[[19], [0]]
32
[[19], [10]]
30
[[14], [4]]
24
[[14], [16]]
28
[[14], [5]]
24
[[14], [12]]
29
[[14], [19]]
38
[[14], [14]]
30
[[14], [18]]
33
[[14], [13]]
28
[[14], [2]]
19
[[14], [8]]
25
[[14], [11]]
24
[[14], [15]]
28
[[14], [7]]
25
[[14], [3]]
22
[[14], [6]]
22
[[14], [9]]
23
[[14], [17]]
28
[[14], [0]]
22
[[14], [10]]
22
[[18], [4]]
31
[[18], [16]]
33
[[18], [5]]
27
[[18], [12]]
31
[[18], [19]]
44
[[18, 19]]
41
[[18], [14]]
28
[[18], [18]]
41
[[18], [13]]
32
[[18], [2]]
22
[[18], [8]]
26
[[18], [11]]
28
[[18], [15]]
26
[[18], [1]]
24
[[18], [7]]
26
[[18], [3]]
23
[[18], [6]]
24
[[18], [9]]
25
[[18], [17]]
33
[[18], [0]]
27
[[18], [10]]
24
[[13], [4]]
26
[[13], [16]]
21
[[13], [5]]
22
[[13], [19]]
39
[[13], [14]]
26
[[13], [18]]
32
[[13], [13]]
27
[[13], [2]]
20
[[13], [8]]
22
[[13], [11]]
28
[[13], [15]]
27
[[13], [1]]
19
[[13], [7]]
22
[[13], [3]]
18
[[13], [6]]
20
[[13], [9]]
22
[[13], [17]]
32
[[13], [0]]
26
[[13], [10]]
20
[[2], [4]]
19
[[2], [16]]
20
[[2], [19]]
25
[[2], [14]]
18
[[2], [18]]
19
[[2], [13]]
18
[[2], [15]]
19
[[2], [17]]
21
[[2], [0]]
18
[[8], [16]]
25
[[8], [12]]
19
[[8], [19]]
37
[[8], [14]]
20
[[8], [18]]
31
[[8], [13]]
24
[[8], [8]]
18
[[8], [11]]
25
[[8], [15]]
18
[[8], [7]]
20
[[8], [3]]
18
[[8], [6]]
19
[[8], [17]]
28
[[8], [10]]
23
[[11], [4]]
22
[[11], [16]]
20
[[11], [5]]
18
[[11], [19]]
34
[[11], [14]]
27
[[11], [18]]
30
[[11], [13]]
29
[[11], [2]]
22
[[11], [11]]
24
[[11], [15]]
29
[[11], [1]]
18
[[11], [7]]
22
[[11], [3]]
18
[[11], [6]]
19
[[11], [9]]
19
[[11], [17]]
29
[[11], [0]]
21
[[11], [10]]
18
[[15], [4]]
22
[[15], [16]]
24
[[15], [5]]
20
[[15], [12]]
19
[[15], [19]]
37
[[15], [14]]
25
[[15], [18]]
32
[[15], [13]]
28
[[15], [8]]
19
[[15], [11]]
25
[[15], [15]]
26
[[15], [1]]
18
[[15], [7]]
21
[[15], [3]]
20
[[15], [9]]
19
[[15], [17]]
27
[[15], [10]]
19
[[1], [4]]
18
[[1], [16]]
19
[[1], [19]]
24
[[1], [14]]
20
[[1], [18]]
19
[[1], [13]]
19
[[1], [17]]
19
[[7], [16]]
20
[[7], [19]]
33
[[7], [14]]
21
[[7], [18]]
25
[[7], [13]]
20
[[7], [15]]
22
[[7], [9]]
18
[[7], [17]]
23
[[7], [10]]
20
[[3], [19]]
26
[[3], [14]]
19
[[3], [18]]
23
[[3], [13]]
20
[[3], [8]]
18
[[3], [11]]
20
[[3], [15]]
19
[[3], [17]]
18
[[3], [10]]
20
[[6], [16]]
22
[[6], [5]]
20
[[6], [12]]
20
[[6], [19]]
29
[[6], [14]]
19
[[6], [18]]
27
[[6], [13]]
22
[[6], [2]]
19
[[6], [15]]
18
[[6], [7]]
19
[[6], [17]]
22
[[6], [0]]
21
[[6], [10]]
18
[[9], [4]]
18
[[9], [16]]
19
[[9], [5]]
18
[[9], [12]]
19
[[9], [19]]
32
[[9], [14]]
22
[[9], [18]]
26
[[9], [13]]
20
[[9], [2]]
18
[[9], [8]]
20
[[9], [11]]
18
[[9], [7]]
20
[[9], [9]]
21
[[9], [17]]
22
[[9], [0]]
19
[[9], [10]]
18
[[17], [4]]
29
[[17], [16]]
28
[[17], [5]]
24
[[17], [12]]
26
[[17], [19]]
44
[[17, 19]]
29
[[17], [14]]
33
[[17], [18]]
39
[[17, 18]]
24
[[17], [13]]
36
[[17], [2]]
21
[[17], [8]]
24
[[17], [11]]
30
[[17], [15]]
33
[[17], [1]]
20
[[17], [7]]
27
[[17], [3]]
20
[[17], [6]]
22
[[17], [9]]
23
[[17], [17]]
37
[[17], [0]]
28
[[17], [10]]
25
[[0], [4]]
18
[[0], [16]]
19
[[0], [12]]
19
[[0], [19]]
27
[[0], [14]]
21
[[0], [18]]
24
[[0], [13]]
23
[[0], [2]]
18
[[0], [8]]
19
[[0], [7]]
18
[[0], [17]]
19
[[0], [0]]
18
[[10], [4]]
18
[[10], [16]]
21
[[10], [12]]
19
[[10], [19]]
26
[[10], [18]]
27
[[10], [13]]
23
[[10], [8]]
18
[[10], [11]]
18
[[10], [15]]
20
[[10], [9]]
18
[[10], [17]]
21
[[4], [19], [19]]
20
[[16], [16], [19]]
19
[[16], [19], [19]]
23
[[16], [19], [18]]
19
[[12], [19], [19]]
21
[[12], [19], [14]]
19
[[12], [19], [18]]
19
[[12], [18, 19]]
20
[[19], [4], [19]]
19
[[19], [16], [16]]
23
[[19], [16], [12]]
19
[[19], [16], [19]]
24
[[19], [16, 19]]
18
[[19], [16], [14]]
19
[[19], [16], [18]]
23
[[19], [16], [17]]
18
[[19], [12], [19]]
20
[[19], [12], [18]]
20
[[19], [19], [4]]
24
[[19], [19], [16]]
26
[[19], [19], [5]]
21
[[19], [19], [12]]
26
[[19], [19], [19]]
38
[[19], [19], [14]]
26
[[19], [19], [18]]
35
[[19], [19], [13]]
29
[[19], [19], [2]]
18
[[19], [19], [8]]
22
[[19], [19], [11]]
25
[[19], [19], [15]]
26
[[19], [19], [1]]
18
[[19], [19], [7]]
26
[[19], [19], [3]]
18
[[19], [19], [6]]
18
[[19], [19], [9]]
21
[[19], [19], [17]]
30
[[19], [19], [0]]
23
[[19], [19], [10]]
23
[[19], [14], [16]]
18
[[19], [14], [12]]
18
[[19], [14], [19]]
26
[[19], [14], [14]]
23
[[19], [14], [18]]
23
[[19], [14], [13]]
21
[[19], [14], [15]]
19
[[19], [14], [17]]
20
[[19], [18], [4]]
23
[[19], [18], [16]]
23
[[19], [18], [5]]
18
[[19], [18], [12]]
22
[[19], [18], [19]]
34
[[19], [18, 19]]
30
[[19], [18], [14]]
21
[[19], [18], [18]]
32
[[19], [18], [13]]
25
[[19], [18], [8]]
19
[[19], [18], [11]]
20
[[19], [18], [15]]
19
[[19], [18], [7]]
21
[[19], [18], [3]]
18
[[19], [18], [6]]
18
[[19], [18], [9]]
20
[[19], [18], [17]]
27
[[19], [18], [0]]
19
[[19], [18], [10]]
21
[[19], [13], [4]]
20
[[19], [13], [19]]
29
[[19], [13], [14]]
19
[[19], [13], [18]]
25
[[19], [13], [13]]
19
[[19], [13], [11]]
19
[[19], [13], [15]]
20
[[19], [13], [7]]
18
[[19], [13], [9]]
18
[[19], [13], [17]]
25
[[19], [13], [0]]
18
[[19], [8], [19]]
26
[[19], [8], [18]]
21
[[19], [8], [11]]
19
[[19], [8], [17]]
19
[[19], [11], [19]]
23
[[19], [11], [18]]
20
[[19], [11], [13]]
18
[[19], [11], [17]]
20
[[19], [15], [19]]
20
[[19], [15], [18]]
18
[[19], [7], [19]]
25
[[19], [7], [18]]
20
[[19], [7], [17]]
19
[[19], [6], [19]]
21
[[19], [6], [18]]
20
[[19], [9], [19]]
18
[[19], [17], [4]]
22
[[19], [17], [16]]
19
[[19], [17], [19]]
30
[[19], [17, 19]]
25
[[19], [17], [14]]
22
[[19], [17], [18]]
27
[[19], [17], [13]]
23
[[19], [17], [15]]
23
[[19], [17], [7]]
20
[[19], [17], [17]]
26
[[19], [0], [19]]
19
[[19], [0], [18]]
18
[[19], [10], [19]]
18
[[19], [10], [18]]
20
[[14], [16], [19]]
19
[[14], [12], [19]]
20
[[14], [19], [16]]
20
[[14], [19], [12]]
19
[[14], [19], [19]]
26
[[14], [19], [14]]
19
[[14], [19], [18]]
23
[[14], [19], [8]]
19
[[14], [19], [17]]
19
[[14], [14], [19]]
21
[[14], [18], [19]]
22
[[14], [18, 19]]
25
[[14], [18], [18]]
23
[[14], [13], [19]]
21
[[14], [8], [19]]
20
[[14], [7], [19]]
20
[[14], [17], [19]]
19
[[18], [16], [16]]
19
[[18], [16], [19]]
22
[[18], [16], [18]]
20
[[18], [19], [4]]
18
[[18], [19], [16]]
25
[[18], [19], [12]]
23
[[18], [19], [19]]
34
[[18], [19], [14]]
22
[[18], [19], [18]]
30
[[18], [19], [13]]
24
[[18], [19], [8]]
18
[[18], [19], [11]]
20
[[18], [19], [15]]
20
[[18], [19], [7]]
19
[[18], [19], [17]]
26
[[18], [19], [10]]
21
[[18, 19], [4]]
22
[[18, 19], [16]]
20
[[18, 19], [5]]
19
[[18, 19], [12]]
21
[[18, 19], [19]]
26
[[18, 19], [14]]
20
[[18, 19], [18]]
25
[[18, 19], [13]]
21
[[18, 19], [7]]
18
[[18, 19], [3]]
18
[[18, 19], [17]]
19
[[18, 19], [10]]
20
[[18], [14], [19]]
19
[[18], [14], [14]]
18
[[18], [18], [4]]
21
[[18], [18], [16]]
21
[[18], [18], [12]]
20
[[18], [18], [19]]
31
[[18], [18, 19]]
28
[[18], [18], [14]]
21
[[18], [18], [18]]
25
[[18], [18], [13]]
23
[[18], [18], [11]]
18
[[18], [18], [15]]
20
[[18], [18], [1]]
19
[[18], [18], [7]]
19
[[18], [18], [9]]
19
[[18], [18], [17]]
24
[[18], [18], [10]]
19
[[18], [13], [19]]
22
[[18], [13], [18]]
19
[[18], [13], [17]]
19
[[18], [8], [19]]
20
[[18], [11], [19]]
22
[[18], [11], [17]]
19
[[18], [7], [19]]
18
[[18], [17], [19]]
24
[[18], [17, 19]]
20
[[18], [17], [18]]
20
[[18], [17], [15]]
19
[[18], [17], [17]]
20
[[13], [19], [19]]
25
[[13], [19], [14]]
18
[[13], [19], [18]]
26
[[13], [19], [8]]
19
[[13], [19], [17]]
20
[[13], [18], [19]]
22
[[13], [18, 19]]
22
[[13], [18], [18]]
24
[[13], [11], [19]]
19
[[13], [15], [19]]
18
[[13], [17], [19]]
19
[[13], [17], [18]]
18
[[8], [19], [16]]
19
[[8], [19], [19]]
24
[[8], [19], [18]]
22
[[8], [19], [17]]
19
[[8], [18], [19]]
21
[[8], [18, 19]]
21
[[8], [18], [18]]
21
[[11], [19], [19]]
21
[[11], [19], [18]]
21
[[11], [18], [19]]
22
[[11], [18, 19]]
18
[[11], [18], [18]]
19
[[11], [13], [19]]
21
[[11], [11], [19]]
18
[[11], [15], [19]]
20
[[11], [15], [18]]
19
[[11], [17], [19]]
21
[[11], [17], [13]]
19
[[11], [17], [17]]
20
[[15], [19], [16]]
20
[[15], [19], [19]]
24
[[15], [19], [14]]
20
[[15], [19], [18]]
25
[[15], [19], [13]]
19
[[15], [19], [17]]
19
[[15], [14], [19]]
18
[[15], [18], [19]]
25
[[15], [18, 19]]
21
[[15], [18], [18]]
24
[[15], [18], [13]]
18
[[15], [13], [19]]
21
[[15], [11], [19]]
19
[[15], [7], [19]]
18
[[15], [17], [19]]
19
[[1], [19], [19]]
20
[[7], [19], [19]]
20
[[7], [18, 19]]
21
[[6], [19], [19]]
20
[[6], [19], [18]]
20
[[6], [18, 19]]
20
[[9], [19], [19]]
23
[[9], [19], [18]]
20
[[9], [18, 19]]
21
[[9], [18], [18]]
18
[[17], [4], [19]]
19
[[17], [16], [16]]
18
[[17], [16], [19]]
19
[[17], [19], [4]]
19
[[17], [19], [16]]
18
[[17], [19], [5]]
19
[[17], [19], [12]]
18
[[17], [19], [19]]
30
[[17], [19], [14]]
22
[[17], [19], [18]]
29
[[17], [19], [13]]
21
[[17], [19], [8]]
20
[[17], [19], [11]]
19
[[17], [19], [15]]
18
[[17], [19], [7]]
20
[[17], [19], [17]]
27
[[17], [19], [0]]
20
[[17], [19], [10]]
19
[[17], [14], [19]]
23
[[17], [14], [14]]
23
[[17], [14], [18]]
21
[[17], [14], [13]]
19
[[17], [14], [17]]
19
[[17], [18], [19]]
28
[[17], [18, 19]]
29
[[17], [18], [18]]
26
[[17], [18], [13]]
19
[[17], [18], [17]]
21
[[17], [18], [10]]
18
[[17], [13], [19]]
23
[[17], [13], [14]]
18
[[17], [13], [18]]
19
[[17], [13], [17]]
19
[[17], [8], [19]]
20
[[17], [11], [19]]
20
[[17], [11], [14]]
18
[[17], [11], [17]]
20
[[17], [15], [19]]
22
[[17], [15], [18]]
18
[[17], [7], [19]]
20
[[17], [9], [19]]
18
[[17], [17], [19]]
25
[[17], [17, 19]]
20
[[17], [17], [18]]
20
[[17], [17], [17]]
18
[[17], [0], [19]]
18
[[0], [19], [19]]
20
[[0], [18, 19]]
18
[[10], [19], [19]]
19
[[10], [18], [19]]
18
[[19], [19], [19], [19]]
26
[[19], [19], [19], [18]]
23
[[19], [19], [19], [7]]
18
[[19], [19], [19], [17]]
21
[[19], [19], [18], [19]]
20
[[19], [19], [18, 19]]
24
[[19], [19], [18], [18]]
22
[[19], [19], [13], [19]]
20
[[19], [19], [13], [17]]
18
[[19], [19], [11], [19]]
19
[[19], [19], [7], [19]]
18
[[19], [19], [17], [19]]
19
[[19], [19], [17], [17]]
18
[[19], [18], [19], [19]]
22
[[19], [18], [19], [18]]
26
[[19], [18, 19], [19]]
19
[[19], [18, 19], [18]]
20
[[19], [18], [18], [19]]
20
[[19], [18], [18, 19]]
20
[[19], [18], [18], [18]]
20
[[19], [13], [19], [18]]
19
[[14], [19], [19], [19]]
21
[[14], [18], [19], [19]]
18
[[18], [19], [16], [19]]
18
[[18], [19], [19], [19]]
24
[[18], [19], [19], [18]]
22
[[18], [19], [18], [19]]
21
[[18], [19], [18, 19]]
19
[[18], [19], [18], [18]]
19
[[18], [19], [11], [19]]
18
[[18, 19], [19], [18]]
21
[[18, 19], [18], [19]]
19
[[18, 19], [18], [18]]
19
[[18], [18], [19], [19]]
20
[[18], [18], [19], [18]]
22
[[18], [18, 19], [19]]
19
[[18], [18], [18, 19]]
18
[[18], [13], [19], [18]]
18
[[15], [19], [19], [19]]
18
[[15], [18], [19], [18]]
18
[[17], [19], [19], [19]]
19
[[17], [19], [19], [18]]
19
[[17], [19], [18], [19]]
18
[[17], [19], [18, 19]]
20
[[17], [18], [19], [19]]
19
[[17], [18], [19], [18]]
20
[[17], [18, 19], [18]]
18
[[17], [18], [18, 19]]
19
