[[4]]
121
[[16]]
176
[[5]]
127
[[12]]
157
[[19]]
205
[[14]]
168
[[18]]
192
[[13]]
159
[[2]]
125
[[8]]
139
[[11]]
141
[[15]]
160
[[1]]
124
[[7]]
134
[[3]]
124
[[6]]
132
[[9]]
136
[[17]]
178
[[0]]
112
[[10]]
141
[[4], [16]]
77
[[4], [12]]
60
[[4], [19]]
92
[[4], [14]]
76
[[4], [18]]
82
[[4], [13]]
57
[[4], [15]]
73
[[4], [17]]
70
[[16], [4]]
70
[[16], [16]]
118
[[16], [5]]
80
[[16], [12]]
90
[[16], [19]]
140
[[16, 19]]
89
[[16], [14]]
103
[[16], [18]]
120
[[16, 18]]
63
[[16], [13]]
85
[[16], [2]]
63
[[16], [8]]
77
[[16], [11]]
87
[[16], [15]]
99
[[16], [1]]
62
[[16], [7]]
79
[[16], [3]]
68
[[16], [6]]
82
[[16], [9]]
80
[[16], [17]]
114
[[16], [0]]
62
[[16], [10]]
81
[[5], [16]]
79
[[5], [12]]
61
[[5], [19]]
96
[[5], [14]]
68
[[5], [18]]
88
[[5], [13]]
57
[[5], [15]]
62
[[5], [17]]
78
[[12], [4]]
60
[[12], [16]]
96
[[12], [5]]
68
[[12], [12]]
71
[[12], [19]]
125
[[12], [14]]
101
[[12], [18]]
113
[[12], [13]]
76
[[12], [2]]
61
[[12], [8]]
73
[[12], [11]]
69
[[12], [15]]
94
[[12], [1]]
67
[[12], [7]]
73
[[12], [3]]
61
[[12], [6]]
69
[[12], [9]]
74
[[12], [17]]
101
[[12], [10]]
69
[[19], [4]]
100
[[19], [16]]
149
[[19], [5]]
102
[[19], [12]]
122
[[19], [19]]
184
[[19], [14]]
148
[[19], [18]]
161
[[19], [13]]
126
[[19], [2]]
95
[[19], [8]]
114
[[19], [11]]
111
[[19], [15]]
133
[[19], [1]]
96
[[19], [7]]
114
[[19], [3]]
95
[[19], [6]]
110
[[19], [9]]
108
[[19], [17]]
146
[[19], [0]]
91
[[19], [10]]
118
[[14], [4]]
72
[[14], [16]]
109
[[14], [5]]
71
[[14], [12]]
93
[[14], [19]]
138
[[14, 19]]
63
[[14], [14]]
92
[[14], [18]]
122
[[14], [13]]
96
[[14], [2]]
73
[[14], [8]]
83
[[14], [11]]
76
[[14], [15]]
109
[[14], [1]]
61
[[14], [7]]
87
[[14], [3]]
72
[[14], [6]]
83
[[14], [9]]
75
[[14], [17]]
108
[[14], [0]]
60
[[14], [10]]
83
[[18], [4]]
90
[[18], [16]]
129
[[18], [5]]
88
[[18], [12]]
114
[[18], [19]]
160
[[18, 19]]
146
[[18], [14]]
127
[[18], [18]]
141
[[18], [13]]
102
[[18], [2]]
81
[[18], [8]]
97
[[18], [11]]
93
[[18], [15]]
114
[[18], [1]]
82
[[18], [7]]
96
[[18], [3]]
81
[[18], [6]]
97
[[18], [9]]
98
[[18], [17]]
130
[[18], [0]]
76
[[18], [10]]
101
[[13], [4]]
68
[[13], [16]]
95
[[13], [5]]
67
[[13], [12]]
77
[[13], [19]]
131
[[13], [14]]
96
[[13], [18]]
113
[[13], [13]]
77
[[13], [2]]
60
[[13], [8]]
73
[[13], [11]]
76
[[13], [15]]
90
[[13], [1]]
61
[[13], [7]]
71
[[13], [3]]
58
[[13], [6]]
68
[[13], [9]]
69
[[13], [17]]
105
[[13], [0]]
62
[[13], [10]]
84
[[2], [16]]
82
[[2], [12]]
59
[[2], [19]]
91
[[2], [14]]
65
[[2], [18]]
81
[[2], [13]]
63
[[2], [15]]
68
[[2], [17]]
80
[[2], [10]]
57
[[8], [16]]
88
[[8], [5]]
57
[[8], [12]]
73
[[8], [19]]
109
[[8], [14]]
80
[[8], [18]]
105
[[8], [13]]
73
[[8], [8]]
63
[[8], [11]]
72
[[8], [15]]
70
[[8], [7]]
66
[[8], [3]]
59
[[8], [6]]
69
[[8], [9]]
57
[[8], [17]]
94
[[8], [10]]
76
[[11], [4]]
60
[[11], [16]]
85
[[11], [5]]
61
[[11], [12]]
66
[[11], [19]]
114
[[11], [14]]
84
[[11], [18]]
101
[[11], [13]]
84
[[11], [2]]
63
[[11], [8]]
66
[[11], [11]]
74
[[11], [15]]
87
[[11], [1]]
59
[[11], [7]]
69
[[11], [6]]
63
[[11], [9]]
66
[[11], [17]]
98
[[11], [0]]
57
[[11], [10]]
65
[[15], [4]]
63
[[15], [16]]
104
[[15], [5]]
65
[[15], [12]]
80
[[15], [19]]
131
[[15, 19]]
69
[[15], [14]]
105
[[15], [18]]
118
[[15], [13]]
87
[[15], [2]]
62
[[15], [8]]
72
[[15], [11]]
80
[[15], [15]]
102
[[15], [1]]
65
[[15], [7]]
78
[[15], [3]]
66
[[15], [6]]
81
[[15], [9]]
66
[[15], [17]]
111
[[15], [0]]
58
[[15], [10]]
76
[[1], [16]]
77
[[1], [12]]
57
[[1], [19]]
94
[[1], [14]]
74
[[1], [18]]
82
[[1], [13]]
61
[[1], [15]]
69
[[1], [7]]
60
[[1], [17]]
72
[[7], [4]]
57
[[7], [16]]
80
[[7], [5]]
61
[[7], [12]]
67
[[7], [19]]
110
[[7], [14]]
82
[[7], [18]]
98
[[7], [13]]
71
[[7], [15]]
75
[[7], [7]]
61
[[7], [6]]
58
[[7], [9]]
61
[[7], [17]]
87
[[7], [10]]
68
[[3], [16]]
76
[[3], [19]]
94
[[3], [14]]
69
[[3], [18]]
85
[[3], [13]]
62
[[3], [15]]
66
[[3], [7]]
60
[[3], [6]]
57
[[3], [17]]
73
[[3], [10]]
60
[[6], [16]]
76
[[6], [12]]
70
[[6], [19]]
101
[[6], [14]]
75
[[6], [18]]
92
[[6], [13]]
74
[[6], [2]]
61
[[6], [15]]
75
[[6], [7]]
62
[[6], [9]]
64
[[6], [17]]
83
[[6], [10]]
64
[[9], [4]]
59
[[9], [16]]
84
[[9], [5]]
57
[[9], [12]]
68
[[9], [19]]
110
[[9], [14]]
84
[[9], [18]]
101
[[9], [13]]
72
[[9], [2]]
59
[[9], [8]]
65
[[9], [11]]
68
[[9], [15]]
78
[[9], [1]]
57
[[9], [7]]
63
[[9], [6]]
69
[[9], [9]]
68
[[9], [17]]
88
[[9], [0]]
57
[[9], [10]]
66
[[17], [4]]
83
[[17], [16]]
111
[[17], [5]]
85
[[17], [12]]
94
[[17], [19]]
146
[[17, 19]]
103
[[17], [14]]
116
[[17], [18]]
127
[[17, 18]]
79
[[17], [13]]
106
[[17], [2]]
75
[[17], [8]]
84
[[17], [11]]
87
[[17], [15]]
111
[[17], [1]]
69
[[17], [7]]
90
[[17], [3]]
72
[[17], [6]]
87
[[17], [9]]
85
[[17], [17]]
123
[[17], [0]]
74
[[17], [10]]
91
[[0], [16]]
70
[[0], [12]]
60
[[0], [19]]
88
[[0], [14]]
68
[[0], [18]]
78
[[0], [13]]
62
[[0], [15]]
58
[[0], [17]]
64
[[0], [10]]
57
[[10], [4]]
58
[[10], [16]]
83
[[10], [12]]
71
[[10], [19]]
107
[[10], [14]]
78
[[10], [18]]
98
[[10], [13]]
72
[[10], [8]]
68
[[10], [11]]
65
[[10], [15]]
79
[[10], [7]]
61
[[10], [3]]
59
[[10], [6]]
63
[[10], [9]]
67
[[10], [17]]
86
[[10], [10]]
60
[[4], [19], [19]]
73
[[4], [19], [18]]
63
[[4], [18], [19]]
65
[[4], [18, 19]]
60
[[4], [18], [18]]
61
[[16], [16], [19]]
80
[[16], [16], [18]]
61
[[16], [16], [17]]
60
[[16], [12], [19]]
61
[[16], [19], [16]]
79
[[16], [19], [12]]
60
[[16], [19], [19]]
104
[[16], [19], [14]]
73
[[16], [19], [18]]
91
[[16], [19], [15]]
72
[[16], [19], [7]]
58
[[16], [19], [17]]
78
[[16], [19], [10]]
63
[[16, 19], [16]]
63
[[16, 19], [19]]
74
[[16, 19], [18]]
60
[[16], [14], [16]]
58
[[16], [14], [19]]
69
[[16], [14], [18]]
62
[[16], [18], [16]]
62
[[16], [18], [19]]
85
[[16], [18, 19]]
88
[[16], [18], [14]]
62
[[16], [18], [18]]
86
[[16], [18], [15]]
59
[[16], [18], [17]]
64
[[16], [13], [19]]
68
[[16], [11], [19]]
63
[[16], [15], [19]]
62
[[16], [15], [18]]
62
[[16], [15], [17]]
58
[[16], [9], [19]]
57
[[16], [17], [19]]
80
[[16], [17], [14]]
58
[[16], [17], [18]]
66
[[16], [17], [15]]
58
[[16], [17], [17]]
63
[[5], [16], [19]]
57
[[5], [19], [19]]
71
[[5], [19], [18]]
62
[[5], [19], [17]]
57
[[5], [18], [19]]
68
[[5], [18, 19]]
66
[[5], [18], [18]]
59
[[5], [17], [19]]
59
[[12], [16], [19]]
70
[[12], [19], [16]]
77
[[12], [19], [19]]
91
[[12], [19], [14]]
75
[[12], [19], [18]]
88
[[12], [19], [13]]
57
[[12], [19], [15]]
66
[[12], [19], [17]]
78
[[12], [19], [10]]
61
[[12], [14], [19]]
70
[[12], [14], [18]]
59
[[12], [18], [16]]
62
[[12], [18], [19]]
84
[[12], [18, 19]]
81
[[12], [18], [14]]
59
[[12], [18], [18]]
78
[[12], [18], [17]]
65
[[12], [13], [19]]
61
[[12], [15], [16]]
58
[[12], [15], [19]]
69
[[12], [15], [14]]
57
[[12], [15], [18]]
61
[[12], [15], [17]]
59
[[12], [17], [19]]
72
[[12], [17], [14]]
59
[[12], [17], [18]]
62
[[12], [17], [17]]
59
[[19], [4], [19]]
67
[[19], [4], [18]]
61
[[19], [16], [16]]
89
[[19], [16], [5]]
62
[[19], [16], [12]]
67
[[19], [16], [19]]
109
[[19], [16, 19]]
69
[[19], [16], [14]]
81
[[19], [16], [18]]
92
[[19], [16], [13]]
67
[[19], [16], [8]]
57
[[19], [16], [11]]
62
[[19], [16], [15]]
75
[[19], [16], [7]]
59
[[19], [16], [6]]
62
[[19], [16], [9]]
59
[[19], [16], [17]]
86
[[19], [16], [10]]
61
[[19], [5], [16]]
58
[[19], [5], [19]]
69
[[19], [5], [18]]
66
[[19], [5], [17]]
58
[[19], [12], [16]]
65
[[19], [12], [19]]
95
[[19], [12], [14]]
69
[[19], [12], [18]]
81
[[19], [12], [15]]
59
[[19], [12], [17]]
70
[[19], [19], [4]]
77
[[19], [19], [16]]
114
[[19], [19], [5]]
83
[[19], [19], [12]]
95
[[19], [19], [19]]
149
[[19], [19], [14]]
111
[[19], [19], [18]]
135
[[19], [19], [13]]
101
[[19], [19], [2]]
72
[[19], [19], [8]]
84
[[19], [19], [11]]
84
[[19], [19], [15]]
105
[[19], [19], [1]]
66
[[19], [19], [7]]
93
[[19], [19], [3]]
70
[[19], [19], [6]]
84
[[19], [19], [9]]
84
[[19], [19], [17]]
122
[[19], [19], [0]]
62
[[19], [19], [10]]
91
[[19], [14], [16]]
87
[[19], [14], [5]]
60
[[19], [14], [12]]
71
[[19], [14], [19]]
114
[[19], [14], [14]]
70
[[19], [14], [18]]
98
[[19], [14], [13]]
76
[[19], [14], [2]]
59
[[19], [14], [8]]
66
[[19], [14], [11]]
60
[[19], [14], [15]]
88
[[19], [14], [7]]
66
[[19], [14], [6]]
65
[[19], [14], [9]]
60
[[19], [14], [17]]
83
[[19], [14], [10]]
63
[[19], [18], [4]]
70
[[19], [18], [16]]
94
[[19], [18], [5]]
69
[[19], [18], [12]]
87
[[19], [18], [19]]
135
[[19], [18, 19]]
123
[[19], [18], [14]]
99
[[19], [18], [18]]
120
[[19], [18], [13]]
86
[[19], [18], [2]]
62
[[19], [18], [8]]
74
[[19], [18], [11]]
69
[[19], [18], [15]]
92
[[19], [18], [1]]
59
[[19], [18], [7]]
80
[[19], [18], [3]]
63
[[19], [18], [6]]
76
[[19], [18], [9]]
75
[[19], [18], [17]]
109
[[19], [18], [0]]
57
[[19], [18], [10]]
83
[[19], [13], [16]]
70
[[19], [13], [12]]
59
[[19], [13], [19]]
101
[[19], [13], [14]]
69
[[19], [13], [18]]
85
[[19], [13], [13]]
61
[[19], [13], [15]]
71
[[19], [13], [17]]
84
[[19], [13], [10]]
59
[[19], [2], [19]]
64
[[19], [8], [16]]
63
[[19], [8], [19]]
82
[[19], [8], [14]]
63
[[19], [8], [18]]
77
[[19], [8], [17]]
66
[[19], [8], [10]]
57
[[19], [11], [16]]
65
[[19], [11], [19]]
88
[[19], [11], [14]]
61
[[19], [11], [18]]
73
[[19], [11], [13]]
57
[[19], [11], [15]]
60
[[19], [11], [17]]
70
[[19], [15], [16]]
80
[[19], [15], [12]]
57
[[19], [15], [19]]
103
[[19], [15], [14]]
70
[[19], [15], [18]]
89
[[19], [15], [13]]
61
[[19], [15], [15]]
76
[[19], [15], [7]]
60
[[19], [15], [6]]
62
[[19], [15], [17]]
84
[[19], [15], [10]]
61
[[19], [1], [19]]
70
[[19], [1], [18]]
59
[[19], [7], [16]]
62
[[19], [7], [19]]
92
[[19], [7], [14]]
64
[[19], [7], [18]]
78
[[19], [7], [15]]
58
[[19], [7], [17]]
68
[[19], [3], [19]]
65
[[19], [3], [18]]
58
[[19], [6], [16]]
57
[[19], [6], [19]]
83
[[19], [6], [18]]
69
[[19], [6], [13]]
58
[[19], [6], [17]]
61
[[19], [9], [16]]
61
[[19], [9], [19]]
81
[[19], [9], [18]]
68
[[19], [9], [17]]
62
[[19], [17], [4]]
64
[[19], [17], [16]]
86
[[19], [17], [5]]
60
[[19], [17], [12]]
71
[[19], [17], [19]]
120
[[19], [17, 19]]
82
[[19], [17], [14]]
90
[[19], [17], [18]]
104
[[19], [17, 18]]
58
[[19], [17], [13]]
79
[[19], [17], [2]]
58
[[19], [17], [8]]
59
[[19], [17], [11]]
59
[[19], [17], [15]]
90
[[19], [17], [7]]
65
[[19], [17], [6]]
65
[[19], [17], [9]]
65
[[19], [17], [17]]
102
[[19], [17], [10]]
68
[[19], [0], [19]]
67
[[19], [0], [18]]
58
[[19], [10], [19]]
84
[[19], [10], [14]]
61
[[19], [10], [18]]
73
[[19], [10], [17]]
61
[[14], [16], [16]]
61
[[14], [16], [19]]
76
[[14], [16], [18]]
62
[[14], [16], [17]]
60
[[14], [12], [19]]
72
[[14], [12], [18]]
62
[[14], [19], [16]]
81
[[14], [19], [12]]
63
[[14], [19], [19]]
107
[[14], [19], [14]]
70
[[14], [19], [18]]
97
[[14], [19], [13]]
69
[[14], [19], [8]]
66
[[14], [19], [11]]
57
[[14], [19], [15]]
74
[[14], [19], [7]]
63
[[14], [19], [6]]
57
[[14], [19], [17]]
86
[[14], [19], [10]]
66
[[14], [14], [19]]
69
[[14], [14], [18]]
61
[[14], [18], [16]]
68
[[14], [18], [12]]
59
[[14], [18], [19]]
90
[[14], [18, 19]]
94
[[14], [18], [14]]
62
[[14], [18], [18]]
82
[[14], [18], [13]]
58
[[14], [18], [15]]
63
[[14], [18], [17]]
73
[[14], [18], [10]]
57
[[14], [13], [19]]
76
[[14], [13], [18]]
58
[[14], [8], [19]]
57
[[14], [11], [19]]
57
[[14], [15], [16]]
63
[[14], [15], [19]]
77
[[14], [15], [18]]
68
[[14], [15], [17]]
61
[[14], [7], [19]]
65
[[14], [6], [19]]
62
[[14], [17], [16]]
61
[[14], [17], [19]]
87
[[14], [17, 19]]
59
[[14], [17], [18]]
73
[[14], [17], [13]]
57
[[14], [17], [15]]
62
[[14], [17], [17]]
69
[[18], [4], [19]]
60
[[18], [16], [16]]
71
[[18], [16], [19]]
91
[[18], [16, 19]]
58
[[18], [16], [14]]
63
[[18], [16], [18]]
72
[[18], [16], [15]]
64
[[18], [16], [17]]
67
[[18], [12], [19]]
84
[[18], [12], [14]]
64
[[18], [12], [18]]
73
[[18], [12], [17]]
63
[[18], [19], [4]]
62
[[18], [19], [16]]
100
[[18], [19], [5]]
72
[[18], [19], [12]]
83
[[18], [19], [19]]
127
[[18], [19], [14]]
95
[[18], [19], [18]]
111
[[18], [19], [13]]
79
[[18], [19], [2]]
59
[[18], [19], [8]]
69
[[18], [19], [11]]
68
[[18], [19], [15]]
91
[[18], [19], [1]]
58
[[18], [19], [7]]
74
[[18], [19], [3]]
60
[[18], [19], [6]]
69
[[18], [19], [9]]
69
[[18], [19], [17]]
102
[[18], [19], [10]]
77
[[18, 19], [4]]
66
[[18, 19], [16]]
90
[[18, 19], [5]]
69
[[18, 19], [12]]
82
[[18, 19], [19]]
117
[[18, 19], [14]]
95
[[18, 19], [18]]
108
[[18, 19], [13]]
75
[[18, 19], [8]]
63
[[18, 19], [11]]
57
[[18, 19], [15]]
86
[[18, 19], [1]]
58
[[18, 19], [7]]
72
[[18, 19], [3]]
58
[[18, 19], [6]]
69
[[18, 19], [9]]
71
[[18, 19], [17]]
92
[[18, 19], [10]]
77
[[18], [14], [16]]
71
[[18], [14], [19]]
85
[[18], [14], [18]]
74
[[18], [14], [15]]
67
[[18], [14], [17]]
66
[[18], [18], [4]]
59
[[18], [18], [16]]
84
[[18], [18], [5]]
60
[[18], [18], [12]]
75
[[18], [18], [19]]
112
[[18], [18, 19]]
103
[[18], [18], [14]]
84
[[18], [18], [18]]
106
[[18], [18], [13]]
75
[[18], [18], [8]]
58
[[18], [18], [11]]
61
[[18], [18], [15]]
80
[[18], [18], [7]]
64
[[18], [18], [6]]
61
[[18], [18], [9]]
61
[[18], [18], [17]]
95
[[18], [18], [10]]
68
[[18], [13], [19]]
82
[[18], [13], [14]]
57
[[18], [13], [18]]
67
[[18], [13], [15]]
57
[[18], [13], [17]]
64
[[18], [8], [19]]
68
[[18], [8], [14]]
57
[[18], [8], [18]]
63
[[18], [11], [19]]
73
[[18], [11], [18]]
59
[[18], [11], [17]]
57
[[18], [15], [16]]
64
[[18], [15], [19]]
83
[[18], [15], [14]]
65
[[18], [15], [18]]
71
[[18], [15], [15]]
68
[[18], [15], [17]]
67
[[18], [1], [19]]
57
[[18], [7], [19]]
74
[[18], [7], [18]]
62
[[18], [6], [19]]
67
[[18], [9], [19]]
67
[[18], [9], [18]]
61
[[18], [17], [16]]
71
[[18], [17], [12]]
64
[[18], [17], [19]]
107
[[18], [17, 19]]
75
[[18], [17], [14]]
81
[[18], [17], [18]]
89
[[18], [17], [13]]
64
[[18], [17], [15]]
83
[[18], [17], [17]]
83
[[18], [17], [10]]
58
[[18], [10], [19]]
69
[[18], [10], [18]]
62
[[13], [19], [16]]
70
[[13], [19], [19]]
96
[[13], [19], [14]]
70
[[13], [19], [18]]
77
[[13], [19], [15]]
62
[[13], [19], [17]]
70
[[13], [19], [10]]
57
[[13], [14], [19]]
63
[[13], [14], [18]]
58
[[13], [18], [16]]
60
[[13], [18], [19]]
77
[[13], [18, 19]]
76
[[13], [18], [18]]
66
[[13], [11], [19]]
57
[[13], [15], [19]]
63
[[13], [17], [19]]
81
[[13], [17], [14]]
61
[[13], [17], [18]]
60
[[2], [19], [16]]
61
[[2], [19], [19]]
69
[[2], [19], [18]]
58
[[2], [19], [17]]
60
[[2], [18, 19]]
58
[[2], [17], [19]]
64
[[8], [16], [19]]
65
[[8], [19], [16]]
69
[[8], [19], [19]]
88
[[8], [19], [14]]
58
[[8], [19], [18]]
76
[[8], [19], [17]]
70
[[8], [18], [16]]
61
[[8], [18], [19]]
76
[[8], [18, 19]]
74
[[8], [18], [18]]
67
[[8], [18], [17]]
60
[[8], [17], [19]]
68
[[11], [16], [19]]
59
[[11], [19], [16]]
63
[[11], [19], [19]]
88
[[11], [19], [14]]
57
[[11], [19], [18]]
75
[[11], [19], [15]]
62
[[11], [19], [17]]
66
[[11], [14], [19]]
58
[[11], [18], [19]]
78
[[11], [18, 19]]
66
[[11], [18], [18]]
67
[[11], [18], [17]]
62
[[11], [13], [19]]
66
[[11], [15], [19]]
63
[[11], [17], [19]]
75
[[11], [17], [18]]
57
[[11], [17], [17]]
62
[[15], [16], [19]]
68
[[15], [12], [19]]
59
[[15], [19], [16]]
77
[[15], [19], [12]]
60
[[15], [19], [19]]
98
[[15], [19], [14]]
69
[[15], [19], [18]]
87
[[15], [19], [13]]
58
[[15], [19], [15]]
73
[[15], [19], [7]]
58
[[15], [19], [17]]
72
[[15], [19], [10]]
61
[[15], [14], [16]]
57
[[15], [14], [19]]
69
[[15], [14], [18]]
61
[[15], [18], [16]]
63
[[15], [18], [19]]
88
[[15], [18, 19]]
79
[[15], [18], [14]]
62
[[15], [18], [18]]
79
[[15], [18], [15]]
59
[[15], [18], [17]]
66
[[15], [13], [19]]
70
[[15], [11], [19]]
58
[[15], [15], [19]]
65
[[15], [17], [16]]
58
[[15], [17], [19]]
82
[[15], [17], [14]]
58
[[15], [17], [18]]
73
[[15], [17], [15]]
67
[[15], [17], [17]]
65
[[1], [19], [19]]
74
[[1], [19], [18]]
60
[[1], [19], [17]]
59
[[1], [18], [19]]
64
[[1], [18, 19]]
61
[[7], [19], [16]]
65
[[7], [19], [19]]
83
[[7], [19], [18]]
67
[[7], [19], [15]]
57
[[7], [19], [17]]
69
[[7], [18], [19]]
70
[[7], [18, 19]]
74
[[7], [18], [18]]
64
[[7], [18], [17]]
60
[[7], [13], [19]]
57
[[7], [17], [19]]
70
[[3], [19], [19]]
73
[[3], [19], [18]]
61
[[3], [18], [19]]
58
[[3], [18, 19]]
61
[[3], [18], [18]]
57
[[6], [19], [16]]
62
[[6], [19], [19]]
77
[[6], [19], [14]]
58
[[6], [19], [18]]
69
[[6], [19], [15]]
57
[[6], [19], [17]]
60
[[6], [18], [19]]
64
[[6], [18, 19]]
61
[[6], [18], [18]]
64
[[6], [17], [19]]
63
[[6], [17], [18]]
59
[[9], [16], [19]]
61
[[9], [19], [16]]
64
[[9], [19], [19]]
90
[[9], [19], [14]]
61
[[9], [19], [18]]
78
[[9], [19], [15]]
62
[[9], [19], [17]]
72
[[9], [18], [19]]
72
[[9], [18, 19]]
76
[[9], [18], [18]]
66
[[9], [18], [17]]
60
[[9], [17], [19]]
67
[[9], [17], [18]]
57
[[17], [4], [19]]
60
[[17], [16], [16]]
65
[[17], [16], [19]]
73
[[17], [16], [18]]
60
[[17], [16], [17]]
59
[[17], [12], [19]]
69
[[17], [12], [18]]
59
[[17], [19], [16]]
86
[[17], [19], [5]]
65
[[17], [19], [12]]
68
[[17], [19], [19]]
113
[[17], [19], [14]]
79
[[17], [19], [18]]
103
[[17], [19], [13]]
72
[[17], [19], [8]]
60
[[17], [19], [11]]
62
[[17], [19], [15]]
80
[[17], [19], [7]]
71
[[17], [19], [6]]
61
[[17], [19], [9]]
58
[[17], [19], [17]]
96
[[17], [19], [10]]
68
[[17, 19], [16]]
58
[[17, 19], [19]]
86
[[17, 19], [14]]
60
[[17, 19], [18]]
71
[[17, 19], [15]]
62
[[17, 19], [17]]
67
[[17], [14], [16]]
68
[[17], [14], [19]]
84
[[17], [14], [18]]
77
[[17], [14], [15]]
63
[[17], [14], [17]]
64
[[17], [18], [16]]
67
[[17], [18], [12]]
66
[[17], [18], [19]]
98
[[17], [18, 19]]
94
[[17], [18], [14]]
69
[[17], [18], [18]]
93
[[17], [18], [13]]
62
[[17], [18], [15]]
69
[[17], [18], [7]]
60
[[17], [18], [6]]
58
[[17], [18], [17]]
83
[[17], [18], [10]]
59
[[17, 18], [19]]
59
[[17], [13], [19]]
79
[[17], [13], [18]]
66
[[17], [13], [15]]
57
[[17], [13], [17]]
66
[[17], [8], [19]]
59
[[17], [11], [19]]
64
[[17], [15], [16]]
61
[[17], [15], [19]]
80
[[17], [15], [14]]
57
[[17], [15], [18]]
72
[[17], [15], [15]]
57
[[17], [15], [17]]
67
[[17], [7], [19]]
65
[[17], [6], [19]]
57
[[17], [9], [19]]
60
[[17], [17], [16]]
60
[[17], [17], [19]]
96
[[17], [17, 19]]
66
[[17], [17], [14]]
65
[[17], [17], [18]]
85
[[17], [17], [13]]
58
[[17], [17], [15]]
65
[[17], [17], [17]]
79
[[17], [10], [19]]
59
[[0], [19], [19]]
66
[[10], [16], [19]]
57
[[10], [19], [16]]
60
[[10], [19], [19]]
80
[[10], [19], [18]]
63
[[10], [19], [17]]
62
[[10], [18], [19]]
70
[[10], [18, 19]]
66
[[10], [18], [18]]
62
[[10], [15], [19]]
59
[[10], [17], [19]]
66
[[16], [19], [19], [19]]
70
[[16], [19], [19], [18]]
58
[[16], [19], [19], [17]]
59
[[16], [19], [18, 19]]
65
[[16], [18], [19], [19]]
59
[[16], [18, 19], [19]]
61
[[16], [18, 19], [18]]
59
[[12], [19], [19], [19]]
67
[[12], [19], [18], [19]]
61
[[12], [19], [18, 19]]
58
[[12], [18, 19], [19]]
57
[[19], [16], [16], [19]]
59
[[19], [16], [19], [19]]
71
[[19], [16], [19], [18]]
62
[[19], [16], [18], [19]]
61
[[19], [16], [18, 19]]
63
[[19], [16], [18], [18]]
59
[[19], [12], [19], [19]]
58
[[19], [12], [19], [18]]
59
[[19], [19], [16], [16]]
58
[[19], [19], [16], [19]]
76
[[19], [19], [16], [18]]
58
[[19], [19], [16], [17]]
57
[[19], [19], [12], [19]]
71
[[19], [19], [12], [18]]
63
[[19], [19], [19], [16]]
80
[[19], [19], [19], [5]]
63
[[19], [19], [19], [12]]
63
[[19], [19], [19], [19]]
116
[[19], [19], [19], [14]]
77
[[19], [19], [19], [18]]
96
[[19], [19], [19], [13]]
65
[[19], [19], [19], [8]]
58
[[19], [19], [19], [11]]
59
[[19], [19], [19], [15]]
80
[[19], [19], [19], [7]]
71
[[19], [19], [19], [17]]
89
[[19], [19], [19], [10]]
67
[[19], [19], [14], [16]]
59
[[19], [19], [14], [19]]
69
[[19], [19], [14], [18]]
63
[[19], [19], [18], [16]]
64
[[19], [19], [18], [19]]
95
[[19], [19], [18, 19]]
97
[[19], [19], [18], [14]]
64
[[19], [19], [18], [18]]
85
[[19], [19], [18], [15]]
66
[[19], [19], [18], [17]]
76
[[19], [19], [18], [10]]
57
[[19], [19], [13], [19]]
76
[[19], [19], [13], [18]]
62
[[19], [19], [13], [17]]
61
[[19], [19], [11], [19]]
62
[[19], [19], [15], [19]]
68
[[19], [19], [15], [18]]
60
[[19], [19], [15], [17]]
58
[[19], [19], [7], [19]]
69
[[19], [19], [7], [18]]
57
[[19], [19], [17], [16]]
64
[[19], [19], [17], [19]]
89
[[19], [19], [17, 19]]
64
[[19], [19], [17], [14]]
64
[[19], [19], [17], [18]]
75
[[19], [19], [17], [13]]
63
[[19], [19], [17], [15]]
73
[[19], [19], [17], [17]]
75
[[19], [14], [19], [16]]
58
[[19], [14], [19], [19]]
74
[[19], [14], [19], [18]]
71
[[19], [14], [18], [19]]
64
[[19], [14], [18, 19]]
73
[[19], [14], [18], [18]]
61
[[19], [14], [17], [19]]
59
[[19], [18], [16], [19]]
64
[[19], [18], [12], [19]]
64
[[19], [18], [19], [16]]
71
[[19], [18], [19], [19]]
95
[[19], [18], [19], [14]]
70
[[19], [18], [19], [18]]
89
[[19], [18], [19], [15]]
66
[[19], [18], [19], [7]]
57
[[19], [18], [19], [17]]
77
[[19], [18], [19], [10]]
58
[[19], [18, 19], [16]]
63
[[19], [18, 19], [12]]
60
[[19], [18, 19], [19]]
95
[[19], [18, 19], [14]]
67
[[19], [18, 19], [18]]
84
[[19], [18, 19], [15]]
66
[[19], [18, 19], [7]]
57
[[19], [18, 19], [17]]
71
[[19], [18, 19], [10]]
60
[[19], [18], [14], [19]]
65
[[19], [18], [18], [16]]
62
[[19], [18], [18], [19]]
84
[[19], [18], [18, 19]]
85
[[19], [18], [18], [14]]
62
[[19], [18], [18], [18]]
75
[[19], [18], [18], [17]]
65
[[19], [18], [13], [19]]
68
[[19], [18], [15], [19]]
61
[[19], [18], [7], [19]]
57
[[19], [18], [17], [19]]
85
[[19], [18], [17, 19]]
59
[[19], [18], [17], [14]]
59
[[19], [18], [17], [18]]
69
[[19], [18], [17], [15]]
64
[[19], [18], [17], [17]]
60
[[19], [13], [19], [19]]
68
[[19], [13], [18, 19]]
57
[[19], [13], [17], [19]]
59
[[19], [8], [19], [19]]
57
[[19], [11], [19], [19]]
61
[[19], [15], [19], [19]]
66
[[19], [15], [19], [18]]
59
[[19], [15], [18], [19]]
60
[[19], [15], [18, 19]]
63
[[19], [15], [17], [19]]
57
[[19], [7], [19], [19]]
61
[[19], [7], [18, 19]]
61
[[19], [17], [19], [16]]
57
[[19], [17], [19], [19]]
76
[[19], [17], [19], [18]]
73
[[19], [17], [19], [17]]
70
[[19], [17, 19], [19]]
67
[[19], [17, 19], [18]]
59
[[19], [17], [18], [19]]
74
[[19], [17], [18, 19]]
72
[[19], [17], [18], [18]]
70
[[19], [17], [18], [17]]
64
[[19], [17], [15], [19]]
57
[[19], [17], [17], [19]]
67
[[19], [17], [17], [18]]
58
[[14], [19], [19], [19]]
78
[[14], [19], [19], [18]]
69
[[14], [19], [19], [17]]
64
[[14], [19], [18], [19]]
68
[[14], [19], [18, 19]]
68
[[14], [19], [18], [18]]
60
[[14], [19], [17], [19]]
63
[[14], [18], [19], [19]]
61
[[14], [18], [19], [18]]
57
[[14], [18, 19], [19]]
66
[[14], [18, 19], [18]]
63
[[14], [18], [18, 19]]
57
[[14], [18], [17], [19]]
58
[[18], [19], [16], [19]]
68
[[18], [19], [12], [19]]
59
[[18], [19], [19], [16]]
64
[[18], [19], [19], [19]]
98
[[18], [19], [19], [14]]
69
[[18], [19], [19], [18]]
88
[[18], [19], [19], [13]]
58
[[18], [19], [19], [15]]
69
[[18], [19], [19], [7]]
60
[[18], [19], [19], [17]]
74
[[18], [19], [19], [10]]
58
[[18], [19], [14], [19]]
61
[[18], [19], [14], [18]]
60
[[18], [19], [18], [19]]
82
[[18], [19], [18, 19]]
79
[[18], [19], [18], [18]]
79
[[18], [19], [18], [15]]
59
[[18], [19], [18], [17]]
66
[[18], [19], [13], [19]]
62
[[18], [19], [15], [19]]
57
[[18], [19], [17], [19]]
79
[[18], [19], [17, 19]]
57
[[18], [19], [17], [18]]
69
[[18], [19], [17], [15]]
62
[[18], [19], [17], [17]]
61
[[18, 19], [16], [19]]
64
[[18, 19], [12], [19]]
63
[[18, 19], [19], [16]]
66
[[18, 19], [19], [19]]
88
[[18, 19], [19], [14]]
67
[[18, 19], [19], [18]]
81
[[18, 19], [19], [13]]
60
[[18, 19], [19], [15]]
64
[[18, 19], [19], [17]]
67
[[18, 19], [14], [19]]
60
[[18, 19], [18], [16]]
60
[[18, 19], [18], [19]]
83
[[18, 19], [18, 19]]
75
[[18, 19], [18], [14]]
59
[[18, 19], [18], [18]]
75
[[18, 19], [18], [15]]
58
[[18, 19], [18], [17]]
64
[[18, 19], [15], [19]]
60
[[18, 19], [17], [19]]
75
[[18, 19], [17], [18]]
62
[[18, 19], [17], [15]]
60
[[18], [18], [19], [16]]
57
[[18], [18], [19], [19]]
80
[[18], [18], [19], [14]]
63
[[18], [18], [19], [18]]
84
[[18], [18], [19], [17]]
61
[[18], [18, 19], [19]]
76
[[18], [18, 19], [18]]
71
[[18], [18, 19], [17]]
60
[[18], [18], [18], [19]]
68
[[18], [18], [18, 19]]
69
[[18], [18], [18], [18]]
66
[[18], [18], [13], [19]]
58
[[18], [18], [17], [19]]
73
[[18], [18], [17], [18]]
62
[[18], [15], [19], [19]]
58
[[18], [17], [19], [19]]
69
[[18], [17], [19], [18]]
67
[[18], [17], [19], [17]]
62
[[18], [17, 19], [19]]
61
[[18], [17], [18], [19]]
64
[[18], [17], [18, 19]]
60
[[18], [17], [18], [18]]
62
[[18], [17], [17], [19]]
59
[[13], [19], [19], [19]]
62
[[8], [19], [19], [19]]
66
[[15], [19], [19], [19]]
63
[[15], [19], [19], [18]]
57
[[9], [19], [19], [19]]
62
[[17], [19], [19], [19]]
81
[[17], [19], [19], [18]]
68
[[17], [19], [19], [17]]
65
[[17], [19], [18], [19]]
68
[[17], [19], [18, 19]]
74
[[17], [19], [18], [18]]
63
[[17], [19], [17], [19]]
70
[[17], [19], [17], [18]]
66
[[17], [14], [18, 19]]
57
[[17], [18], [19], [19]]
67
[[17], [18], [19], [18]]
68
[[17], [18, 19], [19]]
66
[[17], [18, 19], [18]]
64
[[17], [18], [18], [19]]
57
[[17], [18], [18, 19]]
64
[[17], [18], [17], [19]]
61
[[17], [17], [19], [19]]
59
[[17], [17, 19], [19]]
58
[[17], [17], [18, 19]]
63
[[10], [19], [19], [19]]
59
[[19], [19], [19], [19], [19]]
68
[[19], [19], [19], [19], [18]]
66
[[19], [19], [19], [19], [17]]
60
[[19], [19], [19], [18], [19]]
63
[[19], [19], [19], [18, 19]]
68
[[19], [19], [19], [18], [18]]
61
[[19], [19], [18, 19], [19]]
68
[[19], [19], [18, 19], [18]]
58
[[19], [19], [18], [18, 19]]
62
[[19], [18], [19], [19], [19]]
57
[[19], [18], [19], [18, 19]]
58
[[19], [18, 19], [19], [19]]
60
[[19], [18, 19], [19], [18]]
57
[[19], [18, 19], [18, 19]]
59
[[18], [19], [19], [19], [19]]
65
[[18], [19], [19], [19], [18]]
59
[[18, 19], [19], [19], [19]]
59
[[18, 19], [19], [18], [19]]
58
