[[4]]
46
[[16]]
54
[[5]]
47
[[12]]
56
[[19]]
78
[[14]]
58
[[18]]
67
[[13]]
57
[[2]]
48
[[8]]
52
[[11]]
49
[[15]]
61
[[1]]
40
[[7]]
50
[[3]]
39
[[6]]
47
[[9]]
47
[[17]]
66
[[0]]
46
[[10]]
41
[[4], [16]]
26
[[4], [19]]
34
[[4], [14]]
28
[[4], [18]]
28
[[16], [16]]
33
[[16], [5]]
25
[[16], [12]]
30
[[16], [19]]
38
[[16, 19]]
30
[[16], [14]]
30
[[16], [18]]
35
[[16], [13]]
27
[[16], [15]]
27
[[16], [17]]
30
[[16], [0]]
26
[[5], [19]]
31
[[5], [18]]
27
[[12], [19]]
40
[[12], [14]]
31
[[12], [18]]
36
[[12], [13]]
27
[[12], [8]]
26
[[12], [15]]
29
[[12], [17]]
29
[[19], [4]]
37
[[19], [16]]
45
[[19], [5]]
38
[[19], [12]]
47
[[19], [19]]
64
[[19], [14]]
46
[[19], [18]]
57
[[19], [13]]
47
[[19], [2]]
35
[[19], [8]]
42
[[19], [11]]
38
[[19], [15]]
45
[[19], [1]]
32
[[19], [7]]
42
[[19], [3]]
34
[[19], [6]]
39
[[19], [9]]
33
[[19], [17]]
54
[[19], [0]]
38
[[19], [10]]
35
[[14], [4]]
26
[[14], [16]]
31
[[14], [5]]
26
[[14], [12]]
34
[[14], [19]]
46
[[14], [14]]
36
[[14], [18]]
39
[[14], [13]]
34
[[14], [8]]
29
[[14], [11]]
28
[[14], [15]]
35
[[14], [7]]
30
[[14], [3]]
26
[[14], [6]]
27
[[14], [9]]
26
[[14], [17]]
37
[[14], [0]]
26
[[14], [10]]
26
[[18], [4]]
35
[[18], [16]]
39
[[18], [5]]
32
[[18], [12]]
39
[[18], [19]]
54
[[18, 19]]
53
[[18], [14]]
35
[[18], [18]]
52
[[18], [13]]
39
[[18], [2]]
29
[[18], [8]]
32
[[18], [11]]
33
[[18], [15]]
34
[[18], [1]]
27
[[18], [7]]
35
[[18], [3]]
29
[[18], [6]]
30
[[18], [9]]
30
[[18], [17]]
43
[[18], [0]]
32
[[18], [10]]
28
[[13], [4]]
27
[[13], [16]]
25
[[13], [19]]
45
[[13], [14]]
31
[[13], [18]]
37
[[13], [13]]
31
[[13], [11]]
32
[[13], [15]]
32
[[13], [7]]
26
[[13], [17]]
37
[[13], [0]]
28
[[2], [16]]
26
[[2], [19]]
35
[[2], [18]]
28
[[2], [17]]
29
[[8], [16]]
31
[[8], [12]]
26
[[8], [19]]
45
[[8], [14]]
27
[[8], [18]]
40
[[8], [13]]
29
[[8], [11]]
30
[[8], [15]]
27
[[8], [7]]
26
[[8], [17]]
34
[[8], [10]]
26
[[11], [19]]
39
[[11], [14]]
31
[[11], [18]]
33
[[11], [13]]
31
[[11], [2]]
25
[[11], [11]]
28
[[11], [15]]
33
[[11], [7]]
26
[[11], [17]]
32
[[15], [4]]
25
[[15], [16]]
30
[[15], [12]]
26
[[15], [19]]
47
[[15], [14]]
31
[[15], [18]]
40
[[15], [13]]
33
[[15], [11]]
30
[[15], [15]]
31
[[15], [7]]
27
[[15], [3]]
25
[[15], [17]]
36
[[1], [19]]
29
[[1], [14]]
25
[[7], [19]]
42
[[7], [14]]
26
[[7], [18]]
34
[[7], [15]]
27
[[7], [17]]
30
[[3], [19]]
33
[[3], [18]]
28
[[3], [15]]
25
[[6], [19]]
35
[[6], [18]]
33
[[6], [13]]
26
[[6], [17]]
28
[[9], [19]]
38
[[9], [14]]
27
[[9], [18]]
31
[[9], [13]]
26
[[9], [9]]
26
[[9], [17]]
28
[[17], [4]]
33
[[17], [16]]
33
[[17], [5]]
28
[[17], [12]]
31
[[17], [19]]
54
[[17, 19]]
39
[[17], [14]]
36
[[17], [18]]
47
[[17, 18]]
31
[[17], [13]]
40
[[17], [8]]
30
[[17], [11]]
34
[[17], [15]]
39
[[17], [7]]
32
[[17], [3]]
25
[[17], [6]]
27
[[17], [9]]
27
[[17], [17]]
43
[[17], [0]]
31
[[17], [10]]
29
[[0], [19]]
33
[[0], [14]]
26
[[0], [18]]
30
[[0], [13]]
29
[[0], [17]]
27
[[10], [19]]
30
[[10], [18]]
29
[[10], [13]]
26
[[10], [17]]
25
[[16], [19], [19]]
30
[[16], [19], [18]]
26
[[12], [19], [19]]
27
[[12], [18, 19]]
26
[[19], [16], [16]]
27
[[19], [16], [19]]
27
[[19], [16], [18]]
27
[[19], [12], [19]]
28
[[19], [12], [18]]
25
[[19], [19], [4]]
27
[[19], [19], [16]]
32
[[19], [19], [5]]
26
[[19], [19], [12]]
33
[[19], [19], [19]]
46
[[19], [19], [14]]
34
[[19], [19], [18]]
44
[[19], [19], [13]]
36
[[19], [19], [8]]
28
[[19], [19], [11]]
30
[[19], [19], [15]]
33
[[19], [19], [7]]
32
[[19], [19], [9]]
25
[[19], [19], [17]]
39
[[19], [19], [0]]
28
[[19], [19], [10]]
27
[[19], [14], [19]]
33
[[19], [14], [14]]
27
[[19], [14], [18]]
27
[[19], [14], [13]]
27
[[19], [14], [15]]
26
[[19], [14], [17]]
28
[[19], [18], [4]]
26
[[19], [18], [16]]
28
[[19], [18], [12]]
27
[[19], [18], [19]]
42
[[19], [18, 19]]
41
[[19], [18], [14]]
29
[[19], [18], [18]]
40
[[19], [18], [13]]
33
[[19], [18], [11]]
25
[[19], [18], [15]]
27
[[19], [18], [7]]
28
[[19], [18], [9]]
25
[[19], [18], [17]]
35
[[19], [13], [19]]
34
[[19], [13], [18]]
29
[[19], [13], [17]]
30
[[19], [8], [19]]
31
[[19], [8], [18]]
26
[[19], [11], [19]]
28
[[19], [15], [19]]
27
[[19], [7], [19]]
33
[[19], [7], [18]]
28
[[19], [7], [17]]
25
[[19], [6], [19]]
25
[[19], [17], [19]]
39
[[19], [17, 19]]
34
[[19], [17], [18]]
34
[[19], [17], [13]]
26
[[19], [17], [15]]
28
[[19], [17], [17]]
31
[[14], [19], [19]]
33
[[14], [19], [18]]
30
[[14], [19], [17]]
25
[[14], [18], [19]]
26
[[14], [18, 19]]
32
[[14], [18], [18]]
29
[[14], [7], [19]]
25
[[14], [17], [19]]
26
[[18], [16], [19]]
25
[[18], [12], [19]]
25
[[18], [19], [16]]
31
[[18], [19], [12]]
28
[[18], [19], [19]]
43
[[18], [19], [14]]
28
[[18], [19], [18]]
38
[[18], [19], [13]]
30
[[18], [19], [15]]
25
[[18], [19], [7]]
25
[[18], [19], [17]]
36
[[18], [19], [10]]
25
[[18, 19], [4]]
25
[[18, 19], [16]]
26
[[18, 19], [12]]
26
[[18, 19], [19]]
35
[[18, 19], [14]]
27
[[18, 19], [18]]
34
[[18, 19], [13]]
27
[[18, 19], [17]]
27
[[18], [18], [16]]
27
[[18], [18], [19]]
40
[[18], [18, 19]]
38
[[18], [18], [14]]
27
[[18], [18], [18]]
32
[[18], [18], [13]]
30
[[18], [18], [17]]
32
[[18], [13], [19]]
27
[[18], [8], [19]]
25
[[18], [11], [19]]
26
[[18], [7], [19]]
26
[[18], [17], [19]]
33
[[18], [17, 19]]
29
[[18], [17], [18]]
26
[[18], [17], [17]]
26
[[13], [19], [19]]
32
[[13], [19], [18]]
31
[[13], [18], [19]]
26
[[13], [18, 19]]
28
[[13], [18], [18]]
29
[[13], [17], [19]]
25
[[8], [19], [19]]
32
[[8], [19], [18]]
30
[[8], [19], [17]]
25
[[8], [18], [19]]
28
[[8], [18, 19]]
28
[[8], [18], [18]]
27
[[15], [19], [16]]
26
[[15], [19], [19]]
34
[[15], [19], [14]]
26
[[15], [19], [18]]
31
[[15], [19], [17]]
26
[[15], [18], [19]]
31
[[15], [18, 19]]
28
[[15], [18], [18]]
29
[[15], [13], [19]]
25
[[15], [17], [19]]
25
[[1], [19], [19]]
26
[[7], [19], [19]]
27
[[7], [18, 19]]
28
[[6], [19], [19]]
26
[[6], [19], [18]]
27
[[6], [18, 19]]
26
[[9], [19], [19]]
29
[[9], [19], [18]]
25
[[9], [18, 19]]
26
[[17], [19], [19]]
38
[[17], [19], [14]]
25
[[17], [19], [18]]
36
[[17], [19], [13]]
25
[[17], [19], [8]]
25
[[17], [19], [7]]
26
[[17], [19], [17]]
33
[[17, 19], [19]]
26
[[17], [14], [19]]
26
[[17], [14], [14]]
26
[[17], [18], [19]]
34
[[17], [18, 19]]
38
[[17], [18], [18]]
33
[[17], [18], [17]]
26
[[17], [13], [19]]
26
[[17], [8], [19]]
25
[[17], [15], [19]]
26
[[17], [7], [19]]
25
[[17], [17], [19]]
31
[[17], [17, 19]]
25
[[17], [17], [18]]
25
[[0], [19], [19]]
26
[[19], [19], [19], [19]]
35
[[19], [19], [19], [18]]
30
[[19], [19], [19], [17]]
28
[[19], [19], [18], [19]]
27
[[19], [19], [18, 19]]
32
[[19], [19], [18], [18]]
29
[[19], [19], [7], [19]]
25
[[19], [19], [17], [19]]
28
[[19], [18], [19], [19]]
29
[[19], [18], [19], [18]]
31
[[19], [18, 19], [18]]
25
[[19], [18], [18], [19]]
25
[[19], [18], [18, 19]]
27
[[14], [19], [19], [19]]
26
[[18], [19], [19], [19]]
32
[[18], [19], [19], [18]]
28
[[18], [19], [18], [19]]
27
[[18], [19], [18, 19]]
27
[[18], [19], [18], [18]]
25
[[18, 19], [19], [18]]
27
[[18, 19], [18], [19]]
25
[[18], [18], [19], [19]]
27
[[18], [18], [19], [18]]
27
[[18], [18], [18, 19]]
25
[[17], [19], [18, 19]]
27
[[17], [18], [18, 19]]
26
