[[4]]
48
[[16]]
62
[[5]]
52
[[12]]
63
[[19]]
88
[[14]]
64
[[18]]
76
[[13]]
67
[[2]]
53
[[8]]
59
[[11]]
54
[[15]]
67
[[1]]
43
[[7]]
56
[[3]]
45
[[6]]
54
[[9]]
52
[[17]]
74
[[0]]
53
[[10]]
49
[[4], [16]]
28
[[4], [19]]
36
[[4], [14]]
29
[[4], [18]]
32
[[4], [15]]
26
[[4], [17]]
27
[[16], [16]]
37
[[16], [5]]
27
[[16], [12]]
32
[[16], [19]]
44
[[16, 19]]
32
[[16], [14]]
33
[[16], [18]]
38
[[16], [13]]
30
[[16], [8]]
25
[[16], [11]]
26
[[16], [15]]
29
[[16], [7]]
24
[[16], [6]]
24
[[16], [9]]
26
[[16], [17]]
35
[[16], [0]]
27
[[16], [10]]
24
[[5], [16]]
28
[[5], [19]]
34
[[5], [14]]
27
[[5], [18]]
31
[[5], [8]]
26
[[5], [17]]
27
[[12], [16]]
27
[[12], [5]]
26
[[12], [12]]
28
[[12], [19]]
44
[[12], [14]]
34
[[12], [18]]
42
[[12], [13]]
31
[[12], [2]]
24
[[12], [8]]
31
[[12], [15]]
33
[[12], [1]]
24
[[12], [7]]
24
[[12], [6]]
24
[[12], [9]]
25
[[12], [17]]
35
[[12], [0]]
28
[[12], [10]]
25
[[19], [4]]
39
[[19], [16]]
51
[[19], [5]]
41
[[19], [12]]
52
[[19], [19]]
71
[[19], [14]]
50
[[19], [18]]
63
[[19], [13]]
53
[[19], [2]]
40
[[19], [8]]
47
[[19], [11]]
44
[[19], [15]]
50
[[19], [1]]
35
[[19], [7]]
45
[[19], [3]]
39
[[19], [6]]
43
[[19], [9]]
35
[[19], [17]]
62
[[19], [0]]
44
[[19], [10]]
40
[[14], [4]]
26
[[14], [16]]
33
[[14], [5]]
28
[[14], [12]]
38
[[14], [19]]
51
[[14], [14]]
38
[[14], [18]]
42
[[14], [13]]
39
[[14], [2]]
27
[[14], [8]]
31
[[14], [11]]
33
[[14], [15]]
38
[[14], [7]]
33
[[14], [3]]
28
[[14], [6]]
30
[[14], [9]]
29
[[14], [17]]
42
[[14], [0]]
30
[[14], [10]]
30
[[18], [4]]
37
[[18], [16]]
43
[[18], [5]]
35
[[18], [12]]
44
[[18], [19]]
60
[[18, 19]]
59
[[18], [14]]
39
[[18], [18]]
56
[[18], [13]]
44
[[18], [2]]
32
[[18], [8]]
36
[[18], [11]]
38
[[18], [15]]
41
[[18], [1]]
30
[[18], [7]]
36
[[18], [3]]
34
[[18], [6]]
34
[[18], [9]]
33
[[18], [17]]
49
[[18], [0]]
39
[[18], [10]]
32
[[13], [4]]
27
[[13], [16]]
28
[[13], [5]]
26
[[13], [12]]
25
[[13], [19]]
53
[[13], [14]]
37
[[13], [18]]
44
[[13], [13]]
34
[[13], [2]]
27
[[13], [8]]
29
[[13], [11]]
38
[[13], [15]]
37
[[13], [7]]
30
[[13], [3]]
27
[[13], [6]]
26
[[13], [9]]
28
[[13], [17]]
43
[[13], [0]]
33
[[13], [10]]
28
[[2], [16]]
29
[[2], [12]]
25
[[2], [19]]
39
[[2], [14]]
28
[[2], [18]]
31
[[2], [13]]
24
[[2], [8]]
24
[[2], [15]]
26
[[2], [17]]
34
[[2], [0]]
24
[[8], [16]]
33
[[8], [12]]
27
[[8], [19]]
49
[[8], [14]]
29
[[8], [18]]
44
[[8], [13]]
33
[[8], [2]]
25
[[8], [8]]
27
[[8], [11]]
33
[[8], [15]]
30
[[8], [7]]
26
[[8], [3]]
26
[[8], [6]]
24
[[8], [17]]
39
[[8], [0]]
25
[[8], [10]]
28
[[11], [4]]
24
[[11], [16]]
26
[[11], [19]]
43
[[11], [14]]
35
[[11], [18]]
36
[[11], [13]]
36
[[11], [2]]
27
[[11], [11]]
33
[[11], [15]]
35
[[11], [7]]
28
[[11], [3]]
24
[[11], [6]]
24
[[11], [17]]
36
[[11], [0]]
26
[[15], [4]]
26
[[15], [16]]
32
[[15], [5]]
25
[[15], [12]]
30
[[15], [19]]
50
[[15, 19]]
26
[[15], [14]]
33
[[15], [18]]
45
[[15], [13]]
37
[[15], [8]]
26
[[15], [11]]
34
[[15], [15]]
36
[[15], [1]]
24
[[15], [7]]
28
[[15], [3]]
29
[[15], [6]]
26
[[15], [9]]
24
[[15], [17]]
42
[[15], [0]]
27
[[15], [10]]
25
[[1], [16]]
25
[[1], [19]]
33
[[1], [14]]
27
[[1], [18]]
27
[[1], [13]]
27
[[1], [17]]
28
[[7], [16]]
26
[[7], [19]]
46
[[7], [14]]
30
[[7], [18]]
37
[[7], [13]]
28
[[7], [15]]
29
[[7], [9]]
24
[[7], [17]]
34
[[7], [10]]
26
[[3], [19]]
37
[[3], [14]]
27
[[3], [18]]
32
[[3], [13]]
24
[[3], [15]]
26
[[3], [17]]
25
[[6], [16]]
28
[[6], [12]]
28
[[6], [19]]
40
[[6], [14]]
28
[[6], [18]]
37
[[6], [13]]
29
[[6], [2]]
27
[[6], [15]]
27
[[6], [7]]
26
[[6], [17]]
33
[[6], [0]]
26
[[9], [16]]
26
[[9], [5]]
24
[[9], [12]]
25
[[9], [19]]
42
[[9], [14]]
31
[[9], [18]]
35
[[9], [13]]
30
[[9], [2]]
25
[[9], [8]]
26
[[9], [11]]
27
[[9], [15]]
27
[[9], [7]]
25
[[9], [6]]
25
[[9], [9]]
29
[[9], [17]]
33
[[9], [0]]
26
[[9], [10]]
26
[[17], [4]]
35
[[17], [16]]
38
[[17], [5]]
33
[[17], [12]]
35
[[17], [19]]
61
[[17, 19]]
45
[[17], [14]]
42
[[17], [18]]
51
[[17, 18]]
34
[[17], [13]]
46
[[17], [2]]
28
[[17], [8]]
32
[[17], [11]]
39
[[17], [15]]
43
[[17], [1]]
26
[[17], [7]]
34
[[17], [3]]
29
[[17], [6]]
30
[[17], [9]]
29
[[17], [17]]
49
[[17], [0]]
38
[[17], [10]]
33
[[0], [16]]
25
[[0], [12]]
27
[[0], [19]]
38
[[0], [14]]
29
[[0], [18]]
34
[[0], [13]]
33
[[0], [2]]
24
[[0], [8]]
27
[[0], [11]]
25
[[0], [17]]
33
[[0], [0]]
24
[[0], [10]]
24
[[10], [16]]
26
[[10], [12]]
25
[[10], [19]]
36
[[10], [18]]
36
[[10], [13]]
29
[[10], [8]]
26
[[10], [11]]
24
[[10], [15]]
26
[[10], [9]]
25
[[10], [17]]
30
[[4], [19], [19]]
26
[[16], [19], [19]]
33
[[16], [19], [18]]
26
[[16], [19], [17]]
26
[[16], [18], [19]]
24
[[16], [18, 19]]
25
[[16], [17], [19]]
24
[[5], [19], [19]]
24
[[12], [19], [19]]
30
[[12], [19], [14]]
26
[[12], [19], [18]]
27
[[12], [19], [17]]
27
[[12], [18], [19]]
28
[[12], [18, 19]]
30
[[12], [18], [18]]
26
[[12], [17], [19]]
29
[[19], [4], [19]]
26
[[19], [4], [18]]
25
[[19], [16], [16]]
27
[[19], [16], [19]]
29
[[19], [16, 19]]
25
[[19], [16], [14]]
26
[[19], [16], [18]]
28
[[19], [16], [17]]
25
[[19], [12], [19]]
31
[[19], [12], [18]]
28
[[19], [12], [17]]
26
[[19], [19], [4]]
27
[[19], [19], [16]]
34
[[19], [19], [5]]
28
[[19], [19], [12]]
37
[[19], [19], [19]]
49
[[19], [19], [14]]
36
[[19], [19], [18]]
46
[[19], [19], [13]]
38
[[19], [19], [2]]
27
[[19], [19], [8]]
31
[[19], [19], [11]]
32
[[19], [19], [15]]
35
[[19], [19], [7]]
33
[[19], [19], [3]]
25
[[19], [19], [6]]
25
[[19], [19], [9]]
29
[[19], [19], [17]]
44
[[19], [19], [0]]
30
[[19], [19], [10]]
28
[[19], [14], [12]]
25
[[19], [14], [19]]
37
[[19], [14], [14]]
29
[[19], [14], [18]]
30
[[19], [14], [13]]
29
[[19], [14], [11]]
24
[[19], [14], [15]]
29
[[19], [14], [17]]
31
[[19], [18], [4]]
27
[[19], [18], [16]]
30
[[19], [18], [5]]
24
[[19], [18], [12]]
33
[[19], [18], [19]]
48
[[19], [18, 19]]
46
[[19], [18], [14]]
32
[[19], [18], [18]]
45
[[19], [18], [13]]
36
[[19], [18], [8]]
25
[[19], [18], [11]]
28
[[19], [18], [15]]
31
[[19], [18], [7]]
28
[[19], [18], [3]]
26
[[19], [18], [6]]
27
[[19], [18], [9]]
27
[[19], [18], [17]]
41
[[19], [18], [0]]
30
[[19], [18], [10]]
25
[[19], [13], [19]]
39
[[19], [13], [14]]
27
[[19], [13], [18]]
32
[[19], [13], [13]]
26
[[19], [13], [11]]
27
[[19], [13], [15]]
28
[[19], [13], [7]]
24
[[19], [13], [17]]
34
[[19], [2], [19]]
25
[[19], [8], [19]]
33
[[19], [8], [18]]
28
[[19], [8], [11]]
26
[[19], [8], [17]]
25
[[19], [11], [19]]
31
[[19], [11], [18]]
26
[[19], [11], [17]]
25
[[19], [15], [19]]
32
[[19], [15], [18]]
27
[[19], [15], [15]]
24
[[19], [15], [17]]
30
[[19], [7], [19]]
34
[[19], [7], [18]]
29
[[19], [7], [17]]
27
[[19], [3], [19]]
26
[[19], [6], [19]]
28
[[19], [6], [18]]
26
[[19], [9], [19]]
24
[[19], [17], [4]]
25
[[19], [17], [16]]
25
[[19], [17], [12]]
26
[[19], [17], [19]]
45
[[19], [17, 19]]
38
[[19], [17], [14]]
28
[[19], [17], [18]]
38
[[19], [17, 18]]
24
[[19], [17], [13]]
30
[[19], [17], [15]]
32
[[19], [17], [17]]
36
[[19], [17], [0]]
25
[[19], [17], [10]]
24
[[19], [0], [19]]
28
[[19], [0], [18]]
26
[[19], [0], [17]]
24
[[19], [10], [19]]
25
[[19], [10], [18]]
25
[[14], [12], [19]]
27
[[14], [19], [16]]
24
[[14], [19], [12]]
26
[[14], [19], [19]]
37
[[14], [19], [14]]
25
[[14], [19], [18]]
32
[[14], [19], [13]]
26
[[14], [19], [8]]
24
[[14], [19], [11]]
25
[[14], [19], [17]]
30
[[14], [14], [19]]
26
[[14], [18], [19]]
29
[[14], [18, 19]]
35
[[14], [18], [18]]
31
[[14], [18], [17]]
24
[[14], [13], [19]]
29
[[14], [8], [19]]
25
[[14], [15], [19]]
24
[[14], [7], [19]]
27
[[14], [17], [19]]
31
[[14], [17, 19]]
24
[[18], [4], [19]]
24
[[18], [4], [18]]
25
[[18], [16], [16]]
24
[[18], [16], [19]]
27
[[18], [16], [18]]
25
[[18], [12], [19]]
28
[[18], [12], [18]]
26
[[18], [19], [16]]
33
[[18], [19], [5]]
24
[[18], [19], [12]]
32
[[18], [19], [19]]
47
[[18], [19], [14]]
30
[[18], [19], [18]]
40
[[18], [19], [13]]
33
[[18], [19], [8]]
26
[[18], [19], [11]]
28
[[18], [19], [15]]
29
[[18], [19], [7]]
26
[[18], [19], [3]]
24
[[18], [19], [17]]
39
[[18], [19], [0]]
24
[[18], [19], [10]]
28
[[18, 19], [4]]
26
[[18, 19], [16]]
28
[[18, 19], [5]]
27
[[18, 19], [12]]
30
[[18, 19], [19]]
38
[[18, 19], [14]]
28
[[18, 19], [18]]
37
[[18, 19], [13]]
29
[[18, 19], [15]]
27
[[18, 19], [7]]
25
[[18, 19], [6]]
26
[[18, 19], [17]]
32
[[18, 19], [0]]
25
[[18, 19], [10]]
25
[[18], [14], [19]]
28
[[18], [14], [14]]
24
[[18], [18], [4]]
24
[[18], [18], [16]]
29
[[18], [18], [12]]
28
[[18], [18], [19]]
44
[[18], [18, 19]]
41
[[18], [18], [14]]
28
[[18], [18], [18]]
36
[[18], [18], [13]]
32
[[18], [18], [11]]
24
[[18], [18], [15]]
27
[[18], [18], [7]]
25
[[18], [18], [9]]
24
[[18], [18], [17]]
36
[[18], [13], [19]]
32
[[18], [13], [18]]
25
[[18], [13], [17]]
26
[[18], [8], [19]]
27
[[18], [11], [19]]
29
[[18], [15], [19]]
29
[[18], [15], [17]]
24
[[18], [7], [19]]
26
[[18], [9], [19]]
24
[[18], [17], [19]]
38
[[18], [17, 19]]
32
[[18], [17], [18]]
30
[[18], [17], [13]]
24
[[18], [17], [15]]
27
[[18], [17], [17]]
29
[[13], [19], [19]]
34
[[13], [19], [14]]
24
[[13], [19], [18]]
32
[[13], [19], [8]]
24
[[13], [19], [17]]
25
[[13], [14], [19]]
24
[[13], [18], [19]]
28
[[13], [18, 19]]
33
[[13], [18], [18]]
30
[[13], [11], [19]]
25
[[13], [15], [19]]
26
[[13], [17], [19]]
30
[[13], [17], [18]]
25
[[2], [19], [19]]
26
[[2], [19], [17]]
24
[[2], [18, 19]]
24
[[8], [19], [16]]
26
[[8], [19], [19]]
33
[[8], [19], [18]]
32
[[8], [19], [17]]
28
[[8], [18], [16]]
24
[[8], [18], [19]]
31
[[8], [18, 19]]
31
[[8], [18], [18]]
29
[[8], [18], [17]]
27
[[8], [17], [19]]
25
[[8], [17, 19]]
25
[[11], [19], [19]]
27
[[11], [19], [18]]
25
[[11], [18], [19]]
26
[[11], [18, 19]]
24
[[11], [13], [19]]
25
[[11], [17], [19]]
26
[[15], [19], [16]]
27
[[15], [19], [19]]
37
[[15], [19], [14]]
27
[[15], [19], [18]]
34
[[15], [19], [13]]
26
[[15], [19], [17]]
29
[[15], [14], [19]]
24
[[15], [18], [19]]
36
[[15], [18, 19]]
31
[[15], [18], [18]]
33
[[15], [18], [13]]
27
[[15], [18], [17]]
26
[[15], [13], [19]]
28
[[15], [11], [19]]
26
[[15], [17], [19]]
30
[[15], [17], [18]]
24
[[1], [19], [19]]
29
[[7], [19], [19]]
30
[[7], [18, 19]]
31
[[7], [17], [19]]
27
[[3], [18, 19]]
24
[[6], [19], [19]]
29
[[6], [19], [18]]
28
[[6], [18, 19]]
28
[[6], [18], [18]]
24
[[6], [17], [19]]
25
[[9], [19], [19]]
32
[[9], [19], [18]]
27
[[9], [19], [17]]
26
[[9], [18, 19]]
28
[[9], [18], [18]]
24
[[17], [4], [19]]
26
[[17], [4], [18]]
24
[[17], [19], [16]]
26
[[17], [19], [5]]
25
[[17], [19], [19]]
43
[[17], [19], [14]]
29
[[17], [19], [18]]
39
[[17], [19], [13]]
29
[[17], [19], [8]]
27
[[17], [19], [11]]
25
[[17], [19], [15]]
26
[[17], [19], [7]]
27
[[17], [19], [17]]
38
[[17], [19], [0]]
24
[[17], [19], [10]]
25
[[17, 19], [19]]
30
[[17, 19], [18]]
24
[[17, 19], [15]]
24
[[17], [14], [19]]
28
[[17], [14], [14]]
26
[[17], [14], [18]]
24
[[17], [14], [17]]
24
[[17], [18], [19]]
37
[[17], [18, 19]]
40
[[17], [18], [18]]
36
[[17], [18], [13]]
25
[[17], [18], [17]]
29
[[17], [13], [19]]
29
[[17], [13], [14]]
24
[[17], [13], [18]]
25
[[17], [13], [17]]
26
[[17], [8], [19]]
26
[[17], [11], [19]]
27
[[17], [11], [17]]
24
[[17], [15], [19]]
28
[[17], [15], [18]]
25
[[17], [15], [17]]
25
[[17], [7], [19]]
26
[[17], [17], [19]]
37
[[17], [17, 19]]
29
[[17], [17], [18]]
30
[[17], [17], [17]]
30
[[0], [19], [19]]
29
[[0], [19], [17]]
25
[[0], [18, 19]]
26
[[10], [18], [19]]
24
[[10], [18, 19]]
24
[[19], [16], [19], [19]]
24
[[19], [19], [19], [19]]
39
[[19], [19], [19], [14]]
25
[[19], [19], [19], [18]]
32
[[19], [19], [19], [17]]
31
[[19], [19], [18], [19]]
30
[[19], [19], [18, 19]]
34
[[19], [19], [18], [18]]
31
[[19], [19], [13], [19]]
26
[[19], [19], [11], [19]]
24
[[19], [19], [7], [19]]
25
[[19], [19], [17], [19]]
32
[[19], [19], [17], [18]]
24
[[19], [19], [17], [13]]
24
[[19], [19], [17], [17]]
24
[[19], [18], [19], [19]]
32
[[19], [18], [19], [18]]
33
[[19], [18], [19], [17]]
25
[[19], [18, 19], [19]]
28
[[19], [18, 19], [18]]
27
[[19], [18, 19], [17]]
24
[[19], [18], [18], [19]]
26
[[19], [18], [18, 19]]
31
[[19], [18], [18], [18]]
24
[[19], [18], [13], [19]]
24
[[19], [18], [17], [19]]
27
[[19], [18], [17, 19]]
25
[[19], [13], [19], [19]]
24
[[19], [13], [18, 19]]
24
[[19], [7], [18, 19]]
24
[[19], [17], [19], [19]]
24
[[19], [17, 19], [19]]
24
[[19], [17], [18, 19]]
26
[[14], [19], [19], [19]]
28
[[14], [19], [19], [17]]
24
[[14], [19], [18, 19]]
24
[[18], [19], [19], [19]]
35
[[18], [19], [19], [14]]
24
[[18], [19], [19], [18]]
30
[[18], [19], [19], [17]]
27
[[18], [19], [18], [19]]
31
[[18], [19], [18, 19]]
29
[[18], [19], [18], [18]]
29
[[18], [19], [17], [19]]
28
[[18], [19], [17, 19]]
27
[[18, 19], [19], [19]]
25
[[18, 19], [19], [18]]
28
[[18, 19], [18], [19]]
29
[[18, 19], [18, 19]]
25
[[18, 19], [18], [18]]
26
[[18], [18], [19], [19]]
30
[[18], [18], [19], [18]]
29
[[18], [18, 19], [19]]
27
[[18], [18], [18], [19]]
24
[[18], [18], [18, 19]]
28
[[15], [19], [18], [19]]
24
[[17], [19], [19], [19]]
26
[[17], [19], [19], [18]]
26
[[17], [19], [18], [19]]
25
[[17], [19], [18, 19]]
30
[[17], [19], [18], [18]]
24
[[17], [18], [19], [19]]
27
[[17], [18], [19], [18]]
27
[[17], [18, 19], [18]]
25
[[17], [18], [18, 19]]
28
[[17], [17], [18, 19]]
25
[[18], [19], [19], [19], [19]]
26
