[[4]]
65
[[16]]
98
[[5]]
77
[[12]]
95
[[19]]
127
[[14]]
99
[[18]]
115
[[13]]
103
[[2]]
74
[[8]]
84
[[11]]
83
[[15]]
97
[[1]]
65
[[7]]
80
[[3]]
74
[[6]]
78
[[9]]
77
[[17]]
110
[[0]]
69
[[10]]
78
[[4], [19]]
50
[[4], [14]]
42
[[4], [18]]
43
[[16], [16]]
60
[[16], [5]]
45
[[16], [12]]
54
[[16], [19]]
73
[[16, 19]]
47
[[16], [14]]
58
[[16], [18]]
64
[[16], [13]]
51
[[16], [11]]
43
[[16], [15]]
56
[[16], [17]]
59
[[5], [16]]
45
[[5], [19]]
56
[[5], [18]]
47
[[12], [16]]
49
[[12], [12]]
44
[[12], [19]]
70
[[12], [14]]
56
[[12], [18]]
64
[[12], [13]]
51
[[12], [8]]
44
[[12], [15]]
56
[[12], [17]]
57
[[19], [4]]
51
[[19], [16]]
83
[[19], [5]]
66
[[19], [12]]
79
[[19], [19]]
109
[[19], [14]]
83
[[19], [18]]
96
[[19], [13]]
84
[[19], [2]]
53
[[19], [8]]
69
[[19], [11]]
67
[[19], [15]]
80
[[19], [1]]
49
[[19], [7]]
66
[[19], [3]]
59
[[19], [6]]
64
[[19], [9]]
57
[[19], [17]]
90
[[19], [0]]
58
[[19], [10]]
66
[[14], [16]]
57
[[14], [5]]
45
[[14], [12]]
63
[[14], [19]]
80
[[14], [14]]
59
[[14], [18]]
66
[[14], [13]]
62
[[14], [8]]
49
[[14], [11]]
45
[[14], [15]]
66
[[14], [7]]
48
[[14], [3]]
44
[[14], [6]]
47
[[14], [17]]
65
[[14], [10]]
49
[[18], [4]]
46
[[18], [16]]
72
[[18], [5]]
55
[[18], [12]]
70
[[18], [19]]
89
[[18, 19]]
86
[[18], [14]]
72
[[18], [18]]
82
[[18], [13]]
71
[[18], [2]]
44
[[18], [8]]
57
[[18], [11]]
58
[[18], [15]]
71
[[18], [1]]
43
[[18], [7]]
54
[[18], [3]]
51
[[18], [6]]
55
[[18], [9]]
52
[[18], [17]]
77
[[18], [0]]
48
[[18], [10]]
57
[[13], [16]]
56
[[13], [5]]
42
[[13], [12]]
46
[[13], [19]]
80
[[13], [14]]
61
[[13], [18]]
69
[[13], [13]]
53
[[13], [8]]
48
[[13], [11]]
51
[[13], [15]]
61
[[13], [7]]
44
[[13], [3]]
43
[[13], [9]]
43
[[13], [17]]
65
[[13], [0]]
43
[[13], [10]]
47
[[2], [16]]
47
[[2], [19]]
57
[[2], [18]]
46
[[2], [17]]
49
[[8], [16]]
52
[[8], [12]]
43
[[8], [19]]
68
[[8], [14]]
44
[[8], [18]]
63
[[8], [13]]
48
[[8], [11]]
44
[[8], [15]]
44
[[8], [17]]
55
[[8], [10]]
43
[[11], [16]]
50
[[11], [19]]
66
[[11], [14]]
52
[[11], [18]]
57
[[11], [13]]
58
[[11], [11]]
51
[[11], [15]]
53
[[11], [17]]
58
[[15], [16]]
58
[[15], [12]]
50
[[15], [19]]
75
[[15], [14]]
56
[[15], [18]]
67
[[15], [13]]
58
[[15], [11]]
45
[[15], [15]]
62
[[15], [17]]
64
[[15], [10]]
43
[[1], [19]]
50
[[1], [18]]
43
[[1], [17]]
43
[[7], [16]]
46
[[7], [19]]
67
[[7], [14]]
50
[[7], [18]]
56
[[7], [13]]
48
[[7], [15]]
48
[[7], [17]]
52
[[3], [19]]
55
[[3], [18]]
49
[[6], [16]]
45
[[6], [12]]
43
[[6], [19]]
61
[[6], [14]]
47
[[6], [18]]
54
[[6], [13]]
48
[[6], [15]]
44
[[6], [17]]
52
[[9], [16]]
45
[[9], [19]]
61
[[9], [14]]
51
[[9], [18]]
56
[[9], [13]]
48
[[9], [15]]
47
[[9], [17]]
51
[[17], [4]]
47
[[17], [16]]
64
[[17], [5]]
54
[[17], [12]]
60
[[17], [19]]
91
[[17, 19]]
63
[[17], [14]]
69
[[17], [18]]
75
[[17, 18]]
47
[[17], [13]]
72
[[17], [2]]
43
[[17], [8]]
53
[[17], [11]]
56
[[17], [15]]
70
[[17], [7]]
53
[[17], [3]]
44
[[17], [6]]
48
[[17], [9]]
47
[[17], [17]]
74
[[17], [0]]
50
[[17], [10]]
57
[[0], [19]]
54
[[0], [14]]
43
[[0], [18]]
46
[[0], [13]]
43
[[10], [16]]
42
[[10], [19]]
59
[[10], [14]]
44
[[10], [18]]
53
[[10], [13]]
46
[[10], [15]]
42
[[10], [17]]
47
[[16], [19], [19]]
51
[[16], [19], [14]]
42
[[16], [19], [18]]
43
[[16], [18, 19]]
44
[[12], [19], [19]]
46
[[12], [19], [14]]
42
[[12], [19], [18]]
42
[[12], [19], [17]]
46
[[12], [18], [19]]
42
[[12], [18, 19]]
45
[[12], [17], [19]]
43
[[19], [16], [16]]
48
[[19], [16], [12]]
42
[[19], [16], [19]]
56
[[19], [16], [14]]
47
[[19], [16], [18]]
50
[[19], [16], [13]]
44
[[19], [16], [15]]
46
[[19], [16], [17]]
44
[[19], [12], [19]]
52
[[19], [12], [18]]
46
[[19], [19], [16]]
62
[[19], [19], [5]]
47
[[19], [19], [12]]
60
[[19], [19], [19]]
81
[[19], [19], [14]]
64
[[19], [19], [18]]
73
[[19], [19], [13]]
64
[[19], [19], [8]]
49
[[19], [19], [11]]
49
[[19], [19], [15]]
63
[[19], [19], [7]]
51
[[19], [19], [3]]
42
[[19], [19], [6]]
42
[[19], [19], [9]]
46
[[19], [19], [17]]
72
[[19], [19], [10]]
47
[[19], [14], [16]]
46
[[19], [14], [12]]
48
[[19], [14], [19]]
63
[[19], [14], [14]]
47
[[19], [14], [18]]
50
[[19], [14], [13]]
49
[[19], [14], [15]]
50
[[19], [14], [17]]
48
[[19], [18], [16]]
54
[[19], [18], [12]]
55
[[19], [18], [19]]
76
[[19], [18, 19]]
67
[[19], [18], [14]]
59
[[19], [18], [18]]
67
[[19], [18], [13]]
61
[[19], [18], [8]]
45
[[19], [18], [15]]
57
[[19], [18], [7]]
43
[[19], [18], [3]]
42
[[19], [18], [6]]
44
[[19], [18], [9]]
44
[[19], [18], [17]]
65
[[19], [18], [10]]
46
[[19], [13], [16]]
43
[[19], [13], [19]]
66
[[19], [13], [14]]
49
[[19], [13], [18]]
51
[[19], [13], [13]]
42
[[19], [13], [15]]
49
[[19], [13], [17]]
56
[[19], [8], [19]]
50
[[19], [8], [18]]
43
[[19], [11], [19]]
53
[[19], [11], [18]]
43
[[19], [11], [17]]
42
[[19], [15], [16]]
44
[[19], [15], [19]]
54
[[19], [15], [18]]
45
[[19], [15], [15]]
43
[[19], [15], [17]]
47
[[19], [7], [19]]
53
[[19], [7], [18]]
43
[[19], [6], [19]]
45
[[19], [9], [19]]
42
[[19], [17], [16]]
47
[[19], [17], [12]]
45
[[19], [17], [19]]
70
[[19], [17, 19]]
48
[[19], [17], [14]]
52
[[19], [17], [18]]
58
[[19], [17], [13]]
56
[[19], [17], [15]]
54
[[19], [17], [17]]
60
[[19], [17], [10]]
42
[[19], [0], [19]]
43
[[19], [10], [19]]
45
[[14], [12], [19]]
45
[[14], [19], [16]]
44
[[14], [19], [19]]
59
[[14], [19], [14]]
43
[[14], [19], [18]]
52
[[14], [19], [13]]
42
[[14], [19], [15]]
45
[[14], [19], [17]]
49
[[14], [18], [19]]
47
[[14], [18, 19]]
52
[[14], [18], [18]]
46
[[14], [13], [19]]
47
[[14], [15], [19]]
44
[[14], [17], [19]]
51
[[18], [16], [19]]
50
[[18], [16], [18]]
42
[[18], [12], [19]]
47
[[18], [19], [16]]
52
[[18], [19], [12]]
48
[[18], [19], [19]]
72
[[18], [19], [14]]
52
[[18], [19], [18]]
62
[[18], [19], [13]]
51
[[18], [19], [15]]
52
[[18], [19], [7]]
42
[[18], [19], [17]]
59
[[18], [19], [10]]
43
[[18, 19], [16]]
49
[[18, 19], [5]]
42
[[18, 19], [12]]
49
[[18, 19], [19]]
60
[[18, 19], [14]]
54
[[18, 19], [18]]
57
[[18, 19], [13]]
48
[[18, 19], [15]]
52
[[18, 19], [17]]
49
[[18, 19], [10]]
44
[[18], [14], [19]]
46
[[18], [18], [16]]
50
[[18], [18], [12]]
45
[[18], [18], [19]]
66
[[18], [18, 19]]
58
[[18], [18], [14]]
50
[[18], [18], [18]]
57
[[18], [18], [13]]
51
[[18], [18], [15]]
50
[[18], [18], [17]]
55
[[18], [13], [19]]
52
[[18], [13], [14]]
42
[[18], [13], [17]]
43
[[18], [11], [19]]
45
[[18], [15], [19]]
48
[[18], [17], [19]]
62
[[18], [17, 19]]
45
[[18], [17], [14]]
46
[[18], [17], [18]]
50
[[18], [17], [13]]
47
[[18], [17], [15]]
49
[[18], [17], [17]]
48
[[13], [19], [19]]
54
[[13], [19], [14]]
43
[[13], [19], [18]]
45
[[13], [18], [19]]
47
[[13], [18, 19]]
47
[[13], [18], [18]]
44
[[13], [17], [19]]
48
[[8], [19], [19]]
52
[[8], [19], [18]]
44
[[8], [18], [19]]
46
[[8], [18, 19]]
47
[[11], [19], [19]]
44
[[11], [18], [19]]
42
[[11], [13], [19]]
43
[[11], [17], [19]]
44
[[15], [19], [16]]
46
[[15], [19], [19]]
52
[[15], [19], [14]]
42
[[15], [19], [18]]
48
[[15], [19], [17]]
44
[[15], [18], [19]]
50
[[15], [18, 19]]
44
[[15], [18], [18]]
44
[[15], [13], [19]]
43
[[15], [17], [19]]
46
[[1], [19], [19]]
42
[[7], [19], [19]]
44
[[7], [19], [17]]
42
[[7], [18, 19]]
43
[[6], [19], [19]]
45
[[6], [19], [18]]
42
[[9], [19], [19]]
49
[[9], [19], [18]]
43
[[9], [19], [17]]
42
[[17], [19], [16]]
49
[[17], [19], [19]]
65
[[17], [19], [14]]
48
[[17], [19], [18]]
58
[[17], [19], [13]]
45
[[17], [19], [15]]
47
[[17], [19], [7]]
44
[[17], [19], [17]]
56
[[17], [19], [10]]
44
[[17, 19], [19]]
48
[[17], [14], [19]]
46
[[17], [14], [18]]
42
[[17], [18], [19]]
57
[[17], [18, 19]]
54
[[17], [18], [14]]
43
[[17], [18], [18]]
51
[[17], [18], [15]]
42
[[17], [18], [17]]
44
[[17], [13], [19]]
49
[[17], [13], [14]]
42
[[17], [13], [18]]
43
[[17], [11], [19]]
42
[[17], [15], [19]]
48
[[17], [17], [19]]
55
[[17], [17], [18]]
44
[[17], [17], [17]]
46
[[19], [19], [19], [16]]
42
[[19], [19], [19], [19]]
58
[[19], [19], [19], [18]]
49
[[19], [19], [19], [15]]
43
[[19], [19], [19], [17]]
49
[[19], [19], [18], [19]]
47
[[19], [19], [18, 19]]
50
[[19], [19], [18], [18]]
44
[[19], [19], [13], [19]]
44
[[19], [19], [17], [19]]
48
[[19], [19], [17], [13]]
45
[[19], [19], [17], [15]]
42
[[19], [19], [17], [17]]
45
[[19], [18], [19], [19]]
54
[[19], [18], [19], [18]]
50
[[19], [18], [19], [17]]
44
[[19], [18, 19], [19]]
48
[[19], [18, 19], [18]]
43
[[19], [18], [18], [19]]
48
[[19], [18], [18, 19]]
46
[[19], [18], [13], [19]]
45
[[19], [18], [17], [19]]
47
[[14], [19], [19], [19]]
43
[[18], [19], [19], [19]]
51
[[18], [19], [19], [18]]
47
[[18], [19], [19], [17]]
42
[[18], [19], [18], [19]]
42
[[18], [19], [17], [19]]
44
[[18, 19], [19], [19]]
45
[[18, 19], [19], [18]]
42
[[18, 19], [18], [19]]
44
[[18], [18], [19], [19]]
47
[[18], [18], [19], [18]]
47
[[18], [18, 19], [19]]
45
[[17], [19], [19], [19]]
43
[[17], [19], [18], [19]]
42
[[17], [18], [19], [19]]
43
