[[4]]
55
[[16]]
77
[[5]]
63
[[12]]
79
[[19]]
105
[[14]]
77
[[18]]
91
[[13]]
80
[[2]]
63
[[8]]
71
[[11]]
69
[[15]]
81
[[1]]
54
[[7]]
67
[[3]]
53
[[6]]
60
[[9]]
64
[[17]]
91
[[0]]
58
[[10]]
59
[[4], [16]]
33
[[4], [19]]
42
[[4], [14]]
34
[[4], [18]]
35
[[4], [15]]
32
[[4], [17]]
33
[[16], [16]]
46
[[16], [5]]
35
[[16], [12]]
40
[[16], [19]]
58
[[16, 19]]
37
[[16], [14]]
43
[[16], [18]]
45
[[16, 18]]
30
[[16], [13]]
36
[[16], [8]]
33
[[16], [11]]
33
[[16], [15]]
39
[[16], [7]]
30
[[16], [9]]
32
[[16], [17]]
47
[[16], [0]]
30
[[5], [16]]
35
[[5], [19]]
43
[[5], [14]]
30
[[5], [18]]
37
[[5], [8]]
33
[[5], [9]]
29
[[5], [17]]
34
[[12], [16]]
37
[[12], [5]]
34
[[12], [12]]
38
[[12], [19]]
58
[[12], [14]]
45
[[12], [18]]
50
[[12], [13]]
40
[[12], [8]]
37
[[12], [11]]
31
[[12], [15]]
44
[[12], [7]]
29
[[12], [9]]
33
[[12], [17]]
46
[[12], [0]]
30
[[12], [10]]
30
[[19], [4]]
44
[[19], [16]]
62
[[19], [5]]
52
[[19], [12]]
64
[[19], [19]]
89
[[19], [14]]
64
[[19], [18]]
76
[[19], [13]]
66
[[19], [2]]
45
[[19], [8]]
57
[[19], [11]]
56
[[19], [15]]
63
[[19], [1]]
41
[[19], [7]]
54
[[19], [3]]
45
[[19], [6]]
47
[[19], [9]]
48
[[19], [17]]
76
[[19], [0]]
48
[[19], [10]]
48
[[14], [4]]
31
[[14], [16]]
41
[[14], [5]]
36
[[14], [12]]
48
[[14], [19]]
63
[[14], [14]]
44
[[14], [18]]
48
[[14], [13]]
48
[[14], [2]]
32
[[14], [8]]
39
[[14], [11]]
38
[[14], [15]]
46
[[14], [7]]
38
[[14], [3]]
31
[[14], [6]]
35
[[14], [9]]
34
[[14], [17]]
51
[[14], [0]]
32
[[14], [10]]
34
[[18], [4]]
40
[[18], [16]]
52
[[18], [5]]
44
[[18], [12]]
55
[[18], [19]]
72
[[18, 19]]
70
[[18], [14]]
51
[[18], [18]]
63
[[18], [13]]
54
[[18], [2]]
37
[[18], [8]]
44
[[18], [11]]
47
[[18], [15]]
52
[[18], [1]]
35
[[18], [7]]
42
[[18], [3]]
38
[[18], [6]]
39
[[18], [9]]
42
[[18], [17]]
60
[[18], [0]]
41
[[18], [10]]
39
[[13], [4]]
30
[[13], [16]]
35
[[13], [5]]
33
[[13], [12]]
31
[[13], [19]]
64
[[13], [14]]
43
[[13], [18]]
50
[[13], [13]]
44
[[13], [2]]
30
[[13], [8]]
37
[[13], [11]]
42
[[13], [15]]
44
[[13], [7]]
34
[[13], [3]]
30
[[13], [9]]
36
[[13], [17]]
52
[[13], [0]]
35
[[13], [10]]
34
[[2], [16]]
36
[[2], [12]]
30
[[2], [19]]
49
[[2], [14]]
32
[[2], [18]]
38
[[2], [13]]
32
[[2], [8]]
29
[[2], [15]]
30
[[2], [17]]
42
[[8], [16]]
39
[[8], [12]]
33
[[8], [19]]
58
[[8], [14]]
32
[[8], [18]]
49
[[8], [13]]
38
[[8], [8]]
31
[[8], [11]]
37
[[8], [15]]
34
[[8], [7]]
31
[[8], [3]]
29
[[8], [17]]
46
[[8], [10]]
34
[[11], [16]]
34
[[11], [12]]
30
[[11], [19]]
55
[[11], [14]]
42
[[11], [18]]
45
[[11], [13]]
47
[[11], [2]]
32
[[11], [8]]
30
[[11], [11]]
42
[[11], [15]]
43
[[11], [7]]
34
[[11], [17]]
48
[[15], [4]]
29
[[15], [16]]
43
[[15], [5]]
33
[[15], [12]]
38
[[15], [19]]
62
[[15, 19]]
31
[[15], [14]]
44
[[15], [18]]
53
[[15], [13]]
46
[[15], [8]]
33
[[15], [11]]
39
[[15], [15]]
43
[[15], [7]]
34
[[15], [3]]
31
[[15], [17]]
53
[[15], [0]]
29
[[15], [10]]
29
[[1], [16]]
31
[[1], [19]]
42
[[1], [14]]
30
[[1], [18]]
34
[[1], [13]]
32
[[1], [15]]
30
[[1], [17]]
35
[[7], [16]]
33
[[7], [12]]
29
[[7], [19]]
57
[[7], [14]]
37
[[7], [18]]
43
[[7], [13]]
37
[[7], [15]]
34
[[7], [9]]
32
[[7], [17]]
42
[[7], [10]]
30
[[3], [19]]
44
[[3], [14]]
30
[[3], [18]]
36
[[3], [13]]
31
[[3], [15]]
32
[[3], [17]]
31
[[6], [16]]
33
[[6], [12]]
34
[[6], [19]]
47
[[6], [14]]
34
[[6], [18]]
41
[[6], [13]]
36
[[6], [2]]
30
[[6], [15]]
33
[[6], [7]]
30
[[6], [9]]
30
[[6], [17]]
39
[[9], [16]]
32
[[9], [5]]
31
[[9], [12]]
32
[[9], [19]]
52
[[9], [14]]
38
[[9], [18]]
41
[[9], [13]]
38
[[9], [8]]
32
[[9], [11]]
34
[[9], [15]]
35
[[9], [7]]
30
[[9], [6]]
29
[[9], [9]]
34
[[9], [17]]
43
[[9], [10]]
30
[[17], [4]]
40
[[17], [16]]
49
[[17], [5]]
42
[[17], [12]]
47
[[17], [19]]
76
[[17, 19]]
55
[[17], [14]]
52
[[17], [18]]
60
[[17, 18]]
39
[[17], [13]]
57
[[17], [2]]
34
[[17], [8]]
42
[[17], [11]]
47
[[17], [15]]
55
[[17], [1]]
33
[[17], [7]]
42
[[17], [3]]
32
[[17], [6]]
35
[[17], [9]]
39
[[17], [17]]
63
[[17], [0]]
42
[[17], [10]]
40
[[0], [12]]
31
[[0], [19]]
44
[[0], [14]]
33
[[0], [18]]
38
[[0], [13]]
36
[[0], [8]]
31
[[0], [11]]
29
[[0], [17]]
35
[[10], [16]]
31
[[10], [12]]
30
[[10], [19]]
44
[[10], [18]]
39
[[10], [13]]
35
[[10], [8]]
31
[[10], [11]]
30
[[10], [15]]
31
[[10], [9]]
29
[[10], [17]]
37
[[4], [19], [19]]
30
[[16], [16], [19]]
29
[[16], [19], [16]]
29
[[16], [19], [19]]
41
[[16], [19], [14]]
30
[[16], [19], [18]]
30
[[16], [19], [17]]
33
[[16, 19], [19]]
29
[[16], [18], [19]]
29
[[16], [18, 19]]
30
[[16], [17], [19]]
33
[[5], [19], [19]]
29
[[12], [19], [12]]
30
[[12], [19], [19]]
37
[[12], [19], [14]]
33
[[12], [19], [18]]
31
[[12], [19], [17]]
35
[[12], [18], [19]]
32
[[12], [18, 19]]
34
[[12], [18], [18]]
29
[[12], [13], [19]]
29
[[12], [17], [19]]
37
[[19], [4], [19]]
30
[[19], [16], [16]]
33
[[19], [16], [19]]
39
[[19], [16], [14]]
34
[[19], [16], [18]]
32
[[19], [16], [13]]
29
[[19], [16], [17]]
32
[[19], [5], [19]]
29
[[19], [12], [19]]
40
[[19], [12], [14]]
31
[[19], [12], [18]]
33
[[19], [12], [15]]
29
[[19], [12], [17]]
34
[[19], [19], [4]]
29
[[19], [19], [16]]
42
[[19], [19], [5]]
35
[[19], [19], [12]]
47
[[19], [19], [19]]
63
[[19], [19], [14]]
46
[[19], [19], [18]]
53
[[19], [19], [13]]
49
[[19], [19], [2]]
32
[[19], [19], [8]]
38
[[19], [19], [11]]
40
[[19], [19], [15]]
45
[[19], [19], [7]]
39
[[19], [19], [3]]
30
[[19], [19], [6]]
29
[[19], [19], [9]]
38
[[19], [19], [17]]
56
[[19], [19], [0]]
31
[[19], [19], [10]]
32
[[19], [14], [16]]
29
[[19], [14], [12]]
34
[[19], [14], [19]]
48
[[19], [14], [14]]
33
[[19], [14], [18]]
34
[[19], [14], [13]]
36
[[19], [14], [15]]
35
[[19], [14], [17]]
39
[[19], [18], [4]]
29
[[19], [18], [16]]
35
[[19], [18], [5]]
31
[[19], [18], [12]]
41
[[19], [18], [19]]
58
[[19], [18, 19]]
54
[[19], [18], [14]]
41
[[19], [18], [18]]
50
[[19], [18], [13]]
47
[[19], [18], [8]]
33
[[19], [18], [11]]
33
[[19], [18], [15]]
38
[[19], [18], [7]]
32
[[19], [18], [3]]
31
[[19], [18], [6]]
31
[[19], [18], [9]]
36
[[19], [18], [17]]
51
[[19], [18], [0]]
32
[[19], [18], [10]]
30
[[19], [13], [19]]
50
[[19], [13], [14]]
34
[[19], [13], [18]]
36
[[19], [13], [13]]
34
[[19], [13], [11]]
30
[[19], [13], [15]]
36
[[19], [13], [17]]
44
[[19], [2], [19]]
30
[[19], [8], [19]]
40
[[19], [8], [18]]
31
[[19], [8], [11]]
29
[[19], [8], [17]]
30
[[19], [11], [19]]
43
[[19], [11], [14]]
29
[[19], [11], [18]]
33
[[19], [11], [13]]
33
[[19], [11], [17]]
35
[[19], [15], [16]]
29
[[19], [15], [19]]
41
[[19], [15], [18]]
32
[[19], [15], [15]]
30
[[19], [15], [17]]
38
[[19], [7], [19]]
43
[[19], [7], [18]]
32
[[19], [7], [17]]
32
[[19], [3], [19]]
31
[[19], [6], [19]]
32
[[19], [9], [19]]
34
[[19], [17], [4]]
29
[[19], [17], [16]]
33
[[19], [17], [12]]
34
[[19], [17], [19]]
57
[[19], [17, 19]]
44
[[19], [17], [14]]
35
[[19], [17], [18]]
44
[[19], [17], [13]]
40
[[19], [17], [8]]
29
[[19], [17], [15]]
42
[[19], [17], [7]]
29
[[19], [17], [17]]
47
[[19], [0], [19]]
33
[[19], [10], [19]]
32
[[14], [16], [19]]
29
[[14], [12], [19]]
35
[[14], [19], [16]]
29
[[14], [19], [12]]
31
[[14], [19], [19]]
45
[[14], [19], [14]]
31
[[14], [19], [18]]
38
[[14], [19], [13]]
32
[[14], [19], [8]]
29
[[14], [19], [11]]
29
[[14], [19], [15]]
29
[[14], [19], [17]]
36
[[14], [14], [19]]
30
[[14], [18], [12]]
29
[[14], [18], [19]]
35
[[14], [18, 19]]
40
[[14], [18], [18]]
35
[[14], [18], [17]]
30
[[14], [13], [19]]
36
[[14], [15], [19]]
32
[[14], [7], [19]]
34
[[14], [17], [19]]
40
[[14], [17, 19]]
30
[[14], [17], [13]]
29
[[18], [16], [16]]
31
[[18], [16], [19]]
36
[[18], [12], [19]]
37
[[18], [12], [18]]
31
[[18], [12], [17]]
29
[[18], [19], [16]]
38
[[18], [19], [5]]
32
[[18], [19], [12]]
37
[[18], [19], [19]]
57
[[18], [19], [14]]
36
[[18], [19], [18]]
47
[[18], [19], [13]]
40
[[18], [19], [8]]
31
[[18], [19], [11]]
33
[[18], [19], [15]]
38
[[18], [19], [7]]
30
[[18], [19], [9]]
30
[[18], [19], [17]]
47
[[18], [19], [10]]
33
[[18, 19], [16]]
35
[[18, 19], [5]]
33
[[18, 19], [12]]
39
[[18, 19], [19]]
48
[[18, 19], [14]]
38
[[18, 19], [18]]
42
[[18, 19], [13]]
37
[[18, 19], [15]]
36
[[18, 19], [7]]
29
[[18, 19], [9]]
30
[[18, 19], [17]]
40
[[18, 19], [10]]
31
[[18], [14], [19]]
34
[[18], [18], [16]]
34
[[18], [18], [12]]
32
[[18], [18], [19]]
49
[[18], [18, 19]]
46
[[18], [18], [14]]
33
[[18], [18], [18]]
41
[[18], [18], [13]]
39
[[18], [18], [15]]
34
[[18], [18], [9]]
30
[[18], [18], [17]]
43
[[18], [13], [19]]
40
[[18], [13], [17]]
33
[[18], [8], [19]]
31
[[18], [11], [19]]
37
[[18], [15], [19]]
38
[[18], [15], [17]]
31
[[18], [7], [19]]
33
[[18], [9], [19]]
30
[[18], [17], [19]]
49
[[18], [17, 19]]
37
[[18], [17], [18]]
35
[[18], [17], [13]]
32
[[18], [17], [15]]
37
[[18], [17], [17]]
39
[[13], [19], [19]]
43
[[13], [19], [14]]
29
[[13], [19], [18]]
36
[[13], [19], [8]]
29
[[13], [19], [17]]
31
[[13], [18], [19]]
33
[[13], [18, 19]]
38
[[13], [18], [18]]
33
[[13], [11], [19]]
30
[[13], [15], [19]]
33
[[13], [17], [19]]
38
[[2], [19], [19]]
31
[[2], [19], [17]]
29
[[2], [18, 19]]
30
[[2], [17], [19]]
31
[[8], [19], [16]]
29
[[8], [19], [19]]
41
[[8], [19], [18]]
36
[[8], [19], [17]]
32
[[8], [18], [19]]
36
[[8], [18, 19]]
37
[[8], [18], [18]]
31
[[8], [18], [17]]
31
[[8], [17], [19]]
30
[[11], [19], [19]]
34
[[11], [18], [19]]
32
[[11], [18, 19]]
29
[[11], [13], [19]]
32
[[11], [15], [19]]
29
[[11], [17], [19]]
33
[[11], [17], [13]]
30
[[11], [17], [17]]
29
[[15], [19], [16]]
33
[[15], [19], [19]]
42
[[15], [19], [14]]
32
[[15], [19], [18]]
37
[[15], [19], [13]]
33
[[15], [19], [17]]
36
[[15], [14], [19]]
29
[[15], [18], [19]]
40
[[15], [18, 19]]
36
[[15], [18], [18]]
36
[[15], [18], [13]]
33
[[15], [18], [17]]
32
[[15], [13], [19]]
35
[[15], [11], [19]]
30
[[15], [17], [19]]
37
[[15], [17], [18]]
29
[[1], [19], [19]]
37
[[1], [19], [17]]
29
[[7], [19], [19]]
37
[[7], [19], [17]]
30
[[7], [18, 19]]
35
[[7], [17], [19]]
33
[[6], [19], [19]]
35
[[6], [19], [18]]
31
[[6], [18, 19]]
31
[[6], [17], [19]]
32
[[9], [19], [19]]
42
[[9], [19], [18]]
31
[[9], [19], [13]]
29
[[9], [19], [17]]
36
[[9], [18], [19]]
29
[[9], [18, 19]]
33
[[9], [17], [19]]
30
[[17], [4], [19]]
30
[[17], [16], [19]]
29
[[17], [12], [19]]
30
[[17], [19], [16]]
35
[[17], [19], [5]]
31
[[17], [19], [12]]
30
[[17], [19], [19]]
53
[[17], [19], [14]]
34
[[17], [19], [18]]
45
[[17], [19], [13]]
36
[[17], [19], [8]]
32
[[17], [19], [11]]
33
[[17], [19], [15]]
33
[[17], [19], [7]]
33
[[17], [19], [17]]
47
[[17], [19], [10]]
31
[[17, 19], [19]]
39
[[17, 19], [15]]
31
[[17, 19], [17]]
30
[[17], [14], [19]]
36
[[17], [14], [14]]
30
[[17], [14], [17]]
31
[[17], [18], [12]]
29
[[17], [18], [19]]
44
[[17], [18, 19]]
46
[[17], [18], [18]]
41
[[17], [18], [13]]
31
[[17], [18], [17]]
35
[[17], [13], [19]]
37
[[17], [13], [14]]
29
[[17], [13], [18]]
30
[[17], [13], [17]]
31
[[17], [8], [19]]
32
[[17], [11], [19]]
35
[[17], [11], [17]]
31
[[17], [15], [19]]
37
[[17], [15], [14]]
30
[[17], [15], [18]]
31
[[17], [15], [17]]
33
[[17], [7], [19]]
32
[[17], [17], [19]]
46
[[17], [17, 19]]
38
[[17], [17], [18]]
35
[[17], [17], [13]]
29
[[17], [17], [17]]
37
[[0], [19], [19]]
32
[[0], [18, 19]]
29
[[10], [19], [19]]
31
[[19], [19], [12], [19]]
31
[[19], [19], [19], [19]]
46
[[19], [19], [19], [18]]
36
[[19], [19], [19], [17]]
40
[[19], [19], [18], [19]]
34
[[19], [19], [18, 19]]
38
[[19], [19], [18], [18]]
33
[[19], [19], [18], [17]]
29
[[19], [19], [13], [19]]
33
[[19], [19], [13], [17]]
29
[[19], [19], [11], [19]]
31
[[19], [19], [7], [19]]
31
[[19], [19], [17], [19]]
39
[[19], [19], [17, 19]]
29
[[19], [19], [17], [18]]
29
[[19], [19], [17], [13]]
31
[[19], [19], [17], [15]]
29
[[19], [19], [17], [17]]
32
[[19], [18], [19], [19]]
39
[[19], [18], [19], [18]]
37
[[19], [18], [19], [17]]
32
[[19], [18, 19], [19]]
35
[[19], [18, 19], [18]]
31
[[19], [18, 19], [13]]
29
[[19], [18, 19], [17]]
30
[[19], [18], [18], [19]]
32
[[19], [18], [18, 19]]
35
[[19], [18], [13], [19]]
33
[[19], [18], [17], [19]]
35
[[19], [18], [17, 19]]
29
[[19], [13], [19], [19]]
31
[[19], [13], [17], [19]]
30
[[19], [17, 19], [19]]
30
[[14], [19], [19], [19]]
36
[[14], [19], [19], [17]]
31
[[18], [19], [19], [19]]
41
[[18], [19], [19], [18]]
33
[[18], [19], [19], [17]]
34
[[18], [19], [18], [19]]
35
[[18], [19], [18, 19]]
33
[[18], [19], [18], [18]]
32
[[18], [19], [11], [19]]
29
[[18], [19], [17], [19]]
36
[[18], [19], [17, 19]]
30
[[18, 19], [19], [19]]
35
[[18, 19], [19], [18]]
32
[[18, 19], [18], [19]]
33
[[18], [18], [19], [19]]
36
[[18], [18], [19], [18]]
32
[[18], [18, 19], [19]]
32
[[18], [18], [18], [19]]
29
[[18], [18], [18, 19]]
29
[[18], [18], [17], [19]]
31
[[17], [19], [19], [19]]
33
[[17], [19], [18], [19]]
30
[[17], [19], [18, 19]]
34
[[17], [19], [17], [19]]
29
[[17], [18], [19], [19]]
33
[[17], [18], [19], [18]]
31
[[17], [18], [18, 19]]
31
[[17], [17], [18, 19]]
29
[[18], [19], [19], [19], [19]]
29
