[[4]]
90
[[16]]
129
[[5]]
97
[[12]]
123
[[19]]
164
[[14]]
131
[[18]]
152
[[13]]
126
[[2]]
97
[[8]]
108
[[11]]
104
[[15]]
125
[[1]]
89
[[7]]
108
[[3]]
97
[[6]]
103
[[9]]
100
[[17]]
142
[[0]]
88
[[10]]
98
[[4], [16]]
55
[[4], [19]]
70
[[4], [14]]
56
[[4], [18]]
61
[[16], [16]]
89
[[16], [5]]
61
[[16], [12]]
76
[[16], [19]]
102
[[16, 19]]
68
[[16], [14]]
81
[[16], [18]]
88
[[16], [13]]
68
[[16], [8]]
55
[[16], [11]]
58
[[16], [15]]
73
[[16], [7]]
59
[[16], [6]]
61
[[16], [9]]
56
[[16], [17]]
81
[[16], [10]]
54
[[5], [16]]
58
[[5], [19]]
72
[[5], [18]]
64
[[5], [17]]
55
[[12], [16]]
67
[[12], [12]]
59
[[12], [19]]
94
[[12], [14]]
77
[[12], [18]]
84
[[12], [13]]
64
[[12], [8]]
57
[[12], [15]]
73
[[12], [7]]
56
[[12], [9]]
55
[[12], [17]]
78
[[19], [4]]
72
[[19], [16]]
111
[[19], [5]]
82
[[19], [12]]
100
[[19], [19]]
141
[[19], [14]]
109
[[19], [18]]
124
[[19], [13]]
104
[[19], [2]]
73
[[19], [8]]
87
[[19], [11]]
84
[[19], [15]]
102
[[19], [1]]
68
[[19], [7]]
89
[[19], [3]]
75
[[19], [6]]
86
[[19], [9]]
78
[[19], [17]]
116
[[19], [0]]
74
[[19], [10]]
83
[[14], [16]]
81
[[14], [5]]
59
[[14], [12]]
77
[[14], [19]]
106
[[14], [14]]
73
[[14], [18]]
89
[[14], [13]]
79
[[14], [2]]
56
[[14], [8]]
61
[[14], [11]]
58
[[14], [15]]
87
[[14], [7]]
68
[[14], [3]]
56
[[14], [6]]
66
[[14], [17]]
84
[[14], [10]]
63
[[18], [4]]
62
[[18], [16]]
97
[[18], [5]]
69
[[18], [12]]
93
[[18], [19]]
122
[[18, 19]]
112
[[18], [14]]
91
[[18], [18]]
106
[[18], [13]]
86
[[18], [2]]
61
[[18], [8]]
73
[[18], [11]]
73
[[18], [15]]
89
[[18], [1]]
59
[[18], [7]]
74
[[18], [3]]
66
[[18], [6]]
79
[[18], [9]]
70
[[18], [17]]
101
[[18], [0]]
62
[[18], [10]]
71
[[13], [16]]
73
[[13], [5]]
54
[[13], [12]]
62
[[13], [19]]
103
[[13], [14]]
74
[[13], [18]]
87
[[13], [13]]
63
[[13], [8]]
58
[[13], [11]]
57
[[13], [15]]
71
[[13], [7]]
58
[[13], [17]]
83
[[13], [10]]
58
[[2], [16]]
62
[[2], [19]]
73
[[2], [18]]
58
[[2], [15]]
54
[[2], [17]]
62
[[8], [16]]
68
[[8], [12]]
58
[[8], [19]]
88
[[8], [14]]
58
[[8], [18]]
80
[[8], [13]]
62
[[8], [15]]
54
[[8], [17]]
72
[[8], [10]]
55
[[11], [16]]
63
[[11], [19]]
84
[[11], [14]]
64
[[11], [18]]
72
[[11], [13]]
69
[[11], [11]]
58
[[11], [15]]
66
[[11], [17]]
72
[[15], [16]]
77
[[15], [12]]
66
[[15], [19]]
99
[[15], [14]]
77
[[15], [18]]
89
[[15], [13]]
73
[[15], [8]]
54
[[15], [11]]
60
[[15], [15]]
80
[[15], [7]]
59
[[15], [6]]
60
[[15], [17]]
89
[[15], [10]]
55
[[1], [16]]
55
[[1], [19]]
69
[[1], [14]]
54
[[1], [18]]
58
[[1], [17]]
59
[[7], [16]]
60
[[7], [12]]
54
[[7], [19]]
86
[[7], [14]]
67
[[7], [18]]
74
[[7], [13]]
60
[[7], [15]]
61
[[7], [17]]
67
[[3], [19]]
72
[[3], [18]]
65
[[3], [17]]
54
[[6], [16]]
57
[[6], [12]]
57
[[6], [19]]
81
[[6], [14]]
60
[[6], [18]]
70
[[6], [13]]
61
[[6], [15]]
58
[[6], [17]]
68
[[9], [16]]
61
[[9], [12]]
55
[[9], [19]]
80
[[9], [14]]
65
[[9], [18]]
73
[[9], [13]]
60
[[9], [15]]
61
[[9], [6]]
54
[[9], [17]]
65
[[17], [4]]
63
[[17], [16]]
84
[[17], [5]]
71
[[17], [12]]
77
[[17], [19]]
116
[[17, 19]]
84
[[17], [14]]
92
[[17], [18]]
97
[[17, 18]]
63
[[17], [13]]
89
[[17], [2]]
58
[[17], [8]]
65
[[17], [11]]
66
[[17], [15]]
87
[[17], [7]]
74
[[17], [3]]
59
[[17], [6]]
69
[[17], [9]]
63
[[17], [17]]
95
[[17], [0]]
60
[[17], [10]]
67
[[0], [19]]
73
[[0], [14]]
58
[[0], [18]]
63
[[0], [13]]
55
[[0], [17]]
55
[[10], [16]]
55
[[10], [19]]
75
[[10], [14]]
55
[[10], [18]]
66
[[10], [13]]
56
[[10], [15]]
57
[[10], [17]]
61
[[16], [16], [19]]
58
[[16], [19], [16]]
62
[[16], [19], [19]]
73
[[16], [19], [14]]
57
[[16], [19], [18]]
63
[[16], [19], [17]]
57
[[16], [14], [19]]
56
[[16], [18], [19]]
63
[[16], [18, 19]]
60
[[16], [18], [18]]
59
[[16], [17], [19]]
59
[[12], [19], [16]]
58
[[12], [19], [19]]
63
[[12], [19], [14]]
56
[[12], [19], [18]]
63
[[12], [19], [17]]
62
[[12], [18], [19]]
60
[[12], [18, 19]]
58
[[12], [18], [18]]
57
[[12], [17], [19]]
56
[[19], [16], [16]]
66
[[19], [16], [12]]
57
[[19], [16], [19]]
77
[[19], [16], [14]]
63
[[19], [16], [18]]
67
[[19], [16], [13]]
56
[[19], [16], [15]]
56
[[19], [16], [17]]
63
[[19], [5], [19]]
54
[[19], [12], [19]]
74
[[19], [12], [14]]
57
[[19], [12], [18]]
63
[[19], [12], [17]]
59
[[19], [19], [16]]
84
[[19], [19], [5]]
64
[[19], [19], [12]]
77
[[19], [19], [19]]
110
[[19], [19], [14]]
83
[[19], [19], [18]]
96
[[19], [19], [13]]
81
[[19], [19], [8]]
64
[[19], [19], [11]]
62
[[19], [19], [15]]
81
[[19], [19], [7]]
71
[[19], [19], [3]]
55
[[19], [19], [6]]
61
[[19], [19], [9]]
61
[[19], [19], [17]]
95
[[19], [19], [10]]
61
[[19], [14], [16]]
63
[[19], [14], [12]]
58
[[19], [14], [19]]
87
[[19], [14], [14]]
56
[[19], [14], [18]]
68
[[19], [14], [13]]
62
[[19], [14], [15]]
67
[[19], [14], [17]]
62
[[19], [18], [16]]
74
[[19], [18], [5]]
56
[[19], [18], [12]]
73
[[19], [18], [19]]
104
[[19], [18, 19]]
90
[[19], [18], [14]]
75
[[19], [18], [18]]
89
[[19], [18], [13]]
73
[[19], [18], [8]]
57
[[19], [18], [15]]
71
[[19], [18], [7]]
61
[[19], [18], [3]]
54
[[19], [18], [6]]
64
[[19], [18], [9]]
57
[[19], [18], [17]]
85
[[19], [18], [10]]
59
[[19], [13], [16]]
56
[[19], [13], [19]]
84
[[19], [13], [14]]
59
[[19], [13], [18]]
66
[[19], [13], [15]]
58
[[19], [13], [17]]
70
[[19], [8], [19]]
63
[[19], [8], [18]]
58
[[19], [11], [19]]
66
[[19], [11], [18]]
54
[[19], [11], [17]]
54
[[19], [15], [16]]
58
[[19], [15], [19]]
73
[[19], [15], [18]]
62
[[19], [15], [15]]
58
[[19], [15], [17]]
65
[[19], [7], [19]]
69
[[19], [7], [18]]
58
[[19], [6], [19]]
65
[[19], [6], [18]]
54
[[19], [9], [19]]
56
[[19], [17], [16]]
65
[[19], [17], [12]]
59
[[19], [17], [19]]
93
[[19], [17, 19]]
64
[[19], [17], [14]]
70
[[19], [17], [18]]
77
[[19], [17], [13]]
70
[[19], [17], [15]]
70
[[19], [17], [17]]
78
[[19], [0], [19]]
58
[[19], [10], [19]]
58
[[14], [16], [19]]
55
[[14], [12], [19]]
59
[[14], [19], [16]]
63
[[14], [19], [19]]
79
[[14], [19], [14]]
55
[[14], [19], [18]]
70
[[14], [19], [13]]
54
[[14], [19], [15]]
58
[[14], [19], [17]]
66
[[14], [14], [19]]
55
[[14], [18], [19]]
68
[[14], [18, 19]]
68
[[14], [18], [18]]
62
[[14], [18], [17]]
55
[[14], [13], [19]]
61
[[14], [15], [19]]
58
[[14], [17], [19]]
67
[[18], [16], [16]]
57
[[18], [16], [19]]
67
[[18], [16], [18]]
55
[[18], [12], [19]]
65
[[18], [12], [18]]
56
[[18], [19], [16]]
70
[[18], [19], [5]]
57
[[18], [19], [12]]
64
[[18], [19], [19]]
93
[[18], [19], [14]]
68
[[18], [19], [18]]
81
[[18], [19], [13]]
65
[[18], [19], [15]]
69
[[18], [19], [7]]
57
[[18], [19], [17]]
77
[[18], [19], [10]]
55
[[18, 19], [16]]
66
[[18, 19], [5]]
54
[[18, 19], [12]]
66
[[18, 19], [19]]
86
[[18, 19], [14]]
69
[[18, 19], [18]]
78
[[18, 19], [13]]
61
[[18, 19], [15]]
68
[[18, 19], [7]]
54
[[18, 19], [6]]
56
[[18, 19], [17]]
70
[[18, 19], [10]]
54
[[18], [14], [19]]
64
[[18], [18], [16]]
64
[[18], [18], [12]]
62
[[18], [18], [19]]
87
[[18], [18, 19]]
75
[[18], [18], [14]]
63
[[18], [18], [18]]
76
[[18], [18], [13]]
63
[[18], [18], [15]]
61
[[18], [18], [17]]
70
[[18], [13], [19]]
69
[[18], [13], [17]]
54
[[18], [8], [19]]
54
[[18], [11], [19]]
57
[[18], [15], [19]]
62
[[18], [7], [19]]
55
[[18], [6], [19]]
54
[[18], [17], [19]]
83
[[18], [17, 19]]
59
[[18], [17], [14]]
60
[[18], [17], [18]]
64
[[18], [17], [13]]
57
[[18], [17], [15]]
64
[[18], [17], [17]]
64
[[13], [19], [19]]
71
[[13], [19], [18]]
58
[[13], [19], [17]]
54
[[13], [18], [19]]
59
[[13], [18, 19]]
55
[[13], [17], [19]]
64
[[8], [19], [19]]
67
[[8], [19], [18]]
57
[[8], [18], [19]]
62
[[8], [18, 19]]
56
[[8], [17], [19]]
54
[[11], [19], [19]]
62
[[11], [18], [19]]
57
[[11], [17], [19]]
57
[[15], [19], [16]]
59
[[15], [19], [19]]
74
[[15], [19], [18]]
65
[[15], [19], [15]]
55
[[15], [19], [17]]
58
[[15], [18], [19]]
70
[[15], [18, 19]]
57
[[15], [18], [18]]
61
[[15], [18], [17]]
54
[[15], [13], [19]]
58
[[15], [17], [19]]
66
[[15], [17], [18]]
54
[[15], [17], [15]]
54
[[1], [19], [19]]
57
[[7], [19], [19]]
60
[[7], [18, 19]]
57
[[7], [17], [19]]
54
[[6], [19], [19]]
61
[[6], [19], [18]]
54
[[9], [19], [19]]
68
[[9], [19], [18]]
60
[[9], [19], [17]]
54
[[9], [18], [19]]
54
[[9], [18, 19]]
54
[[17], [19], [16]]
63
[[17], [19], [19]]
83
[[17], [19], [14]]
62
[[17], [19], [18]]
77
[[17], [19], [13]]
59
[[17], [19], [15]]
61
[[17], [19], [7]]
58
[[17], [19], [17]]
74
[[17, 19], [19]]
66
[[17, 19], [18]]
54
[[17], [14], [19]]
66
[[17], [14], [18]]
57
[[17], [18], [12]]
54
[[17], [18], [19]]
74
[[17], [18, 19]]
68
[[17], [18], [14]]
54
[[17], [18], [18]]
69
[[17], [18], [15]]
54
[[17], [18], [17]]
59
[[17], [13], [19]]
64
[[17], [13], [18]]
54
[[17], [15], [19]]
60
[[17], [15], [18]]
54
[[17], [15], [17]]
54
[[17], [7], [19]]
54
[[17], [17], [19]]
71
[[17], [17], [18]]
61
[[17], [17], [17]]
61
[[10], [19], [19]]
54
[[19], [19], [12], [19]]
55
[[19], [19], [19], [16]]
60
[[19], [19], [19], [19]]
82
[[19], [19], [19], [14]]
56
[[19], [19], [19], [18]]
70
[[19], [19], [19], [15]]
59
[[19], [19], [19], [17]]
69
[[19], [19], [18], [19]]
70
[[19], [19], [18, 19]]
69
[[19], [19], [18], [18]]
64
[[19], [19], [18], [17]]
58
[[19], [19], [13], [19]]
59
[[19], [19], [17], [19]]
69
[[19], [19], [17], [18]]
56
[[19], [19], [17], [13]]
57
[[19], [19], [17], [15]]
57
[[19], [19], [17], [17]]
59
[[19], [18], [19], [19]]
74
[[19], [18], [19], [14]]
54
[[19], [18], [19], [18]]
67
[[19], [18], [19], [17]]
58
[[19], [18, 19], [19]]
71
[[19], [18, 19], [18]]
61
[[19], [18], [18], [19]]
66
[[19], [18], [18, 19]]
61
[[19], [18], [18], [18]]
57
[[19], [18], [13], [19]]
57
[[19], [18], [17], [19]]
69
[[19], [13], [19], [19]]
54
[[19], [17], [19], [19]]
56
[[19], [17], [19], [18]]
54
[[19], [17], [18], [19]]
56
[[14], [19], [19], [19]]
60
[[18], [19], [19], [19]]
71
[[18], [19], [19], [18]]
60
[[18], [19], [19], [17]]
56
[[18], [19], [18], [19]]
62
[[18], [19], [18, 19]]
56
[[18], [19], [18], [18]]
57
[[18], [19], [17], [19]]
62
[[18, 19], [19], [19]]
64
[[18, 19], [19], [18]]
60
[[18, 19], [18], [19]]
63
[[18, 19], [18], [18]]
54
[[18, 19], [17], [19]]
57
[[18], [18], [19], [19]]
62
[[18], [18], [19], [18]]
63
[[18], [18, 19], [19]]
59
[[18], [18], [17], [19]]
59
[[17], [19], [19], [19]]
58
[[17], [19], [18], [19]]
55
