[[4]]
108
[[16]]
160
[[5]]
116
[[12]]
145
[[19]]
191
[[14]]
155
[[18]]
178
[[13]]
147
[[2]]
115
[[8]]
125
[[11]]
129
[[15]]
146
[[1]]
107
[[7]]
124
[[3]]
113
[[6]]
124
[[9]]
125
[[17]]
166
[[0]]
104
[[10]]
126
[[4], [16]]
69
[[4], [19]]
84
[[4], [14]]
68
[[4], [18]]
75
[[4], [15]]
65
[[4], [17]]
64
[[16], [16]]
106
[[16], [5]]
74
[[16], [12]]
84
[[16], [19]]
127
[[16, 19]]
84
[[16], [14]]
94
[[16], [18]]
108
[[16], [13]]
79
[[16], [8]]
65
[[16], [11]]
77
[[16], [15]]
86
[[16], [7]]
71
[[16], [6]]
76
[[16], [9]]
70
[[16], [17]]
102
[[16], [10]]
73
[[5], [16]]
70
[[5], [19]]
88
[[5], [18]]
78
[[5], [17]]
70
[[12], [16]]
85
[[12], [12]]
65
[[12], [19]]
115
[[12], [14]]
93
[[12], [18]]
104
[[12], [13]]
71
[[12], [8]]
65
[[12], [11]]
64
[[12], [15]]
85
[[12], [7]]
66
[[12], [6]]
63
[[12], [9]]
66
[[12], [17]]
93
[[19], [4]]
89
[[19], [16]]
137
[[19], [5]]
93
[[19], [12]]
113
[[19], [19]]
170
[[19], [14]]
134
[[19], [18]]
149
[[19], [13]]
117
[[19], [2]]
87
[[19], [8]]
102
[[19], [11]]
104
[[19], [15]]
119
[[19], [1]]
83
[[19], [7]]
104
[[19], [3]]
88
[[19], [6]]
103
[[19], [9]]
97
[[19], [17]]
136
[[19], [0]]
86
[[19], [10]]
106
[[14], [4]]
65
[[14], [16]]
97
[[14], [5]]
65
[[14], [12]]
85
[[14], [19]]
127
[[14], [14]]
84
[[14], [18]]
111
[[14], [13]]
90
[[14], [2]]
66
[[14], [8]]
72
[[14], [11]]
70
[[14], [15]]
101
[[14], [7]]
80
[[14], [3]]
66
[[14], [6]]
77
[[14], [9]]
66
[[14], [17]]
101
[[14], [10]]
74
[[18], [4]]
80
[[18], [16]]
117
[[18], [5]]
81
[[18], [12]]
106
[[18], [19]]
146
[[18, 19]]
135
[[18], [14]]
113
[[18], [18]]
129
[[18], [13]]
97
[[18], [2]]
73
[[18], [8]]
87
[[18], [11]]
87
[[18], [15]]
102
[[18], [1]]
69
[[18], [7]]
86
[[18], [3]]
74
[[18], [6]]
91
[[18], [9]]
87
[[18], [17]]
120
[[18], [0]]
71
[[18], [10]]
89
[[13], [16]]
85
[[13], [12]]
70
[[13], [19]]
121
[[13], [14]]
86
[[13], [18]]
104
[[13], [13]]
71
[[13], [8]]
66
[[13], [11]]
70
[[13], [15]]
80
[[13], [7]]
65
[[13], [6]]
64
[[13], [17]]
99
[[13], [10]]
74
[[2], [16]]
76
[[2], [19]]
83
[[2], [18]]
72
[[2], [17]]
74
[[8], [16]]
81
[[8], [12]]
67
[[8], [19]]
101
[[8], [14]]
73
[[8], [18]]
95
[[8], [13]]
69
[[8], [11]]
65
[[8], [15]]
64
[[8], [6]]
64
[[8], [17]]
86
[[8], [10]]
69
[[11], [16]]
76
[[11], [19]]
105
[[11], [14]]
76
[[11], [18]]
91
[[11], [13]]
78
[[11], [11]]
69
[[11], [15]]
79
[[11], [17]]
90
[[15], [16]]
95
[[15], [12]]
74
[[15], [19]]
122
[[15, 19]]
64
[[15], [14]]
95
[[15], [18]]
108
[[15], [13]]
81
[[15], [8]]
63
[[15], [11]]
75
[[15], [15]]
95
[[15], [7]]
68
[[15], [6]]
75
[[15], [17]]
104
[[15], [10]]
70
[[1], [16]]
66
[[1], [19]]
83
[[1], [14]]
63
[[1], [18]]
71
[[1], [17]]
64
[[7], [16]]
72
[[7], [12]]
63
[[7], [19]]
104
[[7], [14]]
76
[[7], [18]]
90
[[7], [13]]
68
[[7], [15]]
69
[[7], [17]]
81
[[3], [16]]
68
[[3], [19]]
86
[[3], [18]]
77
[[3], [17]]
67
[[6], [16]]
70
[[6], [12]]
64
[[6], [19]]
94
[[6], [14]]
68
[[6], [18]]
86
[[6], [13]]
70
[[6], [15]]
69
[[6], [17]]
78
[[9], [16]]
78
[[9], [12]]
65
[[9], [19]]
102
[[9], [14]]
78
[[9], [18]]
92
[[9], [13]]
71
[[9], [15]]
72
[[9], [6]]
65
[[9], [9]]
63
[[9], [17]]
81
[[17], [4]]
76
[[17], [16]]
101
[[17], [5]]
79
[[17], [12]]
87
[[17], [19]]
135
[[17, 19]]
98
[[17], [14]]
109
[[17], [18]]
117
[[17, 18]]
72
[[17], [13]]
101
[[17], [2]]
68
[[17], [8]]
76
[[17], [11]]
81
[[17], [15]]
100
[[17], [7]]
84
[[17], [3]]
67
[[17], [6]]
82
[[17], [9]]
77
[[17], [17]]
113
[[17], [0]]
70
[[17], [10]]
84
[[0], [16]]
66
[[0], [19]]
84
[[0], [14]]
63
[[0], [18]]
72
[[10], [16]]
71
[[10], [12]]
65
[[10], [19]]
97
[[10], [14]]
69
[[10], [18]]
87
[[10], [13]]
67
[[10], [15]]
72
[[10], [17]]
78
[[4], [19], [19]]
65
[[16], [16], [19]]
73
[[16], [19], [16]]
73
[[16], [19], [19]]
92
[[16], [19], [14]]
65
[[16], [19], [18]]
82
[[16], [19], [15]]
64
[[16], [19], [17]]
72
[[16, 19], [19]]
69
[[16], [18], [19]]
76
[[16], [18, 19]]
77
[[16], [18], [18]]
74
[[16], [13], [19]]
63
[[16], [17], [19]]
71
[[5], [19], [19]]
65
[[12], [16], [19]]
63
[[12], [19], [16]]
70
[[12], [19], [19]]
81
[[12], [19], [14]]
68
[[12], [19], [18]]
81
[[12], [19], [17]]
73
[[12], [14], [19]]
64
[[12], [18], [19]]
75
[[12], [18, 19]]
74
[[12], [18], [18]]
70
[[12], [15], [19]]
63
[[12], [17], [19]]
68
[[19], [16], [16]]
80
[[19], [16], [12]]
64
[[19], [16], [19]]
100
[[19], [16, 19]]
64
[[19], [16], [14]]
74
[[19], [16], [18]]
84
[[19], [16], [13]]
63
[[19], [16], [15]]
68
[[19], [16], [17]]
79
[[19], [5], [19]]
64
[[19], [12], [19]]
86
[[19], [12], [14]]
65
[[19], [12], [18]]
74
[[19], [12], [17]]
65
[[19], [19], [4]]
69
[[19], [19], [16]]
104
[[19], [19], [5]]
75
[[19], [19], [12]]
87
[[19], [19], [19]]
136
[[19], [19], [14]]
101
[[19], [19], [18]]
121
[[19], [19], [13]]
93
[[19], [19], [2]]
65
[[19], [19], [8]]
75
[[19], [19], [11]]
79
[[19], [19], [15]]
94
[[19], [19], [7]]
84
[[19], [19], [3]]
64
[[19], [19], [6]]
78
[[19], [19], [9]]
76
[[19], [19], [17]]
112
[[19], [19], [10]]
79
[[19], [14], [16]]
78
[[19], [14], [12]]
65
[[19], [14], [19]]
105
[[19], [14], [14]]
65
[[19], [14], [18]]
87
[[19], [14], [13]]
70
[[19], [14], [15]]
79
[[19], [14], [17]]
76
[[19], [18], [16]]
86
[[19], [18], [12]]
80
[[19], [18], [19]]
125
[[19], [18, 19]]
111
[[19], [18], [14]]
89
[[19], [18], [18]]
109
[[19], [18], [13]]
80
[[19], [18], [8]]
67
[[19], [18], [11]]
66
[[19], [18], [15]]
81
[[19], [18], [7]]
72
[[19], [18], [6]]
71
[[19], [18], [9]]
68
[[19], [18], [17]]
99
[[19], [18], [10]]
73
[[19], [13], [16]]
64
[[19], [13], [19]]
95
[[19], [13], [14]]
65
[[19], [13], [18]]
78
[[19], [13], [15]]
63
[[19], [13], [17]]
79
[[19], [8], [19]]
75
[[19], [8], [18]]
69
[[19], [11], [19]]
83
[[19], [11], [18]]
68
[[19], [11], [17]]
67
[[19], [15], [16]]
71
[[19], [15], [19]]
94
[[19], [15], [14]]
63
[[19], [15], [18]]
80
[[19], [15], [15]]
71
[[19], [15], [17]]
77
[[19], [1], [19]]
63
[[19], [7], [19]]
85
[[19], [7], [18]]
71
[[19], [7], [17]]
63
[[19], [6], [19]]
76
[[19], [6], [18]]
65
[[19], [9], [19]]
72
[[19], [17], [16]]
79
[[19], [17], [12]]
67
[[19], [17], [19]]
111
[[19], [17, 19]]
77
[[19], [17], [14]]
85
[[19], [17], [18]]
94
[[19], [17], [13]]
76
[[19], [17], [15]]
82
[[19], [17], [17]]
92
[[19], [17], [10]]
64
[[19], [0], [19]]
66
[[19], [10], [19]]
75
[[19], [10], [18]]
64
[[14], [16], [19]]
68
[[14], [12], [19]]
65
[[14], [19], [16]]
75
[[14], [19], [19]]
99
[[14], [19], [14]]
63
[[14], [19], [18]]
89
[[14], [19], [13]]
65
[[14], [19], [15]]
67
[[14], [19], [17]]
79
[[14], [14], [19]]
64
[[14], [18], [19]]
83
[[14], [18, 19]]
85
[[14], [18], [18]]
77
[[14], [18], [17]]
67
[[14], [13], [19]]
70
[[14], [15], [19]]
71
[[14], [15], [18]]
63
[[14], [17], [19]]
81
[[14], [17], [18]]
66
[[18], [16], [16]]
64
[[18], [16], [19]]
83
[[18], [16], [18]]
64
[[18], [12], [19]]
77
[[18], [12], [18]]
67
[[18], [19], [16]]
89
[[18], [19], [5]]
66
[[18], [19], [12]]
74
[[18], [19], [19]]
115
[[18], [19], [14]]
85
[[18], [19], [18]]
101
[[18], [19], [13]]
74
[[18], [19], [15]]
80
[[18], [19], [7]]
66
[[18], [19], [6]]
64
[[18], [19], [17]]
91
[[18], [19], [10]]
68
[[18, 19], [16]]
83
[[18, 19], [5]]
64
[[18, 19], [12]]
77
[[18, 19], [19]]
106
[[18, 19], [14]]
86
[[18, 19], [18]]
97
[[18, 19], [13]]
70
[[18, 19], [15]]
77
[[18, 19], [7]]
64
[[18, 19], [6]]
64
[[18, 19], [9]]
64
[[18, 19], [17]]
84
[[18, 19], [10]]
67
[[18], [14], [16]]
63
[[18], [14], [19]]
78
[[18], [14], [18]]
65
[[18], [18], [16]]
75
[[18], [18], [12]]
69
[[18], [18], [19]]
104
[[18], [18, 19]]
93
[[18], [18], [14]]
75
[[18], [18], [18]]
94
[[18], [18], [13]]
70
[[18], [18], [15]]
71
[[18], [18], [17]]
84
[[18], [13], [19]]
78
[[18], [8], [19]]
63
[[18], [11], [19]]
69
[[18], [15], [19]]
76
[[18], [15], [18]]
63
[[18], [7], [19]]
68
[[18], [17], [16]]
64
[[18], [17], [19]]
98
[[18], [17, 19]]
70
[[18], [17], [14]]
75
[[18], [17], [18]]
80
[[18], [17], [15]]
74
[[18], [17], [17]]
74
[[13], [19], [19]]
88
[[13], [19], [14]]
63
[[13], [19], [18]]
71
[[13], [19], [17]]
65
[[13], [18], [19]]
68
[[13], [18, 19]]
68
[[13], [17], [19]]
74
[[8], [19], [16]]
65
[[8], [19], [19]]
81
[[8], [19], [18]]
72
[[8], [19], [17]]
65
[[8], [18], [19]]
70
[[8], [18, 19]]
67
[[8], [17], [19]]
64
[[11], [19], [19]]
80
[[11], [19], [18]]
67
[[11], [18], [19]]
71
[[11], [17], [19]]
69
[[15], [16], [19]]
64
[[15], [19], [16]]
72
[[15], [19], [19]]
90
[[15], [19], [18]]
81
[[15], [19], [15]]
66
[[15], [19], [17]]
66
[[15], [14], [19]]
63
[[15], [18], [19]]
81
[[15], [18, 19]]
72
[[15], [18], [18]]
71
[[15], [13], [19]]
66
[[15], [17], [19]]
78
[[15], [17], [18]]
66
[[1], [19], [19]]
67
[[7], [19], [19]]
79
[[7], [19], [18]]
63
[[7], [19], [17]]
65
[[7], [18], [19]]
64
[[7], [18, 19]]
68
[[7], [17], [19]]
66
[[3], [19], [19]]
66
[[6], [19], [19]]
73
[[6], [19], [18]]
63
[[9], [19], [16]]
63
[[9], [19], [19]]
86
[[9], [19], [18]]
74
[[9], [19], [17]]
67
[[9], [18], [19]]
68
[[9], [18, 19]]
69
[[9], [17], [19]]
63
[[17], [16], [19]]
67
[[17], [12], [19]]
63
[[17], [19], [16]]
78
[[17], [19], [19]]
103
[[17], [19], [14]]
73
[[17], [19], [18]]
95
[[17], [19], [13]]
69
[[17], [19], [15]]
71
[[17], [19], [7]]
66
[[17], [19], [17]]
89
[[17], [19], [10]]
63
[[17, 19], [19]]
81
[[17, 19], [18]]
67
[[17], [14], [16]]
63
[[17], [14], [19]]
79
[[17], [14], [18]]
71
[[17], [18], [19]]
89
[[17], [18, 19]]
85
[[17], [18], [14]]
64
[[17], [18], [18]]
83
[[17], [18], [17]]
73
[[17], [13], [19]]
75
[[17], [13], [18]]
63
[[17], [15], [19]]
74
[[17], [15], [18]]
66
[[17], [15], [17]]
63
[[17], [7], [19]]
63
[[17], [17], [19]]
89
[[17], [17], [18]]
76
[[17], [17], [17]]
72
[[10], [19], [19]]
73
[[10], [18], [19]]
63
[[16], [19], [19], [19]]
63
[[19], [16], [19], [19]]
65
[[19], [19], [16], [19]]
70
[[19], [19], [12], [19]]
64
[[19], [19], [19], [16]]
73
[[19], [19], [19], [19]]
104
[[19], [19], [19], [14]]
68
[[19], [19], [19], [18]]
87
[[19], [19], [19], [15]]
71
[[19], [19], [19], [17]]
82
[[19], [19], [14], [19]]
63
[[19], [19], [18], [19]]
87
[[19], [19], [18, 19]]
87
[[19], [19], [18], [18]]
77
[[19], [19], [18], [17]]
68
[[19], [19], [13], [19]]
70
[[19], [19], [7], [19]]
63
[[19], [19], [17], [19]]
82
[[19], [19], [17], [18]]
66
[[19], [19], [17], [15]]
65
[[19], [19], [17], [17]]
67
[[19], [14], [19], [19]]
68
[[19], [14], [19], [18]]
66
[[19], [14], [18, 19]]
66
[[19], [18], [19], [16]]
63
[[19], [18], [19], [19]]
87
[[19], [18], [19], [14]]
64
[[19], [18], [19], [18]]
80
[[19], [18], [19], [17]]
69
[[19], [18, 19], [19]]
85
[[19], [18, 19], [18]]
76
[[19], [18, 19], [17]]
64
[[19], [18], [18], [19]]
75
[[19], [18], [18, 19]]
77
[[19], [18], [18], [18]]
65
[[19], [18], [13], [19]]
64
[[19], [18], [17], [19]]
79
[[19], [13], [19], [19]]
65
[[19], [17], [19], [19]]
71
[[19], [17], [19], [18]]
68
[[19], [17], [19], [17]]
64
[[19], [17, 19], [19]]
63
[[19], [17], [18], [19]]
67
[[19], [17], [18, 19]]
63
[[14], [19], [19], [19]]
71
[[18], [19], [16], [19]]
63
[[18], [19], [19], [19]]
87
[[18], [19], [19], [18]]
77
[[18], [19], [19], [17]]
66
[[18], [19], [18], [19]]
75
[[18], [19], [18, 19]]
70
[[18], [19], [18], [18]]
70
[[18], [19], [17], [19]]
72
[[18, 19], [19], [19]]
80
[[18, 19], [19], [18]]
73
[[18, 19], [18], [19]]
76
[[18, 19], [18, 19]]
66
[[18, 19], [18], [18]]
65
[[18, 19], [17], [19]]
68
[[18], [18], [19], [19]]
74
[[18], [18], [19], [18]]
75
[[18], [18, 19], [19]]
70
[[18], [18, 19], [18]]
64
[[18], [18], [17], [19]]
67
[[18], [17], [19], [19]]
63
[[17], [19], [19], [19]]
74
[[17], [19], [19], [18]]
63
[[17], [19], [18], [19]]
65
[[17], [19], [18, 19]]
67
[[17], [19], [17], [19]]
65
[[17], [18], [19], [18]]
63
