[[4]]
7
[[16]]
5
[[5]]
4
[[12]]
3
[[19]]
8
[[14]]
6
[[18]]
6
[[13]]
7
[[2]]
4
[[8]]
5
[[11]]
7
[[15]]
5
[[1]]
4
[[7]]
4
[[3]]
7
[[6]]
5
[[9]]
5
[[17]]
5
[[0]]
3
[[10]]
5
[[4], [4]]
3
[[4], [16]]
5
[[4], [12]]
3
[[4], [19]]
4
[[4], [14]]
3
[[4], [18]]
4
[[4], [2]]
3
[[4], [11]]
5
[[4], [15]]
3
[[4], [7]]
3
[[4], [3]]
4
[[4], [17]]
3
[[4], [10]]
4
[[16], [16]]
3
[[16], [19]]
3
[[16], [18]]
3
[[16], [11]]
3
[[16], [3]]
3
[[16], [10]]
3
[[5], [4]]
3
[[5], [14]]
4
[[5], [11]]
3
[[5], [10]]
3
[[19], [4]]
6
[[19], [16]]
4
[[19], [5]]
3
[[19], [12]]
3
[[19], [19]]
5
[[19], [14]]
5
[[19], [18]]
6
[[19], [13]]
5
[[19], [2]]
3
[[19], [8]]
3
[[19], [11]]
6
[[19], [15]]
4
[[19], [1]]
3
[[19], [7]]
4
[[19], [3]]
5
[[19], [6]]
5
[[19], [9]]
5
[[19], [17]]
4
[[19], [0]]
3
[[19], [10]]
5
[[14], [4]]
4
[[14], [19]]
4
[[14], [14]]
3
[[14], [18]]
4
[[14], [11]]
4
[[14], [15]]
3
[[14], [3]]
3
[[14], [9]]
3
[[14], [10]]
4
[[18], [4]]
5
[[18], [16]]
4
[[18], [19]]
4
[[18, 19]]
5
[[18], [14]]
5
[[18], [18]]
5
[[18], [13]]
6
[[18], [2]]
3
[[18], [8]]
4
[[18], [11]]
6
[[18], [15]]
4
[[18], [7]]
3
[[18], [3]]
5
[[18], [6]]
3
[[18], [9]]
4
[[18], [17]]
3
[[18], [0]]
3
[[18], [10]]
5
[[13], [4]]
5
[[13], [16]]
3
[[13], [5]]
3
[[13], [19]]
5
[[13], [14]]
4
[[13], [18]]
5
[[13], [13]]
5
[[13], [2]]
3
[[13], [11]]
7
[[13], [15]]
5
[[13], [1]]
4
[[13], [7]]
3
[[13], [3]]
6
[[13], [6]]
3
[[13], [9]]
4
[[13], [17]]
4
[[13], [0]]
3
[[13], [10]]
5
[[2], [19]]
3
[[2], [18]]
3
[[2], [11]]
3
[[2], [3]]
3
[[2], [6]]
3
[[2], [0]]
3
[[8], [4]]
4
[[8], [16]]
4
[[8], [19]]
5
[[8], [14]]
3
[[8], [18]]
5
[[8], [13]]
4
[[8], [8]]
3
[[8], [11]]
5
[[8], [3]]
4
[[8], [6]]
3
[[8], [9]]
5
[[8], [10]]
4
[[11], [4]]
5
[[11], [16]]
4
[[11], [19]]
4
[[11], [18]]
4
[[11], [13]]
3
[[11], [2]]
3
[[11], [11]]
5
[[11], [15]]
3
[[11], [1]]
3
[[11], [7]]
3
[[11], [3]]
5
[[11], [9]]
3
[[11], [17]]
3
[[11], [10]]
4
[[15], [4]]
4
[[15], [16]]
3
[[15], [19]]
5
[[15], [18]]
5
[[15], [13]]
3
[[15], [2]]
3
[[15], [11]]
5
[[15], [7]]
4
[[15], [3]]
4
[[15], [9]]
3
[[15], [17]]
3
[[15], [10]]
4
[[1], [9]]
3
[[7], [19]]
4
[[7], [18]]
4
[[7], [11]]
3
[[7], [3]]
3
[[7], [17]]
3
[[7], [10]]
3
[[3], [4]]
4
[[3], [16]]
3
[[3], [19]]
5
[[3], [14]]
4
[[3], [18]]
5
[[3], [13]]
4
[[3], [2]]
3
[[3], [8]]
3
[[3], [11]]
5
[[3], [15]]
3
[[3], [1]]
4
[[3], [3]]
4
[[3], [9]]
4
[[3], [17]]
3
[[3], [0]]
3
[[3], [10]]
5
[[6], [4]]
3
[[6], [19]]
3
[[6], [11]]
3
[[6], [3]]
3
[[6], [17]]
3
[[6], [10]]
3
[[9], [4]]
4
[[9], [16]]
3
[[9], [19]]
4
[[9], [18]]
4
[[9], [13]]
3
[[9], [11]]
4
[[9], [3]]
3
[[9], [9]]
3
[[9], [10]]
4
[[17], [4]]
5
[[17], [16]]
3
[[17], [19]]
4
[[17], [14]]
4
[[17], [18]]
4
[[17], [13]]
4
[[17], [11]]
5
[[17], [15]]
4
[[17], [7]]
3
[[17], [3]]
4
[[17], [9]]
3
[[17], [17]]
4
[[17], [10]]
5
[[10], [4]]
4
[[10], [16]]
3
[[10], [18]]
3
[[10], [11]]
4
[[10], [9]]
3
[[10], [10]]
3
[[4], [4], [19]]
3
[[4], [4], [18]]
3
[[4], [4], [2]]
3
[[4], [4], [11]]
3
[[4], [4], [7]]
3
[[4], [4], [3]]
3
[[4], [16], [19]]
3
[[4], [16], [18]]
3
[[4], [16], [3]]
3
[[4], [16], [10]]
3
[[4], [19], [19]]
3
[[4], [19], [18]]
3
[[4], [19], [2]]
3
[[4], [19], [7]]
3
[[4], [19], [3]]
3
[[4], [18], [19]]
3
[[4], [18, 19]]
3
[[4], [18], [18]]
4
[[4], [18], [2]]
3
[[4], [18], [11]]
3
[[4], [18], [7]]
3
[[4], [18], [3]]
3
[[4], [18], [10]]
3
[[4], [11], [16]]
3
[[4], [11], [19]]
3
[[4], [11], [18]]
4
[[4], [11], [2]]
3
[[4], [11], [11]]
3
[[4], [11], [7]]
3
[[4], [11], [3]]
4
[[4], [11], [17]]
3
[[4], [11], [10]]
4
[[4], [15], [19]]
3
[[4], [15], [18]]
3
[[4], [15], [2]]
3
[[4], [15], [11]]
3
[[4], [15], [7]]
3
[[4], [15], [3]]
3
[[4], [7], [19]]
3
[[4], [7], [18]]
3
[[4], [7], [3]]
3
[[4], [3], [3]]
3
[[4], [3], [10]]
3
[[4], [17], [3]]
3
[[4], [17], [10]]
3
[[19], [4], [4]]
3
[[19], [4], [16]]
4
[[19], [4], [19]]
3
[[19], [4], [18]]
4
[[19], [4], [2]]
3
[[19], [4], [11]]
5
[[19], [4], [15]]
3
[[19], [4], [7]]
3
[[19], [4], [3]]
4
[[19], [4], [17]]
3
[[19], [4], [10]]
4
[[19], [16], [18]]
3
[[19], [16], [11]]
3
[[19], [16], [3]]
3
[[19], [16], [10]]
3
[[19], [5], [4]]
3
[[19], [5], [14]]
3
[[19], [5], [11]]
3
[[19], [5], [10]]
3
[[19], [19], [4]]
5
[[19], [19], [16]]
3
[[19], [19], [5]]
3
[[19], [19], [19]]
4
[[19], [19], [14]]
4
[[19], [19], [18]]
4
[[19], [19], [13]]
5
[[19], [19], [2]]
3
[[19], [19], [8]]
3
[[19], [19], [11]]
5
[[19], [19], [15]]
4
[[19], [19], [1]]
3
[[19], [19], [7]]
4
[[19], [19], [3]]
4
[[19], [19], [6]]
3
[[19], [19], [9]]
3
[[19], [19], [17]]
4
[[19], [19], [0]]
3
[[19], [19], [10]]
4
[[19], [14], [4]]
3
[[19], [14], [19]]
3
[[19], [14], [14]]
3
[[19], [14], [18]]
3
[[19], [14], [11]]
3
[[19], [14], [10]]
3
[[19], [18], [4]]
5
[[19], [18], [16]]
4
[[19], [18], [19]]
3
[[19], [18, 19]]
5
[[19], [18], [14]]
4
[[19], [18], [18]]
5
[[19], [18], [13]]
5
[[19], [18], [2]]
3
[[19], [18], [8]]
3
[[19], [18], [11]]
6
[[19], [18], [15]]
3
[[19], [18], [7]]
3
[[19], [18], [3]]
5
[[19], [18], [6]]
3
[[19], [18], [9]]
4
[[19], [18], [17]]
3
[[19], [18], [0]]
3
[[19], [18], [10]]
5
[[19], [13], [4]]
4
[[19], [13], [5]]
3
[[19], [13], [19]]
4
[[19], [13], [14]]
4
[[19], [13], [18]]
4
[[19], [13], [13]]
4
[[19], [13], [2]]
3
[[19], [13], [11]]
5
[[19], [13], [15]]
4
[[19], [13], [1]]
3
[[19], [13], [7]]
3
[[19], [13], [3]]
4
[[19], [13], [6]]
3
[[19], [13], [9]]
3
[[19], [13], [17]]
4
[[19], [13], [0]]
3
[[19], [13], [10]]
4
[[19], [8], [11]]
3
[[19], [8], [9]]
3
[[19], [11], [4]]
4
[[19], [11], [16]]
3
[[19], [11], [19]]
3
[[19], [11], [18]]
4
[[19], [11], [2]]
3
[[19], [11], [11]]
4
[[19], [11], [7]]
3
[[19], [11], [3]]
4
[[19], [11], [17]]
3
[[19], [11], [10]]
4
[[19], [15], [4]]
3
[[19], [15], [19]]
4
[[19], [15], [18]]
4
[[19], [15], [13]]
3
[[19], [15], [2]]
3
[[19], [15], [11]]
4
[[19], [15], [7]]
4
[[19], [15], [3]]
3
[[19], [15], [17]]
3
[[19], [15], [10]]
3
[[19], [1], [9]]
3
[[19], [7], [19]]
4
[[19], [7], [18]]
4
[[19], [7], [11]]
3
[[19], [7], [3]]
3
[[19], [7], [17]]
3
[[19], [7], [10]]
3
[[19], [3], [4]]
3
[[19], [3], [16]]
3
[[19], [3], [18]]
3
[[19], [3], [11]]
4
[[19], [3], [3]]
3
[[19], [3], [0]]
3
[[19], [3], [10]]
4
[[19], [6], [4]]
3
[[19], [6], [19]]
3
[[19], [6], [11]]
3
[[19], [6], [3]]
3
[[19], [6], [17]]
3
[[19], [6], [10]]
3
[[19], [9], [4]]
4
[[19], [9], [16]]
3
[[19], [9], [19]]
3
[[19], [9], [18]]
3
[[19], [9], [11]]
4
[[19], [9], [3]]
3
[[19], [9], [9]]
3
[[19], [9], [10]]
4
[[19], [17], [4]]
4
[[19], [17], [19]]
3
[[19], [17], [14]]
3
[[19], [17], [18]]
3
[[19], [17], [13]]
3
[[19], [17], [11]]
4
[[19], [17], [15]]
3
[[19], [17], [7]]
3
[[19], [17], [3]]
3
[[19], [17], [17]]
4
[[19], [17], [10]]
4
[[19], [10], [11]]
3
[[14], [4], [18]]
3
[[14], [4], [11]]
3
[[14], [19], [4]]
3
[[14], [19], [18]]
4
[[14], [19], [11]]
3
[[14], [19], [3]]
3
[[14], [19], [9]]
3
[[14], [19], [10]]
3
[[14], [18], [4]]
4
[[14], [18, 19]]
3
[[14], [18], [18]]
4
[[14], [18], [11]]
4
[[14], [18], [3]]
3
[[14], [18], [9]]
3
[[14], [18], [10]]
3
[[14], [15], [19]]
3
[[14], [15], [18]]
3
[[14], [15], [11]]
3
[[14], [15], [9]]
3
[[18], [4], [16]]
3
[[18], [4], [18]]
3
[[18], [4], [11]]
4
[[18], [4], [3]]
3
[[18], [4], [10]]
3
[[18], [16], [18]]
3
[[18], [16], [11]]
3
[[18], [16], [3]]
3
[[18], [16], [10]]
3
[[18], [19], [4]]
3
[[18], [19], [16]]
3
[[18], [19], [19]]
3
[[18], [19], [18]]
4
[[18], [19], [13]]
3
[[18], [19], [2]]
3
[[18], [19], [11]]
4
[[18], [19], [15]]
3
[[18], [19], [3]]
4
[[18], [19], [10]]
3
[[18, 19], [4]]
4
[[18, 19], [16]]
3
[[18, 19], [19]]
3
[[18, 19], [14]]
4
[[18, 19], [18]]
4
[[18, 19], [13]]
5
[[18, 19], [2]]
3
[[18, 19], [8]]
3
[[18, 19], [11]]
5
[[18, 19], [15]]
3
[[18, 19], [7]]
3
[[18, 19], [3]]
4
[[18, 19], [6]]
3
[[18, 19], [9]]
3
[[18, 19], [17]]
3
[[18, 19], [0]]
3
[[18, 19], [10]]
4
[[18], [14], [4]]
4
[[18], [14], [19]]
3
[[18], [14], [18]]
3
[[18], [14], [11]]
4
[[18], [14], [3]]
3
[[18], [14], [9]]
3
[[18], [14], [10]]
3
[[18], [18], [4]]
4
[[18], [18], [16]]
3
[[18], [18], [19]]
3
[[18], [18, 19]]
3
[[18], [18], [14]]
3
[[18], [18], [18]]
4
[[18], [18], [13]]
3
[[18], [18], [2]]
3
[[18], [18], [11]]
5
[[18], [18], [15]]
3
[[18], [18], [3]]
4
[[18], [18], [9]]
3
[[18], [18], [10]]
3
[[18], [13], [4]]
5
[[18], [13], [16]]
3
[[18], [13], [19]]
4
[[18], [13], [14]]
4
[[18], [13], [18]]
4
[[18], [13], [13]]
4
[[18], [13], [2]]
3
[[18], [13], [11]]
6
[[18], [13], [15]]
4
[[18], [13], [3]]
5
[[18], [13], [6]]
3
[[18], [13], [9]]
4
[[18], [13], [17]]
3
[[18], [13], [0]]
3
[[18], [13], [10]]
4
[[18], [8], [16]]
3
[[18], [8], [11]]
3
[[18], [8], [3]]
3
[[18], [8], [9]]
3
[[18], [11], [4]]
4
[[18], [11], [16]]
3
[[18], [11], [19]]
4
[[18], [11], [18]]
4
[[18], [11], [2]]
3
[[18], [11], [11]]
5
[[18], [11], [15]]
3
[[18], [11], [3]]
5
[[18], [11], [9]]
3
[[18], [11], [17]]
3
[[18], [11], [10]]
3
[[18], [15], [19]]
3
[[18], [15], [18]]
4
[[18], [15], [2]]
3
[[18], [15], [11]]
3
[[18], [15], [3]]
4
[[18], [7], [19]]
3
[[18], [7], [18]]
3
[[18], [7], [3]]
3
[[18], [3], [4]]
3
[[18], [3], [14]]
3
[[18], [3], [11]]
3
[[18], [3], [3]]
3
[[18], [3], [9]]
3
[[18], [3], [0]]
3
[[18], [3], [10]]
3
[[18], [9], [4]]
3
[[18], [9], [11]]
3
[[18], [9], [9]]
3
[[18], [17], [11]]
3
[[18], [17], [3]]
3
[[18], [17], [17]]
3
[[18], [17], [10]]
3
[[18], [10], [11]]
3
[[13], [4], [16]]
3
[[13], [4], [18]]
3
[[13], [4], [11]]
4
[[13], [4], [3]]
3
[[13], [4], [10]]
3
[[13], [5], [4]]
3
[[13], [5], [14]]
3
[[13], [5], [11]]
3
[[13], [5], [10]]
3
[[13], [19], [4]]
3
[[13], [19], [19]]
3
[[13], [19], [18]]
5
[[13], [19], [2]]
3
[[13], [19], [11]]
3
[[13], [19], [7]]
3
[[13], [19], [3]]
4
[[13], [19], [9]]
3
[[13], [19], [17]]
3
[[13], [19], [10]]
3
[[13], [14], [4]]
3
[[13], [14], [19]]
3
[[13], [14], [14]]
3
[[13], [14], [18]]
3
[[13], [14], [11]]
3
[[13], [14], [10]]
3
[[13], [18], [4]]
4
[[13], [18, 19]]
3
[[13], [18], [18]]
4
[[13], [18], [2]]
3
[[13], [18], [11]]
4
[[13], [18], [3]]
4
[[13], [18], [9]]
3
[[13], [18], [10]]
3
[[13], [13], [4]]
5
[[13], [13], [16]]
3
[[13], [13], [5]]
3
[[13], [13], [19]]
4
[[13], [13], [14]]
4
[[13], [13], [18]]
4
[[13], [13], [11]]
5
[[13], [13], [15]]
4
[[13], [13], [7]]
3
[[13], [13], [3]]
4
[[13], [13], [6]]
3
[[13], [13], [9]]
4
[[13], [13], [10]]
4
[[13], [11], [4]]
4
[[13], [11], [16]]
3
[[13], [11], [19]]
4
[[13], [11], [18]]
4
[[13], [11], [2]]
3
[[13], [11], [11]]
5
[[13], [11], [15]]
3
[[13], [11], [1]]
3
[[13], [11], [3]]
5
[[13], [11], [9]]
3
[[13], [11], [17]]
3
[[13], [11], [10]]
3
[[13], [15], [4]]
3
[[13], [15], [19]]
4
[[13], [15], [18]]
5
[[13], [15], [2]]
3
[[13], [15], [11]]
4
[[13], [15], [7]]
3
[[13], [15], [3]]
4
[[13], [15], [9]]
3
[[13], [15], [17]]
3
[[13], [15], [10]]
3
[[13], [1], [9]]
3
[[13], [7], [19]]
3
[[13], [7], [18]]
3
[[13], [3], [11]]
3
[[13], [3], [1]]
3
[[13], [3], [10]]
3
[[13], [9], [4]]
3
[[13], [9], [11]]
3
[[13], [9], [9]]
3
[[13], [9], [10]]
3
[[13], [17], [4]]
3
[[13], [17], [14]]
3
[[13], [17], [11]]
3
[[13], [17], [10]]
3
[[13], [10], [11]]
3
[[2], [19], [19]]
3
[[2], [19], [18]]
3
[[2], [19], [3]]
3
[[2], [19], [6]]
3
[[2], [18, 19]]
3
[[2], [18], [3]]
3
[[2], [18], [6]]
3
[[2], [11], [11]]
3
[[2], [11], [3]]
3
[[8], [4], [16]]
3
[[8], [4], [11]]
3
[[8], [4], [10]]
3
[[8], [16], [18]]
3
[[8], [16], [11]]
3
[[8], [16], [3]]
3
[[8], [16], [10]]
3
[[8], [19], [4]]
4
[[8], [19], [16]]
4
[[8], [19], [19]]
3
[[8], [19], [18]]
5
[[8], [19], [13]]
3
[[8], [19], [8]]
3
[[8], [19], [11]]
4
[[8], [19], [3]]
4
[[8], [19], [9]]
4
[[8], [19], [10]]
4
[[8], [18], [4]]
3
[[8], [18], [16]]
4
[[8], [18, 19]]
4
[[8], [18], [18]]
4
[[8], [18], [13]]
3
[[8], [18], [8]]
3
[[8], [18], [11]]
4
[[8], [18], [3]]
4
[[8], [18], [9]]
4
[[8], [18], [10]]
4
[[8], [13], [4]]
3
[[8], [13], [11]]
4
[[8], [13], [3]]
3
[[8], [13], [9]]
3
[[8], [13], [10]]
3
[[8], [11], [4]]
4
[[8], [11], [16]]
4
[[8], [11], [19]]
3
[[8], [11], [18]]
3
[[8], [11], [11]]
3
[[8], [11], [3]]
4
[[8], [11], [9]]
3
[[8], [11], [10]]
3
[[8], [3], [16]]
3
[[8], [3], [11]]
3
[[8], [3], [3]]
3
[[8], [3], [10]]
3
[[8], [9], [4]]
4
[[8], [9], [16]]
3
[[8], [9], [19]]
4
[[8], [9], [18]]
4
[[8], [9], [13]]
3
[[8], [9], [11]]
4
[[8], [9], [3]]
3
[[8], [9], [9]]
3
[[8], [9], [10]]
4
[[8], [10], [4]]
3
[[8], [10], [18]]
3
[[8], [10], [11]]
4
[[11], [4], [16]]
3
[[11], [4], [18]]
3
[[11], [4], [11]]
4
[[11], [4], [3]]
3
[[11], [4], [17]]
3
[[11], [4], [10]]
4
[[11], [16], [18]]
3
[[11], [16], [11]]
3
[[11], [16], [3]]
3
[[11], [16], [10]]
3
[[11], [19], [4]]
3
[[11], [19], [16]]
3
[[11], [19], [19]]
3
[[11], [19], [18]]
4
[[11], [19], [2]]
3
[[11], [19], [11]]
3
[[11], [19], [7]]
3
[[11], [19], [3]]
4
[[11], [19], [10]]
3
[[11], [18], [16]]
3
[[11], [18], [19]]
3
[[11], [18, 19]]
3
[[11], [18], [18]]
4
[[11], [18], [2]]
3
[[11], [18], [11]]
3
[[11], [18], [7]]
3
[[11], [18], [3]]
4
[[11], [18], [10]]
3
[[11], [13], [19]]
3
[[11], [13], [18]]
3
[[11], [13], [11]]
3
[[11], [13], [3]]
3
[[11], [13], [10]]
3
[[11], [11], [16]]
3
[[11], [11], [19]]
3
[[11], [11], [18]]
3
[[11], [11], [3]]
4
[[11], [11], [9]]
3
[[11], [11], [10]]
3
[[11], [15], [4]]
3
[[11], [15], [19]]
3
[[11], [15], [18]]
3
[[11], [15], [11]]
3
[[11], [15], [3]]
3
[[11], [15], [10]]
3
[[11], [7], [19]]
3
[[11], [7], [18]]
3
[[11], [7], [3]]
3
[[11], [3], [16]]
3
[[11], [3], [18]]
3
[[11], [3], [11]]
4
[[11], [3], [3]]
3
[[11], [3], [10]]
4
[[11], [17], [11]]
3
[[11], [17], [3]]
3
[[11], [17], [17]]
3
[[11], [17], [10]]
3
[[15], [4], [18]]
3
[[15], [4], [11]]
3
[[15], [4], [10]]
3
[[15], [16], [18]]
3
[[15], [19], [4]]
3
[[15], [19], [16]]
3
[[15], [19], [18]]
5
[[15], [19], [11]]
4
[[15], [19], [3]]
4
[[15], [19], [9]]
3
[[15], [19], [10]]
4
[[15], [18], [4]]
3
[[15], [18], [16]]
3
[[15], [18], [19]]
3
[[15], [18, 19]]
4
[[15], [18], [18]]
5
[[15], [18], [11]]
4
[[15], [18], [7]]
3
[[15], [18], [3]]
4
[[15], [18], [9]]
3
[[15], [18], [10]]
4
[[15], [13], [19]]
3
[[15], [13], [18]]
3
[[15], [13], [11]]
3
[[15], [13], [10]]
3
[[15], [11], [18]]
3
[[15], [7], [19]]
4
[[15], [7], [18]]
4
[[15], [7], [11]]
3
[[15], [7], [3]]
3
[[15], [7], [10]]
3
[[15], [3], [18]]
3
[[15], [3], [11]]
3
[[15], [3], [10]]
3
[[15], [17], [19]]
3
[[15], [17], [18]]
3
[[15], [17], [11]]
3
[[15], [17], [10]]
3
[[15], [10], [11]]
3
[[7], [19], [19]]
3
[[7], [19], [18]]
3
[[7], [19], [11]]
3
[[7], [19], [17]]
3
[[7], [19], [10]]
3
[[7], [18, 19]]
3
[[7], [18], [18]]
3
[[7], [18], [11]]
3
[[7], [18], [3]]
3
[[7], [18], [10]]
3
[[7], [17], [18]]
3
[[7], [17], [11]]
3
[[7], [17], [10]]
3
[[3], [4], [11]]
3
[[3], [4], [10]]
3
[[3], [16], [11]]
3
[[3], [16], [10]]
3
[[3], [19], [4]]
3
[[3], [19], [16]]
3
[[3], [19], [19]]
4
[[3], [19], [18]]
4
[[3], [19], [13]]
3
[[3], [19], [11]]
4
[[3], [19], [3]]
3
[[3], [19], [9]]
3
[[3], [19], [17]]
3
[[3], [19], [10]]
4
[[3], [14], [10]]
4
[[3], [18], [4]]
3
[[3], [18], [16]]
3
[[3], [18, 19]]
3
[[3], [18], [18]]
3
[[3], [18], [13]]
3
[[3], [18], [11]]
4
[[3], [18], [3]]
3
[[3], [18], [9]]
3
[[3], [18], [10]]
5
[[3], [13], [4]]
3
[[3], [13], [19]]
3
[[3], [13], [18]]
3
[[3], [13], [13]]
3
[[3], [13], [11]]
4
[[3], [13], [15]]
3
[[3], [13], [3]]
3
[[3], [13], [9]]
3
[[3], [13], [17]]
3
[[3], [13], [10]]
4
[[3], [8], [4]]
3
[[3], [8], [19]]
3
[[3], [8], [14]]
3
[[3], [8], [18]]
3
[[3], [8], [13]]
3
[[3], [8], [11]]
3
[[3], [8], [9]]
3
[[3], [8], [10]]
3
[[3], [11], [4]]
3
[[3], [11], [11]]
3
[[3], [11], [3]]
3
[[3], [11], [10]]
3
[[3], [15], [18]]
3
[[3], [1], [9]]
3
[[3], [9], [4]]
3
[[3], [9], [19]]
3
[[3], [9], [18]]
3
[[3], [9], [11]]
3
[[3], [9], [9]]
3
[[3], [9], [10]]
3
[[3], [17], [11]]
3
[[3], [17], [17]]
3
[[3], [17], [10]]
3
[[3], [10], [4]]
3
[[3], [10], [18]]
3
[[3], [10], [11]]
4
[[6], [4], [11]]
3
[[6], [4], [3]]
3
[[6], [4], [17]]
3
[[6], [4], [10]]
3
[[6], [19], [19]]
3
[[6], [11], [4]]
3
[[6], [11], [11]]
3
[[6], [11], [3]]
3
[[6], [11], [17]]
3
[[6], [11], [10]]
3
[[6], [3], [11]]
3
[[6], [3], [10]]
3
[[6], [17], [4]]
3
[[6], [17], [11]]
3
[[6], [17], [3]]
3
[[6], [17], [17]]
3
[[6], [17], [10]]
3
[[9], [4], [16]]
3
[[9], [4], [11]]
3
[[9], [4], [10]]
3
[[9], [16], [11]]
3
[[9], [16], [10]]
3
[[9], [19], [4]]
3
[[9], [19], [13]]
3
[[9], [19], [11]]
3
[[9], [19], [10]]
3
[[9], [18, 19]]
3
[[9], [18], [18]]
3
[[9], [18], [13]]
3
[[9], [18], [11]]
4
[[9], [18], [10]]
4
[[9], [13], [11]]
3
[[9], [13], [10]]
3
[[9], [11], [4]]
3
[[9], [11], [10]]
3
[[9], [3], [16]]
3
[[9], [3], [11]]
3
[[9], [3], [10]]
3
[[9], [9], [4]]
3
[[9], [9], [11]]
3
[[9], [9], [10]]
3
[[9], [10], [11]]
3
[[17], [4], [16]]
3
[[17], [4], [18]]
3
[[17], [4], [11]]
4
[[17], [4], [3]]
3
[[17], [4], [17]]
3
[[17], [4], [10]]
4
[[17], [16], [11]]
3
[[17], [16], [10]]
3
[[17], [19], [4]]
4
[[17], [19], [18]]
4
[[17], [19], [11]]
4
[[17], [19], [3]]
3
[[17], [19], [17]]
3
[[17], [19], [10]]
4
[[17], [14], [4]]
3
[[17], [14], [19]]
3
[[17], [14], [18]]
3
[[17], [14], [11]]
3
[[17], [14], [10]]
4
[[17], [18], [4]]
3
[[17], [18, 19]]
3
[[17], [18], [18]]
4
[[17], [18], [11]]
4
[[17], [18], [3]]
3
[[17], [18], [10]]
4
[[17], [13], [4]]
3
[[17], [13], [19]]
4
[[17], [13], [18]]
4
[[17], [13], [11]]
4
[[17], [13], [15]]
3
[[17], [13], [3]]
3
[[17], [13], [10]]
4
[[17], [11], [3]]
3
[[17], [11], [10]]
3
[[17], [15], [4]]
4
[[17], [15], [19]]
4
[[17], [15], [18]]
4
[[17], [15], [13]]
3
[[17], [15], [11]]
4
[[17], [15], [7]]
3
[[17], [15], [3]]
3
[[17], [15], [17]]
3
[[17], [15], [10]]
4
[[17], [7], [19]]
3
[[17], [7], [18]]
3
[[17], [7], [11]]
3
[[17], [7], [10]]
3
[[17], [3], [16]]
3
[[17], [3], [14]]
3
[[17], [3], [18]]
3
[[17], [3], [11]]
4
[[17], [3], [3]]
3
[[17], [3], [10]]
4
[[17], [9], [10]]
3
[[17], [17], [19]]
3
[[17], [17], [14]]
3
[[17], [17], [18]]
3
[[17], [17], [11]]
3
[[17], [17], [3]]
3
[[17], [17], [10]]
4
[[17], [10], [11]]
3
[[10], [4], [16]]
3
[[10], [4], [11]]
3
[[10], [4], [10]]
3
[[10], [16], [11]]
3
[[10], [16], [10]]
3
[[10], [18], [11]]
3
[[10], [18], [10]]
3
[[10], [11], [4]]
3
[[10], [11], [10]]
3
[[10], [9], [4]]
3
[[10], [9], [11]]
3
[[4], [4], [19], [18]]
3
[[4], [4], [19], [3]]
3
[[4], [4], [18], [19]]
3
[[4], [4], [18, 19]]
3
[[4], [4], [18], [18]]
3
[[4], [4], [18], [7]]
3
[[4], [4], [18], [3]]
3
[[4], [4], [7], [19]]
3
[[4], [4], [7], [18]]
3
[[4], [4], [7], [3]]
3
[[4], [19], [18], [19]]
3
[[4], [19], [18], [3]]
3
[[4], [19], [7], [19]]
3
[[4], [19], [7], [18]]
3
[[4], [19], [7], [3]]
3
[[4], [18, 19], [19]]
3
[[4], [18, 19], [18]]
3
[[4], [18, 19], [2]]
3
[[4], [18, 19], [7]]
3
[[4], [18, 19], [3]]
3
[[4], [18], [18], [19]]
3
[[4], [18], [18], [18]]
3
[[4], [18], [18], [3]]
3
[[4], [18], [7], [19]]
3
[[4], [18], [7], [18]]
3
[[4], [18], [7], [3]]
3
[[4], [11], [16], [3]]
3
[[4], [11], [19], [19]]
3
[[4], [11], [19], [18]]
3
[[4], [11], [19], [2]]
3
[[4], [11], [19], [7]]
3
[[4], [11], [19], [3]]
3
[[4], [11], [18], [19]]
3
[[4], [11], [18, 19]]
3
[[4], [11], [18], [18]]
4
[[4], [11], [18], [2]]
3
[[4], [11], [18], [7]]
3
[[4], [11], [18], [3]]
3
[[4], [11], [7], [19]]
3
[[4], [11], [7], [18]]
3
[[4], [11], [7], [3]]
3
[[4], [11], [3], [3]]
3
[[4], [11], [3], [10]]
3
[[4], [11], [17], [3]]
3
[[4], [11], [17], [10]]
3
[[4], [15], [19], [18]]
3
[[4], [15], [19], [3]]
3
[[4], [15], [18], [19]]
3
[[4], [15], [18, 19]]
3
[[4], [15], [18], [18]]
3
[[4], [15], [18], [7]]
3
[[4], [15], [18], [3]]
3
[[4], [15], [7], [19]]
3
[[4], [15], [7], [18]]
3
[[4], [15], [7], [3]]
3
[[4], [7], [18], [3]]
3
[[4], [17], [3], [10]]
3
[[19], [4], [4], [19]]
3
[[19], [4], [4], [18]]
3
[[19], [4], [4], [2]]
3
[[19], [4], [4], [11]]
3
[[19], [4], [4], [7]]
3
[[19], [4], [4], [3]]
3
[[19], [4], [16], [18]]
3
[[19], [4], [16], [3]]
3
[[19], [4], [16], [10]]
3
[[19], [4], [19], [19]]
3
[[19], [4], [19], [18]]
3
[[19], [4], [19], [2]]
3
[[19], [4], [19], [7]]
3
[[19], [4], [19], [3]]
3
[[19], [4], [18], [19]]
3
[[19], [4], [18, 19]]
3
[[19], [4], [18], [18]]
4
[[19], [4], [18], [2]]
3
[[19], [4], [18], [11]]
3
[[19], [4], [18], [7]]
3
[[19], [4], [18], [3]]
3
[[19], [4], [18], [10]]
3
[[19], [4], [11], [16]]
3
[[19], [4], [11], [19]]
3
[[19], [4], [11], [18]]
4
[[19], [4], [11], [2]]
3
[[19], [4], [11], [11]]
3
[[19], [4], [11], [7]]
3
[[19], [4], [11], [3]]
4
[[19], [4], [11], [17]]
3
[[19], [4], [11], [10]]
4
[[19], [4], [15], [19]]
3
[[19], [4], [15], [18]]
3
[[19], [4], [15], [2]]
3
[[19], [4], [15], [11]]
3
[[19], [4], [15], [7]]
3
[[19], [4], [15], [3]]
3
[[19], [4], [7], [19]]
3
[[19], [4], [7], [18]]
3
[[19], [4], [7], [3]]
3
[[19], [4], [3], [3]]
3
[[19], [4], [3], [10]]
3
[[19], [4], [17], [3]]
3
[[19], [4], [17], [10]]
3
[[19], [19], [4], [16]]
3
[[19], [19], [4], [19]]
3
[[19], [19], [4], [18]]
3
[[19], [19], [4], [2]]
3
[[19], [19], [4], [11]]
4
[[19], [19], [4], [7]]
3
[[19], [19], [4], [3]]
4
[[19], [19], [4], [17]]
3
[[19], [19], [4], [10]]
3
[[19], [19], [16], [3]]
3
[[19], [19], [5], [4]]
3
[[19], [19], [5], [14]]
3
[[19], [19], [5], [11]]
3
[[19], [19], [5], [10]]
3
[[19], [19], [19], [4]]
3
[[19], [19], [19], [19]]
4
[[19], [19], [19], [18]]
4
[[19], [19], [19], [13]]
3
[[19], [19], [19], [2]]
3
[[19], [19], [19], [11]]
3
[[19], [19], [19], [15]]
3
[[19], [19], [19], [7]]
4
[[19], [19], [19], [3]]
3
[[19], [19], [19], [17]]
3
[[19], [19], [19], [10]]
3
[[19], [19], [14], [4]]
3
[[19], [19], [14], [19]]
3
[[19], [19], [14], [14]]
3
[[19], [19], [14], [18]]
3
[[19], [19], [14], [11]]
3
[[19], [19], [14], [10]]
3
[[19], [19], [18], [4]]
3
[[19], [19], [18], [19]]
3
[[19], [19], [18, 19]]
4
[[19], [19], [18], [18]]
4
[[19], [19], [18], [13]]
3
[[19], [19], [18], [2]]
3
[[19], [19], [18], [11]]
4
[[19], [19], [18], [15]]
3
[[19], [19], [18], [7]]
3
[[19], [19], [18], [3]]
3
[[19], [19], [18], [10]]
3
[[19], [19], [13], [4]]
4
[[19], [19], [13], [5]]
3
[[19], [19], [13], [19]]
4
[[19], [19], [13], [14]]
4
[[19], [19], [13], [18]]
4
[[19], [19], [13], [13]]
4
[[19], [19], [13], [2]]
3
[[19], [19], [13], [11]]
5
[[19], [19], [13], [15]]
4
[[19], [19], [13], [7]]
3
[[19], [19], [13], [3]]
4
[[19], [19], [13], [6]]
3
[[19], [19], [13], [9]]
3
[[19], [19], [13], [17]]
3
[[19], [19], [13], [0]]
3
[[19], [19], [13], [10]]
4
[[19], [19], [8], [11]]
3
[[19], [19], [8], [9]]
3
[[19], [19], [11], [4]]
3
[[19], [19], [11], [19]]
3
[[19], [19], [11], [18]]
3
[[19], [19], [11], [2]]
3
[[19], [19], [11], [11]]
4
[[19], [19], [11], [3]]
4
[[19], [19], [11], [17]]
3
[[19], [19], [15], [4]]
3
[[19], [19], [15], [19]]
4
[[19], [19], [15], [18]]
4
[[19], [19], [15], [13]]
3
[[19], [19], [15], [2]]
3
[[19], [19], [15], [11]]
4
[[19], [19], [15], [7]]
4
[[19], [19], [15], [3]]
3
[[19], [19], [15], [17]]
3
[[19], [19], [15], [10]]
3
[[19], [19], [1], [9]]
3
[[19], [19], [7], [19]]
4
[[19], [19], [7], [18]]
4
[[19], [19], [7], [11]]
3
[[19], [19], [7], [3]]
3
[[19], [19], [7], [10]]
3
[[19], [19], [3], [11]]
3
[[19], [19], [3], [3]]
3
[[19], [19], [3], [0]]
3
[[19], [19], [3], [10]]
3
[[19], [19], [17], [4]]
3
[[19], [19], [17], [19]]
3
[[19], [19], [17], [14]]
3
[[19], [19], [17], [18]]
3
[[19], [19], [17], [11]]
4
[[19], [19], [17], [15]]
3
[[19], [19], [17], [3]]
3
[[19], [19], [17], [17]]
3
[[19], [19], [17], [10]]
4
[[19], [14], [19], [18]]
3
[[19], [14], [18], [4]]
3
[[19], [14], [18, 19]]
3
[[19], [14], [18], [18]]
3
[[19], [14], [18], [11]]
3
[[19], [18], [4], [16]]
3
[[19], [18], [4], [18]]
3
[[19], [18], [4], [11]]
4
[[19], [18], [4], [3]]
3
[[19], [18], [4], [10]]
3
[[19], [18], [16], [18]]
3
[[19], [18], [16], [11]]
3
[[19], [18], [16], [3]]
3
[[19], [18], [16], [10]]
3
[[19], [18], [19], [18]]
3
[[19], [18], [19], [3]]
3
[[19], [18, 19], [4]]
4
[[19], [18, 19], [16]]
3
[[19], [18, 19], [19]]
3
[[19], [18, 19], [14]]
4
[[19], [18, 19], [18]]
4
[[19], [18, 19], [13]]
5
[[19], [18, 19], [2]]
3
[[19], [18, 19], [8]]
3
[[19], [18, 19], [11]]
5
[[19], [18, 19], [15]]
3
[[19], [18, 19], [7]]
3
[[19], [18, 19], [3]]
4
[[19], [18, 19], [6]]
3
[[19], [18, 19], [9]]
3
[[19], [18, 19], [17]]
3
[[19], [18, 19], [0]]
3
[[19], [18, 19], [10]]
4
[[19], [18], [14], [4]]
3
[[19], [18], [14], [11]]
3
[[19], [18], [18], [4]]
3
[[19], [18], [18], [19]]
3
[[19], [18], [18, 19]]
3
[[19], [18], [18], [18]]
4
[[19], [18], [18], [11]]
5
[[19], [18], [18], [3]]
3
[[19], [18], [18], [10]]
3
[[19], [18], [13], [4]]
4
[[19], [18], [13], [19]]
3
[[19], [18], [13], [14]]
4
[[19], [18], [13], [18]]
3
[[19], [18], [13], [2]]
3
[[19], [18], [13], [11]]
5
[[19], [18], [13], [3]]
4
[[19], [18], [13], [9]]
3
[[19], [18], [13], [17]]
3
[[19], [18], [13], [0]]
3
[[19], [18], [13], [10]]
3
[[19], [18], [11], [18]]
3
[[19], [18], [11], [11]]
3
[[19], [18], [11], [3]]
3
[[19], [18], [11], [10]]
3
[[19], [18], [15], [18]]
3
[[19], [18], [15], [2]]
3
[[19], [18], [15], [3]]
3
[[19], [18], [7], [19]]
3
[[19], [18], [7], [18]]
3
[[19], [18], [7], [3]]
3
[[19], [18], [3], [4]]
3
[[19], [18], [3], [11]]
3
[[19], [18], [3], [0]]
3
[[19], [18], [3], [10]]
3
[[19], [18], [9], [4]]
3
[[19], [18], [9], [11]]
3
[[19], [18], [17], [11]]
3
[[19], [18], [17], [3]]
3
[[19], [18], [17], [17]]
3
[[19], [18], [17], [10]]
3
[[19], [18], [10], [11]]
3
[[19], [13], [4], [11]]
3
[[19], [13], [4], [3]]
3
[[19], [13], [5], [4]]
3
[[19], [13], [5], [14]]
3
[[19], [13], [5], [11]]
3
[[19], [13], [5], [10]]
3
[[19], [13], [19], [19]]
3
[[19], [13], [19], [18]]
4
[[19], [13], [19], [2]]
3
[[19], [13], [19], [7]]
3
[[19], [13], [19], [3]]
3
[[19], [13], [19], [17]]
3
[[19], [13], [14], [4]]
3
[[19], [13], [14], [19]]
3
[[19], [13], [14], [14]]
3
[[19], [13], [14], [18]]
3
[[19], [13], [14], [11]]
3
[[19], [13], [14], [10]]
3
[[19], [13], [18], [4]]
3
[[19], [13], [18, 19]]
3
[[19], [13], [18], [18]]
3
[[19], [13], [18], [2]]
3
[[19], [13], [18], [11]]
3
[[19], [13], [18], [3]]
3
[[19], [13], [13], [4]]
4
[[19], [13], [13], [5]]
3
[[19], [13], [13], [19]]
3
[[19], [13], [13], [14]]
4
[[19], [13], [13], [18]]
3
[[19], [13], [13], [11]]
4
[[19], [13], [13], [15]]
3
[[19], [13], [13], [7]]
3
[[19], [13], [13], [3]]
3
[[19], [13], [13], [6]]
3
[[19], [13], [13], [9]]
3
[[19], [13], [13], [10]]
3
[[19], [13], [11], [4]]
3
[[19], [13], [11], [19]]
3
[[19], [13], [11], [18]]
3
[[19], [13], [11], [2]]
3
[[19], [13], [11], [11]]
4
[[19], [13], [11], [3]]
4
[[19], [13], [11], [17]]
3
[[19], [13], [15], [19]]
3
[[19], [13], [15], [18]]
4
[[19], [13], [15], [2]]
3
[[19], [13], [15], [11]]
3
[[19], [13], [15], [7]]
3
[[19], [13], [15], [3]]
3
[[19], [13], [15], [17]]
3
[[19], [13], [1], [9]]
3
[[19], [13], [7], [19]]
3
[[19], [13], [7], [18]]
3
[[19], [13], [17], [4]]
3
[[19], [13], [17], [14]]
3
[[19], [13], [17], [11]]
3
[[19], [13], [17], [10]]
3
[[19], [11], [4], [11]]
3
[[19], [11], [4], [3]]
3
[[19], [11], [4], [17]]
3
[[19], [11], [4], [10]]
3
[[19], [11], [16], [3]]
3
[[19], [11], [19], [19]]
3
[[19], [11], [19], [18]]
3
[[19], [11], [19], [2]]
3
[[19], [11], [19], [7]]
3
[[19], [11], [19], [3]]
3
[[19], [11], [18], [19]]
3
[[19], [11], [18, 19]]
3
[[19], [11], [18], [18]]
4
[[19], [11], [18], [2]]
3
[[19], [11], [18], [7]]
3
[[19], [11], [18], [3]]
3
[[19], [11], [11], [3]]
3
[[19], [11], [7], [19]]
3
[[19], [11], [7], [18]]
3
[[19], [11], [7], [3]]
3
[[19], [11], [3], [11]]
3
[[19], [11], [3], [3]]
3
[[19], [11], [3], [10]]
3
[[19], [11], [17], [11]]
3
[[19], [11], [17], [3]]
3
[[19], [11], [17], [17]]
3
[[19], [11], [17], [10]]
3
[[19], [15], [19], [18]]
4
[[19], [15], [19], [11]]
3
[[19], [15], [19], [3]]
3
[[19], [15], [19], [10]]
3
[[19], [15], [18], [19]]
3
[[19], [15], [18, 19]]
4
[[19], [15], [18], [18]]
4
[[19], [15], [18], [11]]
3
[[19], [15], [18], [7]]
3
[[19], [15], [18], [3]]
3
[[19], [15], [18], [10]]
3
[[19], [15], [13], [19]]
3
[[19], [15], [13], [18]]
3
[[19], [15], [13], [11]]
3
[[19], [15], [13], [10]]
3
[[19], [15], [7], [19]]
4
[[19], [15], [7], [18]]
4
[[19], [15], [7], [11]]
3
[[19], [15], [7], [3]]
3
[[19], [15], [7], [10]]
3
[[19], [15], [17], [19]]
3
[[19], [15], [17], [18]]
3
[[19], [15], [17], [11]]
3
[[19], [15], [17], [10]]
3
[[19], [7], [19], [19]]
3
[[19], [7], [19], [18]]
3
[[19], [7], [19], [11]]
3
[[19], [7], [19], [17]]
3
[[19], [7], [19], [10]]
3
[[19], [7], [18, 19]]
3
[[19], [7], [18], [18]]
3
[[19], [7], [18], [11]]
3
[[19], [7], [18], [3]]
3
[[19], [7], [18], [10]]
3
[[19], [7], [17], [18]]
3
[[19], [7], [17], [11]]
3
[[19], [7], [17], [10]]
3
[[19], [3], [4], [11]]
3
[[19], [3], [4], [10]]
3
[[19], [3], [16], [11]]
3
[[19], [3], [16], [10]]
3
[[19], [3], [18], [10]]
3
[[19], [3], [11], [10]]
3
[[19], [6], [4], [11]]
3
[[19], [6], [4], [3]]
3
[[19], [6], [4], [17]]
3
[[19], [6], [4], [10]]
3
[[19], [6], [11], [10]]
3
[[19], [6], [3], [11]]
3
[[19], [6], [3], [10]]
3
[[19], [6], [17], [4]]
3
[[19], [6], [17], [11]]
3
[[19], [6], [17], [3]]
3
[[19], [6], [17], [17]]
3
[[19], [6], [17], [10]]
3
[[19], [9], [4], [16]]
3
[[19], [9], [4], [11]]
3
[[19], [9], [4], [10]]
3
[[19], [9], [16], [11]]
3
[[19], [9], [16], [10]]
3
[[19], [9], [18], [18]]
3
[[19], [9], [18], [11]]
3
[[19], [9], [18], [10]]
3
[[19], [9], [11], [10]]
3
[[19], [9], [3], [16]]
3
[[19], [9], [3], [11]]
3
[[19], [9], [3], [10]]
3
[[19], [9], [9], [10]]
3
[[19], [9], [10], [11]]
3
[[19], [17], [4], [11]]
3
[[19], [17], [4], [3]]
3
[[19], [17], [4], [17]]
3
[[19], [17], [4], [10]]
3
[[19], [17], [19], [4]]
3
[[19], [17], [19], [18]]
3
[[19], [17], [19], [11]]
3
[[19], [17], [19], [17]]
3
[[19], [17], [19], [10]]
3
[[19], [17], [14], [10]]
3
[[19], [17], [18, 19]]
3
[[19], [17], [18], [18]]
3
[[19], [17], [18], [11]]
3
[[19], [17], [18], [10]]
3
[[19], [17], [13], [19]]
3
[[19], [17], [13], [18]]
3
[[19], [17], [13], [11]]
3
[[19], [17], [13], [10]]
3
[[19], [17], [15], [4]]
3
[[19], [17], [15], [19]]
3
[[19], [17], [15], [18]]
3
[[19], [17], [15], [13]]
3
[[19], [17], [15], [11]]
3
[[19], [17], [15], [7]]
3
[[19], [17], [15], [17]]
3
[[19], [17], [15], [10]]
3
[[19], [17], [7], [19]]
3
[[19], [17], [7], [18]]
3
[[19], [17], [7], [11]]
3
[[19], [17], [7], [10]]
3
[[19], [17], [3], [11]]
3
[[19], [17], [3], [10]]
3
[[19], [17], [17], [19]]
3
[[19], [17], [17], [14]]
3
[[19], [17], [17], [18]]
3
[[19], [17], [17], [11]]
3
[[19], [17], [17], [3]]
3
[[19], [17], [17], [10]]
4
[[14], [19], [18], [9]]
3
[[14], [18], [4], [18]]
3
[[14], [18], [4], [11]]
3
[[14], [18, 19], [18]]
3
[[14], [15], [19], [18]]
3
[[14], [15], [19], [9]]
3
[[14], [15], [18], [18]]
3
[[14], [15], [18], [9]]
3
[[18], [4], [18], [18]]
3
[[18], [4], [11], [18]]
3
[[18], [4], [11], [3]]
3
[[18], [4], [11], [10]]
3
[[18], [19], [4], [18]]
3
[[18], [19], [4], [11]]
3
[[18], [19], [16], [18]]
3
[[18], [19], [19], [18]]
3
[[18], [19], [19], [2]]
3
[[18], [19], [19], [3]]
3
[[18], [19], [18], [4]]
3
[[18], [19], [18], [18]]
3
[[18], [19], [18], [2]]
3
[[18], [19], [18], [11]]
3
[[18], [19], [18], [3]]
4
[[18], [19], [13], [19]]
3
[[18], [19], [13], [18]]
3
[[18], [19], [13], [2]]
3
[[18], [19], [13], [11]]
3
[[18], [19], [13], [15]]
3
[[18], [19], [13], [3]]
3
[[18], [19], [11], [19]]
3
[[18], [19], [11], [18]]
4
[[18], [19], [11], [2]]
3
[[18], [19], [11], [11]]
3
[[18], [19], [11], [3]]
3
[[18], [19], [15], [18]]
3
[[18], [19], [15], [2]]
3
[[18], [19], [15], [3]]
3
[[18, 19], [4], [11]]
3
[[18, 19], [4], [3]]
3
[[18, 19], [16], [3]]
3
[[18, 19], [19], [19]]
3
[[18, 19], [19], [18]]
3
[[18, 19], [19], [13]]
3
[[18, 19], [19], [2]]
3
[[18, 19], [19], [11]]
3
[[18, 19], [19], [15]]
3
[[18, 19], [19], [3]]
3
[[18, 19], [14], [4]]
3
[[18, 19], [14], [11]]
3
[[18, 19], [18], [4]]
3
[[18, 19], [18], [19]]
3
[[18, 19], [18, 19]]
3
[[18, 19], [18], [14]]
3
[[18, 19], [18], [18]]
3
[[18, 19], [18], [13]]
3
[[18, 19], [18], [2]]
3
[[18, 19], [18], [11]]
4
[[18, 19], [18], [15]]
3
[[18, 19], [18], [3]]
3
[[18, 19], [13], [4]]
4
[[18, 19], [13], [19]]
3
[[18, 19], [13], [14]]
4
[[18, 19], [13], [18]]
3
[[18, 19], [13], [13]]
3
[[18, 19], [13], [2]]
3
[[18, 19], [13], [11]]
5
[[18, 19], [13], [15]]
3
[[18, 19], [13], [3]]
4
[[18, 19], [13], [6]]
3
[[18, 19], [13], [9]]
3
[[18, 19], [13], [17]]
3
[[18, 19], [13], [0]]
3
[[18, 19], [13], [10]]
3
[[18, 19], [11], [4]]
3
[[18, 19], [11], [19]]
3
[[18, 19], [11], [18]]
3
[[18, 19], [11], [2]]
3
[[18, 19], [11], [11]]
4
[[18, 19], [11], [3]]
4
[[18, 19], [11], [17]]
3
[[18, 19], [15], [18]]
3
[[18, 19], [15], [2]]
3
[[18, 19], [15], [3]]
3
[[18, 19], [7], [19]]
3
[[18, 19], [7], [18]]
3
[[18, 19], [7], [3]]
3
[[18, 19], [3], [0]]
3
[[18, 19], [17], [11]]
3
[[18, 19], [17], [3]]
3
[[18, 19], [17], [17]]
3
[[18, 19], [17], [10]]
3
[[18], [14], [4], [18]]
3
[[18], [14], [4], [11]]
3
[[18], [14], [19], [18]]
3
[[18], [14], [19], [3]]
3
[[18], [14], [18], [4]]
3
[[18], [14], [18], [18]]
3
[[18], [14], [18], [11]]
3
[[18], [14], [18], [3]]
3
[[18], [18], [4], [18]]
3
[[18], [18], [4], [11]]
3
[[18], [18], [16], [18]]
3
[[18], [18], [19], [18]]
3
[[18], [18], [19], [3]]
3
[[18], [18, 19], [19]]
3
[[18], [18, 19], [18]]
3
[[18], [18, 19], [13]]
3
[[18], [18, 19], [2]]
3
[[18], [18, 19], [11]]
3
[[18], [18, 19], [15]]
3
[[18], [18, 19], [3]]
3
[[18], [18], [14], [4]]
3
[[18], [18], [14], [11]]
3
[[18], [18], [18], [18]]
3
[[18], [18], [18], [11]]
3
[[18], [18], [18], [3]]
3
[[18], [18], [13], [19]]
3
[[18], [18], [13], [18]]
3
[[18], [18], [13], [2]]
3
[[18], [18], [13], [11]]
3
[[18], [18], [13], [3]]
3
[[18], [18], [11], [18]]
3
[[18], [18], [15], [18]]
3
[[18], [18], [15], [2]]
3
[[18], [18], [15], [3]]
3
[[18], [13], [4], [16]]
3
[[18], [13], [4], [18]]
3
[[18], [13], [4], [11]]
4
[[18], [13], [4], [3]]
3
[[18], [13], [4], [10]]
3
[[18], [13], [19], [18]]
4
[[18], [13], [19], [2]]
3
[[18], [13], [19], [3]]
4
[[18], [13], [14], [4]]
3
[[18], [13], [14], [11]]
3
[[18], [13], [18], [4]]
3
[[18], [13], [18], [18]]
3
[[18], [13], [18], [2]]
3
[[18], [13], [18], [11]]
3
[[18], [13], [18], [3]]
4
[[18], [13], [13], [4]]
4
[[18], [13], [13], [16]]
3
[[18], [13], [13], [19]]
3
[[18], [13], [13], [14]]
3
[[18], [13], [13], [18]]
3
[[18], [13], [13], [11]]
4
[[18], [13], [13], [15]]
3
[[18], [13], [13], [3]]
4
[[18], [13], [13], [6]]
3
[[18], [13], [13], [9]]
3
[[18], [13], [13], [10]]
3
[[18], [13], [11], [4]]
4
[[18], [13], [11], [16]]
3
[[18], [13], [11], [19]]
4
[[18], [13], [11], [18]]
4
[[18], [13], [11], [2]]
3
[[18], [13], [11], [11]]
5
[[18], [13], [11], [15]]
3
[[18], [13], [11], [3]]
5
[[18], [13], [11], [9]]
3
[[18], [13], [11], [17]]
3
[[18], [13], [11], [10]]
3
[[18], [13], [15], [19]]
3
[[18], [13], [15], [18]]
4
[[18], [13], [15], [2]]
3
[[18], [13], [15], [11]]
3
[[18], [13], [15], [3]]
4
[[18], [13], [3], [11]]
3
[[18], [13], [3], [10]]
3
[[18], [13], [9], [4]]
3
[[18], [13], [9], [11]]
3
[[18], [13], [9], [9]]
3
[[18], [8], [11], [16]]
3
[[18], [8], [11], [3]]
3
[[18], [8], [11], [9]]
3
[[18], [11], [4], [11]]
3
[[18], [11], [4], [10]]
3
[[18], [11], [19], [18]]
4
[[18], [11], [19], [2]]
3
[[18], [11], [19], [3]]
4
[[18], [11], [18], [18]]
3
[[18], [11], [18], [2]]
3
[[18], [11], [18], [3]]
4
[[18], [11], [11], [16]]
3
[[18], [11], [11], [18]]
3
[[18], [11], [11], [3]]
4
[[18], [11], [11], [9]]
3
[[18], [11], [11], [10]]
3
[[18], [11], [15], [18]]
3
[[18], [11], [15], [3]]
3
[[18], [11], [3], [11]]
3
[[18], [11], [3], [10]]
3
[[18], [15], [19], [18]]
3
[[18], [15], [19], [3]]
3
[[18], [15], [18], [18]]
3
[[18], [15], [18], [3]]
4
[[18], [7], [18], [3]]
3
[[18], [3], [4], [11]]
3
[[18], [3], [4], [10]]
3
[[18], [3], [14], [10]]
3
[[18], [3], [11], [10]]
3
[[13], [4], [18], [18]]
3
[[13], [4], [11], [10]]
3
[[13], [19], [18], [4]]
3
[[13], [19], [18], [18]]
3
[[13], [19], [18], [11]]
3
[[13], [19], [18], [3]]
4
[[13], [19], [18], [9]]
3
[[13], [19], [18], [10]]
3
[[13], [19], [7], [19]]
3
[[13], [19], [7], [18]]
3
[[13], [14], [19], [18]]
3
[[13], [14], [18], [4]]
3
[[13], [14], [18, 19]]
3
[[13], [14], [18], [18]]
3
[[13], [14], [18], [11]]
3
[[13], [18], [4], [18]]
3
[[13], [18], [4], [11]]
3
[[13], [18, 19], [18]]
3
[[13], [18], [18], [18]]
3
[[13], [18], [18], [11]]
3
[[13], [13], [4], [16]]
3
[[13], [13], [4], [18]]
3
[[13], [13], [4], [11]]
4
[[13], [13], [4], [3]]
3
[[13], [13], [4], [10]]
3
[[13], [13], [5], [4]]
3
[[13], [13], [5], [14]]
3
[[13], [13], [5], [11]]
3
[[13], [13], [5], [10]]
3
[[13], [13], [19], [4]]
3
[[13], [13], [19], [18]]
4
[[13], [13], [19], [11]]
3
[[13], [13], [19], [3]]
3
[[13], [13], [19], [9]]
3
[[13], [13], [19], [10]]
3
[[13], [13], [14], [4]]
3
[[13], [13], [14], [11]]
3
[[13], [13], [18], [4]]
4
[[13], [13], [18, 19]]
3
[[13], [13], [18], [18]]
4
[[13], [13], [18], [11]]
4
[[13], [13], [18], [3]]
3
[[13], [13], [18], [9]]
3
[[13], [13], [18], [10]]
3
[[13], [13], [11], [10]]
3
[[13], [13], [15], [4]]
3
[[13], [13], [15], [19]]
4
[[13], [13], [15], [18]]
4
[[13], [13], [15], [11]]
4
[[13], [13], [15], [3]]
3
[[13], [13], [15], [9]]
3
[[13], [13], [15], [10]]
3
[[13], [13], [7], [19]]
3
[[13], [13], [7], [18]]
3
[[13], [13], [3], [11]]
3
[[13], [13], [3], [10]]
3
[[13], [13], [9], [4]]
3
[[13], [13], [9], [11]]
3
[[13], [13], [9], [9]]
3
[[13], [13], [9], [10]]
3
[[13], [11], [4], [11]]
3
[[13], [11], [4], [10]]
3
[[13], [11], [19], [18]]
4
[[13], [11], [19], [2]]
3
[[13], [11], [19], [3]]
4
[[13], [11], [18], [18]]
3
[[13], [11], [18], [2]]
3
[[13], [11], [18], [3]]
4
[[13], [11], [11], [18]]
3
[[13], [11], [11], [3]]
3
[[13], [11], [11], [10]]
3
[[13], [11], [15], [18]]
3
[[13], [11], [15], [3]]
3
[[13], [11], [3], [11]]
3
[[13], [11], [3], [10]]
3
[[13], [15], [19], [4]]
3
[[13], [15], [19], [18]]
4
[[13], [15], [19], [11]]
3
[[13], [15], [19], [3]]
3
[[13], [15], [19], [9]]
3
[[13], [15], [19], [10]]
3
[[13], [15], [18], [4]]
3
[[13], [15], [18, 19]]
3
[[13], [15], [18], [18]]
4
[[13], [15], [18], [11]]
3
[[13], [15], [18], [3]]
4
[[13], [15], [18], [9]]
3
[[13], [15], [18], [10]]
3
[[13], [15], [7], [19]]
3
[[13], [15], [7], [18]]
3
[[13], [3], [11], [10]]
3
[[13], [9], [9], [10]]
3
[[2], [19], [18], [3]]
3
[[2], [19], [18], [6]]
3
[[2], [18, 19], [3]]
3
[[2], [18, 19], [6]]
3
[[8], [4], [16], [10]]
3
[[8], [4], [11], [10]]
3
[[8], [19], [4], [16]]
3
[[8], [19], [4], [11]]
3
[[8], [19], [4], [10]]
3
[[8], [19], [16], [18]]
3
[[8], [19], [16], [11]]
3
[[8], [19], [16], [3]]
3
[[8], [19], [16], [10]]
3
[[8], [19], [18], [4]]
3
[[8], [19], [18], [16]]
3
[[8], [19], [18], [11]]
4
[[8], [19], [18], [3]]
4
[[8], [19], [18], [9]]
4
[[8], [19], [18], [10]]
3
[[8], [19], [13], [11]]
3
[[8], [19], [3], [16]]
3
[[8], [19], [3], [11]]
3
[[8], [19], [3], [3]]
3
[[8], [19], [3], [10]]
3
[[8], [19], [9], [4]]
3
[[8], [19], [9], [11]]
3
[[8], [19], [9], [9]]
3
[[8], [19], [10], [11]]
3
[[8], [18], [16], [18]]
3
[[8], [18], [16], [11]]
3
[[8], [18], [16], [3]]
3
[[8], [18], [16], [10]]
3
[[8], [18, 19], [16]]
3
[[8], [18, 19], [18]]
3
[[8], [18, 19], [13]]
3
[[8], [18, 19], [8]]
3
[[8], [18, 19], [11]]
3
[[8], [18, 19], [3]]
3
[[8], [18, 19], [9]]
3
[[8], [18, 19], [10]]
3
[[8], [18], [18], [11]]
3
[[8], [18], [13], [11]]
3
[[8], [18], [9], [4]]
3
[[8], [18], [9], [11]]
3
[[8], [18], [10], [11]]
3
[[8], [13], [11], [4]]
3
[[8], [13], [11], [11]]
3
[[8], [13], [11], [3]]
3
[[8], [13], [9], [4]]
3
[[8], [13], [9], [11]]
3
[[8], [13], [9], [9]]
3
[[8], [11], [4], [16]]
3
[[8], [11], [4], [11]]
3
[[8], [11], [4], [10]]
3
[[8], [11], [16], [18]]
3
[[8], [11], [16], [11]]
3
[[8], [11], [16], [3]]
3
[[8], [11], [16], [10]]
3
[[8], [11], [18], [3]]
3
[[8], [11], [11], [3]]
3
[[8], [11], [3], [16]]
3
[[8], [11], [3], [11]]
3
[[8], [11], [3], [3]]
3
[[8], [11], [3], [10]]
3
[[8], [3], [16], [11]]
3
[[8], [3], [16], [10]]
3
[[8], [9], [4], [16]]
3
[[8], [9], [4], [11]]
3
[[8], [9], [4], [10]]
3
[[8], [9], [16], [11]]
3
[[8], [9], [16], [10]]
3
[[8], [9], [19], [4]]
3
[[8], [9], [19], [13]]
3
[[8], [9], [19], [11]]
3
[[8], [9], [19], [10]]
3
[[8], [9], [18, 19]]
3
[[8], [9], [18], [18]]
3
[[8], [9], [18], [13]]
3
[[8], [9], [18], [11]]
4
[[8], [9], [18], [10]]
4
[[8], [9], [13], [11]]
3
[[8], [9], [11], [4]]
3
[[8], [9], [11], [10]]
3
[[8], [9], [3], [16]]
3
[[8], [9], [3], [11]]
3
[[8], [9], [3], [10]]
3
[[8], [9], [9], [4]]
3
[[8], [9], [9], [11]]
3
[[8], [9], [10], [11]]
3
[[11], [4], [16], [10]]
3
[[11], [4], [18], [18]]
3
[[11], [4], [18], [11]]
3
[[11], [4], [18], [10]]
3
[[11], [4], [11], [10]]
3
[[11], [4], [3], [10]]
3
[[11], [4], [17], [3]]
3
[[11], [4], [17], [10]]
3
[[11], [19], [4], [18]]
3
[[11], [19], [4], [11]]
3
[[11], [19], [4], [10]]
3
[[11], [19], [16], [18]]
3
[[11], [19], [18], [19]]
3
[[11], [19], [18], [18]]
3
[[11], [19], [18], [11]]
3
[[11], [19], [18], [3]]
4
[[11], [19], [18], [10]]
3
[[11], [19], [7], [19]]
3
[[11], [19], [7], [18]]
3
[[11], [19], [7], [3]]
3
[[11], [19], [3], [18]]
3
[[11], [19], [3], [11]]
3
[[11], [19], [3], [10]]
3
[[11], [18], [16], [18]]
3
[[11], [18, 19], [19]]
3
[[11], [18, 19], [18]]
3
[[11], [18, 19], [2]]
3
[[11], [18, 19], [7]]
3
[[11], [18, 19], [3]]
3
[[11], [18], [18], [19]]
3
[[11], [18], [18], [18]]
3
[[11], [18], [18], [11]]
3
[[11], [18], [18], [3]]
3
[[11], [18], [18], [10]]
3
[[11], [18], [7], [19]]
3
[[11], [18], [7], [18]]
3
[[11], [18], [7], [3]]
3
[[11], [13], [19], [18]]
3
[[11], [13], [19], [3]]
3
[[11], [13], [18], [3]]
3
[[11], [11], [18], [3]]
3
[[11], [15], [4], [18]]
3
[[11], [15], [4], [11]]
3
[[11], [15], [4], [10]]
3
[[11], [15], [19], [18]]
3
[[11], [15], [19], [11]]
3
[[11], [15], [19], [3]]
3
[[11], [15], [19], [10]]
3
[[11], [15], [18], [18]]
3
[[11], [15], [18], [11]]
3
[[11], [15], [18], [3]]
3
[[11], [15], [18], [10]]
3
[[11], [15], [3], [18]]
3
[[11], [15], [3], [11]]
3
[[11], [15], [3], [10]]
3
[[11], [7], [18], [3]]
3
[[11], [3], [16], [10]]
3
[[11], [3], [18], [10]]
3
[[11], [3], [11], [10]]
3
[[15], [4], [18], [18]]
3
[[15], [4], [18], [11]]
3
[[15], [4], [18], [10]]
3
[[15], [19], [16], [18]]
3
[[15], [19], [18], [11]]
3
[[15], [19], [18], [3]]
3
[[15], [19], [18], [9]]
3
[[15], [19], [18], [10]]
3
[[15], [19], [10], [11]]
3
[[15], [18], [16], [18]]
3
[[15], [18, 19], [18]]
4
[[15], [18, 19], [11]]
3
[[15], [18, 19], [3]]
3
[[15], [18, 19], [10]]
3
[[15], [18], [18], [18]]
3
[[15], [18], [18], [11]]
4
[[15], [18], [18], [3]]
3
[[15], [18], [18], [10]]
3
[[15], [18], [7], [19]]
3
[[15], [18], [7], [18]]
3
[[15], [18], [7], [3]]
3
[[15], [18], [10], [11]]
3
[[15], [13], [19], [18]]
3
[[15], [7], [19], [18]]
3
[[15], [7], [19], [11]]
3
[[15], [7], [19], [10]]
3
[[15], [7], [18, 19]]
3
[[15], [7], [18], [18]]
3
[[15], [7], [18], [11]]
3
[[15], [7], [18], [3]]
3
[[15], [7], [18], [10]]
3
[[15], [3], [18], [10]]
3
[[15], [17], [19], [18]]
3
[[7], [19], [17], [18]]
3
[[7], [19], [17], [11]]
3
[[7], [19], [17], [10]]
3
[[7], [18, 19], [18]]
3
[[7], [18, 19], [11]]
3
[[7], [18, 19], [10]]
3
[[3], [4], [11], [10]]
3
[[3], [19], [16], [11]]
3
[[3], [19], [16], [10]]
3
[[3], [19], [19], [13]]
3
[[3], [19], [19], [11]]
3
[[3], [19], [19], [17]]
3
[[3], [19], [19], [10]]
3
[[3], [19], [18], [4]]
3
[[3], [19], [18], [16]]
3
[[3], [19], [18, 19]]
3
[[3], [19], [18], [18]]
3
[[3], [19], [18], [13]]
3
[[3], [19], [18], [11]]
4
[[3], [19], [18], [3]]
3
[[3], [19], [18], [9]]
3
[[3], [19], [18], [10]]
4
[[3], [19], [13], [11]]
3
[[3], [19], [13], [17]]
3
[[3], [19], [13], [10]]
3
[[3], [19], [9], [4]]
3
[[3], [19], [9], [11]]
3
[[3], [19], [9], [9]]
3
[[3], [19], [9], [10]]
3
[[3], [19], [17], [11]]
3
[[3], [19], [17], [17]]
3
[[3], [19], [17], [10]]
3
[[3], [19], [10], [11]]
3
[[3], [18], [16], [11]]
3
[[3], [18], [16], [10]]
3
[[3], [18, 19], [13]]
3
[[3], [18, 19], [11]]
3
[[3], [18, 19], [10]]
3
[[3], [18], [18], [11]]
3
[[3], [18], [13], [11]]
3
[[3], [18], [9], [4]]
3
[[3], [18], [9], [11]]
3
[[3], [18], [10], [11]]
3
[[3], [13], [19], [18]]
3
[[3], [13], [13], [4]]
3
[[3], [13], [13], [11]]
3
[[3], [13], [13], [9]]
3
[[3], [13], [13], [10]]
3
[[3], [13], [11], [4]]
3
[[3], [13], [11], [11]]
3
[[3], [13], [11], [3]]
3
[[3], [13], [15], [18]]
3
[[3], [13], [9], [4]]
3
[[3], [13], [9], [11]]
3
[[3], [13], [9], [9]]
3
[[3], [13], [9], [10]]
3
[[3], [13], [10], [11]]
3
[[3], [8], [19], [4]]
3
[[3], [8], [19], [18]]
3
[[3], [8], [19], [11]]
3
[[3], [8], [19], [9]]
3
[[3], [8], [19], [10]]
3
[[3], [8], [18], [4]]
3
[[3], [8], [18], [11]]
3
[[3], [8], [18], [9]]
3
[[3], [8], [18], [10]]
3
[[3], [8], [13], [4]]
3
[[3], [8], [13], [11]]
3
[[3], [8], [13], [9]]
3
[[3], [8], [11], [4]]
3
[[3], [8], [9], [4]]
3
[[3], [8], [9], [18]]
3
[[3], [8], [9], [11]]
3
[[3], [8], [9], [9]]
3
[[3], [8], [9], [10]]
3
[[3], [8], [10], [4]]
3
[[3], [8], [10], [11]]
3
[[3], [11], [11], [3]]
3
[[3], [9], [18], [11]]
3
[[3], [9], [18], [10]]
3
[[3], [9], [9], [4]]
3
[[3], [9], [9], [11]]
3
[[3], [9], [9], [10]]
3
[[6], [4], [11], [3]]
3
[[6], [4], [11], [17]]
3
[[6], [4], [11], [10]]
3
[[6], [4], [3], [10]]
3
[[6], [4], [17], [3]]
3
[[6], [4], [17], [10]]
3
[[6], [11], [4], [11]]
3
[[6], [11], [4], [3]]
3
[[6], [11], [4], [17]]
3
[[6], [11], [4], [10]]
3
[[6], [11], [3], [11]]
3
[[6], [11], [3], [10]]
3
[[6], [11], [17], [11]]
3
[[6], [11], [17], [3]]
3
[[6], [11], [17], [17]]
3
[[6], [11], [17], [10]]
3
[[6], [17], [4], [11]]
3
[[6], [17], [4], [3]]
3
[[6], [17], [4], [17]]
3
[[6], [17], [4], [10]]
3
[[6], [17], [3], [11]]
3
[[6], [17], [3], [10]]
3
[[6], [17], [17], [3]]
3
[[6], [17], [17], [10]]
3
[[9], [4], [16], [10]]
3
[[9], [4], [11], [10]]
3
[[9], [19], [13], [11]]
3
[[9], [18, 19], [13]]
3
[[9], [18, 19], [11]]
3
[[9], [18, 19], [10]]
3
[[9], [18], [13], [11]]
3
[[9], [3], [16], [11]]
3
[[9], [3], [16], [10]]
3
[[17], [4], [16], [10]]
3
[[17], [4], [18], [18]]
3
[[17], [4], [18], [11]]
3
[[17], [4], [18], [10]]
3
[[17], [4], [11], [10]]
3
[[17], [4], [3], [10]]
3
[[17], [4], [17], [3]]
3
[[17], [4], [17], [10]]
3
[[17], [19], [4], [18]]
3
[[17], [19], [4], [11]]
3
[[17], [19], [4], [10]]
3
[[17], [19], [18], [18]]
3
[[17], [19], [18], [11]]
3
[[17], [19], [18], [10]]
4
[[17], [19], [3], [18]]
3
[[17], [19], [3], [11]]
3
[[17], [19], [3], [10]]
3
[[17], [19], [17], [18]]
3
[[17], [19], [17], [11]]
3
[[17], [19], [17], [10]]
3
[[17], [19], [10], [11]]
3
[[17], [14], [19], [4]]
3
[[17], [14], [19], [18]]
3
[[17], [14], [19], [11]]
3
[[17], [14], [19], [10]]
3
[[17], [14], [18], [4]]
3
[[17], [14], [18], [18]]
3
[[17], [14], [18], [11]]
3
[[17], [14], [18], [10]]
3
[[17], [18, 19], [18]]
3
[[17], [18, 19], [11]]
3
[[17], [18, 19], [10]]
3
[[17], [18], [18], [18]]
3
[[17], [18], [18], [11]]
4
[[17], [18], [18], [10]]
3
[[17], [18], [10], [11]]
3
[[17], [13], [19], [4]]
3
[[17], [13], [19], [18]]
4
[[17], [13], [19], [11]]
3
[[17], [13], [19], [3]]
3
[[17], [13], [19], [10]]
3
[[17], [13], [18], [4]]
3
[[17], [13], [18], [18]]
3
[[17], [13], [18], [11]]
3
[[17], [13], [18], [3]]
3
[[17], [13], [18], [10]]
3
[[17], [13], [15], [18]]
3
[[17], [13], [10], [11]]
3
[[17], [15], [4], [18]]
3
[[17], [15], [4], [11]]
3
[[17], [15], [4], [10]]
3
[[17], [15], [19], [4]]
3
[[17], [15], [19], [18]]
4
[[17], [15], [19], [11]]
4
[[17], [15], [19], [3]]
3
[[17], [15], [19], [10]]
4
[[17], [15], [18], [4]]
3
[[17], [15], [18, 19]]
3
[[17], [15], [18], [18]]
4
[[17], [15], [18], [11]]
4
[[17], [15], [18], [3]]
3
[[17], [15], [18], [10]]
4
[[17], [15], [13], [19]]
3
[[17], [15], [13], [18]]
3
[[17], [15], [13], [11]]
3
[[17], [15], [13], [10]]
3
[[17], [15], [7], [19]]
3
[[17], [15], [7], [18]]
3
[[17], [15], [7], [11]]
3
[[17], [15], [7], [10]]
3
[[17], [15], [3], [18]]
3
[[17], [15], [3], [11]]
3
[[17], [15], [3], [10]]
3
[[17], [15], [17], [19]]
3
[[17], [15], [17], [18]]
3
[[17], [15], [17], [11]]
3
[[17], [15], [17], [10]]
3
[[17], [15], [10], [11]]
3
[[17], [7], [19], [18]]
3
[[17], [7], [19], [11]]
3
[[17], [7], [19], [10]]
3
[[17], [7], [18, 19]]
3
[[17], [7], [18], [18]]
3
[[17], [7], [18], [11]]
3
[[17], [7], [18], [10]]
3
[[17], [3], [16], [10]]
3
[[17], [3], [14], [10]]
3
[[17], [3], [18], [10]]
3
[[17], [3], [11], [3]]
3
[[17], [3], [11], [10]]
3
[[17], [17], [19], [18]]
3
[[10], [4], [16], [10]]
3
[[10], [4], [11], [10]]
3
[[4], [4], [18, 19], [18]]
3
[[4], [4], [18, 19], [3]]
3
[[4], [4], [18], [18], [3]]
3
[[4], [4], [18], [7], [19]]
3
[[4], [4], [18], [7], [18]]
3
[[4], [4], [18], [7], [3]]
3
[[4], [4], [7], [18], [3]]
3
[[4], [19], [7], [18], [3]]
3
[[4], [18, 19], [18], [19]]
3
[[4], [18, 19], [18], [3]]
3
[[4], [18, 19], [7], [19]]
3
[[4], [18, 19], [7], [18]]
3
[[4], [18, 19], [7], [3]]
3
[[4], [18], [7], [18], [3]]
3
[[4], [11], [19], [18], [19]]
3
[[4], [11], [19], [18], [3]]
3
[[4], [11], [19], [7], [19]]
3
[[4], [11], [19], [7], [18]]
3
[[4], [11], [19], [7], [3]]
3
[[4], [11], [18, 19], [19]]
3
[[4], [11], [18, 19], [18]]
3
[[4], [11], [18, 19], [2]]
3
[[4], [11], [18, 19], [7]]
3
[[4], [11], [18, 19], [3]]
3
[[4], [11], [18], [18], [19]]
3
[[4], [11], [18], [18], [3]]
3
[[4], [11], [18], [7], [19]]
3
[[4], [11], [18], [7], [18]]
3
[[4], [11], [18], [7], [3]]
3
[[4], [11], [7], [18], [3]]
3
[[4], [15], [18, 19], [18]]
3
[[4], [15], [18, 19], [3]]
3
[[4], [15], [18], [18], [3]]
3
[[4], [15], [18], [7], [19]]
3
[[4], [15], [18], [7], [18]]
3
[[4], [15], [18], [7], [3]]
3
[[4], [15], [7], [18], [3]]
3
[[19], [4], [4], [19], [18]]
3
[[19], [4], [4], [19], [3]]
3
[[19], [4], [4], [18], [19]]
3
[[19], [4], [4], [18, 19]]
3
[[19], [4], [4], [18], [18]]
3
[[19], [4], [4], [18], [7]]
3
[[19], [4], [4], [18], [3]]
3
[[19], [4], [4], [7], [19]]
3
[[19], [4], [4], [7], [18]]
3
[[19], [4], [4], [7], [3]]
3
[[19], [4], [19], [18], [19]]
3
[[19], [4], [19], [18], [3]]
3
[[19], [4], [19], [7], [19]]
3
[[19], [4], [19], [7], [18]]
3
[[19], [4], [19], [7], [3]]
3
[[19], [4], [18, 19], [19]]
3
[[19], [4], [18, 19], [18]]
3
[[19], [4], [18, 19], [2]]
3
[[19], [4], [18, 19], [7]]
3
[[19], [4], [18, 19], [3]]
3
[[19], [4], [18], [18], [19]]
3
[[19], [4], [18], [18], [18]]
3
[[19], [4], [18], [18], [3]]
3
[[19], [4], [18], [7], [19]]
3
[[19], [4], [18], [7], [18]]
3
[[19], [4], [18], [7], [3]]
3
[[19], [4], [11], [16], [3]]
3
[[19], [4], [11], [19], [19]]
3
[[19], [4], [11], [19], [18]]
3
[[19], [4], [11], [19], [2]]
3
[[19], [4], [11], [19], [7]]
3
[[19], [4], [11], [19], [3]]
3
[[19], [4], [11], [18], [19]]
3
[[19], [4], [11], [18, 19]]
3
[[19], [4], [11], [18], [18]]
4
[[19], [4], [11], [18], [2]]
3
[[19], [4], [11], [18], [7]]
3
[[19], [4], [11], [18], [3]]
3
[[19], [4], [11], [7], [19]]
3
[[19], [4], [11], [7], [18]]
3
[[19], [4], [11], [7], [3]]
3
[[19], [4], [11], [3], [3]]
3
[[19], [4], [11], [3], [10]]
3
[[19], [4], [11], [17], [3]]
3
[[19], [4], [11], [17], [10]]
3
[[19], [4], [15], [19], [18]]
3
[[19], [4], [15], [19], [3]]
3
[[19], [4], [15], [18], [19]]
3
[[19], [4], [15], [18, 19]]
3
[[19], [4], [15], [18], [18]]
3
[[19], [4], [15], [18], [7]]
3
[[19], [4], [15], [18], [3]]
3
[[19], [4], [15], [7], [19]]
3
[[19], [4], [15], [7], [18]]
3
[[19], [4], [15], [7], [3]]
3
[[19], [4], [7], [18], [3]]
3
[[19], [4], [17], [3], [10]]
3
[[19], [19], [4], [16], [3]]
3
[[19], [19], [4], [19], [18]]
3
[[19], [19], [4], [19], [3]]
3
[[19], [19], [4], [18], [19]]
3
[[19], [19], [4], [18, 19]]
3
[[19], [19], [4], [18], [18]]
3
[[19], [19], [4], [18], [7]]
3
[[19], [19], [4], [18], [3]]
3
[[19], [19], [4], [11], [3]]
3
[[19], [19], [4], [7], [19]]
3
[[19], [19], [4], [7], [18]]
3
[[19], [19], [4], [7], [3]]
3
[[19], [19], [4], [3], [3]]
3
[[19], [19], [4], [3], [10]]
3
[[19], [19], [4], [17], [3]]
3
[[19], [19], [4], [17], [10]]
3
[[19], [19], [19], [19], [18]]
3
[[19], [19], [19], [19], [11]]
3
[[19], [19], [19], [19], [10]]
3
[[19], [19], [19], [18], [19]]
3
[[19], [19], [19], [18, 19]]
3
[[19], [19], [19], [18], [18]]
3
[[19], [19], [19], [18], [11]]
3
[[19], [19], [19], [18], [3]]
3
[[19], [19], [19], [18], [10]]
3
[[19], [19], [19], [13], [19]]
3
[[19], [19], [19], [13], [18]]
3
[[19], [19], [19], [13], [11]]
3
[[19], [19], [19], [13], [10]]
3
[[19], [19], [19], [15], [18]]
3
[[19], [19], [19], [7], [19]]
4
[[19], [19], [19], [7], [18]]
4
[[19], [19], [19], [7], [11]]
3
[[19], [19], [19], [7], [3]]
3
[[19], [19], [19], [7], [10]]
3
[[19], [19], [19], [17], [19]]
3
[[19], [19], [19], [17], [18]]
3
[[19], [19], [19], [17], [11]]
3
[[19], [19], [19], [17], [15]]
3
[[19], [19], [19], [17], [10]]
3
[[19], [19], [14], [19], [18]]
3
[[19], [19], [14], [18], [4]]
3
[[19], [19], [14], [18, 19]]
3
[[19], [19], [14], [18], [18]]
3
[[19], [19], [14], [18], [11]]
3
[[19], [19], [18], [19], [18]]
3
[[19], [19], [18], [19], [3]]
3
[[19], [19], [18, 19], [19]]
3
[[19], [19], [18, 19], [18]]
4
[[19], [19], [18, 19], [13]]
3
[[19], [19], [18, 19], [2]]
3
[[19], [19], [18, 19], [11]]
3
[[19], [19], [18, 19], [7]]
3
[[19], [19], [18, 19], [3]]
3
[[19], [19], [18, 19], [10]]
3
[[19], [19], [18], [18], [19]]
3
[[19], [19], [18], [18, 19]]
3
[[19], [19], [18], [18], [18]]
3
[[19], [19], [18], [18], [11]]
3
[[19], [19], [18], [18], [3]]
3
[[19], [19], [18], [13], [11]]
3
[[19], [19], [18], [15], [18]]
3
[[19], [19], [18], [15], [2]]
3
[[19], [19], [18], [15], [3]]
3
[[19], [19], [18], [7], [19]]
3
[[19], [19], [18], [7], [18]]
3
[[19], [19], [18], [7], [3]]
3
[[19], [19], [13], [4], [11]]
3
[[19], [19], [13], [4], [3]]
3
[[19], [19], [13], [5], [4]]
3
[[19], [19], [13], [5], [14]]
3
[[19], [19], [13], [5], [11]]
3
[[19], [19], [13], [5], [10]]
3
[[19], [19], [13], [19], [18]]
4
[[19], [19], [13], [19], [2]]
3
[[19], [19], [13], [19], [3]]
3
[[19], [19], [13], [14], [4]]
3
[[19], [19], [13], [14], [11]]
3
[[19], [19], [13], [18], [4]]
3
[[19], [19], [13], [18, 19]]
3
[[19], [19], [13], [18], [18]]
3
[[19], [19], [13], [18], [2]]
3
[[19], [19], [13], [18], [11]]
3
[[19], [19], [13], [18], [3]]
3
[[19], [19], [13], [13], [4]]
4
[[19], [19], [13], [13], [5]]
3
[[19], [19], [13], [13], [19]]
3
[[19], [19], [13], [13], [14]]
4
[[19], [19], [13], [13], [18]]
3
[[19], [19], [13], [13], [11]]
4
[[19], [19], [13], [13], [3]]
3
[[19], [19], [13], [13], [6]]
3
[[19], [19], [13], [13], [9]]
3
[[19], [19], [13], [13], [10]]
3
[[19], [19], [13], [11], [4]]
3
[[19], [19], [13], [11], [19]]
3
[[19], [19], [13], [11], [18]]
3
[[19], [19], [13], [11], [2]]
3
[[19], [19], [13], [11], [11]]
4
[[19], [19], [13], [11], [3]]
4
[[19], [19], [13], [11], [17]]
3
[[19], [19], [13], [15], [19]]
3
[[19], [19], [13], [15], [18]]
4
[[19], [19], [13], [15], [2]]
3
[[19], [19], [13], [15], [11]]
3
[[19], [19], [13], [15], [3]]
3
[[19], [19], [13], [7], [19]]
3
[[19], [19], [13], [7], [18]]
3
[[19], [19], [11], [19], [18]]
3
[[19], [19], [11], [19], [2]]
3
[[19], [19], [11], [19], [3]]
3
[[19], [19], [11], [18], [2]]
3
[[19], [19], [11], [18], [3]]
3
[[19], [19], [11], [11], [3]]
3
[[19], [19], [15], [19], [18]]
4
[[19], [19], [15], [19], [11]]
3
[[19], [19], [15], [19], [3]]
3
[[19], [19], [15], [19], [10]]
3
[[19], [19], [15], [18], [19]]
3
[[19], [19], [15], [18, 19]]
4
[[19], [19], [15], [18], [18]]
4
[[19], [19], [15], [18], [11]]
3
[[19], [19], [15], [18], [7]]
3
[[19], [19], [15], [18], [3]]
3
[[19], [19], [15], [18], [10]]
3
[[19], [19], [15], [13], [19]]
3
[[19], [19], [15], [13], [18]]
3
[[19], [19], [15], [13], [11]]
3
[[19], [19], [15], [13], [10]]
3
[[19], [19], [15], [7], [19]]
4
[[19], [19], [15], [7], [18]]
4
[[19], [19], [15], [7], [11]]
3
[[19], [19], [15], [7], [3]]
3
[[19], [19], [15], [7], [10]]
3
[[19], [19], [15], [17], [19]]
3
[[19], [19], [15], [17], [18]]
3
[[19], [19], [15], [17], [11]]
3
[[19], [19], [15], [17], [10]]
3
[[19], [19], [7], [19], [18]]
3
[[19], [19], [7], [19], [11]]
3
[[19], [19], [7], [19], [10]]
3
[[19], [19], [7], [18, 19]]
3
[[19], [19], [7], [18], [18]]
3
[[19], [19], [7], [18], [11]]
3
[[19], [19], [7], [18], [3]]
3
[[19], [19], [7], [18], [10]]
3
[[19], [19], [17], [19], [18]]
3
[[19], [19], [17], [15], [18]]
3
[[19], [14], [18, 19], [18]]
3
[[19], [18], [4], [18], [18]]
3
[[19], [18], [4], [11], [10]]
3
[[19], [18, 19], [4], [11]]
3
[[19], [18, 19], [4], [3]]
3
[[19], [18, 19], [16], [3]]
3
[[19], [18, 19], [19], [18]]
3
[[19], [18, 19], [19], [3]]
3
[[19], [18, 19], [14], [4]]
3
[[19], [18, 19], [14], [11]]
3
[[19], [18, 19], [18], [4]]
3
[[19], [18, 19], [18], [19]]
3
[[19], [18, 19], [18, 19]]
3
[[19], [18, 19], [18], [18]]
3
[[19], [18, 19], [18], [11]]
4
[[19], [18, 19], [18], [3]]
3
[[19], [18, 19], [13], [4]]
4
[[19], [18, 19], [13], [19]]
3
[[19], [18, 19], [13], [14]]
4
[[19], [18, 19], [13], [18]]
3
[[19], [18, 19], [13], [2]]
3
[[19], [18, 19], [13], [11]]
5
[[19], [18, 19], [13], [3]]
4
[[19], [18, 19], [13], [9]]
3
[[19], [18, 19], [13], [17]]
3
[[19], [18, 19], [13], [0]]
3
[[19], [18, 19], [13], [10]]
3
[[19], [18, 19], [11], [11]]
3
[[19], [18, 19], [11], [3]]
3
[[19], [18, 19], [15], [18]]
3
[[19], [18, 19], [15], [2]]
3
[[19], [18, 19], [15], [3]]
3
[[19], [18, 19], [7], [19]]
3
[[19], [18, 19], [7], [18]]
3
[[19], [18, 19], [7], [3]]
3
[[19], [18, 19], [3], [0]]
3
[[19], [18, 19], [17], [11]]
3
[[19], [18, 19], [17], [3]]
3
[[19], [18, 19], [17], [17]]
3
[[19], [18, 19], [17], [10]]
3
[[19], [18], [18], [19], [18]]
3
[[19], [18], [18], [19], [3]]
3
[[19], [18], [18, 19], [18]]
3
[[19], [18], [18, 19], [3]]
3
[[19], [18], [18], [18], [18]]
3
[[19], [18], [18], [18], [3]]
3
[[19], [18], [18], [11], [18]]
3
[[19], [18], [13], [4], [11]]
3
[[19], [18], [13], [4], [3]]
3
[[19], [18], [13], [19], [18]]
3
[[19], [18], [13], [19], [3]]
3
[[19], [18], [13], [14], [4]]
3
[[19], [18], [13], [14], [11]]
3
[[19], [18], [13], [18], [3]]
3
[[19], [18], [13], [11], [11]]
3
[[19], [18], [13], [11], [3]]
3
[[19], [18], [11], [11], [3]]
3
[[19], [18], [15], [18], [3]]
3
[[19], [18], [7], [18], [3]]
3
[[19], [18], [3], [4], [11]]
3
[[19], [18], [3], [4], [10]]
3
[[19], [18], [3], [11], [10]]
3
[[19], [13], [19], [18], [3]]
3
[[19], [13], [19], [7], [19]]
3
[[19], [13], [19], [7], [18]]
3
[[19], [13], [14], [19], [18]]
3
[[19], [13], [14], [18], [4]]
3
[[19], [13], [14], [18, 19]]
3
[[19], [13], [14], [18], [18]]
3
[[19], [13], [14], [18], [11]]
3
[[19], [13], [18, 19], [18]]
3
[[19], [13], [13], [4], [11]]
3
[[19], [13], [13], [4], [3]]
3
[[19], [13], [13], [5], [4]]
3
[[19], [13], [13], [5], [14]]
3
[[19], [13], [13], [5], [11]]
3
[[19], [13], [13], [5], [10]]
3
[[19], [13], [13], [19], [18]]
3
[[19], [13], [13], [14], [4]]
3
[[19], [13], [13], [14], [11]]
3
[[19], [13], [13], [18], [4]]
3
[[19], [13], [13], [18, 19]]
3
[[19], [13], [13], [18], [18]]
3
[[19], [13], [13], [18], [11]]
3
[[19], [13], [13], [15], [19]]
3
[[19], [13], [13], [15], [18]]
3
[[19], [13], [13], [15], [11]]
3
[[19], [13], [13], [7], [19]]
3
[[19], [13], [13], [7], [18]]
3
[[19], [13], [11], [19], [18]]
3
[[19], [13], [11], [19], [2]]
3
[[19], [13], [11], [19], [3]]
3
[[19], [13], [11], [18], [2]]
3
[[19], [13], [11], [18], [3]]
3
[[19], [13], [11], [11], [3]]
3
[[19], [13], [15], [19], [18]]
3
[[19], [13], [15], [18, 19]]
3
[[19], [13], [15], [18], [18]]
3
[[19], [13], [15], [18], [3]]
3
[[19], [13], [15], [7], [19]]
3
[[19], [13], [15], [7], [18]]
3
[[19], [11], [4], [3], [10]]
3
[[19], [11], [4], [17], [3]]
3
[[19], [11], [4], [17], [10]]
3
[[19], [11], [19], [18], [19]]
3
[[19], [11], [19], [18], [3]]
3
[[19], [11], [19], [7], [19]]
3
[[19], [11], [19], [7], [18]]
3
[[19], [11], [19], [7], [3]]
3
[[19], [11], [18, 19], [19]]
3
[[19], [11], [18, 19], [18]]
3
[[19], [11], [18, 19], [2]]
3
[[19], [11], [18, 19], [7]]
3
[[19], [11], [18, 19], [3]]
3
[[19], [11], [18], [18], [19]]
3
[[19], [11], [18], [18], [3]]
3
[[19], [11], [18], [7], [19]]
3
[[19], [11], [18], [7], [18]]
3
[[19], [11], [18], [7], [3]]
3
[[19], [11], [7], [18], [3]]
3
[[19], [15], [18, 19], [18]]
4
[[19], [15], [18, 19], [11]]
3
[[19], [15], [18, 19], [3]]
3
[[19], [15], [18, 19], [10]]
3
[[19], [15], [18], [18], [11]]
3
[[19], [15], [18], [18], [3]]
3
[[19], [15], [18], [7], [19]]
3
[[19], [15], [18], [7], [18]]
3
[[19], [15], [18], [7], [3]]
3
[[19], [15], [13], [19], [18]]
3
[[19], [15], [7], [19], [18]]
3
[[19], [15], [7], [19], [11]]
3
[[19], [15], [7], [19], [10]]
3
[[19], [15], [7], [18, 19]]
3
[[19], [15], [7], [18], [18]]
3
[[19], [15], [7], [18], [11]]
3
[[19], [15], [7], [18], [3]]
3
[[19], [15], [7], [18], [10]]
3
[[19], [15], [17], [19], [18]]
3
[[19], [7], [19], [17], [18]]
3
[[19], [7], [19], [17], [11]]
3
[[19], [7], [19], [17], [10]]
3
[[19], [7], [18, 19], [18]]
3
[[19], [7], [18, 19], [11]]
3
[[19], [7], [18, 19], [10]]
3
[[19], [3], [4], [11], [10]]
3
[[19], [6], [4], [11], [10]]
3
[[19], [6], [4], [3], [10]]
3
[[19], [6], [4], [17], [3]]
3
[[19], [6], [4], [17], [10]]
3
[[19], [6], [17], [4], [11]]
3
[[19], [6], [17], [4], [3]]
3
[[19], [6], [17], [4], [17]]
3
[[19], [6], [17], [4], [10]]
3
[[19], [6], [17], [3], [11]]
3
[[19], [6], [17], [3], [10]]
3
[[19], [6], [17], [17], [3]]
3
[[19], [6], [17], [17], [10]]
3
[[19], [9], [4], [16], [10]]
3
[[19], [9], [4], [11], [10]]
3
[[19], [9], [3], [16], [10]]
3
[[19], [17], [4], [3], [10]]
3
[[19], [17], [4], [17], [3]]
3
[[19], [17], [4], [17], [10]]
3
[[19], [17], [19], [18], [10]]
3
[[19], [17], [19], [17], [18]]
3
[[19], [17], [19], [17], [11]]
3
[[19], [17], [19], [17], [10]]
3
[[19], [17], [18, 19], [18]]
3
[[19], [17], [18, 19], [11]]
3
[[19], [17], [18, 19], [10]]
3
[[19], [17], [18], [18], [11]]
3
[[19], [17], [13], [19], [18]]
3
[[19], [17], [15], [19], [18]]
3
[[19], [17], [15], [19], [11]]
3
[[19], [17], [15], [19], [10]]
3
[[19], [17], [15], [18, 19]]
3
[[19], [17], [15], [18], [18]]
3
[[19], [17], [15], [18], [11]]
3
[[19], [17], [15], [18], [10]]
3
[[19], [17], [15], [13], [19]]
3
[[19], [17], [15], [13], [18]]
3
[[19], [17], [15], [13], [11]]
3
[[19], [17], [15], [13], [10]]
3
[[19], [17], [15], [7], [19]]
3
[[19], [17], [15], [7], [18]]
3
[[19], [17], [15], [7], [11]]
3
[[19], [17], [15], [7], [10]]
3
[[19], [17], [15], [17], [19]]
3
[[19], [17], [15], [17], [18]]
3
[[19], [17], [15], [17], [11]]
3
[[19], [17], [15], [17], [10]]
3
[[19], [17], [7], [19], [18]]
3
[[19], [17], [7], [19], [11]]
3
[[19], [17], [7], [19], [10]]
3
[[19], [17], [7], [18, 19]]
3
[[19], [17], [7], [18], [18]]
3
[[19], [17], [7], [18], [11]]
3
[[19], [17], [7], [18], [10]]
3
[[19], [17], [17], [19], [18]]
3
[[14], [15], [19], [18], [9]]
3
[[18], [4], [11], [18], [18]]
3
[[18], [19], [4], [18], [18]]
3
[[18], [19], [19], [18], [3]]
3
[[18], [19], [18], [4], [18]]
3
[[18], [19], [18], [4], [11]]
3
[[18], [19], [18], [18], [18]]
3
[[18], [19], [13], [19], [18]]
3
[[18], [19], [13], [19], [2]]
3
[[18], [19], [13], [19], [3]]
3
[[18], [19], [13], [18], [2]]
3
[[18], [19], [13], [18], [3]]
3
[[18], [19], [13], [11], [19]]
3
[[18], [19], [13], [11], [18]]
3
[[18], [19], [13], [11], [2]]
3
[[18], [19], [13], [11], [11]]
3
[[18], [19], [13], [11], [3]]
3
[[18], [19], [13], [15], [18]]
3
[[18], [19], [13], [15], [2]]
3
[[18], [19], [13], [15], [3]]
3
[[18], [19], [11], [19], [18]]
3
[[18], [19], [11], [19], [2]]
3
[[18], [19], [11], [19], [3]]
3
[[18], [19], [11], [18], [18]]
3
[[18], [19], [11], [18], [2]]
3
[[18], [19], [11], [18], [3]]
3
[[18], [19], [15], [18], [3]]
3
[[18, 19], [4], [11], [3]]
3
[[18, 19], [19], [19], [18]]
3
[[18, 19], [19], [19], [2]]
3
[[18, 19], [19], [19], [3]]
3
[[18, 19], [19], [18], [2]]
3
[[18, 19], [19], [18], [3]]
3
[[18, 19], [19], [13], [19]]
3
[[18, 19], [19], [13], [18]]
3
[[18, 19], [19], [13], [2]]
3
[[18, 19], [19], [13], [11]]
3
[[18, 19], [19], [13], [15]]
3
[[18, 19], [19], [13], [3]]
3
[[18, 19], [19], [11], [19]]
3
[[18, 19], [19], [11], [18]]
3
[[18, 19], [19], [11], [2]]
3
[[18, 19], [19], [11], [11]]
3
[[18, 19], [19], [11], [3]]
3
[[18, 19], [19], [15], [18]]
3
[[18, 19], [19], [15], [2]]
3
[[18, 19], [19], [15], [3]]
3
[[18, 19], [18], [19], [18]]
3
[[18, 19], [18], [19], [3]]
3
[[18, 19], [18, 19], [19]]
3
[[18, 19], [18, 19], [18]]
3
[[18, 19], [18, 19], [13]]
3
[[18, 19], [18, 19], [2]]
3
[[18, 19], [18, 19], [11]]
3
[[18, 19], [18, 19], [15]]
3
[[18, 19], [18, 19], [3]]
3
[[18, 19], [18], [14], [4]]
3
[[18, 19], [18], [14], [11]]
3
[[18, 19], [18], [18], [3]]
3
[[18, 19], [18], [13], [19]]
3
[[18, 19], [18], [13], [18]]
3
[[18, 19], [18], [13], [2]]
3
[[18, 19], [18], [13], [11]]
3
[[18, 19], [18], [13], [3]]
3
[[18, 19], [18], [15], [18]]
3
[[18, 19], [18], [15], [2]]
3
[[18, 19], [18], [15], [3]]
3
[[18, 19], [13], [4], [11]]
3
[[18, 19], [13], [4], [3]]
3
[[18, 19], [13], [19], [18]]
3
[[18, 19], [13], [19], [2]]
3
[[18, 19], [13], [19], [3]]
3
[[18, 19], [13], [14], [4]]
3
[[18, 19], [13], [14], [11]]
3
[[18, 19], [13], [18], [2]]
3
[[18, 19], [13], [18], [3]]
3
[[18, 19], [13], [13], [4]]
3
[[18, 19], [13], [13], [14]]
3
[[18, 19], [13], [13], [11]]
3
[[18, 19], [13], [13], [3]]
3
[[18, 19], [13], [13], [6]]
3
[[18, 19], [13], [11], [4]]
3
[[18, 19], [13], [11], [19]]
3
[[18, 19], [13], [11], [18]]
3
[[18, 19], [13], [11], [2]]
3
[[18, 19], [13], [11], [11]]
4
[[18, 19], [13], [11], [3]]
4
[[18, 19], [13], [11], [17]]
3
[[18, 19], [13], [15], [18]]
3
[[18, 19], [13], [15], [2]]
3
[[18, 19], [13], [15], [3]]
3
[[18, 19], [11], [19], [18]]
3
[[18, 19], [11], [19], [2]]
3
[[18, 19], [11], [19], [3]]
3
[[18, 19], [11], [18], [2]]
3
[[18, 19], [11], [18], [3]]
3
[[18, 19], [11], [11], [3]]
3
[[18, 19], [15], [18], [3]]
3
[[18, 19], [7], [18], [3]]
3
[[18], [14], [18], [4], [18]]
3
[[18], [14], [18], [4], [11]]
3
[[18], [18], [4], [18], [18]]
3
[[18], [18, 19], [19], [18]]
3
[[18], [18, 19], [19], [3]]
3
[[18], [18, 19], [18], [3]]
3
[[18], [18, 19], [13], [19]]
3
[[18], [18, 19], [13], [18]]
3
[[18], [18, 19], [13], [2]]
3
[[18], [18, 19], [13], [11]]
3
[[18], [18, 19], [13], [3]]
3
[[18], [18, 19], [15], [18]]
3
[[18], [18, 19], [15], [2]]
3
[[18], [18, 19], [15], [3]]
3
[[18], [18], [18], [18], [18]]
3
[[18], [18], [13], [19], [18]]
3
[[18], [18], [13], [19], [3]]
3
[[18], [18], [13], [18], [3]]
3
[[18], [18], [15], [18], [3]]
3
[[18], [13], [4], [18], [18]]
3
[[18], [13], [4], [11], [10]]
3
[[18], [13], [19], [18], [3]]
4
[[18], [13], [18], [4], [18]]
3
[[18], [13], [18], [4], [11]]
3
[[18], [13], [18], [18], [18]]
3
[[18], [13], [13], [4], [16]]
3
[[18], [13], [13], [4], [18]]
3
[[18], [13], [13], [4], [11]]
4
[[18], [13], [13], [4], [3]]
3
[[18], [13], [13], [4], [10]]
3
[[18], [13], [13], [19], [18]]
3
[[18], [13], [13], [19], [3]]
3
[[18], [13], [13], [18], [4]]
3
[[18], [13], [13], [18], [18]]
3
[[18], [13], [13], [18], [11]]
3
[[18], [13], [13], [18], [3]]
3
[[18], [13], [13], [11], [10]]
3
[[18], [13], [13], [15], [19]]
3
[[18], [13], [13], [15], [18]]
3
[[18], [13], [13], [15], [11]]
3
[[18], [13], [13], [15], [3]]
3
[[18], [13], [13], [3], [11]]
3
[[18], [13], [13], [3], [10]]
3
[[18], [13], [11], [4], [11]]
3
[[18], [13], [11], [4], [10]]
3
[[18], [13], [11], [19], [18]]
4
[[18], [13], [11], [19], [2]]
3
[[18], [13], [11], [19], [3]]
4
[[18], [13], [11], [18], [18]]
3
[[18], [13], [11], [18], [2]]
3
[[18], [13], [11], [18], [3]]
4
[[18], [13], [11], [11], [18]]
3
[[18], [13], [11], [11], [3]]
3
[[18], [13], [11], [11], [10]]
3
[[18], [13], [11], [15], [18]]
3
[[18], [13], [11], [15], [3]]
3
[[18], [13], [11], [3], [11]]
3
[[18], [13], [11], [3], [10]]
3
[[18], [13], [15], [19], [18]]
3
[[18], [13], [15], [19], [3]]
3
[[18], [13], [15], [18], [18]]
3
[[18], [13], [15], [18], [3]]
4
[[18], [13], [3], [11], [10]]
3
[[18], [11], [4], [11], [10]]
3
[[18], [11], [19], [18], [3]]
4
[[18], [11], [11], [18], [3]]
3
[[18], [11], [15], [18], [3]]
3
[[18], [11], [3], [11], [10]]
3
[[18], [3], [4], [11], [10]]
3
[[13], [19], [18], [18], [11]]
3
[[13], [14], [18, 19], [18]]
3
[[13], [18], [4], [18], [18]]
3
[[13], [13], [4], [18], [18]]
3
[[13], [13], [4], [11], [10]]
3
[[13], [13], [19], [18], [4]]
3
[[13], [13], [19], [18], [11]]
3
[[13], [13], [19], [18], [3]]
3
[[13], [13], [19], [18], [9]]
3
[[13], [13], [18], [4], [18]]
3
[[13], [13], [18], [4], [11]]
3
[[13], [13], [18, 19], [18]]
3
[[13], [13], [18], [18], [18]]
3
[[13], [13], [18], [18], [11]]
3
[[13], [13], [15], [19], [4]]
3
[[13], [13], [15], [19], [18]]
4
[[13], [13], [15], [19], [11]]
3
[[13], [13], [15], [19], [3]]
3
[[13], [13], [15], [19], [9]]
3
[[13], [13], [15], [19], [10]]
3
[[13], [13], [15], [18], [4]]
3
[[13], [13], [15], [18, 19]]
3
[[13], [13], [15], [18], [18]]
4
[[13], [13], [15], [18], [11]]
3
[[13], [13], [15], [18], [3]]
3
[[13], [13], [15], [18], [9]]
3
[[13], [13], [15], [18], [10]]
3
[[13], [13], [3], [11], [10]]
3
[[13], [13], [9], [9], [10]]
3
[[13], [11], [4], [11], [10]]
3
[[13], [11], [19], [18], [3]]
4
[[13], [11], [15], [18], [3]]
3
[[13], [11], [3], [11], [10]]
3
[[13], [15], [19], [18], [9]]
3
[[13], [15], [18, 19], [18]]
3
[[13], [15], [18], [18], [11]]
3
[[8], [19], [4], [16], [10]]
3
[[8], [19], [18], [16], [11]]
3
[[8], [19], [18], [16], [10]]
3
[[8], [19], [18], [9], [4]]
3
[[8], [19], [18], [9], [11]]
3
[[8], [19], [3], [16], [11]]
3
[[8], [19], [3], [16], [10]]
3
[[8], [18, 19], [16], [3]]
3
[[8], [18, 19], [13], [11]]
3
[[8], [11], [4], [16], [10]]
3
[[8], [11], [3], [16], [10]]
3
[[8], [9], [4], [16], [10]]
3
[[8], [9], [4], [11], [10]]
3
[[8], [9], [19], [13], [11]]
3
[[8], [9], [18, 19], [13]]
3
[[8], [9], [18, 19], [11]]
3
[[8], [9], [18, 19], [10]]
3
[[8], [9], [18], [13], [11]]
3
[[8], [9], [3], [16], [11]]
3
[[8], [9], [3], [16], [10]]
3
[[11], [4], [18], [18], [18]]
3
[[11], [19], [4], [18], [18]]
3
[[11], [19], [4], [18], [11]]
3
[[11], [19], [4], [18], [10]]
3
[[11], [19], [18], [18], [18]]
3
[[11], [19], [18], [18], [11]]
3
[[11], [19], [18], [18], [10]]
3
[[11], [19], [7], [18], [3]]
3
[[11], [19], [3], [18], [10]]
3
[[11], [18, 19], [18], [19]]
3
[[11], [18, 19], [18], [3]]
3
[[11], [18, 19], [7], [19]]
3
[[11], [18, 19], [7], [18]]
3
[[11], [18, 19], [7], [3]]
3
[[11], [18], [7], [18], [3]]
3
[[11], [15], [4], [18], [18]]
3
[[11], [15], [4], [18], [11]]
3
[[11], [15], [4], [18], [10]]
3
[[11], [15], [19], [18], [10]]
3
[[11], [15], [18], [18], [18]]
3
[[11], [15], [18], [18], [11]]
3
[[11], [15], [18], [18], [10]]
3
[[11], [15], [3], [18], [10]]
3
[[15], [4], [18], [18], [18]]
3
[[15], [18], [7], [18], [3]]
3
[[15], [7], [18, 19], [18]]
3
[[15], [7], [18, 19], [11]]
3
[[15], [7], [18, 19], [10]]
3
[[3], [19], [19], [13], [11]]
3
[[3], [19], [19], [13], [10]]
3
[[3], [19], [19], [17], [11]]
3
[[3], [19], [19], [17], [10]]
3
[[3], [19], [18], [16], [11]]
3
[[3], [19], [18], [16], [10]]
3
[[3], [19], [18, 19], [13]]
3
[[3], [19], [18, 19], [11]]
3
[[3], [19], [18, 19], [10]]
3
[[3], [19], [18], [13], [11]]
3
[[3], [19], [18], [9], [4]]
3
[[3], [19], [18], [9], [11]]
3
[[3], [19], [18], [10], [11]]
3
[[3], [19], [9], [9], [10]]
3
[[3], [18, 19], [13], [11]]
3
[[3], [13], [13], [9], [4]]
3
[[3], [13], [13], [9], [11]]
3
[[3], [13], [13], [9], [9]]
3
[[3], [13], [13], [9], [10]]
3
[[3], [13], [9], [9], [10]]
3
[[3], [8], [19], [18], [4]]
3
[[3], [8], [19], [18], [11]]
3
[[3], [8], [19], [18], [9]]
3
[[3], [8], [19], [9], [4]]
3
[[3], [8], [19], [9], [11]]
3
[[3], [8], [19], [9], [9]]
3
[[3], [8], [18], [9], [4]]
3
[[3], [8], [18], [9], [11]]
3
[[3], [8], [13], [11], [4]]
3
[[3], [8], [13], [9], [4]]
3
[[3], [8], [13], [9], [11]]
3
[[3], [8], [13], [9], [9]]
3
[[3], [8], [9], [18], [11]]
3
[[3], [8], [9], [18], [10]]
3
[[3], [8], [9], [9], [4]]
3
[[3], [8], [9], [9], [11]]
3
[[6], [4], [11], [3], [10]]
3
[[6], [4], [11], [17], [3]]
3
[[6], [4], [11], [17], [10]]
3
[[6], [4], [17], [3], [10]]
3
[[6], [11], [4], [3], [10]]
3
[[6], [11], [4], [17], [3]]
3
[[6], [11], [4], [17], [10]]
3
[[6], [17], [4], [3], [10]]
3
[[6], [17], [4], [17], [3]]
3
[[6], [17], [4], [17], [10]]
3
[[9], [18, 19], [13], [11]]
3
[[17], [4], [18], [18], [18]]
3
[[17], [19], [4], [18], [10]]
3
[[17], [19], [18], [18], [11]]
3
[[17], [19], [18], [10], [11]]
3
[[17], [19], [3], [18], [10]]
3
[[17], [13], [18], [18], [11]]
3
[[17], [15], [4], [18], [18]]
3
[[17], [15], [4], [18], [11]]
3
[[17], [15], [4], [18], [10]]
3
[[17], [15], [19], [18], [11]]
3
[[17], [15], [19], [18], [10]]
3
[[17], [15], [19], [10], [11]]
3
[[17], [15], [18, 19], [18]]
3
[[17], [15], [18, 19], [11]]
3
[[17], [15], [18, 19], [10]]
3
[[17], [15], [18], [18], [18]]
3
[[17], [15], [18], [18], [11]]
4
[[17], [15], [18], [18], [10]]
3
[[17], [15], [18], [10], [11]]
3
[[17], [15], [13], [19], [18]]
3
[[17], [15], [7], [19], [18]]
3
[[17], [15], [7], [19], [11]]
3
[[17], [15], [7], [19], [10]]
3
[[17], [15], [7], [18, 19]]
3
[[17], [15], [7], [18], [18]]
3
[[17], [15], [7], [18], [11]]
3
[[17], [15], [7], [18], [10]]
3
[[17], [15], [3], [18], [10]]
3
[[17], [15], [17], [19], [18]]
3
[[17], [7], [18, 19], [18]]
3
[[17], [7], [18, 19], [11]]
3
[[17], [7], [18, 19], [10]]
3
[[4], [4], [18], [7], [18], [3]]
3
[[4], [18, 19], [7], [18], [3]]
3
[[4], [11], [19], [7], [18], [3]]
3
[[4], [11], [18, 19], [18], [19]]
3
[[4], [11], [18, 19], [18], [3]]
3
[[4], [11], [18, 19], [7], [19]]
3
[[4], [11], [18, 19], [7], [18]]
3
[[4], [11], [18, 19], [7], [3]]
3
[[4], [11], [18], [7], [18], [3]]
3
[[4], [15], [18], [7], [18], [3]]
3
[[19], [4], [4], [18, 19], [18]]
3
[[19], [4], [4], [18, 19], [3]]
3
[[19], [4], [4], [18], [18], [3]]
3
[[19], [4], [4], [18], [7], [19]]
3
[[19], [4], [4], [18], [7], [18]]
3
[[19], [4], [4], [18], [7], [3]]
3
[[19], [4], [4], [7], [18], [3]]
3
[[19], [4], [19], [7], [18], [3]]
3
[[19], [4], [18, 19], [18], [19]]
3
[[19], [4], [18, 19], [18], [3]]
3
[[19], [4], [18, 19], [7], [19]]
3
[[19], [4], [18, 19], [7], [18]]
3
[[19], [4], [18, 19], [7], [3]]
3
[[19], [4], [18], [7], [18], [3]]
3
[[19], [4], [11], [19], [18], [19]]
3
[[19], [4], [11], [19], [18], [3]]
3
[[19], [4], [11], [19], [7], [19]]
3
[[19], [4], [11], [19], [7], [18]]
3
[[19], [4], [11], [19], [7], [3]]
3
[[19], [4], [11], [18, 19], [19]]
3
[[19], [4], [11], [18, 19], [18]]
3
[[19], [4], [11], [18, 19], [2]]
3
[[19], [4], [11], [18, 19], [7]]
3
[[19], [4], [11], [18, 19], [3]]
3
[[19], [4], [11], [18], [18], [19]]
3
[[19], [4], [11], [18], [18], [3]]
3
[[19], [4], [11], [18], [7], [19]]
3
[[19], [4], [11], [18], [7], [18]]
3
[[19], [4], [11], [18], [7], [3]]
3
[[19], [4], [11], [7], [18], [3]]
3
[[19], [4], [15], [18, 19], [18]]
3
[[19], [4], [15], [18, 19], [3]]
3
[[19], [4], [15], [18], [18], [3]]
3
[[19], [4], [15], [18], [7], [19]]
3
[[19], [4], [15], [18], [7], [18]]
3
[[19], [4], [15], [18], [7], [3]]
3
[[19], [4], [15], [7], [18], [3]]
3
[[19], [19], [4], [18, 19], [18]]
3
[[19], [19], [4], [18, 19], [3]]
3
[[19], [19], [4], [18], [18], [3]]
3
[[19], [19], [4], [18], [7], [19]]
3
[[19], [19], [4], [18], [7], [18]]
3
[[19], [19], [4], [18], [7], [3]]
3
[[19], [19], [4], [7], [18], [3]]
3
[[19], [19], [19], [18, 19], [18]]
3
[[19], [19], [19], [18, 19], [11]]
3
[[19], [19], [19], [18, 19], [10]]
3
[[19], [19], [19], [18], [18], [11]]
3
[[19], [19], [19], [13], [19], [18]]
3
[[19], [19], [19], [7], [19], [18]]
3
[[19], [19], [19], [7], [19], [11]]
3
[[19], [19], [19], [7], [19], [10]]
3
[[19], [19], [19], [7], [18, 19]]
3
[[19], [19], [19], [7], [18], [18]]
3
[[19], [19], [19], [7], [18], [11]]
3
[[19], [19], [19], [7], [18], [3]]
3
[[19], [19], [19], [7], [18], [10]]
3
[[19], [19], [19], [17], [19], [18]]
3
[[19], [19], [19], [17], [15], [18]]
3
[[19], [19], [14], [18, 19], [18]]
3
[[19], [19], [18, 19], [18], [19]]
3
[[19], [19], [18, 19], [18], [11]]
3
[[19], [19], [18, 19], [18], [3]]
3
[[19], [19], [18, 19], [13], [11]]
3
[[19], [19], [18, 19], [7], [19]]
3
[[19], [19], [18, 19], [7], [18]]
3
[[19], [19], [18, 19], [7], [3]]
3
[[19], [19], [18], [18, 19], [18]]
3
[[19], [19], [18], [18, 19], [3]]
3
[[19], [19], [18], [18], [18], [3]]
3
[[19], [19], [18], [15], [18], [3]]
3
[[19], [19], [18], [7], [18], [3]]
3
[[19], [19], [13], [19], [18], [3]]
3
[[19], [19], [13], [18, 19], [18]]
3
[[19], [19], [13], [13], [4], [11]]
3
[[19], [19], [13], [13], [4], [3]]
3
[[19], [19], [13], [13], [5], [4]]
3
[[19], [19], [13], [13], [5], [14]]
3
[[19], [19], [13], [13], [5], [11]]
3
[[19], [19], [13], [13], [5], [10]]
3
[[19], [19], [13], [13], [19], [18]]
3
[[19], [19], [13], [13], [14], [4]]
3
[[19], [19], [13], [13], [14], [11]]
3
[[19], [19], [13], [13], [18], [4]]
3
[[19], [19], [13], [13], [18, 19]]
3
[[19], [19], [13], [13], [18], [18]]
3
[[19], [19], [13], [13], [18], [11]]
3
[[19], [19], [13], [11], [19], [18]]
3
[[19], [19], [13], [11], [19], [2]]
3
[[19], [19], [13], [11], [19], [3]]
3
[[19], [19], [13], [11], [18], [2]]
3
[[19], [19], [13], [11], [18], [3]]
3
[[19], [19], [13], [11], [11], [3]]
3
[[19], [19], [13], [15], [19], [18]]
3
[[19], [19], [13], [15], [18, 19]]
3
[[19], [19], [13], [15], [18], [18]]
3
[[19], [19], [13], [15], [18], [3]]
3
[[19], [19], [11], [19], [18], [3]]
3
[[19], [19], [15], [18, 19], [18]]
4
[[19], [19], [15], [18, 19], [11]]
3
[[19], [19], [15], [18, 19], [3]]
3
[[19], [19], [15], [18, 19], [10]]
3
[[19], [19], [15], [18], [18], [11]]
3
[[19], [19], [15], [18], [18], [3]]
3
[[19], [19], [15], [18], [7], [19]]
3
[[19], [19], [15], [18], [7], [18]]
3
[[19], [19], [15], [18], [7], [3]]
3
[[19], [19], [15], [13], [19], [18]]
3
[[19], [19], [15], [7], [19], [18]]
3
[[19], [19], [15], [7], [19], [11]]
3
[[19], [19], [15], [7], [19], [10]]
3
[[19], [19], [15], [7], [18, 19]]
3
[[19], [19], [15], [7], [18], [18]]
3
[[19], [19], [15], [7], [18], [11]]
3
[[19], [19], [15], [7], [18], [3]]
3
[[19], [19], [15], [7], [18], [10]]
3
[[19], [19], [15], [17], [19], [18]]
3
[[19], [19], [7], [18, 19], [18]]
3
[[19], [19], [7], [18, 19], [11]]
3
[[19], [19], [7], [18, 19], [10]]
3
[[19], [18, 19], [18], [19], [18]]
3
[[19], [18, 19], [18], [19], [3]]
3
[[19], [18, 19], [18, 19], [18]]
3
[[19], [18, 19], [18, 19], [3]]
3
[[19], [18, 19], [18], [18], [3]]
3
[[19], [18, 19], [13], [4], [11]]
3
[[19], [18, 19], [13], [4], [3]]
3
[[19], [18, 19], [13], [19], [18]]
3
[[19], [18, 19], [13], [19], [3]]
3
[[19], [18, 19], [13], [14], [4]]
3
[[19], [18, 19], [13], [14], [11]]
3
[[19], [18, 19], [13], [18], [3]]
3
[[19], [18, 19], [13], [11], [11]]
3
[[19], [18, 19], [13], [11], [3]]
3
[[19], [18, 19], [11], [11], [3]]
3
[[19], [18, 19], [15], [18], [3]]
3
[[19], [18, 19], [7], [18], [3]]
3
[[19], [18], [13], [11], [11], [3]]
3
[[19], [18], [3], [4], [11], [10]]
3
[[19], [13], [14], [18, 19], [18]]
3
[[19], [13], [13], [18, 19], [18]]
3
[[19], [13], [13], [15], [19], [18]]
3
[[19], [13], [13], [15], [18, 19]]
3
[[19], [13], [13], [15], [18], [18]]
3
[[19], [13], [11], [19], [18], [3]]
3
[[19], [13], [15], [18, 19], [18]]
3
[[19], [11], [19], [7], [18], [3]]
3
[[19], [11], [18, 19], [18], [19]]
3
[[19], [11], [18, 19], [18], [3]]
3
[[19], [11], [18, 19], [7], [19]]
3
[[19], [11], [18, 19], [7], [18]]
3
[[19], [11], [18, 19], [7], [3]]
3
[[19], [11], [18], [7], [18], [3]]
3
[[19], [15], [18], [7], [18], [3]]
3
[[19], [15], [7], [18, 19], [18]]
3
[[19], [15], [7], [18, 19], [11]]
3
[[19], [15], [7], [18, 19], [10]]
3
[[19], [6], [4], [17], [3], [10]]
3
[[19], [6], [17], [4], [3], [10]]
3
[[19], [6], [17], [4], [17], [3]]
3
[[19], [6], [17], [4], [17], [10]]
3
[[19], [17], [15], [18, 19], [18]]
3
[[19], [17], [15], [18, 19], [11]]
3
[[19], [17], [15], [18, 19], [10]]
3
[[19], [17], [15], [18], [18], [11]]
3
[[19], [17], [15], [13], [19], [18]]
3
[[19], [17], [15], [7], [19], [18]]
3
[[19], [17], [15], [7], [19], [11]]
3
[[19], [17], [15], [7], [19], [10]]
3
[[19], [17], [15], [7], [18, 19]]
3
[[19], [17], [15], [7], [18], [18]]
3
[[19], [17], [15], [7], [18], [11]]
3
[[19], [17], [15], [7], [18], [10]]
3
[[19], [17], [15], [17], [19], [18]]
3
[[19], [17], [7], [18, 19], [18]]
3
[[19], [17], [7], [18, 19], [11]]
3
[[19], [17], [7], [18, 19], [10]]
3
[[18], [19], [18], [4], [18], [18]]
3
[[18], [19], [13], [19], [18], [3]]
3
[[18], [19], [13], [11], [19], [18]]
3
[[18], [19], [13], [11], [19], [2]]
3
[[18], [19], [13], [11], [19], [3]]
3
[[18], [19], [13], [11], [18], [2]]
3
[[18], [19], [13], [11], [18], [3]]
3
[[18], [19], [13], [15], [18], [3]]
3
[[18], [19], [11], [19], [18], [3]]
3
[[18, 19], [19], [19], [18], [3]]
3
[[18, 19], [19], [13], [19], [18]]
3
[[18, 19], [19], [13], [19], [2]]
3
[[18, 19], [19], [13], [19], [3]]
3
[[18, 19], [19], [13], [18], [2]]
3
[[18, 19], [19], [13], [18], [3]]
3
[[18, 19], [19], [13], [11], [19]]
3
[[18, 19], [19], [13], [11], [18]]
3
[[18, 19], [19], [13], [11], [2]]
3
[[18, 19], [19], [13], [11], [11]]
3
[[18, 19], [19], [13], [11], [3]]
3
[[18, 19], [19], [13], [15], [18]]
3
[[18, 19], [19], [13], [15], [2]]
3
[[18, 19], [19], [13], [15], [3]]
3
[[18, 19], [19], [11], [19], [18]]
3
[[18, 19], [19], [11], [19], [2]]
3
[[18, 19], [19], [11], [19], [3]]
3
[[18, 19], [19], [11], [18], [2]]
3
[[18, 19], [19], [11], [18], [3]]
3
[[18, 19], [19], [15], [18], [3]]
3
[[18, 19], [18, 19], [19], [18]]
3
[[18, 19], [18, 19], [19], [3]]
3
[[18, 19], [18, 19], [18], [3]]
3
[[18, 19], [18, 19], [13], [19]]
3
[[18, 19], [18, 19], [13], [18]]
3
[[18, 19], [18, 19], [13], [2]]
3
[[18, 19], [18, 19], [13], [11]]
3
[[18, 19], [18, 19], [13], [3]]
3
[[18, 19], [18, 19], [15], [18]]
3
[[18, 19], [18, 19], [15], [2]]
3
[[18, 19], [18, 19], [15], [3]]
3
[[18, 19], [18], [13], [19], [18]]
3
[[18, 19], [18], [13], [19], [3]]
3
[[18, 19], [18], [13], [18], [3]]
3
[[18, 19], [18], [15], [18], [3]]
3
[[18, 19], [13], [19], [18], [3]]
3
[[18, 19], [13], [13], [4], [11]]
3
[[18, 19], [13], [13], [4], [3]]
3
[[18, 19], [13], [11], [19], [18]]
3
[[18, 19], [13], [11], [19], [2]]
3
[[18, 19], [13], [11], [19], [3]]
3
[[18, 19], [13], [11], [18], [2]]
3
[[18, 19], [13], [11], [18], [3]]
3
[[18, 19], [13], [11], [11], [3]]
3
[[18, 19], [13], [15], [18], [3]]
3
[[18, 19], [11], [19], [18], [3]]
3
[[18], [18, 19], [13], [19], [18]]
3
[[18], [18, 19], [13], [19], [3]]
3
[[18], [18, 19], [13], [18], [3]]
3
[[18], [18, 19], [15], [18], [3]]
3
[[18], [13], [18], [4], [18], [18]]
3
[[18], [13], [13], [4], [18], [18]]
3
[[18], [13], [13], [4], [11], [10]]
3
[[18], [13], [13], [19], [18], [3]]
3
[[18], [13], [13], [18], [4], [18]]
3
[[18], [13], [13], [18], [4], [11]]
3
[[18], [13], [13], [18], [18], [18]]
3
[[18], [13], [13], [15], [19], [18]]
3
[[18], [13], [13], [15], [19], [3]]
3
[[18], [13], [13], [15], [18], [18]]
3
[[18], [13], [13], [15], [18], [3]]
3
[[18], [13], [13], [3], [11], [10]]
3
[[18], [13], [11], [4], [11], [10]]
3
[[18], [13], [11], [19], [18], [3]]
4
[[18], [13], [11], [15], [18], [3]]
3
[[18], [13], [11], [3], [11], [10]]
3
[[13], [13], [18], [4], [18], [18]]
3
[[13], [13], [15], [19], [18], [9]]
3
[[13], [13], [15], [18, 19], [18]]
3
[[13], [13], [15], [18], [18], [11]]
3
[[8], [9], [18, 19], [13], [11]]
3
[[11], [19], [4], [18], [18], [18]]
3
[[11], [18, 19], [7], [18], [3]]
3
[[11], [15], [4], [18], [18], [18]]
3
[[3], [19], [18, 19], [13], [11]]
3
[[3], [13], [13], [9], [9], [10]]
3
[[3], [8], [19], [18], [9], [4]]
3
[[3], [8], [19], [18], [9], [11]]
3
[[17], [15], [4], [18], [18], [18]]
3
[[17], [15], [7], [18, 19], [18]]
3
[[17], [15], [7], [18, 19], [11]]
3
[[17], [15], [7], [18, 19], [10]]
3
[[4], [11], [18, 19], [7], [18], [3]]
3
[[19], [4], [4], [18], [7], [18], [3]]
3
[[19], [4], [18, 19], [7], [18], [3]]
3
[[19], [4], [11], [19], [7], [18], [3]]
3
[[19], [4], [11], [18, 19], [18], [19]]
3
[[19], [4], [11], [18, 19], [18], [3]]
3
[[19], [4], [11], [18, 19], [7], [19]]
3
[[19], [4], [11], [18, 19], [7], [18]]
3
[[19], [4], [11], [18, 19], [7], [3]]
3
[[19], [4], [11], [18], [7], [18], [3]]
3
[[19], [4], [15], [18], [7], [18], [3]]
3
[[19], [19], [4], [18], [7], [18], [3]]
3
[[19], [19], [19], [7], [18, 19], [18]]
3
[[19], [19], [19], [7], [18, 19], [11]]
3
[[19], [19], [19], [7], [18, 19], [10]]
3
[[19], [19], [18, 19], [7], [18], [3]]
3
[[19], [19], [13], [13], [18, 19], [18]]
3
[[19], [19], [13], [11], [19], [18], [3]]
3
[[19], [19], [13], [15], [18, 19], [18]]
3
[[19], [19], [15], [18], [7], [18], [3]]
3
[[19], [19], [15], [7], [18, 19], [18]]
3
[[19], [19], [15], [7], [18, 19], [11]]
3
[[19], [19], [15], [7], [18, 19], [10]]
3
[[19], [18, 19], [13], [11], [11], [3]]
3
[[19], [13], [13], [15], [18, 19], [18]]
3
[[19], [11], [18, 19], [7], [18], [3]]
3
[[19], [17], [15], [7], [18, 19], [18]]
3
[[19], [17], [15], [7], [18, 19], [11]]
3
[[19], [17], [15], [7], [18, 19], [10]]
3
[[18], [19], [13], [11], [19], [18], [3]]
3
[[18, 19], [19], [13], [19], [18], [3]]
3
[[18, 19], [19], [13], [11], [19], [18]]
3
[[18, 19], [19], [13], [11], [19], [2]]
3
[[18, 19], [19], [13], [11], [19], [3]]
3
[[18, 19], [19], [13], [11], [18], [2]]
3
[[18, 19], [19], [13], [11], [18], [3]]
3
[[18, 19], [19], [13], [15], [18], [3]]
3
[[18, 19], [19], [11], [19], [18], [3]]
3
[[18, 19], [18, 19], [13], [19], [18]]
3
[[18, 19], [18, 19], [13], [19], [3]]
3
[[18, 19], [18, 19], [13], [18], [3]]
3
[[18, 19], [18, 19], [15], [18], [3]]
3
[[18, 19], [13], [11], [19], [18], [3]]
3
[[18], [13], [13], [18], [4], [18], [18]]
3
[[19], [4], [11], [18, 19], [7], [18], [3]]
3
[[18, 19], [19], [13], [11], [19], [18], [3]]
3
