[[4]]
100
[[16]]
148
[[5]]
109
[[12]]
134
[[19]]
177
[[14]]
146
[[18]]
166
[[13]]
137
[[2]]
108
[[8]]
117
[[11]]
118
[[15]]
135
[[1]]
99
[[7]]
117
[[3]]
107
[[6]]
114
[[9]]
114
[[17]]
153
[[0]]
96
[[10]]
114
[[4], [16]]
61
[[4], [19]]
78
[[4], [14]]
62
[[4], [18]]
68
[[4], [15]]
59
[[16], [16]]
100
[[16], [5]]
68
[[16], [12]]
82
[[16], [19]]
115
[[16, 19]]
76
[[16], [14]]
89
[[16], [18]]
99
[[16], [13]]
75
[[16], [8]]
60
[[16], [11]]
69
[[16], [15]]
80
[[16], [7]]
64
[[16], [6]]
70
[[16], [9]]
64
[[16], [17]]
93
[[16], [10]]
64
[[5], [16]]
65
[[5], [19]]
82
[[5], [14]]
59
[[5], [18]]
72
[[5], [17]]
64
[[12], [16]]
77
[[12], [12]]
62
[[12], [19]]
103
[[12], [14]]
85
[[12], [18]]
94
[[12], [13]]
67
[[12], [8]]
59
[[12], [15]]
77
[[12], [7]]
60
[[12], [9]]
60
[[12], [17]]
84
[[19], [4]]
82
[[19], [16]]
125
[[19], [5]]
88
[[19], [12]]
107
[[19], [19]]
156
[[19], [14]]
124
[[19], [18]]
137
[[19], [13]]
112
[[19], [2]]
82
[[19], [8]]
94
[[19], [11]]
95
[[19], [15]]
111
[[19], [1]]
76
[[19], [7]]
95
[[19], [3]]
82
[[19], [6]]
94
[[19], [9]]
91
[[19], [17]]
126
[[19], [0]]
80
[[19], [10]]
95
[[14], [4]]
59
[[14], [16]]
90
[[14], [5]]
62
[[14], [12]]
82
[[14], [19]]
118
[[14], [14]]
80
[[14], [18]]
101
[[14], [13]]
85
[[14], [2]]
62
[[14], [8]]
66
[[14], [11]]
64
[[14], [15]]
95
[[14], [7]]
74
[[14], [3]]
61
[[14], [6]]
71
[[14], [9]]
62
[[14], [17]]
93
[[14], [10]]
68
[[18], [4]]
72
[[18], [16]]
107
[[18], [5]]
75
[[18], [12]]
100
[[18], [19]]
136
[[18, 19]]
124
[[18], [14]]
104
[[18], [18]]
119
[[18], [13]]
92
[[18], [2]]
68
[[18], [8]]
80
[[18], [11]]
80
[[18], [15]]
97
[[18], [1]]
65
[[18], [7]]
80
[[18], [3]]
70
[[18], [6]]
85
[[18], [9]]
81
[[18], [17]]
111
[[18], [0]]
67
[[18], [10]]
80
[[13], [16]]
79
[[13], [5]]
60
[[13], [12]]
66
[[13], [19]]
113
[[13], [14]]
81
[[13], [18]]
97
[[13], [13]]
68
[[13], [8]]
61
[[13], [11]]
64
[[13], [15]]
76
[[13], [7]]
60
[[13], [6]]
59
[[13], [9]]
59
[[13], [17]]
91
[[13], [10]]
65
[[2], [16]]
72
[[2], [19]]
80
[[2], [18]]
66
[[2], [17]]
69
[[8], [16]]
74
[[8], [12]]
62
[[8], [19]]
92
[[8], [14]]
65
[[8], [18]]
85
[[8], [13]]
65
[[8], [17]]
77
[[8], [10]]
60
[[11], [16]]
71
[[11], [19]]
96
[[11], [14]]
73
[[11], [18]]
83
[[11], [13]]
77
[[11], [11]]
65
[[11], [15]]
75
[[11], [17]]
83
[[15], [16]]
87
[[15], [12]]
71
[[15], [19]]
112
[[15], [14]]
87
[[15], [18]]
101
[[15], [13]]
77
[[15], [11]]
68
[[15], [15]]
88
[[15], [7]]
64
[[15], [6]]
68
[[15], [17]]
96
[[15], [10]]
63
[[1], [16]]
62
[[1], [19]]
79
[[1], [14]]
62
[[1], [18]]
67
[[1], [17]]
62
[[7], [16]]
67
[[7], [12]]
59
[[7], [19]]
96
[[7], [14]]
72
[[7], [18]]
83
[[7], [13]]
66
[[7], [15]]
66
[[7], [17]]
73
[[3], [16]]
61
[[3], [19]]
80
[[3], [18]]
72
[[3], [17]]
61
[[6], [16]]
64
[[6], [12]]
62
[[6], [19]]
88
[[6], [14]]
64
[[6], [18]]
78
[[6], [13]]
66
[[6], [15]]
63
[[6], [17]]
73
[[9], [16]]
72
[[9], [12]]
62
[[9], [19]]
93
[[9], [14]]
73
[[9], [18]]
83
[[9], [13]]
66
[[9], [15]]
68
[[9], [6]]
60
[[9], [17]]
72
[[17], [4]]
69
[[17], [16]]
92
[[17], [5]]
74
[[17], [12]]
82
[[17], [19]]
124
[[17, 19]]
91
[[17], [14]]
101
[[17], [18]]
105
[[17, 18]]
68
[[17], [13]]
95
[[17], [2]]
64
[[17], [8]]
70
[[17], [11]]
74
[[17], [15]]
94
[[17], [7]]
78
[[17], [3]]
63
[[17], [6]]
75
[[17], [9]]
72
[[17], [17]]
104
[[17], [0]]
65
[[17], [10]]
73
[[0], [16]]
60
[[0], [19]]
79
[[0], [14]]
61
[[0], [18]]
69
[[10], [16]]
63
[[10], [12]]
60
[[10], [19]]
88
[[10], [14]]
64
[[10], [18]]
77
[[10], [13]]
63
[[10], [15]]
65
[[10], [17]]
70
[[16], [16], [19]]
66
[[16], [19], [16]]
68
[[16], [19], [19]]
84
[[16], [19], [14]]
62
[[16], [19], [18]]
74
[[16], [19], [15]]
59
[[16], [19], [17]]
65
[[16, 19], [19]]
60
[[16], [14], [19]]
60
[[16], [18], [19]]
70
[[16], [18, 19]]
69
[[16], [18], [18]]
67
[[16], [13], [19]]
60
[[16], [17], [19]]
66
[[5], [19], [19]]
62
[[12], [19], [16]]
64
[[12], [19], [19]]
72
[[12], [19], [14]]
64
[[12], [19], [18]]
72
[[12], [19], [17]]
67
[[12], [18], [19]]
67
[[12], [18, 19]]
66
[[12], [18], [18]]
63
[[12], [17], [19]]
60
[[19], [16], [16]]
74
[[19], [16], [12]]
62
[[19], [16], [19]]
89
[[19], [16], [14]]
69
[[19], [16], [18]]
75
[[19], [16], [13]]
60
[[19], [16], [15]]
62
[[19], [16], [17]]
71
[[19], [12], [19]]
81
[[19], [12], [14]]
62
[[19], [12], [18]]
69
[[19], [12], [17]]
62
[[19], [19], [4]]
64
[[19], [19], [16]]
95
[[19], [19], [5]]
70
[[19], [19], [12]]
84
[[19], [19], [19]]
126
[[19], [19], [14]]
95
[[19], [19], [18]]
110
[[19], [19], [13]]
89
[[19], [19], [2]]
61
[[19], [19], [8]]
70
[[19], [19], [11]]
71
[[19], [19], [15]]
89
[[19], [19], [7]]
76
[[19], [19], [3]]
59
[[19], [19], [6]]
70
[[19], [19], [9]]
71
[[19], [19], [17]]
105
[[19], [19], [10]]
69
[[19], [14], [16]]
71
[[19], [14], [12]]
63
[[19], [14], [19]]
97
[[19], [14], [14]]
61
[[19], [14], [18]]
79
[[19], [14], [13]]
67
[[19], [14], [15]]
74
[[19], [14], [17]]
70
[[19], [18], [16]]
82
[[19], [18], [5]]
59
[[19], [18], [12]]
78
[[19], [18], [19]]
116
[[19], [18, 19]]
101
[[19], [18], [14]]
85
[[19], [18], [18]]
101
[[19], [18], [13]]
76
[[19], [18], [8]]
61
[[19], [18], [11]]
59
[[19], [18], [15]]
77
[[19], [18], [7]]
66
[[19], [18], [6]]
68
[[19], [18], [9]]
64
[[19], [18], [17]]
93
[[19], [18], [10]]
65
[[19], [13], [16]]
62
[[19], [13], [19]]
93
[[19], [13], [14]]
64
[[19], [13], [18]]
75
[[19], [13], [15]]
62
[[19], [13], [17]]
76
[[19], [8], [19]]
68
[[19], [8], [18]]
63
[[19], [11], [19]]
76
[[19], [11], [18]]
63
[[19], [11], [17]]
62
[[19], [15], [16]]
66
[[19], [15], [19]]
86
[[19], [15], [18]]
73
[[19], [15], [15]]
66
[[19], [15], [17]]
72
[[19], [1], [19]]
59
[[19], [7], [19]]
77
[[19], [7], [18]]
65
[[19], [6], [19]]
70
[[19], [6], [18]]
59
[[19], [9], [19]]
68
[[19], [17], [16]]
71
[[19], [17], [12]]
64
[[19], [17], [19]]
101
[[19], [17, 19]]
71
[[19], [17], [14]]
78
[[19], [17], [18]]
85
[[19], [17], [13]]
73
[[19], [17], [15]]
77
[[19], [17], [17]]
84
[[19], [0], [19]]
63
[[19], [10], [19]]
68
[[14], [16], [19]]
62
[[14], [12], [19]]
62
[[14], [19], [16]]
69
[[14], [19], [19]]
91
[[14], [19], [14]]
60
[[14], [19], [18]]
81
[[14], [19], [13]]
60
[[14], [19], [15]]
63
[[14], [19], [17]]
73
[[14], [14], [19]]
61
[[14], [18], [19]]
76
[[14], [18, 19]]
77
[[14], [18], [18]]
71
[[14], [18], [17]]
62
[[14], [13], [19]]
68
[[14], [15], [19]]
64
[[14], [17], [19]]
74
[[14], [17], [18]]
60
[[18], [16], [16]]
61
[[18], [16], [19]]
75
[[18], [12], [19]]
71
[[18], [12], [18]]
61
[[18], [19], [16]]
80
[[18], [19], [5]]
62
[[18], [19], [12]]
68
[[18], [19], [19]]
107
[[18], [19], [14]]
78
[[18], [19], [18]]
92
[[18], [19], [13]]
71
[[18], [19], [15]]
75
[[18], [19], [7]]
61
[[18], [19], [6]]
59
[[18], [19], [17]]
85
[[18], [19], [10]]
61
[[18, 19], [16]]
76
[[18, 19], [5]]
60
[[18, 19], [12]]
73
[[18, 19], [19]]
99
[[18, 19], [14]]
81
[[18, 19], [18]]
91
[[18, 19], [13]]
66
[[18, 19], [15]]
75
[[18, 19], [7]]
59
[[18, 19], [6]]
61
[[18, 19], [9]]
60
[[18, 19], [17]]
78
[[18, 19], [10]]
60
[[18], [14], [19]]
72
[[18], [18], [16]]
71
[[18], [18], [12]]
65
[[18], [18], [19]]
97
[[18], [18, 19]]
86
[[18], [18], [14]]
72
[[18], [18], [18]]
85
[[18], [18], [13]]
67
[[18], [18], [15]]
67
[[18], [18], [17]]
78
[[18], [13], [19]]
76
[[18], [13], [18]]
59
[[18], [11], [19]]
63
[[18], [15], [19]]
72
[[18], [15], [17]]
59
[[18], [7], [19]]
62
[[18], [6], [19]]
59
[[18], [17], [19]]
92
[[18], [17, 19]]
66
[[18], [17], [14]]
69
[[18], [17], [18]]
72
[[18], [17], [13]]
59
[[18], [17], [15]]
70
[[18], [17], [17]]
68
[[13], [19], [19]]
82
[[13], [19], [14]]
59
[[13], [19], [18]]
67
[[13], [18], [19]]
65
[[13], [18, 19]]
62
[[13], [17], [19]]
69
[[8], [19], [16]]
59
[[8], [19], [19]]
72
[[8], [19], [18]]
63
[[8], [19], [17]]
59
[[8], [18], [19]]
63
[[8], [18, 19]]
60
[[11], [19], [19]]
74
[[11], [19], [18]]
61
[[11], [18], [19]]
65
[[11], [13], [19]]
60
[[11], [17], [19]]
64
[[15], [19], [16]]
67
[[15], [19], [19]]
85
[[15], [19], [18]]
75
[[15], [19], [15]]
61
[[15], [19], [17]]
63
[[15], [18], [19]]
76
[[15], [18, 19]]
67
[[15], [18], [18]]
66
[[15], [13], [19]]
64
[[15], [17], [19]]
72
[[15], [17], [18]]
61
[[1], [19], [19]]
64
[[7], [19], [19]]
72
[[7], [18, 19]]
62
[[7], [17], [19]]
59
[[3], [19], [19]]
60
[[6], [19], [19]]
69
[[6], [19], [18]]
60
[[9], [19], [19]]
78
[[9], [19], [18]]
68
[[9], [19], [17]]
61
[[9], [18], [19]]
62
[[9], [18, 19]]
62
[[17], [16], [19]]
59
[[17], [19], [16]]
70
[[17], [19], [19]]
93
[[17], [19], [14]]
67
[[17], [19], [18]]
86
[[17], [19], [13]]
65
[[17], [19], [15]]
66
[[17], [19], [7]]
60
[[17], [19], [17]]
82
[[17, 19], [19]]
75
[[17, 19], [18]]
63
[[17], [14], [19]]
73
[[17], [14], [18]]
64
[[17], [18], [12]]
59
[[17], [18], [19]]
82
[[17], [18, 19]]
76
[[17], [18], [14]]
60
[[17], [18], [18]]
77
[[17], [18], [15]]
59
[[17], [18], [17]]
66
[[17], [13], [19]]
72
[[17], [13], [18]]
60
[[17], [15], [19]]
69
[[17], [15], [18]]
62
[[17], [15], [17]]
60
[[17], [7], [19]]
59
[[17], [17], [19]]
81
[[17], [17], [18]]
69
[[17], [17], [17]]
65
[[10], [19], [19]]
64
[[16], [19], [19], [19]]
61
[[19], [19], [16], [19]]
62
[[19], [19], [12], [19]]
62
[[19], [19], [19], [16]]
68
[[19], [19], [19], [19]]
97
[[19], [19], [19], [14]]
65
[[19], [19], [19], [18]]
82
[[19], [19], [19], [15]]
66
[[19], [19], [19], [17]]
76
[[19], [19], [14], [19]]
59
[[19], [19], [18], [19]]
80
[[19], [19], [18, 19]]
80
[[19], [19], [18], [18]]
72
[[19], [19], [18], [17]]
64
[[19], [19], [13], [19]]
68
[[19], [19], [17], [19]]
76
[[19], [19], [17], [18]]
62
[[19], [19], [17], [13]]
59
[[19], [19], [17], [15]]
62
[[19], [19], [17], [17]]
62
[[19], [14], [19], [19]]
62
[[19], [14], [19], [18]]
59
[[19], [14], [18, 19]]
60
[[19], [18], [19], [16]]
60
[[19], [18], [19], [19]]
84
[[19], [18], [19], [14]]
62
[[19], [18], [19], [18]]
76
[[19], [18], [19], [17]]
64
[[19], [18, 19], [19]]
80
[[19], [18, 19], [18]]
71
[[19], [18, 19], [17]]
59
[[19], [18], [18], [19]]
73
[[19], [18], [18, 19]]
72
[[19], [18], [18], [18]]
62
[[19], [18], [13], [19]]
62
[[19], [18], [17], [19]]
76
[[19], [13], [19], [19]]
64
[[19], [17], [19], [19]]
65
[[19], [17], [19], [18]]
61
[[19], [17], [18], [19]]
62
[[14], [19], [19], [19]]
68
[[18], [19], [19], [19]]
81
[[18], [19], [19], [14]]
60
[[18], [19], [19], [18]]
69
[[18], [19], [19], [17]]
61
[[18], [19], [18], [19]]
70
[[18], [19], [18, 19]]
64
[[18], [19], [18], [18]]
64
[[18], [19], [17], [19]]
68
[[18, 19], [19], [19]]
75
[[18, 19], [19], [18]]
68
[[18, 19], [18], [19]]
72
[[18, 19], [18, 19]]
61
[[18, 19], [18], [18]]
60
[[18, 19], [17], [19]]
64
[[18], [18], [19], [19]]
70
[[18], [18], [19], [18]]
70
[[18], [18, 19], [19]]
66
[[18], [18], [18], [19]]
59
[[18], [18], [17], [19]]
65
[[17], [19], [19], [19]]
68
[[17], [19], [18], [19]]
61
[[17], [19], [18, 19]]
61
[[17], [19], [17], [19]]
60
[[17], [18], [19], [19]]
60
[[17], [18], [19], [18]]
60
[[19], [19], [19], [19], [19]]
59
