[[4]]
71
[[16]]
105
[[5]]
79
[[12]]
102
[[19]]
135
[[14]]
107
[[18]]
123
[[13]]
108
[[2]]
79
[[8]]
88
[[11]]
88
[[15]]
102
[[1]]
71
[[7]]
84
[[3]]
79
[[6]]
85
[[9]]
82
[[17]]
118
[[0]]
74
[[10]]
82
[[4], [16]]
44
[[4], [19]]
55
[[4], [14]]
44
[[4], [18]]
47
[[4], [13]]
38
[[4], [15]]
41
[[4], [17]]
40
[[16], [16]]
64
[[16], [5]]
48
[[16], [12]]
60
[[16], [19]]
79
[[16, 19]]
51
[[16], [14]]
62
[[16], [18]]
68
[[16, 18]]
40
[[16], [13]]
56
[[16], [8]]
42
[[16], [11]]
47
[[16], [15]]
59
[[16], [7]]
46
[[16], [3]]
39
[[16], [6]]
47
[[16], [9]]
44
[[16], [17]]
64
[[16], [0]]
41
[[16], [10]]
43
[[5], [16]]
47
[[5], [12]]
38
[[5], [19]]
57
[[5], [14]]
42
[[5], [18]]
48
[[5], [13]]
39
[[5], [8]]
38
[[5], [15]]
39
[[5], [17]]
42
[[12], [16]]
52
[[12], [5]]
42
[[12], [12]]
46
[[12], [19]]
73
[[12], [14]]
59
[[12], [18]]
66
[[12], [13]]
53
[[12], [2]]
37
[[12], [8]]
45
[[12], [11]]
39
[[12], [15]]
59
[[12], [7]]
42
[[12], [3]]
39
[[12], [6]]
40
[[12], [9]]
42
[[12], [17]]
61
[[12], [0]]
39
[[12], [10]]
41
[[19], [4]]
54
[[19], [16]]
88
[[19], [5]]
68
[[19], [12]]
82
[[19], [19]]
115
[[19], [14]]
86
[[19], [18]]
101
[[19], [13]]
88
[[19], [2]]
57
[[19], [8]]
70
[[19], [11]]
71
[[19], [15]]
83
[[19], [1]]
52
[[19], [7]]
69
[[19], [3]]
61
[[19], [6]]
69
[[19], [9]]
62
[[19], [17]]
95
[[19], [0]]
62
[[19], [10]]
70
[[14], [4]]
40
[[14], [16]]
62
[[14], [5]]
45
[[14], [12]]
67
[[14], [19]]
85
[[14, 19]]
38
[[14], [14]]
61
[[14], [18]]
70
[[14], [13]]
65
[[14], [2]]
45
[[14], [8]]
50
[[14], [11]]
48
[[14], [15]]
70
[[14], [7]]
53
[[14], [3]]
47
[[14], [6]]
53
[[14], [9]]
42
[[14], [17]]
68
[[14], [0]]
42
[[14], [10]]
53
[[18], [4]]
51
[[18], [16]]
76
[[18], [5]]
57
[[18], [12]]
75
[[18], [19]]
97
[[18, 19]]
89
[[18], [14]]
75
[[18], [18]]
87
[[18], [13]]
75
[[18], [2]]
49
[[18], [8]]
59
[[18], [11]]
63
[[18], [15]]
73
[[18], [1]]
46
[[18], [7]]
58
[[18], [3]]
55
[[18], [6]]
62
[[18], [9]]
56
[[18], [17]]
82
[[18], [0]]
52
[[18], [10]]
61
[[13], [4]]
39
[[13], [16]]
60
[[13], [5]]
43
[[13], [12]]
50
[[13], [19]]
86
[[13], [14]]
63
[[13], [18]]
72
[[13], [13]]
54
[[13], [2]]
38
[[13], [8]]
49
[[13], [11]]
52
[[13], [15]]
62
[[13], [7]]
48
[[13], [3]]
45
[[13], [6]]
45
[[13], [9]]
47
[[13], [17]]
69
[[13], [0]]
45
[[13], [10]]
49
[[2], [16]]
51
[[2], [12]]
42
[[2], [19]]
64
[[2], [14]]
43
[[2], [18]]
49
[[2], [13]]
41
[[2], [15]]
44
[[2], [17]]
53
[[8], [16]]
55
[[8], [12]]
47
[[8], [19]]
72
[[8], [14]]
47
[[8], [18]]
66
[[8], [13]]
51
[[8], [8]]
42
[[8], [11]]
46
[[8], [15]]
46
[[8], [7]]
42
[[8], [3]]
42
[[8], [6]]
41
[[8], [17]]
58
[[8], [10]]
46
[[11], [16]]
54
[[11], [5]]
38
[[11], [12]]
42
[[11], [19]]
71
[[11], [14]]
55
[[11], [18]]
59
[[11], [13]]
61
[[11], [2]]
42
[[11], [8]]
40
[[11], [11]]
53
[[11], [15]]
56
[[11], [7]]
44
[[11], [17]]
60
[[11], [0]]
38
[[11], [10]]
39
[[15], [4]]
38
[[15], [16]]
62
[[15], [5]]
41
[[15], [12]]
55
[[15], [19]]
80
[[15, 19]]
42
[[15], [14]]
59
[[15], [18]]
71
[[15], [13]]
61
[[15], [2]]
38
[[15], [8]]
43
[[15], [11]]
48
[[15], [15]]
65
[[15], [1]]
38
[[15], [7]]
46
[[15], [3]]
42
[[15], [6]]
47
[[15], [17]]
68
[[15], [10]]
46
[[1], [16]]
43
[[1], [12]]
38
[[1], [19]]
55
[[1], [14]]
40
[[1], [18]]
46
[[1], [13]]
41
[[1], [15]]
40
[[1], [17]]
47
[[7], [16]]
48
[[7], [5]]
38
[[7], [12]]
42
[[7], [19]]
70
[[7], [14]]
53
[[7], [18]]
60
[[7], [13]]
51
[[7], [15]]
50
[[7], [7]]
37
[[7], [9]]
40
[[7], [17]]
55
[[7], [10]]
40
[[3], [16]]
40
[[3], [19]]
59
[[3], [14]]
40
[[3], [18]]
51
[[3], [13]]
42
[[3], [15]]
41
[[3], [17]]
43
[[6], [16]]
48
[[6], [12]]
48
[[6], [19]]
68
[[6], [14]]
49
[[6], [18]]
59
[[6], [13]]
51
[[6], [2]]
40
[[6], [15]]
47
[[6], [7]]
41
[[6], [9]]
40
[[6], [17]]
59
[[6], [10]]
38
[[9], [16]]
49
[[9], [5]]
38
[[9], [12]]
43
[[9], [19]]
67
[[9], [14]]
54
[[9], [18]]
59
[[9], [13]]
51
[[9], [8]]
42
[[9], [11]]
43
[[9], [15]]
49
[[9], [7]]
38
[[9], [6]]
40
[[9], [9]]
45
[[9], [17]]
54
[[9], [0]]
37
[[9], [10]]
40
[[17], [4]]
52
[[17], [16]]
67
[[17], [5]]
56
[[17], [12]]
66
[[17], [19]]
96
[[17, 19]]
67
[[17], [14]]
72
[[17], [18]]
79
[[17, 18]]
52
[[17], [13]]
76
[[17], [2]]
46
[[17], [8]]
55
[[17], [11]]
58
[[17], [15]]
73
[[17], [1]]
41
[[17], [7]]
58
[[17], [3]]
48
[[17], [6]]
55
[[17], [9]]
50
[[17], [17]]
79
[[17], [0]]
53
[[17], [10]]
60
[[0], [16]]
41
[[0], [12]]
40
[[0], [19]]
60
[[0], [14]]
45
[[0], [18]]
49
[[0], [13]]
46
[[0], [8]]
38
[[0], [15]]
38
[[0], [17]]
44
[[0], [10]]
37
[[10], [16]]
44
[[10], [12]]
42
[[10], [19]]
63
[[10], [14]]
45
[[10], [18]]
55
[[10], [13]]
48
[[10], [8]]
41
[[10], [11]]
40
[[10], [15]]
45
[[10], [3]]
37
[[10], [6]]
37
[[10], [9]]
39
[[10], [17]]
51
[[16], [16], [19]]
41
[[16], [16], [14]]
37
[[16], [12], [19]]
38
[[16], [19], [16]]
45
[[16], [19], [19]]
55
[[16], [19], [14]]
45
[[16], [19], [18]]
47
[[16], [19], [15]]
40
[[16], [19], [17]]
44
[[16, 19], [19]]
39
[[16], [14], [19]]
39
[[16], [18], [19]]
44
[[16], [18, 19]]
46
[[16], [18], [18]]
43
[[16], [18], [15]]
37
[[16], [13], [19]]
40
[[16], [17], [19]]
44
[[16], [17], [14]]
37
[[16], [17], [17]]
38
[[5], [19], [19]]
40
[[5], [19], [18]]
37
[[5], [18, 19]]
39
[[12], [19], [16]]
42
[[12], [19], [19]]
49
[[12], [19], [14]]
44
[[12], [19], [18]]
45
[[12], [19], [15]]
43
[[12], [19], [17]]
49
[[12], [18], [19]]
44
[[12], [18, 19]]
45
[[12], [18], [18]]
39
[[12], [18], [15]]
37
[[12], [18], [17]]
37
[[12], [13], [19]]
40
[[12], [15], [19]]
37
[[12], [17], [19]]
45
[[12], [17], [14]]
37
[[12], [17], [17]]
37
[[19], [4], [19]]
38
[[19], [16], [16]]
49
[[19], [16], [5]]
37
[[19], [16], [12]]
45
[[19], [16], [19]]
60
[[19], [16, 19]]
38
[[19], [16], [14]]
49
[[19], [16], [18]]
51
[[19], [16], [13]]
47
[[19], [16], [15]]
47
[[19], [16], [6]]
37
[[19], [16], [17]]
49
[[19], [5], [19]]
40
[[19], [5], [18]]
37
[[19], [12], [19]]
56
[[19], [12], [14]]
43
[[19], [12], [18]]
48
[[19], [12], [15]]
41
[[19], [12], [7]]
37
[[19], [12], [17]]
45
[[19], [19], [4]]
41
[[19], [19], [16]]
65
[[19], [19], [5]]
49
[[19], [19], [12]]
64
[[19], [19], [19]]
87
[[19], [19], [14]]
66
[[19], [19], [18]]
76
[[19], [19], [13]]
67
[[19], [19], [2]]
40
[[19], [19], [8]]
50
[[19], [19], [11]]
50
[[19], [19], [15]]
66
[[19], [19], [7]]
55
[[19], [19], [3]]
44
[[19], [19], [6]]
47
[[19], [19], [9]]
49
[[19], [19], [17]]
77
[[19], [19], [0]]
40
[[19], [19], [10]]
50
[[19], [14], [16]]
48
[[19], [14], [12]]
49
[[19], [14], [19]]
66
[[19], [14], [14]]
48
[[19], [14], [18]]
51
[[19], [14], [13]]
51
[[19], [14], [8]]
38
[[19], [14], [11]]
37
[[19], [14], [15]]
52
[[19], [14], [7]]
38
[[19], [14], [6]]
40
[[19], [14], [17]]
50
[[19], [14], [10]]
37
[[19], [18], [4]]
40
[[19], [18], [16]]
57
[[19], [18], [5]]
43
[[19], [18], [12]]
59
[[19], [18], [19]]
83
[[19], [18, 19]]
70
[[19], [18], [14]]
62
[[19], [18], [18]]
70
[[19], [18], [13]]
65
[[19], [18], [2]]
39
[[19], [18], [8]]
46
[[19], [18], [11]]
44
[[19], [18], [15]]
59
[[19], [18], [7]]
47
[[19], [18], [3]]
44
[[19], [18], [6]]
50
[[19], [18], [9]]
48
[[19], [18], [17]]
70
[[19], [18], [0]]
41
[[19], [18], [10]]
50
[[19], [13], [16]]
45
[[19], [13], [12]]
42
[[19], [13], [19]]
70
[[19], [13], [14]]
50
[[19], [13], [18]]
52
[[19], [13], [13]]
42
[[19], [13], [8]]
38
[[19], [13], [15]]
51
[[19], [13], [7]]
38
[[19], [13], [9]]
37
[[19], [13], [17]]
58
[[19], [13], [10]]
38
[[19], [2], [19]]
42
[[19], [8], [16]]
38
[[19], [8], [19]]
51
[[19], [8], [14]]
38
[[19], [8], [18]]
44
[[19], [8], [11]]
37
[[19], [8], [17]]
39
[[19], [11], [16]]
43
[[19], [11], [19]]
56
[[19], [11], [14]]
39
[[19], [11], [18]]
44
[[19], [11], [13]]
43
[[19], [11], [15]]
38
[[19], [11], [17]]
44
[[19], [15], [16]]
46
[[19], [15], [12]]
40
[[19], [15], [19]]
59
[[19], [15], [14]]
39
[[19], [15], [18]]
47
[[19], [15], [13]]
41
[[19], [15], [15]]
45
[[19], [15], [17]]
51
[[19], [7], [16]]
37
[[19], [7], [19]]
56
[[19], [7], [14]]
40
[[19], [7], [18]]
45
[[19], [7], [15]]
37
[[19], [7], [17]]
43
[[19], [3], [19]]
39
[[19], [6], [12]]
37
[[19], [6], [19]]
52
[[19], [6], [18]]
43
[[19], [6], [13]]
40
[[19], [6], [17]]
42
[[19], [9], [19]]
45
[[19], [17], [4]]
40
[[19], [17], [16]]
49
[[19], [17], [12]]
48
[[19], [17], [19]]
74
[[19], [17, 19]]
51
[[19], [17], [14]]
55
[[19], [17], [18]]
61
[[19], [17, 18]]
37
[[19], [17], [13]]
60
[[19], [17], [8]]
41
[[19], [17], [15]]
57
[[19], [17], [7]]
42
[[19], [17], [6]]
38
[[19], [17], [9]]
38
[[19], [17], [17]]
64
[[19], [17], [0]]
38
[[19], [17], [10]]
44
[[19], [0], [19]]
47
[[19], [0], [14]]
37
[[19], [0], [18]]
38
[[19], [10], [19]]
49
[[19], [10], [14]]
38
[[19], [10], [18]]
40
[[19], [10], [17]]
38
[[14], [16], [19]]
40
[[14], [12], [19]]
48
[[14], [12], [18]]
39
[[14], [19], [16]]
47
[[14], [19], [12]]
42
[[14], [19], [19]]
63
[[14], [19], [14]]
43
[[14], [19], [18]]
53
[[14], [19], [13]]
43
[[14], [19], [8]]
37
[[14], [19], [15]]
46
[[14], [19], [17]]
50
[[14], [19], [10]]
38
[[14], [14], [19]]
43
[[14], [18], [16]]
39
[[14], [18], [12]]
40
[[14], [18], [19]]
51
[[14], [18, 19]]
53
[[14], [18], [14]]
38
[[14], [18], [18]]
48
[[14], [18], [13]]
37
[[14], [18], [15]]
39
[[14], [18], [17]]
41
[[14], [13], [19]]
51
[[14], [15], [16]]
38
[[14], [15], [19]]
48
[[14], [15], [18]]
39
[[14], [15], [17]]
37
[[14], [7], [19]]
42
[[14], [6], [19]]
37
[[14], [17], [19]]
54
[[14], [17, 19]]
37
[[14], [17], [18]]
40
[[14], [17], [13]]
41
[[14], [17], [15]]
40
[[14], [17], [17]]
40
[[18], [4], [19]]
37
[[18], [16], [16]]
42
[[18], [16], [12]]
37
[[18], [16], [19]]
52
[[18], [16], [14]]
39
[[18], [16], [18]]
42
[[18], [16], [13]]
37
[[18], [16], [15]]
42
[[18], [16], [17]]
39
[[18], [12], [19]]
50
[[18], [12], [14]]
40
[[18], [12], [18]]
43
[[18], [12], [17]]
41
[[18], [19], [16]]
56
[[18], [19], [5]]
44
[[18], [19], [12]]
52
[[18], [19], [19]]
77
[[18], [19], [14]]
54
[[18], [19], [18]]
65
[[18], [19], [13]]
54
[[18], [19], [8]]
40
[[18], [19], [11]]
41
[[18], [19], [15]]
55
[[18], [19], [7]]
46
[[18], [19], [3]]
40
[[18], [19], [6]]
38
[[18], [19], [9]]
40
[[18], [19], [17]]
64
[[18], [19], [10]]
46
[[18, 19], [16]]
51
[[18, 19], [5]]
43
[[18, 19], [12]]
52
[[18, 19], [19]]
64
[[18, 19], [14]]
56
[[18, 19], [18]]
59
[[18, 19], [13]]
51
[[18, 19], [8]]
37
[[18, 19], [15]]
54
[[18, 19], [7]]
41
[[18, 19], [3]]
38
[[18, 19], [6]]
44
[[18, 19], [9]]
39
[[18, 19], [17]]
53
[[18, 19], [10]]
46
[[18], [14], [16]]
42
[[18], [14], [12]]
38
[[18], [14], [19]]
49
[[18], [14], [14]]
39
[[18], [14], [18]]
39
[[18], [14], [13]]
37
[[18], [14], [15]]
41
[[18], [14], [17]]
38
[[18], [18], [16]]
52
[[18], [18], [5]]
39
[[18], [18], [12]]
50
[[18], [18], [19]]
71
[[18], [18, 19]]
61
[[18], [18], [14]]
53
[[18], [18], [18]]
59
[[18], [18], [13]]
55
[[18], [18], [15]]
52
[[18], [18], [7]]
41
[[18], [18], [6]]
38
[[18], [18], [9]]
38
[[18], [18], [17]]
59
[[18], [18], [10]]
43
[[18], [13], [19]]
56
[[18], [13], [14]]
43
[[18], [13], [18]]
42
[[18], [13], [15]]
42
[[18], [13], [17]]
45
[[18], [8], [19]]
43
[[18], [11], [19]]
49
[[18], [11], [14]]
37
[[18], [11], [13]]
38
[[18], [11], [15]]
38
[[18], [11], [17]]
38
[[18], [15], [16]]
39
[[18], [15], [19]]
51
[[18], [15], [14]]
38
[[18], [15], [18]]
38
[[18], [15], [13]]
38
[[18], [15], [15]]
41
[[18], [15], [17]]
42
[[18], [7], [19]]
44
[[18], [6], [19]]
44
[[18], [6], [17]]
38
[[18], [9], [19]]
37
[[18], [17], [16]]
39
[[18], [17], [12]]
42
[[18], [17], [19]]
67
[[18], [17, 19]]
48
[[18], [17], [14]]
48
[[18], [17], [18]]
52
[[18], [17], [13]]
50
[[18], [17], [15]]
52
[[18], [17], [17]]
52
[[18], [17], [10]]
38
[[18], [0], [19]]
38
[[18], [10], [19]]
42
[[13], [19], [16]]
42
[[13], [19], [19]]
56
[[13], [19], [14]]
44
[[13], [19], [18]]
47
[[13], [19], [15]]
40
[[13], [19], [17]]
42
[[13], [14], [19]]
38
[[13], [18], [16]]
39
[[13], [18], [19]]
49
[[13], [18, 19]]
47
[[13], [18], [14]]
39
[[13], [18], [18]]
45
[[13], [18], [15]]
38
[[13], [11], [19]]
37
[[13], [15], [19]]
43
[[13], [17], [19]]
50
[[13], [17], [14]]
39
[[13], [17], [18]]
38
[[13], [17], [17]]
37
[[2], [19], [16]]
39
[[2], [19], [19]]
40
[[2], [19], [17]]
38
[[2], [18, 19]]
37
[[2], [17], [19]]
42
[[8], [16], [19]]
37
[[8], [19], [16]]
43
[[8], [19], [19]]
56
[[8], [19], [14]]
38
[[8], [19], [18]]
47
[[8], [19], [17]]
43
[[8], [18], [16]]
42
[[8], [18], [19]]
50
[[8], [18, 19]]
49
[[8], [18], [14]]
37
[[8], [18], [18]]
40
[[8], [18], [17]]
38
[[8], [13], [19]]
39
[[8], [17], [19]]
43
[[11], [19], [19]]
48
[[11], [19], [18]]
40
[[11], [19], [17]]
38
[[11], [18], [19]]
45
[[11], [18, 19]]
39
[[11], [13], [19]]
45
[[11], [15], [19]]
37
[[11], [17], [19]]
46
[[11], [17], [13]]
39
[[11], [17], [17]]
38
[[15], [19], [16]]
49
[[15], [19], [12]]
42
[[15], [19], [19]]
57
[[15], [19], [14]]
43
[[15], [19], [18]]
50
[[15], [19], [13]]
41
[[15], [19], [15]]
44
[[15], [19], [17]]
47
[[15], [19], [10]]
37
[[15], [14], [19]]
38
[[15], [18], [16]]
40
[[15], [18], [12]]
38
[[15], [18], [19]]
54
[[15], [18, 19]]
45
[[15], [18], [14]]
40
[[15], [18], [18]]
46
[[15], [18], [13]]
40
[[15], [18], [17]]
42
[[15], [13], [19]]
46
[[15], [15], [19]]
37
[[15], [17], [19]]
50
[[15], [17], [18]]
40
[[15], [17], [13]]
40
[[15], [17], [15]]
42
[[15], [17], [17]]
38
[[1], [19], [19]]
46
[[7], [19], [16]]
41
[[7], [19], [19]]
47
[[7], [19], [18]]
40
[[7], [19], [15]]
39
[[7], [19], [17]]
44
[[7], [18], [19]]
39
[[7], [18, 19]]
45
[[7], [18], [17]]
37
[[7], [17], [19]]
40
[[3], [19], [19]]
39
[[6], [19], [19]]
51
[[6], [19], [18]]
45
[[6], [19], [17]]
39
[[6], [18], [19]]
41
[[6], [18, 19]]
41
[[6], [18], [18]]
40
[[6], [13], [19]]
38
[[6], [17], [19]]
45
[[9], [19], [16]]
40
[[9], [19], [19]]
53
[[9], [19], [14]]
42
[[9], [19], [18]]
47
[[9], [19], [13]]
38
[[9], [19], [15]]
39
[[9], [19], [17]]
46
[[9], [18], [19]]
40
[[9], [18, 19]]
41
[[9], [18], [17]]
39
[[9], [13], [19]]
37
[[9], [17], [19]]
38
[[17], [4], [19]]
38
[[17], [16], [19]]
40
[[17], [12], [19]]
42
[[17], [12], [18]]
37
[[17], [19], [16]]
50
[[17], [19], [5]]
42
[[17], [19], [12]]
43
[[17], [19], [19]]
67
[[17], [19], [14]]
50
[[17], [19], [18]]
61
[[17], [19], [13]]
49
[[17], [19], [8]]
40
[[17], [19], [11]]
41
[[17], [19], [15]]
49
[[17], [19], [7]]
47
[[17], [19], [17]]
60
[[17], [19], [10]]
45
[[17, 19], [19]]
53
[[17, 19], [18]]
39
[[17, 19], [13]]
38
[[17, 19], [15]]
42
[[17, 19], [17]]
40
[[17], [14], [16]]
40
[[17], [14], [19]]
49
[[17], [14], [14]]
41
[[17], [14], [18]]
43
[[17], [14], [13]]
38
[[17], [14], [15]]
40
[[17], [14], [17]]
40
[[17], [18], [16]]
40
[[17], [18], [12]]
43
[[17], [18], [19]]
59
[[17], [18, 19]]
56
[[17], [18], [14]]
45
[[17], [18], [18]]
55
[[17], [18], [13]]
44
[[17], [18], [15]]
44
[[17], [18], [7]]
41
[[17], [18], [17]]
47
[[17], [18], [10]]
41
[[17, 18], [19]]
38
[[17], [13], [16]]
37
[[17], [13], [19]]
53
[[17], [13], [14]]
43
[[17], [13], [18]]
44
[[17], [13], [15]]
42
[[17], [13], [17]]
43
[[17], [8], [19]]
41
[[17], [11], [19]]
43
[[17], [11], [14]]
38
[[17], [11], [17]]
38
[[17], [15], [16]]
37
[[17], [15], [19]]
49
[[17], [15], [14]]
37
[[17], [15], [18]]
40
[[17], [15], [13]]
38
[[17], [15], [17]]
42
[[17], [7], [19]]
42
[[17], [17], [19]]
58
[[17], [17, 19]]
42
[[17], [17], [14]]
42
[[17], [17], [18]]
47
[[17], [17], [13]]
42
[[17], [17], [15]]
37
[[17], [17], [7]]
37
[[17], [17], [17]]
49
[[17], [17], [10]]
37
[[17], [0], [19]]
37
[[0], [19], [19]]
44
[[10], [19], [19]]
43
[[10], [18], [19]]
40
[[10], [18], [18]]
37
[[19], [19], [16], [19]]
38
[[19], [19], [12], [19]]
43
[[19], [19], [12], [18]]
37
[[19], [19], [19], [16]]
45
[[19], [19], [19], [12]]
38
[[19], [19], [19], [19]]
62
[[19], [19], [19], [14]]
42
[[19], [19], [19], [18]]
51
[[19], [19], [19], [13]]
42
[[19], [19], [19], [15]]
46
[[19], [19], [19], [7]]
41
[[19], [19], [19], [17]]
53
[[19], [19], [14], [19]]
38
[[19], [19], [18], [19]]
50
[[19], [19], [18, 19]]
52
[[19], [19], [18], [14]]
40
[[19], [19], [18], [18]]
46
[[19], [19], [18], [13]]
41
[[19], [19], [18], [15]]
38
[[19], [19], [18], [17]]
44
[[19], [19], [13], [19]]
47
[[19], [19], [13], [17]]
39
[[19], [19], [11], [19]]
37
[[19], [19], [15], [19]]
39
[[19], [19], [7], [19]]
40
[[19], [19], [17], [16]]
37
[[19], [19], [17], [19]]
51
[[19], [19], [17, 19]]
37
[[19], [19], [17], [14]]
40
[[19], [19], [17], [18]]
42
[[19], [19], [17], [13]]
48
[[19], [19], [17], [15]]
45
[[19], [19], [17], [17]]
47
[[19], [14], [19], [19]]
39
[[19], [14], [18, 19]]
39
[[19], [14], [13], [19]]
39
[[19], [18], [16], [19]]
38
[[19], [18], [12], [19]]
40
[[19], [18], [19], [16]]
40
[[19], [18], [19], [19]]
60
[[19], [18], [19], [14]]
43
[[19], [18], [19], [18]]
52
[[19], [18], [19], [13]]
40
[[19], [18], [19], [15]]
41
[[19], [18], [19], [17]]
48
[[19], [18, 19], [12]]
37
[[19], [18, 19], [19]]
52
[[19], [18, 19], [14]]
41
[[19], [18, 19], [18]]
44
[[19], [18, 19], [13]]
38
[[19], [18, 19], [15]]
41
[[19], [18, 19], [17]]
40
[[19], [18, 19], [10]]
37
[[19], [18], [14], [19]]
39
[[19], [18], [18], [19]]
53
[[19], [18], [18, 19]]
48
[[19], [18], [18], [14]]
41
[[19], [18], [18], [18]]
44
[[19], [18], [18], [13]]
38
[[19], [18], [18], [17]]
37
[[19], [18], [13], [19]]
49
[[19], [18], [15], [19]]
41
[[19], [18], [17], [19]]
53
[[19], [18], [17, 19]]
39
[[19], [18], [17], [14]]
37
[[19], [18], [17], [18]]
40
[[19], [18], [17], [13]]
42
[[19], [18], [17], [15]]
41
[[19], [13], [19], [19]]
42
[[19], [13], [19], [17]]
37
[[19], [13], [17], [19]]
39
[[19], [17], [19], [19]]
42
[[19], [17], [19], [18]]
40
[[19], [17], [19], [17]]
42
[[19], [17, 19], [19]]
40
[[19], [17], [18], [19]]
44
[[19], [17], [18, 19]]
38
[[19], [17], [18], [18]]
38
[[19], [17], [13], [19]]
37
[[19], [17], [17], [19]]
38
[[14], [19], [19], [19]]
44
[[14], [19], [19], [17]]
39
[[14], [19], [18], [19]]
37
[[14], [19], [17], [19]]
39
[[14], [18], [19], [19]]
39
[[18], [19], [16], [19]]
38
[[18], [19], [19], [16]]
37
[[18], [19], [19], [19]]
56
[[18], [19], [19], [14]]
41
[[18], [19], [19], [18]]
49
[[18], [19], [19], [13]]
40
[[18], [19], [19], [15]]
42
[[18], [19], [19], [7]]
37
[[18], [19], [19], [17]]
47
[[18], [19], [18], [19]]
45
[[18], [19], [18, 19]]
43
[[18], [19], [18], [18]]
43
[[18], [19], [18], [13]]
37
[[18], [19], [18], [17]]
38
[[18], [19], [13], [19]]
39
[[18], [19], [17], [19]]
48
[[18], [19], [17], [18]]
38
[[18], [19], [17], [15]]
38
[[18], [19], [17], [17]]
39
[[18, 19], [12], [19]]
37
[[18, 19], [19], [19]]
50
[[18, 19], [19], [18]]
45
[[18, 19], [19], [13]]
38
[[18, 19], [19], [15]]
38
[[18, 19], [19], [17]]
38
[[18, 19], [18], [19]]
48
[[18, 19], [18, 19]]
40
[[18, 19], [18], [14]]
37
[[18, 19], [18], [18]]
39
[[18, 19], [18], [13]]
39
[[18, 19], [18], [17]]
37
[[18, 19], [13], [19]]
37
[[18, 19], [15], [19]]
37
[[18, 19], [17], [19]]
41
[[18], [18], [19], [19]]
51
[[18], [18], [19], [14]]
40
[[18], [18], [19], [18]]
49
[[18], [18, 19], [19]]
48
[[18], [18, 19], [14]]
38
[[18], [18, 19], [18]]
39
[[18], [18, 19], [15]]
37
[[18], [18, 19], [17]]
37
[[18], [18], [18], [19]]
41
[[18], [18], [18, 19]]
38
[[18], [18], [18], [18]]
37
[[18], [18], [13], [19]]
38
[[18], [18], [17], [19]]
46
[[18], [13], [19], [19]]
38
[[18], [17], [19], [19]]
38
[[18], [17], [19], [18]]
38
[[18], [17], [19], [17]]
38
[[18], [17, 19], [19]]
38
[[8], [19], [19], [19]]
38
[[17], [19], [19], [19]]
46
[[17], [19], [19], [18]]
37
[[17], [19], [19], [17]]
40
[[17], [19], [18], [19]]
45
[[17], [19], [18, 19]]
43
[[17], [19], [18], [18]]
38
[[17], [19], [17], [19]]
41
[[17], [18], [19], [19]]
44
[[17], [18], [19], [18]]
41
[[17], [18, 19], [19]]
38
[[17], [18], [18], [19]]
39
[[17], [18], [18, 19]]
39
[[17], [18], [17], [19]]
37
[[18], [19], [19], [19], [19]]
38
