[[12]]
86
[[17]]
110
[[19]]
120
[[15]]
93
[[4]]
68
[[10]]
82
[[5]]
85
[[18]]
116
[[13]]
76
[[14]]
85
[[16]]
112
[[11]]
93
[[7]]
82
[[6]]
75
[[3]]
72
[[0]]
72
[[9]]
76
[[2]]
65
[[8]]
90
[[1]]
67
[[12], [12]]
41
[[12], [17]]
46
[[12], [19]]
62
[[12], [15]]
41
[[12], [10]]
38
[[12], [5]]
39
[[12], [18]]
54
[[12], [14]]
38
[[12], [16]]
52
[[12], [11]]
42
[[12], [7]]
38
[[12], [9]]
35
[[12], [8]]
38
[[17], [12]]
58
[[17], [17]]
77
[[17], [19]]
88
[[17, 19]]
60
[[17], [15]]
71
[[17], [4]]
45
[[17], [10]]
56
[[17], [5]]
58
[[17], [18]]
84
[[17, 18]]
40
[[17], [13]]
54
[[17], [14]]
60
[[17], [16]]
82
[[17], [11]]
63
[[17], [7]]
59
[[17], [6]]
55
[[17], [3]]
53
[[17], [0]]
41
[[17], [9]]
50
[[17], [2]]
45
[[17], [8]]
59
[[17], [1]]
45
[[19], [12]]
66
[[19], [17]]
95
[[19], [19]]
107
[[19], [15]]
79
[[19], [4]]
60
[[19], [10]]
72
[[19], [5]]
67
[[19], [18]]
102
[[19], [13]]
62
[[19], [14]]
71
[[19], [16]]
99
[[19], [11]]
73
[[19], [7]]
67
[[19], [6]]
61
[[19], [3]]
63
[[19], [0]]
62
[[19], [9]]
66
[[19], [2]]
56
[[19], [8]]
73
[[19], [1]]
57
[[15], [12]]
45
[[15], [17]]
54
[[15], [19]]
70
[[15, 19]]
39
[[15], [15]]
57
[[15], [4]]
39
[[15], [10]]
45
[[15], [5]]
41
[[15], [18]]
66
[[15], [13]]
40
[[15], [14]]
50
[[15], [16]]
62
[[15], [11]]
47
[[15], [7]]
52
[[15], [6]]
41
[[15], [3]]
35
[[15], [9]]
45
[[15], [8]]
50
[[15], [1]]
37
[[4], [17]]
42
[[4], [19]]
51
[[4], [15]]
40
[[4], [18]]
50
[[4], [14]]
37
[[4], [16]]
47
[[4], [11]]
34
[[4], [8]]
37
[[10], [12]]
39
[[10], [17]]
57
[[10], [19]]
60
[[10], [15]]
45
[[10], [10]]
39
[[10], [5]]
34
[[10], [18]]
57
[[10], [14]]
38
[[10], [16]]
50
[[10], [11]]
41
[[10], [7]]
44
[[10], [8]]
37
[[5], [12]]
42
[[5], [17]]
55
[[5], [19]]
62
[[5], [15]]
55
[[5], [4]]
36
[[5], [10]]
43
[[5], [5]]
41
[[5], [18]]
62
[[5], [13]]
35
[[5], [14]]
40
[[5], [16]]
56
[[5], [11]]
45
[[5], [7]]
43
[[5], [6]]
37
[[5], [3]]
35
[[5], [9]]
41
[[5], [8]]
44
[[18], [12]]
61
[[18], [17]]
84
[[18], [19]]
95
[[18, 19]]
89
[[18], [15]]
69
[[18], [4]]
53
[[18], [10]]
64
[[18], [5]]
56
[[18], [18]]
98
[[18], [13]]
59
[[18], [14]]
66
[[18], [16]]
88
[[18], [11]]
66
[[18], [7]]
63
[[18], [6]]
56
[[18], [3]]
51
[[18], [0]]
52
[[18], [9]]
55
[[18], [2]]
49
[[18], [8]]
63
[[18], [1]]
52
[[13], [12]]
34
[[13], [17]]
45
[[13], [19]]
60
[[13], [15]]
44
[[13], [10]]
37
[[13], [18]]
53
[[13], [13]]
39
[[13], [14]]
36
[[13], [16]]
47
[[13], [11]]
39
[[13], [7]]
34
[[13], [3]]
35
[[13], [9]]
35
[[13], [8]]
44
[[14], [12]]
39
[[14], [17]]
61
[[14], [19]]
70
[[14], [15]]
51
[[14], [4]]
35
[[14], [10]]
44
[[14], [5]]
37
[[14], [18]]
65
[[14], [13]]
45
[[14], [14]]
52
[[14], [16]]
64
[[14], [11]]
43
[[14], [7]]
44
[[14], [6]]
41
[[14], [3]]
42
[[14], [9]]
41
[[14], [2]]
36
[[14], [8]]
45
[[14], [1]]
37
[[16], [12]]
55
[[16], [17]]
77
[[16, 17]]
34
[[16], [19]]
87
[[16, 19]]
60
[[16], [15]]
63
[[16], [4]]
46
[[16], [10]]
56
[[16], [5]]
51
[[16], [18]]
84
[[16, 18]]
45
[[16], [13]]
48
[[16], [14]]
61
[[16], [16]]
77
[[16], [11]]
59
[[16], [7]]
56
[[16], [6]]
48
[[16], [3]]
51
[[16], [0]]
46
[[16], [9]]
51
[[16], [2]]
42
[[16], [8]]
62
[[16], [1]]
46
[[11], [12]]
42
[[11], [17]]
56
[[11], [19]]
66
[[11], [15]]
47
[[11], [4]]
35
[[11], [10]]
44
[[11], [5]]
39
[[11], [18]]
65
[[11], [13]]
34
[[11], [14]]
44
[[11], [16]]
59
[[11], [11]]
44
[[11], [7]]
41
[[11], [3]]
36
[[11], [9]]
41
[[11], [8]]
43
[[11], [1]]
36
[[7], [12]]
35
[[7], [17]]
46
[[7], [19]]
56
[[7], [15]]
45
[[7], [5]]
35
[[7], [18]]
57
[[7], [14]]
40
[[7], [16]]
44
[[7], [11]]
40
[[7], [7]]
37
[[7], [8]]
37
[[6], [12]]
42
[[6], [17]]
47
[[6], [19]]
64
[[6], [15]]
47
[[6], [10]]
37
[[6], [5]]
42
[[6], [18]]
57
[[6], [14]]
38
[[6], [16]]
50
[[6], [11]]
42
[[6], [7]]
37
[[6], [3]]
36
[[6], [9]]
36
[[6], [8]]
40
[[3], [12]]
38
[[3], [17]]
44
[[3], [19]]
56
[[3], [15]]
41
[[3], [18]]
45
[[3], [16]]
45
[[3], [11]]
39
[[3], [8]]
36
[[0], [17]]
46
[[0], [19]]
53
[[0], [15]]
40
[[0], [10]]
35
[[0], [18]]
50
[[0], [14]]
38
[[0], [16]]
44
[[0], [11]]
42
[[0], [7]]
41
[[0], [6]]
34
[[0], [3]]
36
[[9], [17]]
56
[[9], [19]]
63
[[9], [15]]
45
[[9], [4]]
35
[[9], [18]]
59
[[9], [13]]
37
[[9], [14]]
45
[[9], [16]]
52
[[9], [11]]
39
[[9], [7]]
37
[[9], [6]]
38
[[9], [3]]
35
[[9], [9]]
40
[[9], [8]]
38
[[9], [1]]
34
[[2], [17]]
47
[[2], [19]]
55
[[2], [15]]
40
[[2], [18]]
47
[[2], [16]]
42
[[2], [11]]
40
[[2], [7]]
34
[[2], [6]]
34
[[8], [12]]
40
[[8], [17]]
58
[[8], [19]]
70
[[8], [15]]
51
[[8], [10]]
38
[[8], [5]]
41
[[8], [18]]
62
[[8], [13]]
35
[[8], [14]]
44
[[8], [16]]
63
[[8], [11]]
42
[[8], [7]]
37
[[8], [6]]
34
[[8], [3]]
37
[[8], [9]]
42
[[8], [2]]
34
[[8], [8]]
39
[[1], [17]]
43
[[1], [19]]
49
[[1], [15]]
36
[[1], [18]]
46
[[1], [14]]
35
[[1], [16]]
39
[[1], [11]]
34
[[12], [19], [17]]
38
[[12], [19], [19]]
46
[[12], [19], [15]]
37
[[12], [19], [18]]
43
[[12], [19], [16]]
38
[[12], [18], [19]]
42
[[12], [18, 19]]
41
[[12], [18], [18]]
40
[[12], [18], [16]]
34
[[12], [16], [19]]
35
[[17], [12], [19]]
36
[[17], [12], [18]]
34
[[17], [17], [17]]
39
[[17], [17], [19]]
53
[[17], [17, 19]]
37
[[17], [17], [15]]
42
[[17], [17], [10]]
36
[[17], [17], [18]]
52
[[17], [17], [14]]
36
[[17], [17], [16]]
49
[[17], [17], [11]]
35
[[17], [17], [7]]
37
[[17], [19], [12]]
40
[[17], [19], [17]]
59
[[17], [19], [19]]
69
[[17], [19], [15]]
53
[[17], [19], [4]]
38
[[17], [19], [10]]
51
[[17], [19], [5]]
40
[[17], [19], [18]]
68
[[17], [19], [13]]
40
[[17], [19], [14]]
49
[[17], [19], [16]]
66
[[17], [19], [11]]
51
[[17], [19], [7]]
42
[[17], [19], [6]]
40
[[17], [19], [3]]
41
[[17], [19], [9]]
39
[[17], [19], [8]]
45
[[17, 19], [17]]
42
[[17, 19], [19]]
48
[[17, 19], [15]]
39
[[17, 19], [18]]
45
[[17, 19], [16]]
41
[[17], [15], [17]]
35
[[17], [15], [19]]
45
[[17], [15], [15]]
36
[[17], [15], [10]]
34
[[17], [15], [18]]
43
[[17], [15], [16]]
43
[[17], [15], [11]]
35
[[17], [15], [7]]
34
[[17], [10], [17]]
35
[[17], [10], [19]]
38
[[17], [10], [18]]
38
[[17], [5], [19]]
39
[[17], [5], [15]]
34
[[17], [5], [18]]
39
[[17], [5], [16]]
38
[[17], [18], [12]]
37
[[17], [18], [17]]
51
[[17], [18], [19]]
64
[[17], [18, 19]]
57
[[17], [18], [15]]
46
[[17], [18], [10]]
40
[[17], [18], [5]]
36
[[17], [18], [18]]
62
[[17], [18], [14]]
45
[[17], [18], [16]]
58
[[17], [18], [11]]
38
[[17], [18], [7]]
39
[[17], [18], [6]]
37
[[17], [18], [3]]
34
[[17], [18], [9]]
34
[[17], [18], [8]]
40
[[17], [13], [19]]
36
[[17], [14], [17]]
37
[[17], [14], [19]]
38
[[17], [14], [18]]
39
[[17], [14], [16]]
35
[[17], [16], [17]]
45
[[17], [16], [19]]
57
[[17], [16, 19]]
42
[[17], [16], [15]]
40
[[17], [16], [10]]
35
[[17], [16], [18]]
54
[[17], [16], [14]]
37
[[17], [16], [16]]
49
[[17], [16], [11]]
36
[[17], [16], [7]]
37
[[17], [16], [8]]
37
[[17], [11], [19]]
41
[[17], [11], [18]]
40
[[17], [11], [16]]
35
[[17], [7], [19]]
35
[[17], [7], [18]]
35
[[17], [6], [19]]
43
[[17], [6], [18]]
35
[[17], [6], [16]]
36
[[17], [3], [19]]
34
[[17], [9], [19]]
39
[[17], [8], [17]]
35
[[17], [8], [19]]
41
[[17], [8], [18]]
36
[[17], [8], [16]]
41
[[19], [12], [17]]
34
[[19], [12], [19]]
46
[[19], [12], [18]]
41
[[19], [12], [16]]
36
[[19], [17], [12]]
43
[[19], [17], [17]]
55
[[19], [17], [19]]
69
[[19], [17, 19]]
48
[[19], [17], [15]]
54
[[19], [17], [4]]
34
[[19], [17], [10]]
44
[[19], [17], [5]]
42
[[19], [17], [18]]
68
[[19], [17], [13]]
40
[[19], [17], [14]]
51
[[19], [17], [16]]
66
[[19], [17], [11]]
49
[[19], [17], [7]]
48
[[19], [17], [6]]
44
[[19], [17], [3]]
40
[[19], [17], [9]]
36
[[19], [17], [8]]
43
[[19], [17], [1]]
34
[[19], [19], [12]]
47
[[19], [19], [17]]
76
[[19], [19], [19]]
88
[[19], [19], [15]]
68
[[19], [19], [4]]
50
[[19], [19], [10]]
54
[[19], [19], [5]]
49
[[19], [19], [18]]
90
[[19], [19], [13]]
49
[[19], [19], [14]]
61
[[19], [19], [16]]
80
[[19], [19], [11]]
61
[[19], [19], [7]]
51
[[19], [19], [6]]
53
[[19], [19], [3]]
48
[[19], [19], [0]]
43
[[19], [19], [9]]
49
[[19], [19], [2]]
41
[[19], [19], [8]]
57
[[19], [19], [1]]
44
[[19], [15], [12]]
35
[[19], [15], [17]]
44
[[19], [15], [19]]
56
[[19], [15], [15]]
46
[[19], [15], [10]]
34
[[19], [15], [18]]
56
[[19], [15], [14]]
40
[[19], [15], [16]]
51
[[19], [15], [11]]
41
[[19], [15], [7]]
42
[[19], [15], [6]]
34
[[19], [15], [9]]
36
[[19], [15], [8]]
41
[[19], [4], [17]]
37
[[19], [4], [19]]
45
[[19], [4], [15]]
34
[[19], [4], [18]]
41
[[19], [4], [16]]
41
[[19], [10], [17]]
45
[[19], [10], [19]]
47
[[19], [10], [15]]
36
[[19], [10], [18]]
46
[[19], [10], [16]]
37
[[19], [5], [17]]
38
[[19], [5], [19]]
47
[[19], [5], [15]]
42
[[19], [5], [18]]
48
[[19], [5], [16]]
42
[[19], [18], [12]]
45
[[19], [18], [17]]
66
[[19], [18], [19]]
79
[[19], [18, 19]]
74
[[19], [18], [15]]
56
[[19], [18], [4]]
41
[[19], [18], [10]]
47
[[19], [18], [5]]
39
[[19], [18], [18]]
77
[[19], [18], [13]]
42
[[19], [18], [14]]
55
[[19], [18], [16]]
65
[[19], [18], [11]]
50
[[19], [18], [7]]
43
[[19], [18], [6]]
42
[[19], [18], [3]]
41
[[19], [18], [0]]
41
[[19], [18], [9]]
43
[[19], [18], [8]]
50
[[19], [18], [1]]
37
[[19], [13], [17]]
36
[[19], [13], [19]]
48
[[19], [13], [15]]
35
[[19], [13], [18]]
44
[[19], [13], [16]]
36
[[19], [14], [17]]
44
[[19], [14], [19]]
50
[[19], [14], [18]]
47
[[19], [14], [16]]
45
[[19], [14], [11]]
36
[[19], [16], [12]]
42
[[19], [16], [17]]
61
[[19], [16], [19]]
73
[[19], [16, 19]]
48
[[19], [16], [15]]
56
[[19], [16], [4]]
37
[[19], [16], [10]]
41
[[19], [16], [5]]
39
[[19], [16], [18]]
69
[[19], [16, 18]]
36
[[19], [16], [13]]
39
[[19], [16], [14]]
48
[[19], [16], [16]]
59
[[19], [16], [11]]
45
[[19], [16], [7]]
45
[[19], [16], [6]]
42
[[19], [16], [3]]
41
[[19], [16], [0]]
34
[[19], [16], [9]]
40
[[19], [16], [2]]
36
[[19], [16], [8]]
49
[[19], [16], [1]]
39
[[19], [11], [17]]
42
[[19], [11], [19]]
49
[[19], [11], [15]]
35
[[19], [11], [18]]
47
[[19], [11], [14]]
36
[[19], [11], [16]]
42
[[19], [11], [11]]
36
[[19], [7], [17]]
37
[[19], [7], [19]]
43
[[19], [7], [15]]
38
[[19], [7], [18]]
43
[[19], [7], [16]]
34
[[19], [6], [19]]
50
[[19], [6], [15]]
36
[[19], [6], [18]]
44
[[19], [6], [16]]
40
[[19], [3], [17]]
38
[[19], [3], [19]]
46
[[19], [3], [18]]
35
[[19], [3], [16]]
38
[[19], [0], [17]]
36
[[19], [0], [19]]
42
[[19], [0], [18]]
40
[[19], [0], [16]]
38
[[19], [9], [17]]
45
[[19], [9], [19]]
53
[[19], [9], [15]]
38
[[19], [9], [18]]
48
[[19], [9], [16]]
41
[[19], [2], [17]]
37
[[19], [2], [19]]
44
[[19], [2], [18]]
40
[[19], [2], [16]]
34
[[19], [8], [17]]
44
[[19], [8], [19]]
51
[[19], [8], [15]]
39
[[19], [8], [18]]
47
[[19], [8], [16]]
46
[[19], [1], [19]]
39
[[19], [1], [18]]
38
[[15], [17], [19]]
39
[[15], [17], [18]]
34
[[15], [19], [17]]
42
[[15], [19], [19]]
52
[[15], [19], [15]]
41
[[15], [19], [10]]
35
[[15], [19], [18]]
51
[[15], [19], [14]]
36
[[15], [19], [16]]
40
[[15], [15], [19]]
34
[[15], [18], [17]]
38
[[15], [18], [19]]
48
[[15], [18, 19]]
43
[[15], [18], [15]]
36
[[15], [18], [18]]
48
[[15], [18], [14]]
34
[[15], [18], [16]]
39
[[15], [14], [19]]
38
[[15], [14], [18]]
34
[[15], [16], [19]]
48
[[15], [16], [15]]
34
[[15], [16], [18]]
40
[[15], [7], [19]]
34
[[15], [9], [19]]
36
[[4], [19], [17]]
37
[[4], [19], [19]]
39
[[4], [19], [18]]
38
[[4], [19], [16]]
38
[[4], [18], [17]]
35
[[4], [18], [19]]
36
[[4], [18], [18]]
37
[[10], [17], [19]]
35
[[10], [19], [17]]
42
[[10], [19], [19]]
44
[[10], [19], [15]]
34
[[10], [19], [18]]
39
[[10], [19], [16]]
35
[[10], [18], [19]]
39
[[10], [18, 19]]
36
[[10], [18], [18]]
36
[[10], [16], [19]]
38
[[5], [17], [19]]
41
[[5], [17], [15]]
34
[[5], [17], [18]]
39
[[5], [19], [17]]
37
[[5], [19], [19]]
49
[[5], [19], [15]]
43
[[5], [19], [18]]
46
[[5], [19], [16]]
38
[[5], [19], [11]]
35
[[5], [15], [19]]
35
[[5], [18], [17]]
36
[[5], [18], [19]]
47
[[5], [18, 19]]
41
[[5], [18], [15]]
39
[[5], [18], [18]]
45
[[5], [18], [16]]
36
[[5], [16], [19]]
41
[[5], [16], [18]]
34
[[18], [12], [19]]
42
[[18], [12], [18]]
37
[[18], [17], [17]]
47
[[18], [17], [19]]
58
[[18], [17, 19]]
40
[[18], [17], [15]]
42
[[18], [17], [10]]
39
[[18], [17], [18]]
57
[[18], [17], [14]]
41
[[18], [17], [16]]
53
[[18], [17], [11]]
37
[[18], [17], [7]]
42
[[18], [17], [8]]
37
[[18], [19], [12]]
38
[[18], [19], [17]]
62
[[18], [19], [19]]
75
[[18], [19], [15]]
55
[[18], [19], [4]]
38
[[18], [19], [10]]
52
[[18], [19], [5]]
41
[[18], [19], [18]]
76
[[18], [19], [13]]
42
[[18], [19], [14]]
52
[[18], [19], [16]]
63
[[18], [19], [11]]
49
[[18], [19], [7]]
46
[[18], [19], [6]]
42
[[18], [19], [3]]
42
[[18], [19], [0]]
39
[[18], [19], [9]]
40
[[18], [19], [2]]
37
[[18], [19], [8]]
50
[[18], [19], [1]]
39
[[18, 19], [12]]
42
[[18, 19], [17]]
62
[[18, 19], [19]]
72
[[18, 19], [15]]
50
[[18, 19], [4]]
39
[[18, 19], [10]]
47
[[18, 19], [5]]
42
[[18, 19], [18]]
75
[[18, 19], [13]]
39
[[18, 19], [14]]
50
[[18, 19], [16]]
64
[[18, 19], [11]]
44
[[18, 19], [7]]
42
[[18, 19], [6]]
42
[[18, 19], [3]]
38
[[18, 19], [0]]
40
[[18, 19], [9]]
39
[[18, 19], [2]]
34
[[18, 19], [8]]
49
[[18, 19], [1]]
36
[[18], [15], [19]]
46
[[18], [15], [15]]
37
[[18], [15], [18]]
45
[[18], [15], [16]]
40
[[18], [15], [8]]
35
[[18], [4], [19]]
34
[[18], [4], [18]]
35
[[18], [10], [17]]
39
[[18], [10], [19]]
43
[[18], [10], [18]]
40
[[18], [5], [19]]
36
[[18], [5], [18]]
40
[[18], [5], [16]]
34
[[18], [18], [12]]
40
[[18], [18], [17]]
59
[[18], [18], [19]]
75
[[18], [18, 19]]
66
[[18], [18], [15]]
54
[[18], [18], [4]]
34
[[18], [18], [10]]
45
[[18], [18], [5]]
39
[[18], [18], [18]]
70
[[18], [18], [13]]
40
[[18], [18], [14]]
48
[[18], [18], [16]]
60
[[18], [18], [11]]
43
[[18], [18], [7]]
41
[[18], [18], [6]]
39
[[18], [18], [3]]
39
[[18], [18], [0]]
37
[[18], [18], [9]]
36
[[18], [18], [8]]
50
[[18], [13], [17]]
34
[[18], [13], [19]]
44
[[18], [13], [18]]
43
[[18], [14], [17]]
39
[[18], [14], [19]]
45
[[18], [14], [10]]
36
[[18], [14], [18]]
47
[[18], [14], [16]]
42
[[18], [16], [12]]
35
[[18], [16], [17]]
52
[[18], [16], [19]]
62
[[18], [16, 19]]
45
[[18], [16], [15]]
44
[[18], [16], [10]]
40
[[18], [16], [5]]
34
[[18], [16], [18]]
63
[[18], [16], [14]]
43
[[18], [16], [16]]
49
[[18], [16], [11]]
37
[[18], [16], [7]]
39
[[18], [16], [3]]
34
[[18], [16], [8]]
42
[[18], [16], [1]]
36
[[18], [11], [17]]
36
[[18], [11], [19]]
43
[[18], [11], [18]]
40
[[18], [7], [19]]
39
[[18], [7], [18]]
41
[[18], [6], [19]]
44
[[18], [6], [18]]
35
[[18], [3], [19]]
35
[[18], [9], [17]]
38
[[18], [9], [19]]
47
[[18], [9], [18]]
42
[[18], [9], [16]]
36
[[18], [2], [19]]
38
[[18], [8], [17]]
34
[[18], [8], [19]]
42
[[18], [8], [18]]
37
[[18], [8], [16]]
38
[[18], [1], [17]]
34
[[18], [1], [19]]
38
[[18], [1], [18]]
35
[[13], [17], [19]]
34
[[13], [19], [19]]
44
[[13], [19], [18]]
41
[[13], [18], [19]]
43
[[13], [18, 19]]
39
[[13], [18], [18]]
41
[[13], [18], [16]]
34
[[13], [16], [19]]
34
[[13], [8], [19]]
35
[[14], [17], [17]]
36
[[14], [17], [19]]
45
[[14], [17], [15]]
36
[[14], [17], [18]]
43
[[14], [17], [14]]
36
[[14], [17], [16]]
41
[[14], [19], [17]]
43
[[14], [19], [19]]
56
[[14], [19], [15]]
41
[[14], [19], [10]]
35
[[14], [19], [18]]
51
[[14], [19], [13]]
38
[[14], [19], [14]]
38
[[14], [19], [16]]
47
[[14], [19], [11]]
36
[[14], [19], [3]]
34
[[14], [15], [19]]
36
[[14], [18], [17]]
42
[[14], [18], [19]]
49
[[14], [18, 19]]
44
[[14], [18], [15]]
36
[[14], [18], [18]]
43
[[14], [18], [14]]
37
[[14], [18], [16]]
44
[[14], [14], [17]]
34
[[14], [14], [19]]
35
[[14], [16], [19]]
41
[[14], [16], [18]]
38
[[14], [16], [16]]
34
[[14], [9], [19]]
35
[[16], [12], [19]]
35
[[16], [17], [17]]
42
[[16], [17], [19]]
56
[[16], [17, 19]]
36
[[16], [17], [15]]
37
[[16], [17], [10]]
35
[[16], [17], [18]]
51
[[16], [17], [14]]
38
[[16], [17], [16]]
40
[[16], [17], [11]]
38
[[16], [17], [7]]
34
[[16], [19], [12]]
36
[[16], [19], [17]]
57
[[16], [19], [19]]
69
[[16], [19], [15]]
51
[[16], [19], [4]]
38
[[16], [19], [10]]
45
[[16], [19], [5]]
35
[[16], [19], [18]]
66
[[16], [19], [13]]
36
[[16], [19], [14]]
47
[[16], [19], [16]]
50
[[16], [19], [11]]
43
[[16], [19], [7]]
39
[[16], [19], [6]]
35
[[16], [19], [3]]
35
[[16], [19], [0]]
35
[[16], [19], [9]]
37
[[16], [19], [8]]
42
[[16, 19], [17]]
44
[[16, 19], [19]]
50
[[16, 19], [18]]
48
[[16, 19], [16]]
45
[[16, 19], [11]]
34
[[16, 19], [8]]
35
[[16], [15], [19]]
39
[[16], [15], [18]]
37
[[16], [10], [19]]
39
[[16], [10], [18]]
34
[[16], [18], [12]]
36
[[16], [18], [17]]
50
[[16], [18], [19]]
63
[[16], [18, 19]]
59
[[16], [18], [15]]
43
[[16], [18], [10]]
36
[[16], [18], [5]]
36
[[16], [18], [18]]
61
[[16], [18], [14]]
43
[[16], [18], [16]]
48
[[16], [18], [11]]
36
[[16], [18], [7]]
35
[[16], [18], [8]]
38
[[16], [13], [19]]
34
[[16], [14], [17]]
34
[[16], [14], [19]]
43
[[16], [14], [18]]
37
[[16], [16], [17]]
45
[[16], [16], [19]]
56
[[16], [16, 19]]
34
[[16], [16], [15]]
42
[[16], [16], [10]]
35
[[16], [16], [18]]
51
[[16], [16], [14]]
34
[[16], [16], [16]]
41
[[16], [16], [11]]
35
[[16], [16], [7]]
34
[[16], [16], [8]]
35
[[16], [11], [19]]
36
[[16], [11], [18]]
35
[[16], [7], [19]]
35
[[16], [6], [19]]
39
[[16], [3], [19]]
34
[[16], [9], [17]]
35
[[16], [9], [19]]
43
[[16], [8], [19]]
41
[[16], [8], [16]]
34
[[11], [17], [19]]
40
[[11], [17], [18]]
41
[[11], [17], [16]]
34
[[11], [19], [17]]
44
[[11], [19], [19]]
50
[[11], [19], [15]]
38
[[11], [19], [18]]
52
[[11], [19], [14]]
34
[[11], [19], [16]]
44
[[11], [18], [17]]
36
[[11], [18], [19]]
45
[[11], [18, 19]]
41
[[11], [18], [15]]
36
[[11], [18], [18]]
47
[[11], [18], [16]]
38
[[11], [16], [17]]
35
[[11], [16], [19]]
37
[[11], [16], [18]]
37
[[7], [19], [19]]
43
[[7], [19], [18]]
43
[[7], [18, 19]]
38
[[7], [18], [18]]
38
[[6], [17], [19]]
35
[[6], [19], [17]]
38
[[6], [19], [19]]
50
[[6], [19], [15]]
37
[[6], [19], [18]]
42
[[6], [19], [16]]
39
[[6], [19], [11]]
36
[[6], [18], [17]]
37
[[6], [18], [19]]
47
[[6], [18, 19]]
42
[[6], [18], [18]]
40
[[6], [18], [16]]
35
[[6], [16], [19]]
39
[[3], [19], [17]]
34
[[3], [19], [18]]
36
[[3], [18, 19]]
34
[[3], [18], [18]]
35
[[0], [19], [19]]
40
[[0], [19], [18]]
39
[[0], [18], [19]]
38
[[0], [18, 19]]
36
[[0], [18], [18]]
35
[[9], [17], [19]]
36
[[9], [19], [17]]
44
[[9], [19], [19]]
50
[[9], [19], [15]]
36
[[9], [19], [18]]
48
[[9], [19], [14]]
38
[[9], [19], [16]]
42
[[9], [19], [11]]
34
[[9], [18], [17]]
39
[[9], [18], [19]]
43
[[9], [18, 19]]
47
[[9], [18], [18]]
43
[[9], [18], [14]]
34
[[9], [18], [16]]
36
[[9], [14], [19]]
36
[[9], [16], [19]]
36
[[2], [19], [17]]
34
[[2], [19], [19]]
36
[[2], [19], [18]]
38
[[2], [18], [19]]
35
[[8], [17], [19]]
38
[[8], [17], [18]]
34
[[8], [19], [17]]
44
[[8], [19], [19]]
46
[[8], [19], [15]]
35
[[8], [19], [18]]
49
[[8], [19], [16]]
44
[[8], [18], [17]]
40
[[8], [18], [19]]
46
[[8], [18, 19]]
44
[[8], [18], [18]]
44
[[8], [18], [16]]
37
[[8], [16], [17]]
36
[[8], [16], [19]]
37
[[8], [16], [18]]
35
[[17], [17], [19], [18]]
38
[[17], [17], [18], [19]]
34
[[17], [19], [17], [19]]
35
[[17], [19], [17], [18]]
34
[[17], [19], [19], [17]]
44
[[17], [19], [19], [19]]
52
[[17], [19], [19], [15]]
40
[[17], [19], [19], [10]]
37
[[17], [19], [19], [18]]
51
[[17], [19], [19], [14]]
36
[[17], [19], [19], [16]]
45
[[17], [19], [19], [11]]
38
[[17], [19], [18], [17]]
39
[[17], [19], [18], [19]]
48
[[17], [19], [18, 19]]
45
[[17], [19], [18], [15]]
35
[[17], [19], [18], [18]]
41
[[17], [19], [18], [16]]
42
[[17], [19], [16], [19]]
43
[[17], [19], [16], [18]]
41
[[17, 19], [19], [18]]
37
[[17], [18], [19], [17]]
38
[[17], [18], [19], [19]]
39
[[17], [18], [19], [18]]
44
[[17], [18, 19], [19]]
41
[[17], [18, 19], [18]]
47
[[17], [18, 19], [16]]
38
[[17], [18], [18], [19]]
40
[[17], [18], [18, 19]]
37
[[17], [18], [18], [18]]
37
[[17], [18], [16], [19]]
35
[[17], [18], [16], [18]]
36
[[17], [16], [19], [19]]
36
[[17], [16], [19], [18]]
36
[[19], [17], [17], [19]]
36
[[19], [17], [19], [17]]
37
[[19], [17], [19], [19]]
48
[[19], [17], [19], [15]]
37
[[19], [17], [19], [18]]
49
[[19], [17], [19], [14]]
38
[[19], [17], [19], [16]]
43
[[19], [17], [19], [11]]
35
[[19], [17, 19], [19]]
35
[[19], [17, 19], [18]]
36
[[19], [17], [18], [17]]
36
[[19], [17], [18], [19]]
46
[[19], [17], [18, 19]]
40
[[19], [17], [18], [18]]
45
[[19], [17], [18], [14]]
35
[[19], [17], [18], [16]]
39
[[19], [17], [16], [19]]
39
[[19], [17], [16], [18]]
37
[[19], [19], [17], [17]]
37
[[19], [19], [17], [19]]
49
[[19], [19], [17, 19]]
35
[[19], [19], [17], [15]]
38
[[19], [19], [17], [10]]
34
[[19], [19], [17], [18]]
45
[[19], [19], [17], [16]]
41
[[19], [19], [19], [12]]
34
[[19], [19], [19], [17]]
56
[[19], [19], [19], [19]]
66
[[19], [19], [19], [15]]
51
[[19], [19], [19], [4]]
35
[[19], [19], [19], [10]]
44
[[19], [19], [19], [18]]
62
[[19], [19], [19], [13]]
34
[[19], [19], [19], [14]]
47
[[19], [19], [19], [16]]
55
[[19], [19], [19], [11]]
46
[[19], [19], [19], [7]]
34
[[19], [19], [19], [6]]
37
[[19], [19], [19], [3]]
36
[[19], [19], [19], [8]]
40
[[19], [19], [15], [19]]
38
[[19], [19], [15], [18]]
34
[[19], [19], [4], [19]]
34
[[19], [19], [18], [17]]
53
[[19], [19], [18], [19]]
61
[[19], [19], [18, 19]]
58
[[19], [19], [18], [15]]
45
[[19], [19], [18], [10]]
35
[[19], [19], [18], [18]]
53
[[19], [19], [18], [14]]
43
[[19], [19], [18], [16]]
51
[[19], [19], [18], [11]]
37
[[19], [19], [18], [8]]
40
[[19], [19], [13], [19]]
34
[[19], [19], [14], [19]]
40
[[19], [19], [14], [18]]
36
[[19], [19], [16], [17]]
40
[[19], [19], [16], [19]]
50
[[19], [19], [16], [15]]
37
[[19], [19], [16], [18]]
45
[[19], [19], [16], [16]]
40
[[19], [19], [11], [19]]
38
[[19], [19], [11], [18]]
36
[[19], [19], [6], [19]]
40
[[19], [19], [9], [19]]
40
[[19], [19], [8], [19]]
35
[[19], [15], [19], [19]]
40
[[19], [15], [19], [18]]
41
[[19], [15], [18], [19]]
39
[[19], [15], [18], [18]]
37
[[19], [15], [16], [19]]
38
[[19], [15], [16], [18]]
34
[[19], [5], [19], [19]]
36
[[19], [5], [19], [18]]
34
[[19], [5], [18], [19]]
34
[[19], [18], [17], [17]]
34
[[19], [18], [17], [19]]
35
[[19], [18], [17], [18]]
35
[[19], [18], [19], [17]]
46
[[19], [18], [19], [19]]
46
[[19], [18], [19], [15]]
39
[[19], [18], [19], [18]]
48
[[19], [18], [19], [14]]
41
[[19], [18], [19], [16]]
37
[[19], [18], [19], [11]]
34
[[19], [18, 19], [17]]
43
[[19], [18, 19], [19]]
53
[[19], [18, 19], [15]]
41
[[19], [18, 19], [18]]
53
[[19], [18, 19], [14]]
40
[[19], [18, 19], [16]]
42
[[19], [18, 19], [8]]
34
[[19], [18], [18], [17]]
43
[[19], [18], [18], [19]]
48
[[19], [18], [18, 19]]
46
[[19], [18], [18], [15]]
37
[[19], [18], [18], [18]]
43
[[19], [18], [18], [14]]
36
[[19], [18], [18], [16]]
39
[[19], [18], [16], [19]]
35
[[19], [18], [16], [18]]
36
[[19], [18], [9], [19]]
34
[[19], [14], [19], [19]]
37
[[19], [16], [17], [19]]
38
[[19], [16], [19], [17]]
38
[[19], [16], [19], [19]]
49
[[19], [16], [19], [15]]
41
[[19], [16], [19], [18]]
48
[[19], [16], [19], [14]]
34
[[19], [16, 19], [19]]
35
[[19], [16], [18], [17]]
35
[[19], [16], [18], [19]]
47
[[19], [16], [18, 19]]
46
[[19], [16], [18], [15]]
36
[[19], [16], [18], [18]]
44
[[19], [16], [16], [19]]
38
[[19], [16], [9], [19]]
34
[[19], [11], [19], [19]]
36
[[19], [11], [19], [18]]
35
[[19], [11], [18], [18]]
36
[[19], [6], [19], [19]]
36
[[19], [9], [19], [19]]
36
[[19], [9], [19], [18]]
35
[[19], [9], [18, 19]]
36
[[19], [8], [19], [18]]
34
[[15], [19], [19], [19]]
41
[[5], [19], [19], [19]]
39
[[5], [19], [19], [18]]
37
[[5], [19], [18], [19]]
37
[[5], [19], [18, 19]]
34
[[5], [19], [18], [18]]
34
[[5], [18, 19], [19]]
35
[[5], [18], [18], [19]]
36
[[18], [17], [19], [19]]
38
[[18], [17], [19], [18]]
38
[[18], [17], [18], [19]]
38
[[18], [17], [18], [18]]
36
[[18], [19], [17], [19]]
37
[[18], [19], [17], [18]]
36
[[18], [19], [19], [17]]
47
[[18], [19], [19], [19]]
57
[[18], [19], [19], [15]]
41
[[18], [19], [19], [18]]
51
[[18], [19], [19], [14]]
37
[[18], [19], [19], [16]]
43
[[18], [19], [15], [19]]
34
[[18], [19], [10], [19]]
34
[[18], [19], [18], [17]]
42
[[18], [19], [18], [19]]
53
[[18], [19], [18, 19]]
47
[[18], [19], [18], [15]]
36
[[18], [19], [18], [18]]
46
[[18], [19], [18], [16]]
41
[[18], [19], [18], [8]]
35
[[18], [19], [16], [19]]
41
[[18], [19], [16], [18]]
35
[[18, 19], [17], [17]]
34
[[18, 19], [17], [19]]
39
[[18, 19], [17], [18]]
41
[[18, 19], [17], [16]]
39
[[18, 19], [19], [17]]
42
[[18, 19], [19], [19]]
54
[[18, 19], [19], [15]]
39
[[18, 19], [19], [18]]
55
[[18, 19], [19], [14]]
37
[[18, 19], [19], [16]]
44
[[18, 19], [18], [17]]
39
[[18, 19], [18], [19]]
49
[[18, 19], [18, 19]]
46
[[18, 19], [18], [15]]
38
[[18, 19], [18], [18]]
48
[[18, 19], [18], [16]]
42
[[18, 19], [18], [8]]
36
[[18, 19], [16], [19]]
42
[[18, 19], [16], [18]]
42
[[18], [18], [19], [17]]
42
[[18], [18], [19], [19]]
46
[[18], [18], [19], [15]]
38
[[18], [18], [19], [18]]
44
[[18], [18], [19], [16]]
36
[[18], [18], [19], [8]]
34
[[18], [18, 19], [17]]
37
[[18], [18, 19], [19]]
47
[[18], [18, 19], [15]]
36
[[18], [18, 19], [18]]
48
[[18], [18, 19], [14]]
35
[[18], [18, 19], [16]]
36
[[18], [18, 19], [8]]
35
[[18], [18], [18], [17]]
38
[[18], [18], [18], [19]]
44
[[18], [18], [18, 19]]
40
[[18], [18], [18], [18]]
38
[[18], [18], [18], [16]]
36
[[18], [18], [18], [8]]
34
[[18], [18], [16], [19]]
37
[[18], [14], [19], [19]]
35
[[18], [16], [19], [19]]
44
[[18], [16], [19], [18]]
42
[[18], [16], [18], [19]]
40
[[18], [16], [18, 19]]
42
[[18], [16], [18], [18]]
39
[[14], [19], [19], [17]]
35
[[14], [19], [19], [19]]
38
[[14], [19], [19], [18]]
38
[[14], [19], [19], [16]]
36
[[16], [17], [19], [19]]
35
[[16], [17], [19], [18]]
36
[[16], [19], [17], [19]]
38
[[16], [19], [19], [17]]
42
[[16], [19], [19], [19]]
54
[[16], [19], [19], [15]]
40
[[16], [19], [19], [18]]
44
[[16], [19], [19], [14]]
37
[[16], [19], [19], [16]]
34
[[16], [19], [18], [17]]
35
[[16], [19], [18], [19]]
44
[[16], [19], [18, 19]]
47
[[16], [19], [18], [18]]
40
[[16, 19], [19], [18]]
40
[[16, 19], [18, 19]]
36
[[16, 19], [18], [18]]
36
[[16], [18], [19], [19]]
38
[[16], [18], [19], [18]]
35
[[16], [18, 19], [19]]
43
[[16], [18, 19], [18]]
45
[[16], [18], [18], [19]]
39
[[16], [18], [18, 19]]
34
[[16], [18], [18], [18]]
34
[[16], [16], [18], [19]]
34
[[11], [19], [19], [18]]
35
[[6], [19], [19], [19]]
36
[[9], [19], [19], [17]]
34
[[9], [19], [19], [19]]
38
[[9], [18, 19], [18]]
35
[[8], [19], [19], [19]]
38
[[17], [19], [19], [19], [19]]
34
[[17], [19], [19], [19], [18]]
34
[[17], [19], [18, 19], [18]]
36
[[19], [17], [19], [19], [19]]
34
[[19], [19], [19], [19], [17]]
36
[[19], [19], [19], [19], [19]]
45
[[19], [19], [19], [19], [15]]
34
[[19], [19], [19], [19], [18]]
43
[[19], [19], [19], [18], [19]]
39
[[19], [19], [19], [18, 19]]
38
[[19], [19], [19], [18], [18]]
35
[[19], [19], [19], [16], [19]]
34
[[19], [19], [18], [19], [19]]
36
[[19], [19], [18, 19], [19]]
44
[[19], [19], [18, 19], [18]]
40
[[19], [16], [19], [19], [19]]
35
[[19], [16], [19], [18, 19]]
34
[[18], [19], [19], [19], [19]]
35
[[18], [19], [19], [19], [18]]
34
[[18], [19], [18, 19], [19]]
35
[[18, 19], [19], [19], [19]]
34
[[18, 19], [19], [18], [19]]
35
