[[4]]
57
[[16]]
81
[[5]]
64
[[12]]
82
[[19]]
109
[[14]]
80
[[18]]
97
[[13]]
85
[[2]]
65
[[8]]
73
[[11]]
72
[[15]]
85
[[1]]
56
[[7]]
70
[[3]]
58
[[6]]
66
[[9]]
67
[[17]]
95
[[0]]
59
[[10]]
64
[[4], [19]]
44
[[4], [14]]
36
[[4], [18]]
37
[[16], [16]]
50
[[16], [5]]
38
[[16], [12]]
43
[[16], [19]]
62
[[16, 19]]
39
[[16], [14]]
46
[[16], [18]]
50
[[16], [13]]
40
[[16], [15]]
44
[[16], [17]]
49
[[5], [16]]
37
[[5], [19]]
44
[[5], [18]]
37
[[12], [16]]
41
[[12], [12]]
39
[[12], [19]]
61
[[12], [14]]
48
[[12], [18]]
55
[[12], [13]]
44
[[12], [8]]
39
[[12], [15]]
49
[[12], [17]]
49
[[19], [4]]
46
[[19], [16]]
67
[[19], [5]]
54
[[19], [12]]
67
[[19], [19]]
95
[[19], [14]]
68
[[19], [18]]
81
[[19], [13]]
71
[[19], [2]]
47
[[19], [8]]
60
[[19], [11]]
58
[[19], [15]]
68
[[19], [1]]
43
[[19], [7]]
57
[[19], [3]]
48
[[19], [6]]
52
[[19], [9]]
51
[[19], [17]]
79
[[19], [0]]
49
[[19], [10]]
53
[[14], [16]]
47
[[14], [5]]
37
[[14], [12]]
51
[[14], [19]]
67
[[14], [14]]
47
[[14], [18]]
52
[[14], [13]]
52
[[14], [8]]
42
[[14], [11]]
40
[[14], [15]]
51
[[14], [7]]
39
[[14], [6]]
38
[[14], [9]]
36
[[14], [17]]
54
[[14], [10]]
37
[[18], [4]]
42
[[18], [16]]
58
[[18], [5]]
46
[[18], [12]]
58
[[18], [19]]
76
[[18, 19]]
73
[[18], [14]]
56
[[18], [18]]
67
[[18], [13]]
58
[[18], [2]]
39
[[18], [8]]
48
[[18], [11]]
49
[[18], [15]]
56
[[18], [1]]
37
[[18], [7]]
45
[[18], [3]]
41
[[18], [6]]
44
[[18], [9]]
46
[[18], [17]]
63
[[18], [0]]
42
[[18], [10]]
43
[[13], [16]]
41
[[13], [5]]
36
[[13], [19]]
68
[[13], [14]]
48
[[13], [18]]
54
[[13], [13]]
46
[[13], [8]]
40
[[13], [11]]
44
[[13], [15]]
48
[[13], [7]]
37
[[13], [9]]
40
[[13], [17]]
55
[[13], [0]]
37
[[13], [10]]
38
[[2], [16]]
39
[[2], [19]]
51
[[2], [18]]
39
[[2], [17]]
44
[[8], [16]]
42
[[8], [19]]
59
[[8], [18]]
52
[[8], [13]]
40
[[8], [11]]
39
[[8], [15]]
36
[[8], [17]]
47
[[8], [10]]
36
[[11], [16]]
37
[[11], [19]]
57
[[11], [14]]
44
[[11], [18]]
47
[[11], [13]]
49
[[11], [11]]
44
[[11], [15]]
44
[[11], [17]]
50
[[15], [16]]
49
[[15], [12]]
41
[[15], [19]]
67
[[15], [14]]
47
[[15], [18]]
57
[[15], [13]]
50
[[15], [8]]
36
[[15], [11]]
41
[[15], [15]]
47
[[15], [17]]
57
[[1], [19]]
43
[[1], [18]]
36
[[1], [17]]
36
[[7], [16]]
36
[[7], [19]]
59
[[7], [14]]
39
[[7], [18]]
46
[[7], [13]]
39
[[7], [15]]
37
[[7], [17]]
43
[[3], [19]]
46
[[3], [18]]
39
[[6], [16]]
37
[[6], [12]]
38
[[6], [19]]
52
[[6], [14]]
38
[[6], [18]]
45
[[6], [13]]
40
[[6], [15]]
36
[[6], [17]]
42
[[9], [16]]
36
[[9], [19]]
56
[[9], [14]]
41
[[9], [18]]
45
[[9], [13]]
41
[[9], [8]]
36
[[9], [11]]
36
[[9], [15]]
39
[[9], [17]]
46
[[17], [4]]
42
[[17], [16]]
54
[[17], [5]]
43
[[17], [12]]
51
[[17], [19]]
80
[[17, 19]]
57
[[17], [14]]
56
[[17], [18]]
63
[[17, 18]]
41
[[17], [13]]
61
[[17], [2]]
37
[[17], [8]]
45
[[17], [11]]
49
[[17], [15]]
59
[[17], [7]]
43
[[17], [6]]
39
[[17], [9]]
42
[[17], [17]]
65
[[17], [0]]
43
[[17], [10]]
45
[[0], [19]]
47
[[0], [18]]
39
[[0], [13]]
38
[[0], [17]]
36
[[10], [16]]
37
[[10], [19]]
48
[[10], [18]]
42
[[10], [13]]
37
[[10], [15]]
36
[[10], [17]]
40
[[16], [19], [19]]
43
[[12], [19], [19]]
39
[[12], [19], [14]]
36
[[12], [19], [17]]
38
[[12], [18, 19]]
37
[[12], [17], [19]]
39
[[19], [16], [16]]
38
[[19], [16], [19]]
43
[[19], [16], [14]]
36
[[19], [16], [18]]
37
[[19], [12], [19]]
43
[[19], [12], [18]]
37
[[19], [12], [17]]
36
[[19], [19], [16]]
49
[[19], [19], [5]]
38
[[19], [19], [12]]
50
[[19], [19], [19]]
67
[[19], [19], [14]]
51
[[19], [19], [18]]
59
[[19], [19], [13]]
51
[[19], [19], [8]]
41
[[19], [19], [11]]
42
[[19], [19], [15]]
51
[[19], [19], [7]]
42
[[19], [19], [9]]
41
[[19], [19], [17]]
58
[[19], [19], [10]]
36
[[19], [14], [16]]
36
[[19], [14], [12]]
37
[[19], [14], [19]]
52
[[19], [14], [14]]
36
[[19], [14], [18]]
37
[[19], [14], [13]]
40
[[19], [14], [15]]
38
[[19], [14], [17]]
41
[[19], [18], [16]]
41
[[19], [18], [12]]
44
[[19], [18], [19]]
63
[[19], [18, 19]]
57
[[19], [18], [14]]
46
[[19], [18], [18]]
54
[[19], [18], [13]]
51
[[19], [18], [8]]
37
[[19], [18], [15]]
43
[[19], [18], [6]]
36
[[19], [18], [9]]
40
[[19], [18], [17]]
54
[[19], [13], [19]]
54
[[19], [13], [14]]
38
[[19], [13], [18]]
40
[[19], [13], [13]]
36
[[19], [13], [15]]
39
[[19], [13], [17]]
47
[[19], [8], [19]]
44
[[19], [11], [19]]
45
[[19], [11], [17]]
37
[[19], [15], [19]]
47
[[19], [15], [18]]
36
[[19], [15], [17]]
41
[[19], [7], [19]]
45
[[19], [6], [19]]
36
[[19], [9], [19]]
38
[[19], [17], [16]]
38
[[19], [17], [12]]
37
[[19], [17], [19]]
60
[[19], [17, 19]]
45
[[19], [17], [14]]
39
[[19], [17], [18]]
46
[[19], [17], [13]]
45
[[19], [17], [15]]
44
[[19], [17], [17]]
49
[[19], [0], [19]]
37
[[14], [12], [19]]
37
[[14], [19], [19]]
48
[[14], [19], [18]]
42
[[14], [19], [17]]
37
[[14], [18], [19]]
38
[[14], [18, 19]]
42
[[14], [18], [18]]
38
[[14], [13], [19]]
39
[[14], [15], [19]]
37
[[14], [17], [19]]
43
[[18], [16], [19]]
38
[[18], [12], [19]]
39
[[18], [19], [16]]
44
[[18], [19], [12]]
39
[[18], [19], [19]]
61
[[18], [19], [14]]
39
[[18], [19], [18]]
51
[[18], [19], [13]]
42
[[18], [19], [15]]
42
[[18], [19], [17]]
48
[[18, 19], [16]]
40
[[18, 19], [12]]
41
[[18, 19], [19]]
50
[[18, 19], [14]]
42
[[18, 19], [18]]
44
[[18, 19], [13]]
40
[[18, 19], [15]]
40
[[18, 19], [17]]
42
[[18], [14], [19]]
37
[[18], [18], [16]]
40
[[18], [18], [19]]
54
[[18], [18, 19]]
48
[[18], [18], [14]]
37
[[18], [18], [18]]
44
[[18], [18], [13]]
43
[[18], [18], [15]]
38
[[18], [18], [17]]
44
[[18], [13], [19]]
43
[[18], [11], [19]]
38
[[18], [15], [19]]
42
[[18], [17], [19]]
52
[[18], [17, 19]]
38
[[18], [17], [18]]
37
[[18], [17], [13]]
36
[[18], [17], [15]]
39
[[18], [17], [17]]
40
[[13], [19], [19]]
46
[[13], [19], [18]]
39
[[13], [18], [19]]
37
[[13], [18, 19]]
39
[[13], [18], [18]]
36
[[13], [15], [19]]
36
[[13], [17], [19]]
40
[[8], [19], [19]]
43
[[8], [19], [18]]
37
[[8], [18], [19]]
38
[[8], [18, 19]]
38
[[11], [19], [19]]
36
[[15], [19], [16]]
39
[[15], [19], [19]]
45
[[15], [19], [18]]
42
[[15], [19], [17]]
38
[[15], [18], [19]]
43
[[15], [18, 19]]
39
[[15], [18], [18]]
39
[[15], [18], [13]]
36
[[15], [13], [19]]
38
[[15], [17], [19]]
41
[[1], [19], [19]]
37
[[7], [19], [19]]
37
[[7], [18, 19]]
37
[[6], [19], [19]]
38
[[9], [19], [19]]
44
[[9], [19], [17]]
38
[[17], [19], [16]]
41
[[17], [19], [19]]
55
[[17], [19], [14]]
37
[[17], [19], [18]]
49
[[17], [19], [13]]
37
[[17], [19], [15]]
38
[[17], [19], [17]]
48
[[17, 19], [19]]
42
[[17], [14], [19]]
39
[[17], [18], [19]]
47
[[17], [18, 19]]
48
[[17], [18], [18]]
43
[[17], [18], [17]]
37
[[17], [13], [19]]
40
[[17], [11], [19]]
36
[[17], [15], [19]]
41
[[17], [17], [19]]
49
[[17], [17, 19]]
39
[[17], [17], [18]]
37
[[17], [17], [17]]
39
[[19], [19], [19], [19]]
48
[[19], [19], [19], [18]]
39
[[19], [19], [19], [17]]
41
[[19], [19], [18], [19]]
36
[[19], [19], [18, 19]]
40
[[19], [19], [17], [19]]
40
[[19], [18], [19], [19]]
42
[[19], [18], [19], [18]]
41
[[19], [18, 19], [19]]
38
[[19], [18], [18], [19]]
37
[[19], [18], [18, 19]]
37
[[19], [18], [13], [19]]
36
[[19], [18], [17], [19]]
38
[[14], [19], [19], [19]]
39
[[18], [19], [19], [19]]
44
[[18], [19], [19], [18]]
37
[[18], [19], [18], [19]]
37
[[18], [19], [17], [19]]
37
[[18, 19], [19], [19]]
38
[[18, 19], [18], [19]]
36
[[18], [18], [19], [19]]
40
[[18], [18], [19], [18]]
37
[[18], [18, 19], [19]]
36
[[17], [19], [19], [19]]
36
[[17], [19], [18, 19]]
36
[[17], [18], [19], [19]]
36
