[[13]]
82
[[14]]
85
[[12]]
77
[[3]]
58
[[0]]
42
[[8]]
63
[[9]]
61
[[10]]
72
[[11]]
69
[[7]]
59
[[2]]
53
[[1]]
53
[[6]]
60
[[4]]
47
[[5]]
53
[[13], [13]]
64
[[13], [14]]
69
[[13, 14]]
57
[[13], [12]]
59
[[13], [3]]
43
[[13], [0]]
30
[[13], [8]]
51
[[13], [9]]
48
[[13], [10]]
52
[[13], [11]]
51
[[13], [7]]
43
[[13], [2]]
44
[[13], [1]]
37
[[13], [6]]
41
[[13], [4]]
37
[[13], [5]]
36
[[14], [13]]
68
[[14], [14]]
70
[[14], [12]]
63
[[14], [3]]
47
[[14], [0]]
34
[[14], [8]]
55
[[14], [9]]
46
[[14], [10]]
60
[[14], [11]]
59
[[14], [7]]
45
[[14], [2]]
44
[[14], [1]]
39
[[14], [6]]
48
[[14], [4]]
38
[[14], [5]]
40
[[12], [13]]
58
[[12, 13]]
34
[[12], [14]]
63
[[12, 14]]
45
[[12], [12]]
53
[[12], [3]]
38
[[12], [0]]
29
[[12], [8]]
48
[[12], [9]]
46
[[12], [10]]
53
[[12], [11]]
58
[[12], [7]]
42
[[12], [2]]
33
[[12], [1]]
39
[[12], [6]]
39
[[12], [4]]
37
[[12], [5]]
32
[[3], [13]]
43
[[3], [14]]
50
[[3], [12]]
42
[[3], [3]]
26
[[3], [8]]
38
[[3], [9]]
31
[[3], [10]]
38
[[3], [11]]
41
[[3], [7]]
30
[[3], [2]]
28
[[3], [1]]
23
[[3], [6]]
30
[[3], [4]]
27
[[3], [5]]
23
[[0], [13]]
29
[[0], [14]]
36
[[0], [12]]
32
[[0], [8]]
31
[[0], [10]]
24
[[0], [11]]
29
[[0], [2]]
25
[[8], [13]]
46
[[8], [14]]
48
[[8], [12]]
46
[[8], [3]]
28
[[8], [0]]
26
[[8], [8]]
36
[[8], [9]]
34
[[8], [10]]
42
[[8], [11]]
42
[[8], [7]]
34
[[8], [2]]
35
[[8], [1]]
26
[[8], [6]]
32
[[8], [4]]
29
[[8], [5]]
25
[[9], [13]]
47
[[9], [14]]
53
[[9, 14]]
23
[[9], [12]]
48
[[9], [3]]
31
[[9], [0]]
24
[[9], [8]]
37
[[9], [9]]
37
[[9], [10]]
42
[[9], [11]]
43
[[9], [7]]
35
[[9], [2]]
27
[[9], [1]]
31
[[9], [6]]
37
[[9], [4]]
30
[[9], [5]]
29
[[10], [13]]
50
[[10], [14]]
57
[[10, 14]]
26
[[10], [12]]
50
[[10], [3]]
31
[[10], [0]]
31
[[10], [8]]
48
[[10], [9]]
40
[[10], [10]]
35
[[10], [11]]
48
[[10], [7]]
34
[[10], [2]]
34
[[10], [1]]
27
[[10], [6]]
37
[[10], [4]]
33
[[10], [5]]
34
[[11], [13]]
47
[[11], [14]]
54
[[11, 14]]
29
[[11], [12]]
53
[[11], [3]]
34
[[11], [0]]
29
[[11], [8]]
42
[[11], [9]]
38
[[11], [10]]
48
[[11], [11]]
49
[[11], [7]]
37
[[11], [2]]
33
[[11], [1]]
32
[[11], [6]]
39
[[11], [4]]
37
[[11], [5]]
33
[[7], [13]]
41
[[7], [14]]
47
[[7], [12]]
40
[[7], [3]]
29
[[7], [8]]
37
[[7], [9]]
32
[[7], [10]]
39
[[7], [11]]
40
[[7], [7]]
33
[[7], [2]]
32
[[7], [1]]
25
[[7], [6]]
33
[[7], [4]]
26
[[7], [5]]
27
[[2], [13]]
32
[[2], [14]]
35
[[2], [12]]
29
[[2], [3]]
23
[[2], [8]]
28
[[2], [9]]
23
[[2], [10]]
26
[[2], [11]]
31
[[2], [7]]
25
[[2], [2]]
23
[[2], [6]]
23
[[1], [13]]
35
[[1], [14]]
45
[[1], [12]]
35
[[1], [3]]
31
[[1], [8]]
26
[[1], [9]]
28
[[1], [10]]
31
[[1], [11]]
35
[[1], [7]]
27
[[1], [2]]
26
[[1], [1]]
27
[[1], [6]]
28
[[1], [4]]
24
[[6], [13]]
44
[[6], [14]]
44
[[6], [12]]
39
[[6], [3]]
26
[[6], [8]]
30
[[6], [9]]
31
[[6], [10]]
31
[[6], [11]]
37
[[6], [7]]
28
[[6], [2]]
29
[[6], [1]]
23
[[6], [6]]
25
[[6], [4]]
23
[[4], [13]]
34
[[4], [14]]
38
[[4], [12]]
30
[[4], [8]]
26
[[4], [9]]
24
[[4], [10]]
28
[[4], [11]]
33
[[4], [7]]
24
[[4], [2]]
24
[[4], [6]]
24
[[4], [4]]
25
[[5], [13]]
40
[[5], [14]]
41
[[5], [12]]
37
[[5], [3]]
29
[[5], [8]]
35
[[5], [9]]
30
[[5], [10]]
30
[[5], [11]]
37
[[5], [7]]
24
[[5], [2]]
30
[[5], [1]]
25
[[5], [6]]
28
[[5], [5]]
28
[[13], [13], [13]]
42
[[13], [13], [14]]
51
[[13], [13, 14]]
46
[[13], [13], [12]]
41
[[13], [13], [3]]
30
[[13], [13], [8]]
40
[[13], [13], [9]]
31
[[13], [13], [10]]
38
[[13], [13], [11]]
42
[[13], [13], [7]]
33
[[13], [13], [2]]
28
[[13], [13], [6]]
28
[[13], [13], [4]]
24
[[13], [13], [5]]
24
[[13], [14], [13]]
44
[[13], [14], [14]]
51
[[13], [14], [12]]
44
[[13], [14], [3]]
30
[[13], [14], [0]]
25
[[13], [14], [8]]
39
[[13], [14], [9]]
33
[[13], [14], [10]]
37
[[13], [14], [11]]
43
[[13], [14], [7]]
35
[[13], [14], [2]]
31
[[13], [14], [1]]
23
[[13], [14], [6]]
34
[[13], [14], [4]]
27
[[13], [14], [5]]
24
[[13, 14], [13]]
44
[[13, 14], [14]]
47
[[13, 14], [12]]
40
[[13, 14], [3]]
28
[[13, 14], [8]]
36
[[13, 14], [9]]
28
[[13, 14], [10]]
38
[[13, 14], [11]]
37
[[13, 14], [7]]
28
[[13, 14], [2]]
26
[[13, 14], [6]]
25
[[13], [12], [13]]
33
[[13], [12, 13]]
24
[[13], [12], [14]]
44
[[13], [12, 14]]
30
[[13], [12], [12]]
38
[[13], [12], [3]]
23
[[13], [12], [8]]
36
[[13], [12], [9]]
27
[[13], [12], [10]]
36
[[13], [12], [11]]
40
[[13], [12], [7]]
29
[[13], [12], [1]]
23
[[13], [12], [6]]
25
[[13], [3], [13]]
29
[[13], [3], [14]]
38
[[13], [3], [12]]
32
[[13], [3], [8]]
28
[[13], [3], [9]]
23
[[13], [3], [10]]
25
[[13], [3], [11]]
30
[[13], [0], [14]]
25
[[13], [8], [13]]
29
[[13], [8], [14]]
32
[[13], [8], [12]]
30
[[13], [8], [8]]
25
[[13], [8], [10]]
25
[[13], [8], [11]]
28
[[13], [8], [7]]
23
[[13], [8], [2]]
23
[[13], [8], [6]]
23
[[13], [9], [13]]
28
[[13], [9], [14]]
35
[[13], [9], [12]]
30
[[13], [9], [8]]
24
[[13], [9], [9]]
24
[[13], [9], [10]]
26
[[13], [9], [11]]
26
[[13], [9], [7]]
24
[[13], [10], [13]]
28
[[13], [10], [14]]
37
[[13], [10], [12]]
31
[[13], [10], [8]]
29
[[13], [10], [9]]
24
[[13], [10], [11]]
31
[[13], [10], [6]]
23
[[13], [11], [13]]
27
[[13], [11], [14]]
34
[[13], [11], [12]]
33
[[13], [11], [8]]
24
[[13], [11], [10]]
28
[[13], [11], [11]]
30
[[13], [11], [7]]
26
[[13], [11], [6]]
23
[[13], [7], [14]]
34
[[13], [7], [12]]
27
[[13], [7], [8]]
26
[[13], [7], [9]]
24
[[13], [7], [10]]
25
[[13], [7], [11]]
27
[[13], [2], [13]]
23
[[13], [2], [14]]
28
[[13], [2], [12]]
23
[[13], [2], [11]]
24
[[13], [1], [13]]
23
[[13], [1], [14]]
29
[[13], [1], [12]]
25
[[13], [6], [13]]
26
[[13], [6], [14]]
29
[[13], [6], [12]]
26
[[13], [6], [11]]
23
[[13], [4], [14]]
27
[[13], [5], [13]]
24
[[14], [13], [13]]
44
[[14], [13], [14]]
55
[[14], [13, 14]]
44
[[14], [13], [12]]
43
[[14], [13], [3]]
31
[[14], [13], [8]]
42
[[14], [13], [9]]
35
[[14], [13], [10]]
44
[[14], [13], [11]]
43
[[14], [13], [7]]
33
[[14], [13], [2]]
31
[[14], [13], [1]]
27
[[14], [13], [6]]
33
[[14], [13], [4]]
28
[[14], [13], [5]]
24
[[14], [14], [13]]
51
[[14], [14], [14]]
57
[[14], [14], [12]]
47
[[14], [14], [3]]
33
[[14], [14], [0]]
25
[[14], [14], [8]]
44
[[14], [14], [9]]
33
[[14], [14], [10]]
45
[[14], [14], [11]]
47
[[14], [14], [7]]
33
[[14], [14], [2]]
32
[[14], [14], [1]]
28
[[14], [14], [6]]
37
[[14], [14], [4]]
32
[[14], [14], [5]]
26
[[14], [12], [13]]
38
[[14], [12, 13]]
25
[[14], [12], [14]]
44
[[14], [12, 14]]
35
[[14], [12], [12]]
36
[[14], [12], [3]]
27
[[14], [12], [8]]
36
[[14], [12], [9]]
28
[[14], [12], [10]]
40
[[14], [12], [11]]
45
[[14], [12], [7]]
27
[[14], [12], [2]]
25
[[14], [12], [1]]
25
[[14], [12], [6]]
30
[[14], [12], [4]]
28
[[14], [3], [13]]
32
[[14], [3], [14]]
39
[[14], [3], [12]]
34
[[14], [3], [8]]
27
[[14], [3], [9]]
23
[[14], [3], [10]]
30
[[14], [3], [11]]
32
[[14], [3], [4]]
23
[[14], [0], [14]]
25
[[14], [8], [13]]
33
[[14], [8], [14]]
35
[[14], [8], [12]]
34
[[14], [8], [8]]
25
[[14], [8], [9]]
23
[[14], [8], [10]]
31
[[14], [8], [11]]
30
[[14], [8], [7]]
24
[[14], [8], [2]]
28
[[14], [8], [6]]
26
[[14], [8], [4]]
24
[[14], [9], [13]]
29
[[14], [9], [14]]
35
[[14], [9], [12]]
31
[[14], [9], [9]]
25
[[14], [9], [10]]
29
[[14], [9], [11]]
29
[[14], [9], [6]]
27
[[14], [10], [13]]
36
[[14], [10], [14]]
44
[[14], [10, 14]]
23
[[14], [10], [12]]
35
[[14], [10], [8]]
36
[[14], [10], [9]]
28
[[14], [10], [10]]
30
[[14], [10], [11]]
36
[[14], [10], [2]]
23
[[14], [10], [6]]
27
[[14], [10], [4]]
27
[[14], [11], [13]]
31
[[14], [11], [14]]
36
[[14], [11], [12]]
36
[[14], [11], [8]]
31
[[14], [11], [9]]
23
[[14], [11], [10]]
34
[[14], [11], [11]]
33
[[14], [11], [7]]
26
[[14], [11], [2]]
23
[[14], [11], [6]]
29
[[14], [7], [13]]
27
[[14], [7], [14]]
33
[[14], [7], [12]]
28
[[14], [7], [8]]
28
[[14], [7], [10]]
27
[[14], [7], [11]]
28
[[14], [7], [2]]
23
[[14], [7], [6]]
24
[[14], [2], [13]]
26
[[14], [2], [14]]
28
[[14], [2], [12]]
23
[[14], [2], [11]]
26
[[14], [1], [13]]
24
[[14], [1], [14]]
29
[[14], [1], [12]]
25
[[14], [1], [11]]
23
[[14], [6], [13]]
29
[[14], [6], [14]]
31
[[14], [6], [12]]
27
[[14], [6], [8]]
25
[[14], [6], [11]]
27
[[14], [6], [2]]
23
[[14], [4], [13]]
25
[[14], [4], [14]]
26
[[14], [5], [13]]
24
[[14], [5], [14]]
24
[[12], [13], [13]]
35
[[12], [13], [14]]
45
[[12], [13, 14]]
33
[[12], [13], [12]]
36
[[12], [13], [8]]
30
[[12], [13], [9]]
31
[[12], [13], [10]]
34
[[12], [13], [11]]
32
[[12], [13], [1]]
23
[[12], [13], [6]]
25
[[12], [13], [4]]
26
[[12, 13], [14]]
26
[[12], [14], [13]]
42
[[12], [14], [14]]
51
[[12], [14], [12]]
41
[[12], [14], [3]]
27
[[12], [14], [8]]
35
[[12], [14], [9]]
30
[[12], [14], [10]]
37
[[12], [14], [11]]
35
[[12], [14], [7]]
26
[[12], [14], [2]]
24
[[12], [14], [1]]
25
[[12], [14], [6]]
30
[[12], [14], [4]]
32
[[12, 14], [13]]
28
[[12, 14], [14]]
35
[[12, 14], [12]]
30
[[12, 14], [8]]
27
[[12, 14], [10]]
27
[[12, 14], [11]]
31
[[12], [12], [13]]
30
[[12], [12], [14]]
33
[[12], [12], [12]]
29
[[12], [12], [8]]
24
[[12], [12], [10]]
27
[[12], [12], [11]]
27
[[12], [12], [6]]
24
[[12], [3], [13]]
24
[[12], [3], [14]]
31
[[12], [3], [12]]
25
[[12], [3], [11]]
25
[[12], [8], [13]]
29
[[12], [8], [14]]
33
[[12], [8], [12]]
28
[[12], [8], [8]]
24
[[12], [8], [10]]
27
[[12], [8], [11]]
29
[[12], [9], [13]]
26
[[12], [9], [14]]
34
[[12], [9], [12]]
29
[[12], [9], [8]]
23
[[12], [9], [9]]
23
[[12], [9], [10]]
26
[[12], [9], [11]]
26
[[12], [10], [13]]
31
[[12], [10], [14]]
40
[[12], [10], [12]]
30
[[12], [10], [8]]
28
[[12], [10], [9]]
24
[[12], [10], [10]]
25
[[12], [10], [11]]
32
[[12], [10], [4]]
25
[[12], [11], [13]]
26
[[12], [11], [14]]
36
[[12], [11], [12]]
33
[[12], [11], [8]]
29
[[12], [11], [10]]
29
[[12], [11], [11]]
26
[[12], [11], [6]]
24
[[12], [11], [4]]
23
[[12], [7], [14]]
28
[[12], [7], [12]]
24
[[12], [7], [10]]
24
[[12], [7], [11]]
23
[[12], [1], [14]]
30
[[12], [1], [12]]
24
[[12], [1], [11]]
24
[[12], [6], [14]]
25
[[12], [4], [14]]
24
[[3], [13], [13]]
32
[[3], [13], [14]]
36
[[3], [13, 14]]
25
[[3], [13], [12]]
27
[[3], [13], [8]]
30
[[3], [13], [9]]
23
[[3], [13], [10]]
29
[[3], [13], [11]]
29
[[3], [14], [13]]
34
[[3], [14], [14]]
34
[[3], [14], [12]]
27
[[3], [14], [8]]
30
[[3], [14], [10]]
27
[[3], [14], [11]]
32
[[3], [14], [7]]
24
[[3], [12], [14]]
27
[[3], [12], [10]]
26
[[3], [12], [11]]
27
[[3], [9], [14]]
24
[[3], [10], [13]]
24
[[3], [10], [14]]
27
[[3], [11], [13]]
23
[[3], [11], [14]]
28
[[3], [11], [12]]
23
[[3], [11], [10]]
25
[[3], [11], [11]]
24
[[8], [13], [13]]
28
[[8], [13], [14]]
33
[[8], [13, 14]]
27
[[8], [13], [12]]
30
[[8], [13], [10]]
28
[[8], [13], [11]]
26
[[8], [13], [7]]
23
[[8], [14], [13]]
34
[[8], [14], [14]]
37
[[8], [14], [12]]
31
[[8], [14], [8]]
24
[[8], [14], [10]]
27
[[8], [14], [11]]
27
[[8], [14], [2]]
24
[[8], [14], [6]]
23
[[8], [12], [13]]
26
[[8], [12], [14]]
30
[[8], [12], [12]]
23
[[8], [12], [8]]
25
[[8], [12], [10]]
27
[[8], [12], [11]]
28
[[8], [9], [14]]
26
[[8], [9], [12]]
23
[[8], [10], [13]]
25
[[8], [10], [14]]
28
[[8], [10], [12]]
23
[[8], [10], [8]]
23
[[8], [11], [13]]
26
[[8], [11], [14]]
33
[[8], [11], [12]]
27
[[8], [11], [10]]
24
[[8], [11], [11]]
24
[[8], [7], [14]]
26
[[8], [2], [14]]
23
[[9], [13], [13]]
30
[[9], [13], [14]]
36
[[9], [13, 14]]
27
[[9], [13], [12]]
29
[[9], [13], [8]]
24
[[9], [13], [9]]
26
[[9], [13], [10]]
30
[[9], [13], [11]]
29
[[9], [13], [6]]
23
[[9], [14], [13]]
36
[[9], [14], [14]]
36
[[9], [14], [12]]
36
[[9], [14], [8]]
24
[[9], [14], [9]]
27
[[9], [14], [10]]
28
[[9], [14], [11]]
31
[[9], [14], [6]]
26
[[9], [12], [13]]
26
[[9], [12], [14]]
34
[[9], [12], [12]]
25
[[9], [12], [10]]
26
[[9], [12], [11]]
30
[[9], [12], [6]]
24
[[9], [3], [14]]
27
[[9], [8], [13]]
24
[[9], [8], [14]]
25
[[9], [8], [12]]
23
[[9], [8], [11]]
25
[[9], [9], [14]]
27
[[9], [9], [12]]
26
[[9], [9], [10]]
24
[[9], [9], [11]]
23
[[9], [10], [13]]
23
[[9], [10], [14]]
28
[[9], [10], [12]]
23
[[9], [10], [11]]
24
[[9], [11], [14]]
30
[[9], [11], [12]]
26
[[9], [11], [10]]
27
[[9], [11], [11]]
25
[[9], [7], [14]]
24
[[9], [6], [14]]
23
[[9], [6], [12]]
23
[[10], [13], [13]]
31
[[10], [13], [14]]
36
[[10], [13, 14]]
29
[[10], [13], [12]]
29
[[10], [13], [8]]
29
[[10], [13], [10]]
25
[[10], [13], [11]]
28
[[10], [14], [13]]
35
[[10], [14], [14]]
39
[[10], [14], [12]]
31
[[10], [14], [8]]
34
[[10], [14], [11]]
30
[[10], [14], [2]]
27
[[10], [14], [6]]
27
[[10], [14], [4]]
26
[[10], [12], [13]]
27
[[10], [12], [14]]
30
[[10], [12], [8]]
27
[[10], [12], [11]]
27
[[10], [3], [14]]
26
[[10], [8], [13]]
26
[[10], [8], [14]]
27
[[10], [8], [12]]
25
[[10], [8], [11]]
27
[[10], [9], [14]]
26
[[10], [11], [14]]
29
[[10], [11], [12]]
26
[[10], [11], [11]]
23
[[10], [7], [14]]
26
[[11], [13], [13]]
32
[[11], [13], [14]]
36
[[11], [13, 14]]
27
[[11], [13], [12]]
30
[[11], [13], [8]]
26
[[11], [13], [10]]
33
[[11], [13], [11]]
31
[[11], [13], [7]]
24
[[11], [13], [2]]
24
[[11], [14], [13]]
34
[[11], [14], [14]]
40
[[11], [14], [12]]
36
[[11], [14], [8]]
31
[[11], [14], [9]]
24
[[11], [14], [10]]
35
[[11], [14], [11]]
37
[[11], [14], [7]]
23
[[11], [14], [2]]
27
[[11], [14], [6]]
27
[[11], [14], [4]]
29
[[11], [12], [13]]
29
[[11], [12], [14]]
31
[[11], [12, 14]]
25
[[11], [12], [12]]
28
[[11], [12], [8]]
25
[[11], [12], [10]]
31
[[11], [12], [11]]
34
[[11], [3], [13]]
23
[[11], [3], [14]]
29
[[11], [3], [11]]
25
[[11], [8], [13]]
25
[[11], [8], [14]]
27
[[11], [8], [12]]
27
[[11], [8], [10]]
25
[[11], [8], [11]]
24
[[11], [9], [14]]
27
[[11], [9], [12]]
23
[[11], [10], [13]]
26
[[11], [10], [14]]
34
[[11], [10], [12]]
28
[[11], [10], [8]]
28
[[11], [10], [11]]
29
[[11], [11], [13]]
28
[[11], [11], [14]]
30
[[11], [11], [12]]
29
[[11], [11], [8]]
23
[[11], [11], [10]]
29
[[11], [11], [11]]
29
[[11], [7], [14]]
28
[[11], [7], [12]]
23
[[11], [7], [10]]
23
[[11], [7], [11]]
25
[[11], [1], [14]]
23
[[11], [6], [14]]
25
[[11], [4], [14]]
24
[[7], [13], [13]]
28
[[7], [13], [14]]
32
[[7], [13, 14]]
23
[[7], [13], [12]]
26
[[7], [13], [8]]
26
[[7], [13], [10]]
26
[[7], [13], [11]]
24
[[7], [14], [13]]
30
[[7], [14], [14]]
31
[[7], [14], [12]]
31
[[7], [14], [8]]
29
[[7], [14], [10]]
27
[[7], [14], [11]]
30
[[7], [12], [14]]
25
[[7], [12], [12]]
24
[[7], [12], [8]]
23
[[7], [12], [10]]
23
[[7], [12], [11]]
30
[[7], [3], [14]]
25
[[7], [10], [14]]
26
[[7], [10], [12]]
23
[[7], [11], [14]]
24
[[7], [11], [10]]
24
[[7], [7], [14]]
23
[[1], [13], [13]]
25
[[1], [13], [14]]
27
[[1], [13, 14]]
26
[[1], [13], [12]]
24
[[1], [13], [10]]
24
[[1], [14], [13]]
27
[[1], [14], [14]]
31
[[1], [14], [12]]
25
[[1], [14], [10]]
24
[[1], [14], [11]]
26
[[1], [14], [6]]
24
[[1], [3], [14]]
26
[[1], [11], [14]]
23
[[6], [13], [13]]
24
[[6], [13], [14]]
32
[[6], [13], [12]]
26
[[6], [13], [8]]
25
[[6], [13], [11]]
25
[[6], [14], [13]]
25
[[6], [14], [14]]
29
[[6], [14], [12]]
25
[[6], [14], [8]]
23
[[6], [14], [11]]
25
[[6], [12], [11]]
26
[[6], [3], [14]]
23
[[6], [9], [14]]
23
[[6], [7], [14]]
25
[[4], [13], [14]]
25
[[4], [13], [11]]
23
[[4], [14], [13]]
25
[[4], [14], [14]]
30
[[4], [14], [12]]
24
[[4], [14], [10]]
24
[[4], [14], [11]]
29
[[4], [11], [14]]
23
[[5], [13], [13]]
25
[[5], [13], [14]]
28
[[5], [13, 14]]
24
[[5], [13], [12]]
23
[[5], [14], [13]]
30
[[5], [14], [14]]
32
[[5], [14], [12]]
29
[[5], [14], [8]]
23
[[5], [14], [10]]
23
[[5], [14], [11]]
27
[[5], [12], [14]]
24
[[5], [12], [10]]
23
[[5], [12], [11]]
23
[[5], [3], [14]]
24
[[5], [11], [10]]
23
[[13], [13], [13], [13]]
24
[[13], [13], [13], [14]]
29
[[13], [13], [13], [8]]
23
[[13], [13], [13], [10]]
23
[[13], [13], [13], [11]]
24
[[13], [13], [14], [13]]
31
[[13], [13], [14], [14]]
33
[[13], [13], [14], [12]]
27
[[13], [13], [14], [8]]
28
[[13], [13], [14], [11]]
27
[[13], [13, 14], [13]]
31
[[13], [13, 14], [14]]
36
[[13], [13, 14], [12]]
29
[[13], [13, 14], [8]]
29
[[13], [13, 14], [10]]
28
[[13], [13, 14], [11]]
29
[[13], [13], [12], [14]]
24
[[13], [13], [12], [11]]
24
[[13], [13], [3], [14]]
27
[[13], [13], [9], [14]]
23
[[13], [13], [10], [14]]
23
[[13], [13], [11], [14]]
26
[[13], [13], [7], [14]]
23
[[13], [14], [13], [13]]
28
[[13], [14], [13], [14]]
34
[[13], [14], [13, 14]]
26
[[13], [14], [13], [12]]
25
[[13], [14], [13], [8]]
26
[[13], [14], [13], [10]]
28
[[13], [14], [13], [11]]
26
[[13], [14], [14], [13]]
33
[[13], [14], [14], [14]]
39
[[13], [14], [14], [12]]
33
[[13], [14], [14], [8]]
31
[[13], [14], [14], [10]]
28
[[13], [14], [14], [11]]
32
[[13], [14], [14], [7]]
24
[[13], [14], [14], [2]]
23
[[13], [14], [14], [6]]
24
[[13], [14], [12], [14]]
30
[[13], [14], [12, 14]]
24
[[13], [14], [12], [8]]
24
[[13], [14], [12], [10]]
23
[[13], [14], [12], [11]]
29
[[13], [14], [3], [14]]
26
[[13], [14], [8], [14]]
25
[[13], [14], [9], [14]]
25
[[13], [14], [10], [14]]
23
[[13], [14], [10], [12]]
23
[[13], [14], [11], [14]]
26
[[13], [14], [11], [12]]
24
[[13], [14], [7], [14]]
26
[[13, 14], [13], [13]]
29
[[13, 14], [13], [14]]
35
[[13, 14], [13, 14]]
27
[[13, 14], [13], [12]]
29
[[13, 14], [13], [8]]
25
[[13, 14], [13], [9]]
23
[[13, 14], [13], [10]]
28
[[13, 14], [13], [11]]
28
[[13, 14], [14], [13]]
31
[[13, 14], [14], [14]]
34
[[13, 14], [14], [12]]
31
[[13, 14], [14], [8]]
29
[[13, 14], [14], [10]]
28
[[13, 14], [14], [11]]
30
[[13, 14], [14], [7]]
23
[[13, 14], [12], [13]]
23
[[13, 14], [12], [14]]
28
[[13, 14], [12], [12]]
24
[[13, 14], [12], [10]]
23
[[13, 14], [12], [11]]
27
[[13, 14], [3], [14]]
25
[[13, 14], [10], [14]]
26
[[13, 14], [11], [14]]
24
[[13], [12], [13], [13]]
23
[[13], [12], [13], [14]]
24
[[13], [12], [14], [13]]
24
[[13], [12], [14], [14]]
27
[[13], [12], [14], [12]]
24
[[13], [12], [14], [8]]
24
[[13], [3], [13], [14]]
24
[[13], [3], [14], [11]]
24
[[13], [3], [12], [11]]
23
[[14], [13], [13], [13]]
30
[[14], [13], [13], [14]]
34
[[14], [13], [13, 14]]
27
[[14], [13], [13], [12]]
30
[[14], [13], [13], [8]]
25
[[14], [13], [13], [10]]
26
[[14], [13], [13], [11]]
26
[[14], [13], [14], [13]]
30
[[14], [13], [14], [14]]
33
[[14], [13], [14], [12]]
30
[[14], [13], [14], [8]]
30
[[14], [13], [14], [10]]
27
[[14], [13], [14], [11]]
31
[[14], [13], [14], [6]]
24
[[14], [13], [14], [4]]
24
[[14], [13, 14], [13]]
33
[[14], [13, 14], [14]]
36
[[14], [13, 14], [12]]
30
[[14], [13, 14], [8]]
28
[[14], [13, 14], [9]]
24
[[14], [13, 14], [10]]
29
[[14], [13, 14], [11]]
29
[[14], [13], [12], [14]]
25
[[14], [13], [12], [12]]
23
[[14], [13], [12], [10]]
24
[[14], [13], [12], [11]]
25
[[14], [13], [3], [14]]
27
[[14], [13], [8], [14]]
23
[[14], [13], [8], [12]]
24
[[14], [13], [9], [14]]
25
[[14], [13], [10], [14]]
28
[[14], [13], [10], [12]]
25
[[14], [13], [10], [11]]
25
[[14], [13], [11], [14]]
27
[[14], [13], [11], [12]]
25
[[14], [13], [7], [14]]
26
[[14], [14], [13], [13]]
32
[[14], [14], [13], [14]]
39
[[14], [14], [13, 14]]
29
[[14], [14], [13], [12]]
31
[[14], [14], [13], [8]]
27
[[14], [14], [13], [9]]
26
[[14], [14], [13], [10]]
29
[[14], [14], [13], [11]]
30
[[14], [14], [14], [13]]
33
[[14], [14], [14], [14]]
38
[[14], [14], [14], [12]]
36
[[14], [14], [14], [8]]
34
[[14], [14], [14], [10]]
30
[[14], [14], [14], [11]]
34
[[14], [14], [14], [7]]
25
[[14], [14], [14], [2]]
25
[[14], [14], [14], [1]]
23
[[14], [14], [14], [6]]
26
[[14], [14], [14], [4]]
28
[[14], [14], [12], [13]]
25
[[14], [14], [12], [14]]
32
[[14], [14], [12, 14]]
23
[[14], [14], [12], [12]]
24
[[14], [14], [12], [8]]
24
[[14], [14], [12], [10]]
27
[[14], [14], [12], [11]]
32
[[14], [14], [3], [14]]
28
[[14], [14], [8], [13]]
24
[[14], [14], [8], [14]]
27
[[14], [14], [8], [12]]
26
[[14], [14], [8], [11]]
26
[[14], [14], [9], [14]]
23
[[14], [14], [10], [14]]
30
[[14], [14], [10], [12]]
27
[[14], [14], [10], [11]]
28
[[14], [14], [11], [14]]
28
[[14], [14], [11], [12]]
25
[[14], [14], [11], [10]]
25
[[14], [14], [11], [11]]
24
[[14], [14], [7], [14]]
26
[[14], [14], [6], [14]]
23
[[14], [12], [13], [13]]
25
[[14], [12], [13], [14]]
29
[[14], [12], [13], [12]]
23
[[14], [12], [13], [8]]
23
[[14], [12], [13], [10]]
23
[[14], [12], [13], [11]]
23
[[14], [12], [14], [13]]
27
[[14], [12], [14], [14]]
31
[[14], [12], [14], [12]]
26
[[14], [12], [14], [8]]
27
[[14], [12], [14], [10]]
24
[[14], [12], [14], [11]]
25
[[14], [12], [14], [4]]
23
[[14], [12, 14], [14]]
25
[[14], [12, 14], [8]]
24
[[14], [12, 14], [11]]
24
[[14], [12], [10], [14]]
27
[[14], [12], [10], [11]]
25
[[14], [12], [11], [14]]
23
[[14], [12], [11], [12]]
24
[[14], [3], [14], [11]]
24
[[14], [8], [14], [13]]
23
[[14], [8], [14], [14]]
26
[[14], [8], [11], [14]]
24
[[14], [10], [13], [14]]
25
[[14], [10], [14], [13]]
24
[[14], [10], [14], [14]]
29
[[14], [10], [14], [8]]
26
[[14], [11], [13], [14]]
23
[[14], [11], [14], [14]]
25
[[14], [11], [14], [11]]
23
[[12], [13], [13], [14]]
25
[[12], [13], [13, 14]]
24
[[12], [13], [13], [12]]
23
[[12], [13], [13], [10]]
24
[[12], [13], [14], [13]]
25
[[12], [13], [14], [14]]
29
[[12], [13], [14], [12]]
26
[[12], [13], [14], [8]]
26
[[12], [13, 14], [13]]
23
[[12], [13, 14], [14]]
26
[[12], [13, 14], [10]]
24
[[12], [14], [13], [13]]
23
[[12], [14], [13], [14]]
31
[[12], [14], [13, 14]]
23
[[12], [14], [13], [12]]
24
[[12], [14], [13], [9]]
24
[[12], [14], [13], [10]]
27
[[12], [14], [13], [11]]
25
[[12], [14], [14], [13]]
26
[[12], [14], [14], [14]]
33
[[12], [14], [14], [12]]
27
[[12], [14], [14], [8]]
25
[[12], [14], [14], [10]]
27
[[12], [14], [14], [11]]
25
[[12], [14], [14], [6]]
23
[[12], [14], [14], [4]]
23
[[12], [14], [12], [14]]
24
[[12], [14], [10], [14]]
24
[[12, 14], [13], [14]]
23
[[12, 14], [14], [14]]
25
[[12, 14], [14], [12]]
24
[[12], [12], [14], [14]]
24
[[12], [8], [14], [14]]
23
[[12], [10], [14], [14]]
24
[[12], [11], [14], [14]]
25
[[3], [14], [13], [14]]
24
[[3], [14], [14], [14]]
27
[[8], [14], [13], [14]]
23
[[8], [14], [14], [13]]
23
[[8], [14], [14], [14]]
24
[[9], [13], [14], [14]]
23
[[9], [14], [14], [14]]
24
[[9], [14], [14], [11]]
23
[[10], [13], [14], [14]]
23
[[10], [13, 14], [14]]
24
[[10], [14], [13], [14]]
25
[[10], [14], [14], [13]]
23
[[10], [14], [14], [14]]
27
[[10], [14], [14], [11]]
24
[[11], [13], [13], [14]]
23
[[11], [13], [14], [14]]
26
[[11], [13], [14], [12]]
23
[[11], [13], [14], [11]]
25
[[11], [13, 14], [14]]
23
[[11], [14], [13], [14]]
23
[[11], [14], [14], [13]]
24
[[11], [14], [14], [14]]
31
[[11], [14], [14], [12]]
25
[[11], [14], [14], [10]]
24
[[11], [14], [14], [11]]
25
[[1], [14], [14], [14]]
23
[[13], [13, 14], [13], [14]]
23
[[13], [13, 14], [14], [13]]
23
[[13], [13, 14], [14], [14]]
25
[[13], [14], [14], [13], [14]]
24
[[13], [14], [14], [14], [14]]
25
[[13, 14], [14], [14], [13]]
24
[[13, 14], [14], [14], [14]]
23
[[14], [13, 14], [13], [14]]
26
[[14], [13, 14], [13], [12]]
23
[[14], [14], [14], [14], [13]]
23
[[14], [14], [14], [14], [14]]
26
[[12], [13], [14], [14], [14]]
23
[[12], [14], [14], [14], [14]]
23
