[[4]]
83
[[16]]
124
[[5]]
91
[[12]]
118
[[19]]
157
[[14]]
125
[[18]]
144
[[13]]
122
[[2]]
94
[[8]]
103
[[11]]
100
[[15]]
118
[[1]]
84
[[7]]
104
[[3]]
90
[[6]]
99
[[9]]
96
[[17]]
135
[[0]]
86
[[10]]
96
[[4], [16]]
52
[[4], [19]]
63
[[4], [14]]
53
[[4], [18]]
56
[[16], [16]]
84
[[16], [5]]
56
[[16], [12]]
72
[[16], [19]]
98
[[16, 19]]
65
[[16], [14]]
75
[[16], [18]]
83
[[16], [13]]
65
[[16], [8]]
53
[[16], [11]]
55
[[16], [15]]
69
[[16], [7]]
57
[[16], [6]]
59
[[16], [9]]
54
[[16], [17]]
76
[[16], [10]]
53
[[5], [16]]
56
[[5], [19]]
66
[[5], [18]]
59
[[12], [16]]
63
[[12], [12]]
56
[[12], [19]]
88
[[12], [14]]
72
[[12], [18]]
78
[[12], [13]]
61
[[12], [8]]
54
[[12], [15]]
68
[[12], [7]]
52
[[12], [9]]
53
[[12], [17]]
73
[[19], [4]]
65
[[19], [16]]
104
[[19], [5]]
77
[[19], [12]]
96
[[19], [19]]
135
[[19], [14]]
103
[[19], [18]]
119
[[19], [13]]
100
[[19], [2]]
71
[[19], [8]]
83
[[19], [11]]
80
[[19], [15]]
96
[[19], [1]]
63
[[19], [7]]
85
[[19], [3]]
70
[[19], [6]]
82
[[19], [9]]
73
[[19], [17]]
109
[[19], [0]]
72
[[19], [10]]
81
[[14], [16]]
77
[[14], [5]]
53
[[14], [12]]
75
[[14], [19]]
99
[[14], [14]]
69
[[14], [18]]
84
[[14], [13]]
75
[[14], [2]]
55
[[14], [8]]
58
[[14], [11]]
54
[[14], [15]]
80
[[14], [7]]
65
[[14], [3]]
53
[[14], [6]]
62
[[14], [17]]
79
[[14], [10]]
62
[[18], [4]]
57
[[18], [16]]
92
[[18], [5]]
65
[[18], [12]]
89
[[18], [19]]
115
[[18, 19]]
105
[[18], [14]]
86
[[18], [18]]
101
[[18], [13]]
84
[[18], [2]]
59
[[18], [8]]
70
[[18], [11]]
69
[[18], [15]]
83
[[18], [1]]
54
[[18], [7]]
70
[[18], [3]]
62
[[18], [6]]
74
[[18], [9]]
66
[[18], [17]]
94
[[18], [0]]
59
[[18], [10]]
69
[[13], [16]]
70
[[13], [12]]
59
[[13], [19]]
98
[[13], [14]]
70
[[13], [18]]
83
[[13], [13]]
61
[[13], [8]]
55
[[13], [11]]
55
[[13], [15]]
69
[[13], [7]]
56
[[13], [9]]
52
[[13], [17]]
79
[[13], [10]]
57
[[2], [16]]
59
[[2], [19]]
71
[[2], [18]]
57
[[2], [15]]
52
[[2], [17]]
59
[[8], [16]]
65
[[8], [12]]
55
[[8], [19]]
84
[[8], [14]]
55
[[8], [18]]
76
[[8], [13]]
59
[[8], [15]]
53
[[8], [17]]
68
[[8], [10]]
54
[[11], [16]]
61
[[11], [19]]
81
[[11], [14]]
62
[[11], [18]]
69
[[11], [13]]
67
[[11], [11]]
55
[[11], [15]]
63
[[11], [17]]
69
[[15], [16]]
74
[[15], [12]]
62
[[15], [19]]
95
[[15], [14]]
74
[[15], [18]]
85
[[15], [13]]
71
[[15], [11]]
55
[[15], [15]]
75
[[15], [7]]
57
[[15], [6]]
55
[[15], [17]]
83
[[15], [10]]
54
[[1], [19]]
65
[[1], [18]]
55
[[1], [17]]
55
[[7], [16]]
57
[[7], [19]]
82
[[7], [14]]
64
[[7], [18]]
72
[[7], [13]]
59
[[7], [15]]
58
[[7], [17]]
64
[[3], [19]]
67
[[3], [18]]
61
[[6], [16]]
56
[[6], [12]]
53
[[6], [19]]
79
[[6], [14]]
58
[[6], [18]]
69
[[6], [13]]
57
[[6], [15]]
56
[[6], [17]]
68
[[9], [16]]
58
[[9], [12]]
52
[[9], [19]]
77
[[9], [14]]
63
[[9], [18]]
69
[[9], [13]]
57
[[9], [15]]
58
[[9], [17]]
62
[[17], [4]]
59
[[17], [16]]
80
[[17], [5]]
66
[[17], [12]]
74
[[17], [19]]
109
[[17, 19]]
78
[[17], [14]]
84
[[17], [18]]
93
[[17, 18]]
61
[[17], [13]]
87
[[17], [2]]
56
[[17], [8]]
61
[[17], [11]]
62
[[17], [15]]
82
[[17], [7]]
70
[[17], [3]]
54
[[17], [6]]
65
[[17], [9]]
60
[[17], [17]]
89
[[17], [0]]
57
[[17], [10]]
66
[[0], [19]]
71
[[0], [14]]
55
[[0], [18]]
61
[[0], [13]]
53
[[0], [17]]
53
[[10], [16]]
52
[[10], [19]]
72
[[10], [14]]
52
[[10], [18]]
64
[[10], [13]]
55
[[10], [15]]
54
[[10], [17]]
59
[[16], [16], [19]]
54
[[16], [19], [16]]
58
[[16], [19], [19]]
68
[[16], [19], [14]]
52
[[16], [19], [18]]
60
[[16], [19], [17]]
53
[[16], [18], [19]]
58
[[16], [18, 19]]
57
[[16], [18], [18]]
56
[[16], [17], [19]]
53
[[12], [19], [16]]
54
[[12], [19], [19]]
59
[[12], [19], [14]]
53
[[12], [19], [18]]
57
[[12], [19], [17]]
57
[[12], [18], [19]]
56
[[12], [18, 19]]
53
[[12], [17], [19]]
53
[[19], [16], [16]]
62
[[19], [16], [12]]
53
[[19], [16], [19]]
72
[[19], [16], [14]]
58
[[19], [16], [18]]
61
[[19], [16], [13]]
53
[[19], [16], [15]]
52
[[19], [16], [17]]
57
[[19], [12], [19]]
69
[[19], [12], [14]]
54
[[19], [12], [18]]
59
[[19], [12], [17]]
55
[[19], [19], [16]]
78
[[19], [19], [5]]
59
[[19], [19], [12]]
73
[[19], [19], [19]]
104
[[19], [19], [14]]
78
[[19], [19], [18]]
91
[[19], [19], [13]]
78
[[19], [19], [8]]
59
[[19], [19], [11]]
57
[[19], [19], [15]]
77
[[19], [19], [7]]
68
[[19], [19], [3]]
52
[[19], [19], [6]]
57
[[19], [19], [9]]
58
[[19], [19], [17]]
89
[[19], [19], [10]]
59
[[19], [14], [16]]
60
[[19], [14], [12]]
55
[[19], [14], [19]]
80
[[19], [14], [14]]
54
[[19], [14], [18]]
64
[[19], [14], [13]]
58
[[19], [14], [15]]
61
[[19], [14], [17]]
59
[[19], [18], [16]]
69
[[19], [18], [12]]
69
[[19], [18], [19]]
97
[[19], [18, 19]]
85
[[19], [18], [14]]
70
[[19], [18], [18]]
84
[[19], [18], [13]]
71
[[19], [18], [8]]
53
[[19], [18], [15]]
66
[[19], [18], [7]]
57
[[19], [18], [6]]
60
[[19], [18], [9]]
54
[[19], [18], [17]]
80
[[19], [18], [10]]
57
[[19], [13], [16]]
54
[[19], [13], [19]]
80
[[19], [13], [14]]
56
[[19], [13], [18]]
62
[[19], [13], [15]]
57
[[19], [13], [17]]
67
[[19], [8], [19]]
60
[[19], [8], [18]]
54
[[19], [11], [19]]
63
[[19], [15], [16]]
55
[[19], [15], [19]]
69
[[19], [15], [18]]
58
[[19], [15], [15]]
53
[[19], [15], [17]]
59
[[19], [7], [19]]
66
[[19], [7], [18]]
56
[[19], [6], [19]]
63
[[19], [6], [18]]
53
[[19], [17], [16]]
60
[[19], [17], [12]]
56
[[19], [17], [19]]
86
[[19], [17, 19]]
60
[[19], [17], [14]]
65
[[19], [17], [18]]
74
[[19], [17], [13]]
69
[[19], [17], [15]]
66
[[19], [17], [17]]
74
[[19], [0], [19]]
56
[[19], [10], [19]]
56
[[14], [12], [19]]
55
[[14], [19], [16]]
60
[[14], [19], [19]]
75
[[14], [19], [14]]
52
[[14], [19], [18]]
66
[[14], [19], [15]]
53
[[14], [19], [17]]
61
[[14], [14], [19]]
52
[[14], [18], [19]]
63
[[14], [18, 19]]
63
[[14], [18], [18]]
58
[[14], [13], [19]]
59
[[14], [15], [19]]
55
[[14], [17], [19]]
63
[[18], [16], [16]]
53
[[18], [16], [19]]
63
[[18], [12], [19]]
60
[[18], [12], [18]]
52
[[18], [19], [16]]
66
[[18], [19], [5]]
52
[[18], [19], [12]]
60
[[18], [19], [19]]
88
[[18], [19], [14]]
63
[[18], [19], [18]]
76
[[18], [19], [13]]
62
[[18], [19], [15]]
64
[[18], [19], [7]]
54
[[18], [19], [17]]
73
[[18], [19], [10]]
53
[[18, 19], [16]]
61
[[18, 19], [12]]
62
[[18, 19], [19]]
79
[[18, 19], [14]]
64
[[18, 19], [18]]
73
[[18, 19], [13]]
59
[[18, 19], [15]]
62
[[18, 19], [6]]
52
[[18, 19], [17]]
63
[[18, 19], [10]]
52
[[18], [14], [19]]
58
[[18], [18], [16]]
60
[[18], [18], [12]]
58
[[18], [18], [19]]
82
[[18], [18, 19]]
71
[[18], [18], [14]]
59
[[18], [18], [18]]
72
[[18], [18], [13]]
61
[[18], [18], [15]]
58
[[18], [18], [17]]
67
[[18], [13], [19]]
66
[[18], [13], [17]]
53
[[18], [11], [19]]
54
[[18], [15], [19]]
58
[[18], [7], [19]]
52
[[18], [6], [19]]
52
[[18], [17], [19]]
76
[[18], [17, 19]]
55
[[18], [17], [14]]
56
[[18], [17], [18]]
61
[[18], [17], [13]]
56
[[18], [17], [15]]
60
[[18], [17], [17]]
60
[[13], [19], [19]]
66
[[13], [19], [18]]
56
[[13], [18], [19]]
55
[[13], [18, 19]]
52
[[13], [17], [19]]
60
[[8], [19], [19]]
64
[[8], [19], [18]]
55
[[8], [18], [19]]
59
[[8], [18, 19]]
56
[[11], [19], [19]]
58
[[11], [18], [19]]
53
[[11], [17], [19]]
52
[[15], [19], [16]]
58
[[15], [19], [19]]
69
[[15], [19], [18]]
62
[[15], [19], [17]]
56
[[15], [18], [19]]
65
[[15], [18, 19]]
54
[[15], [18], [18]]
57
[[15], [13], [19]]
55
[[15], [17], [19]]
62
[[15], [17], [18]]
52
[[1], [19], [19]]
53
[[7], [19], [19]]
57
[[7], [18, 19]]
55
[[6], [19], [19]]
60
[[6], [19], [18]]
54
[[9], [19], [19]]
64
[[9], [19], [18]]
56
[[17], [19], [16]]
59
[[17], [19], [19]]
76
[[17], [19], [14]]
57
[[17], [19], [18]]
72
[[17], [19], [13]]
56
[[17], [19], [15]]
55
[[17], [19], [7]]
55
[[17], [19], [17]]
69
[[17, 19], [19]]
61
[[17], [14], [19]]
57
[[17], [14], [18]]
52
[[17], [18], [19]]
68
[[17], [18, 19]]
64
[[17], [18], [18]]
64
[[17], [18], [17]]
55
[[17], [13], [19]]
61
[[17], [13], [18]]
52
[[17], [15], [19]]
55
[[17], [17], [19]]
67
[[17], [17], [18]]
57
[[17], [17], [17]]
58
[[10], [19], [19]]
52
[[19], [19], [19], [16]]
55
[[19], [19], [19], [19]]
74
[[19], [19], [19], [18]]
65
[[19], [19], [19], [15]]
54
[[19], [19], [19], [17]]
63
[[19], [19], [18], [19]]
62
[[19], [19], [18, 19]]
63
[[19], [19], [18], [18]]
58
[[19], [19], [18], [17]]
53
[[19], [19], [13], [19]]
55
[[19], [19], [17], [19]]
62
[[19], [19], [17], [18]]
53
[[19], [19], [17], [13]]
56
[[19], [19], [17], [15]]
53
[[19], [19], [17], [17]]
55
[[19], [18], [19], [19]]
69
[[19], [18], [19], [18]]
62
[[19], [18], [19], [17]]
54
[[19], [18, 19], [19]]
64
[[19], [18, 19], [18]]
56
[[19], [18], [18], [19]]
61
[[19], [18], [18, 19]]
57
[[19], [18], [18], [18]]
53
[[19], [18], [13], [19]]
54
[[19], [18], [17], [19]]
62
[[19], [17], [18], [19]]
52
[[14], [19], [19], [19]]
55
[[18], [19], [19], [19]]
64
[[18], [19], [19], [18]]
57
[[18], [19], [19], [17]]
53
[[18], [19], [18], [19]]
56
[[18], [19], [18, 19]]
52
[[18], [19], [18], [18]]
52
[[18], [19], [17], [19]]
56
[[18, 19], [19], [19]]
59
[[18, 19], [19], [18]]
55
[[18, 19], [18], [19]]
58
[[18], [18], [19], [19]]
58
[[18], [18], [19], [18]]
58
[[18], [18, 19], [19]]
55
[[18], [18], [17], [19]]
54
[[17], [19], [19], [19]]
54
