[[12]]
107
[[17]]
127
[[19]]
144
[[15]]
114
[[4]]
84
[[10]]
98
[[5]]
104
[[18]]
138
[[13]]
93
[[14]]
108
[[16]]
135
[[11]]
107
[[7]]
101
[[6]]
88
[[3]]
90
[[0]]
89
[[9]]
92
[[2]]
76
[[8]]
104
[[1]]
87
[[12], [12]]
50
[[12], [17]]
58
[[12], [19]]
78
[[12], [15]]
53
[[12], [4]]
43
[[12], [10]]
46
[[12], [5]]
50
[[12], [18]]
70
[[12], [13]]
40
[[12], [14]]
50
[[12], [16]]
68
[[12], [11]]
49
[[12], [7]]
51
[[12], [6]]
40
[[12], [9]]
43
[[12], [8]]
46
[[12], [1]]
42
[[17], [12]]
69
[[17], [17]]
89
[[17], [19]]
106
[[17, 19]]
73
[[17], [15]]
80
[[17], [4]]
55
[[17], [10]]
66
[[17], [5]]
69
[[17], [18]]
101
[[17, 18]]
49
[[17], [13]]
65
[[17], [14]]
76
[[17], [16]]
100
[[17], [11]]
76
[[17], [7]]
74
[[17], [6]]
65
[[17], [3]]
64
[[17], [0]]
51
[[17], [9]]
61
[[17], [2]]
54
[[17], [8]]
69
[[17], [1]]
62
[[19], [12]]
84
[[19], [17]]
111
[[19], [19]]
128
[[19], [15]]
95
[[19], [4]]
74
[[19], [10]]
84
[[19], [5]]
83
[[19], [18]]
123
[[19], [13]]
79
[[19], [14]]
89
[[19], [16]]
121
[[19], [11]]
86
[[19], [7]]
85
[[19], [6]]
73
[[19], [3]]
79
[[19], [0]]
76
[[19], [9]]
79
[[19], [2]]
67
[[19], [8]]
86
[[19], [1]]
75
[[15], [12]]
56
[[15], [17]]
66
[[15], [19]]
87
[[15, 19]]
46
[[15], [15]]
66
[[15], [4]]
46
[[15], [10]]
51
[[15], [5]]
53
[[15], [18]]
80
[[15], [13]]
50
[[15], [14]]
60
[[15], [16]]
76
[[15], [11]]
54
[[15], [7]]
65
[[15], [6]]
45
[[15], [3]]
43
[[15], [0]]
40
[[15], [9]]
52
[[15], [8]]
58
[[15], [1]]
47
[[4], [17]]
52
[[4], [19]]
62
[[4], [15]]
49
[[4], [10]]
42
[[4], [18]]
60
[[4], [14]]
45
[[4], [16]]
56
[[4], [11]]
42
[[4], [8]]
44
[[10], [12]]
49
[[10], [17]]
68
[[10], [19]]
73
[[10], [15]]
53
[[10], [4]]
41
[[10], [10]]
48
[[10], [5]]
44
[[10], [18]]
70
[[10], [13]]
40
[[10], [14]]
48
[[10], [16]]
62
[[10], [11]]
48
[[10], [7]]
56
[[10], [6]]
40
[[10], [0]]
42
[[10], [9]]
40
[[10], [8]]
45
[[5], [12]]
52
[[5], [17]]
69
[[5], [19]]
76
[[5], [15]]
64
[[5], [4]]
46
[[5], [10]]
49
[[5], [5]]
46
[[5], [18]]
75
[[5], [13]]
43
[[5], [14]]
50
[[5], [16]]
70
[[5], [11]]
51
[[5], [7]]
54
[[5], [6]]
41
[[5], [3]]
44
[[5], [0]]
41
[[5], [9]]
50
[[5], [8]]
53
[[5], [1]]
42
[[18], [12]]
74
[[18], [17]]
98
[[18], [19]]
114
[[18, 19]]
107
[[18], [15]]
83
[[18], [4]]
66
[[18], [10]]
74
[[18], [5]]
68
[[18], [18]]
113
[[18], [13]]
72
[[18], [14]]
79
[[18], [16]]
106
[[18], [11]]
76
[[18], [7]]
78
[[18], [6]]
63
[[18], [3]]
61
[[18], [0]]
64
[[18], [9]]
68
[[18], [2]]
56
[[18], [8]]
72
[[18], [1]]
67
[[13], [12]]
48
[[13], [17]]
56
[[13], [19]]
77
[[13], [15]]
58
[[13], [4]]
40
[[13], [10]]
46
[[13], [5]]
42
[[13], [18]]
71
[[13], [13]]
53
[[13], [14]]
49
[[13], [16]]
62
[[13], [11]]
51
[[13], [7]]
51
[[13], [3]]
46
[[13], [0]]
40
[[13], [9]]
42
[[13], [8]]
53
[[13], [1]]
43
[[14], [12]]
49
[[14], [17]]
75
[[14], [19]]
89
[[14], [15]]
61
[[14], [4]]
47
[[14], [10]]
53
[[14], [5]]
47
[[14], [18]]
81
[[14], [13]]
56
[[14], [14]]
63
[[14], [16]]
82
[[14], [11]]
53
[[14], [7]]
58
[[14], [6]]
49
[[14], [3]]
52
[[14], [0]]
42
[[14], [9]]
50
[[14], [2]]
45
[[14], [8]]
55
[[14], [1]]
50
[[16], [12]]
67
[[16], [17]]
91
[[16, 17]]
47
[[16], [19]]
108
[[16, 19]]
76
[[16], [15]]
76
[[16], [4]]
55
[[16], [10]]
66
[[16], [5]]
62
[[16], [18]]
98
[[16, 18]]
58
[[16], [13]]
62
[[16], [14]]
78
[[16], [16]]
96
[[16], [11]]
69
[[16], [7]]
73
[[16], [6]]
56
[[16], [3]]
63
[[16], [0]]
56
[[16], [9]]
62
[[16], [2]]
52
[[16], [8]]
72
[[16], [1]]
62
[[11], [12]]
50
[[11], [17]]
64
[[11], [19]]
81
[[11], [15]]
59
[[11], [4]]
41
[[11], [10]]
51
[[11], [5]]
48
[[11], [18]]
81
[[11], [13]]
45
[[11], [14]]
55
[[11], [16]]
74
[[11], [11]]
52
[[11], [7]]
55
[[11], [6]]
43
[[11], [3]]
41
[[11], [9]]
47
[[11], [8]]
51
[[11], [1]]
46
[[7], [12]]
46
[[7], [17]]
58
[[7], [19]]
75
[[7], [15]]
58
[[7], [4]]
42
[[7], [5]]
44
[[7], [18]]
70
[[7], [13]]
42
[[7], [14]]
53
[[7], [16]]
59
[[7], [11]]
50
[[7], [7]]
48
[[7], [9]]
41
[[7], [8]]
45
[[7], [1]]
44
[[6], [12]]
48
[[6], [17]]
54
[[6], [19]]
75
[[6], [15]]
54
[[6], [10]]
41
[[6], [5]]
47
[[6], [18]]
67
[[6], [13]]
40
[[6], [14]]
44
[[6], [16]]
62
[[6], [11]]
48
[[6], [7]]
45
[[6], [3]]
41
[[6], [9]]
41
[[6], [8]]
46
[[3], [12]]
48
[[3], [17]]
56
[[3], [19]]
71
[[3], [15]]
49
[[3], [4]]
40
[[3], [18]]
61
[[3], [14]]
42
[[3], [16]]
63
[[3], [11]]
48
[[3], [7]]
44
[[3], [8]]
45
[[0], [12]]
42
[[0], [17]]
59
[[0], [19]]
67
[[0], [15]]
52
[[0], [4]]
40
[[0], [10]]
44
[[0], [5]]
40
[[0], [18]]
66
[[0], [14]]
48
[[0], [16]]
60
[[0], [11]]
51
[[0], [7]]
54
[[0], [6]]
41
[[0], [3]]
44
[[0], [2]]
41
[[0], [8]]
42
[[9], [12]]
45
[[9], [17]]
67
[[9], [19]]
77
[[9], [15]]
53
[[9], [4]]
46
[[9], [10]]
44
[[9], [5]]
41
[[9], [18]]
75
[[9], [13]]
43
[[9], [14]]
57
[[9], [16]]
65
[[9], [11]]
50
[[9], [7]]
48
[[9], [6]]
44
[[9], [3]]
45
[[9], [0]]
41
[[9], [9]]
45
[[9], [8]]
48
[[9], [1]]
44
[[2], [12]]
42
[[2], [17]]
54
[[2], [19]]
62
[[2], [15]]
48
[[2], [18]]
55
[[2], [16]]
53
[[2], [11]]
44
[[2], [7]]
41
[[8], [12]]
48
[[8], [17]]
68
[[8], [19]]
82
[[8], [15]]
59
[[8], [10]]
41
[[8], [5]]
49
[[8], [18]]
72
[[8], [13]]
40
[[8], [14]]
54
[[8], [16]]
75
[[8], [11]]
51
[[8], [7]]
51
[[8], [3]]
42
[[8], [9]]
48
[[8], [2]]
41
[[8], [8]]
45
[[1], [12]]
44
[[1], [17]]
54
[[1], [19]]
64
[[1], [15]]
45
[[1], [18]]
61
[[1], [14]]
45
[[1], [16]]
54
[[1], [11]]
43
[[1], [7]]
42
[[12], [17], [19]]
41
[[12], [19], [17]]
46
[[12], [19], [19]]
58
[[12], [19], [15]]
44
[[12], [19], [18]]
54
[[12], [19], [16]]
47
[[12], [18], [19]]
54
[[12], [18, 19]]
50
[[12], [18], [18]]
49
[[12], [18], [16]]
43
[[12], [16], [19]]
43
[[17], [12], [19]]
41
[[17], [12], [18]]
41
[[17], [17], [17]]
48
[[17], [17], [19]]
65
[[17], [17, 19]]
45
[[17], [17], [15]]
51
[[17], [17], [18]]
62
[[17], [17], [14]]
43
[[17], [17], [16]]
56
[[17], [17], [7]]
43
[[17], [19], [12]]
49
[[17], [19], [17]]
66
[[17], [19], [19]]
85
[[17], [19], [15]]
61
[[17], [19], [4]]
47
[[17], [19], [10]]
58
[[17], [19], [5]]
47
[[17], [19], [18]]
82
[[17], [19], [13]]
46
[[17], [19], [14]]
59
[[17], [19], [16]]
78
[[17], [19], [11]]
59
[[17], [19], [7]]
50
[[17], [19], [6]]
47
[[17], [19], [3]]
51
[[17], [19], [9]]
44
[[17], [19], [8]]
52
[[17], [19], [1]]
43
[[17, 19], [17]]
51
[[17, 19], [19]]
57
[[17, 19], [15]]
47
[[17, 19], [18]]
53
[[17, 19], [16]]
49
[[17], [15], [17]]
40
[[17], [15], [19]]
53
[[17], [15], [15]]
42
[[17], [15], [18]]
50
[[17], [15], [16]]
49
[[17], [15], [7]]
41
[[17], [10], [19]]
48
[[17], [10], [18]]
45
[[17], [5], [19]]
47
[[17], [5], [15]]
40
[[17], [5], [18]]
46
[[17], [5], [16]]
44
[[17], [18], [12]]
45
[[17], [18], [17]]
61
[[17], [18], [19]]
82
[[17], [18, 19]]
70
[[17], [18], [15]]
54
[[17], [18], [10]]
46
[[17], [18], [5]]
44
[[17], [18], [18]]
74
[[17], [18], [14]]
53
[[17], [18], [16]]
71
[[17], [18], [11]]
45
[[17], [18], [7]]
49
[[17], [18], [6]]
42
[[17], [18], [3]]
43
[[17], [18], [9]]
42
[[17], [18], [8]]
46
[[17], [13], [19]]
47
[[17], [13], [18]]
41
[[17], [14], [17]]
44
[[17], [14], [19]]
50
[[17], [14], [18]]
50
[[17], [14], [16]]
42
[[17], [16], [12]]
40
[[17], [16], [17]]
53
[[17], [16], [19]]
70
[[17], [16, 19]]
53
[[17], [16], [15]]
48
[[17], [16], [10]]
40
[[17], [16], [18]]
65
[[17], [16], [14]]
44
[[17], [16], [16]]
62
[[17], [16], [11]]
41
[[17], [16], [7]]
50
[[17], [16], [3]]
41
[[17], [16], [8]]
43
[[17], [11], [17]]
40
[[17], [11], [19]]
51
[[17], [11], [18]]
51
[[17], [11], [16]]
45
[[17], [7], [19]]
46
[[17], [7], [18]]
43
[[17], [6], [19]]
51
[[17], [6], [18]]
43
[[17], [6], [16]]
44
[[17], [3], [19]]
44
[[17], [3], [18]]
41
[[17], [3], [16]]
43
[[17], [9], [19]]
48
[[17], [9], [18]]
41
[[17], [9], [16]]
40
[[17], [2], [19]]
40
[[17], [8], [17]]
40
[[17], [8], [19]]
48
[[17], [8], [18]]
43
[[17], [8], [16]]
47
[[19], [12], [17]]
41
[[19], [12], [19]]
56
[[19], [12], [18]]
52
[[19], [12], [16]]
46
[[19], [17], [12]]
51
[[19], [17], [17]]
69
[[19], [17], [19]]
83
[[19], [17, 19]]
59
[[19], [17], [15]]
62
[[19], [17], [4]]
40
[[19], [17], [10]]
49
[[19], [17], [5]]
49
[[19], [17], [18]]
81
[[19], [17, 18]]
40
[[19], [17], [13]]
47
[[19], [17], [14]]
60
[[19], [17], [16]]
78
[[19], [17], [11]]
56
[[19], [17], [7]]
59
[[19], [17], [6]]
50
[[19], [17], [3]]
47
[[19], [17], [9]]
45
[[19], [17], [2]]
40
[[19], [17], [8]]
50
[[19], [17], [1]]
45
[[19], [19], [12]]
61
[[19], [19], [17]]
91
[[19], [19], [19]]
107
[[19], [19], [15]]
82
[[19], [19], [4]]
61
[[19], [19], [10]]
63
[[19], [19], [5]]
60
[[19], [19], [18]]
105
[[19], [19], [13]]
64
[[19], [19], [14]]
75
[[19], [19], [16]]
98
[[19], [19], [11]]
70
[[19], [19], [7]]
67
[[19], [19], [6]]
61
[[19], [19], [3]]
62
[[19], [19], [0]]
51
[[19], [19], [9]]
59
[[19], [19], [2]]
49
[[19], [19], [8]]
68
[[19], [19], [1]]
59
[[19], [15], [12]]
41
[[19], [15], [17]]
52
[[19], [15], [19]]
67
[[19], [15], [15]]
52
[[19], [15], [5]]
41
[[19], [15], [18]]
65
[[19], [15], [14]]
45
[[19], [15], [16]]
61
[[19], [15], [11]]
45
[[19], [15], [7]]
53
[[19], [15], [9]]
42
[[19], [15], [8]]
47
[[19], [4], [17]]
45
[[19], [4], [19]]
55
[[19], [4], [15]]
40
[[19], [4], [18]]
49
[[19], [4], [16]]
47
[[19], [10], [17]]
52
[[19], [10], [19]]
59
[[19], [10], [15]]
40
[[19], [10], [18]]
57
[[19], [10], [16]]
48
[[19], [10], [7]]
43
[[19], [5], [17]]
47
[[19], [5], [19]]
57
[[19], [5], [15]]
49
[[19], [5], [18]]
57
[[19], [5], [16]]
52
[[19], [18], [12]]
57
[[19], [18], [17]]
81
[[19], [18], [19]]
101
[[19], [18, 19]]
91
[[19], [18], [15]]
69
[[19], [18], [4]]
51
[[19], [18], [10]]
56
[[19], [18], [5]]
51
[[19], [18], [18]]
93
[[19], [18], [13]]
54
[[19], [18], [14]]
65
[[19], [18], [16]]
83
[[19], [18], [11]]
60
[[19], [18], [7]]
59
[[19], [18], [6]]
49
[[19], [18], [3]]
51
[[19], [18], [0]]
48
[[19], [18], [9]]
54
[[19], [18], [8]]
58
[[19], [18], [1]]
49
[[19], [13], [17]]
46
[[19], [13], [19]]
62
[[19], [13], [15]]
47
[[19], [13], [18]]
56
[[19], [13], [16]]
49
[[19], [13], [7]]
42
[[19], [14], [17]]
55
[[19], [14], [19]]
66
[[19], [14], [15]]
41
[[19], [14], [18]]
58
[[19], [14], [16]]
57
[[19], [14], [11]]
44
[[19], [16], [12]]
51
[[19], [16], [17]]
72
[[19], [16], [19]]
88
[[19], [16, 19]]
62
[[19], [16], [15]]
67
[[19], [16], [4]]
44
[[19], [16], [10]]
46
[[19], [16], [5]]
48
[[19], [16], [18]]
80
[[19], [16, 18]]
48
[[19], [16], [13]]
49
[[19], [16], [14]]
56
[[19], [16], [16]]
73
[[19], [16], [11]]
53
[[19], [16], [7]]
59
[[19], [16], [6]]
47
[[19], [16], [3]]
50
[[19], [16], [0]]
41
[[19], [16], [9]]
50
[[19], [16], [2]]
46
[[19], [16], [8]]
58
[[19], [16], [1]]
50
[[19], [11], [17]]
51
[[19], [11], [19]]
63
[[19], [11], [15]]
44
[[19], [11], [18]]
61
[[19], [11], [14]]
43
[[19], [11], [16]]
55
[[19], [11], [11]]
45
[[19], [11], [7]]
41
[[19], [7], [17]]
45
[[19], [7], [19]]
55
[[19], [7], [15]]
47
[[19], [7], [18]]
50
[[19], [7], [16]]
44
[[19], [6], [19]]
61
[[19], [6], [15]]
43
[[19], [6], [18]]
53
[[19], [6], [16]]
50
[[19], [3], [17]]
48
[[19], [3], [19]]
61
[[19], [3], [15]]
42
[[19], [3], [18]]
51
[[19], [3], [16]]
54
[[19], [3], [11]]
41
[[19], [0], [17]]
47
[[19], [0], [19]]
55
[[19], [0], [15]]
40
[[19], [0], [18]]
55
[[19], [0], [16]]
49
[[19], [0], [11]]
41
[[19], [0], [7]]
43
[[19], [9], [17]]
53
[[19], [9], [19]]
63
[[19], [9], [15]]
45
[[19], [9], [18]]
58
[[19], [9], [16]]
52
[[19], [2], [17]]
43
[[19], [2], [19]]
51
[[19], [2], [18]]
48
[[19], [2], [16]]
42
[[19], [8], [17]]
52
[[19], [8], [19]]
62
[[19], [8], [15]]
45
[[19], [8], [18]]
54
[[19], [8], [16]]
57
[[19], [1], [17]]
42
[[19], [1], [19]]
51
[[19], [1], [18]]
50
[[19], [1], [16]]
42
[[15], [17], [19]]
47
[[15], [17], [18]]
41
[[15], [19], [12]]
41
[[15], [19], [17]]
48
[[15], [19], [19]]
63
[[15], [19], [15]]
47
[[15], [19], [18]]
59
[[15], [19], [13]]
40
[[15], [19], [14]]
44
[[15], [19], [16]]
52
[[15], [19], [7]]
41
[[15], [18], [17]]
45
[[15], [18], [19]]
58
[[15], [18, 19]]
50
[[15], [18], [15]]
40
[[15], [18], [18]]
57
[[15], [18], [16]]
46
[[15], [14], [19]]
45
[[15], [16], [19]]
56
[[15], [16], [18]]
48
[[15], [16], [16]]
42
[[15], [7], [19]]
41
[[4], [19], [17]]
42
[[4], [19], [19]]
46
[[4], [19], [18]]
44
[[4], [19], [16]]
43
[[4], [18], [17]]
41
[[4], [18], [19]]
43
[[4], [18, 19]]
40
[[4], [18], [18]]
42
[[4], [18], [16]]
40
[[4], [16], [19]]
40
[[10], [17], [19]]
44
[[10], [19], [17]]
49
[[10], [19], [19]]
56
[[10], [19], [15]]
42
[[10], [19], [18]]
48
[[10], [19], [16]]
45
[[10], [19], [11]]
40
[[10], [19], [7]]
40
[[10], [18], [17]]
40
[[10], [18], [19]]
52
[[10], [18, 19]]
45
[[10], [18], [18]]
45
[[10], [16], [19]]
49
[[5], [17], [19]]
53
[[5], [17], [15]]
40
[[5], [17], [18]]
49
[[5], [17], [16]]
42
[[5], [19], [17]]
44
[[5], [19], [19]]
60
[[5], [19], [15]]
48
[[5], [19], [18]]
56
[[5], [19], [16]]
48
[[5], [15], [19]]
41
[[5], [18], [17]]
44
[[5], [18], [19]]
59
[[5], [18, 19]]
50
[[5], [18], [15]]
43
[[5], [18], [18]]
51
[[5], [18], [16]]
44
[[5], [16], [19]]
53
[[5], [16], [18]]
42
[[18], [12], [19]]
47
[[18], [12], [18]]
42
[[18], [17], [12]]
40
[[18], [17], [17]]
57
[[18], [17], [19]]
72
[[18], [17, 19]]
49
[[18], [17], [15]]
52
[[18], [17], [10]]
44
[[18], [17], [18]]
68
[[18], [17], [14]]
49
[[18], [17], [16]]
64
[[18], [17], [11]]
45
[[18], [17], [7]]
51
[[18], [17], [8]]
44
[[18], [17], [1]]
40
[[18], [19], [12]]
50
[[18], [19], [17]]
73
[[18], [19], [19]]
90
[[18], [19], [15]]
68
[[18], [19], [4]]
48
[[18], [19], [10]]
58
[[18], [19], [5]]
51
[[18], [19], [18]]
90
[[18], [19], [13]]
52
[[18], [19], [14]]
63
[[18], [19], [16]]
79
[[18], [19], [11]]
56
[[18], [19], [7]]
59
[[18], [19], [6]]
47
[[18], [19], [3]]
51
[[18], [19], [0]]
45
[[18], [19], [9]]
47
[[18], [19], [2]]
44
[[18], [19], [8]]
60
[[18], [19], [1]]
51
[[18, 19], [12]]
52
[[18, 19], [17]]
72
[[18, 19], [19]]
89
[[18, 19], [15]]
61
[[18, 19], [4]]
46
[[18, 19], [10]]
55
[[18, 19], [5]]
53
[[18, 19], [18]]
86
[[18, 19], [13]]
49
[[18, 19], [14]]
58
[[18, 19], [16]]
79
[[18, 19], [11]]
53
[[18, 19], [7]]
53
[[18, 19], [6]]
47
[[18, 19], [3]]
47
[[18, 19], [0]]
47
[[18, 19], [9]]
49
[[18, 19], [2]]
42
[[18, 19], [8]]
59
[[18, 19], [1]]
45
[[18], [15], [19]]
54
[[18], [15], [15]]
42
[[18], [15], [18]]
51
[[18], [15], [16]]
47
[[18], [4], [19]]
43
[[18], [4], [18]]
41
[[18], [10], [17]]
45
[[18], [10], [19]]
53
[[18], [10], [18]]
49
[[18], [10], [16]]
42
[[18], [5], [19]]
43
[[18], [5], [18]]
46
[[18], [5], [16]]
40
[[18], [18], [12]]
51
[[18], [18], [17]]
69
[[18], [18], [19]]
92
[[18], [18, 19]]
78
[[18], [18], [15]]
67
[[18], [18], [4]]
41
[[18], [18], [10]]
50
[[18], [18], [5]]
50
[[18], [18], [18]]
82
[[18], [18], [13]]
48
[[18], [18], [14]]
57
[[18], [18], [16]]
76
[[18], [18], [11]]
49
[[18], [18], [7]]
55
[[18], [18], [6]]
45
[[18], [18], [3]]
48
[[18], [18], [0]]
43
[[18], [18], [9]]
44
[[18], [18], [8]]
59
[[18], [18], [1]]
43
[[18], [13], [17]]
41
[[18], [13], [19]]
53
[[18], [13], [15]]
40
[[18], [13], [18]]
51
[[18], [13], [16]]
44
[[18], [14], [17]]
46
[[18], [14], [19]]
57
[[18], [14], [18]]
54
[[18], [14], [16]]
52
[[18], [16], [12]]
43
[[18], [16], [17]]
62
[[18], [16], [19]]
77
[[18], [16, 19]]
57
[[18], [16], [15]]
55
[[18], [16], [10]]
45
[[18], [16], [5]]
43
[[18], [16], [18]]
74
[[18], [16, 18]]
45
[[18], [16], [14]]
51
[[18], [16], [16]]
64
[[18], [16], [11]]
45
[[18], [16], [7]]
51
[[18], [16], [3]]
41
[[18], [16], [8]]
51
[[18], [16], [1]]
44
[[18], [11], [17]]
43
[[18], [11], [19]]
53
[[18], [11], [18]]
48
[[18], [11], [16]]
42
[[18], [7], [19]]
48
[[18], [7], [15]]
40
[[18], [7], [18]]
45
[[18], [6], [19]]
51
[[18], [6], [18]]
41
[[18], [3], [19]]
44
[[18], [0], [19]]
42
[[18], [0], [18]]
41
[[18], [9], [17]]
45
[[18], [9], [19]]
55
[[18], [9], [18]]
52
[[18], [9], [16]]
45
[[18], [2], [19]]
44
[[18], [8], [19]]
49
[[18], [8], [18]]
40
[[18], [8], [16]]
45
[[18], [1], [19]]
45
[[18], [1], [18]]
42
[[13], [17], [19]]
47
[[13], [17], [18]]
42
[[13], [19], [17]]
42
[[13], [19], [19]]
59
[[13], [19], [15]]
40
[[13], [19], [18]]
57
[[13], [19], [14]]
40
[[13], [19], [16]]
44
[[13], [18], [17]]
41
[[13], [18], [19]]
60
[[13], [18, 19]]
54
[[13], [18], [18]]
54
[[13], [18], [16]]
47
[[13], [16], [19]]
46
[[13], [16], [16]]
41
[[13], [8], [19]]
42
[[14], [17], [17]]
43
[[14], [17], [19]]
55
[[14], [17], [15]]
42
[[14], [17], [18]]
53
[[14], [17], [14]]
41
[[14], [17], [16]]
48
[[14], [19], [17]]
50
[[14], [19], [19]]
69
[[14], [19], [15]]
48
[[14], [19], [4]]
41
[[14], [19], [10]]
41
[[14], [19], [18]]
64
[[14], [19], [13]]
47
[[14], [19], [14]]
43
[[14], [19], [16]]
60
[[14], [19], [11]]
44
[[14], [19], [3]]
43
[[14], [19], [8]]
42
[[14], [15], [19]]
40
[[14], [18], [17]]
51
[[14], [18], [19]]
63
[[14], [18, 19]]
56
[[14], [18], [15]]
43
[[14], [18], [18]]
53
[[14], [18], [14]]
42
[[14], [18], [16]]
54
[[14], [13], [19]]
42
[[14], [14], [19]]
46
[[14], [14], [18]]
41
[[14], [16], [19]]
54
[[14], [16], [18]]
47
[[14], [16], [16]]
45
[[14], [9], [19]]
43
[[16], [12], [19]]
41
[[16], [17], [17]]
48
[[16], [17], [19]]
67
[[16], [17, 19]]
42
[[16], [17], [15]]
43
[[16], [17], [10]]
41
[[16], [17], [18]]
61
[[16], [17], [14]]
45
[[16], [17], [16]]
50
[[16], [17], [11]]
46
[[16], [17], [7]]
41
[[16], [19], [12]]
48
[[16], [19], [17]]
68
[[16], [19], [19]]
85
[[16], [19], [15]]
61
[[16], [19], [4]]
46
[[16], [19], [10]]
52
[[16], [19], [5]]
44
[[16], [19], [18]]
79
[[16], [19], [13]]
47
[[16], [19], [14]]
58
[[16], [19], [16]]
67
[[16], [19], [11]]
54
[[16], [19], [7]]
50
[[16], [19], [6]]
41
[[16], [19], [3]]
43
[[16], [19], [0]]
43
[[16], [19], [9]]
44
[[16], [19], [8]]
51
[[16], [19], [1]]
45
[[16, 19], [12]]
41
[[16, 19], [17]]
54
[[16, 19], [19]]
62
[[16, 19], [15]]
42
[[16, 19], [18]]
56
[[16, 19], [16]]
58
[[16, 19], [11]]
40
[[16, 19], [8]]
42
[[16], [15], [19]]
46
[[16], [15], [18]]
44
[[16], [10], [19]]
47
[[16], [10], [18]]
41
[[16], [5], [19]]
40
[[16], [18], [12]]
45
[[16], [18], [17]]
58
[[16], [18], [19]]
79
[[16], [18, 19]]
72
[[16], [18], [15]]
51
[[16], [18], [10]]
42
[[16], [18], [5]]
43
[[16], [18], [18]]
74
[[16], [18], [14]]
48
[[16], [18], [16]]
62
[[16], [18], [11]]
44
[[16], [18], [7]]
47
[[16], [18], [0]]
40
[[16], [18], [8]]
44
[[16], [13], [19]]
46
[[16], [14], [19]]
57
[[16], [14], [18]]
48
[[16], [14], [16]]
42
[[16], [16], [12]]
41
[[16], [16], [17]]
54
[[16], [16], [19]]
67
[[16], [16, 19]]
44
[[16], [16], [15]]
50
[[16], [16], [10]]
40
[[16], [16], [18]]
60
[[16], [16], [14]]
40
[[16], [16], [16]]
52
[[16], [16], [11]]
43
[[16], [16], [7]]
47
[[16], [16], [8]]
43
[[16], [11], [19]]
45
[[16], [11], [18]]
43
[[16], [11], [16]]
40
[[16], [7], [19]]
46
[[16], [7], [18]]
40
[[16], [6], [19]]
46
[[16], [3], [19]]
46
[[16], [3], [16]]
40
[[16], [9], [17]]
40
[[16], [9], [19]]
52
[[16], [9], [18]]
43
[[16], [8], [19]]
50
[[16], [8], [16]]
42
[[11], [17], [19]]
48
[[11], [17, 19]]
41
[[11], [17], [18]]
47
[[11], [19], [17]]
50
[[11], [19], [19]]
60
[[11], [19], [15]]
47
[[11], [19], [18]]
63
[[11], [19], [14]]
42
[[11], [19], [16]]
54
[[11], [18], [17]]
46
[[11], [18], [19]]
58
[[11], [18, 19]]
52
[[11], [18], [15]]
44
[[11], [18], [18]]
55
[[11], [18], [16]]
48
[[11], [16], [17]]
41
[[11], [16], [19]]
44
[[11], [16, 19]]
44
[[11], [16], [18]]
42
[[11], [16], [16]]
41
[[7], [19], [19]]
57
[[7], [19], [18]]
53
[[7], [19], [16]]
45
[[7], [18], [19]]
49
[[7], [18, 19]]
49
[[7], [18], [18]]
49
[[7], [18], [16]]
43
[[7], [16], [19]]
41
[[6], [19], [17]]
42
[[6], [19], [19]]
57
[[6], [19], [15]]
42
[[6], [19], [18]]
49
[[6], [19], [16]]
48
[[6], [19], [11]]
40
[[6], [18], [17]]
41
[[6], [18], [19]]
55
[[6], [18, 19]]
49
[[6], [18], [18]]
48
[[6], [18], [16]]
41
[[6], [16], [19]]
46
[[3], [19], [17]]
42
[[3], [19], [19]]
42
[[3], [19], [18]]
47
[[3], [19], [16]]
44
[[3], [18], [19]]
45
[[3], [18, 19]]
47
[[3], [18], [18]]
43
[[0], [17], [19]]
43
[[0], [19], [17]]
40
[[0], [19], [19]]
53
[[0], [19], [18]]
49
[[0], [19], [16]]
46
[[0], [18], [17]]
44
[[0], [18], [19]]
51
[[0], [18, 19]]
50
[[0], [18], [18]]
44
[[0], [18], [16]]
41
[[0], [16], [19]]
41
[[9], [17], [19]]
45
[[9], [17], [18]]
41
[[9], [19], [17]]
52
[[9], [19], [19]]
65
[[9], [19], [15]]
43
[[9], [19], [4]]
40
[[9], [19], [18]]
60
[[9], [19], [14]]
48
[[9], [19], [16]]
54
[[9], [19], [11]]
44
[[9], [19], [7]]
41
[[9], [18], [17]]
49
[[9], [18], [19]]
58
[[9], [18, 19]]
55
[[9], [18], [18]]
52
[[9], [18], [14]]
42
[[9], [18], [16]]
47
[[9], [14], [17]]
40
[[9], [14], [19]]
45
[[9], [14], [18]]
40
[[9], [16], [19]]
47
[[9], [16], [18]]
40
[[2], [19], [19]]
41
[[2], [19], [18]]
44
[[2], [18], [19]]
42
[[2], [18, 19]]
40
[[8], [17], [19]]
47
[[8], [17], [18]]
43
[[8], [19], [17]]
48
[[8], [19], [19]]
54
[[8], [19], [15]]
43
[[8], [19], [18]]
57
[[8], [19], [16]]
56
[[8], [18], [17]]
46
[[8], [18], [19]]
58
[[8], [18, 19]]
49
[[8], [18], [18]]
52
[[8], [18], [16]]
48
[[8], [16], [17]]
42
[[8], [16], [19]]
47
[[8], [16], [18]]
43
[[1], [19], [19]]
48
[[1], [19], [18]]
46
[[1], [19], [14]]
40
[[1], [18], [19]]
48
[[1], [18, 19]]
46
[[1], [18], [18]]
43
[[12], [19], [19], [19]]
40
[[17], [17], [19], [18]]
46
[[17], [17], [18], [19]]
43
[[17], [19], [17], [19]]
43
[[17], [19], [17], [18]]
42
[[17], [19], [19], [17]]
49
[[17], [19], [19], [19]]
61
[[17], [19], [19], [15]]
47
[[17], [19], [19], [10]]
42
[[17], [19], [19], [18]]
59
[[17], [19], [19], [14]]
42
[[17], [19], [19], [16]]
55
[[17], [19], [19], [11]]
42
[[17], [19], [18], [17]]
44
[[17], [19], [18], [19]]
61
[[17], [19], [18, 19]]
53
[[17], [19], [18], [15]]
41
[[17], [19], [18], [18]]
48
[[17], [19], [18], [16]]
49
[[17], [19], [16], [19]]
50
[[17], [19], [16], [18]]
48
[[17], [19], [16], [16]]
41
[[17, 19], [19], [19]]
40
[[17, 19], [19], [18]]
45
[[17], [18], [19], [17]]
43
[[17], [18], [19], [19]]
47
[[17], [18], [19], [15]]
40
[[17], [18], [19], [18]]
53
[[17], [18], [19], [16]]
40
[[17], [18, 19], [19]]
52
[[17], [18, 19], [18]]
56
[[17], [18, 19], [16]]
45
[[17], [18], [18], [19]]
47
[[17], [18], [18, 19]]
43
[[17], [18], [18], [18]]
44
[[17], [18], [16], [19]]
43
[[17], [18], [16], [18]]
41
[[17], [16], [19], [19]]
45
[[17], [16], [19], [18]]
43
[[17], [16], [18], [19]]
41
[[17], [16], [18, 19]]
40
[[17], [16], [18], [18]]
42
[[19], [12], [19], [19]]
40
[[19], [17], [17], [19]]
46
[[19], [17], [19], [17]]
42
[[19], [17], [19], [19]]
58
[[19], [17], [19], [15]]
43
[[19], [17], [19], [18]]
56
[[19], [17], [19], [14]]
43
[[19], [17], [19], [16]]
51
[[19], [17, 19], [19]]
40
[[19], [17, 19], [18]]
41
[[19], [17], [18], [17]]
44
[[19], [17], [18], [19]]
57
[[19], [17], [18, 19]]
49
[[19], [17], [18], [18]]
53
[[19], [17], [18], [16]]
49
[[19], [17], [16], [19]]
48
[[19], [17], [16], [18]]
44
[[19], [17], [16], [16]]
43
[[19], [19], [17], [17]]
46
[[19], [19], [17], [19]]
63
[[19], [19], [17, 19]]
46
[[19], [19], [17], [15]]
46
[[19], [19], [17], [18]]
56
[[19], [19], [17], [14]]
40
[[19], [19], [17], [16]]
51
[[19], [19], [19], [12]]
45
[[19], [19], [19], [17]]
65
[[19], [19], [19], [19]]
80
[[19], [19], [19], [15]]
59
[[19], [19], [19], [10]]
48
[[19], [19], [19], [18]]
73
[[19], [19], [19], [13]]
42
[[19], [19], [19], [14]]
54
[[19], [19], [19], [16]]
67
[[19], [19], [19], [11]]
50
[[19], [19], [19], [7]]
43
[[19], [19], [19], [6]]
43
[[19], [19], [19], [3]]
43
[[19], [19], [19], [8]]
46
[[19], [19], [15], [19]]
46
[[19], [19], [15], [18]]
40
[[19], [19], [15], [16]]
40
[[19], [19], [4], [19]]
43
[[19], [19], [10], [19]]
41
[[19], [19], [18], [17]]
63
[[19], [19], [18], [19]]
78
[[19], [19], [18, 19]]
68
[[19], [19], [18], [15]]
54
[[19], [19], [18], [10]]
40
[[19], [19], [18], [18]]
63
[[19], [19], [18], [14]]
48
[[19], [19], [18], [16]]
64
[[19], [19], [18], [11]]
44
[[19], [19], [18], [7]]
40
[[19], [19], [18], [8]]
44
[[19], [19], [13], [19]]
45
[[19], [19], [14], [17]]
40
[[19], [19], [14], [19]]
53
[[19], [19], [14], [18]]
43
[[19], [19], [14], [16]]
42
[[19], [19], [16], [17]]
47
[[19], [19], [16], [19]]
63
[[19], [19], [16, 19]]
44
[[19], [19], [16], [15]]
46
[[19], [19], [16], [18]]
53
[[19], [19], [16], [16]]
51
[[19], [19], [16], [11]]
40
[[19], [19], [16], [7]]
45
[[19], [19], [11], [19]]
48
[[19], [19], [11], [18]]
43
[[19], [19], [11], [16]]
40
[[19], [19], [7], [19]]
42
[[19], [19], [6], [19]]
47
[[19], [19], [3], [19]]
42
[[19], [19], [9], [19]]
47
[[19], [19], [8], [19]]
45
[[19], [15], [19], [19]]
46
[[19], [15], [19], [18]]
45
[[19], [15], [19], [16]]
40
[[19], [15], [18], [19]]
43
[[19], [15], [18], [18]]
43
[[19], [15], [16], [19]]
42
[[19], [10], [19], [19]]
43
[[19], [5], [19], [19]]
43
[[19], [5], [19], [18]]
40
[[19], [5], [18], [19]]
42
[[19], [18], [17], [17]]
42
[[19], [18], [17], [19]]
48
[[19], [18], [17], [18]]
45
[[19], [18], [17], [16]]
41
[[19], [18], [19], [17]]
56
[[19], [18], [19], [19]]
60
[[19], [18], [19], [15]]
49
[[19], [18], [19], [18]]
62
[[19], [18], [19], [14]]
49
[[19], [18], [19], [16]]
51
[[19], [18], [19], [7]]
42
[[19], [18, 19], [17]]
54
[[19], [18, 19], [19]]
69
[[19], [18, 19], [15]]
47
[[19], [18, 19], [18]]
61
[[19], [18, 19], [14]]
46
[[19], [18, 19], [16]]
53
[[19], [18, 19], [11]]
42
[[19], [18, 19], [8]]
42
[[19], [18], [18], [17]]
53
[[19], [18], [18], [19]]
65
[[19], [18], [18, 19]]
56
[[19], [18], [18], [15]]
45
[[19], [18], [18], [18]]
52
[[19], [18], [18], [14]]
43
[[19], [18], [18], [16]]
53
[[19], [18], [14], [19]]
44
[[19], [18], [16], [17]]
40
[[19], [18], [16], [19]]
47
[[19], [18], [16], [18]]
43
[[19], [18], [16], [16]]
40
[[19], [18], [9], [19]]
41
[[19], [13], [19], [19]]
42
[[19], [13], [19], [18]]
40
[[19], [13], [18], [19]]
45
[[19], [14], [19], [19]]
45
[[19], [14], [18], [19]]
40
[[19], [16], [17], [19]]
46
[[19], [16], [17], [18]]
40
[[19], [16], [19], [17]]
46
[[19], [16], [19], [19]]
61
[[19], [16], [19], [15]]
47
[[19], [16], [19], [18]]
57
[[19], [16], [19], [16]]
41
[[19], [16, 19], [19]]
42
[[19], [16], [18], [17]]
42
[[19], [16], [18], [19]]
58
[[19], [16], [18, 19]]
55
[[19], [16], [18], [15]]
41
[[19], [16], [18], [18]]
54
[[19], [16], [16], [19]]
49
[[19], [16], [9], [19]]
40
[[19], [11], [19], [19]]
43
[[19], [11], [19], [18]]
42
[[19], [11], [18], [19]]
44
[[19], [11], [18, 19]]
41
[[19], [11], [18], [18]]
42
[[19], [6], [19], [19]]
42
[[19], [6], [18], [19]]
40
[[19], [0], [19], [19]]
41
[[19], [0], [18], [19]]
41
[[19], [9], [19], [19]]
45
[[19], [9], [19], [18]]
42
[[19], [9], [18, 19]]
42
[[19], [8], [19], [18]]
40
[[19], [8], [18], [19]]
42
[[15], [19], [19], [19]]
46
[[15], [19], [18], [19]]
40
[[10], [19], [19], [19]]
40
[[5], [19], [19], [19]]
48
[[5], [19], [19], [18]]
43
[[5], [19], [18], [19]]
47
[[5], [19], [18, 19]]
41
[[5], [18], [19], [19]]
40
[[5], [18, 19], [19]]
42
[[5], [18], [18], [19]]
41
[[18], [17], [19], [19]]
49
[[18], [17], [19], [18]]
47
[[18], [17], [19], [16]]
41
[[18], [17], [18], [19]]
50
[[18], [17], [18, 19]]
42
[[18], [17], [18], [18]]
44
[[18], [17], [18], [16]]
42
[[18], [17], [16], [19]]
40
[[18], [19], [17], [19]]
49
[[18], [19], [17], [18]]
44
[[18], [19], [17], [16]]
40
[[18], [19], [19], [17]]
53
[[18], [19], [19], [19]]
68
[[18], [19], [19], [15]]
47
[[18], [19], [19], [18]]
60
[[18], [19], [19], [14]]
41
[[18], [19], [19], [16]]
55
[[18], [19], [15], [19]]
41
[[18], [19], [10], [19]]
41
[[18], [19], [18], [17]]
50
[[18], [19], [18], [19]]
67
[[18], [19], [18, 19]]
58
[[18], [19], [18], [15]]
44
[[18], [19], [18], [18]]
56
[[18], [19], [18], [16]]
52
[[18], [19], [18], [8]]
40
[[18], [19], [14], [19]]
42
[[18], [19], [16], [17]]
40
[[18], [19], [16], [19]]
52
[[18], [19], [16], [18]]
42
[[18], [19], [16], [16]]
42
[[18, 19], [17], [17]]
43
[[18, 19], [17], [19]]
50
[[18, 19], [17], [18]]
49
[[18, 19], [17], [16]]
46
[[18, 19], [19], [17]]
51
[[18, 19], [19], [19]]
67
[[18, 19], [19], [15]]
48
[[18, 19], [19], [18]]
66
[[18, 19], [19], [14]]
43
[[18, 19], [19], [16]]
54
[[18, 19], [18], [17]]
47
[[18, 19], [18], [19]]
63
[[18, 19], [18, 19]]
54
[[18, 19], [18], [15]]
48
[[18, 19], [18], [18]]
60
[[18, 19], [18], [16]]
52
[[18, 19], [18], [8]]
40
[[18, 19], [16], [17]]
40
[[18, 19], [16], [19]]
52
[[18, 19], [16], [18]]
49
[[18, 19], [16], [16]]
40
[[18, 19], [8], [19]]
40
[[18], [18], [17], [17]]
41
[[18], [18], [17], [19]]
45
[[18], [18], [19], [17]]
49
[[18], [18], [19], [19]]
58
[[18], [18], [19], [15]]
47
[[18], [18], [19], [18]]
57
[[18], [18], [19], [16]]
51
[[18], [18], [19], [8]]
40
[[18], [18, 19], [17]]
46
[[18], [18, 19], [19]]
60
[[18], [18, 19], [15]]
41
[[18], [18, 19], [18]]
55
[[18], [18, 19], [14]]
40
[[18], [18, 19], [16]]
47
[[18], [18, 19], [8]]
43
[[18], [18], [18], [17]]
47
[[18], [18], [18], [19]]
59
[[18], [18], [18, 19]]
50
[[18], [18], [18], [18]]
49
[[18], [18], [18], [16]]
48
[[18], [18], [14], [19]]
42
[[18], [18], [16], [19]]
48
[[18], [14], [19], [19]]
41
[[18], [16], [19], [19]]
55
[[18], [16], [19], [18]]
51
[[18], [16], [18], [19]]
51
[[18], [16], [18, 19]]
52
[[18], [16], [18], [18]]
49
[[18], [16], [16], [19]]
40
[[18], [9], [19], [19]]
42
[[13], [19], [19], [19]]
42
[[13], [19], [18], [19]]
40
[[13], [18, 19], [19]]
43
[[14], [19], [19], [17]]
40
[[14], [19], [19], [19]]
49
[[14], [19], [19], [18]]
44
[[14], [19], [19], [16]]
47
[[14], [19], [18], [19]]
48
[[14], [19], [18, 19]]
41
[[14], [19], [18], [16]]
41
[[14], [18], [19], [19]]
40
[[14], [18, 19], [19]]
42
[[16], [17], [19], [19]]
44
[[16], [17], [19], [18]]
44
[[16], [17], [18], [19]]
40
[[16], [19], [17], [19]]
47
[[16], [19], [17], [18]]
41
[[16], [19], [19], [17]]
49
[[16], [19], [19], [19]]
65
[[16], [19], [19], [15]]
47
[[16], [19], [19], [18]]
51
[[16], [19], [19], [14]]
42
[[16], [19], [19], [16]]
46
[[16], [19], [19], [8]]
41
[[16], [19], [18], [17]]
41
[[16], [19], [18], [19]]
58
[[16], [19], [18, 19]]
56
[[16], [19], [18], [18]]
47
[[16], [19], [18], [16]]
40
[[16], [19], [16], [19]]
43
[[16, 19], [19], [19]]
46
[[16, 19], [19], [18]]
47
[[16, 19], [18], [19]]
43
[[16, 19], [18, 19]]
43
[[16, 19], [18], [18]]
45
[[16, 19], [16], [19]]
42
[[16], [18], [19], [19]]
46
[[16], [18], [19], [18]]
45
[[16], [18, 19], [19]]
55
[[16], [18, 19], [18]]
52
[[16], [18], [18], [19]]
50
[[16], [18], [18, 19]]
43
[[16], [18], [18], [18]]
40
[[16], [16], [19], [19]]
42
[[16], [16], [18], [19]]
43
[[16], [16], [18, 19]]
40
[[11], [19], [19], [19]]
41
[[11], [19], [19], [18]]
41
[[11], [19], [18], [19]]
45
[[6], [19], [19], [19]]
40
[[9], [19], [19], [19]]
46
[[9], [19], [19], [16]]
40
[[9], [19], [18], [19]]
41
[[9], [18, 19], [19]]
43
[[9], [18, 19], [18]]
40
[[8], [19], [19], [19]]
43
[[8], [19], [18], [19]]
40
[[17], [19], [19], [19], [19]]
41
[[17], [19], [19], [19], [18]]
40
[[19], [19], [19], [17], [19]]
40
[[19], [19], [19], [19], [17]]
41
[[19], [19], [19], [19], [19]]
55
[[19], [19], [19], [19], [18]]
48
[[19], [19], [19], [19], [16]]
43
[[19], [19], [19], [18], [17]]
40
[[19], [19], [19], [18], [19]]
53
[[19], [19], [19], [18, 19]]
46
[[19], [19], [19], [18], [18]]
42
[[19], [19], [19], [18], [16]]
40
[[19], [19], [19], [16], [19]]
45
[[19], [19], [18], [19], [19]]
45
[[19], [19], [18], [19], [18]]
41
[[19], [19], [18, 19], [19]]
52
[[19], [19], [18, 19], [18]]
43
[[19], [19], [18], [18], [19]]
43
[[19], [18, 19], [19], [19]]
40
[[19], [16], [19], [19], [19]]
42
[[19], [16], [18, 19], [19]]
41
[[18], [19], [19], [19], [19]]
44
[[18], [19], [19], [19], [18]]
41
[[18], [19], [19], [18], [19]]
44
[[18], [19], [19], [18, 19]]
40
[[18], [19], [18], [19], [19]]
40
[[18], [19], [18, 19], [19]]
44
[[18], [19], [18], [18], [19]]
41
[[18, 19], [19], [19], [19]]
41
[[18, 19], [19], [18], [19]]
43
[[16], [19], [18, 19], [19]]
41
