[[12]]
18
[[17]]
23
[[19]]
29
[[15]]
17
[[4]]
17
[[10]]
15
[[5]]
20
[[18]]
25
[[13]]
17
[[14]]
18
[[16]]
26
[[11]]
20
[[7]]
13
[[6]]
18
[[3]]
16
[[2]]
12
[[9]]
17
[[8]]
19
[[0]]
12
[[1]]
13
[[12], [12]]
8
[[12], [17]]
11
[[12], [19]]
14
[[12], [5]]
11
[[12], [18]]
13
[[12], [13]]
8
[[12], [14]]
9
[[12], [16]]
12
[[12], [11]]
9
[[12], [8]]
9
[[17], [12]]
10
[[17], [17]]
14
[[17], [19]]
17
[[17, 19]]
9
[[17], [15]]
12
[[17], [4]]
8
[[17], [10]]
10
[[17], [5]]
11
[[17], [18]]
17
[[17, 18]]
8
[[17], [13]]
10
[[17], [14]]
11
[[17], [16]]
16
[[17], [11]]
13
[[17], [7]]
8
[[17], [6]]
11
[[17], [3]]
12
[[17], [2]]
8
[[17], [9]]
13
[[17], [8]]
12
[[19], [12]]
12
[[19], [17]]
17
[[19], [19]]
21
[[19], [15]]
15
[[19], [4]]
14
[[19], [10]]
11
[[19], [5]]
17
[[19], [18]]
23
[[19], [13]]
13
[[19], [14]]
15
[[19], [16]]
24
[[19], [11]]
16
[[19], [7]]
9
[[19], [6]]
12
[[19], [3]]
14
[[19], [2]]
9
[[19], [9]]
15
[[19], [8]]
15
[[19], [0]]
11
[[19], [1]]
10
[[15], [17]]
9
[[15], [19]]
12
[[15, 19]]
10
[[15], [15]]
11
[[15], [5]]
11
[[15], [18]]
15
[[15], [13]]
8
[[15], [14]]
9
[[15], [16]]
12
[[15], [11]]
8
[[15], [6]]
9
[[15], [3]]
9
[[15], [9]]
9
[[15], [8]]
10
[[4], [17]]
11
[[4], [19]]
14
[[4], [15]]
10
[[4], [5]]
11
[[4], [18]]
14
[[4], [14]]
8
[[4], [16]]
14
[[4], [11]]
9
[[4], [8]]
8
[[10], [12]]
9
[[10], [17]]
11
[[10], [19]]
12
[[10], [15]]
10
[[10], [5]]
10
[[10], [18]]
13
[[10], [14]]
9
[[10], [16]]
14
[[10], [11]]
9
[[10], [7]]
9
[[10], [6]]
9
[[10], [9]]
8
[[10], [8]]
9
[[5], [12]]
8
[[5], [17]]
14
[[5], [19]]
15
[[5], [15]]
10
[[5], [10]]
9
[[5], [5]]
11
[[5], [18]]
16
[[5], [13]]
8
[[5], [14]]
9
[[5], [16]]
14
[[5], [11]]
10
[[5], [6]]
8
[[5], [3]]
10
[[5], [9]]
12
[[5], [8]]
10
[[18], [12]]
11
[[18], [17]]
14
[[18], [19]]
18
[[18, 19]]
18
[[18], [15]]
13
[[18], [4]]
9
[[18], [10]]
10
[[18], [5]]
14
[[18], [18]]
20
[[18], [13]]
14
[[18], [14]]
15
[[18], [16]]
20
[[18], [11]]
13
[[18], [6]]
10
[[18], [3]]
12
[[18], [9]]
14
[[18], [8]]
12
[[18], [1]]
8
[[13], [17]]
10
[[13], [19]]
15
[[13], [15]]
8
[[13], [5]]
8
[[13], [18]]
13
[[13], [14]]
10
[[13], [16]]
12
[[13], [11]]
8
[[13], [6]]
9
[[13], [3]]
10
[[13], [8]]
10
[[14], [17]]
11
[[14], [19]]
13
[[14], [15]]
9
[[14], [18]]
14
[[14], [13]]
8
[[14], [14]]
9
[[14], [16]]
12
[[14], [11]]
9
[[14], [6]]
8
[[14], [3]]
10
[[14], [8]]
9
[[16], [12]]
12
[[16], [17]]
15
[[16], [19]]
21
[[16, 19]]
13
[[16], [15]]
13
[[16], [4]]
10
[[16], [10]]
11
[[16], [5]]
9
[[16], [18]]
19
[[16, 18]]
11
[[16], [13]]
10
[[16], [14]]
13
[[16], [16]]
17
[[16], [11]]
12
[[16], [6]]
10
[[16], [3]]
11
[[16], [9]]
12
[[16], [8]]
15
[[16], [0]]
10
[[16], [1]]
8
[[11], [17]]
9
[[11], [19]]
12
[[11], [15]]
8
[[11], [18]]
13
[[11], [14]]
11
[[11], [16]]
13
[[11], [7]]
9
[[11], [6]]
8
[[11], [8]]
9
[[7], [17]]
9
[[7], [19]]
11
[[7], [18]]
10
[[7], [14]]
9
[[7], [16]]
10
[[7], [11]]
8
[[7], [9]]
8
[[6], [12]]
8
[[6], [17]]
10
[[6], [19]]
13
[[6], [15]]
10
[[6], [5]]
10
[[6], [18]]
14
[[6], [14]]
8
[[6], [16]]
13
[[6], [3]]
8
[[6], [9]]
8
[[6], [8]]
9
[[3], [19]]
11
[[3], [4]]
8
[[3], [18]]
12
[[3], [16]]
10
[[3], [8]]
8
[[2], [17]]
8
[[2], [19]]
10
[[2], [18]]
12
[[2], [16]]
11
[[2], [11]]
8
[[2], [6]]
8
[[9], [17]]
12
[[9], [19]]
16
[[9], [15]]
8
[[9], [18]]
11
[[9], [14]]
9
[[9], [16]]
11
[[9], [11]]
9
[[9], [6]]
8
[[9], [3]]
8
[[9], [8]]
9
[[9], [0]]
8
[[8], [17]]
10
[[8], [19]]
15
[[8, 19]]
8
[[8], [15]]
10
[[8], [5]]
9
[[8], [18]]
16
[[8], [14]]
9
[[8], [16]]
13
[[8], [3]]
8
[[8], [9]]
9
[[8], [8]]
9
[[0], [17]]
9
[[0], [19]]
8
[[0], [18]]
10
[[0], [16]]
8
[[1], [17]]
10
[[1], [19]]
9
[[1], [18]]
10
[[1], [16]]
8
[[12], [19], [19]]
11
[[12], [19], [5]]
8
[[12], [19], [18]]
10
[[12], [19], [16]]
9
[[12], [19], [11]]
8
[[12], [18], [19]]
9
[[12], [18, 19]]
10
[[12], [18], [18]]
11
[[12], [18], [13]]
8
[[12], [18], [14]]
8
[[12], [18], [16]]
9
[[12], [14], [18]]
8
[[17], [12], [18]]
8
[[17], [17], [17]]
8
[[17], [17, 19]]
8
[[17], [17], [18]]
9
[[17], [17], [16]]
9
[[17], [19], [19]]
12
[[17], [19], [15]]
9
[[17], [19], [18]]
14
[[17], [19], [14]]
8
[[17], [19], [16]]
12
[[17], [19], [11]]
10
[[17], [19], [3]]
11
[[17], [19], [9]]
11
[[17], [19], [8]]
8
[[17], [15], [19]]
8
[[17], [15, 19]]
8
[[17], [15], [15]]
8
[[17], [15], [18]]
11
[[17], [15], [16]]
11
[[17], [15], [11]]
8
[[17], [10], [12]]
8
[[17], [10], [18]]
8
[[17], [10], [16]]
8
[[17], [5], [17]]
9
[[17], [5], [19]]
9
[[17], [5], [18]]
9
[[17], [5], [16]]
9
[[17], [18], [12]]
8
[[17], [18], [19]]
11
[[17], [18, 19]]
11
[[17], [18], [18]]
12
[[17], [18], [14]]
9
[[17], [18], [16]]
13
[[17], [18], [11]]
9
[[17], [18], [3]]
9
[[17], [18], [9]]
11
[[17], [18], [8]]
8
[[17], [13], [18]]
8
[[17], [14], [18]]
8
[[17], [16], [19]]
11
[[17], [16], [18]]
10
[[17], [16], [16]]
8
[[17], [16], [8]]
8
[[17], [6], [18]]
8
[[17], [6], [16]]
8
[[17], [3], [18]]
8
[[17], [3], [16]]
8
[[17], [2], [18]]
8
[[17], [9], [19]]
9
[[17], [8], [18]]
8
[[19], [12], [17]]
8
[[19], [12], [19]]
10
[[19], [12], [18]]
9
[[19], [12], [16]]
8
[[19], [17], [17]]
9
[[19], [17], [19]]
9
[[19], [17], [18]]
12
[[19], [17], [14]]
8
[[19], [17], [16]]
9
[[19], [19], [12]]
8
[[19], [19], [17]]
14
[[19], [19], [19]]
19
[[19], [19], [15]]
12
[[19], [19], [4]]
10
[[19], [19], [5]]
9
[[19], [19], [18]]
19
[[19], [19], [13]]
11
[[19], [19], [14]]
14
[[19], [19], [16]]
17
[[19], [19], [11]]
13
[[19], [19], [7]]
8
[[19], [19], [6]]
9
[[19], [19], [3]]
10
[[19], [19], [9]]
11
[[19], [19], [8]]
11
[[19], [15], [19]]
10
[[19], [15, 19]]
8
[[19], [15], [15]]
10
[[19], [15], [5]]
8
[[19], [15], [18]]
14
[[19], [15], [16]]
10
[[19], [15], [8]]
8
[[19], [4], [17]]
8
[[19], [4], [19]]
10
[[19], [4], [15]]
8
[[19], [4], [5]]
8
[[19], [4], [18]]
12
[[19], [4], [16]]
11
[[19], [10], [19]]
8
[[19], [10], [15]]
8
[[19], [10], [18]]
10
[[19], [10], [16]]
10
[[19], [5], [17]]
9
[[19], [5], [19]]
11
[[19], [5], [15]]
9
[[19], [5], [18]]
12
[[19], [5], [16]]
10
[[19], [5], [9]]
8
[[19], [18], [17]]
11
[[19], [18], [19]]
14
[[19], [18, 19]]
18
[[19], [18], [15]]
11
[[19], [18], [5]]
9
[[19], [18], [18]]
18
[[19], [18], [13]]
9
[[19], [18], [14]]
13
[[19], [18], [16]]
16
[[19], [18], [11]]
11
[[19], [18], [3]]
9
[[19], [18], [9]]
10
[[19], [18], [8]]
10
[[19], [13], [19]]
9
[[19], [13], [15]]
8
[[19], [13], [18]]
12
[[19], [13], [14]]
8
[[19], [13], [16]]
9
[[19], [14], [19]]
9
[[19], [14], [18]]
11
[[19], [14], [14]]
8
[[19], [14], [16]]
8
[[19], [16], [12]]
9
[[19], [16], [17]]
10
[[19], [16], [19]]
16
[[19], [16, 19]]
9
[[19], [16], [15]]
11
[[19], [16], [18]]
16
[[19], [16, 18]]
10
[[19], [16], [13]]
8
[[19], [16], [14]]
11
[[19], [16], [16]]
11
[[19], [16], [11]]
10
[[19], [16], [6]]
8
[[19], [16], [9]]
9
[[19], [16], [8]]
13
[[19], [11], [19]]
9
[[19], [11], [18]]
9
[[19], [11], [16]]
10
[[19], [6], [19]]
8
[[19], [6], [18]]
9
[[19], [6], [16]]
10
[[19], [3], [19]]
9
[[19], [3], [18]]
10
[[19], [3], [16]]
9
[[19], [2], [18]]
9
[[19], [2], [16]]
9
[[19], [9], [17]]
8
[[19], [9], [19]]
12
[[19], [9], [18]]
8
[[19], [8], [17]]
9
[[19], [8], [19]]
11
[[19], [8], [18]]
13
[[19], [8], [16]]
9
[[19], [0], [18]]
8
[[15], [19], [19]]
10
[[15], [19], [15]]
9
[[15], [19], [18]]
10
[[15], [19], [14]]
8
[[15, 19], [18]]
9
[[15, 19], [16]]
8
[[15], [15], [18]]
8
[[15], [18], [19]]
10
[[15], [18, 19]]
10
[[15], [18], [15]]
10
[[15], [18], [18]]
12
[[15], [18], [16]]
9
[[15], [13], [18]]
8
[[15], [14], [18]]
8
[[15], [16], [19]]
9
[[15], [16], [15]]
8
[[15], [16], [18]]
9
[[15], [16, 18]]
8
[[15], [9], [19]]
8
[[4], [19], [17]]
10
[[4], [19], [19]]
11
[[4], [19], [15]]
9
[[4], [19], [18]]
11
[[4], [19], [16]]
10
[[4], [19], [11]]
8
[[4], [18], [17]]
8
[[4], [18], [19]]
10
[[4], [18, 19]]
10
[[4], [18], [15]]
9
[[4], [18], [18]]
10
[[4], [18], [14]]
8
[[4], [18], [16]]
8
[[4], [16], [17]]
8
[[4], [16], [19]]
11
[[4], [16], [15]]
8
[[4], [16], [18]]
10
[[4], [16], [11]]
8
[[4], [8], [18]]
8
[[10], [17], [19]]
10
[[10], [17], [18]]
9
[[10], [19], [19]]
10
[[10], [19], [15]]
8
[[10], [19], [18]]
9
[[10], [19], [16]]
8
[[10], [15], [16]]
8
[[10], [5], [17]]
8
[[10], [5], [19]]
9
[[10], [5], [18]]
9
[[10], [5], [16]]
9
[[10], [18], [19]]
9
[[10], [18, 19]]
9
[[10], [18], [15]]
8
[[10], [18], [18]]
8
[[10], [18], [16]]
9
[[10], [14], [18]]
8
[[10], [16], [19]]
12
[[10], [16], [18]]
10
[[10], [16], [14]]
8
[[10], [16], [8]]
8
[[10], [7], [19]]
8
[[5], [17], [19]]
9
[[5], [17], [18]]
12
[[5], [17], [16]]
9
[[5], [17], [11]]
8
[[5], [19], [17]]
10
[[5], [19], [19]]
14
[[5], [19], [15]]
9
[[5], [19], [18]]
14
[[5], [19], [14]]
8
[[5], [19], [16]]
12
[[5], [19], [11]]
9
[[5], [19], [3]]
8
[[5], [19], [9]]
9
[[5], [19], [8]]
8
[[5], [15], [18]]
9
[[5], [15], [16]]
8
[[5], [10], [18]]
8
[[5], [10], [16]]
8
[[5], [5], [19]]
8
[[5], [5], [18]]
8
[[5], [5], [16]]
8
[[5], [18], [17]]
8
[[5], [18], [19]]
10
[[5], [18, 19]]
13
[[5], [18], [15]]
8
[[5], [18], [18]]
12
[[5], [18], [16]]
12
[[5], [18], [11]]
9
[[5], [18], [9]]
10
[[5], [18], [8]]
8
[[5], [14], [18]]
9
[[5], [16], [19]]
12
[[5], [16], [18]]
10
[[5], [16], [11]]
8
[[5], [16], [8]]
8
[[5], [9], [19]]
9
[[18], [17], [18]]
9
[[18], [19], [17]]
9
[[18], [19], [19]]
15
[[18], [19], [15]]
11
[[18], [19], [5]]
10
[[18], [19], [18]]
15
[[18], [19], [13]]
8
[[18], [19], [14]]
11
[[18], [19], [16]]
13
[[18], [19], [11]]
12
[[18], [19], [6]]
8
[[18], [19], [3]]
10
[[18], [19], [9]]
10
[[18], [19], [8]]
8
[[18, 19], [12]]
8
[[18, 19], [17]]
10
[[18, 19], [19]]
13
[[18, 19], [15]]
11
[[18, 19], [18]]
16
[[18, 19], [14]]
11
[[18, 19], [16]]
14
[[18, 19], [11]]
11
[[18, 19], [6]]
8
[[18, 19], [3]]
8
[[18, 19], [9]]
9
[[18, 19], [8]]
9
[[18], [15], [19]]
11
[[18], [15, 19]]
9
[[18], [15], [15]]
9
[[18], [15], [18]]
12
[[18], [15], [16]]
9
[[18], [15], [9]]
8
[[18], [15], [8]]
8
[[18], [4], [18]]
8
[[18], [10], [19]]
9
[[18], [10], [15]]
8
[[18], [10], [18]]
8
[[18], [10], [16]]
10
[[18], [5], [19]]
10
[[18], [5], [15]]
8
[[18], [5], [18]]
9
[[18], [5], [16]]
8
[[18], [18], [17]]
9
[[18], [18], [19]]
15
[[18], [18, 19]]
16
[[18], [18], [15]]
11
[[18], [18], [18]]
15
[[18], [18], [14]]
11
[[18], [18], [16]]
13
[[18], [18], [11]]
10
[[18], [18], [3]]
8
[[18], [18], [9]]
9
[[18], [18], [8]]
9
[[18], [13], [17]]
8
[[18], [13], [19]]
10
[[18], [13], [18]]
11
[[18], [13], [14]]
8
[[18], [13], [16]]
9
[[18], [13], [3]]
8
[[18], [14], [19]]
8
[[18], [14], [18]]
10
[[18], [14], [16]]
9
[[18], [14], [3]]
8
[[18], [16], [12]]
9
[[18], [16], [19]]
15
[[18], [16, 19]]
9
[[18], [16], [15]]
10
[[18], [16], [10]]
8
[[18], [16], [18]]
14
[[18], [16, 18]]
8
[[18], [16], [14]]
9
[[18], [16], [16]]
9
[[18], [16], [3]]
8
[[18], [16], [9]]
8
[[18], [16], [8]]
11
[[18], [11], [18]]
8
[[18], [11], [16]]
9
[[18], [6], [19]]
8
[[18], [3], [18]]
8
[[18], [3], [16]]
8
[[18], [9], [17]]
8
[[18], [9], [19]]
12
[[18], [9], [18]]
8
[[18], [8], [19]]
9
[[18], [8], [18]]
9
[[13], [19], [19]]
9
[[13], [19], [18]]
12
[[13], [19], [16]]
8
[[13], [18, 19]]
10
[[13], [18], [18]]
8
[[13], [18], [16]]
8
[[13], [16], [19]]
8
[[14], [17], [18]]
9
[[14], [19], [19]]
10
[[14], [19], [15]]
9
[[14], [19], [18]]
12
[[14], [19], [16]]
8
[[14], [15], [18]]
8
[[14], [18], [17]]
8
[[14], [18], [19]]
8
[[14], [18, 19]]
10
[[14], [18], [15]]
8
[[14], [18], [18]]
11
[[14], [18], [16]]
9
[[14], [16], [18]]
8
[[14], [16, 18]]
8
[[16], [17], [18]]
11
[[16], [19], [17]]
11
[[16], [19], [19]]
16
[[16], [19], [15]]
10
[[16], [19], [4]]
9
[[16], [19], [18]]
17
[[16], [19], [14]]
10
[[16], [19], [16]]
11
[[16], [19], [11]]
10
[[16], [19], [3]]
10
[[16], [19], [9]]
8
[[16], [19], [8]]
9
[[16], [19], [0]]
8
[[16, 19], [17]]
8
[[16, 19], [19]]
12
[[16, 19], [15]]
10
[[16, 19], [18]]
12
[[16, 19], [14]]
8
[[16, 19], [16]]
11
[[16], [15], [19]]
9
[[16], [15, 19]]
8
[[16], [15], [15]]
9
[[16], [15], [18]]
12
[[16], [15], [16]]
9
[[16], [4], [18]]
9
[[16], [10], [19]]
8
[[16], [10], [15]]
8
[[16], [10], [18]]
10
[[16], [10], [16]]
10
[[16], [18], [17]]
11
[[16], [18], [19]]
11
[[16], [18, 19]]
14
[[16], [18], [15]]
8
[[16], [18], [18]]
13
[[16], [18], [14]]
8
[[16], [18], [16]]
9
[[16], [18], [11]]
8
[[16], [18], [3]]
8
[[16, 18], [19]]
8
[[16, 18], [18]]
8
[[16], [13], [18]]
9
[[16], [14], [17]]
8
[[16], [14], [19]]
9
[[16], [14], [18]]
10
[[16], [14], [3]]
8
[[16], [16], [19]]
10
[[16], [16], [15]]
8
[[16], [16], [18]]
12
[[16], [16, 18]]
8
[[16], [16], [14]]
8
[[16], [16], [16]]
8
[[16], [11], [18]]
8
[[16], [6], [18]]
8
[[16], [9], [19]]
9
[[16], [8], [19]]
8
[[16], [8], [18]]
11
[[11], [17], [18]]
8
[[11], [19], [19]]
8
[[11], [19], [18]]
11
[[11], [19], [14]]
8
[[11], [19], [8]]
8
[[11], [18], [19]]
8
[[11], [18, 19]]
8
[[11], [18], [18]]
9
[[7], [17], [18]]
8
[[7], [19], [19]]
9
[[7], [19], [18]]
9
[[7], [19], [11]]
8
[[7], [19], [9]]
8
[[7], [18], [17]]
8
[[7], [18], [18]]
9
[[6], [17], [18]]
8
[[6], [19], [19]]
9
[[6], [19], [15]]
9
[[6], [19], [5]]
9
[[6], [19], [18]]
10
[[6], [19], [16]]
9
[[6], [15], [18]]
8
[[6], [18], [19]]
9
[[6], [18, 19]]
10
[[6], [18], [15]]
8
[[6], [18], [18]]
10
[[6], [18], [16]]
9
[[3], [19], [19]]
8
[[3], [19], [18]]
9
[[3], [19], [16]]
8
[[3], [18, 19]]
10
[[3], [18], [18]]
10
[[3], [18], [16]]
8
[[2], [19], [18]]
9
[[2], [19], [16]]
8
[[2], [18, 19]]
8
[[2], [18], [18]]
8
[[2], [18], [16]]
8
[[9], [19], [19]]
9
[[9], [19], [18]]
11
[[9], [19], [16]]
8
[[9], [19], [11]]
8
[[9], [19], [3]]
8
[[9], [18, 19]]
8
[[9], [14], [18]]
8
[[8], [17], [18]]
8
[[8], [19], [17]]
8
[[8], [19], [19]]
9
[[8], [19], [18]]
13
[[8], [19], [14]]
8
[[8], [19], [16]]
9
[[8], [19], [9]]
9
[[8], [19], [8]]
9
[[8], [15], [18]]
8
[[8], [18], [19]]
8
[[8], [18, 19]]
11
[[8], [18], [18]]
11
[[8], [18], [14]]
8
[[8], [18], [16]]
9
[[8], [18], [9]]
9
[[8], [18], [8]]
8
[[8], [16], [19]]
9
[[8], [16], [18]]
9
[[8], [16], [8]]
8
[[0], [19], [18]]
8
[[12], [18, 19], [16]]
8
[[17], [19], [19], [19]]
10
[[17], [19], [19], [18]]
10
[[17], [19], [19], [16]]
8
[[17], [19], [19], [11]]
8
[[17], [19], [18], [19]]
9
[[17], [19], [18, 19]]
11
[[17], [19], [18], [18]]
10
[[17], [19], [18], [14]]
8
[[17], [19], [18], [16]]
10
[[17], [19], [18], [11]]
9
[[17], [19], [18], [9]]
9
[[17], [19], [16], [19]]
9
[[17], [19], [16], [18]]
8
[[17], [15], [19], [19]]
8
[[17], [15], [18], [19]]
8
[[17], [15], [18], [18]]
9
[[17], [15], [18], [16]]
8
[[17], [15], [16], [19]]
8
[[17], [15], [16], [18]]
8
[[17], [5], [19], [19]]
8
[[17], [5], [18], [18]]
8
[[17], [5], [18], [16]]
8
[[17], [5], [16], [19]]
8
[[17], [18], [19], [19]]
10
[[17], [18], [19], [18]]
10
[[17], [18], [19], [3]]
8
[[17], [18, 19], [19]]
8
[[17], [18, 19], [18]]
10
[[17], [18, 19], [16]]
9
[[17], [18], [18], [19]]
10
[[17], [18], [18, 19]]
9
[[17], [18], [18], [18]]
10
[[17], [18], [18], [14]]
8
[[17], [18], [18], [16]]
8
[[17], [18], [16], [19]]
11
[[17], [18], [16], [18]]
8
[[17], [18], [9], [19]]
8
[[17], [16], [19], [18]]
8
[[19], [12], [19], [19]]
9
[[19], [12], [19], [18]]
8
[[19], [12], [18], [18]]
8
[[19], [19], [17], [19]]
8
[[19], [19], [17], [18]]
10
[[19], [19], [19], [17]]
9
[[19], [19], [19], [19]]
13
[[19], [19], [19], [15]]
8
[[19], [19], [19], [18]]
16
[[19], [19], [19], [14]]
11
[[19], [19], [19], [16]]
11
[[19], [19], [19], [11]]
8
[[19], [19], [19], [8]]
9
[[19], [19], [15], [19]]
8
[[19], [19], [15], [18]]
8
[[19], [19], [4], [18]]
8
[[19], [19], [18], [17]]
9
[[19], [19], [18], [19]]
10
[[19], [19], [18, 19]]
13
[[19], [19], [18], [15]]
9
[[19], [19], [18], [18]]
13
[[19], [19], [18], [14]]
10
[[19], [19], [18], [16]]
11
[[19], [19], [18], [11]]
9
[[19], [19], [18], [8]]
9
[[19], [19], [13], [19]]
8
[[19], [19], [13], [18]]
9
[[19], [19], [14], [19]]
9
[[19], [19], [14], [18]]
10
[[19], [19], [14], [14]]
8
[[19], [19], [14], [16]]
8
[[19], [19], [16], [19]]
10
[[19], [19], [16], [15]]
8
[[19], [19], [16], [18]]
10
[[19], [19], [16], [11]]
8
[[19], [19], [16], [8]]
8
[[19], [19], [11], [19]]
8
[[19], [19], [11], [18]]
8
[[19], [19], [11], [16]]
9
[[19], [19], [3], [18]]
8
[[19], [19], [9], [19]]
8
[[19], [15], [19], [19]]
8
[[19], [15], [19], [18]]
8
[[19], [15], [18], [19]]
8
[[19], [15], [18, 19]]
8
[[19], [15], [18], [15]]
8
[[19], [15], [18], [18]]
9
[[19], [15], [18], [16]]
8
[[19], [4], [19], [19]]
8
[[19], [4], [19], [15]]
8
[[19], [4], [19], [18]]
9
[[19], [4], [18], [19]]
8
[[19], [4], [18, 19]]
8
[[19], [4], [18], [15]]
8
[[19], [4], [18], [18]]
8
[[19], [4], [16], [19]]
8
[[19], [4], [16], [18]]
8
[[19], [5], [19], [19]]
10
[[19], [5], [19], [18]]
10
[[19], [5], [18], [18]]
8
[[19], [18], [17], [18]]
8
[[19], [18], [19], [19]]
11
[[19], [18], [19], [18]]
11
[[19], [18], [19], [14]]
9
[[19], [18, 19], [17]]
10
[[19], [18, 19], [19]]
12
[[19], [18, 19], [15]]
11
[[19], [18, 19], [18]]
15
[[19], [18, 19], [14]]
11
[[19], [18, 19], [16]]
12
[[19], [18, 19], [11]]
10
[[19], [18, 19], [3]]
8
[[19], [18, 19], [9]]
8
[[19], [18, 19], [8]]
8
[[19], [18], [18], [17]]
8
[[19], [18], [18], [19]]
11
[[19], [18], [18, 19]]
11
[[19], [18], [18], [15]]
10
[[19], [18], [18], [18]]
12
[[19], [18], [18], [14]]
9
[[19], [18], [18], [16]]
10
[[19], [18], [18], [11]]
8
[[19], [18], [14], [18]]
8
[[19], [18], [16], [19]]
8
[[19], [18], [16], [18]]
8
[[19], [18], [11], [16]]
8
[[19], [13], [19], [18]]
8
[[19], [14], [19], [19]]
8
[[19], [14], [19], [18]]
9
[[19], [14], [18], [18]]
8
[[19], [16], [19], [19]]
12
[[19], [16], [19], [15]]
8
[[19], [16], [19], [18]]
13
[[19], [16], [19], [8]]
8
[[19], [16, 19], [19]]
9
[[19], [16, 19], [18]]
8
[[19], [16], [18], [19]]
9
[[19], [16], [18, 19]]
11
[[19], [16], [18], [18]]
11
[[19], [16], [13], [18]]
8
[[19], [16], [14], [18]]
8
[[19], [16], [8], [18]]
9
[[19], [3], [19], [18]]
8
[[19], [3], [18, 19]]
8
[[19], [3], [18], [18]]
8
[[19], [9], [19], [18]]
8
[[19], [8], [19], [18]]
10
[[19], [8], [18, 19]]
9
[[19], [8], [18], [18]]
9
[[15], [19], [19], [18]]
8
[[15], [19], [18, 19]]
8
[[15], [18], [19], [19]]
8
[[15], [18], [19], [18]]
9
[[15], [18, 19], [19]]
8
[[15], [18, 19], [15]]
8
[[15], [18, 19], [18]]
8
[[15], [18], [18], [19]]
8
[[15], [18], [18, 19]]
8
[[15], [18], [18], [15]]
8
[[15], [18], [18], [18]]
8
[[15], [16], [18], [18]]
8
[[4], [19], [19], [19]]
8
[[4], [19], [19], [18]]
8
[[4], [19], [18, 19]]
8
[[4], [19], [18], [18]]
8
[[4], [19], [16], [19]]
8
[[4], [18], [19], [19]]
8
[[4], [18], [19], [18]]
8
[[4], [18, 19], [18]]
8
[[4], [18], [18, 19]]
9
[[4], [18], [18], [18]]
8
[[4], [16], [19], [19]]
8
[[4], [16], [19], [18]]
9
[[4], [16], [18, 19]]
8
[[10], [17], [19], [19]]
8
[[10], [17], [19], [18]]
8
[[10], [19], [19], [18]]
8
[[10], [19], [18, 19]]
8
[[10], [5], [19], [19]]
8
[[10], [5], [16], [19]]
8
[[10], [18], [18], [18]]
8
[[10], [16], [19], [19]]
8
[[10], [16], [19], [18]]
9
[[10], [16], [18, 19]]
8
[[10], [16], [18], [18]]
8
[[5], [17], [19], [18]]
8
[[5], [17], [18], [18]]
8
[[5], [17], [18], [16]]
8
[[5], [19], [17], [18]]
8
[[5], [19], [19], [17]]
8
[[5], [19], [19], [19]]
10
[[5], [19], [19], [15]]
9
[[5], [19], [19], [18]]
13
[[5], [19], [19], [16]]
10
[[5], [19], [19], [11]]
8
[[5], [19], [19], [9]]
8
[[5], [19], [15], [18]]
8
[[5], [19], [18], [19]]
8
[[5], [19], [18, 19]]
13
[[5], [19], [18], [15]]
8
[[5], [19], [18], [18]]
11
[[5], [19], [18], [16]]
9
[[5], [19], [18], [11]]
8
[[5], [19], [18], [9]]
8
[[5], [19], [16], [19]]
9
[[5], [19], [16], [18]]
8
[[5], [19], [16], [11]]
8
[[5], [18], [19], [19]]
9
[[5], [18], [19], [18]]
9
[[5], [18, 19], [19]]
9
[[5], [18, 19], [15]]
8
[[5], [18, 19], [18]]
11
[[5], [18, 19], [16]]
10
[[5], [18, 19], [11]]
8
[[5], [18, 19], [9]]
8
[[5], [18], [18], [19]]
9
[[5], [18], [18, 19]]
8
[[5], [18], [18], [15]]
8
[[5], [18], [18], [18]]
11
[[5], [18], [18], [16]]
9
[[5], [18], [16], [19]]
9
[[5], [16], [19], [19]]
8
[[5], [16], [19], [18]]
10
[[5], [16], [18, 19]]
8
[[18], [19], [19], [19]]
12
[[18], [19], [19], [15]]
8
[[18], [19], [19], [18]]
13
[[18], [19], [19], [14]]
8
[[18], [19], [19], [16]]
8
[[18], [19], [15], [19]]
8
[[18], [19], [15], [15]]
8
[[18], [19], [15], [18]]
8
[[18], [19], [18], [19]]
10
[[18], [19], [18, 19]]
12
[[18], [19], [18], [15]]
8
[[18], [19], [18], [18]]
10
[[18], [19], [18], [16]]
8
[[18], [19], [18], [11]]
8
[[18], [19], [14], [18]]
8
[[18], [19], [16], [19]]
10
[[18], [19], [16], [15]]
8
[[18], [19], [16], [18]]
9
[[18], [19], [11], [16]]
8
[[18], [19], [9], [19]]
9
[[18, 19], [19], [19]]
11
[[18, 19], [19], [15]]
8
[[18, 19], [19], [18]]
12
[[18, 19], [19], [14]]
8
[[18, 19], [19], [16]]
9
[[18, 19], [15], [19]]
9
[[18, 19], [15], [18]]
10
[[18, 19], [18], [19]]
10
[[18, 19], [18, 19]]
11
[[18, 19], [18], [15]]
10
[[18, 19], [18], [18]]
12
[[18, 19], [18], [16]]
9
[[18, 19], [14], [18]]
8
[[18, 19], [16], [19]]
9
[[18, 19], [16], [18]]
9
[[18, 19], [11], [16]]
9
[[18], [15], [19], [19]]
9
[[18], [15], [19], [18]]
9
[[18], [15, 19], [18]]
8
[[18], [15], [18], [19]]
9
[[18], [15], [18, 19]]
9
[[18], [15], [18], [15]]
8
[[18], [15], [18], [18]]
9
[[18], [15], [16], [19]]
8
[[18], [10], [19], [19]]
8
[[18], [10], [16], [19]]
9
[[18], [5], [19], [19]]
8
[[18], [5], [19], [18]]
8
[[18], [18], [19], [19]]
11
[[18], [18], [19], [18]]
11
[[18], [18, 19], [17]]
8
[[18], [18, 19], [19]]
12
[[18], [18, 19], [15]]
10
[[18], [18, 19], [18]]
13
[[18], [18, 19], [14]]
10
[[18], [18, 19], [16]]
10
[[18], [18, 19], [11]]
8
[[18], [18, 19], [8]]
8
[[18], [18], [15], [18]]
8
[[18], [18], [18], [17]]
8
[[18], [18], [18], [19]]
9
[[18], [18], [18, 19]]
10
[[18], [18], [18], [15]]
8
[[18], [18], [18], [18]]
10
[[18], [18], [14], [18]]
8
[[18], [18], [16], [19]]
9
[[18], [14], [19], [19]]
8
[[18], [14], [19], [18]]
8
[[18], [16], [19], [19]]
12
[[18], [16], [19], [15]]
8
[[18], [16], [19], [18]]
13
[[18], [16, 19], [19]]
9
[[18], [16, 19], [15]]
8
[[18], [16, 19], [18]]
9
[[18], [16], [15], [18]]
8
[[18], [16], [18], [19]]
8
[[18], [16], [18, 19]]
12
[[18], [16], [18], [18]]
9
[[18], [16], [14], [18]]
8
[[18], [9], [19], [19]]
8
[[18], [9], [19], [18]]
8
[[18], [8], [19], [18]]
8
[[18], [8], [18, 19]]
8
[[13], [19], [18, 19]]
9
[[14], [19], [18, 19]]
10
[[14], [19], [18], [16]]
8
[[14], [18, 19], [18]]
9
[[14], [18], [18, 19]]
8
[[16], [19], [17], [18]]
8
[[16], [19], [19], [17]]
9
[[16], [19], [19], [19]]
8
[[16], [19], [19], [18]]
9
[[16], [19], [19], [14]]
8
[[16], [19], [19], [16]]
8
[[16], [19], [4], [18]]
8
[[16], [19], [18], [17]]
8
[[16], [19], [18], [19]]
8
[[16], [19], [18, 19]]
13
[[16], [19], [18], [15]]
8
[[16], [19], [18], [18]]
10
[[16], [19], [18], [14]]
8
[[16], [19], [18], [16]]
8
[[16, 19], [19], [19]]
9
[[16, 19], [19], [18]]
10
[[16, 19], [15], [19]]
8
[[16, 19], [15], [18]]
10
[[16, 19], [18, 19]]
10
[[16, 19], [18], [18]]
9
[[16, 19], [16], [19]]
8
[[16, 19], [16], [18]]
9
[[16], [15], [18], [18]]
8
[[16], [18], [17], [18]]
8
[[16], [18, 19], [17]]
9
[[16], [18, 19], [19]]
8
[[16], [18, 19], [15]]
8
[[16], [18, 19], [18]]
11
[[16], [18, 19], [16]]
8
[[16], [18], [18, 19]]
9
[[16], [18], [18], [15]]
8
[[16], [18], [18], [18]]
9
[[16], [14], [19], [18]]
8
[[16], [16], [19], [18]]
8
[[16], [16], [18, 19]]
8
[[16], [16], [18], [15]]
8
[[16], [16], [18], [18]]
9
[[6], [19], [18, 19]]
8
[[6], [18, 19], [15]]
8
[[6], [18, 19], [18]]
8
[[3], [18, 19], [18]]
9
[[3], [18, 19], [16]]
8
[[9], [19], [19], [18]]
8
[[8], [19], [19], [19]]
8
[[8], [19], [19], [18]]
8
[[8], [19], [18, 19]]
8
[[8], [18, 19], [18]]
9
[[8], [16], [19], [18]]
9
[[17], [19], [19], [19], [18]]
8
[[17], [19], [19], [18], [18]]
8
[[17], [19], [18], [19], [19]]
8
[[17], [19], [18, 19], [19]]
8
[[17], [19], [18, 19], [18]]
10
[[17], [18], [19], [19], [18]]
8
[[17], [18, 19], [19], [18]]
8
[[17], [18, 19], [18, 19]]
8
[[17], [18, 19], [18], [18]]
8
[[17], [18], [18], [19], [19]]
8
[[17], [18], [18], [19], [18]]
8
[[17], [18], [18, 19], [19]]
8
[[17], [18], [18, 19], [18]]
9
[[17], [18], [16], [19], [18]]
8
[[19], [19], [19], [19], [18]]
8
[[19], [19], [19], [18], [19]]
8
[[19], [19], [19], [18, 19]]
10
[[19], [19], [18, 19], [18]]
10
[[19], [19], [14], [19], [18]]
9
[[19], [19], [16], [19], [18]]
8
[[19], [18], [19], [19], [19]]
8
[[19], [18], [19], [18, 19]]
8
[[19], [18, 19], [19], [19]]
9
[[19], [18, 19], [19], [18]]
10
[[19], [18, 19], [18], [19]]
8
[[19], [18, 19], [18, 19]]
8
[[19], [18, 19], [18], [15]]
8
[[19], [18, 19], [18], [18]]
9
[[19], [18, 19], [18], [16]]
8
[[19], [18, 19], [14], [18]]
8
[[19], [18, 19], [11], [16]]
8
[[19], [18], [18], [19], [19]]
9
[[19], [18], [18], [19], [18]]
8
[[19], [18], [18, 19], [19]]
9
[[19], [18], [18, 19], [18]]
9
[[19], [18], [18, 19], [14]]
8
[[19], [18], [18], [18, 19]]
8
[[19], [16], [19], [18, 19]]
11
[[19], [16], [18], [18, 19]]
9
[[19], [3], [18, 19], [18]]
8
[[15], [18, 19], [19], [18]]
8
[[5], [19], [19], [19], [19]]
8
[[5], [19], [19], [19], [18]]
9
[[5], [19], [19], [18], [18]]
8
[[5], [19], [19], [18], [16]]
8
[[5], [19], [18, 19], [19]]
8
[[5], [19], [18, 19], [15]]
8
[[5], [19], [18, 19], [18]]
11
[[5], [19], [18, 19], [16]]
9
[[5], [19], [18, 19], [11]]
8
[[5], [19], [18], [18], [16]]
9
[[5], [18, 19], [19], [19]]
8
[[5], [18, 19], [19], [18]]
9
[[5], [18, 19], [18], [19]]
8
[[5], [18, 19], [18, 19]]
8
[[5], [18, 19], [18], [15]]
8
[[5], [18, 19], [18], [18]]
10
[[5], [18, 19], [18], [16]]
8
[[5], [18], [18], [19], [18]]
8
[[5], [18], [18, 19], [19]]
8
[[5], [18], [18, 19], [18]]
8
[[18], [19], [19], [18, 19]]
9
[[18], [19], [18, 19], [19]]
8
[[18], [19], [18, 19], [18]]
9
[[18], [19], [16], [19], [19]]
8
[[18], [19], [16], [18, 19]]
8
[[18, 19], [19], [19], [19]]
8
[[18, 19], [19], [18], [19]]
8
[[18, 19], [19], [18, 19]]
8
[[18, 19], [18, 19], [19]]
8
[[18, 19], [18, 19], [18]]
9
[[18], [18], [19], [18, 19]]
9
[[18], [18, 19], [19], [19]]
9
[[18], [18, 19], [19], [18]]
10
[[18], [18, 19], [18, 19]]
8
[[18], [18, 19], [18], [18]]
8
[[18], [18], [18, 19], [18]]
8
[[18], [16], [19], [18, 19]]
11
[[18], [16, 19], [19], [18]]
8
[[18], [16, 19], [18, 19]]
8
[[16], [19], [18, 19], [17]]
8
[[16], [19], [18, 19], [18]]
8
[[19], [18], [18, 19], [18, 19]]
8
[[5], [19], [18, 19], [18], [16]]
8
[[5], [18, 19], [18, 19], [18]]
8
