[[4]]
47
[[16]]
55
[[5]]
49
[[12]]
58
[[19]]
80
[[14]]
59
[[18]]
69
[[13]]
59
[[2]]
51
[[8]]
52
[[11]]
50
[[15]]
62
[[1]]
40
[[7]]
52
[[3]]
41
[[6]]
50
[[9]]
48
[[17]]
67
[[0]]
47
[[10]]
43
[[4], [16]]
27
[[4], [12]]
23
[[4], [19]]
36
[[4], [14]]
29
[[4], [18]]
30
[[4], [13]]
21
[[4], [11]]
22
[[4], [15]]
26
[[4], [3]]
22
[[4], [17]]
25
[[16], [16]]
33
[[16], [5]]
26
[[16], [12]]
31
[[16], [19]]
39
[[16, 19]]
30
[[16], [14]]
30
[[16], [18]]
35
[[16], [13]]
27
[[16], [8]]
22
[[16], [11]]
23
[[16], [15]]
28
[[16], [7]]
21
[[16], [6]]
23
[[16], [9]]
24
[[16], [17]]
30
[[16], [0]]
26
[[16], [10]]
21
[[5], [16]]
25
[[5], [12]]
21
[[5], [19]]
32
[[5], [14]]
26
[[5], [18]]
28
[[5], [13]]
21
[[5], [8]]
24
[[5], [15]]
21
[[5], [9]]
21
[[5], [17]]
23
[[12], [4]]
23
[[12], [16]]
24
[[12], [5]]
25
[[12], [12]]
25
[[12], [19]]
42
[[12], [14]]
32
[[12], [18]]
38
[[12], [13]]
28
[[12], [2]]
23
[[12], [8]]
26
[[12], [11]]
21
[[12], [15]]
31
[[12], [1]]
22
[[12], [7]]
22
[[12], [3]]
21
[[12], [6]]
22
[[12], [9]]
23
[[12], [17]]
31
[[12], [0]]
24
[[12], [10]]
22
[[19], [4]]
38
[[19], [16]]
46
[[19], [5]]
40
[[19], [12]]
50
[[19], [19]]
67
[[19], [14]]
47
[[19], [18]]
60
[[19], [13]]
48
[[19], [2]]
38
[[19], [8]]
42
[[19], [11]]
40
[[19], [15]]
47
[[19], [1]]
33
[[19], [7]]
42
[[19], [3]]
36
[[19], [6]]
42
[[19], [9]]
33
[[19], [17]]
56
[[19], [0]]
39
[[19], [10]]
36
[[14], [4]]
26
[[14], [16]]
32
[[14], [5]]
27
[[14], [12]]
36
[[14], [19]]
48
[[14], [14]]
36
[[14], [18]]
39
[[14], [13]]
35
[[14], [2]]
26
[[14], [8]]
29
[[14], [11]]
30
[[14], [15]]
36
[[14], [7]]
30
[[14], [3]]
27
[[14], [6]]
29
[[14], [9]]
26
[[14], [17]]
38
[[14], [0]]
27
[[14], [10]]
27
[[18], [4]]
36
[[18], [16]]
40
[[18], [5]]
34
[[18], [12]]
42
[[18], [19]]
55
[[18, 19]]
55
[[18], [14]]
36
[[18], [18]]
53
[[18], [13]]
40
[[18], [2]]
31
[[18], [8]]
32
[[18], [11]]
35
[[18], [15]]
36
[[18], [1]]
28
[[18], [7]]
35
[[18], [3]]
31
[[18], [6]]
33
[[18], [9]]
31
[[18], [17]]
45
[[18], [0]]
33
[[18], [10]]
29
[[13], [4]]
27
[[13], [16]]
25
[[13], [5]]
24
[[13], [12]]
22
[[13], [19]]
47
[[13], [14]]
32
[[13], [18]]
39
[[13], [13]]
32
[[13], [2]]
25
[[13], [8]]
24
[[13], [11]]
34
[[13], [15]]
33
[[13], [1]]
21
[[13], [7]]
26
[[13], [3]]
24
[[13], [6]]
24
[[13], [9]]
24
[[13], [17]]
38
[[13], [0]]
29
[[13], [10]]
23
[[2], [4]]
21
[[2], [16]]
27
[[2], [5]]
22
[[2], [12]]
25
[[2], [19]]
37
[[2], [14]]
26
[[2], [18]]
30
[[2], [13]]
23
[[2], [8]]
22
[[2], [15]]
26
[[2], [6]]
21
[[2], [17]]
31
[[2], [0]]
22
[[8], [16]]
31
[[8], [12]]
26
[[8], [19]]
45
[[8], [14]]
27
[[8], [18]]
40
[[8], [13]]
29
[[8], [2]]
23
[[8], [8]]
24
[[8], [11]]
30
[[8], [15]]
27
[[8], [7]]
26
[[8], [3]]
23
[[8], [6]]
24
[[8], [9]]
21
[[8], [17]]
34
[[8], [10]]
26
[[11], [4]]
24
[[11], [16]]
24
[[11], [19]]
40
[[11], [14]]
32
[[11], [18]]
33
[[11], [13]]
33
[[11], [2]]
26
[[11], [8]]
21
[[11], [11]]
30
[[11], [15]]
34
[[11], [1]]
22
[[11], [7]]
26
[[11], [3]]
23
[[11], [6]]
23
[[11], [17]]
34
[[11], [0]]
24
[[11], [10]]
21
[[15], [4]]
25
[[15], [16]]
31
[[15], [5]]
24
[[15], [12]]
28
[[15], [19]]
48
[[15, 19]]
24
[[15], [14]]
32
[[15], [18]]
41
[[15], [13]]
34
[[15], [2]]
21
[[15], [8]]
23
[[15], [11]]
32
[[15], [15]]
33
[[15], [1]]
23
[[15], [7]]
27
[[15], [3]]
27
[[15], [6]]
25
[[15], [9]]
23
[[15], [17]]
38
[[15], [0]]
22
[[15], [10]]
24
[[1], [16]]
23
[[1], [12]]
22
[[1], [19]]
30
[[1], [14]]
25
[[1], [18]]
24
[[1], [13]]
25
[[1], [15]]
23
[[1], [17]]
24
[[1], [0]]
21
[[7], [4]]
21
[[7], [16]]
25
[[7], [12]]
22
[[7], [19]]
44
[[7], [14]]
27
[[7], [18]]
36
[[7], [13]]
25
[[7], [15]]
28
[[7], [9]]
22
[[7], [17]]
31
[[7], [10]]
25
[[3], [16]]
21
[[3], [19]]
34
[[3], [14]]
25
[[3], [18]]
29
[[3], [13]]
23
[[3], [11]]
21
[[3], [15]]
26
[[3], [17]]
23
[[3], [10]]
21
[[6], [16]]
25
[[6], [5]]
22
[[6], [12]]
27
[[6], [19]]
38
[[6], [14]]
26
[[6], [18]]
35
[[6], [13]]
28
[[6], [2]]
26
[[6], [15]]
26
[[6], [7]]
24
[[6], [17]]
30
[[6], [0]]
25
[[9], [4]]
21
[[9], [16]]
23
[[9], [5]]
22
[[9], [12]]
24
[[9], [19]]
39
[[9], [14]]
28
[[9], [18]]
32
[[9], [13]]
27
[[9], [2]]
23
[[9], [8]]
23
[[9], [11]]
24
[[9], [15]]
25
[[9], [7]]
23
[[9], [3]]
21
[[9], [6]]
23
[[9], [9]]
26
[[9], [17]]
30
[[9], [0]]
23
[[9], [10]]
23
[[17], [4]]
34
[[17], [16]]
34
[[17], [5]]
30
[[17], [12]]
33
[[17], [19]]
56
[[17, 19]]
41
[[17], [14]]
38
[[17], [18]]
48
[[17, 18]]
32
[[17], [13]]
42
[[17], [2]]
26
[[17], [8]]
30
[[17], [11]]
36
[[17], [15]]
41
[[17], [1]]
24
[[17], [7]]
32
[[17], [3]]
27
[[17], [6]]
30
[[17], [9]]
27
[[17], [17]]
45
[[17], [0]]
32
[[17], [10]]
30
[[0], [16]]
22
[[0], [12]]
26
[[0], [19]]
35
[[0], [14]]
27
[[0], [18]]
31
[[0], [13]]
30
[[0], [2]]
23
[[0], [8]]
23
[[0], [11]]
22
[[0], [15]]
21
[[0], [7]]
21
[[0], [6]]
21
[[0], [17]]
28
[[0], [0]]
23
[[0], [10]]
21
[[10], [16]]
24
[[10], [5]]
21
[[10], [12]]
22
[[10], [19]]
32
[[10], [14]]
21
[[10], [18]]
31
[[10], [13]]
26
[[10], [8]]
21
[[10], [11]]
21
[[10], [15]]
23
[[10], [9]]
23
[[10], [17]]
26
[[4], [19], [19]]
25
[[4], [19], [18]]
22
[[4], [18], [19]]
22
[[4], [18, 19]]
22
[[16], [16], [19]]
22
[[16], [16], [14]]
21
[[16], [19], [19]]
31
[[16], [19], [14]]
21
[[16], [19], [18]]
26
[[16], [19], [17]]
22
[[16, 19], [16]]
21
[[16, 19], [19]]
21
[[16], [18], [19]]
22
[[16], [18, 19]]
23
[[16], [18], [18]]
22
[[16], [17], [19]]
21
[[5], [19], [19]]
22
[[5], [18, 19]]
21
[[12], [19], [12]]
21
[[12], [19], [19]]
29
[[12], [19], [14]]
25
[[12], [19], [18]]
26
[[12], [19], [8]]
21
[[12], [19], [15]]
22
[[12], [19], [17]]
25
[[12], [18], [19]]
24
[[12], [18, 19]]
28
[[12], [18], [18]]
24
[[12], [17], [19]]
26
[[19], [4], [19]]
26
[[19], [4], [14]]
22
[[19], [4], [18]]
23
[[19], [16], [16]]
27
[[19], [16], [12]]
23
[[19], [16], [19]]
28
[[19], [16, 19]]
24
[[19], [16], [14]]
24
[[19], [16], [18]]
27
[[19], [16], [13]]
22
[[19], [16], [15]]
21
[[19], [16], [17]]
22
[[19], [5], [19]]
21
[[19], [5], [18]]
21
[[19], [12], [19]]
30
[[19], [12], [14]]
22
[[19], [12], [18]]
26
[[19], [12], [15]]
21
[[19], [12], [17]]
23
[[19], [19], [4]]
27
[[19], [19], [16]]
33
[[19], [19], [5]]
28
[[19], [19], [12]]
36
[[19], [19], [19]]
48
[[19], [19], [14]]
35
[[19], [19], [18]]
45
[[19], [19], [13]]
36
[[19], [19], [2]]
26
[[19], [19], [8]]
28
[[19], [19], [11]]
31
[[19], [19], [15]]
35
[[19], [19], [1]]
22
[[19], [19], [7]]
32
[[19], [19], [3]]
25
[[19], [19], [6]]
25
[[19], [19], [9]]
26
[[19], [19], [17]]
40
[[19], [19], [0]]
29
[[19], [19], [10]]
27
[[19], [14], [16]]
22
[[19], [14], [12]]
24
[[19], [14], [19]]
36
[[19], [14], [14]]
28
[[19], [14], [18]]
28
[[19], [14], [13]]
28
[[19], [14], [11]]
23
[[19], [14], [15]]
28
[[19], [14], [6]]
21
[[19], [14], [17]]
29
[[19], [18], [4]]
26
[[19], [18], [16]]
29
[[19], [18], [5]]
24
[[19], [18], [12]]
31
[[19], [18], [19]]
45
[[19], [18, 19]]
44
[[19], [18], [14]]
31
[[19], [18], [18]]
42
[[19], [18], [13]]
34
[[19], [18], [2]]
23
[[19], [18], [8]]
24
[[19], [18], [11]]
27
[[19], [18], [15]]
30
[[19], [18], [7]]
28
[[19], [18], [3]]
25
[[19], [18], [6]]
27
[[19], [18], [9]]
26
[[19], [18], [17]]
37
[[19], [18], [0]]
26
[[19], [18], [10]]
25
[[19], [13], [4]]
21
[[19], [13], [19]]
36
[[19], [13], [14]]
25
[[19], [13], [18]]
30
[[19], [13], [13]]
24
[[19], [13], [2]]
21
[[19], [13], [11]]
25
[[19], [13], [15]]
26
[[19], [13], [7]]
22
[[19], [13], [17]]
31
[[19], [2], [19]]
24
[[19], [2], [17]]
21
[[19], [8], [16]]
21
[[19], [8], [19]]
31
[[19], [8], [18]]
26
[[19], [8], [11]]
23
[[19], [8], [17]]
22
[[19], [11], [19]]
30
[[19], [11], [14]]
22
[[19], [11], [18]]
24
[[19], [11], [13]]
21
[[19], [11], [15]]
21
[[19], [11], [17]]
24
[[19], [15], [19]]
30
[[19], [15], [18]]
24
[[19], [15], [13]]
21
[[19], [15], [15]]
22
[[19], [15], [17]]
26
[[19], [7], [19]]
33
[[19], [7], [18]]
28
[[19], [7], [17]]
25
[[19], [3], [19]]
24
[[19], [6], [19]]
28
[[19], [6], [18]]
26
[[19], [6], [13]]
21
[[19], [6], [17]]
21
[[19], [9], [19]]
23
[[19], [17], [4]]
24
[[19], [17], [16]]
23
[[19], [17], [12]]
24
[[19], [17], [19]]
42
[[19], [17, 19]]
36
[[19], [17], [14]]
26
[[19], [17], [18]]
36
[[19], [17, 18]]
22
[[19], [17], [13]]
27
[[19], [17], [11]]
21
[[19], [17], [15]]
30
[[19], [17], [7]]
22
[[19], [17], [17]]
33
[[19], [17], [0]]
21
[[19], [17], [10]]
22
[[19], [0], [19]]
26
[[19], [0], [14]]
21
[[19], [0], [18]]
23
[[19], [10], [19]]
23
[[19], [10], [18]]
23
[[14], [12], [19]]
25
[[14], [19], [16]]
23
[[14], [19], [12]]
24
[[14], [19], [19]]
35
[[14], [19], [14]]
25
[[14], [19], [18]]
31
[[14], [19], [13]]
24
[[14], [19], [8]]
23
[[14], [19], [11]]
23
[[14], [19], [15]]
22
[[14], [19], [7]]
21
[[14], [19], [3]]
21
[[14], [19], [17]]
27
[[14], [19], [10]]
21
[[14], [14], [19]]
25
[[14], [18], [19]]
26
[[14], [18, 19]]
32
[[14], [18], [18]]
29
[[14], [18], [17]]
21
[[14], [13], [19]]
26
[[14], [8], [19]]
23
[[14], [11], [19]]
21
[[14], [15], [19]]
23
[[14], [15], [18]]
21
[[14], [7], [19]]
25
[[14], [7], [18]]
21
[[14], [17], [19]]
28
[[14], [17, 19]]
22
[[14], [17], [18]]
21
[[18], [4], [19]]
24
[[18], [4], [18]]
24
[[18], [16], [16]]
24
[[18], [16], [19]]
26
[[18], [16, 19]]
22
[[18], [16], [18]]
24
[[18], [16], [17]]
21
[[18], [12], [19]]
26
[[18], [12], [18]]
24
[[18], [12], [17]]
22
[[18], [19], [4]]
21
[[18], [19], [16]]
32
[[18], [19], [5]]
24
[[18], [19], [12]]
30
[[18], [19], [19]]
46
[[18], [19], [14]]
29
[[18], [19], [18]]
40
[[18], [19], [13]]
31
[[18], [19], [8]]
23
[[18], [19], [11]]
26
[[18], [19], [15]]
28
[[18], [19], [7]]
25
[[18], [19], [3]]
22
[[18], [19], [6]]
22
[[18], [19], [9]]
21
[[18], [19], [17]]
38
[[18], [19], [10]]
26
[[18, 19], [4]]
25
[[18, 19], [16]]
27
[[18, 19], [5]]
26
[[18, 19], [12]]
29
[[18, 19], [19]]
37
[[18, 19], [14]]
28
[[18, 19], [18]]
36
[[18, 19], [13]]
28
[[18, 19], [8]]
21
[[18, 19], [11]]
21
[[18, 19], [15]]
26
[[18, 19], [7]]
24
[[18, 19], [3]]
23
[[18, 19], [6]]
25
[[18, 19], [17]]
29
[[18, 19], [0]]
22
[[18, 19], [10]]
25
[[18], [14], [19]]
27
[[18], [14], [14]]
23
[[18], [14], [15]]
22
[[18], [14], [17]]
22
[[18], [18], [4]]
23
[[18], [18], [16]]
28
[[18], [18], [5]]
22
[[18], [18], [12]]
26
[[18], [18], [19]]
43
[[18], [18, 19]]
39
[[18], [18], [14]]
28
[[18], [18], [18]]
34
[[18], [18], [13]]
31
[[18], [18], [8]]
21
[[18], [18], [11]]
23
[[18], [18], [15]]
27
[[18], [18], [1]]
22
[[18], [18], [7]]
24
[[18], [18], [6]]
22
[[18], [18], [9]]
23
[[18], [18], [17]]
34
[[18], [18], [10]]
23
[[18], [13], [19]]
29
[[18], [13], [14]]
22
[[18], [13], [18]]
23
[[18], [13], [11]]
22
[[18], [13], [17]]
25
[[18], [8], [19]]
25
[[18], [8], [18]]
21
[[18], [11], [19]]
28
[[18], [11], [18]]
21
[[18], [11], [13]]
21
[[18], [11], [15]]
21
[[18], [11], [17]]
23
[[18], [15], [19]]
27
[[18], [15], [17]]
23
[[18], [7], [19]]
26
[[18], [7], [18]]
22
[[18], [6], [19]]
21
[[18], [9], [19]]
22
[[18], [17], [19]]
36
[[18], [17, 19]]
31
[[18], [17], [18]]
28
[[18], [17], [13]]
22
[[18], [17], [15]]
25
[[18], [17], [17]]
28
[[18], [0], [19]]
21
[[13], [19], [19]]
33
[[13], [19], [14]]
23
[[13], [19], [18]]
32
[[13], [19], [13]]
21
[[13], [19], [8]]
21
[[13], [19], [17]]
24
[[13], [14], [19]]
21
[[13], [18], [19]]
26
[[13], [18, 19]]
30
[[13], [18], [18]]
29
[[13], [11], [19]]
23
[[13], [15], [19]]
24
[[13], [17], [19]]
27
[[13], [17], [18]]
23
[[2], [19], [19]]
24
[[2], [19], [18]]
22
[[2], [19], [17]]
21
[[2], [18, 19]]
23
[[2], [17], [19]]
21
[[8], [19], [16]]
24
[[8], [19], [19]]
32
[[8], [19], [14]]
21
[[8], [19], [18]]
30
[[8], [19], [11]]
21
[[8], [19], [17]]
25
[[8], [18], [16]]
22
[[8], [18], [19]]
28
[[8], [18, 19]]
28
[[8], [18], [18]]
27
[[8], [18], [17]]
23
[[8], [11], [19]]
21
[[8], [15], [19]]
21
[[8], [17], [19]]
22
[[8], [17, 19]]
23
[[11], [19], [19]]
25
[[11], [19], [18]]
24
[[11], [18], [19]]
24
[[11], [18, 19]]
21
[[11], [18], [18]]
22
[[11], [13], [19]]
24
[[11], [11], [19]]
21
[[11], [15], [19]]
23
[[11], [15], [18]]
21
[[11], [17], [19]]
25
[[11], [17], [13]]
22
[[11], [17], [17]]
22
[[15], [19], [16]]
27
[[15], [19], [12]]
21
[[15], [19], [19]]
36
[[15], [19], [14]]
27
[[15], [19], [18]]
33
[[15], [19], [13]]
24
[[15], [19], [15]]
22
[[15], [19], [17]]
27
[[15], [14], [19]]
24
[[15], [18], [16]]
22
[[15], [18], [19]]
32
[[15], [18, 19]]
29
[[15], [18], [14]]
22
[[15], [18], [18]]
30
[[15], [18], [13]]
24
[[15], [18], [17]]
22
[[15], [13], [19]]
26
[[15], [11], [19]]
25
[[15], [7], [19]]
22
[[15], [17], [19]]
28
[[15], [17], [18]]
22
[[15], [17], [17]]
21
[[1], [19], [19]]
26
[[7], [19], [19]]
29
[[7], [19], [18]]
22
[[7], [19], [17]]
21
[[7], [18, 19]]
30
[[7], [17], [19]]
24
[[3], [19], [19]]
21
[[3], [18, 19]]
22
[[6], [19], [19]]
28
[[6], [19], [18]]
28
[[6], [18], [19]]
22
[[6], [18, 19]]
28
[[6], [18], [18]]
24
[[6], [17], [19]]
22
[[9], [19], [19]]
31
[[9], [19], [18]]
27
[[9], [19], [17]]
24
[[9], [18], [19]]
21
[[9], [18, 19]]
27
[[9], [18], [18]]
23
[[9], [17, 19]]
21
[[17], [4], [19]]
26
[[17], [4], [14]]
21
[[17], [4], [18]]
23
[[17], [16], [19]]
21
[[17], [19], [4]]
22
[[17], [19], [16]]
24
[[17], [19], [5]]
25
[[17], [19], [12]]
22
[[17], [19], [19]]
41
[[17], [19], [14]]
27
[[17], [19], [18]]
38
[[17], [19], [13]]
27
[[17], [19], [8]]
25
[[17], [19], [11]]
23
[[17], [19], [15]]
26
[[17], [19], [7]]
26
[[17], [19], [3]]
21
[[17], [19], [6]]
22
[[17], [19], [17]]
36
[[17], [19], [0]]
21
[[17], [19], [10]]
23
[[17, 19], [19]]
28
[[17, 19], [18]]
23
[[17, 19], [15]]
23
[[17], [14], [19]]
27
[[17], [14], [14]]
26
[[17], [14], [18]]
24
[[17], [14], [13]]
22
[[17], [14], [15]]
21
[[17], [14], [17]]
23
[[17], [18], [12]]
21
[[17], [18], [19]]
35
[[17], [18, 19]]
39
[[17], [18], [14]]
21
[[17], [18], [18]]
34
[[17], [18], [13]]
24
[[17], [18], [7]]
22
[[17], [18], [17]]
28
[[17], [18], [10]]
21
[[17, 18], [19]]
23
[[17, 18], [18]]
21
[[17], [13], [19]]
27
[[17], [13], [14]]
22
[[17], [13], [18]]
24
[[17], [13], [17]]
23
[[17], [8], [19]]
25
[[17], [8], [18]]
22
[[17], [11], [19]]
25
[[17], [11], [14]]
21
[[17], [11], [17]]
23
[[17], [15], [19]]
27
[[17], [15], [14]]
21
[[17], [15], [18]]
23
[[17], [15], [13]]
21
[[17], [15], [17]]
24
[[17], [7], [19]]
25
[[17], [7], [18]]
23
[[17], [17], [19]]
34
[[17], [17, 19]]
27
[[17], [17], [18]]
27
[[17], [17], [13]]
21
[[17], [17], [17]]
25
[[17], [0], [19]]
22
[[17], [0], [18]]
21
[[0], [19], [19]]
27
[[0], [19], [17]]
22
[[0], [18, 19]]
24
[[10], [19], [19]]
21
[[10], [18, 19]]
21
[[12], [19], [19], [19]]
21
[[19], [16], [19], [19]]
23
[[19], [19], [12], [19]]
21
[[19], [19], [19], [16]]
21
[[19], [19], [19], [19]]
37
[[19], [19], [19], [14]]
25
[[19], [19], [19], [18]]
31
[[19], [19], [19], [13]]
21
[[19], [19], [19], [11]]
22
[[19], [19], [19], [15]]
23
[[19], [19], [19], [7]]
22
[[19], [19], [19], [17]]
29
[[19], [19], [14], [19]]
22
[[19], [19], [18], [19]]
28
[[19], [19], [18, 19]]
33
[[19], [19], [18], [18]]
30
[[19], [19], [18], [17]]
21
[[19], [19], [13], [19]]
25
[[19], [19], [13], [18]]
21
[[19], [19], [13], [17]]
22
[[19], [19], [11], [19]]
24
[[19], [19], [15], [19]]
21
[[19], [19], [7], [19]]
25
[[19], [19], [7], [18]]
22
[[19], [19], [17], [19]]
30
[[19], [19], [17], [18]]
23
[[19], [19], [17], [13]]
22
[[19], [19], [17], [15]]
23
[[19], [19], [17], [17]]
22
[[19], [14], [19], [19]]
21
[[19], [14], [19], [18]]
21
[[19], [14], [18, 19]]
21
[[19], [18], [19], [19]]
31
[[19], [18], [19], [14]]
23
[[19], [18], [19], [18]]
32
[[19], [18], [19], [17]]
23
[[19], [18, 19], [19]]
26
[[19], [18, 19], [14]]
22
[[19], [18, 19], [18]]
26
[[19], [18, 19], [13]]
21
[[19], [18, 19], [17]]
22
[[19], [18], [14], [19]]
22
[[19], [18], [18], [19]]
26
[[19], [18], [18, 19]]
29
[[19], [18], [18], [14]]
22
[[19], [18], [18], [18]]
24
[[19], [18], [13], [19]]
23
[[19], [18], [7], [19]]
21
[[19], [18], [17], [19]]
24
[[19], [18], [17, 19]]
23
[[19], [13], [19], [19]]
24
[[19], [13], [19], [18]]
23
[[19], [13], [18, 19]]
22
[[19], [13], [18], [18]]
21
[[19], [13], [17], [19]]
22
[[19], [7], [18, 19]]
23
[[19], [17], [19], [19]]
23
[[19], [17], [19], [18]]
21
[[19], [17], [19], [17]]
21
[[19], [17, 19], [19]]
24
[[19], [17], [18, 19]]
25
[[19], [17], [18], [18]]
21
[[14], [19], [19], [19]]
26
[[14], [19], [19], [18]]
21
[[14], [19], [19], [17]]
21
[[14], [19], [18, 19]]
23
[[14], [18], [19], [19]]
22
[[14], [18, 19], [18]]
22
[[14], [18], [18, 19]]
21
[[18], [16], [19], [19]]
23
[[18], [19], [16], [19]]
21
[[18], [19], [19], [16]]
21
[[18], [19], [19], [19]]
34
[[18], [19], [19], [14]]
24
[[18], [19], [19], [18]]
29
[[18], [19], [19], [13]]
21
[[18], [19], [19], [15]]
22
[[18], [19], [19], [17]]
26
[[18], [19], [18], [19]]
29
[[18], [19], [18, 19]]
29
[[18], [19], [18], [18]]
27
[[18], [19], [18], [17]]
21
[[18], [19], [13], [19]]
21
[[18], [19], [11], [19]]
23
[[18], [19], [17], [19]]
26
[[18], [19], [17, 19]]
26
[[18], [19], [17], [18]]
22
[[18, 19], [19], [19]]
25
[[18, 19], [19], [18]]
28
[[18, 19], [19], [13]]
21
[[18, 19], [18], [19]]
28
[[18, 19], [18, 19]]
25
[[18, 19], [18], [14]]
21
[[18, 19], [18], [18]]
24
[[18, 19], [18], [13]]
21
[[18, 19], [18], [17]]
21
[[18], [18], [19], [19]]
29
[[18], [18], [19], [14]]
21
[[18], [18], [19], [18]]
28
[[18], [18, 19], [19]]
26
[[18], [18, 19], [14]]
21
[[18], [18, 19], [18]]
22
[[18], [18, 19], [17]]
21
[[18], [18], [18], [19]]
23
[[18], [18], [18, 19]]
27
[[18], [18], [18], [18]]
21
[[18], [18], [17], [19]]
21
[[18], [18], [17, 19]]
21
[[18], [13], [19], [19]]
21
[[18], [13], [19], [18]]
21
[[18], [17, 19], [19]]
21
[[18], [17], [18, 19]]
21
[[13], [19], [19], [19]]
21
[[13], [19], [18, 19]]
22
[[8], [19], [19], [19]]
21
[[15], [19], [19], [19]]
21
[[15], [19], [18], [19]]
22
[[15], [18], [19], [19]]
21
[[9], [19], [19], [19]]
21
[[9], [19], [18, 19]]
21
[[17], [19], [19], [19]]
25
[[17], [19], [19], [18]]
25
[[17], [19], [18], [19]]
25
[[17], [19], [18, 19]]
29
[[17], [19], [18], [18]]
24
[[17], [19], [17], [19]]
21
[[17], [19], [17], [18]]
21
[[17], [18], [19], [19]]
26
[[17], [18], [19], [18]]
26
[[17], [18, 19], [19]]
22
[[17], [18, 19], [18]]
24
[[17], [18], [18], [19]]
22
[[17], [18], [18, 19]]
27
[[17], [7], [18, 19]]
21
[[17], [17], [18, 19]]
24
[[19], [19], [19], [18, 19]]
22
[[18], [19], [19], [19], [19]]
24
[[18], [19], [18], [18, 19]]
21
