[[4]]
101
[[16]]
151
[[5]]
109
[[12]]
135
[[19]]
179
[[14]]
148
[[18]]
169
[[13]]
139
[[2]]
109
[[8]]
118
[[11]]
122
[[15]]
137
[[1]]
101
[[7]]
117
[[3]]
108
[[6]]
116
[[9]]
116
[[17]]
155
[[0]]
98
[[10]]
116
[[4], [16]]
63
[[4], [19]]
79
[[4], [14]]
65
[[4], [18]]
71
[[4], [15]]
61
[[16], [16]]
100
[[16], [5]]
68
[[16], [12]]
82
[[16], [19]]
118
[[16, 19]]
77
[[16], [14]]
90
[[16], [18]]
103
[[16], [13]]
77
[[16], [8]]
62
[[16], [11]]
73
[[16], [15]]
82
[[16], [7]]
65
[[16], [6]]
73
[[16], [9]]
65
[[16], [17]]
96
[[16], [10]]
67
[[5], [16]]
65
[[5], [19]]
82
[[5], [14]]
60
[[5], [18]]
73
[[5], [17]]
65
[[12], [16]]
79
[[12], [12]]
63
[[12], [19]]
105
[[12], [14]]
88
[[12], [18]]
97
[[12], [13]]
68
[[12], [8]]
61
[[12], [11]]
61
[[12], [15]]
79
[[12], [7]]
61
[[12], [9]]
60
[[12], [17]]
85
[[19], [4]]
84
[[19], [16]]
127
[[19], [5]]
88
[[19], [12]]
108
[[19], [19]]
159
[[19], [14]]
127
[[19], [18]]
141
[[19], [13]]
113
[[19], [2]]
84
[[19], [8]]
96
[[19], [11]]
99
[[19], [15]]
113
[[19], [1]]
78
[[19], [7]]
96
[[19], [3]]
84
[[19], [6]]
97
[[19], [9]]
91
[[19], [17]]
127
[[19], [0]]
82
[[19], [10]]
98
[[14], [4]]
60
[[14], [16]]
91
[[14], [5]]
62
[[14], [12]]
82
[[14], [19]]
120
[[14], [14]]
81
[[14], [18]]
104
[[14], [13]]
86
[[14], [2]]
63
[[14], [8]]
68
[[14], [11]]
68
[[14], [15]]
97
[[14], [7]]
75
[[14], [3]]
63
[[14], [6]]
73
[[14], [9]]
62
[[14], [17]]
94
[[14], [10]]
70
[[18], [4]]
74
[[18], [16]]
109
[[18], [5]]
75
[[18], [12]]
101
[[18], [19]]
137
[[18, 19]]
127
[[18], [14]]
107
[[18], [18]]
121
[[18], [13]]
93
[[18], [2]]
69
[[18], [8]]
81
[[18], [11]]
84
[[18], [15]]
99
[[18], [1]]
67
[[18], [7]]
81
[[18], [3]]
71
[[18], [6]]
87
[[18], [9]]
81
[[18], [17]]
112
[[18], [0]]
69
[[18], [10]]
83
[[13], [16]]
79
[[13], [5]]
60
[[13], [12]]
66
[[13], [19]]
115
[[13], [14]]
81
[[13], [18]]
99
[[13], [13]]
69
[[13], [8]]
62
[[13], [11]]
66
[[13], [15]]
77
[[13], [7]]
60
[[13], [6]]
60
[[13], [17]]
92
[[13], [10]]
67
[[2], [16]]
74
[[2], [19]]
81
[[2], [18]]
69
[[2], [15]]
60
[[2], [17]]
70
[[8], [16]]
76
[[8], [12]]
63
[[8], [19]]
93
[[8], [14]]
68
[[8], [18]]
88
[[8], [13]]
66
[[8], [15]]
60
[[8], [17]]
78
[[8], [10]]
62
[[11], [16]]
72
[[11], [19]]
99
[[11], [14]]
73
[[11], [18]]
85
[[11], [13]]
78
[[11], [11]]
67
[[11], [15]]
77
[[11], [17]]
84
[[15], [16]]
89
[[15], [12]]
72
[[15], [19]]
114
[[15], [14]]
90
[[15], [18]]
104
[[15], [13]]
78
[[15], [8]]
60
[[15], [11]]
72
[[15], [15]]
90
[[15], [7]]
65
[[15], [6]]
70
[[15], [17]]
97
[[15], [10]]
66
[[1], [16]]
62
[[1], [19]]
81
[[1], [14]]
62
[[1], [18]]
69
[[1], [17]]
63
[[7], [16]]
67
[[7], [19]]
96
[[7], [14]]
72
[[7], [18]]
84
[[7], [13]]
66
[[7], [15]]
66
[[7], [17]]
74
[[3], [16]]
63
[[3], [19]]
81
[[3], [14]]
60
[[3], [18]]
74
[[3], [17]]
61
[[6], [16]]
65
[[6], [12]]
62
[[6], [19]]
89
[[6], [14]]
65
[[6], [18]]
80
[[6], [13]]
67
[[6], [15]]
65
[[6], [17]]
73
[[9], [16]]
73
[[9], [12]]
63
[[9], [19]]
95
[[9], [14]]
74
[[9], [18]]
85
[[9], [13]]
68
[[9], [15]]
69
[[9], [6]]
62
[[9], [17]]
73
[[17], [4]]
70
[[17], [16]]
93
[[17], [5]]
74
[[17], [12]]
82
[[17], [19]]
125
[[17, 19]]
91
[[17], [14]]
102
[[17], [18]]
107
[[17, 18]]
68
[[17], [13]]
96
[[17], [2]]
64
[[17], [8]]
70
[[17], [11]]
76
[[17], [15]]
95
[[17], [7]]
78
[[17], [3]]
63
[[17], [6]]
76
[[17], [9]]
72
[[17], [17]]
104
[[17], [0]]
67
[[17], [10]]
74
[[0], [16]]
61
[[0], [19]]
80
[[0], [14]]
61
[[0], [18]]
69
[[10], [16]]
65
[[10], [12]]
60
[[10], [19]]
90
[[10], [14]]
66
[[10], [18]]
80
[[10], [13]]
64
[[10], [15]]
67
[[10], [17]]
72
[[16], [16], [19]]
67
[[16], [19], [16]]
69
[[16], [19], [19]]
87
[[16], [19], [14]]
62
[[16], [19], [18]]
77
[[16], [19], [15]]
60
[[16], [19], [17]]
66
[[16, 19], [19]]
62
[[16], [14], [19]]
60
[[16], [18], [19]]
71
[[16], [18, 19]]
72
[[16], [18], [18]]
69
[[16], [13], [19]]
62
[[16], [17], [19]]
67
[[5], [19], [19]]
62
[[12], [19], [16]]
64
[[12], [19], [19]]
73
[[12], [19], [14]]
64
[[12], [19], [18]]
74
[[12], [19], [17]]
67
[[12], [18], [19]]
68
[[12], [18, 19]]
68
[[12], [18], [18]]
65
[[12], [17], [19]]
61
[[19], [16], [16]]
74
[[19], [16], [12]]
62
[[19], [16], [19]]
91
[[19], [16], [14]]
70
[[19], [16], [18]]
78
[[19], [16], [13]]
61
[[19], [16], [15]]
64
[[19], [16], [17]]
73
[[19], [12], [19]]
82
[[19], [12], [14]]
63
[[19], [12], [18]]
70
[[19], [12], [17]]
62
[[19], [19], [4]]
66
[[19], [19], [16]]
95
[[19], [19], [5]]
70
[[19], [19], [12]]
84
[[19], [19], [19]]
127
[[19], [19], [14]]
95
[[19], [19], [18]]
112
[[19], [19], [13]]
90
[[19], [19], [2]]
62
[[19], [19], [8]]
72
[[19], [19], [11]]
74
[[19], [19], [15]]
90
[[19], [19], [7]]
76
[[19], [19], [3]]
60
[[19], [19], [6]]
72
[[19], [19], [9]]
71
[[19], [19], [17]]
105
[[19], [19], [10]]
71
[[19], [14], [16]]
72
[[19], [14], [12]]
63
[[19], [14], [19]]
99
[[19], [14], [14]]
62
[[19], [14], [18]]
81
[[19], [14], [13]]
68
[[19], [14], [15]]
76
[[19], [14], [17]]
71
[[19], [18], [16]]
82
[[19], [18], [12]]
78
[[19], [18], [19]]
117
[[19], [18, 19]]
104
[[19], [18], [14]]
86
[[19], [18], [18]]
103
[[19], [18], [13]]
77
[[19], [18], [8]]
63
[[19], [18], [11]]
63
[[19], [18], [15]]
78
[[19], [18], [7]]
67
[[19], [18], [6]]
69
[[19], [18], [9]]
64
[[19], [18], [17]]
94
[[19], [18], [10]]
68
[[19], [13], [16]]
62
[[19], [13], [19]]
94
[[19], [13], [14]]
64
[[19], [13], [18]]
76
[[19], [13], [15]]
63
[[19], [13], [17]]
77
[[19], [8], [19]]
69
[[19], [8], [18]]
65
[[19], [11], [19]]
79
[[19], [11], [18]]
65
[[19], [11], [17]]
63
[[19], [15], [16]]
67
[[19], [15], [19]]
88
[[19], [15], [14]]
60
[[19], [15], [18]]
76
[[19], [15], [15]]
67
[[19], [15], [17]]
73
[[19], [1], [19]]
61
[[19], [7], [19]]
77
[[19], [7], [18]]
65
[[19], [6], [19]]
72
[[19], [6], [18]]
61
[[19], [9], [19]]
68
[[19], [17], [16]]
72
[[19], [17], [12]]
64
[[19], [17], [19]]
102
[[19], [17, 19]]
71
[[19], [17], [14]]
79
[[19], [17], [18]]
86
[[19], [17], [13]]
73
[[19], [17], [15]]
78
[[19], [17], [17]]
84
[[19], [0], [19]]
64
[[19], [10], [19]]
70
[[14], [16], [19]]
63
[[14], [12], [19]]
62
[[14], [19], [16]]
69
[[14], [19], [19]]
92
[[14], [19], [14]]
61
[[14], [19], [18]]
84
[[14], [19], [13]]
61
[[14], [19], [15]]
64
[[14], [19], [17]]
74
[[14], [14], [19]]
61
[[14], [18], [19]]
77
[[14], [18, 19]]
79
[[14], [18], [18]]
73
[[14], [18], [17]]
63
[[14], [13], [19]]
69
[[14], [15], [19]]
66
[[14], [15], [18]]
60
[[14], [17], [19]]
74
[[14], [17], [18]]
60
[[18], [16], [16]]
61
[[18], [16], [19]]
77
[[18], [16], [18]]
60
[[18], [12], [19]]
73
[[18], [12], [18]]
63
[[18], [19], [16]]
82
[[18], [19], [5]]
62
[[18], [19], [12]]
69
[[18], [19], [19]]
109
[[18], [19], [14]]
80
[[18], [19], [18]]
94
[[18], [19], [13]]
72
[[18], [19], [15]]
77
[[18], [19], [7]]
61
[[18], [19], [6]]
61
[[18], [19], [17]]
85
[[18], [19], [10]]
63
[[18, 19], [16]]
76
[[18, 19], [5]]
60
[[18, 19], [12]]
73
[[18, 19], [19]]
99
[[18, 19], [14]]
81
[[18, 19], [18]]
92
[[18, 19], [13]]
66
[[18, 19], [15]]
75
[[18, 19], [6]]
62
[[18, 19], [9]]
60
[[18, 19], [17]]
78
[[18, 19], [10]]
62
[[18], [14], [19]]
74
[[18], [14], [18]]
60
[[18], [18], [16]]
72
[[18], [18], [12]]
66
[[18], [18], [19]]
98
[[18], [18, 19]]
88
[[18], [18], [14]]
73
[[18], [18], [18]]
87
[[18], [18], [13]]
68
[[18], [18], [15]]
68
[[18], [18], [17]]
78
[[18], [13], [19]]
77
[[18], [13], [18]]
60
[[18], [11], [19]]
66
[[18], [15], [19]]
74
[[18], [15], [18]]
60
[[18], [7], [19]]
62
[[18], [6], [19]]
60
[[18], [17], [19]]
92
[[18], [17, 19]]
66
[[18], [17], [14]]
70
[[18], [17], [18]]
73
[[18], [17], [15]]
71
[[18], [17], [17]]
68
[[13], [19], [19]]
83
[[13], [19], [18]]
67
[[13], [18], [19]]
65
[[13], [18, 19]]
64
[[13], [17], [19]]
69
[[8], [19], [16]]
61
[[8], [19], [19]]
74
[[8], [19], [18]]
65
[[8], [18], [19]]
64
[[8], [18, 19]]
62
[[11], [19], [19]]
75
[[11], [19], [18]]
63
[[11], [18], [19]]
66
[[11], [13], [19]]
61
[[11], [17], [19]]
64
[[15], [19], [16]]
67
[[15], [19], [19]]
86
[[15], [19], [18]]
77
[[15], [19], [15]]
62
[[15], [19], [17]]
63
[[15], [18], [19]]
77
[[15], [18, 19]]
69
[[15], [18], [18]]
68
[[15], [13], [19]]
65
[[15], [17], [19]]
72
[[15], [17], [18]]
61
[[1], [19], [19]]
65
[[7], [19], [19]]
72
[[7], [18, 19]]
62
[[3], [19], [19]]
62
[[6], [19], [19]]
70
[[6], [19], [18]]
61
[[9], [19], [19]]
81
[[9], [19], [18]]
70
[[9], [19], [17]]
62
[[9], [18], [19]]
63
[[9], [18, 19]]
64
[[17], [16], [19]]
60
[[17], [19], [16]]
71
[[17], [19], [19]]
95
[[17], [19], [14]]
68
[[17], [19], [18]]
88
[[17], [19], [13]]
65
[[17], [19], [15]]
67
[[17], [19], [7]]
60
[[17], [19], [17]]
82
[[17, 19], [19]]
75
[[17, 19], [18]]
63
[[17], [14], [19]]
74
[[17], [14], [18]]
65
[[17], [18], [19]]
82
[[17], [18, 19]]
78
[[17], [18], [14]]
60
[[17], [18], [18]]
78
[[17], [18], [17]]
66
[[17], [13], [19]]
73
[[17], [13], [18]]
61
[[17], [15], [19]]
70
[[17], [15], [18]]
63
[[17], [15], [17]]
60
[[17], [17], [19]]
81
[[17], [17], [18]]
70
[[17], [17], [17]]
65
[[10], [19], [19]]
65
[[16], [19], [19], [19]]
62
[[19], [16], [19], [19]]
60
[[19], [19], [16], [19]]
62
[[19], [19], [12], [19]]
62
[[19], [19], [19], [16]]
68
[[19], [19], [19], [19]]
98
[[19], [19], [19], [14]]
65
[[19], [19], [19], [18]]
83
[[19], [19], [19], [15]]
67
[[19], [19], [19], [17]]
76
[[19], [19], [18], [19]]
81
[[19], [19], [18, 19]]
81
[[19], [19], [18], [18]]
73
[[19], [19], [18], [17]]
64
[[19], [19], [13], [19]]
69
[[19], [19], [17], [19]]
76
[[19], [19], [17], [18]]
62
[[19], [19], [17], [15]]
62
[[19], [19], [17], [17]]
62
[[19], [14], [19], [19]]
63
[[19], [14], [19], [18]]
61
[[19], [14], [18, 19]]
62
[[19], [18], [19], [16]]
60
[[19], [18], [19], [19]]
84
[[19], [18], [19], [14]]
62
[[19], [18], [19], [18]]
76
[[19], [18], [19], [17]]
64
[[19], [18, 19], [19]]
80
[[19], [18, 19], [18]]
72
[[19], [18], [18], [19]]
73
[[19], [18], [18, 19]]
73
[[19], [18], [18], [18]]
62
[[19], [18], [13], [19]]
63
[[19], [18], [17], [19]]
76
[[19], [13], [19], [19]]
65
[[19], [17], [19], [19]]
65
[[19], [17], [19], [18]]
62
[[19], [17], [18], [19]]
62
[[14], [19], [19], [19]]
68
[[18], [19], [19], [19]]
82
[[18], [19], [19], [14]]
60
[[18], [19], [19], [18]]
71
[[18], [19], [19], [17]]
62
[[18], [19], [18], [19]]
71
[[18], [19], [18, 19]]
66
[[18], [19], [18], [18]]
66
[[18], [19], [17], [19]]
69
[[18, 19], [19], [19]]
75
[[18, 19], [19], [18]]
68
[[18, 19], [18], [19]]
72
[[18, 19], [18, 19]]
61
[[18, 19], [18], [18]]
60
[[18, 19], [17], [19]]
64
[[18], [18], [19], [19]]
71
[[18], [18], [19], [18]]
71
[[18], [18, 19], [19]]
66
[[18], [18], [18], [19]]
60
[[18], [18], [17], [19]]
65
[[17], [19], [19], [19]]
68
[[17], [19], [18], [19]]
61
[[17], [19], [18, 19]]
63
[[17], [19], [17], [19]]
61
[[17], [18], [19], [19]]
60
[[17], [18], [19], [18]]
60
