64
1 0 15 25 -1 16 -1 21 -1 2 -1 2 -1 22 -1 16 -1 10 -1 15 -1
2 26 27 29 -1 14 -1 8 -1 0 6 -1 12 -1 3 26 29 -1 21 28 29 -1 21 -1 17 -1 5 19 -1 3 4 23 29 -1 23 -1 6 -1 24 27 28 -1 18 20 26 29 -1 12 -1 5 -1 4 -1 18 -1
3 17 -1 16 -1 27 -1 23 27 28 29 -1 9 -1 4 20 -1 19 22 -1 20 23 28 29 -1 13 -1 29 -1 3 13 29 -1 8 -1 28 -1 6 15 -1
4 18 -1 5 21 -1 18 29 -1 3 24 -1 16 23 24 -1 1 -1 10 -1 28 -1 0 -1 18 -1
5 21 26 29 -1 21 22 27 -1 29 -1
6 28 29 -1 6 19 21 -1 29 -1 8 25 26 -1 23 -1 28 -1 0 -1 6 9 27 28 -1 3 29 -1 12 27 28 29 -1 26 -1 18 20 -1 24 29 -1 27 -1 6 15 -1 15 -1 27 -1
7 11 -1 23 -1 24 -1 23 -1 25 -1 1 11 27 -1 25 29 -1 26 28 -1 5 -1 21 26 28 -1 11 12 25 26 -1 23 -1 29 -1 13 -1 29 -1 26 28 29 -1 27 -1 17 27 -1 19 -1 17 -1 24 25 -1
8 15 26 -1 13 -1
9 29 -1 21 -1 26 29 -1 11 -1 22 26 -1 17 -1 8 28 -1 16 27 28 -1 5 20 -1 18 22 -1 5 13 28 -1 22 26 27 -1 28 29 -1 3 -1 29 -1
10 22 26 -1 12 -1 13 20 21 26 27 28 -1 7 -1 17 20 26 27 -1 15 -1 6 -1 6 -1
11 17 27 28 -1 10 -1 3 -1 6 -1 28 29 -1 15 -1 7 -1 8 14 25 -1 18 24 -1
12 22 29 -1 16 23 -1 0 -1 14 29 -1 18 -1 26 -1 16 -1 29 -1 25 28 -1 27 -1 5 -1 28 -1 14 -1 8 -1
13 19 28 -1 8 -1 10 24 27 -1 26 -1 5 7 23 26 27 29 -1 4 -1 28 29 -1 13 26 28 -1 22 -1 29 -1 3 -1 6 -1 2 -1 14 -1
14 17 -1
15 5 21 27 -1 28 -1 2 29 -1 28 29 -1 22 -1 29 -1 29 -1 9 -1 16 -1 12 21 29 -1 13 -1 21 25 -1 11 -1 12 27 -1 6 -1 16 -1 4 -1 20 -1 12 -1 2 13 -1 15 17 -1
16 15 16 27 29 -1 15 16 -1 2 -1 22 -1 3 14 -1 20 29 -1 13 17 29 -1 16 20 27 -1
17 25 -1 12 -1 8 25 26 -1 18 20 -1 18 25 27 28 29 -1 5 -1 22 -1 28 -1 4 -1 22 28 29 -1 6 -1 16 22 29 -1 16 -1 5 -1 15 -1 26 29 -1 14 -1 14 24 25 29 -1 8 -1 7 -1
18 12 19 -1 12 26 28 -1 18 -1 5 12 28 29 -1 13 25 -1 27 28 29 -1 6 -1 5 -1
19 14 -1 8 -1 14 -1 6 -1 26 -1 14 27 29 -1 7 11 28 -1 8 16 23 -1 19 -1 26 -1 17 29 -1 7 -1 28 -1 12 16 -1 21 28 29 -1 18 21 22 23 -1 18 22 25 -1 24 -1 2 18 -1
20 28 29 -1 4 19 28 29 -1 11 -1 19 -1 0 28 29 -1 5 26 -1 14 23 26 -1 24 27 29 -1 28 29 -1 8 -1 17 -1 29 -1 15 19 -1 23 29 -1 13 -1 14 -1 2 22 24 26 -1
21 3 -1 25 27 -1 5 16 -1 24 27 28 -1
22 13 -1 29 -1 0 -1 13 29 -1 23 29 -1 19 -1 23 -1 1 -1 17 20 25 27 -1 10 -1 7 -1 21 24 -1 18 -1 16 24 27 28 -1 23 -1 12 19 26 -1 12 -1
23 12 13 -1 18 -1 28 29 -1 16 20 -1 26 -1 6 9 -1 5 -1 8 -1 5 -1 8 12 -1 5 -1 4 -1 2 28 -1 7 -1 22 -1 8 26 28 29 -1 7 -1
24 5 -1 13 17 21 22 26 29 -1
25 4 -1 20 29 -1 4 18 -1 18 24 25 -1 13 -1 11 -1 3 -1 8 10 -1 7 -1 0 -1 2 -1 17 -1 9 -1 0 21 -1 12 24 -1 17 22 25 -1 22 27 -1 10 -1 14 -1 5 -1 4 -1 20 -1 21 24 -1
26 11 -1 13 21 28 29 -1 26 -1 18 -1 28 -1 5 27 -1 21 -1 9 -1
27 18 29 -1 2 -1 24 26 -1 3 25 28 -1 11 23 -1 12 -1 3 4 -1 5 -1 14 26 -1 19 -1 18 23 25 -1 17 28 29 -1 26 -1 7 13 -1 7 26 -1 16 -1 10 12 16 17 18 25 -1
28 9 -1 20 25 -1 14 -1 7 -1 29 -1 17 -1 2 12 -1 0 7 24 -1 22 25 -1 19 29 -1 18 24 27 -1 4 -1 23 -1 24 -1 7 24 -1 18 20 -1 5 18 23 29 -1 14 -1 25 -1 3 14 -1
29 3 -1 17 -1 17 -1 22 -1 11 29 -1 7 11 20 21 27 -1 11 -1 9 -1 14 -1 10 -1 23 -1
30 15 24 27 -1 2 19 29 -1 10 11 17 25 27 -1 13 -1 26 -1 4 7 -1 7 -1 5 -1
31 29 -1 25 -1 29 -1 23 26 28 29 -1 29 -1 26 27 28 29 -1 24 -1 13 20 26 27 29 -1 2 -1 27 29 -1 15 -1 14 -1
32 0 24 28 29 -1 7 15 22 -1 20 28 -1 23 28 29 -1 17 -1 29 -1 6 8 -1 23 29 -1 12 -1 13 29 -1 8 29 -1 18 -1 2 -1 22 -1 4 -1
33 14 -1 21 -1 20 22 -1 11 -1 2 -1 19 -1 25 29 -1 22 -1 5 23 25 26 -1 16 -1 1 26 29 -1 14 -1 11 22 28 29 -1 24 -1 21 -1 1 27 -1
34 6 21 -1 5 17 23 -1 27 -1 20 -1 28 -1 21 -1 10 -1 28 29 -1 17 18 29 -1 27 29 -1 12 29 -1 10 -1 25 -1 21 26 -1 26 -1 5 -1 14 29 -1 0 15 -1 10 -1 0 -1 4 -1 3 19 22 -1 1 19 -1
35 9 -1 21 -1 25 29 -1 4 14 -1 24 -1 14 -1
36 22 -1 5 -1 9 29 -1 19 28 -1 23 -1 22 25 -1 19 23 -1 5 -1 8 -1 12 25 -1 15 -1 0 11 24 -1 22 26 -1 15 24 -1 4 8 -1 28 29 -1 13 27 28 29 -1 17 25 -1
37 21 -1 16 21 -1 15 26 28 29 -1 13 22 -1 29 -1 26 28 29 -1 8 -1 24 26 -1 2 -1 12 23 -1 14 -1 12 21 29 -1 4 -1 19 -1 9 24 27 28 -1 22 24 -1 25 -1
38 11 -1 1 -1 16 -1 28 29 -1 9 19 23 26 -1 19 -1 19 -1 18 23 -1 29 -1 16 -1 22 -1 4 -1 12 -1 12 18 -1 2 15 20 26 -1 22 26 -1 14 -1 7 -1 8 -1 9 13 -1 13 -1 23 24 27 29 -1
39 2 -1 8 -1 20 -1 14 -1 16 -1 21 -1 20 22 25 29 -1 25 -1 2 6 -1 13 16 -1 14 18 22 -1 24 -1 7 -1 7 -1 17 25 27 -1 29 -1 26 -1 0 -1 6 29 -1 14 -1 27 29 -1 16 -1
40 19 -1 19 -1 21 27 28 29 -1 15 27 -1 7 12 24 27 28 29 -1 10 25 -1 6 19 -1 26 -1 19 20 -1 2 16 23 25 28 -1 13 -1 29 -1 16 18 20 25 -1
41 4 -1 23 25 27 -1 2 -1 14 28 -1 25 -1 14 -1 18 23 25 -1 2 -1
42 1 -1 22 -1 14 -1 25 -1 7 -1 4 25 27 -1 27 -1 18 27 -1 1 27 -1 22 -1 27 -1 1 -1
43 11 -1 6 -1 3 5 23 -1 15 -1 16 -1 19 -1 8 -1 6 14 29 -1 12 19 -1
44 29 -1 16 17 -1 21 27 -1 10 -1 14 -1 18 -1 29 -1 29 -1 29 -1 23 -1 12 -1 22 -1 14 -1 15 25 29 -1 19 -1 0 -1 6 -1 21 22 -1 7 12 17 23 28 29 -1 9 -1 11 25 -1
45 12 -1 24 27 -1 14 -1 18 -1 10 -1 24 -1 27 28 29 -1 23 28 -1 11 -1 15 -1 19 -1 10 -1 5 -1 7 12 22 23 27 28 -1 27 29 -1
46 3 -1 4 -1 15 21 24 28 -1 6 -1 29 -1 15 -1 8 11 18 -1 9 10 -1 28 -1 6 25 27 -1 25 -1 18 29 -1 12 -1 11 -1 21 -1 11 -1 5 24 26 -1 15 -1 26 -1 17 27 28 -1 12 -1 0 15 19 -1
47 11 -1 23 25 28 -1 26 -1 24 26 -1 2 12 23 29 -1 23 24 29 -1
48 20 -1 19 -1 12 24 27 -1 9 -1 5 25 -1 10 27 -1 5 -1 5 15 -1 4 -1 3 18 23 -1 13 18 27 29 -1 5 21 28 -1 27 29 -1 2 5 -1 19 -1
49 11 -1 10 -1
50 19 24 -1 4 25 -1 13 25 -1 23 -1
51 16 26 29 -1 2 18 24 27 -1 17 27 -1 17 -1 14 18 20 -1 18 22 26 -1 23 -1 3 9 -1
52 9 -1 3 -1 19 -1
53 10 25 -1 28 29 -1 10 -1 25 -1 7 17 28 29 -1 7 -1 15 23 -1 13 18 -1 1 15 -1 14 23 29 -1 20 28 -1 8 -1 26 -1 28 29 -1 22 25 28 -1 9 -1 27 28 29 -1
54 2 29 -1 5 -1 16 24 -1 24 -1 9 -1 20 28 29 -1 1 -1 19 24 -1 13 -1 18 -1 15 24 -1 1 19 25 26 -1 24 -1 26 -1 15 17 -1 16 25 -1
55 6 27 -1 10 -1 9 -1 11 -1 20 -1 16 18 20 28 29 -1 29 -1 6 -1 0 -1 9 -1 8 12 -1 24 29 -1 27 -1 29 -1 7 10 -1 25 28 29 -1 4 17 -1 5 -1 13 -1 16 23 -1 25 -1 1 3 -1 15 26 -1
56 2 19 26 -1 9 17 -1 4 5 14 22 -1 10 -1 19 -1 16 -1 9 13 -1 5 18 26 -1 28 29 -1 19 -1 19 25 -1 6 9 -1 4 -1 20 23 -1 14 -1 11 12 24 -1
57 27 -1 16 28 -1 21 25 28 29 -1 16 17 24 28 29 -1 23 29 -1 25 29 -1 8 -1 14 -1 3 5 10 -1 18 -1 15 -1 8 23 25 28 -1 25 29 -1 3 -1
58 2 -1 22 26 -1 7 22 -1 17 -1 23 -1 17 -1 6 22 28 29 -1 2 -1 15 -1 3 -1 4 22 23 -1 8 12 29 -1 7 12 13 -1 26 29 -1 15 23 29 -1 14 25 27 -1 26 28 -1 12 -1 5 -1 20 -1
59 16 18 22 23 -1 17 -1 29 -1 10 -1 0 -1 9 14 -1 10 -1 1 -1 4 23 25 -1 28 -1 13 15 22 25 28 29 -1 6 -1 1 -1 20 26 -1 2 -1 25 -1 15 -1 29 -1 25 29 -1 3 24 -1 19 -1 28 29 -1 14 -1
60 27 29 -1 16 -1 23 -1 19 -1 13 -1 5 6 -1 7 -1 11 -1 15 -1 19 24 -1 4 9 23 -1 25 -1
61 28 29 -1 23 29 -1 7 -1 19 26 -1 11 25 -1 20 -1 10 27 28 29 -1 21 28 -1 23 29 -1
62 5 -1 7 -1 15 -1 20 22 27 -1 13 27 28 29 -1 7 17 20 -1 11 18 -1 9 11 -1 23 -1 1 -1 22 -1 18 -1
63 24 -1 9 18 26 -1 15 -1 1 14 20 -1 13 -1 10 -1 20 -1 27 -1 27 29 -1
64 22 23 29 -1 3 26 28 29 -1 18 -1 7 -1
