405
1 0 15 25 -1 16 -1 21 -1 2 -1 2 -1 22 -1 16 -1 10 -1 15 -1 25 28 -1 8 -1 11 -1 10 -1 1 -1 27 -1 19 -1 4 21 26 29 -1 7 -1 7 24 29 -1
2 26 27 29 -1 14 -1 8 -1 0 6 -1 12 -1 3 26 29 -1 21 28 29 -1 21 -1 17 -1 5 19 -1 3 4 23 29 -1 23 -1 6 -1 24 27 28 -1 18 20 26 29 -1 12 -1 5 -1 4 -1 18 -1
3 17 -1 16 -1 27 -1 23 27 28 29 -1 9 -1 4 20 -1 19 22 -1 20 23 28 29 -1 13 -1 29 -1 3 13 29 -1 8 -1 28 -1 6 15 -1 3 15 23 -1 26 28 -1 26 -1
4 18 -1 5 21 -1 18 29 -1 3 24 -1 16 23 24 -1 1 -1 10 -1 28 -1 0 -1 18 -1 25 -1 6 -1 7 -1
5 21 26 29 -1 21 22 27 -1 29 -1 29 -1 28 -1 11 14 24 25 26 -1 5 -1 21 27 -1 17 24 -1
6 28 29 -1 6 19 21 -1 29 -1 8 25 26 -1 23 -1 28 -1 0 -1 6 9 27 28 -1 3 29 -1 12 27 28 29 -1 26 -1 18 20 -1 24 29 -1 27 -1 6 15 -1 15 -1 27 -1
7 11 -1 23 -1 24 -1 23 -1 25 -1 1 11 27 -1 25 29 -1 26 28 -1 5 -1 21 26 28 -1 11 12 25 26 -1 23 -1 29 -1 13 -1 29 -1 26 28 29 -1 27 -1 17 27 -1 19 -1 17 -1 24 25 -1 26 -1 10 24 27 29 -1 26 -1
8 15 26 -1 13 -1 9 -1 13 -1 9 10 26 -1 18 -1 11 21 28 29 -1 15 -1 11 -1
9 29 -1 21 -1 26 29 -1 11 -1 22 26 -1 17 -1 8 28 -1 16 27 28 -1 5 20 -1 18 22 -1 5 13 28 -1 22 26 27 -1 28 29 -1 3 -1 29 -1 6 -1 1 -1
10 22 26 -1 12 -1 13 20 21 26 27 28 -1 7 -1 17 20 26 27 -1 15 -1 6 -1 6 -1 13 28 29 -1 22 25 29 -1 1 -1 9 15 17 25 26 -1 20 -1 12 -1 9 -1 29 -1 29 -1 9 -1 18 -1 26 -1 1 23 29 -1
11 17 27 28 -1 10 -1 3 -1 6 -1 28 29 -1 15 -1 7 -1 8 14 25 -1 18 24 -1 2 -1 3 -1 9 -1
12 22 29 -1 16 23 -1 0 -1 14 29 -1 18 -1 26 -1 16 -1 29 -1 25 28 -1 27 -1 5 -1 28 -1 14 -1 8 -1 29 -1
13 19 28 -1 8 -1 10 24 27 -1 26 -1 5 7 23 26 27 29 -1 4 -1 28 29 -1 13 26 28 -1 22 -1 29 -1 3 -1 6 -1 2 -1 14 -1 24 -1 3 16 -1 17 19 20 25 -1 4 -1
14 17 -1 25 29 -1 2 -1 20 -1 23 26 -1 8 20 -1 6 -1 23 -1 21 22 23 -1 29 -1 2 -1 14 -1 15 26 -1 8 26 -1 5 -1 11 -1 5 -1 4 17 19 -1 5 15 25 29 -1 4 -1 14 -1 26 29 -1 9 19 28 -1 13 -1
15 5 21 27 -1 28 -1 2 29 -1 28 29 -1 22 -1 29 -1 29 -1 9 -1 16 -1 12 21 29 -1 13 -1 21 25 -1 11 -1 12 27 -1 6 -1 16 -1 4 -1 20 -1 12 -1 2 13 -1 15 17 -1 17 -1 24 25 27 -1 17 -1 13 16 20 21 -1
16 15 16 27 29 -1 15 16 -1 2 -1 22 -1 3 14 -1 20 29 -1 13 17 29 -1 16 20 27 -1 5 -1 12 -1 11 -1 13 -1 21 22 -1 6 12 25 -1 18 -1 4 -1 21 -1 12 18 27 -1 17 27 -1 3 -1 0 9 -1
17 25 -1 12 -1 8 25 26 -1 18 20 -1 18 25 27 28 29 -1 5 -1 22 -1 28 -1 4 -1 22 28 29 -1 6 -1 16 22 29 -1 16 -1 5 -1 15 -1 26 29 -1 14 -1 14 24 25 29 -1 8 -1 7 -1 22 -1 4 7 26 -1
18 12 19 -1 12 26 28 -1 18 -1 5 12 28 29 -1 13 25 -1 27 28 29 -1 6 -1 5 -1
19 14 -1 8 -1 14 -1 6 -1 26 -1 14 27 29 -1 7 11 28 -1 8 16 23 -1 19 -1 26 -1 17 29 -1 7 -1 28 -1 12 16 -1 21 28 29 -1 18 21 22 23 -1 18 22 25 -1 24 -1 2 18 -1
20 28 29 -1 4 19 28 29 -1 11 -1 19 -1 0 28 29 -1 5 26 -1 14 23 26 -1 24 27 29 -1 28 29 -1 8 -1 17 -1 29 -1 15 19 -1 23 29 -1 13 -1 14 -1 2 22 24 26 -1 3 -1 15 -1 24 -1 6 -1
21 3 -1 25 27 -1 5 16 -1 24 27 28 -1 15 29 -1 22 29 -1 11 -1 27 29 -1 19 22 25 29 -1 4 -1 7 25 28 29 -1 0 -1 4 7 24 -1 0 -1 3 -1
22 13 -1 29 -1 0 -1 13 29 -1 23 29 -1 19 -1 23 -1 1 -1 17 20 25 27 -1 10 -1 7 -1 21 24 -1 18 -1 16 24 27 28 -1 23 -1 12 19 26 -1 12 -1 13 28 29 -1 20 -1 9 25 -1 0 -1 0 26 -1 25 -1 22 -1
23 12 13 -1 18 -1 28 29 -1 16 20 -1 26 -1 6 9 -1 5 -1 8 -1 5 -1 8 12 -1 5 -1 4 -1 2 28 -1 7 -1 22 -1 8 26 28 29 -1 7 -1 3 28 29 -1 29 -1 19 -1 19 -1 21 24 27 -1 10 -1 28 -1
24 5 -1 13 17 21 22 26 29 -1 20 21 -1 28 29 -1 8 11 15 -1 18 -1 17 -1 28 -1 15 18 28 29 -1 4 25 27 -1 26 29 -1 18 21 28 -1 5 -1 23 -1 7 -1
25 4 -1 20 29 -1 4 18 -1 18 24 25 -1 13 -1 11 -1 3 -1 8 10 -1 7 -1 0 -1 2 -1 17 -1 9 -1 0 21 -1 12 24 -1 17 22 25 -1 22 27 -1 10 -1 14 -1 5 -1 4 -1 20 -1 21 24 -1 22 24 -1 22 25 -1 26 -1
26 11 -1 13 21 28 29 -1 26 -1 18 -1 28 -1 5 27 -1 21 -1 9 -1 29 -1 15 -1 21 -1 6 -1 26 -1 0 13 -1 3 17 24 29 -1 4 -1 27 29 -1 24 -1 8 -1
27 18 29 -1 2 -1 24 26 -1 3 25 28 -1 11 23 -1 12 -1 3 4 -1 5 -1 14 26 -1 19 -1 18 23 25 -1 17 28 29 -1 26 -1 7 13 -1 7 26 -1 16 -1 10 12 16 17 18 25 -1 5 -1 25 28 29 -1 20 -1
28 9 -1 20 25 -1 14 -1 7 -1 29 -1 17 -1 2 12 -1 0 7 24 -1 22 25 -1 19 29 -1 18 24 27 -1 4 -1 23 -1 24 -1 7 24 -1 18 20 -1 5 18 23 29 -1 14 -1 25 -1 3 14 -1
29 3 -1 17 -1 17 -1 22 -1 11 29 -1 7 11 20 21 27 -1 11 -1 9 -1 14 -1 10 -1 23 -1 18 19 -1 14 -1 12 19 -1 11 21 -1 21 29 -1 28 29 -1 22 -1 0 6 -1 1 -1 15 -1 16 -1 20 -1
30 15 24 27 -1 2 19 29 -1 10 11 17 25 27 -1 13 -1 26 -1 4 7 -1 7 -1 5 -1 8 -1 8 9 17 25 28 -1 10 -1 11 22 -1 20 -1 9 -1
31 29 -1 25 -1 29 -1 23 26 28 29 -1 29 -1 26 27 28 29 -1 24 -1 13 20 26 27 29 -1 2 -1 27 29 -1 15 -1 14 -1 0 28 -1 21 -1 29 -1 11 -1 3 -1 7 -1 29 -1 7 19 24 28 -1 7 -1 3 -1
32 0 24 28 29 -1 7 15 22 -1 20 28 -1 23 28 29 -1 17 -1 29 -1 6 8 -1 23 29 -1 12 -1 13 29 -1 8 29 -1 18 -1 2 -1 22 -1 4 -1
33 14 -1 21 -1 20 22 -1 11 -1 2 -1 19 -1 25 29 -1 22 -1 5 23 25 26 -1 16 -1 1 26 29 -1 14 -1 11 22 28 29 -1 24 -1 21 -1 1 27 -1 9 29 -1 29 -1 12 -1 23 -1 12 -1 23 -1 17 -1 22 -1 4 -1 2 -1
34 6 21 -1 5 17 23 -1 27 -1 20 -1 28 -1 21 -1 10 -1 28 29 -1 17 18 29 -1 27 29 -1 12 29 -1 10 -1 25 -1 21 26 -1 26 -1 5 -1 14 29 -1 0 15 -1 10 -1 0 -1 4 -1 3 19 22 -1 1 19 -1
35 9 -1 21 -1 25 29 -1 4 14 -1 24 -1 14 -1 25 -1
36 22 -1 5 -1 9 29 -1 19 28 -1 23 -1 22 25 -1 19 23 -1 5 -1 8 -1 12 25 -1 15 -1 0 11 24 -1 22 26 -1 15 24 -1 4 8 -1 28 29 -1 13 27 28 29 -1 17 25 -1 11 -1 22 28 -1 9 -1 8 -1
37 21 -1 16 21 -1 15 26 28 29 -1 13 22 -1 29 -1 26 28 29 -1 8 -1 24 26 -1 2 -1 12 23 -1 14 -1 12 21 29 -1 4 -1 19 -1 9 24 27 28 -1 22 24 -1 25 -1
38 11 -1 1 -1 16 -1 28 29 -1 9 19 23 26 -1 19 -1 19 -1 18 23 -1 29 -1 16 -1 22 -1 4 -1 12 -1 12 18 -1 2 15 20 26 -1 22 26 -1 14 -1 7 -1 8 -1 9 13 -1 13 -1 23 24 27 29 -1 2 25 -1
39 2 -1 8 -1 20 -1 14 -1 16 -1 21 -1 20 22 25 29 -1 25 -1 2 6 -1 13 16 -1 14 18 22 -1 24 -1 7 -1 7 -1 17 25 27 -1 29 -1 26 -1 0 -1 6 29 -1 14 -1 27 29 -1 16 -1 13 14 16 20 28 -1
40 19 -1 19 -1 21 27 28 29 -1 15 27 -1 7 12 24 27 28 29 -1 10 25 -1 6 19 -1 26 -1 19 20 -1 2 16 23 25 28 -1 13 -1 29 -1 16 18 20 25 -1 6 16 24 28 -1 26 28 -1
41 4 -1 23 25 27 -1 2 -1 14 28 -1 25 -1 14 -1 18 23 25 -1 2 -1 18 -1 8 -1 3 -1 19 -1 13 -1 21 -1 16 27 -1 17 20 -1 4 -1 29 -1 26 27 -1 0 -1 1 12 22 24 -1 25 -1
42 1 -1 22 -1 14 -1 25 -1 7 -1 4 25 27 -1 27 -1 18 27 -1 1 27 -1 22 -1 27 -1 1 -1 11 15 -1
43 11 -1 6 -1 3 5 23 -1 15 -1 16 -1 19 -1 8 -1 6 14 29 -1 12 19 -1 17 -1 25 28 -1 19 -1 12 16 -1 1 2 -1 15 -1 0 9 -1 2 -1 21 -1 25 28 29 -1 14 20 23 -1
44 29 -1 16 17 -1 21 27 -1 10 -1 14 -1 18 -1 29 -1 29 -1 29 -1 23 -1 12 -1 22 -1 14 -1 15 25 29 -1 19 -1 0 -1 6 -1 21 22 -1 7 12 17 23 28 29 -1 9 -1 11 25 -1 24 -1 1 -1 13 -1 4 19 -1 6 13 -1
45 12 -1 24 27 -1 14 -1 18 -1 10 -1 24 -1 27 28 29 -1 23 28 -1 11 -1 15 -1 19 -1 10 -1 5 -1 7 12 22 23 27 28 -1 27 29 -1 12 -1 3 -1 8 -1 8 26 -1
46 3 -1 4 -1 15 21 24 28 -1 6 -1 29 -1 15 -1 8 11 18 -1 9 10 -1 28 -1 6 25 27 -1 25 -1 18 29 -1 12 -1 11 -1 21 -1 11 -1 5 24 26 -1 15 -1 26 -1 17 27 28 -1 12 -1 0 15 19 -1 21 -1
47 11 -1 23 25 28 -1 26 -1 24 26 -1 2 12 23 29 -1 23 24 29 -1
48 20 -1 19 -1 12 24 27 -1 9 -1 5 25 -1 10 27 -1 5 -1 5 15 -1 4 -1 3 18 23 -1 13 18 27 29 -1 5 21 28 -1 27 29 -1 2 5 -1 19 -1 27 28 -1 18 22 24 -1 14 23 -1 16 -1
49 11 -1 10 -1 7 -1 5 -1 1 22 -1 9 22 27 29 -1 27 -1 18 -1 27 29 -1 2 -1 10 27 -1 3 20 24 27 29 -1 5 -1 14 -1 7 28 29 -1 17 -1 21 27 -1 14 -1 5 10 -1
50 19 24 -1 4 25 -1 13 25 -1 23 -1 15 16 22 29 -1 21 27 28 29 -1 27 -1 5 -1 14 16 -1 0 28 29 -1 12 -1 23 -1 4 -1 16 20 26 -1
51 16 26 29 -1 2 18 24 27 -1 17 27 -1 17 -1 14 18 20 -1 18 22 26 -1 23 -1 3 9 -1 3 -1 23 26 -1 1 -1 19 21 29 -1 10 20 -1 1 17 -1 1 -1
52 9 -1 3 -1 19 -1 3 -1
53 10 25 -1 28 29 -1 10 -1 25 -1 7 17 28 29 -1 7 -1 15 23 -1 13 18 -1 1 15 -1 14 23 29 -1 20 28 -1 8 -1 26 -1 28 29 -1 22 25 28 -1 9 -1 27 28 29 -1 1 -1 18 -1 2 -1
54 2 29 -1 5 -1 16 24 -1 24 -1 9 -1 20 28 29 -1 1 -1 19 24 -1 13 -1 18 -1 15 24 -1 1 19 25 26 -1 24 -1 26 -1 15 17 -1 16 25 -1
55 6 27 -1 10 -1 9 -1 11 -1 20 -1 16 18 20 28 29 -1 29 -1 6 -1 0 -1 9 -1 8 12 -1 24 29 -1 27 -1 29 -1 7 10 -1 25 28 29 -1 4 17 -1 5 -1 13 -1 16 23 -1 25 -1 1 3 -1 15 26 -1 8 28 29 -1
56 2 19 26 -1 9 17 -1 4 5 14 22 -1 10 -1 19 -1 16 -1 9 13 -1 5 18 26 -1 28 29 -1 19 -1 19 25 -1 6 9 -1 4 -1 20 23 -1 14 -1 11 12 24 -1 24 26 -1
57 27 -1 16 28 -1 21 25 28 29 -1 16 17 24 28 29 -1 23 29 -1 25 29 -1 8 -1 14 -1 3 5 10 -1 18 -1 15 -1 8 23 25 28 -1 25 29 -1 3 -1 11 -1
58 2 -1 22 26 -1 7 22 -1 17 -1 23 -1 17 -1 6 22 28 29 -1 2 -1 15 -1 3 -1 4 22 23 -1 8 12 29 -1 7 12 13 -1 26 29 -1 15 23 29 -1 14 25 27 -1 26 28 -1 12 -1 5 -1 20 -1 19 -1
59 16 18 22 23 -1 17 -1 29 -1 10 -1 0 -1 9 14 -1 10 -1 1 -1 4 23 25 -1 28 -1 13 15 22 25 28 29 -1 6 -1 1 -1 20 26 -1 2 -1 25 -1 15 -1 29 -1 25 29 -1 3 24 -1 19 -1 28 29 -1 14 -1
60 27 29 -1 16 -1 23 -1 19 -1 13 -1 5 6 -1 7 -1 11 -1 15 -1 19 24 -1 4 9 23 -1 25 -1
61 28 29 -1 23 29 -1 7 -1 19 26 -1 11 25 -1 20 -1 10 27 28 29 -1 21 28 -1 23 29 -1 13 20 -1 22 27 -1 15 26 -1
62 5 -1 7 -1 15 -1 20 22 27 -1 13 27 28 29 -1 7 17 20 -1 11 18 -1 9 11 -1 23 -1 1 -1 22 -1 18 -1 1 23 25 28 29 -1 14 -1
63 24 -1 9 18 26 -1 15 -1 1 14 20 -1 13 -1 10 -1 20 -1 27 -1 27 29 -1 4 -1 29 -1 28 -1 10 -1 27 -1 5 9 20 -1 28 -1 11 -1
64 22 23 29 -1 3 26 28 29 -1 18 -1 7 -1 20 22 25 27 -1 17 28 29 -1 25 28 -1 4 -1 11 -1 29 -1 4 16 17 21 -1 7 -1 19 -1 16 20 -1 23 -1 21 -1 6 -1 20 24 26 28 29 -1 28 29 -1
65 8 25 27 -1 12 26 -1 22 27 29 -1 6 22 26 -1 29 -1 29 -1 13 -1 26 27 29 -1 24 -1 25 26 -1
66 16 -1 5 -1
67 29 -1 0 6 -1 25 -1 9 17 19 -1 16 -1
68 20 -1 15 -1 0 21 28 -1 0 -1 1 -1 10 -1 5 -1 21 22 -1 16 -1 7 15 -1 26 -1 27 28 29 -1 4 27 29 -1
69 22 -1 16 -1 21 -1 14 -1 19 -1 19 -1 5 21 -1 4 -1 22 29 -1 16 -1 21 22 -1 8 -1 23 28 -1 0 -1
70 1 -1 7 -1 8 -1 1 6 11 -1 7 13 22 29 -1 18 -1 13 -1 27 28 -1 2 -1 9 -1 21 -1 10 -1 16 -1 27 29 -1 6 -1 5 10 -1 12 27 29 -1 4 -1 23 27 -1 28 -1 29 -1 22 25 27 29 -1 21 23 24 -1
71 23 -1 13 21 -1 0 -1 24 28 29 -1 18 25 -1 17 20 24 -1 0 -1 2 -1 22 23 -1 24 27 28 -1 23 29 -1 27 29 -1 11 17 -1 14 -1 4 -1 5 -1 4 -1 1 -1 22 -1 26 -1
72 19 -1 15 29 -1 22 26 -1 3 -1 1 10 -1 0 21 -1 27 -1 14 19 20 29 -1 7 8 -1 21 -1 0 1 -1 1 26 -1 10 17 19 -1 5 20 24 27 -1 23 -1 25 28 -1
73 13 22 23 -1 12 -1 19 -1 14 -1 15 19 -1 10 -1 1 -1 3 -1 12 29 -1 2 4 -1 7 20 -1 28 29 -1 26 -1 9 11 24 -1 17 -1
74 18 -1 2 10 11 -1 22 -1 18 -1 26 -1 2 -1 26 -1 20 -1 29 -1 10 -1 0 -1 2 -1 7 -1 14 25 -1 1 11 18 -1 17 18 24 27 -1 9 20 -1 2 10 28 29 -1 1 -1 3 22 -1 25 -1 8 21 -1 20 -1
75 10 24 25 26 -1 20 29 -1 17 -1 26 29 -1 25 -1
76 12 26 28 -1 4 22 -1
77 2 -1 17 18 20 -1 27 -1 27 29 -1 8 21 28 29 -1 12 -1 19 26 -1 16 -1 4 20 26 29 -1 27 -1 9 -1 24 28 -1 14 -1 2 -1 23 26 -1 9 -1
78 27 -1 23 -1 9 -1 18 24 -1
79 23 24 29 -1 15 -1 5 -1 17 18 20 23 28 -1 1 -1 9 -1 27 29 -1 3 9 13 -1
80 10 -1 25 -1 21 -1 6 -1 25 -1 5 17 22 24 28 29 -1 2 13 14 -1
81 7 -1 21 -1 7 28 29 -1
82 2 17 27 -1 23 24 29 -1 6 25 -1
83 17 25 -1 23 -1 6 -1 12 -1 17 24 25 -1 9 -1 15 20 24 29 -1 21 -1 27 -1 22 28 29 -1
84 15 16 -1 21 -1 13 18 -1 1 24 25 29 -1 12 -1 16 25 29 -1 20 -1 28 -1 18 -1 11 24 29 -1 15 -1 20 -1 16 21 -1 4 -1 23 25 -1 9 -1 1 -1
85 11 15 -1 11 27 28 29 -1 16 29 -1 10 -1 18 -1 4 6 -1 18 24 26 -1 2 22 -1 25 26 29 -1 19 -1 17 21 26 -1 20 21 24 -1 24 -1 7 -1 4 -1
86 9 -1 16 -1 26 -1 24 25 -1 23 -1 20 -1 18 -1 29 -1 4 -1 0 -1 26 -1 1 20 -1 27 29 -1 17 -1 17 29 -1 19 -1 19 25 29 -1 25 -1 6 -1 18 21 -1 28 -1 25 -1 27 29 -1 13 -1 22 26 -1 5 9 -1 12 -1
87 20 -1 25 -1 12 29 -1 2 6 -1 2 -1 5 21 23 -1 27 29 -1 1 -1 1 -1 14 -1
88 22 29 -1 27 -1 6 -1 26 29 -1 9 19 26 -1 22 29 -1 6 -1 29 -1 4 -1 21 24 -1
89 28 29 -1 8 -1 12 18 -1 5 -1 17 20 23 29 -1 5 -1 22 -1 17 -1 29 -1 10 -1 27 28 -1 14 16 20 25 28 29 -1 14 -1 6 -1 18 -1 27 -1 2 -1 7 -1 25 -1 18 -1 9 -1
90 6 -1 25 27 -1 23 25 27 -1 15 26 -1 27 -1 0 -1 17 -1 21 -1 27 -1 0 6 -1 4 9 -1 2 28 -1 16 -1 21 24 29 -1 4 -1 16 25 27 -1 7 -1 2 25 29 -1 0 -1 27 29 -1 13 -1
91 7 21 28 -1 23 -1 28 -1 3 21 -1 21 23 -1 12 17 24 27 28 29 -1 17 23 -1 29 -1 23 -1 14 28 -1 18 29 -1 0 -1 29 -1 23 -1
92 0 -1 4 -1 14 19 -1 24 -1 7 11 -1 26 -1
93 9 -1 8 19 21 -1 24 26 -1 21 -1 1 4 -1 5 -1 27 28 29 -1 22 -1
94 8 -1
95 2 11 13 18 29 -1 14 17 23 28 29 -1 22 -1
96 1 17 25 -1 6 8 -1 7 -1 6 -1
97 26 -1 8 23 -1 24 -1 21 -1 10 24 -1 0 16 -1 22 24 29 -1 24 29 -1 9 -1
98 10 -1 6 24 -1 5 -1 7 -1 4 17 -1 20 24 29 -1 19 26 -1 25 -1 1 -1 19 25 27 -1 18 -1 13 17 -1 27 29 -1 8 18 -1 0 18 -1 26 28 -1 0 4 6 27 -1
99 29 -1 27 28 29 -1 22 -1 1 -1 4 10 -1 16 -1 18 -1 12 26 29 -1 11 -1 2 17 -1 5 -1 26 -1 19 22 -1 20 21 -1 2 -1 27 -1 12 -1
100 15 -1 2 -1 28 -1 5 25 28 -1 21 25 29 -1 17 -1 4 -1 15 -1 10 -1 10 28 -1 7 14 26 28 29 -1 27 29 -1 16 28 29 -1 5 13 -1 27 -1 29 -1 23 24 25 -1
101 18 -1 13 20 -1 24 -1 8 -1 13 -1 0 -1 19 26 28 -1 11 -1 2 -1 6 -1 27 -1 0 21 -1 15 -1 6 -1 21 -1 4 -1 4 20 -1 25 27 29 -1 29 -1 26 -1
102 4 -1 13 -1 0 -1 21 -1 25 -1 1 -1 15 -1 5 -1 12 -1
103 12 22 29 -1 18 26 28 -1 21 -1 8 20 22 -1 26 -1 24 -1 1 -1 17 -1 9 22 29 -1 0 -1 5 26 -1 20 22 -1 16 -1 29 -1 3 -1 14 -1 21 -1 16 -1 15 -1 27 -1 2 -1
104 20 -1 10 27 -1 29 -1 28 29 -1 7 13 -1 7 13 25 28 29 -1 9 18 -1 29 -1 6 -1 2 16 19 -1 7 -1 15 -1 1 -1 2 25 -1 8 13 24 -1 21 -1 13 -1 16 -1
105 16 -1
106 15 -1 12 28 29 -1 11 18 -1 25 -1 12 26 28 -1 11 18 -1 2 16 26 -1 7 -1 9 19 -1 4 -1
107 20 -1 10 22 28 29 -1 24 -1 12 25 26 28 29 -1 8 18 -1 1 -1
108 3 -1 28 -1 25 -1 15 24 -1 14 -1 10 20 -1 7 22 -1 4 11 14 18 -1 5 -1 21 23 -1 2 11 -1 2 27 28 29 -1
109 10 11 -1 4 -1 10 22 -1 20 24 29 -1 16 -1 12 28 29 -1 27 28 -1 6 -1 7 -1 2 -1 28 -1 21 24 29 -1 24 25 28 29 -1 27 -1 10 -1 5 -1
110 11 23 -1 2 -1 28 29 -1 2 -1 13 -1 26 29 -1 24 28 29 -1 26 29 -1 8 -1 19 20 -1
111 0 5 -1 28 -1 3 4 -1 6 -1 14 -1 28 -1 9 -1 12 -1 10 17 -1 19 27 28 -1 12 -1 12 16 26 29 -1
112 21 26 29 -1 21 29 -1 3 -1 2 24 29 -1 5 -1 22 29 -1 0 -1 23 -1 8 -1 29 -1 14 17 20 26 29 -1 16 -1 10 -1 21 28 -1
113 11 28 29 -1 7 -1 11 -1 29 -1 17 28 29 -1 10 -1 4 -1 20 -1
114 9 29 -1 11 15 -1 10 15 27 -1 18 -1
115 28 29 -1 19 25 29 -1 7 22 -1 29 -1 1 9 18 29 -1 26 -1 7 26 29 -1 6 -1 20 -1 9 27 -1 19 -1 23 -1 24 -1 13 -1 14 -1 8 -1 26 -1 25 -1
116 12 13 19 -1 20 -1 11 -1 13 17 24 25 -1 17 18 -1 0 14 -1 17 29 -1 0 22 -1 14 -1 0 -1 5 -1 14 -1 13 16 -1 27 -1 3 4 -1
117 22 24 26 -1 16 -1 4 -1 27 29 -1 22 27 -1 9 -1 21 -1 23 -1
118 0 -1 18 -1 17 28 29 -1 11 -1 1 -1 26 28 29 -1 16 -1 25 -1 22 -1 26 27 -1 19 22 26 28 29 -1 25 28 -1 2 22 -1 9 -1 26 28 -1
119 13 14 -1 27 -1 0 9 -1 20 28 -1 7 -1 29 -1 22 24 29 -1 23 26 -1 16 29 -1 12 -1 6 25 -1 2 -1 12 29 -1 24 28 -1 14 -1 5 -1 13 -1 23 -1 18 22 -1
120 5 -1 10 -1 14 17 -1 1 -1 17 29 -1 25 -1 29 -1 20 -1 19 -1 8 -1 20 -1 14 -1 22 29 -1 6 -1 13 20 -1 5 13 25 27 -1 0 3 17 26 27 29 -1 21 -1 17 -1 20 26 -1 11 -1 25 26 27 -1 5 6 -1
121 23 -1 28 29 -1 16 17 -1 18 26 29 -1 8 17 18 -1 4 8 -1 23 25 -1 13 23 -1 2 27 -1 8 -1 9 -1 18 24 27 -1 27 28 -1 7 -1
122 5 28 -1 20 -1 29 -1 28 29 -1 8 16 26 -1 13 -1 23 27 28 -1 1 9 -1 4 16 -1 26 -1 21 26 29 -1 29 -1 22 -1 11 -1 21 27 28 -1 17 22 28 29 -1 21 25 28 -1
123 9 14 -1 24 28 29 -1 21 24 28 29 -1 4 16 29 -1 11 -1 22 27 29 -1 14 25 26 27 -1 23 -1 25 26 -1
124 28 29 -1 1 17 28 -1 29 -1 9 -1 15 -1 28 29 -1 5 15 -1 25 26 -1 1 4 26 29 -1 2 -1 28 29 -1 4 -1 21 28 -1 10 -1
125 15 18 -1 9 -1 23 -1 5 -1 10 25 27 28 -1 23 -1 2 -1 3 15 -1 23 -1 8 -1 16 23 29 -1 8 19 22 -1 23 27 -1 24 -1 4 16 25 29 -1
126 0 -1 15 -1 4 7 24 28 -1 27 -1 15 28 29 -1 11 -1 20 29 -1 14 -1 24 27 28 -1
127 26 28 -1
128 16 -1 12 27 28 -1 7 14 -1 23 24 27 29 -1 0 -1 21 27 -1
129 15 16 17 -1 9 -1
130 12 -1 11 -1 29 -1 8 13 14 18 -1 9 29 -1 4 27 -1
131 20 -1 14 29 -1 5 11 -1 23 24 -1 14 17 -1 17 28 29 -1 25 -1 24 27 -1 1 4 23 -1 14 -1 16 17 19 -1 26 -1 2 22 26 -1 23 -1
132 13 17 -1 28 29 -1 23 -1 28 29 -1 29 -1
133 13 17 -1 2 -1 16 -1 21 22 23 -1 4 -1 4 13 -1 12 25 -1 25 26 28 -1 23 -1 3 -1 6 -1
134 8 17 -1 20 -1 13 -1 29 -1 17 -1 25 -1 20 -1 10 -1 0 -1 10 25 -1 9 -1 23 -1 0 14 -1 8 -1 18 25 29 -1 15 -1 2 -1 20 -1 21 28 -1
135 22 29 -1 13 17 25 -1 18 23 -1 26 28 29 -1 22 29 -1 0 22 23 24 -1 17 -1 23 27 28 29 -1 12 26 28 29 -1 14 16 -1 6 15 26 28 -1 5 -1
136 3 -1 13 27 29 -1 9 -1 18 21 -1 29 -1 9 -1 16 25 27 29 -1 20 -1 20 27 -1 13 18 -1 4 28 -1 24 -1 24 -1
137 21 27 -1 0 -1 0 -1 18 20 21 -1
138 2 -1 27 29 -1 28 29 -1 5 -1 27 29 -1 7 25 -1 1 -1 23 29 -1 3 -1 11 -1 8 -1
139 16 -1 5 27 -1 9 -1 19 -1 12 27 -1 21 -1 14 -1 6 -1 19 29 -1 19 22 -1
140 14 17 -1 2 -1 25 28 -1 6 -1 29 -1 21 -1 14 18 19 -1 26 29 -1 1 -1 6 9 -1 20 -1 25 28 -1 21 28 29 -1 25 -1 3 8 17 -1 7 19 -1 17 26 -1 13 -1 28 29 -1 22 -1 7 -1
141 26 28 29 -1 29 -1 1 23 -1 22 29 -1 10 11 20 29 -1 0 18 28 29 -1 12 -1 28 -1 14 24 -1 6 -1 17 24 27 -1 19 -1 20 -1 2 -1 16 18 -1 27 28 -1 18 -1 28 -1 16 26 28 29 -1 27 -1 20 -1
142 3 -1 5 -1 3 -1 15 21 -1 28 29 -1 12 21 -1 10 29 -1 13 -1 29 -1 24 -1 12 17 19 -1 3 9 -1 27 29 -1
143 18 19 -1 28 -1 28 29 -1 26 -1 27 29 -1
144 17 26 -1 24 25 -1 8 20 24 26 -1 28 29 -1 20 -1 14 -1 27 29 -1 20 24 -1 16 23 -1 20 -1 16 -1 5 -1 17 -1 5 7 -1 15 -1 28 -1 12 -1 19 -1 9 24 -1 5 -1
145 28 29 -1 2 24 -1 16 28 29 -1 15 -1 24 -1 23 26 28 29 -1 22 -1
146 25 -1 12 17 -1 8 29 -1 29 -1 11 18 -1 22 -1 24 -1 8 -1 19 -1 8 -1 9 17 -1 14 -1
147 10 -1 15 -1 20 24 -1 1 -1 2 -1 15 -1 17 27 -1 3 -1 17 -1
148 10 -1 28 -1 5 10 -1 2 -1 15 23 26 28 29 -1 16 24 -1 9 -1 7 17 -1 20 -1 21 -1 3 -1 14 28 -1 22 23 26 27 -1 24 -1 11 24 29 -1 11 12 -1 7 -1 28 -1 3 6 -1 29 -1 13 28 -1 18 24 -1
149 27 -1 18 28 -1 10 -1 5 -1 27 -1 16 28 29 -1 7 -1 20 -1 6 23 -1
150 18 26 -1 10 26 -1 29 -1 19 25 28 29 -1 28 -1 11 20 -1 8 29 -1 8 -1 16 19 23 24 29 -1 20 29 -1 0 -1 1 -1 3 -1 10 -1 21 23 25 -1 16 28 29 -1 22 24 -1 12 -1 12 27 29 -1 25 -1
151 23 -1 27 29 -1 8 -1 5 -1
152 12 -1 10 -1 9 21 22 27 -1
153 14 15 -1 23 29 -1
154 1 16 -1 19 -1 21 -1 24 29 -1 21 23 -1 16 -1 1 -1 3 19 -1 21 -1 19 -1 19 -1 20 -1 27 -1 2 15 -1
155 18 26 27 29 -1 28 29 -1 15 24 -1 1 -1 1 -1 1 23 27 28 -1 13 -1 11 -1 3 -1 20 29 -1 4 -1 13 18 19 -1 6 -1 7 -1 7 -1 9 -1 15 -1 8 16 27 29 -1 2 -1 24 -1 11 24 -1 8 28 29 -1
156 8 -1 19 -1 16 21 -1 16 -1 15 24 29 -1 10 -1 29 -1 17 27 -1 23 27 -1 2 21 -1 17 23 -1 26 -1 20 29 -1 19 -1 26 -1 0 -1 6 -1 16 -1 15 -1 9 -1 12 -1 9 -1 23 -1 25 29 -1 12 -1
157 16 -1 11 18 -1 22 28 29 -1 10 15 23 -1 5 -1 16 -1 5 -1 22 -1
158 10 -1 13 -1 18 23 -1 24 -1 17 -1 11 13 -1 0 -1 28 29 -1 19 -1 14 -1 9 -1 19 -1 24 27 -1 1 -1 2 14 -1 26 -1 18 -1 1 -1 5 7 10 16 18 -1 10 24 27 28 29 -1
159 16 -1 26 27 -1 13 -1 2 -1 15 -1 28 29 -1 15 -1 24 -1 22 -1 24 29 -1 13 14 -1 0 -1 0 -1 3 15 20 -1 3 -1 6 14 28 29 -1 9 11 20 27 -1 25 26 -1 22 26 29 -1 27 29 -1 6 12 -1
160 5 11 -1 15 -1 12 17 29 -1 0 24 26 28 -1
161 11 14 -1 4 26 27 -1
162 7 -1 22 -1 11 -1 4 -1 22 -1 19 28 -1 15 -1 0 -1 17 20 -1 26 29 -1 6 21 22 -1 20 -1 21 -1 2 -1 10 -1 29 -1 3 16 21 25 -1 13 -1 0 18 -1 3 -1 17 -1 25 28 -1 0 17 23 -1
163 6 -1 3 -1 15 23 26 28 -1 9 17 -1 2 -1 21 -1 26 28 29 -1 26 -1 10 -1 28 -1
164 20 -1 16 -1 19 -1 9 -1 27 -1
165 6 -1 9 28 -1 0 11 -1 8 9 24 25 -1 16 -1 9 16 -1 13 15 -1 25 -1 21 26 27 29 -1 16 -1 29 -1
166 25 -1 19 -1 2 21 -1 15 -1 7 -1 24 25 -1 28 29 -1 23 -1 11 -1 16 -1 29 -1 2 22 -1
167 26 -1 17 28 29 -1 27 -1 3 -1 29 -1 7 20 28 -1 8 -1 6 20 -1 2 -1 8 -1 12 -1 2 15 21 29 -1 3 -1 20 -1 17 27 -1 19 29 -1 12 20 21 24 -1
168 6 -1 5 -1 5 -1 28 29 -1 14 -1 20 27 28 29 -1 1 10 26 -1 21 23 27 28 -1 21 -1 25 28 29 -1 23 -1 21 23 -1 21 -1 26 -1 26 -1
169 3 9 13 25 -1 0 1 -1 14 -1 29 -1 23 27 29 -1 28 29 -1 10 -1 6 19 24 -1 9 22 -1 11 29 -1 2 -1 22 27 29 -1 19 26 -1 12 -1 22 -1 21 -1 17 -1
170 22 24 27 -1 28 29 -1 3 27 -1 22 26 -1
171 8 -1 27 29 -1 19 -1 5 -1 29 -1 23 28 29 -1 14 24 -1 5 15 18 -1 9 -1 2 9 -1 10 -1 9 19 -1 12 -1 12 -1 2 -1
172 17 21 26 -1 13 24 -1 23 -1
173 15 -1 26 27 -1 12 16 -1 13 -1 10 -1 21 -1 5 22 26 -1 15 28 29 -1 15 23 24 -1
174 8 -1 6 -1
175 18 -1 18 20 29 -1 22 -1 29 -1
176 7 17 -1 8 20 25 -1 3 15 21 23 29 -1 15 -1 21 -1
177 16 -1 20 -1 12 23 25 -1 28 29 -1 18 -1 12 -1 18 22 -1 26 -1 7 15 -1 24 27 -1 27 -1 27 28 29 -1 14 -1 13 19 -1 6 -1 13 21 27 28 -1
178 20 -1 14 16 25 -1 18 -1 27 28 -1 27 28 -1 24 -1 9 -1 15 26 -1 24 -1
179 23 28 29 -1 9 -1 2 -1 12 18 29 -1 15 19 -1 22 -1 5 22 27 -1 22 -1 29 -1 12 -1
180 0 19 20 23 26 27 -1 7 20 -1 3 -1 18 20 -1 4 -1 0 -1 9 23 -1 21 -1 23 -1 1 -1 12 -1 5 -1 26 28 29 -1 1 2 21 26 -1 1 -1 12 15 -1
181 23 -1 16 22 -1 18 -1 13 -1 16 28 29 -1 29 -1 8 -1
182 22 26 28 29 -1 28 29 -1
183 23 26 27 -1 27 28 29 -1 22 24 28 29 -1 15 27 28 -1 10 26 -1 2 -1 5 -1 19 -1 10 20 29 -1 16 -1 7 -1 23 -1 3 28 -1 0 10 22 -1 3 -1 14 -1 26 -1
184 8 16 -1 25 -1 6 -1
185 7 -1 5 -1 0 -1 13 23 -1 29 -1 21 -1 22 29 -1 19 -1 15 -1 14 25 26 -1 14 -1 2 22 -1 0 18 -1 26 29 -1 13 19 -1 22 -1 10 -1 14 -1 28 -1 11 -1 28 -1
186 4 -1 3 -1 21 -1 9 28 29 -1 13 20 -1 0 -1 7 8 13 -1 1 -1 18 23 25 29 -1 6 27 -1 18 -1
187 19 -1 15 27 28 29 -1 28 -1
188 3 -1 1 6 15 25 28 29 -1 4 -1 9 -1
189 3 -1 19 27 28 -1 18 23 -1 5 -1 7 -1 6 -1 18 -1
190 5 9 -1 24 -1
191 8 12 24 -1 15 25 -1 11 28 29 -1 28 29 -1
192 4 19 24 26 27 -1 29 -1 5 12 -1 25 -1 14 -1 24 29 -1 8 -1 2 -1 3 25 -1 23 -1 14 -1 4 -1 2 -1 9 -1 21 -1 6 19 29 -1 28 29 -1 19 -1 6 -1 11 -1 0 6 -1 19 -1 10 -1 0 -1
193 8 22 -1 17 -1 0 16 -1 22 -1 24 -1 11 -1 3 17 20 -1 9 -1 6 24 -1 21 -1 7 -1 29 -1 19 24 -1 22 -1 15 21 23 -1 5 -1 21 27 -1
194 5 -1 6 26 28 -1 2 21 -1 11 14 27 28 29 -1 16 -1 24 -1 23 -1
195 12 -1 5 -1 14 -1 7 19 24 -1 12 22 23 -1 4 -1 28 29 -1 27 -1 21 23 27 29 -1 20 22 23 -1 5 -1 9 -1 10 -1 7 -1 20 -1
196 6 27 29 -1 20 -1 6 26 27 -1 9 -1 28 29 -1 2 11 -1 25 27 -1 10 11 15 23 -1 28 29 -1 6 7 15 29 -1
197 7 -1 12 -1 23 24 -1 13 25 -1 16 25 26 28 29 -1 7 -1 14 -1 6 21 25 28 29 -1 4 15 28 -1 1 -1 19 -1 25 29 -1 19 -1 21 -1 16 -1 11 -1 11 -1 10 15 22 -1 19 -1
198 17 -1 5 14 -1 26 -1 23 29 -1 14 25 29 -1 11 20 -1 0 -1 10 -1 19 -1 20 24 29 -1 24 -1 23 -1 14 -1 3 -1 19 -1 20 -1 27 -1 26 -1 7 25 28 -1 26 28 29 -1 23 25 27 -1 25 26 28 -1
199 16 -1 22 26 -1 29 -1 20 21 -1 21 -1 12 -1
200 18 24 26 29 -1 6 17 -1 22 27 29 -1
201 1 9 -1 3 -1 11 22 -1 3 -1 28 29 -1 12 17 28 29 -1 22 -1 5 -1 26 -1 21 -1 1 -1 24 25 -1 18 29 -1 24 25 29 -1 1 9 -1 10 27 28 29 -1
202 5 28 -1 8 -1 25 -1 9 -1
203 7 -1 3 -1 29 -1 2 11 -1 10 11 -1 1 -1 29 -1 20 24 -1 0 28 29 -1 25 -1 7 -1 9 25 -1 12 -1
204 9 -1 24 27 28 29 -1 20 22 25 -1 16 21 -1 0 -1 12 -1 7 28 -1 6 -1
205 1 23 29 -1 12 -1 20 28 29 -1 6 29 -1 3 -1 12 26 29 -1 10 -1 18 -1 12 -1 26 27 28 -1 29 -1 16 21 -1 0 -1 4 -1 4 29 -1 0 21 -1 24 27 29 -1 19 25 28 -1 15 -1 28 29 -1 9 16 -1
206 19 23 -1 11 -1 26 -1 21 27 -1 24 26 -1 4 20 -1 8 28 29 -1 2 -1 0 29 -1 15 -1
207 9 28 29 -1 4 15 -1 16 25 29 -1 27 -1 12 21 25 28 29 -1
208 26 28 -1 0 -1 26 27 -1 6 29 -1 27 28 29 -1 26 -1 3 11 20 29 -1
209 21 -1 19 -1 0 14 -1 22 -1 23 28 29 -1 16 -1
210 3 23 27 -1 17 21 -1 9 14 -1 13 26 -1 1 20 24 -1 22 29 -1 17 26 -1
211 22 -1 2 -1
212 21 24 25 -1 14 19 -1 16 -1 26 -1 23 -1 22 26 -1 4 -1 17 -1 19 27 28 -1 3 4 20 23 -1 16 22 27 28 29 -1 18 28 -1 5 18 24 -1 23 26 -1 20 -1 7 25 -1 25 27 29 -1 13 -1
213 26 28 29 -1 14 29 -1 5 -1 14 25 26 -1 13 23 -1 20 27 -1 27 -1 1 15 -1 5 17 -1 24 25 -1 3 -1 5 -1 27 -1
214 19 24 -1 25 -1 21 -1 22 -1 17 21 27 28 29 -1 25 28 29 -1 15 -1 24 -1 28 -1 28 29 -1 22 28 -1 10 29 -1 18 -1 22 -1
215 26 27 28 -1
216 8 28 -1 24 -1 16 -1 28 29 -1 19 -1 9 14 16 18 26 -1 26 -1
217 16 24 -1 17 23 27 -1 6 10 24 28 29 -1 24 -1 8 22 -1
218 29 -1 11 -1 27 -1 14 28 -1 22 27 -1 7 28 29 -1 22 28 29 -1 17 21 23 24 -1 4 -1 20 -1 19 -1 15 17 29 -1 25 -1
219 23 -1 17 20 28 -1 27 28 29 -1 1 -1 26 -1 10 22 -1 22 29 -1 15 -1 10 17 29 -1 17 23 -1 25 26 -1 22 -1 7 22 26 -1 7 23 -1 0 -1 22 -1 6 -1
220 7 23 25 -1 10 -1 4 -1 1 28 -1 26 28 -1 23 -1 20 -1 15 -1 2 -1 18 23 24 27 -1
221 26 -1 20 27 28 -1 1 17 -1 21 -1 14 17 -1 22 27 28 29 -1 4 -1 8 -1 16 -1 26 27 28 29 -1 13 26 29 -1 2 -1 9 -1
222 10 -1 29 -1 6 -1 15 -1 22 25 29 -1 25 -1 29 -1 5 28 29 -1 26 28 -1 29 -1 16 24 -1 29 -1 5 11 -1 23 25 -1 2 -1 16 -1 16 27 -1 13 22 25 29 -1
223 13 -1 26 29 -1 5 -1 20 -1 21 -1 20 -1 8 23 -1 14 -1 13 -1 11 -1 29 -1 19 29 -1 6 -1
224 7 -1 4 9 22 26 29 -1 23 -1 16 24 -1 16 -1 4 22 24 -1 19 24 -1 28 29 -1
225 29 -1 22 -1 4 23 29 -1 6 -1
226 28 29 -1 25 28 -1 16 21 -1 24 26 27 -1 9 -1 17 -1 0 24 -1 18 -1 28 29 -1 15 -1 25 -1 16 23 25 -1 22 -1 24 -1 6 -1 12 14 -1 6 -1 13 27 -1
227 28 -1 23 25 -1 24 -1 15 25 -1 21 27 -1 29 -1 24 -1 4 -1 15 25 -1 13 -1 3 7 17 21 24 25 -1 27 29 -1 14 -1 29 -1 14 15 25 -1 25 -1 11 -1
228 16 -1 1 13 16 -1 4 5 16 22 25 27 29 -1 10 -1 8 21 -1 3 -1 23 28 29 -1 2 25 -1 3 5 26 -1
229 26 -1 19 -1 0 22 -1 19 -1 23 -1 3 -1 11 -1 27 29 -1 9 -1 29 -1 2 -1 7 21 22 25 27 29 -1
230 8 20 26 28 29 -1 24 -1 16 27 29 -1 6 20 27 -1 24 27 -1 28 29 -1 7 -1 18 24 -1 2 -1 24 -1
231 8 -1 4 25 27 28 29 -1 27 29 -1 8 21 -1 13 -1 24 -1
232 25 27 -1 19 -1 24 -1 12 -1 20 -1 10 15 -1 9 28 -1
233 24 25 -1 3 8 -1 28 29 -1 10 -1 5 -1 13 21 26 -1 0 8 -1 1 -1 4 -1 6 -1 16 -1
234 5 20 23 26 27 29 -1 9 -1 6 14 -1 16 -1 23 -1
235 16 19 -1 20 -1 26 -1 4 20 -1 11 -1 6 -1 26 -1 4 12 -1 24 -1 10 21 -1 13 27 -1 22 24 29 -1 2 -1 29 -1 7 -1 7 11 20 -1 12 -1 20 26 -1 1 -1 1 8 -1 3 11 26 -1 16 22 -1 22 -1 5 -1
236 19 22 25 27 -1 3 -1 25 -1 21 -1 10 13 15 21 23 27 -1 26 -1 17 22 29 -1 13 28 -1 9 17 -1 22 -1
237 21 25 -1 4 26 -1 0 11 16 21 -1 12 27 28 29 -1 11 -1 3 -1 21 -1 18 -1 2 -1 14 -1 7 -1 7 -1
238 4 -1 11 -1 29 -1 17 24 -1
239 22 -1 5 23 -1 22 27 29 -1 20 -1
240 14 -1 23 29 -1 27 29 -1 22 25 28 -1 9 -1 2 -1 5 -1 24 28 29 -1 8 -1 6 -1 10 -1 2 -1 26 -1 1 -1 9 -1 29 -1 7 8 -1 10 -1 10 -1
241 11 25 29 -1 25 -1 26 -1 9 -1 13 24 -1 8 27 29 -1 20 27 -1
242 11 -1 12 -1 26 -1 26 -1 14 -1 27 29 -1 26 -1 19 -1 6 -1 15 24 -1 27 -1 29 -1 9 18 28 29 -1 15 24 29 -1 16 -1 11 -1 27 29 -1 6 14 -1 13 -1 13 17 24 28 29 -1 16 29 -1 22 26 -1 27 -1 22 -1
243 8 -1 15 17 22 -1 0 -1 9 -1 17 21 25 -1 3 -1 12 -1 17 -1 20 21 29 -1 25 -1 13 17 -1 11 18 24 27 29 -1 13 28 -1 16 17 -1 4 -1 4 13 -1 26 -1 29 -1
244 11 15 23 28 29 -1 9 -1 11 26 -1 26 -1 20 24 -1 11 -1 9 -1 6 25 29 -1 10 19 -1 21 -1 24 -1 22 -1 9 -1 2 3 -1 21 -1 5 14 -1 19 -1 13 18 22 -1
245 19 28 -1 21 -1 8 -1 5 -1 5 12 19 -1 7 19 -1 28 -1
246 6 14 27 29 -1 17 27 28 29 -1 4 -1 0 19 -1 21 -1 11 -1 25 -1 25 27 28 -1 9 -1 17 -1 11 -1 16 -1 24 29 -1 21 29 -1 28 -1 29 -1 16 -1 14 25 27 28 -1 28 29 -1 9 -1 1 26 -1 12 23 -1
247 8 29 -1 18 21 25 26 -1
248 25 -1 7 24 -1 15 26 -1 16 -1 10 11 16 -1 21 23 24 25 -1 7 27 28 -1 24 -1 5 -1
249 18 20 -1 0 -1 19 -1 7 28 29 -1 8 9 -1 28 -1 5 7 -1 6 -1 23 27 28 29 -1 14 -1 16 -1
250 11 23 27 28 29 -1 8 9 23 25 -1 8 19 26 -1 11 -1 24 -1 6 23 29 -1 2 18 -1
251 1 -1 29 -1 24 -1 27 -1 0 19 25 -1 20 -1 17 -1 1 -1 24 26 -1 13 29 -1 18 -1 4 -1 14 -1 10 -1 19 -1 0 -1 21 -1 10 16 -1 19 20 -1 4 -1 28 29 -1 9 -1 17 -1 10 -1 29 -1 11 -1 12 15 -1
252 16 23 -1 15 -1 17 20 25 -1 10 13 -1 18 -1 1 -1 16 -1 14 -1 17 23 27 -1 9 -1 0 -1 18 -1
253 19 23 -1 11 -1 26 -1 9 21 -1 29 -1 12 27 -1 21 -1 6 26 -1 23 28 29 -1 10 27 28 29 -1 10 11 -1 11 -1
254 17 21 22 24 -1 8 24 29 -1 3 -1 2 -1 23 25 -1 2 -1 3 -1 18 25 -1 13 23 -1 10 20 25 26 -1 26 27 28 -1 14 -1 9 14 16 -1 25 -1 8 -1 24 29 -1 16 17 -1 12 27 29 -1
255 24 -1 29 -1 7 -1 15 -1 10 15 21 26 27 -1 8 -1 27 29 -1 17 -1 24 28 -1 23 -1 25 26 29 -1 8 26 -1 4 -1
256 14 20 23 -1 7 -1 9 -1 20 27 -1 10 -1
257 16 -1 29 -1 22 -1 3 17 -1 11 -1 29 -1 23 29 -1 9 -1 8 10 -1
258 13 -1
259 5 -1 3 -1 11 17 -1 9 -1
260 15 19 -1 23 -1 24 28 29 -1 0 -1 25 26 27 -1 25 -1 13 -1 13 16 21 22 -1 27 29 -1 2 13 18 22 -1 8 -1 22 26 -1 29 -1
261 0 -1 27 -1 15 -1 18 -1 21 -1 21 -1 16 -1
262 26 27 28 29 -1 20 29 -1 0 -1 23 27 28 29 -1 18 -1
263 4 -1 18 28 29 -1 1 19 23 -1 2 -1 11 28 29 -1 27 28 29 -1 10 -1 9 -1 26 28 -1 21 -1 11 -1 4 -1 17 -1
264 23 -1 18 23 29 -1 7 22 26 27 -1 5 -1 24 25 28 -1 4 29 -1 4 18 20 22 25 -1 28 -1 27 -1 0 -1
265 1 28 -1 28 29 -1 2 18 25 29 -1 12 27 28 29 -1 3 -1 17 -1 15 -1 2 8 11 13 -1 26 27 -1 13 -1 8 11 15 -1
266 27 -1 20 22 23 -1 9 20 -1 16 -1 11 19 -1 6 21 -1
267 3 29 -1 19 27 28 -1 15 27 -1 15 18 28 -1 21 -1 21 25 28 -1 1 -1 16 20 -1 16 -1 17 -1 28 -1 8 14 19 21 -1 14 24 27 -1 26 -1 11 -1
268 25 -1 18 28 29 -1 28 -1 24 -1 26 -1 11 16 23 26 28 -1 11 -1 17 -1 8 22 -1 17 -1 0 3 10 27 -1 28 29 -1 13 22 -1 24 29 -1 9 25 27 -1 17 -1 8 -1 6 -1
269 14 -1 11 -1 19 24 -1 2 9 26 29 -1 6 12 -1 5 -1 14 -1 20 -1
270 16 22 -1 19 -1 21 -1 9 26 28 -1 20 -1 28 -1 5 16 -1 9 -1 4 -1 26 27 -1 23 25 -1
271 18 -1 14 -1 20 -1 13 -1 13 25 27 -1 24 28 29 -1 9 -1 6 -1 26 -1 20 27 -1 26 28 29 -1 25 -1
272 10 22 -1 17 -1 10 14 -1 2 8 21 -1 14 16 28 29 -1 6 -1 3 -1 24 -1
273 1 2 -1 10 24 -1 9 -1 7 17 25 27 28 29 -1 18 -1 16 20 22 27 28 29 -1
274 22 -1 26 -1 0 25 -1 1 -1 14 -1 18 23 25 -1 17 -1 4 9 28 -1 22 -1 18 -1 6 10 12 -1 20 -1 13 -1 9 -1 13 -1 18 19 -1
275 15 -1 11 -1 17 -1 25 27 -1 1 -1 8 -1
276 20 -1 26 -1 7 27 -1 23 -1 27 -1 20 -1
277 18 28 29 -1 26 -1 14 25 29 -1 11 29 -1 9 29 -1 29 -1
278 22 -1 20 23 28 -1 11 -1 10 13 25 26 -1 19 -1 0 14 -1 5 14 23 26 -1
279 17 20 -1 26 -1 9 -1 9 19 -1 13 28 -1 29 -1 23 29 -1 11 -1 25 26 -1 11 16 -1 3 -1 21 29 -1 12 21 -1 8 -1 27 -1
280 7 -1 22 -1 10 29 -1 29 -1 19 -1 16 -1 19 -1 22 24 -1 20 -1 3 6 17 -1 15 18 26 27 28 29 -1 26 -1 27 28 -1 27 -1 25 26 29 -1 9 25 29 -1 1 -1 3 -1 2 -1 16 -1
281 5 25 -1 13 -1 12 -1 0 -1 1 -1 5 25 28 -1 8 -1 18 29 -1 19 -1 27 29 -1 19 21 -1 14 18 27 29 -1 2 18 28 -1 16 21 28 29 -1 4 -1
282 15 -1 29 -1 14 24 27 28 29 -1 27 -1 17 29 -1 26 29 -1 22 -1 10 22 29 -1 27 29 -1 27 28 -1 12 20 28 -1 14 -1 17 -1 9 -1 7 29 -1 20 26 29 -1 29 -1 27 29 -1 23 25 -1
283 18 -1 10 -1 8 -1 24 25 -1 3 22 24 28 -1 10 23 -1 3 -1 21 24 26 -1 26 -1 23 -1 16 18 -1 23 -1 14 -1 21 24 29 -1 22 28 -1 23 28 -1 26 -1 19 26 -1 7 -1
284 18 -1 19 -1 5 21 28 -1 7 13 -1
285 1 26 -1 7 10 15 -1 13 20 27 28 -1 21 -1 5 -1 13 16 -1 3 -1 3 -1 2 -1 20 -1 3 -1 18 -1 8 -1 8 -1 26 28 -1 25 28 29 -1 23 -1 26 -1 8 21 22 -1 23 24 -1 18 -1
286 10 11 28 29 -1 23 -1 26 -1 18 21 -1 21 -1 25 -1
287 6 15 25 -1 15 25 -1 12 -1 6 -1 16 20 -1 15 -1 6 11 19 -1 13 -1 22 28 -1 25 28 -1 7 -1 10 18 -1 16 -1 3 26 -1 26 28 -1 7 25 -1 12 15 26 -1
288 29 -1 25 -1 10 11 28 -1 24 29 -1 23 -1 15 26 -1 13 19 -1 27 -1 27 28 29 -1 6 17 29 -1 23 -1 18 28 -1 22 -1
289 0 -1 3 6 -1 22 -1 15 27 29 -1 29 -1 0 -1 19 24 -1 4 -1
290 21 22 -1 0 12 -1 20 -1 7 -1 24 -1 2 12 -1 18 -1 21 -1 20 22 -1 7 -1 1 -1 19 -1 24 26 29 -1 10 26 -1 25 -1 15 27 28 29 -1 6 -1 13 16 -1 27 29 -1
291 14 -1 15 -1 3 23 -1 15 -1 14 27 29 -1 1 -1 18 -1 25 -1 29 -1 1 -1 12 -1 18 28 -1 5 7 21 -1 0 7 12 -1 6 12 14 27 28 29 -1 24 29 -1 7 10 -1 20 26 28 -1 10 17 -1
292 22 -1 19 -1 27 -1 15 -1 29 -1 23 -1 18 24 28 29 -1 24 -1 21 -1
293 18 20 22 25 -1 20 -1 18 26 28 -1 29 -1 13 15 -1 16 29 -1
294 20 24 -1 24 25 -1 8 -1 24 -1 14 28 -1 14 -1 0 5 -1 24 26 27 29 -1 13 -1 5 14 -1 9 -1 21 -1 10 -1 16 -1 16 20 -1 21 -1 3 -1 0 -1 26 -1 23 -1 12 -1 14 20 22 -1 1 -1
295 10 -1 23 -1 16 18 25 -1 1 10 -1
296 29 -1 5 -1
297 4 12 -1 3 -1 2 -1 13 -1 15 20 21 -1 17 26 -1 7 22 -1 1 -1 26 -1 20 25 26 29 -1 16 -1 12 13 23 -1 26 28 29 -1 24 28 -1 15 26 29 -1 3 13 26 -1
298 25 -1 27 28 -1 29 -1 0 -1 6 20 -1 20 -1 28 -1 0 -1 2 24 26 -1 12 13 -1 29 -1 27 -1 19 21 -1
299 20 26 -1
300 12 19 -1 13 29 -1 16 -1 9 -1 3 5 -1 16 17 -1 3 -1 27 -1 3 -1 20 27 28 -1 1 -1 26 29 -1 13 17 -1 22 27 -1 21 22 25 -1 25 -1 3 -1 4 -1 12 -1 15 18 29 -1 1 6 -1 8 17 -1 29 -1 15 -1
301 1 27 29 -1 16 -1 11 -1 29 -1 3 -1
302 0 10 27 29 -1 24 29 -1 1 -1 18 -1 18 -1 27 -1 15 -1 0 -1 25 -1 25 -1 22 26 -1 15 -1 12 -1 17 -1 14 15 -1 21 -1 3 -1 11 -1 29 -1 20 -1 21 -1
303 23 -1 22 -1 14 23 24 -1 16 -1 28 29 -1 21 -1 14 22 25 29 -1 13 -1 13 -1 19 -1 19 -1 25 28 -1 12 -1 16 -1 26 28 29 -1
304 11 12 -1 18 25 26 28 29 -1 28 -1 3 19 -1 3 -1 14 -1 12 25 27 -1 25 -1 8 17 -1 14 -1 25 -1 7 -1
305 22 -1 14 -1 27 28 29 -1 19 27 -1 29 -1 17 -1 9 -1 17 -1 9 23 -1 26 29 -1 11 -1 13 -1 12 19 -1 19 25 27 28 -1 22 -1 27 -1 6 26 28 -1 6 -1 13 -1 7 -1
306 12 -1 28 -1
307 5 10 -1 12 -1 18 -1 6 -1 20 22 27 -1 26 -1 17 -1 27 -1 24 26 -1 24 -1 19 20 29 -1 12 -1 10 12 18 -1 10 21 -1
308 7 15 -1 7 26 -1 27 -1 3 20 -1 21 -1 3 21 -1 16 -1 4 -1 19 -1 18 23 27 -1
309 14 29 -1 12 -1 25 29 -1 9 20 -1 17 21 26 -1 26 -1 7 -1
310 15 19 -1 20 25 28 -1 15 -1 9 22 24 25 27 -1 7 -1 11 -1 4 -1 0 -1 27 29 -1 25 -1 6 -1 27 -1 13 -1
311 2 -1 7 -1 1 -1 21 -1 4 -1 2 -1 20 25 28 -1 2 6 28 29 -1 12 29 -1 0 5 -1 2 16 20 -1 18 -1 28 -1 19 22 -1 29 -1 6 20 -1 24 -1 14 -1 13 14 -1 28 -1 5 20 -1
312 11 25 -1 0 19 -1 16 -1 27 28 29 -1 22 -1 1 28 29 -1 25 29 -1 10 27 -1 8 18 -1 16 19 -1 26 28 29 -1 28 -1 23 -1 28 -1 8 14 21 -1
313 29 -1 29 -1 20 28 29 -1 13 24 29 -1 15 21 25 27 -1 7 -1 0 -1
314 2 -1 26 27 28 -1 13 20 -1 5 -1 25 26 -1 11 -1 28 -1 24 26 -1 17 21 22 27 28 -1 27 -1 7 -1 0 7 -1 15 28 29 -1 20 -1 3 -1 7 19 21 23 -1 29 -1 2 17 -1 3 22 26 28 29 -1
315 29 -1 14 -1 1 22 -1 0 -1 2 21 -1 22 -1 19 22 -1 3 -1 2 16 -1 17 29 -1 25 -1 12 28 29 -1
316 23 -1 0 -1 19 27 -1 8 -1 15 23 -1 22 -1
317 14 15 16 28 29 -1 15 27 -1
318 23 25 -1 3 -1 6 -1 1 26 -1 25 26 -1 4 -1 24 -1 8 -1 4 -1 9 19 21 -1 24 -1 5 24 27 -1 11 12 18 28 -1 15 25 -1 14 -1 11 24 25 -1 0 -1 9 27 28 -1 8 10 26 28 -1
319 26 28 29 -1 24 29 -1 1 22 -1 2 -1 6 -1 19 -1 27 28 -1 1 8 -1 29 -1 17 -1 21 -1 25 -1 5 19 -1 18 26 28 -1 12 -1 3 -1
320 5 18 25 26 29 -1 28 -1 17 19 -1 12 -1 3 16 23 -1 28 -1 12 14 23 24 -1 6 -1 22 23 -1 13 26 27 29 -1 3 -1
321 17 -1 23 26 28 29 -1 23 24 25 -1 24 -1 14 -1 5 -1 14 -1 11 -1 0 -1 6 -1 23 -1 29 -1 9 18 -1 17 19 -1
322 19 23 -1 9 13 -1 19 22 -1 18 -1 13 21 22 27 29 -1 1 8 24 28 -1 9 -1 17 24 26 -1
323 8 -1 17 -1 5 9 -1
324 19 26 -1 29 -1 11 -1 14 -1 26 -1 15 -1 2 -1 6 -1 28 29 -1 10 -1 18 27 -1 13 28 29 -1 29 -1 26 -1
325 7 16 -1 24 25 -1 29 -1 12 -1 11 -1 14 16 28 29 -1 8 -1 24 -1 28 -1
326 21 23 -1 21 -1 27 -1 26 -1 7 13 -1 8 24 29 -1 22 -1 18 24 28 29 -1 26 -1 1 24 -1 28 29 -1 25 29 -1 13 25 -1 18 22 -1 24 27 -1 25 -1 21 25 -1
327 9 12 25 -1 29 -1 26 -1 14 -1 3 9 27 -1 16 -1 10 25 26 -1 15 22 -1 5 7 -1 15 24 -1 9 -1 7 -1 27 -1 13 16 -1
328 22 -1
329 16 25 27 29 -1 6 -1 1 -1 6 -1 27 29 -1 23 -1 24 27 29 -1 8 21 -1 24 -1 7 -1 2 26 -1 29 -1 16 20 -1 12 23 28 29 -1 23 26 29 -1 24 25 -1
330 3 13 18 -1 29 -1 22 25 29 -1 4 24 26 28 29 -1 29 -1 22 -1 23 -1 10 -1 24 26 -1 25 -1 21 25 27 -1 7 -1 15 -1 14 29 -1 17 -1 0 24 -1 26 29 -1 22 -1 12 -1
331 2 19 -1 22 -1 0 -1 19 -1 27 -1 26 -1 15 -1 15 25 27 -1 24 -1 21 29 -1 7 -1 25 -1 23 -1 0 -1 0 -1 25 29 -1 6 -1
332 27 -1 24 -1 11 22 27 29 -1 15 -1 3 -1 22 -1 19 20 -1 4 20 28 -1 29 -1 10 -1 3 15 -1 16 -1 21 -1 1 -1 5 -1 27 -1 17 23 -1 26 -1 4 -1
333 2 27 28 -1 24 28 29 -1 24 -1 26 -1 8 -1 4 -1 15 -1 7 -1 17 22 -1
334 0 24 -1 27 -1 20 -1 23 -1 7 13 -1 2 28 -1 13 18 27 -1 27 29 -1
335 3 -1 0 15 23 26 28 29 -1 14 25 28 29 -1 3 17 -1 26 28 29 -1 7 14 -1 27 28 29 -1 25 -1 1 23 25 -1
336 28 29 -1 11 24 28 29 -1 25 29 -1 5 -1 23 -1 19 -1 3 23 -1 15 19 -1 0 -1 25 27 -1 1 6 25 27 -1 10 -1 2 14 25 -1
337 8 18 27 29 -1 2 -1 20 28 29 -1 21 25 -1 5 17 19 -1
338 15 18 23 27 -1 28 29 -1 14 -1 7 24 26 28 -1 7 27 -1 22 -1 22 28 29 -1 14 20 -1 1 -1 8 20 -1 22 -1 24 -1 24 27 28 -1 18 -1 16 -1 26 -1 23 -1 29 -1 25 27 29 -1 12 -1
339 11 -1 15 25 29 -1 9 16 24 -1 28 29 -1 21 29 -1 19 22 -1
340 23 28 -1 9 24 25 29 -1 19 -1 4 9 -1 15 24 29 -1 12 -1 11 -1 8 9 -1 26 -1 16 -1
341 25 -1 12 20 23 24 -1 4 19 -1 5 10 -1 18 -1 18 23 25 -1 22 24 -1 13 -1 14 28 -1
342 2 -1 13 21 -1 21 24 -1 7 -1 14 28 29 -1 3 -1 4 -1
343 26 -1 25 -1 24 29 -1 6 -1 2 21 -1 14 23 27 -1 17 21 -1 26 -1 19 -1 11 29 -1 12 -1 4 -1 9 10 -1 12 20 -1 22 23 -1 18 20 -1
344 6 20 -1 19 22 27 -1
345 22 25 -1 12 21 26 -1 4 -1 2 -1 22 29 -1 6 25 -1
346 18 29 -1 29 -1 24 -1 26 -1 14 -1 3 -1 10 15 26 29 -1 9 -1 24 29 -1 25 -1 23 28 29 -1 7 -1 25 -1 13 27 28 -1 29 -1 18 28 29 -1 2 -1 14 -1 6 -1
347 24 -1 26 -1 6 26 29 -1 16 28 -1 18 27 -1 14 17 -1 1 4 27 29 -1 1 -1 24 -1 5 -1 9 -1 9 -1 3 -1 4 -1 0 -1 11 -1
348 25 -1 15 24 29 -1 9 13 23 -1 27 -1 1 16 29 -1 2 20 -1 21 -1 5 -1 9 21 25 -1 2 27 28 -1
349 8 -1 24 27 -1 22 -1 7 -1 8 -1 27 -1 11 -1 15 -1 17 -1 19 25 -1 0 -1 1 -1 27 -1 10 -1 11 -1 14 -1 13 -1 28 -1 21 27 29 -1 15 -1 13 -1 28 -1 7 -1 24 -1 18 -1 17 28 -1 25 28 -1
350 20 -1
351 23 25 26 -1 27 28 29 -1 19 -1
352 15 -1 3 7 -1 12 -1 19 26 -1 2 25 -1 13 27 28 -1 20 -1 9 -1 22 -1 4 -1
353 2 6 -1 9 -1 11 -1 1 -1 27 -1 21 26 -1 27 28 -1 22 29 -1 14 27 29 -1 4 -1 22 26 -1 26 28 -1 5 11 19 22 23 -1 10 28 29 -1 8 -1 19 -1 0 -1
354 15 -1 6 25 -1 20 -1 25 27 -1 7 -1 20 -1 25 28 29 -1 27 29 -1 22 26 -1 17 -1 13 28 -1
355 2 19 -1 21 -1 15 -1 1 7 -1 19 25 27 28 29 -1 20 -1 0 -1 18 -1 7 24 -1 21 -1 3 21 25 29 -1 20 24 -1 17 -1 5 18 -1 15 19 -1
356 11 -1 24 -1 14 25 29 -1 7 -1 26 27 -1 1 -1 7 -1 11 14 -1 21 -1
357 1 -1 25 26 28 -1 8 -1 19 25 29 -1 18 -1 15 18 -1 27 29 -1 24 -1 24 29 -1 1 -1 5 -1 1 -1 19 -1 25 27 29 -1 23 -1 11 -1 9 15 26 29 -1
358 12 27 28 -1 26 28 -1 1 25 -1 12 -1
359 16 22 -1 29 -1 9 -1
360 8 -1 7 24 26 29 -1 27 29 -1 24 27 29 -1 20 -1 3 -1 16 -1 22 -1
361 11 22 -1 5 -1 16 -1 14 25 -1 13 -1 3 -1 28 29 -1 6 -1 11 16 20 -1 15 20 -1 6 8 -1 10 22 25 29 -1 20 -1 3 22 -1 14 18 -1 10 20 29 -1
362 12 -1 6 15 19 21 22 28 29 -1 14 21 -1 6 20 -1 6 -1
363 3 -1 23 -1 11 18 20 -1 28 29 -1
364 17 -1 10 18 -1 7 22 27 28 -1 2 20 27 -1
365 21 26 29 -1 4 -1 1 -1 11 -1 11 -1 14 -1 4 -1 6 16 17 -1 8 -1 12 13 17 -1 3 19 28 29 -1 7 13 15 -1 11 21 -1 20 -1 13 -1 29 -1 2 -1 1 -1 26 -1 20 23 28 29 -1 19 27 -1 6 12 -1
366 6 -1 22 29 -1 9 22 -1 20 22 -1 22 -1 12 28 -1 2 26 -1 17 -1 7 23 -1 8 -1 4 11 28 29 -1 26 28 -1 22 -1 2 -1 13 -1 23 25 -1 0 -1 18 21 -1 1 16 -1 20 -1 16 19 -1 16 17 -1 18 29 -1
367 29 -1 13 26 29 -1 25 27 -1 13 -1 26 -1 24 29 -1 26 -1 12 -1 14 -1 9 18 -1 22 -1 13 19 -1
368 23 26 28 29 -1 26 -1 17 19 -1 10 29 -1 27 -1 11 12 -1 10 -1
369 17 19 -1 1 -1 24 -1 5 -1 17 23 24 26 -1 9 21 -1
370 25 -1 0 -1 29 -1
371 29 -1 2 4 -1 25 -1 25 27 29 -1 18 -1 6 -1 25 28 29 -1 28 29 -1 22 -1 7 -1 28 -1 10 14 15 -1 0 22 29 -1 27 -1 17 -1 18 -1 27 29 -1 6 12 -1 4 -1 5 -1 2 17 18 21 27 29 -1 8 -1
372 22 -1 24 26 -1 5 -1 22 23 29 -1 11 12 -1 7 -1 27 -1
373 11 21 23 -1 0 -1 24 -1 6 -1 1 -1 14 -1 24 25 26 28 -1 7 -1 10 14 27 -1 10 24 -1 21 27 -1 26 -1 29 -1 25 29 -1 18 -1
374 10 26 -1 10 28 -1 27 29 -1 29 -1 10 13 -1 1 -1 13 29 -1 28 29 -1 3 -1 27 28 29 -1 0 -1 2 -1 23 -1 27 29 -1 13 -1 3 9 -1 29 -1 9 -1 8 -1 12 -1 18 -1
375 8 23 -1 10 19 29 -1 29 -1 23 -1 13 -1 25 27 -1 13 -1 1 8 -1
376 4 22 -1 0 -1 14 23 -1 26 -1 14 -1 3 -1 1 2 -1 22 29 -1 3 -1 29 -1 18 -1 19 -1 8 -1 6 11 -1 14 20 -1 2 -1 15 -1 4 22 25 -1 7 27 -1
377 24 -1 9 25 29 -1 3 -1
378 9 -1 10 18 28 29 -1 18 20 24 -1 5 -1 25 28 29 -1 9 10 27 -1 11 19 20 21 25 27 29 -1 25 28 -1 11 -1 6 15 -1 19 27 28 -1 28 -1 16 20 25 -1 25 -1
379 4 18 27 28 29 -1 5 -1 15 23 -1 6 -1 15 27 29 -1 2 15 -1 3 -1 16 22 24 -1 24 27 -1 10 -1 24 -1 28 -1 14 -1 22 -1 23 26 -1 24 29 -1 2 -1 0 22 -1 2 -1
380 3 -1 27 28 29 -1 14 16 18 21 -1 13 19 -1 11 14 21 -1 20 21 22 -1 22 -1 21 -1 2 11 28 -1 27 29 -1 3 -1 1 -1
381 8 -1 29 -1 2 18 -1 6 10 25 28 29 -1 28 29 -1 25 26 -1 24 -1 11 -1 10 -1 26 -1 17 -1 3 8 -1 23 26 27 29 -1 21 -1 21 28 -1 19 -1 11 -1 0 23 -1 7 20 24 -1 15 -1 15 20 -1 27 -1
382 13 23 24 29 -1 27 29 -1 22 29 -1 19 -1 10 16 -1 3 -1 26 -1 19 -1 14 23 26 -1 10 19 21 -1
383 22 28 -1 22 24 -1 2 11 -1 4 29 -1 27 -1 28 29 -1 4 -1 18 -1 3 20 -1 23 28 -1 19 26 -1 29 -1 22 -1 14 -1 4 11 -1 27 29 -1 26 -1 4 16 24 -1 12 22 29 -1 25 29 -1 6 11 -1
384 26 28 29 -1 23 -1 13 17 19 -1 14 28 29 -1 17 21 -1 18 19 -1 14 -1
385 24 -1 28 29 -1 29 -1 28 29 -1 28 -1 8 -1 21 -1 14 21 26 27 28 29 -1 9 -1 0 -1
386 15 23 -1 0 13 17 -1 29 -1
387 23 -1 16 -1
388 5 -1 11 20 -1 11 -1 18 24 27 -1 19 21 -1 10 -1 10 -1 16 -1 28 -1 3 -1 3 17 -1 8 -1 6 -1 2 -1 11 25 28 -1 21 -1 7 22 -1 9 -1 6 8 10 21 27 -1
389 6 13 -1 6 21 29 -1 6 9 14 -1 18 -1 23 28 -1 1 13 -1 15 23 -1 26 -1 2 -1 19 23 -1 28 29 -1 0 -1 0 12 22 28 29 -1
390 7 -1 2 -1 5 -1 28 29 -1 4 -1 28 -1 29 -1 10 -1 27 28 29 -1 20 -1 4 8 24 -1 18 -1 29 -1 28 -1 12 -1 14 -1
391 6 -1 25 29 -1 18 19 -1
392 14 29 -1 7 15 -1 0 1 -1 23 26 -1 9 27 -1 5 9 13 22 -1 21 -1 15 -1 6 -1 0 20 -1 22 -1 2 -1 15 22 -1 27 29 -1 18 -1 6 24 27 -1 22 26 -1 18 -1 14 -1 18 -1 8 -1 20 -1 10 -1 25 -1 26 -1
393 2 22 26 27 28 29 -1 1 -1 26 27 29 -1 0 19 -1 22 -1 21 27 -1 10 -1 23 29 -1 15 -1 18 25 27 29 -1 27 28 29 -1 15 -1 27 29 -1 11 -1
394 1 -1 27 -1 13 23 -1 7 -1 26 -1 11 22 25 29 -1 20 -1 29 -1 3 18 27 -1 17 -1 29 -1 22 28 29 -1 8 13 -1
395 5 24 -1 19 -1 2 20 -1 12 -1 12 -1 12 -1 8 24 -1 4 -1 23 -1 12 -1 27 29 -1 25 27 28 -1 0 -1
396 11 -1 13 -1 8 -1 12 -1 7 28 29 -1 9 -1 26 27 -1 19 -1 26 -1 28 -1 23 -1 21 -1 0 -1 1 -1 16 -1 26 -1 4 -1 23 -1 20 -1 28 -1 11 -1 23 -1 11 29 -1 17 -1
397 26 -1 4 -1 3 10 -1 20 28 -1 29 -1 14 16 -1 12 29 -1 23 -1 12 -1 28 -1 26 -1
398 2 -1 21 -1 22 -1
399 23 28 -1 13 -1 17 -1 9 18 22 -1 19 24 28 29 -1 17 19 -1 2 10 27 -1 0 29 -1 0 18 -1 6 21 -1 17 -1 29 -1 7 -1 19 20 -1 10 -1 13 -1 5 -1 7 -1
400 16 21 -1 15 -1 9 -1 9 23 -1 7 -1 27 28 -1 10 17 26 -1 22 -1 19 23 25 27 28 29 -1 5 -1 16 29 -1 24 28 29 -1 23 25 26 27 28 29 -1
401 0 -1 3 14 -1
402 26 29 -1 13 -1 9 18 -1 18 23 -1 27 -1 14 -1 26 27 -1 23 -1 4 -1 12 -1 14 20 -1 1 14 19 -1 17 24 -1 8 17 -1 1 -1 0 -1
403 5 17 -1 19 26 -1 23 24 27 29 -1 13 -1 18 19 26 -1 17 -1 14 24 -1 23 -1 15 17 24 27 28 -1 26 27 -1 24 25 -1 29 -1 11 -1
404 2 14 -1 29 -1 22 -1 29 -1 2 11 29 -1 19 -1 2 8 -1 7 -1 12 -1 19 22 24 -1 24 27 28 -1 11 -1 27 -1 23 26 28 29 -1 26 -1 7 14 23 28 29 -1 20 28 29 -1 6 -1 29 -1 4 29 -1
405 10 -1 8 -1 25 -1 4 20 -1 18 28 -1 15 16 -1 10 -1 6 -1 3 -1
