2500
5894 5 134 1598 -1
13264 55 -1 363 840 -1
7922 2 4210 -1 6 63 669 4067 -1
2465 1684 -1
14298 422 530 -1 468 -1
5936 5 3619 -1
3666 0 4499 -1
4492 5 -1 1606 6583 -1
8779 838 -1
4921 5 -1
1222 424 -1
6444 2884 8367 -1
4729 10 -1
10826 8388 -1
15764 2 293 -1
2221 5 -1
12005 1979 6847 -1 941 -1 8144 -1 318 -1
1286 3677 -1
11844 5 -1 90 503 5680 -1
16854 0 338 -1
22977 454 3410 -1 3411 3412 -1 743 -1 456 -1 457 4009 -1 312 -1 11392 -1 3727 -1 3981 6884 -1 868 -1 1483 -1 4665 -1 1732 -1 459 -1 460 461 -1 463 464 4637 9278 -1 465 -1 466 9067 10683 -1 244 3957 -1
4100 245 -1
18738 1175 -1
3825 315 2183 -1
13278 2 13 -1
19929 5 1143 -1
6780 1 -1
24482 5 -1
19690 0 217 589 -1
7632 5 539 -1 2 1180 -1
11792 5111 -1 63 1480 -1 134 2981 -1 661 -1 135 -1 1100 -1
18876 659 664 -1
6147 0 10 -1 5 -1 8244 -1
4076 3352 -1
18003 13099 -1
16288 2 10 857 12621 -1
6149 6186 -1
12579 1 2 11042 -1
16446 2 -1
13031 2 -1
17043 1654 -1
1598 10 -1
450 5 10 1584 -1 2 1585 -1 6 -1 491 493 -1
15239 10 -1 5 11940 -1 1536 1643 4344 8177 -1 759 776 862 -1 57 -1 971 3783 -1
13110 155 -1 7009 -1
15773 63 -1
15905 2 -1 3128 3959 -1
14531 5 -1 341 -1
8821 323 -1 337 -1 10 338 -1 0 1568 -1 217 -1 5 -1 88 -1 137 154 229 295 1679 -1 231 687 772 -1 649 2071 -1 370 4673 -1 774 -1 305 396 519 775 -1 716 -1 9631 -1 147 -1
15042 11881 -1 11882 -1
22234 4146 -1 602 -1
1583 2 992 -1
9967 134 -1
14181 968 -1 280 827 828 -1 2132 -1 2134 -1 262 -1 2 -1 728 -1 5564 6975 6976 -1 437 4871 5066 -1 491 -1
2672 2 54 5416 -1
12684 2 5 -1
9747 5 54 -1 2 -1
20315 2 481 13137 -1
15451 1139 1916 6060 12043 -1
17998 56 -1 2 1112 2043 -1
24231 5 10 68 -1 2362 -1 349 1681 -1
8966 9676 -1
16515 12688 -1 2 -1 9395 -1
20633 8987 -1 147 -1 72 -1
19401 2 9017 -1
5119 2 147 971 -1
17747 10 -1 26 -1 5 -1 2 277 -1 6 27 31 2330 -1 3282 3283 -1 204 1495 -1
23232 2 5 -1
24954 2 -1
8141 1725 -1
2629 5 10 -1
10774 6 -1
19367 445 -1
507 2 293 1488 1752 -1
9507 9924 -1 1799 -1 6157 -1 4280 -1
10780 10391 -1 10 39 602 1636 10392 -1
10555 5 -1 2 -1
3962 134 -1
12251 1504 1505 5893 -1 1506 1508 6522 10721 10922 -1 1511 3911 -1 1512 10923 10924 -1 3004 -1 2994 10103 10925 -1 2324 6483 -1 205 -1 4401 10366 -1 3290 5898 -1 5899 8157 -1 6461 -1 6075 -1 2816 4403 4404 4405 5900 6044 6076 9695 10926 10927 -1 10928 -1 10258 -1
8422 9390 -1
16741 2168 12748 -1
15163 135 147 1528 3637 8465 -1
16601 6 -1 3971 5175 -1
17018 739 -1 3492 9459 -1
6974 2 -1
3557 6279 -1
11086 2 135 -1
273 5 -1 1 918 -1 90 -1 2 -1
10214 147 669 2369 3637 -1
7641 2 5 54 -1
16648 0 11017 -1
18355 2 -1
5175 0 -1 445 -1
19935 915 -1
2170 3999 -1 2 54 -1
17319 4463 -1 6 9225 -1
3210 1024 -1 1709 -1 2 4596 5325 -1 865 5998 -1 4044 -1 491 5999 -1 869 2094 -1 5116 -1 2947 -1
11320 1017 9463 -1 134 661 3404 3753 10569 -1 135 1100 -1 437 -1
15074 2 -1 736 -1
16414 315 -1
13374 2 -1
3394 2 -1 1013 6167 -1
16029 1611 -1
18434 3 -1
16000 0 -1
3507 10 -1 5 -1
11920 2 40 45 572 -1
11095 10505 -1
3258 210 6040 -1
16856 84 -1
6942 2 5 -1 76 -1
13131 5 -1 4199 11225 -1
7234 8746 -1
21018 2415 -1 48 134 -1
23832 302 -1
21414 5 -1
15812 5 -1
6012 3 5 -1 2 -1 8195 -1
1525 5 313 -1
5604 5 -1
3546 606 -1
14072 746 -1
127 5 -1 2 54 445 -1
21009 4596 8190 -1
3816 5 10 -1
11600 3978 -1 1131 -1 519 -1 89 -1 521 -1 2402 6742 -1 1024 -1 238 9392 -1 240 305 -1 260 -1 1747 2136 -1 377 -1 158 -1 379 -1 1519 -1 2051 -1 2 10242 -1 2172 3373 3374 3375 -1 4965 -1 814 10673 -1 147 530 -1 291 437 -1 445 469 -1 2947 -1 2286 -1 1141 -1
23985 2 8825 -1
514 293 -1 2 1767 -1
9281 268 -1
7852 1292 -1 1303 1315 1326 1337 -1 1343 -1 1344 1350 -1 1361 -1 1372 -1 1383 -1 1394 1405 -1 1416 1427 -1
21654 0 5 1131 -1
13158 5839 -1
12068 341 1651 3491 -1
5481 3328 -1
18203 26 -1 2 89 -1 6 48 84 -1 2884 -1 10646 -1 8112 -1 85 -1
12082 90 -1
2912 10 -1 5 -1 716 -1 35 -1
6199 5 10 -1 445 614 -1
2513 2951 3186 -1
12189 5 10901 -1 2 -1
218 2 -1
21199 2 7760 -1
11018 2 5 -1
2698 445 -1
8587 5 -1
16704 2 11128 -1
9916 2 10046 -1
16903 6679 -1
3920 992 -1
4130 2 -1
21614 2 2958 -1
17799 157 503 -1 2 3801 -1
107 10 -1 534 -1
15615 2 5 1680 2070 -1 445 -1
16294 5 4877 -1
18621 1806 -1 769 -1 3550 -1
2424 3082 -1 466 1735 -1
20967 2 -1
20237 13741 -1
3337 2 -1
7406 1139 -1
9715 5 10 -1
1562 489 -1
9763 268 -1 10 639 -1 7791 -1 1995 4364 -1 2021 7795 -1 0 5 -1 214 302 945 5913 -1 356 519 2131 -1 89 -1 503 -1
18173 137 -1
2957 313 -1 5 -1 302 -1 2 -1 666 1715 -1
16476 85 445 -1
13006 5 6 -1
4114 669 -1
15234 445 -1
19251 54 -1
3614 1472 -1
10142 45 -1 2284 -1
4800 495 1100 -1
23977 0 -1
23279 14443 -1
24385 1 5 -1 72 4645 -1
18819 82 -1 2 -1 147 -1
15060 0 3 5 145 -1 11886 -1 2 -1
7458 38 1304 -1 1350 -1 1361 -1 1435 1436 -1 1870 6009 6891 -1 10 -1 0 -1 5 217 861 3791 4475 -1
22613 466 1735 -1
19358 6 70 5423 -1
17200 54 63 -1
4478 89 -1 2 -1
8414 9388 -1
9475 85 1773 -1 210 -1 3422 -1 1623 4008 -1 6916 9911 -1
6985 353 1837 -1 153 900 4344 -1 1533 -1 578 -1 229 360 538 823 1682 -1 154 5670 -1 511 1627 -1 1806 -1 232 258 2044 2872 -1 513 1033 -1 11 44 240 515 587 597 973 1516 1807 2942 -1 1608 -1 524 525 -1 2282 -1 45 527 528 2283 -1 378 -1
20921 830 2297 5392 7275 -1 4318 -1 1715 11469 -1 63 4321 7538 -1 1587 -1 6 27 669 -1 31 36 917 6509 6511 6610 -1
6555 583 2297 3234 7146 -1 147 -1
4740 0 489 -1
2889 5 5723 -1
7335 8785 -1 2 -1
18290 669 729 2980 4617 -1 472 -1
14586 54 -1
9543 2 657 -1
5785 1450 -1 2 5 -1
15948 12508 -1
2258 86 -1 4488 4489 -1 79 213 2301 -1 661 -1
9823 705 7169 -1
1869 4499 -1
5603 1854 -1
8033 5 363 -1 581 -1 736 -1
488 1368 -1 26 -1 228 -1
8246 520 -1 2 -1
11451 2 5107 -1
24239 666 14649 -1 452 -1 493 -1 1005 3956 -1 315 -1
17671 379 671 2047 10241 -1 3648 -1 4624 -1 2976 -1 2876 -1 130 -1
1004 82 241 503 3261 -1 63 3234 -1
9379 10 54 9862 -1
24569 86 210 420 1977 -1
23940 4057 -1
13698 2 7292 -1
1843 3 -1
16620 445 -1
4877 2 -1
17306 1747 -1
21032 2127 -1 2128 -1 147 2129 -1
12867 422 632 7399 9390 11158 -1 434 -1
14822 5 10 11805 -1
10660 6743 -1 2 -1
2514 3570 -1 3571 5301 -1 5302 -1 246 5101 -1 19 254 521 -1
5710 5 -1 2 277 1018 2302 2940 -1 1182 -1
4447 232 234 1708 2951 3457 -1
17784 10 -1 0 -1 5 -1
8227 2 9291 -1
13257 1089 -1
3820 5 -1 153 -1 2 900 -1
9234 10 -1 5 -1
9862 3552 -1
4549 6 -1
24691 14756 -1
12997 11189 -1 11190 -1
23192 36 86 1979 6847 -1
12539 433 -1 449 -1
6827 2144 -1
6442 2 82 -1
9132 1920 -1 3321 -1
19239 2 1750 -1
8843 5 10 9639 -1
6454 293 2246 -1 2 -1
11672 76 147 437 669 -1
19749 10 -1 0 -1 5 -1 841 13599 13600 -1 2 -1
12837 2 5 26 -1
2542 5 -1
6971 4954 7795 -1 986 -1 39 217 313 -1 5 1488 -1 928 7796 -1 2175 -1 7798 -1 1453 1887 5393 7799 7800 -1 751 -1 8628 -1 1768 -1 818 -1 752 904 1909 -1 1769 7801 -1 1657 1916 1917 5860 6575 7802 -1 1918 -1 77 4785 5349 7804 7805 7806 -1 5615 -1 4241 4475 5270 6060 -1 3363 5834 -1 349 6062 -1 350 988 1456 4004 -1 989 -1 510 -1 555 -1 1563 2289 5104 5374 6063 -1 4684 7521 -1 54 302 850 -1 137 -1 5229 -1 7808 -1 5253 -1 1672 1980 -1 7809 -1 2044 -1 367 368 930 2097 3457 -1 2433 4432 -1 4730 -1 5308 5680 -1 993 1516 -1 516 1607 2435 -1 882 -1 893 2972 5953 -1 4745 6727 7810 -1 503 536 780 3950 -1 6655 -1 7813 7814 -1 306 3732 4853 5641 5723 6371 7278 7815 -1 7816 -1 1841 7817 -1 552 -1 7818 -1 5263 5831 5921 -1 7819 -1 376 377 4341 -1 907 7820 -1 7821 -1 7822 -1 7823 -1 3183 -1 1569 -1 5440 -1 3222 -1 380 1609 -1 1146 -1 381 696 1136 3803 -1 4473 -1
59 211 -1
13817 10 68 655 1822 3155 4240 4415 -1 26 1801 -1 5 4152 -1 856 857 -1 1768 2175 -1 3789 -1 752 -1 1911 3110 -1 55 -1 3384 3679 6341 -1 214 -1 746 -1 363 -1 229 -1 154 157 367 767 2040 2951 -1 1862 -1 236 -1 3500 -1 369 649 774 1131 1749 2071 -1 519 1018 -1 89 -1 141 1609 -1 82 1470 -1 2 -1 112 716 831 832 2937 3123 3399 3804 5022 5023 -1 997 2877 10743 -1 583 2366 2415 2416 -1 2059 -1 643 5377 -1 720 1036 -1
20862 10 -1 1854 -1 26 -1 5 490 521 1029 1809 5500 6857 -1
22343 2 445 -1
11176 1514 5670 -1
15389 493 -1 838 -1
10539 5 90 -1 17 147 -1
15147 217 -1 5 -1
18723 736 -1
12357 772 -1 649 -1 1034 -1
6398 5 10 -1 354 8348 -1 2958 -1 2 643 669 6249 -1
17340 5 10 -1 1119 -1
12981 147 437 -1
17625 489 -1
9345 1049 9851 -1
21015 2331 -1
83 1 5 10 -1 229 -1 2 315 -1
1139 2 -1 277 -1
16829 2230 -1 7868 -1
151 0 -1 605 -1
14443 3208 -1
17229 90 2434 -1
160 147 272 -1
21272 5 -1 2 -1 1137 -1
801 2816 -1 896 -1 878 -1
21986 529 4029 -1
2934 5797 -1
14688 2 -1
7094 2 291 772 3140 3824 -1 6893 -1
22087 5515 -1
1039 2 -1
3183 6 890 2857 -1
23811 14536 -1
17679 147 -1
24148 4478 -1
22018 5 798 -1
17189 2343 -1 5 -1
8739 2 -1
20755 490 1018 2279 -1 89 -1 693 996 -1 2 396 -1 101 -1 289 -1 736 -1 562 -1 147 -1
6088 2 -1
9907 377 -1 2191 -1
12784 5 10 -1
11678 0 272 -1
21051 13634 13946 -1
10899 2 48 272 842 3122 5537 5538 -1 76 204 -1 147 -1
2972 5822 -1
18232 2 5 -1
8923 3088 -1
22674 137 1132 -1 2941 4962 4963 -1
8610 2415 -1
8124 2 481 1871 -1
6151 302 -1
20290 13754 -1
3982 5412 -1
21954 2 5 54 -1
11778 147 -1
23486 14478 -1
12147 7348 -1 7349 -1
7057 0 -1 5 16 -1 2 -1
23584 5 -1 2 422 530 6742 11970 -1
14913 2 -1
5939 5 -1
3587 6312 -1 2218 -1
17283 0 10 217 505 -1 5 856 -1 4167 -1 943 1912 -1 295 3384 3691 5043 7521 -1 301 862 3692 -1 19 220 253 254 1684 -1 1689 -1 580 -1 762 -1 228 255 362 -1 24 582 4979 -1 763 -1 764 765 2038 4945 -1 256 -1 154 -1 1824 -1 1856 -1 5671 -1 257 824 -1 3142 -1 3510 -1
14504 89 521 -1 147 238 776 -1 11713 -1 454 -1 584 -1 6676 -1
2900 5 -1
16969 51 -1 0 -1 5 -1
8512 2 272 -1
17015 10 38 794 -1
5165 157 231 4059 -1
23672 306 -1
6973 5 2447 -1
10736 1816 -1
12169 6 -1
3244 5 1036 2044 2142 -1
13904 147 265 471 2825 2947 -1
16437 147 -1
13273 2 -1
19748 10 -1
14611 0 2 5 11643 -1
11010 0 5 10 1547 1548 -1 1549 -1 888 -1 82 -1
20227 1350 1351 -1 1352 1353 -1 1354 1355 -1 1356 1357 -1 1358 1359 1360 1361 -1 1362 -1 1363 1364 1365 -1 1366 -1 1367 1368 1369 -1 1370 1371 1372 -1 1373 1374 1375 -1 1376 -1 1377 -1 1378 -1 1379 -1 1380 -1 1381 1382 1383 -1 1384 -1 1385 1386 1387 -1 1388 1389 1390 -1 1391 1392 1393 -1 1394 -1 1395 -1 1396 -1 1397 1398 1399 1400 -1 1401 -1 1402 1403 1404 1405 1406 -1 1407 -1 1408 1409 1410 -1 1411 -1 1412 1413 1414 1415 1416 1417 -1 1418 -1 1419 -1 1420 1421 -1 1422 -1 1423 1424 1425 -1 1426 -1 1427 -1 321 1428 1429 1430 -1 1431 1432 -1 1433 -1
644 2 2105 2106 2107 -1 445 870 -1
20795 84 399 -1
3769 135 434 437 586 629 -1 451 452 2331 -1 143 467 2818 3958 6430 -1 563 1007 1815 -1 265 1751 -1
21362 2 -1
21566 445 -1
15616 4568 -1
547 5 -1
14253 3 -1 915 -1
4388 293 -1 2 -1
23344 491 -1 1484 -1
9187 5 10 538 3316 -1
6698 2 39 2323 -1
13774 10 -1 5 -1 6332 -1 2156 3393 -1 671 -1
4179 0 10 -1 5 -1
5426 331 -1 332 -1 333 -1 334 335 -1 336 -1 337 338 -1 0 26 -1 1 5 20 217 554 -1 253 746 1685 -1
23740 0 -1
9554 147 -1
10176 433 -1
14272 885 -1
19240 204 8273 -1 147 -1
17610 293 1489 -1 2 -1 12997 -1
2417 735 -1
7255 836 -1
7059 5 -1
22105 1153 1783 1784 1785 10276 -1 1786 -1 1787 1788 -1
11774 2 5 137 -1
24583 10 -1
18864 208 3934 -1
7098 293 -1 2 -1
21633 2 -1
19971 1140 -1
24688 204 1496 1498 -1
14439 5 3355 -1 1861 -1
4235 135 -1
17462 5 -1 2 -1
17435 0 5 12949 -1
7494 2 -1
5093 6 -1
19460 5 -1
14116 0 2 39 54 1750 -1
14169 5 503 -1
890 5 1898 -1 823 -1
19791 4350 -1
24296 5 -1
19146 68 -1 10 -1 26 217 -1 5 -1 13451 -1 536 -1 671 -1 90 -1
3757 135 -1
1640 320 -1
1579 2 5 -1
14234 10 -1
3115 5882 -1
6166 10 -1
13177 0 2 5 11259 -1
23201 5 8674 -1
5154 3 -1 26 -1 2 5 -1
20956 265 -1
8267 0 -1
23558 135 -1
3218 90 291 -1 495 -1
570 368 1462 -1 1863 -1 1864 -1 289 -1
20272 1688 -1 746 909 1127 1567 1690 -1 24 362 1692 1805 -1 13752 -1 256 5624 -1 1856 3142 3389 5187 -1 45 -1 378 -1 691 -1 692 693 3811 -1
1447 2 76 -1
9149 2 302 -1
11749 445 -1
22916 2 -1
487 0 10 -1 5 -1 1656 1657 -1 214 1658 -1 1659 -1
7217 5 -1
24680 2 -1 6 -1
24293 5 -1 1838 -1 2071 -1 2 1034 -1
13328 2376 -1
19507 2799 -1 50 -1 5147 -1
21113 343 2132 3347 -1 841 -1 2180 3800 -1 82 698 -1 705 5057 -1
3135 5 -1 2 54 -1
8658 2 76 -1
8075 434 464 785 3144 -1
15292 147 -1
22065 10 -1 2 5 -1
23291 985 6009 -1 10 290 -1 5 -1 55 -1 270 4004 -1 799 -1 89 -1 2012 3321 3368 -1
11169 2 10523 -1
10776 1836 -1 1837 -1 2 1643 -1 147 -1
21763 5 489 -1
5560 498 675 -1
12346 396 557 708 831 2297 8236 -1 100 1742 -1 108 111 129 3809 -1 130 959 -1 3123 -1
5859 1 5 17 -1
14641 1523 5314 -1 10 -1 0 39 2084 -1 313 -1 1181 -1 5 40 214 302 1990 2842 4025 -1 54 1800 2254 11744 -1 1836 -1 353 758 5417 -1 355 -1 862 5662 -1 539 844 -1 357 -1 358 -1 540 541 1535 1646 7490 -1 503 -1 3337 -1 45 -1 4459 -1 82 2447 6672 -1 3611 -1 2452 8236 10573 11745 -1 5261 6243 8373 -1 5735 -1 5601 5704 -1 8387 10786 -1 643 2058 -1 63 -1 2217 -1 3583 5706 8184 -1 3812 4951 -1 718 -1 669 3765 -1 264 -1 134 -1 736 -1 666 10279 -1 491 -1 1002 10160 -1 481 -1 1182 -1 572 873 1816 3254 3959 -1 498 -1
14863 2230 2396 3930 -1 135 -1 1100 -1
13363 44 1132 4615 -1 377 -1
20753 0 -1 1 54 -1 2 392 -1
22041 157 -1 2 -1
2604 2036 2871 -1
12108 2185 -1 54 -1 5758 -1
5767 4042 -1
22967 323 329 -1 330 331 332 -1 337 -1 10 338 3211 -1
18770 381 10084 -1 1475 2309 3954 -1
19318 10 -1
18717 265 -1
19784 3102 -1
13503 915 3144 -1
4327 355 554 1643 -1
5063 5 -1
13159 8389 -1
23999 143 -1 2066 4666 4894 -1
23939 491 872 -1
11973 5 -1
19016 865 -1
5102 0 -1
15761 313 -1 12458 -1 54 -1 2261 -1
4418 10 -1
8147 526 2282 -1 6 527 529 2283 -1 1975 -1 210 1976 -1 8226 -1 86 1140 -1
22586 1022 -1
3376 2 246 -1 6 -1
22719 10 -1
7000 4341 -1
15468 2 12048 -1
20065 2 3 5 -1
13846 466 3082 -1
9794 6109 -1 3984 -1 583 4772 5968 10010 -1 2385 -1
19801 4 -1 0 -1 1488 13608 -1 2 315 13609 -1
14357 10 -1 5 26 -1
15635 2 -1
15357 2278 -1 4742 -1
20693 135 1100 -1
3879 6 147 204 2302 6478 -1 2144 2947 -1
21899 5 -1
907 0 10 3096 3097 -1 5 39 40 154 253 2025 2084 2940 -1 231 -1 774 -1 775 -1 1131 -1 89 -1 521 -1 43 969 -1 45 381 -1 671 3098 -1 2052 -1 117 3099 -1 63 70 -1 76 998 999 -1 2356 -1 3100 -1 469 533 915 1140 2017 3101 3102 -1
3649 2 -1
11968 4497 -1
22480 1024 14259 -1
402 3 -1 5 -1
5531 5 986 -1 293 -1 134 -1 76 -1
22792 2 76 216 -1
22477 5 639 -1
3597 2 -1
8619 153 -1 1118 -1 761 844 -1
20125 10 -1
4317 334 -1 335 -1 336 337 338 -1 10 -1 5 -1
5957 10 -1 5 26 -1 1804 -1 1643 -1 2 6 204 -1 2806 -1 1958 1959 3670 -1 8124 -1
984 2 82 147 2052 -1
17519 5 12969 -1
24534 2 -1
13792 3126 -1
9684 2953 3393 -1 2 -1
7305 0 10 -1 5 -1 3990 -1 1686 1687 -1
5130 6 -1
16486 5 -1
9041 2 -1
19227 471 -1
23451 2 -1
6769 2 -1 666 -1
8902 136 -1
1068 3397 -1 3398 -1 63 643 2366 2411 3399 -1 2360 -1 3400 -1 3401 -1 1480 -1 833 2219 -1 725 1670 3402 -1 834 -1 669 728 2421 2423 2979 3403 -1 3404 -1 48 76 134 422 -1 865 -1 530 -1 562 2424 3405 -1 3406 -1 1000 -1 147 424 -1 291 -1 1722 3407 3408 -1 434 435 586 -1 437 3409 -1 442 -1 443 445 -1 446 447 452 -1 454 867 -1 3410 -1 3411 -1 3412 -1
17179 979 -1 94 1564 -1
15989 143 468 469 3957 -1
4449 76 217 -1
9449 5 -1 9905 -1
15334 0 -1 263 -1 264 -1
15223 3002 -1 0 -1 2 293 3184 -1
13029 268 -1
15795 1583 -1 12465 -1 4237 7884 12466 -1 10041 -1
16774 882 10042 -1 89 536 -1 11 597 -1 524 1043 -1 1517 -1 526 -1 2282 -1 527 529 671 1518 2283 3369 -1 2172 6280 -1 703 810 -1 3487 5019 5735 5963 6243 -1 2384 -1 59 -1 2057 -1 714 832 1663 -1 3123 3397 -1 5022 -1 3399 -1 3984 -1 963 -1 3582 -1 964 6499 -1 2366 2415 2416 -1 2417 -1 2418 -1 3530 -1 583 5111 -1 2058 -1 2385 -1 2060 -1 9248 -1 63 643 650 2092 -1 5974 -1 3884 -1 5083 5835 8579 -1 22 -1 718 4067 4068 8782 -1 1036 5377 -1 723 1670 -1 600 846 -1 2979 2980 -1 3403 -1 135 669 2945 2981 7859 -1 915 -1
21177 2 -1
11308 2 -1
2716 0 -1 5 -1
20062 2 -1 636 2196 -1
12257 10 2326 -1 0 3 -1 5 20 -1 1534 4706 -1
8593 4840 -1 5100 -1 1304 -1 1334 1335 -1 1336 1338 -1 1350 1361 1372 1383 1435 -1 1436 -1 10 985 -1 0 -1 5 217 943 1871 1881 -1 55 -1 88 618 -1 4057 -1 1779 2940 -1 3692 -1 1837 9476 -1 1643 -1 2069 3869 -1 354 821 1679 -1 356 -1 153 760 761 844 1764 -1 900 1119 -1 20 -1 227 1680 -1 2176 -1 902 1120 -1 357 3991 -1 228 746 1823 2034 -1 24 363 -1 581 763 1692 -1 154 511 -1 155 1806 -1 687 -1 231 -1 258 1628 3646 -1 157 -1 1650 -1 367 2951 -1 1862 -1 233 3186 -1 513 1651 -1 2952 -1 1516 -1 770 772 1607 3735 -1 649 -1 1465 2121 -1 2280 -1 2127 -1 89 826 -1 776 1755 -1 2189 -1 45 259 -1 378 -1 2 48 3231 5484 5726 -1 134 -1 422 -1
5048 2 -1
10232 2 3 5 -1
6369 54 2871 -1 306 -1 2 63 396 583 1148 -1 736 4020 7228 -1
13725 2 -1 864 -1 3487 -1
21733 2 -1
21070 0 5 68 986 -1 1 2 20 536 -1
10919 2057 -1 134 -1 451 1076 -1
1553 401 3995 -1 85 878 896 -1
10951 5 -1
24960 10 1523 -1 2323 -1
5128 3960 5010 -1
24686 1917 -1 992 14753 -1
17141 2 2455 4031 -1
13472 277 -1 11364 -1 6 -1 7572 -1 204 1955 -1 2807 -1 2229 -1
19990 2 3144 -1
11385 7054 -1
2856 76 2023 -1
22054 2 3393 6253 -1
24995 217 -1 54 229 -1
1082 507 -1 2 773 -1
2850 54 302 5293 -1 1804 -1 353 -1 2258 2259 2441 4442 5623 -1 356 1459 4443 4576 -1 20 -1 3870 4704 -1 578 -1 220 358 360 1120 4710 4711 -1 1567 1690 -1 3944 -1 361 -1 2263 -1 363 -1 24 -1 229 -1 5624 -1
14756 3 -1 5 -1 2 -1
4679 4867 6955 -1
22815 293 -1 135 -1
10258 0 5 -1
8992 0 217 -1 5 -1 214 -1 253 2178 -1 89 204 -1 76 289 -1 147 -1
9525 9930 -1 1 5 647 -1
1719 10 144 217 488 -1 5 -1 55 -1 20 -1 4334 -1 539 746 -1 362 -1 363 581 -1 256 765 824 2036 2265 2871 -1 513 -1 771 1029 -1 3083 -1 775 -1 524 1018 1517 4335 -1 525 526 527 -1 1518 -1 528 -1 529 -1 134 147 433 4336 4337 -1 785 1654 -1 3144 4338 4339 4340 -1
964 68 -1
1048 10 16 -1 5 -1 3294 -1
8177 9187 -1
7274 661 -1 135 -1
15420 0 5 10 -1
17042 315 -1
20519 2 2885 -1
9050 473 1559 -1
14179 11017 -1
15391 12026 -1
2550 464 4935 -1
803 315 471 473 496 2825 -1 2826 -1
12848 5 -1 236 258 649 772 2121 -1 2122 -1
24528 4059 -1 232 2043 -1 236 -1 515 520 2973 3576 3803 -1 82 696 937 1713 -1 117 703 810 -1 1070 7133 -1 4635 -1 129 131 2056 -1 832 -1 3169 7545 -1 3170 -1 275 3171 3341 -1 10040 -1 2299 -1 401 5766 -1 896 -1 5517 -1 134 2147 5518 -1 7830 -1 422 431 2107 3585 -1 437 -1 451 -1 452 -1
14772 929 -1 6 258 -1
2966 5 26 293 489 508 -1
4227 6 31 211 896 -1 86 -1
1473 68 -1 10 -1 26 -1 5 -1 137 3895 -1 2 6 2442 -1 3262 3275 3896 3897 -1 1955 -1 2799 3898 -1 48 3899 -1 3900 -1 2849 3901 3902 -1 49 50 3903 3904 -1 1495 1498 3905 -1 3284 -1 3906 -1 204 2231 -1 2807 -1
10806 5 10 287 848 -1
4698 6963 -1 2 1771 -1
7860 293 -1
17877 6 -1
17240 5 -1
21710 400 -1
13386 72 -1
22424 4616 -1
16044 666 -1
17652 1767 -1
16825 3347 -1
1563 3 -1 2 1857 -1
14449 10 -1
15945 0 -1
16943 2 5 10 -1
22559 2 -1
5524 5 -1 2 -1
7486 1491 6661 8875 -1 4986 -1 5612 -1 6710 -1 3154 -1 10 150 268 2019 -1 3356 -1 217 -1 313 -1 5 55 -1 88 302 3185 -1 8097 -1 685 1753 4694 5181 -1 1837 -1 1643 3196 -1 2209 -1 2210 -1 355 758 -1 1839 3764 4701 -1 686 862 -1 357 539 -1 154 256 511 1535 1627 2028 2037 -1 2951 -1 3511 -1 236 1462 1463 1651 1863 5687 -1 771 772 2071 2123 -1 370 1466 -1 238 241 378 490 774 826 1809 -1 381 -1 8876 -1 557 -1 2370 -1 147 3197 7231 -1 3973 -1 433 -1 434 837 -1 1655 -1 472 -1
24620 217 3089 -1 5 6371 -1 377 -1
17425 2 -1
5220 82 -1
21764 634 -1
20613 11295 -1 4368 10218 -1 2093 -1 2 5057 -1 13847 -1 117 -1 1070 1475 -1
10683 6 -1 84 5564 -1
11004 2 -1
23464 5 -1
5457 1816 -1
23588 0 -1
17823 0 10 816 -1 217 -1 5 1861 -1 4168 -1 1898 -1 1 -1 346 820 1537 -1 55 137 -1 630 631 5229 -1 227 228 539 930 -1 368 -1 516 -1 536 1034 2820 2873 -1 158 272 503 1035 5703 -1 6 27 -1 31 13052 -1 1153 1783 6965 10276 -1 1784 -1 1785 1786 1787 1788 -1 36 1789 -1 5086 5765 5766 5767 5768 5769 11703 -1 5317 -1 401 5144 5770 5771 10092 -1 2853 10093 -1 2854 -1 890 -1 896 -1 210 -1 878 -1 9042 9043 -1 5451 8142 9044 -1 211 -1 86 7366 9045 -1 213 -1 76 134 147 422 426 -1 3973 -1 434 586 3723 -1 437 2989 9064 -1 441 442 -1 443 -1
22337 2 14236 -1
5583 926 -1
17651 0 -1
20816 3513 -1
15816 4644 -1 422 530 -1
23937 4202 -1
9084 9723 -1
16422 3 10 -1 26 -1 5 214 -1 82 1596 -1
1722 2 76 -1
22756 14231 -1
13589 2885 3436 -1 11 12 973 -1 1530 2992 -1 8090 -1 2942 -1 1043 7395 9948 -1 3430 4760 -1 4563 6811 -1 503 691 -1 692 -1 693 -1 6163 -1 2046 -1 1709 -1 2329 5295 -1 272 3803 -1 2 -1 557 10673 -1
10394 68 -1 5 10 39 287 602 1801 -1 2 -1 6 -1
21013 3272 13935 -1
1743 147 445 567 -1
8577 6501 -1
16477 896 -1 86 1979 10999 -1 213 11753 -1 320 2242 -1 134 -1 869 4894 -1
17350 246 1678 10756 -1 134 -1
10481 1 5 10 39 160 -1 772 -1 305 2191 -1 76 289 -1 736 -1
9524 2859 -1
5587 774 1747 -1
19211 143 -1 1010 3382 4923 -1
22743 1165 -1 2 -1 4221 -1
17845 63 950 -1 6 -1
13013 3 -1
8698 1 2 137 -1 8496 -1 495 -1
2887 589 -1 3765 -1
13683 0 2 76 -1
22013 491 -1 869 5715 -1
7483 166 -1 167 2463 2473 -1 184 2350 2477 2479 7253 8870 -1 191 7259 7337 -1 7341 8871 8872 -1 196 -1 197 -1 6 203 -1 2106 -1 3275 6188 -1 1955 -1 3900 -1 8703 -1 204 -1 275 3169 4015 5085 5141 7985 -1
8396 1684 1689 1690 4719 -1 56 4724 -1 363 -1 24 -1 581 -1 147 315 503 1654 -1
889 3045 3046 3047 3048 3049 -1 2426 3050 -1 445 2142 3051 -1 3052 -1 3053 -1 3054 -1 3055 -1 3056 3057 -1 3058 -1 3059 -1 3060 -1 3061 3062 3063 -1 967 -1 3064 -1 3065 3066 3067 -1 3068 3069 3070 -1 584 1727 3071 -1 1022 1728 1729 1730 1731 1732 2338 3072 3073 3074 3075 -1 3076 -1 3077 -1 3078 3079 -1 1733 -1 3080 -1 3081 -1
21495 0 10 217 -1 5 -1 823 -1 229 2036 -1 1856 -1
21544 4414 6914 -1 1867 -1 8172 -1
19046 10 -1 2 54 10930 -1
19233 793 -1
15395 2 -1
21163 7514 -1
2565 5 -1
17824 63 -1
24851 315 632 643 3809 -1
8420 5 1883 2071 -1
14247 11610 -1 54 -1 1463 9772 -1 445 -1
21938 11 4758 -1 377 503 1569 -1 3637 -1 2309 -1
7348 2 -1
7301 5 3744 -1
14592 72 11726 -1
3464 5 10 82 -1
21140 1655 2983 -1
1312 3709 -1
10224 3 2093 -1
14502 86 -1
5685 302 -1
19450 2 2283 -1 2056 -1
19770 736 -1
17963 518 2437 -1 771 883 -1 773 -1 370 774 2974 4651 -1 524 775 826 1808 3388 4506 -1 525 1133 1517 -1 526 527 2282 -1 528 529 1134 1518 2283 -1
12946 147 5383 9800 -1
22935 5 -1
22079 11903 -1 14162 -1 14163 -1 11652 14164 14165 14166 14167 -1 5068 14168 -1 45 2012 -1 2 1858 5014 5075 14169 -1 3485 6832 -1 1713 -1 2172 8658 -1 6766 6767 6768 -1 5630 -1 9220 -1 105 708 3611 10912 -1 7120 -1 107 108 111 2896 2903 -1 1659 -1 6172 -1 851 -1 119 130 560 -1 6269 7968 -1 5021 5867 6366 8382 -1 1665 -1 1666 -1 1667 -1 3489 -1 715 1035 3696 8385 -1 3397 10975 14170 -1
6138 10 -1 5 -1
17390 86 -1 12931 -1
23332 6 82 2089 -1
19497 147 -1
5642 0 606 1861 -1
16728 5 90 -1
14302 3 -1
1440 2 -1
12620 5 -1
8425 1849 -1
11260 10563 -1
18562 3056 -1
6387 6145 -1
12331 2 3 5 293 -1 2169 -1
21747 63 2450 -1
11811 464 -1
21798 1523 -1 0 1 313 1883 4013 5036 5491 -1 2161 5360 -1 54 9286 -1 649 4739 -1 2123 3143 -1
20936 13920 -1 134 204 -1
14730 68 217 -1 5 2056 -1 147 -1
10299 10 -1 0 1 5 -1 554 -1 10232 -1 771 772 -1 304 2123 -1 7538 9480 -1 4103 -1 3236 -1
13000 244 586 -1
4475 5 -1
19807 5 -1 2 -1
13830 10 -1
10385 90 -1
19315 1001 -1
10833 5 -1
17311 896 2299 5411 -1 147 -1 445 451 6466 -1 463 572 -1
6539 377 -1 1569 -1
16877 0 10 -1 5 -1 1883 -1 1901 -1 55 137 -1 511 -1 157 513 687 1463 -1 525 -1 526 1133 -1 2282 -1 527 528 529 1134 1518 -1 2049 2283 -1 3800 -1 1165 3453 7616 -1 702 708 1713 3612 5018 -1
24354 5 8931 -1 2 -1 3529 -1
9594 2 -1
21445 2 3437 14035 -1
13776 26 -1
2783 2 -1
714 2144 -1
8031 6 -1
15107 2 5 -1
23059 2 -1
20819 0 -1 1674 3570 3571 10839 -1 1675 -1 942 -1 6 203 9539 -1 6594 -1 12945 -1 7519 13889 -1 13890 -1 2313 13581 -1 6806 8839 -1 1620 -1 4524 11535 -1 1049 6502 -1 5997 6503 -1 13038 -1 1930 -1 2225 13891 -1 5926 6506 13892 -1 13893 -1
17087 5 10 -1
15653 0 -1 5 -1 2334 -1 315 -1
21553 3 -1 0 5122 -1 2 -1
17119 86 -1
5494 3535 -1
13383 7608 -1
15558 1 -1
11950 2 -1
17204 1751 -1
5838 881 -1 1807 -1 515 4735 5687 -1 882 -1 517 883 -1 2276 -1 1034 2278 2953 -1 775 2974 -1 1131 -1 519 3435 -1 2079 -1 89 -1 3717 -1 141 -1 4674 -1 780 -1 1857 -1 2156 5012 -1 3393 -1 5109 -1 8064 -1 2135 8065 -1 303 7465 -1 305 -1 6620 8066 -1 2158 -1 260 4764 -1 546 5697 -1
3000 2 5840 -1
12395 378 -1
9759 2 5 -1
8123 2 54 -1
10430 5 -1
13358 5 3809 -1
16763 5 630 -1
12233 5 -1
24076 10715 14601 14602 -1
5916 489 -1 655 -1
5221 63 472 491 666 6610 7539 -1
5350 2 5 -1
20438 941 -1 421 4857 -1
3938 315 -1
8563 2343 -1 0 5 -1
21721 4780 6883 -1 459 1022 -1 466 -1 3102 -1
382 2 5 -1
9894 1 5 503 6117 -1 2 -1
6719 0 1 -1 293 -1
3006 0 1 217 -1
10447 2 45 378 524 527 1920 2167 2976 -1 130 566 -1 567 -1 147 966 3862 -1 9624 -1 427 -1 3237 -1 434 437 445 586 -1 449 -1 451 1725 -1 868 -1 1022 -1 2338 4229 -1 2888 -1 459 460 463 1735 -1 464 465 466 2250 -1 136 473 -1
12554 5 -1
18313 437 -1 496 2017 2824 -1
9727 986 -1 217 -1 5 39 313 4685 -1 1017 -1 4959 -1 4560 -1 4960 -1 54 253 2034 3256 -1 1018 -1 89 536 776 -1 44 828 1023 -1 3436 5328 7893 -1
3748 2 -1
11218 5 -1 2 -1
14102 452 -1
9529 1524 -1
18174 1 2 152 -1
18107 10389 -1
24124 10 -1 5 253 302 1940 -1
9578 5 -1
9652 72 -1
6264 2 -1
15135 320 -1
10347 649 2071 2953 -1 2126 2127 -1 370 774 -1 490 -1 1809 -1 371 519 1018 1131 -1 89 -1
14738 2 53 4194 4320 -1
24862 134 423 7171 8839 -1
12687 11104 -1
6306 217 -1
18668 5 1600 -1
18744 1643 1753 3196 -1 82 147 204 -1
21896 147 -1
3274 6056 -1
20256 13747 -1
13024 11200 -1
147 3 -1 5 599 -1
8539 2 -1
5640 0 10 -1 5 -1 89 7962 -1 2 -1 63 3374 -1
6812 3128 -1
1851 3412 -1
9488 5404 -1 985 9915 -1 2153 3443 5103 6557 -1 268 -1 0 10 26 217 986 4954 -1 5 39 2175 -1 752 5039 5860 -1 270 4438 -1 349 1167 -1 1456 1737 -1 990 4805 5043 6063 -1 4961 5360 -1 351 -1 302 5101 -1 577 -1 357 -1 24 1681 1689 2177 -1 229 -1 2036 -1 767 2040 -1
376 84 85 917 -1
24472 5 3763 8529 -1 5494 -1
9880 1629 -1 232 236 1706 -1 520 -1 521 -1 63 2402 -1
16833 2 5 12769 -1
9815 318 -1
6475 2142 -1
12261 5 147 217 491 10935 -1
17744 204 -1
14026 1038 -1 0 -1
24415 506 3241 -1 3155 -1 3242 -1 268 1870 3211 -1 10 -1 4655 14688 -1 14689 -1
20556 3679 4527 -1
15949 5 76 503 533 1854 4357 12510 -1 423 -1 632 -1
1695 4311 -1 721 847 1036 -1 669 4312 -1 70 76 -1
15717 89 231 1826 -1
8650 4508 -1 873 -1
18196 10 553 2325 -1 26 -1 217 -1 5 137 270 2328 -1 89 154 157 228 490 1131 -1 1811 -1 1165 2215 8711 -1
19768 147 4779 -1 9061 -1 869 -1 836 -1
7270 5 54 -1
22460 2 -1
365 5 26 -1 82 -1 277 -1 264 -1 933 -1 6 84 1078 -1 85 1079 1080 1081 1082 1083 -1 1084 1085 1086 1087 -1 1088 1089 -1
2323 446 627 -1
7211 2 -1
22924 5 -1
23395 2 151 -1
7153 2 8589 -1 583 -1 3651 -1 1527 3955 -1
4602 1655 3971 6839 -1
6077 5 -1
23825 2 -1
21942 2 -1
1921 5 315 437 -1
20317 4525 -1
15312 6322 -1
19671 135 -1
15501 6396 -1
4231 2 -1
15637 5 54 554 -1
10861 10 71 -1 503 -1
11994 2 10840 -1
13697 847 -1
24999 147 -1
19488 2 -1
19755 243 422 423 -1
9252 1 17 665 -1
1708 26 3541 -1 2 -1
15954 2 -1
8218 0 5858 9289 -1
10501 399 -1
14086 39 -1
16067 315 -1
18013 3404 -1 530 6903 -1 5998 -1 3888 -1
7778 10 -1 2 -1
11668 54 63 -1
16380 6 39 11562 -1
14541 5 -1 264 2389 -1 6 -1
21613 2 -1
14979 216 -1
9145 2 147 -1 2821 -1
10581 5 10336 -1 2 -1
8747 2 -1
12255 433 -1
6348 320 -1
9107 2917 -1
8307 0 -1 5 1131 -1
8576 5 214 800 -1 562 -1
13941 5 6 76 89 11523 -1
17264 253 -1 254 4533 -1 147 -1
3975 966 -1
16548 10 -1
21984 2 -1
3671 2 -1
8280 1636 -1
19282 2 135 13498 -1
4663 1689 -1 24 649 -1 147 4098 -1
7414 3392 -1 688 -1 76 838 -1
18790 10 -1 3 217 294 615 -1 39 -1 313 -1 5 753 -1 40 4475 5509 -1 3384 -1 302 -1 137 -1 1804 -1 1839 -1 229 356 686 844 1840 -1 511 -1 230 -1 1463 -1 235 369 1651 -1 2952 -1 45 -1 378 -1 1165 -1 2 3140 -1 133 -1 147 -1 6164 -1
21998 6 204 -1 6942 14143 -1 1958 4990 11145 -1 3670 -1 3326 3327 -1 1959 3328 9771 -1 3922 5079 6184 7574 12416 -1 84 -1
10948 6 736 -1
787 2 2430 2431 -1
9141 2 -1
3033 896 5862 -1 135 661 2386 -1
13391 1817 -1 495 -1
10623 297 -1 3251 -1 300 301 -1 302 -1 137 1643 -1 19 153 686 -1 844 -1 20 799 -1 357 762 2154 4723 -1 361 362 -1 228 363 -1
20741 3 10 -1 5 554 3694 12548 -1
22020 10 -1
18278 5 -1
1258 2171 -1
13818 230 2040 2402 -1 841 -1 2093 -1 82 4064 5384 -1 135 -1 147 445 -1
17197 10 829 3257 -1
21944 3 10 -1 51 -1 2 5 6 82 -1
4529 2 90 6533 -1 50 264 -1 204 -1 2851 -1 3208 -1
20570 293 -1 2 -1 1528 -1
16703 1558 -1
15475 289 -1
4565 6 203 286 736 933 -1
21759 792 -1
24441 10 -1
19814 992 -1 2 -1
22753 76 -1
16630 2 -1
14645 437 443 -1
11399 271 691 692 693 3214 -1
23262 90 -1 2 -1
6596 5 10 63 634 8453 -1
20514 311 572 736 865 1076 -1
15104 685 3516 -1
7644 5 322 -1 8959 -1 2 135 137 4865 8960 -1
19599 0 -1
1351 0 -1
23129 280 -1 2 -1
21128 3 5 -1 493 13955 -1
14854 2 -1
14430 1717 11173 -1
8754 5 -1 40 -1
20212 5 -1
21765 0 -1
14408 2 -1 11676 -1
23897 602 -1 134 -1
14151 315 -1
19441 105 -1
4242 493 -1
2379 878 -1 86 -1 87 -1 2863 -1
15698 3 5 -1 2 -1
12386 2 -1
10740 10379 -1
8752 6167 -1 1013 -1
15999 7200 -1 5423 -1 609 12531 -1
22807 445 3535 3886 -1
7448 2 -1
14752 0 2 5 63 -1
24455 2 399 -1
972 10 -1 2 5 6 -1
7524 5 -1
1489 5 3935 -1
23071 519 521 -1 776 -1
4524 1750 -1
9955 2 5 -1
8964 3 5 217 -1 1 -1
6683 1008 -1
15044 5 503 -1
9778 5 -1
13946 76 -1
17380 2312 -1
24945 866 -1
6163 10 606 -1 5 8251 -1
14039 1685 2154 -1 9282 -1 1647 2155 8052 -1 220 1513 -1 1687 5368 -1 1688 -1 259 671 1857 4624 11546 -1
8645 135 -1
15610 10 -1
931 38 -1 1304 -1 1350 1361 -1 1372 -1 1383 -1 268 1435 1436 -1 10 -1 0 217 -1 5 990 -1 54 900 3141 -1 253 -1 360 -1 3142 -1 2040 -1 511 513 2952 -1 514 1807 2271 -1 515 772 1029 2953 -1 2071 -1 2123 -1 1034 -1 536 -1 58 597 969 -1 44 -1 3143 -1 524 -1 1517 -1
4756 2306 -1
12178 54 -1
2386 5225 -1
19332 5 10 -1 349 -1
17700 72 293 469 572 -1 315 -1
219 10 -1
16664 5 10 -1 2 315 -1
869 3 -1 5 253 -1 454 1067 2060 -1
20618 68 8030 -1 10 1996 -1 217 -1
17596 10 -1 0 2 -1
1970 6 -1 147 320 792 836 -1
21650 676 -1
13498 1485 1655 3728 -1 472 926 1011 3630 4938 -1 315 677 1816 2306 -1
23047 661 12626 -1
23904 2 620 -1
10358 2281 -1 2 3775 -1
5769 304 305 2135 -1 311 4368 -1
4067 255 -1 362 3515 -1 2 5377 -1 147 -1
21813 44 -1 522 -1 1144 4359 7284 7893 -1 587 13600 -1
19328 5 -1
13426 61 -1 718 -1 422 -1
9581 1 -1 2 -1
9878 10 26 -1 0 986 -1 217 -1 5 1453 -1 5691 -1
22893 86 4237 -1
16765 315 10674 -1
12887 3404 -1
17664 444 -1
21409 136 2145 2818 3382 -1
24495 0 5 269 302 437 860 6947 -1 3254 3535 6618 -1 6326 8396 -1 2081 -1 10874 -1
21183 3615 -1
23293 5 10 -1 63 -1 3775 -1
5415 5 -1 1 -1
24714 10 -1 6 264 -1
21792 6 -1
13142 2 54 -1
17683 5 -1
11918 240 241 374 -1 82 -1
8316 528 1518 -1
20041 5781 -1 896 -1 86 2866 4237 -1 3551 -1
7150 0 -1 5 -1 2 992 -1
15923 5 68 -1 2 12501 -1 110 5874 -1 111 3397 -1 63 834 -1 143 6011 -1 136 -1
3146 5912 -1 2998 4241 5374 5644 5913 -1 302 771 -1 1131 -1 2 82 241 -1
12746 2947 6135 -1
18124 60 5743 -1 63 -1
6752 2 -1
5359 429 445 1724 -1
19738 2 54 -1
12708 3 -1
24229 5 54 -1 1180 -1
18381 6 31 -1 48 11366 -1
24055 147 204 437 6014 -1
17603 12995 -1
19827 6 -1
16154 315 9556 -1
13283 5 4064 -1
16678 315 -1
9205 4867 6755 6756 -1 86 3425 5558 6099 6170 -1
14609 2 586 1143 2161 2163 3392 -1 436 445 454 743 977 1834 2142 -1 456 -1 584 1483 -1
22262 2 6047 -1
2883 728 -1 1000 5718 5719 -1 5720 -1
13230 250 -1
13456 147 400 -1
23118 5 -1 1 90 -1
19741 137 -1 2 293 -1
21143 217 250 5613 -1 5 2104 4161 5625 -1
14637 6 -1
9871 2 5 366 4944 -1
23260 235 2951 -1 2 3140 5628 6448 -1
12381 3844 -1
5641 5 4439 -1
20395 5057 -1 118 -1 643 651 -1 63 2360 3884 4951 5553 5752 -1 7166 -1 6233 -1 3813 5753 6234 12435 -1 3700 5754 -1 2981 4800 8269 9849 -1 669 13263 -1 70 -1 134 422 566 -1 567 -1 3862 -1 76 -1
19994 2 -1
21311 5 -1 6154 -1
5889 86 87 210 2312 -1
9761 0 217 -1
14827 3 -1
2911 10 -1 5 -1
10426 534 -1 10286 10287 -1
14031 2 -1
18427 5 -1
3738 1137 -1
5588 2 -1 13 -1 101 103 1715 -1
9614 2 736 1800 -1
5147 1 5 -1
18410 5 214 12768 -1 519 13242 -1
23687 767 -1
19111 2 -1
10702 5 290 -1 10371 -1 551 -1 10372 -1 661 -1 135 -1
20789 6 1148 2415 -1 84 85 -1 1067 1076 8807 -1
12725 315 3468 -1
8590 0 54 290 620 -1 4346 -1
10931 2 5 10 2046 3694 -1 2865 -1
10155 1528 6834 -1
19224 5377 -1
9801 1254 1255 1256 4841 4842 -1 4843 4844 -1 4845 -1 4846 -1 4847 4848 -1 4849 -1 1257 1258 -1 1259 1260 1261 -1 1262 1263 -1 1264 -1 1265 -1 1266 -1 1267 -1 1268 -1 1269 1270 -1 1271 1272 -1 1273 1274 1275 1276 1277 1278 1279 1280 -1 1281 -1 1282 1283 1284 -1 1285 1286 -1 1287 1288 1289 1290 1291 -1 1292 -1 1293 1294 1295 -1 1296 -1 1297 -1 1298 -1 1299 -1 1300 1301 1302 1303 1304 1305 1306 -1 1307 -1 1308 -1 1309 -1 1310 1311 1312 -1 1313 -1 1314 -1 1315 -1 1316 -1 1317 -1 1318 1319 -1 1320 -1 1321 -1 1322 -1 1323 -1 1324 -1 1325 1326 -1 1327 -1 1328 1329 -1 1330 1331 -1
23905 10604 -1 10049 -1 86 420 -1 2074 -1
1774 933 2330 -1
4788 10 -1
2371 5221 -1
21779 2 5 14104 -1
7799 2 5 -1
1466 5 10 217 352 639 1523 -1 54 72 3885 -1 481 2195 3535 3886 -1 1997 3536 -1 3887 -1 315 677 869 3888 3889 -1
28 84 85 -1 86 -1 87 -1
4125 5 26 6628 -1
24919 5 -1
8523 9431 -1
418 147 -1
9887 1010 -1
21694 26 -1 0 -1
8801 293 -1
5749 45 378 -1
7129 2 5 551 977 -1
12477 6 76 878 -1
17875 0 10 217 -1 5 40 -1
4728 1578 -1 878 -1 2862 -1 2865 -1
5676 6359 -1
17000 5 -1 3456 -1 2 293 -1
10380 2 -1 2389 3192 -1 263 10263 -1
7554 10 26 5286 -1 0 5 -1 137 -1 44 -1 6 27 31 264 3192 8589 -1 36 204 -1 3163 -1 275 -1 6084 -1 1079 3667 5864 -1 2971 -1 401 8909 -1 5209 -1 896 -1 70 86 -1 437 567 998 999 3955 -1
2770 5503 -1
12737 277 736 -1
17093 439 -1 445 447 786 868 4580 -1 459 460 2818 -1
13853 84 85 -1 549 -1 2855 6424 -1 905 -1 422 -1 4596 5010 -1 4479 -1 865 -1 1482 2356 3819 -1 4583 -1 423 1076 3378 3834 -1 1000 -1 3820 -1 1140 -1 434 629 866 -1 435 -1 444 -1 452 -1 454 457 463 4009 -1 464 -1 787 -1 869 -1 2331 2332 3091 -1 3128 4980 -1 2065 -1 835 836 3956 -1 837 -1 143 244 467 2017 -1 468 1565 -1
3701 76 -1
12287 45 -1 10940 -1 1520 7915 -1
12423 10 -1 0 5 -1 774 2173 -1 10984 -1 1847 -1 5824 -1
3672 5 10 -1 1112 3499 -1
20173 0 10 338 -1 5 -1
21729 14094 -1
1271 669 -1
20422 2 5 26 48 54 743 1034 -1 2333 -1
4483 277 3552 -1
13187 5 -1
16459 2 -1
4768 10 3801 -1
22688 3 -1 5 -1
22051 2 -1
1511 2 -1
17473 2353 -1
11156 5163 -1
11253 137 -1 888 -1
19983 5 10 217 -1 509 992 -1 134 135 147 454 -1
6308 507 -1
2471 2 -1 63 -1
11453 5 10 3619 -1
9583 40 -1 219 539 -1 24 254 363 -1 2951 -1 2 -1 147 -1 1654 2825 -1
23394 6286 -1
18466 26 1488 -1 5 -1 2 -1 703 -1 6 -1 896 2866 -1 632 -1 498 -1
17354 3 293 -1
18113 3967 -1
711 76 -1 530 -1
24120 155 -1 157 -1 1130 -1 1018 7810 -1 139 1826 -1
2225 5 -1 377 -1
5033 7435 -1 2 54 72 -1
15925 434 -1
19416 3197 -1
1448 315 1011 -1
11857 54 -1
2792 1165 -1 695 -1 2438 3803 -1 696 783 1469 -1 2012 3321 5233 5536 -1 3122 3648 4647 5375 5537 -1 808 2191 -1 5538 -1 809 4806 -1 4807 -1 272 -1 5539 -1 5540 -1 1711 2357 -1 2053 3636 -1 2 5309 5541 -1 1558 -1 63 643 1035 -1 5542 -1 3884 5487 -1 669 847 1036 1670 2220 2360 2370 4601 4851 4951 -1 533 1613 -1 135 147 2253 -1
11303 2018 2325 3893 -1 10 150 816 1062 -1 217 656 2149 -1 39 -1 658 -1 5 664 -1 820 2206 -1 55 348 -1 861 3791 -1 3383 -1 1455 3384 4057 -1 252 -1 8177 -1 4443 -1 20 844 3336 -1 1680 5664 -1 3870 -1 1645 -1 603 1840 5652 -1 4705 -1 539 4707 -1 357 1120 1535 2028 -1 1681 -1 1685 3991 -1 254 746 -1 228 2034 -1 1692 -1 581 -1 763 -1 1514 -1 3483 -1 154 824 -1 257 367 740 1601 1806 2040 2951 -1 1862 1863 4511 -1 1708 -1 234 -1 1463 -1 235 3186 -1 236 825 1032 2270 5681 -1 1129 -1 369 1130 1606 -1 2272 -1 4734 -1 881 -1 2970 -1 518 2274 2275 3575 5687 -1 771 2276 2953 4738 -1 772 773 1465 2071 2123 3387 -1 2280 4741 -1 2974 -1 4767 -1 2104 -1 158 1653 2200 -1 1519 -1
12149 2 5 -1
8301 10 -1
15712 1940 -1 1558 -1
13595 11401 -1
20709 2 72 -1
14965 5 -1 2 991 -1
22625 264 -1 6 27 -1
1690 0 10 -1 5 -1 1145 -1 6 -1
1289 5 -1 295 818 3678 3679 3680 -1 253 360 -1 3681 -1 513 -1 1807 -1 45 89 503 515 520 701 2167 2212 3083 -1 2169 -1 1148 3487 -1 61 1036 2387 -1
6912 2104 -1 2 134 2046 8576 -1 3862 -1
9904 3893 -1 3 10 69 217 -1 5 -1
5141 2856 -1 210 -1 3150 -1 1774 -1 6912 -1 211 -1 6812 -1 86 1979 3101 -1 147 -1
10319 10241 -1
20803 493 2947 3144 -1 494 -1 495 573 -1
21352 4595 -1
5649 2 -1
416 147 1509 1510 1511 1512 -1
11068 4209 -1 2 -1
24160 5 214 -1
22174 157 493 2815 3954 -1
18686 2 13302 -1
15514 10 -1 602 639 -1 1568 1996 -1 0 -1 39 -1 5 -1 3383 -1 4057 -1 302 -1 76 82 736 1143 -1
19675 10 4314 -1 1996 -1 5 26 -1 2278 2820 -1 2 3803 -1 1068 9613 -1 666 831 1847 2888 -1
22866 14330 -1 2 -1
18307 3272 -1
6917 3296 4951 -1
16541 2 -1
14906 677 2196 -1
10331 3 -1
13203 3472 -1 2189 -1 1811 -1 688 1468 2397 -1 247 -1
19175 72 3536 -1
4303 6 -1 1049 -1 6645 -1 3350 -1 2299 6726 -1 896 -1 1139 -1 736 -1
12483 1528 -1 320 -1
8944 10 -1
24245 5 4525 -1
19778 10 534 -1 5 -1
1805 5 -1 137 -1 2 -1
1639 4067 -1
12503 54 2984 -1 2 -1
2525 503 -1
15917 2 -1
24246 14651 -1 2 -1
1569 147 3468 -1
13547 5 -1
15693 211 4414 -1
14945 5 -1
23473 1048 -1 264 -1
8978 2 5 5242 -1 6 481 -1
12123 2 -1
22191 14197 -1
7700 2231 -1 6085 -1
23650 1213 1304 1350 1361 1372 -1 1383 -1
12073 445 -1
4829 10 5612 -1 489 -1 0 217 -1 313 -1 5 254 295 900 4719 -1
21653 5 10 -1 1173 -1
1426 3833 -1 72 2107 3834 -1
12092 1816 -1
17906 270 13071 -1
6538 1554 -1
1183 2 5 445 -1
13992 217 1750 -1
7115 315 466 -1
23367 76 14456 -1
15109 2 718 -1
17078 217 -1
4819 0 5 10 -1
9593 2 3611 -1
12597 76 -1
12350 2 5 -1
15176 48 63 -1
6753 10 -1
19203 10 -1
24911 14789 -1
6512 6283 -1
3647 0 3 -1 5 -1 295 -1 1143 -1 229 2433 -1 503 1857 -1 4628 -1 3373 3787 6361 -1 130 -1
17705 583 7151 -1
23781 7262 -1
2199 5077 -1
11011 10 -1
16708 0 268 -1 11236 -1 54 2039 2048 -1
667 2 -1
10011 3 5 -1
15630 970 1940 5665 -1
7127 2009 -1 8689 -1 2 -1
10183 3457 -1 1463 -1
6821 10 -1 3 520 -1 8539 -1
9598 39 9959 -1
21582 2 -1
9175 9790 -1
22538 147 254 6051 -1
11686 2 5 -1
16649 0 2 5 -1 4980 -1
20093 8997 -1 870 -1
2485 468 3415 -1
13481 3101 -1
13105 48 -1
10864 48 76 10416 10417 -1 135 662 2188 -1 1100 -1
14458 135 -1
17873 5 -1 665 1143 -1 761 1043 1130 3336 7571 -1
16095 5 3792 6981 9916 -1
4683 336 -1 10 -1 657 -1 5 39 664 -1 1 -1 277 -1
24420 6159 -1
7798 5 -1 48 -1 1495 5343 -1 204 -1 3909 -1
12905 5 10 1811 -1
15666 5 -1 1 2 6 82 933 -1 84 -1
20262 2 13750 -1
1822 54 -1
24272 10 1619 3154 -1 0 5 39 217 902 3455 -1 45 147 358 578 -1
22609 5 -1 54 -1
16965 503 12812 -1
11041 2951 -1 135 -1
11856 2 5 314 -1
1570 76 134 -1
4664 54 -1 1671 -1 6951 -1
12295 451 -1
17876 9728 -1 48 7905 -1 584 -1
11496 507 -1 5102 -1 10 -1 5 217 1537 -1 295 -1 5043 5678 -1 513 1032 1033 1130 1606 5681 -1 1516 -1 1807 -1 514 -1 517 -1 2275 -1
4477 2 72 3490 -1
17415 5 -1
22199 63 -1 11258 -1
14128 2 -1
20414 1750 -1
16283 90 736 -1
17438 2 -1
9433 10 -1 217 -1 5 826 1750 9476 -1
6925 87 147 420 445 447 5577 5578 8584 -1 493 -1
19116 315 -1
20927 209 320 -1
16684 5 -1 589 -1
14597 2 -1 11728 -1 147 -1
13798 6346 -1 926 -1
19459 217 -1 5 -1 2 589 13533 -1
23752 26 -1
4107 5 -1 2 1103 6617 -1
20376 5 10 -1 2 -1
15722 0 54 -1
17635 10 798 -1
23153 1776 -1 26 -1 5 -1 14398 -1 2 7839 -1
13755 2 -1
4194 68 -1 5 234 1118 -1
9441 10 68 489 -1 26 -1 5 137 1769 -1 9899 -1 2 -1 63 277 1638 2330 6895 -1 6 204 590 1495 3904 -1 9900 -1 9901 -1 1506 3909 6250 -1 1050 6257 -1 1051 2810 -1 205 -1 1977 -1 210 -1 2312 -1 878 -1 86 211 5577 -1 87 5578 9902 -1
14347 369 4731 -1 881 1651 2271 2952 -1 771 1807 2276 2953 -1 1029 1465 -1 2280 -1 4651 -1 2281 -1 370 5108 -1 490 -1 775 2873 -1 1018 3978 -1 3472 -1 4751 -1 1652 2189 -1 693 2049 5535 -1 1146 -1 3223 -1 381 -1 272 783 7046 7273 -1 396 -1 100 108 851 1742 3612 4042 -1 3084 -1 63 -1 76 147 423 433 1140 -1 315 454 2825 -1
17496 3880 7901 -1
10778 135 661 -1
24041 1724 3819 -1
9797 0 5 -1 2 2209 -1
20450 331 -1 332 333 -1 337 338 2101 -1 150 -1 268 -1 10 986 -1 5 217 -1 302 945 5913 -1 19 5101 -1 3336 -1 844 -1 578 -1 258 824 2264 -1 1131 -1 89 780 2047 2131 4628 -1 2408 -1
3630 2 5 -1
6646 8475 -1
3247 5 137 217 313 -1 11 587 1143 -1 973 -1 1043 3430 -1 23 -1 147 -1
5823 2 -1
11493 10 217 -1 5 252 685 4499 4695 -1
2654 685 -1
10921 505 -1 0 5 -1 708 -1 1481 3234 3404 4592 -1
9424 293 -1
7130 10 -1 0 2 5 6597 -1 1528 -1
23053 14345 -1
24156 265 1655 -1 14174 -1 9706 9708 -1 2825 14630 -1 6215 7945 10204 -1 1009 5829 -1
23193 3 2307 -1 5 1143 -1 105 141 -1
14846 6745 -1
16040 495 -1
20024 5 -1 2 -1 76 -1 736 -1 147 -1
6558 6 84 3956 -1
5117 2 5 888 7483 -1
21419 1 2 -1
10193 5286 -1 10 -1
10706 2 5 10373 -1
14335 1137 6319 -1 6 -1 204 1957 -1 208 1959 1960 1977 4410 -1 210 -1
3731 2 1689 6413 -1
21367 5 -1
17968 5 10 -1
4236 5 10 544 -1 2131 -1 89 521 776 3717 -1 396 -1 100 -1 1659 -1 59 2058 -1 473 533 4067 6687 -1
16096 1100 -1
6967 2861 -1
9363 2 143 5375 -1
4213 6674 6675 6676 -1
24905 337 -1 10 -1
11765 2 3855 -1
842 10 -1 26 -1 0 -1 2 5 89 773 775 780 2957 2958 2959 -1 6 2960 2961 -1 605 2962 2963 -1
12797 0 5 -1
10046 2063 -1 666 797 3039 6403 10109 10110 -1 10111 -1
23442 63 147 -1
4863 5 90 -1
562 1523 -1 0 -1 2 5 -1
16081 5 -1
11048 5 -1
5542 147 445 -1
3202 2308 -1
3633 2 5 489 1148 -1
22351 6089 -1
7158 1 5 -1
2632 677 -1
18558 2 10 445 -1
22959 2 3 5 -1
12696 437 445 -1
23314 2 -1
15932 36 674 2823 -1 315 9832 -1
20815 5 217 -1
531 1791 -1
4738 17 -1
22789 10 -1 5 -1
15718 3 10 -1
24149 4255 -1
4874 2 5 76 302 567 658 664 7287 -1 315 437 677 -1 1012 -1 7288 -1 573 -1
688 1 1905 -1 1769 -1 302 -1 44 597 969 971 -1
21590 31 -1
369 2 1105 1106 -1 6 -1
18044 445 451 452 -1 454 -1 743 -1 7467 -1
21908 2 825 -1
4889 7293 -1
22219 5 -1 3090 -1
24353 889 -1
4146 137 -1
13562 26 -1 5 -1 2 27 -1
10869 10427 10428 -1
1199 76 -1
18652 501 -1 5 137 8248 -1 2 2135 -1 914 -1 13 864 1473 5633 7273 -1
20680 147 6687 -1 6590 -1 491 -1 493 -1
6286 1806 -1 231 929 2042 2266 -1 156 -1 366 4727 -1 1025 3139 -1 1604 2267 -1 1862 -1 1462 1863 1864 2268 3119 3511 -1 2269 -1
7422 10 82 3565 8830 -1
14017 357 -1 3668 -1
4716 0 5 -1 3369 -1 2 -1
171 5 -1 54 -1 2 -1
20525 2 13820 -1
8108 5 10 1912 -1 5109 -1
7621 3987 8949 -1 676 -1
15685 293 -1
11700 10 -1
5231 5 26 217 -1 90 -1 82 277 -1 6 27 933 2330 -1
310 982 -1
3561 1051 -1 6051 -1 2813 -1 6287 6288 -1 2815 2816 3288 4402 6289 6290 6291 6292 -1 6293 -1
1002 3260 -1
14797 2325 -1 5 11800 -1
385 5 892 -1
21608 10 -1 0 5 611 -1
16497 2 39 992 -1 135 -1
2024 5 -1
12262 5 313 -1 151 988 1678 -1 246 253 254 -1 362 -1 89 258 773 1599 -1 141 -1 42 536 -1 375 2885 -1 272 305 -1 2 -1 964 979 1478 4616 5020 -1
18869 3 -1
13598 26 -1 5 6 54 204 669 2807 -1
5890 539 1940 4718 -1
22985 63 147 472 -1
3811 1655 -1
2676 379 -1
16772 2231 -1
7636 24 363 1691 1805 1823 4726 8955 -1
23021 6 204 1638 2330 -1 5989 -1 1957 -1 1958 -1 1959 5079 -1 2396 2809 6284 -1
1993 311 -1
23137 2171 -1
5619 6071 -1
1186 10 -1 3557 -1 639 3558 -1 5 1568 -1 432 -1
20367 10 -1 2 3 5 154 291 315 -1
21302 2 147 272 952 -1 586 -1 14002 14003 -1
12340 5 -1
1260 443 -1 498 743 835 3653 -1
17740 10 -1
20467 0 5 10 2341 5240 13804 -1 214 -1 1596 -1 89 -1 44 520 522 587 597 1144 1828 -1 11 247 973 1608 2885 -1 2 -1 264 729 1047 1048 -1 4235 6416 -1 6 204 4073 5379 8864 9766 -1 9767 -1 7856 9768 -1 661 1959 2808 4394 -1
16209 3 5 10 152 12587 -1
3540 68 -1 10 2108 -1 0 5 -1 138 -1
17488 70 5407 -1 998 6993 -1
22840 1567 -1 45 363 2284 3637 14327 -1
11828 10771 -1
18089 370 826 1809 -1 89 139 1131 -1 1755 -1 43 261 828 4676 -1 3140 -1 1470 3321 -1 1847 -1 831 -1 10786 -1 713 -1 530 629 -1 786 4877 -1 572 -1 4472 -1 2144 -1 2017 -1 1484 1565 3415 4613 -1
9939 3 -1
2296 5160 -1
22091 39 659 660 1142 -1 5 272 664 -1 2 6 -1 10942 -1 147 315 572 2195 -1 6696 -1
17645 8633 -1 4099 -1 426 -1 6761 -1 445 446 6762 -1 3980 -1
23759 2 14527 -1
3263 507 -1 10 -1 0 -1 5 55 217 -1 8 40 -1 353 -1 4695 -1
8085 5 -1
16770 5 -1
10699 0 -1
13786 401 896 -1
1022 5 1856 3312 -1
22751 472 -1 315 -1
6356 3559 -1 10 329 505 -1 0 -1 5 39 160 217 4014 -1 137 1143 -1 686 -1
19031 293 1799 -1
22965 0 -1 2 -1
3756 90 914 -1
5307 5 -1
21369 1451 3155 -1 0 10 268 553 3467 -1 1 5 -1 752 860 1915 14019 -1 614 1167 2025 3679 5104 -1 1836 6410 -1 5417 -1 353 685 4499 -1 2441 -1 219 2258 2259 -1 1105 -1 1109 4700 -1 356 -1 844 5662 -1 578 761 3883 4714 -1 360 8527 -1 1513 2262 3365 4722 -1 2034 -1 4726 -1 1692 1805 -1 823 3516 -1 229 5624 -1 824 1856 2038 13728 -1 230 1128 2044 3142 4059 -1 232 -1 2951 -1 234 2268 -1 5369 -1 5681 -1 1033 -1 1129 -1
11000 5 -1 1 44 819 1144 1828 4758 -1 11 3436 -1 973 -1 1829 5329 -1 2 48 4566 -1
20526 5 -1 1799 13821 -1
22081 371 683 -1 3231 -1 6 -1 275 -1 1079 -1 401 3667 -1 896 -1
1412 76 -1
21836 3051 4661 -1
8822 472 -1
14868 639 4142 6572 -1 4870 -1 0 5 4502 -1 3196 -1 2037 -1
19504 9059 -1
6940 5 293 992 7753 -1 2 23 1013 -1
17514 10 334 2152 -1 5 -1 55 597 937 -1 1148 2172 5633 9208 -1 3984 5970 -1 583 -1 3757 -1 1587 -1
23941 6 1497 -1 204 -1
4692 6960 -1 2 6 -1
16698 884 -1
23042 2 5 -1
67 292 -1 5 -1
14326 2 -1
19854 677 -1
11131 1802 -1 1753 -1 810 1837 3196 -1 814 -1
16895 2 -1 1638 2330 -1 6 27 31 -1 36 204 437 493 2848 -1
1193 3587 -1 5 -1
19032 5 10 -1 302 -1 7476 -1
13772 2 241 634 -1
4381 0 5 -1
24580 2 1800 -1
3406 24 1692 -1 257 519 -1 520 -1 521 -1 1653 2402 -1 147 1519 1724 -1
24926 153 10979 -1
15529 369 -1 881 -1 140 371 -1 42 1043 3517 -1 239 -1 688 -1 45 -1 378 -1 13 272 2284 12061 -1 96 -1 130 396 5384 -1 63 131 3277 -1 204 672 3924 -1 673 3207 3209 -1 86 -1
19480 26 -1 0 -1
11791 5 10 137 9261 -1
23638 2 277 -1
23800 2414 -1
14097 2 -1
8405 5 26 1179 -1 2 -1
9435 1089 -1 1090 -1 1091 1092 -1 210 1093 1094 1095 -1
12156 3369 -1 2 -1 92 -1 13 -1 96 -1 97 -1 396 -1 1715 -1 105 5385 -1 107 1742 -1 108 109 110 -1 112 113 1853 -1
6836 2 6 82 277 306 2394 -1 5928 -1
20113 1 5 5929 -1
9570 661 -1 135 -1
6692 889 -1
20982 2 -1
16031 672 1773 -1 10703 -1
2695 217 -1 5 1488 3384 3681 -1 254 -1 154 824 -1 90 5440 5441 -1
1170 2984 -1 2 -1
23250 55 -1 88 -1 89 232 233 363 705 937 5057 7059 -1 2056 -1 6333 -1 4064 -1
3489 1870 -1 10 -1 4646 -1 4584 -1 3587 6211 -1 1568 1641 6212 -1 0 -1 5 217 -1 943 -1 295 -1 990 1457 -1
15967 72 -1
23761 0 2 -1
14671 2 -1
8188 2 63 244 860 -1
7514 72 -1
2893 54 3619 -1
22067 1 10 -1
14388 5 10 -1 666 1043 -1
804 2242 2867 -1
13940 137 -1
21599 2 10354 -1
3942 10 72 -1
23603 469 -1 2250 -1
15189 63 3530 5111 -1 134 -1
3589 1873 -1 1802 1874 4152 4153 -1 4162 -1 858 1880 1881 2208 -1 1895 -1
17203 828 -1
3951 451 3377 -1
6650 5 569 -1
19292 1495 -1
13212 2 -1
18406 3408 -1 915 2302 -1
7437 6 -1
23591 3504 5580 14497 -1
23563 3955 7538 -1 147 -1
9788 6138 -1 2 2264 -1
11407 2 2080 6897 -1
21953 5 615 -1 2 -1
13217 10 -1
20288 90 -1 3523 -1
24671 4778 -1 134 -1 147 562 -1 447 452 -1 3128 4027 6164 -1 6014 -1 1655 3959 6166 -1
12368 2918 4989 -1
17550 2 1463 1863 -1 6 204 -1
10907 5 10440 -1 360 -1
8480 669 -1
24689 2415 5970 -1 63 -1
1428 10 -1 5 -1
21111 2 5 82 277 -1 6 -1 896 -1 86 4237 5642 -1
18955 0 2 5 5480 -1
12190 86 -1
17762 217 -1
5875 2 -1
13924 0 -1
12320 5 26 -1 363 -1 2 48 277 2225 -1 3277 -1 204 1574 -1 6159 -1
3861 5 10 -1 1017 -1 54 157 1599 3509 -1 42 1029 2820 2951 -1 43 44 597 1024 -1 522 1829 3437 -1 48 433 2978 -1 72 876 -1
4144 6 84 203 3350 6644 6645 -1 6646 -1 894 -1 85 896 -1
4750 10 -1 0 5 151 -1 302 3777 5382 -1 148 3123 5965 6139 -1 5967 -1 1478 6178 -1 716 6156 6985 -1 6986 -1 63 76 422 643 6987 -1 4091 -1 884 4583 -1 6988 -1
6717 583 -1 2983 -1
3793 2 24 369 -1
1225 2 293 -1
11732 293 503 3804 7825 -1 4623 -1 6265 -1
9884 0 26 -1
3179 5966 -1 61 715 5967 5968 5969 -1 963 4326 5970 -1
14269 2 -1
12347 26 -1
7109 10 -1 5 -1 2 -1 315 -1
8620 205 992 -1
21326 11534 -1
20990 2 -1
6556 0 -1
21966 915 -1 243 2144 3959 10088 -1
4045 0 -1 217 -1
21838 10 26 -1 217 -1 5 -1 5431 -1 229 -1 2049 -1 2 11499 -1 710 -1 5743 -1 60 -1
15411 2 -1
7865 2818 -1
13259 452 872 -1 676 -1 4509 -1 315 2306 -1
19443 0 -1
11300 3 5 -1
16631 2 12717 -1
21210 10 -1 0 5 -1 154 -1
12973 2 -1 5083 -1
7327 2142 -1
6852 686 -1
1047 289 427 736 866 3044 -1 447 -1
3719 6408 -1
3946 1 3231 -1
4690 926 4668 -1
4108 268 -1
11387 0 -1
15985 5 -1
20968 0 921 -1 5 -1 293 -1
17800 26 -1 5 4158 -1 841 -1 2 792 -1
2175 85 2857 -1 1578 -1 1139 1774 -1 320 419 2866 4237 -1 422 -1 884 -1 147 530 3236 5059 -1 1724 -1 434 -1 437 2303 5060 5061 5062 -1
19949 81 3355 -1
23928 2 -1
7992 5 82 277 -1 6 84 -1 85 878 -1 9097 -1
12877 630 1544 4006 -1 2 253 354 685 1647 2191 -1 2181 5388 -1 3529 -1 134 1057 -1 76 -1 1075 -1 4596 -1 4097 -1 3833 11162 -1 940 1482 3568 4092 -1 530 -1 289 -1 736 -1 3378 -1 737 -1 311 533 1031 1076 1613 -1
2484 137 -1 2 -1
7690 915 -1
2620 328 330 333 337 -1 338 -1 10 -1 5 -1
4769 133 6997 -1
7994 566 2309 -1 76 -1 147 -1
12957 2 2879 -1 6 1741 -1 6131 -1 11174 -1
5360 0 -1
16428 69 3619 -1
20535 8004 -1 86 12663 -1 1821 1867 2230 2865 8844 13830 -1
1228 277 -1
2854 1099 -1 5635 -1
13764 5 -1
19576 1 -1 2856 -1
21182 1577 -1
20914 2 -1
22626 4807 -1
4174 5 147 -1
511 1764 -1
14666 5 -1
12765 11134 -1
22122 54 5564 -1
15512 5 -1
4297 6725 -1
12835 1143 -1 2 76 929 -1
13160 3234 -1 3123 -1 8386 -1 11233 -1 964 2411 3582 4616 -1 63 -1 1832 5975 -1 3404 -1 6 -1 70 9681 -1 134 2100 -1 422 998 -1 76 2356 -1 530 -1 3236 3834 -1 147 -1 445 -1 3410 4665 -1 463 6091 -1 2250 -1 3414 -1 791 -1
22801 1779 -1 54 258 881 1112 1130 1806 -1
21802 495 -1
5945 320 -1 76 -1
1204 5 -1
6633 8 302 -1 89 649 1755 2953 -1
6755 445 2989 -1 447 449 6883 -1
13834 792 1817 2955 -1
8264 315 -1
8249 2 -1
10690 214 3980 -1
11323 1592 -1
3745 0 5 293 -1
10554 6 1528 -1
7674 7843 -1
20701 2 -1
15096 54 3208 -1
1132 3140 -1 695 1476 1713 -1 1477 3492 -1 2825 -1
19193 6127 -1
11544 10 -1 2 5 3224 -1
15224 5 11936 -1
7235 2 -1 8747 -1
7875 0 -1
4860 5 -1 6313 -1 2 -1
13436 5 -1
23084 483 -1
11196 2 5 1750 -1
3403 147 -1 915 -1
24073 355 686 -1 45 -1
16587 137 214 -1
20773 268 -1 0 4034 -1 89 -1
7014 262 -1
8139 4094 -1
23717 1036 -1
13338 2085 -1 39 4014 -1 1 5 214 302 5374 -1 24 82 158 -1 2 -1 63 135 147 204 421 6397 -1 676 -1
19958 736 -1
22150 10 -1 3 -1 1636 -1 5 -1 2 -1
998 5 10 3256 -1
6494 8405 -1
1216 24 -1
4552 1139 6835 6836 -1
17783 135 -1
17335 7490 -1
20821 5 -1 2 -1 669 -1
13984 147 -1 491 -1
3338 5 1750 -1
16357 481 491 -1 493 3254 -1 1997 -1
16141 5 -1 2 -1 147 -1
11045 71 -1 0 10479 -1
6941 44 58 -1 522 2885 5354 -1 11 973 3436 -1 5050 -1 1043 -1 937 3321 -1
18125 5 915 -1
13916 54 -1
21592 5910 -1
20832 2 645 -1
4655 5 -1
10125 0 -1 2 -1
1912 515 -1 883 1029 2820 3735 4561 -1 1018 1131 -1 89 519 520 -1 11 536 3120 4562 -1 4563 -1 4564 -1 671 3321 4565 -1 2 -1 2978 4566 -1 600 -1 6 -1 530 -1 135 147 1140 3339 -1 433 586 -1 915 2303 -1 4567 -1 493 -1 3129 -1 3461 -1 315 -1 4568 -1
5620 10 -1 0 5 -1 293 -1
7784 292 -1
20484 216 -1
12690 563 677 -1
18829 6050 -1
5493 826 4755 -1 2 13 70 -1
5537 269 -1 2 5 -1
1220 3609 -1
19321 2 -1
7959 86 210 3422 -1
12151 0 -1
4797 6162 -1 134 379 1076 2060 3665 5309 -1 460 -1
16337 3054 -1
569 5 352 1859 -1
1122 2284 -1
14027 0 5 10 217 268 302 986 1455 -1 254 -1 363 -1 24 -1 997 2950 -1
22627 761 -1
2540 442 1483 -1 491 -1 837 -1
1165 0 5 3540 -1 40 45 1908 3541 3542 -1
23135 204 -1 147 1502 1506 7351 -1
7484 2 5 -1
13041 5 2303 -1
4640 1163 -1
10521 701 3231 4767 -1 396 -1 101 1070 -1 711 1035 1072 2408 7543 -1 1480 -1 6 -1 48 -1 3637 4596 -1 865 -1 2063 5271 -1 1076 4583 7843 -1 423 -1 147 -1 291 3973 5114 8925 -1 785 -1 1729 -1 466 -1 5062 -1 1006 2066 -1 3537 -1 2183 5942 -1 1655 -1 265 -1 9459 -1 6463 -1
3940 3337 6500 -1
20151 13714 -1
23681 483 -1
10442 503 -1 135 661 -1
8824 42 -1 4615 9634 -1 524 -1 525 1517 -1 526 -1
24184 5 10 -1 90 -1 2 -1
19567 289 -1
22048 2 -1
3598 2 5 -1
13808 992 -1
21088 2 -1
20061 5 10 150 2019 -1 356 -1 844 -1 2 447 1535 2183 3812 4867 -1
6103 2 5 2021 -1
23642 5 -1 54 302 -1
17787 76 434 -1 498 -1
22617 6 -1 1049 -1
4099 3 10 -1 0 5 -1 1 2 89 -1
24596 490 -1
22971 68 -1 0 10 -1 5 377 -1 2 -1 13 242 495 4623 7084 8360 -1
4404 13 63 204 1959 -1 76 -1 533 5243 -1
15252 2 -1
4075 10 -1 1 5 3763 4144 -1 817 1809 -1 96 627 1068 -1 63 3401 4778 6597 -1 868 3296 6598 -1
16066 5 578 4642 -1 8225 -1
19214 0 5 10 -1 137 -1 13482 -1 2 1051 13483 -1
21294 7784 -1 7785 -1
6761 5 -1
16053 89 490 520 1862 -1 521 -1 305 780 -1 3321 3800 -1 134 -1 1140 2356 -1
12180 2 4226 10898 -1
23057 511 3501 -1
464 147 491 -1
7177 5 1030 2008 -1
158 612 -1
23050 915 -1
10070 661 -1
7077 589 -1
593 827 -1 971 1989 -1
16923 1595 -1 5 -1 2 -1 6 8935 -1
3063 2 72 -1
1218 0 -1
986 2 3250 -1
10150 6883 -1
21964 5 10 -1
16193 6 6869 -1 1139 -1
20712 6975 6976 -1 5564 12946 -1
11687 2 -1
2846 5 -1 54 -1
8877 5 -1
21890 2 -1
3273 572 2195 -1
1610 0 5 10 217 507 -1 540 881 2362 3223 -1 4029 -1 4030 -1 1665 -1 832 -1 4031 -1 3378 -1 147 439 -1
19107 505 -1 6891 -1
20884 0 5 -1
9844 10 -1 5 10025 -1 54 -1
16268 68 -1 10 26 267 986 3443 -1 0 217 313 -1
14838 450 -1
21017 137 -1
18067 5 -1
4466 277 -1
2913 10 26 -1 5 3384 -1 1167 -1
24060 2 5 353 1100 -1
11217 861 -1 2 -1
14915 2 5 -1
10359 2 1132 -1 147 -1
6680 5 -1 2 6 82 -1 84 915 -1
12540 5 214 217 313 489 991 -1 6578 -1 2 -1
14156 76 147 -1
8884 10 -1 5 24 217 258 -1 240 -1 2 -1
2001 2 4669 4670 -1
2247 2 5 -1
23330 76 -1
17036 5 10 214 -1
4456 890 -1 2860 -1
21148 3046 -1
8674 2 7165 -1
14238 268 11605 -1
3817 204 -1
24809 5 39 250 14774 -1 9844 -1
19774 272 -1
18228 469 -1
16302 5 2375 -1
20694 254 362 1127 13728 -1 1856 2052 5187 -1
5530 360 -1
24728 3 -1 5 -1
22317 63 736 -1 135 -1
5266 2 -1
21012 13933 -1
9051 676 9703 -1 4917 9542 -1 9704 -1 4918 5115 -1 4919 -1 3130 -1 4920 -1 4921 4922 4923 -1 3416 4924 -1 225 4858 4925 -1 1486 -1
17506 54 -1
24855 76 320 -1
5370 1749 -1 4673 -1
23346 1751 -1
3400 5 10 -1 1602 -1 89 137 746 1469 1558 3384 6171 6172 -1 851 4773 -1 2058 -1
7042 5 54 -1 227 -1
17894 689 696 10907 -1
7908 4509 -1
9037 2 -1
3027 0 2 5 -1
21660 44 -1
23207 0 5 72 363 616 -1
12291 736 -1
20181 98 -1
14615 2 76 377 563 6748 -1
15654 63 147 -1
18991 505 -1 10 -1 0 5 26 1740 -1 152 1643 3196 -1 153 -1
17357 2 72 12927 -1
23861 509 606 3002 -1
6010 3 5 -1 8192 -1 8193 -1
10872 145 -1
5683 6914 -1 211 -1
7324 915 -1
7719 10 3361 -1
13640 637 -1 5 11438 -1
306 63 -1 135 965 966 -1
14488 1580 -1
13591 54 -1
5354 2 445 -1
12072 2 2443 10869 10870 -1
20431 933 -1
11936 5848 -1
10752 10 -1
12460 11001 -1
2098 89 520 1024 1857 2402 -1 671 2282 -1
1705 315 -1
4249 10 -1 5 -1 2 -1
20231 554 -1 219 229 519 520 1131 -1
20517 6 -1 204 -1 1959 -1
11986 147 -1
24108 10 -1 26 -1 5 -1 6233 -1 6 896 -1
22694 10133 -1
5214 0 5 7532 -1 2 6076 -1
3105 865 -1 1076 4096 4331 -1 147 -1
8462 63 9304 -1
4069 5 -1 3448 -1
11263 677 -1
19423 5 10 986 -1 696 12752 -1 147 13527 -1
20134 10 -1 0 5 54 -1 137 -1 2 -1
1021 5 3311 -1 70 76 -1
2896 2 -1 135 3485 -1
8865 5 611 -1 1 -1
6976 2242 -1 76 147 320 3019 -1 315 -1
10327 63 -1
7634 1523 -1 0 5 10 313 505 -1 82 -1 2 -1 2092 -1 737 2061 -1
9859 71 2894 -1 10027 -1 2 10028 -1
5944 736 7313 -1
23461 54 -1 2 9591 -1
13651 5 10 -1 945 -1 2 -1
11055 76 -1
17053 998 -1 76 -1
16817 1024 3606 -1 828 -1 2 -1 6 736 -1
21906 1 -1
17988 515 3186 -1 771 -1 773 1029 -1 774 4673 -1 140 775 777 1131 1809 2975 4744 5693 -1 6468 -1 2052 2958 -1 1711 -1
15259 497 3586 -1
13695 135 -1 674 -1
7721 848 -1
17780 1100 -1 147 -1
16261 2 2013 -1
3716 0 5 63 -1
23127 1130 -1
11964 473 -1
22954 1812 -1
24407 2 5 -1
22534 234 -1 1033 -1 519 1131 1467 3083 -1 89 520 521 536 587 793 1920 3120 -1 158 378 381 10908 -1 1711 2052 12990 -1 14275 -1 2053 9173 -1 14276 -1 8429 -1 9629 -1 82 -1 2 933 4320 -1 6951 -1 4389 -1 3296 -1 884 -1 437 572 866 915 4599 4877 -1 3353 -1 5128 -1 226 -1
19674 445 -1
12481 2225 -1
19743 490 2873 -1 89 1018 -1 556 -1
19324 896 1774 3208 3209 -1 86 -1 147 437 572 915 -1 315 2066 -1
2362 2953 -1
8813 2 6 367 -1
6707 380 3657 3803 -1
20301 45 355 378 -1
7425 8832 -1 2862 8833 -1 8834 -1
2015 99 671 4769 -1 714 1035 -1 3123 -1 61 2978 4324 4770 4771 4772 4773 4774 -1 814 2878 -1 4775 -1 3401 4776 -1 1480 -1 718 -1 4067 -1 4777 -1 87 1481 4778 -1 423 530 3378 -1 661 -1 135 147 291 433 4779 -1 1834 -1 4780 -1 464 469 4781 -1 2066 -1
24501 1017 -1
16729 2 -1
10748 10 -1 26 -1 5 -1 2 -1 10386 -1
7062 204 441 445 451 452 461 672 673 3330 -1
15835 2 -1
20576 8935 -1
11393 5 -1
3555 669 833 3296 6278 -1
10970 4 -1 5 -1
5400 7741 -1
19145 776 -1 141 -1 2 277 8236 -1 6 1050 1051 -1 5141 -1 896 -1 86 147 884 4340 -1
4914 879 -1
15204 352 519 -1 3122 -1
11733 10 -1
16349 5733 -1
10829 0 5 -1
3803 5 10 6441 -1
18926 422 -1 493 666 -1
8448 1608 -1 712 -1 147 8381 -1
17579 3 5 10 -1
6146 6791 -1 998 -1
7975 76 -1
4535 5 -1
14816 54 -1 11803 -1
24852 10 -1 0 26 -1 5 141 1755 -1 63 -1
9847 868 -1
16065 896 2400 -1
3028 647 -1
16336 454 586 -1
17118 8225 10010 -1
12574 515 2438 3735 -1
8552 832 5139 8763 -1 1035 1475 3123 3696 -1 61 715 2411 5966 -1 1476 -1 651 1477 -1 962 2415 2416 -1 2059 4773 5310 9099 -1 2060 3086 -1 63 -1 9454 -1 9455 -1 5706 8389 9456 -1 22 718 719 2061 6070 8782 -1 3652 -1 720 721 3757 -1 722 7172 -1 1670 2388 -1 723 -1 2370 -1 551 6458 -1 724 725 726 -1 4777 -1 728 3814 -1 669 -1 7232 9253 -1 134 423 2107 3753 -1 1031 -1 1000 -1 135 147 433 661 1100 3237 -1 434 435 -1 440 443 447 -1 448 -1 452 454 460 461 785 786 868 3238 3322 5714 9457 -1 463 -1 464 787 3091 -1 5062 -1 2065 3956 -1 836 -1 837 9458 -1 1815 3960 -1
19713 5669 -1
5230 24 1684 -1 1599 -1 157 -1 2 -1
8256 86 2860 4536 8558 -1 87 -1 9314 -1 5364 -1
10490 10308 -1
15892 1816 -1
2003 134 -1 865 -1 135 661 1100 -1 441 448 464 -1 3956 -1 468 4679 -1
9453 5 647 -1
16109 302 -1 2830 -1 2838 -1 54 214 3496 12562 -1 1643 4441 -1 511 -1 232 -1 771 -1 520 775 2082 -1 240 2402 -1
14393 11671 -1 86 210 896 -1 5978 -1
14428 147 -1
24660 5 11324 -1
24721 5 736 10860 -1
17556 2 -1
23633 0 2 -1
23798 0 2 -1
20730 868 -1
7445 584 -1
9985 2 5 54 -1
10059 1774 -1 878 1139 -1 437 530 2865 -1
19993 5 -1 10053 -1 7289 -1 13554 -1 4233 -1
11705 2 293 10738 -1
19317 2 9055 13504 -1
5090 2 -1
12779 0 6 -1
19863 5 10 4805 -1 520 5048 -1
24993 666 933 -1 481 491 674 5999 -1 493 2332 3254 3887 -1 2017 3092 3668 -1
11036 2154 -1
484 236 1651 -1 89 776 -1 140 -1
7334 217 3763 -1 1120 -1
13600 11402 -1 2 -1
9987 2 -1
14276 70 -1
8829 0 -1
14867 729 -1
5309 138 554 -1 295 -1 3691 3692 -1 1753 3514 -1 154 236 258 773 774 1643 6332 -1 237 490 826 1024 1857 -1 688 -1
16750 2 -1
3175 555 -1 544 -1
17789 0 2 -1
18823 360 6201 -1
24392 51 -1 800 -1
5052 86 87 211 5346 5348 7445 7446 -1
16272 85 -1
14918 268 -1
6226 5531 -1
13921 377 -1
20318 915 13762 -1
10828 992 -1
8450 0 -1 5 217 -1 137 -1 6 82 204 -1
23911 10 -1 3 5 -1
8446 885 -1
11888 10807 -1
8199 1526 -1
17310 12913 -1
622 76 134 -1
9789 2 6 4775 -1
1076 296 547 -1 1143 -1 490 -1 1809 -1 139 3435 -1 89 259 280 -1 1024 -1
15242 2123 -1 272 2447 -1 130 1717 11941 -1 420 884 3819 -1
23564 3 -1 2 -1
11001 4314 -1
15208 5 -1 1 139 253 346 360 578 -1 44 141 -1 1144 -1 45 -1 2 378 -1 2057 -1 8819 -1 76 -1 289 -1
19234 2066 2250 -1
4034 2 293 6571 -1
195 5 10 55 -1 44 522 667 -1 668 -1 63 669 670 -1
20889 2 -1
10941 5 -1 302 1920 4763 5053 6627 -1
7610 5 927 -1
21914 1778 -1
16692 11062 -1
10102 2230 -1 1867 -1 320 1528 2867 6749 -1
6982 10 -1
21282 9830 -1
7216 289 434 -1
3145 5 6 293 -1
13350 2 -1 7119 -1 398 -1
4919 2 -1
5199 0 5 -1 7525 -1
7005 10 -1 5 -1 2 -1 736 -1
19049 1610 6366 -1
12055 5 10 302 -1 540 -1 4714 -1 1940 4067 4715 -1
11572 929 1604 10647 -1
7245 147 -1
17080 869 -1
4991 291 433 497 792 -1
15439 277 -1 6 562 2846 -1 135 -1 434 1037 1484 3630 -1
16215 2 -1
21730 685 -1 14095 -1
2674 445 -1
3194 2 -1
17572 5 -1 343 -1
24622 2 5 -1
17953 0 54 437 -1
16223 360 3116 4102 -1 82 -1
8180 9188 -1
17639 566 567 -1
2931 3823 -1 315 -1
8516 2 10 5404 -1
12308 1558 -1 6 3084 5386 -1
9550 5 217 302 1077 -1
18933 2825 -1
1810 489 -1 2 986 -1 408 -1 72 -1
14350 0 3968 -1 5 -1
22963 135 661 1100 -1
8573 489 -1 5 -1
18482 5 -1
4044 2 -1
23674 6975 -1
6573 1513 -1 254 -1 89 1755 2071 -1 521 -1
10668 5 2162 10357 -1
11327 147 726 1070 -1
21137 6550 -1
15319 1140 -1
4598 204 1955 -1 315 -1
21517 2 5 -1 8088 -1
10440 10 -1 5 26 798 -1
23194 2246 -1
410 2 293 1489 -1
8756 72 -1
12931 5 24 76 147 1516 2167 4438 -1 447 -1 448 -1
12419 2 10983 -1
10291 4 82 -1
776 6 -1 84 -1 85 -1
16301 3350 6087 6125 11330 12627 -1 12628 -1 3341 8718 8719 -1
2368 5 135 661 5218 5219 5220 -1
529 1783 -1
11267 6285 -1
4951 7368 -1 86 -1 4237 -1
23788 396 -1 107 -1 109 2933 2937 7132 -1 125 -1 14530 -1
5630 0 5657 -1 147 -1
14146 2 11576 -1
23439 992 -1
5799 3 5 10 337 338 3716 -1 356 900 -1 368 503 5831 -1 1747 -1
2420 2 5 -1
22178 14194 -1
4151 6651 -1
16598 5 10 -1 8726 -1
4975 5180 -1 2 320 -1
4844 10 -1 5 -1
11877 63 1744 -1
12583 2 -1
20854 6 -1
24376 2 371 -1
7553 2 -1
23131 746 -1 1689 -1 24 228 -1 154 -1 511 -1 233 234 1809 -1 520 776 1018 -1 780 -1
19124 722 725 2388 2945 3403 3812 4067 5605 7170 7171 -1
19148 76 -1
19479 13538 -1
22277 1523 -1 5 10 -1 2 -1
19481 5 -1 2 137 677 869 1643 -1
13551 147 -1 3723 -1 291 434 437 6343 -1 457 -1 464 -1
15561 12266 12267 -1 12268 -1 12269 12270 12271 12272 -1 12273 12274 12275 -1 12276 -1 12277 12278 -1 12279 -1 12280 -1 12281 12282 -1 12283 -1 12284 -1 476 5676 6444 12285 12286 12287 12288 12289 12290 12291 12292 12293 12294 12295 12296 -1 513 -1 2270 3735 8095 -1 3390 4760 11561 -1 240 -1 260 3393 -1 2009 -1 1920 5697 6627 -1 12297 -1 12298 -1 12299 -1 12300 12301 12302 12303 -1 12304 12305 12306 -1 12307 12308 -1 12309 12310 12311 12312 -1 12313 -1 12314 -1 12315 -1 12316 12317 -1
1388 5 1104 -1
24859 26 -1 0 -1 5 -1 3333 -1 6 277 -1 3507 -1
489 2 -1
17303 9258 -1 666 -1
16405 2 -1
17578 423 451 -1
11590 2 135 -1
24782 2 5 -1
3185 5986 -1
4803 1 2 5 -1
9009 2 17 1024 -1
3571 926 -1
18176 147 3197 -1 244 448 1655 3415 -1
1832 4470 4471 -1 92 97 627 2169 -1 98 100 101 1715 -1
6041 7950 -1
2358 2 -1
3786 63 -1
4958 2 10 26 -1
2894 10 985 -1 1849 -1 986 -1 0 -1 5 217 313 -1 989 1455 -1 5523 -1 5246 -1 1143 2161 2257 3196 -1 1119 -1 257 511 824 1604 -1 1462 4733 -1 781 -1 259 -1 4000 -1 375 1810 -1 305 -1 306 377 -1 378 5726 -1 2 702 5727 5728 -1 1020 5729 -1 3311 5730 5731 -1 708 2297 3806 -1 3234 -1 109 -1 1070 -1 5732 -1 5733 -1 5734 -1 5735 5736 -1 2407 -1 2014 5737 5738 5739 5740 -1 5741 -1 961 5742 5743 5744 -1 60 -1 2410 -1 715 1663 1664 1666 3489 -1 61 5745 -1 5746 -1 651 962 3398 -1 3399 5747 -1 3984 -1 652 963 964 5748 5749 -1 4323 -1 5750 -1 4771 -1 583 2365 2416 4324 4772 5751 -1 2092 3698 -1 643 -1 63 3884 5752 -1 723 5753 -1
2960 885 -1
24215 6 277 14646 -1
5958 3 634 -1
17629 147 -1
1013 2 422 782 2180 3303 3304 -1
20563 776 -1
12855 5 688 -1
2936 5 -1
17837 12065 13057 -1
6987 3884 -1
419 1522 -1 2 -1
24587 31 896 2816 2854 -1 2147 3149 9303 9993 -1 210 1977 -1 3126 -1
15533 10 -1 5 12063 -1 76 -1
20807 0 -1 54 3937 13887 -1 2 277 -1
1040 6 -1
15924 2989 -1 12505 -1
19008 2 -1
4352 5 10 642 -1
2055 0 292 -1
10205 2 -1
1421 5 3180 -1 1679 -1 2 -1 6 135 661 1100 -1
15025 2 -1
17337 583 12042 -1
12608 0 5 1769 -1
11677 0 10 489 1198 -1
6376 2 82 -1 572 -1
2839 134 1867 5580 -1 3102 -1 871 -1
1762 2 -1
17399 209 7593 12937 -1
8898 26 -1
20446 6 -1 315 -1
14894 831 3633 -1
9459 63 -1
22962 5412 -1
8662 5 10 217 1643 -1
19199 1957 1959 3328 -1 3907 4018 -1 11681 -1 4503 -1 10981 12628 -1 3341 11146 -1 896 2299 5237 10040 11164 -1 1067 4482 -1
15776 2 137 -1
11592 63 -1 1671 -1 669 2421 5422 5707 -1 5423 5425 -1 5976 -1 4822 -1 10670 -1 134 -1 884 -1 6343 -1 445 -1 469 1739 -1 4507 -1
20699 3287 4414 13861 13862 -1 86 147 211 -1
14345 0 10 -1
8412 1806 -1
22699 137 -1
9101 2888 -1
12733 489 -1
20906 76 -1
2637 735 -1
10146 5 -1
12053 48 -1
6285 5 90 217 -1 2 -1
12515 11017 -1
5654 2 -1
18277 82 -1 3206 -1 2519 2557 -1 2558 -1 184 -1 283 2349 6638 6639 -1 6640 -1 6496 -1 13194 -1 6643 -1 284 -1 285 8770 13195 -1 203 286 13196 -1 6 277 -1
12550 10 -1 0 -1 5 -1 214 -1 377 -1 736 -1
10946 2 -1
11178 10255 -1 82 -1 6 320 1139 -1
21898 335 -1 336 -1 337 -1 10 338 -1 0 5 217 604 986 1911 2175 -1 253 614 900 1980 2957 -1 649 2129 -1 780 -1 781 -1 969 -1 259 -1 280 -1 597 -1 44 -1 587 973 9634 -1 305 4760 7395 -1 282 2213 -1 1844 2249 -1 3230 -1 2 272 7827 -1 421 422 1481 -1 147 -1 666 12697 -1 427 428 -1 437 445 447 -1 456 1927 4637 -1 9149 -1 1013 -1
18005 13110 13111 13112 -1 11731 -1 8314 13113 -1 13114 -1
4277 1770 -1
17481 2 12962 -1
13437 1778 -1
6771 277 8523 -1
13811 2149 -1 2 5 -1
5134 2 -1
22693 2336 -1 4881 -1
6934 566 567 -1
19787 5 10 137 -1 293 8711 -1 2 -1
7569 159 445 464 -1
15731 2818 -1
7467 3968 -1 10 -1 217 -1 5 353 5417 -1
9713 5 689 -1
16451 437 -1
2196 1833 -1
4104 3957 -1
15125 611 -1 5 -1 1 -1 137 -1
24604 82 147 5975 -1
14 6 47 48 -1
14356 684 -1
4420 6767 6768 -1 3611 -1 2058 -1 2092 -1 63 -1
7297 68 -1 1235 1246 -1 1256 1259 1270 1281 1292 1303 -1 1304 -1 1315 -1 1326 -1 1337 -1 1343 1344 1345 -1 1346 1347 -1 1348 1349 1350 -1 1351 1352 1353 -1 1354 1355 -1 1356 -1 1357 -1 1358 -1 1359 1360 -1 1361 1362 1363 1364 -1 1365 -1 1366 1367 1368 -1 1369 -1 1370 1371 1372 1373 -1 1374 -1 1375 -1 1376 1377 -1 1378 -1 1379 1380 -1 1381 1382 1384 -1 1385 -1 1386 -1 1387 1388 -1 1389 -1 1390 -1 1391 -1 1392 1393 1435 -1 10 1436 -1 0 5 217 8057 -1 54 761 900 -1
8808 2 5 -1
13889 264 277 -1 6 933 3268 -1 3275 -1
17074 5 977 1179 -1
8700 10 -1 5 -1
23174 5 -1
4489 1838 -1 375 1747 -1 82 -1 2 -1
9504 6009 -1 10 -1 3 5 26 296 3256 5913 -1 300 -1 302 -1 214 360 -1 272 1018 -1 3458 -1 2875 -1 13 96 830 2295 3918 6705 -1 97 98 102 396 1558 9433 -1 4321 -1 1070 3252 -1 1718 -1 2056 -1 131 2058 4769 -1 63 2060 -1 4068 -1 1611 -1 6 1955 -1 48 3690 -1 49 204 1957 -1 1506 1959 -1 1507 -1
21796 5 10 -1 63 229 423 -1
164 616 -1
4743 2 10 -1
21648 5 10 135 -1
13222 422 2229 -1
7031 8647 -1
18418 6463 -1
16828 2 -1
13604 1024 -1 44 3606 -1 1023 3436 -1 10669 -1 305 589 1558 2158 3602 5697 -1 63 851 -1 600 4067 -1 85 -1
10349 792 -1
6954 136 6136 -1
24709 5 10 26 68 -1 4210 -1 1642 3251 -1 579 3141 -1 2953 -1 2123 -1 305 2135 4741 -1 260 -1
19849 5 1058 -1
18081 639 -1 2149 7791 -1 0 5 -1
16879 147 -1 10256 -1
18911 1 -1 2 -1
12518 6 669 1155 3818 -1 147 472 1867 6014 -1
24696 76 533 -1
17072 2825 -1
22216 3 -1
12699 44 89 5050 9928 -1 239 2132 3347 -1 3451 -1 806 2356 11108 -1 311 2195 -1
13117 5 10 2098 -1 2 214 -1
19114 5 -1 8541 -1 5484 9072 -1 736 -1
1321 445 -1
15833 490 3083 -1 89 521 776 1131 1857 -1 536 -1 45 305 421 2158 2455 -1
5362 147 728 5851 -1
23919 992 9977 -1 109 -1
10084 10117 -1
19375 2 -1
15419 5 10 76 659 1918 -1
8844 2297 6068 -1 63 3323 -1
23956 399 1833 7707 -1 7710 -1 31 1933 -1
2267 2 -1
9779 2 7113 -1
16803 8955 -1 511 -1 233 234 235 2042 -1 259 5726 -1
16297 896 2860 -1
4985 4314 -1
21876 5 217 -1 1 -1 992 -1 1689 -1 2 70 76 134 -1
4648 442 444 454 457 1001 3254 -1 6014 -1 472 -1 2095 -1
20162 2363 8928 -1 1174 -1 4616 5748 -1 5235 6261 -1 7538 -1 4328 -1 583 4775 -1
2959 688 2355 -1
4089 5 1148 -1
23248 86 6715 -1
9422 491 926 -1
16830 5 -1
17185 1816 1817 -1
16670 1100 5999 -1 437 441 586 629 -1 454 -1 463 464 -1 3987 -1 870 -1 563 2183 6014 -1 739 1927 3630 10783 -1 1010 -1
22589 0 5 10 26 217 -1 1454 2175 -1 1563 1769 -1 252 295 888 7392 11507 14285 -1 356 758 1459 1461 -1 538 4707 -1 1534 -1 358 539 -1 1535 -1 359 -1 1940 1983 -1 909 -1 154 229 764 2871 3516 -1 230 519 520 775 1857 4059 -1 536 -1 82 671 1920 4767 -1 2 -1 277 -1 2330 -1 6 933 -1 2231 8549 -1 84 9110 -1 889 890 4018 5237 -1 85 1968 7008 8905 -1 878 1578 2238 -1 86 -1 87 4661 -1 1139 8331 -1 70 2865 -1
4419 3820 -1 135 4100 -1 437 447 -1
197 231 -1 157 -1 536 -1 688 -1 45 378 689 690 691 -1 692 -1 693 694 695 -1 696 697 -1 2 272 698 699 -1 700 701 702 703 -1 704 -1 705 706 -1 707 708 -1 557 709 -1 710 711 -1 712 713 -1 714 -1 715 -1
9139 2 86 -1
9380 2 -1
174 5 -1
11927 3 589 -1 2 -1
24065 6 63 275 5026 -1 1154 -1 86 896 6168 -1
15090 2 82 -1 6 27 31 84 2225 -1 76 85 530 896 -1 3236 -1
18192 469 472 -1
18316 289 -1
10083 452 -1
2023 68 505 -1 10 -1 3 -1 26 1580 -1 986 -1 5 1887 -1
12728 2034 11121 -1
7837 2 -1 204 -1 2807 5079 -1
21398 2 -1
24640 10 -1 26 -1 217 -1 5 -1 1 -1 11389 -1 2 6 27 -1 31 3858 -1 36 1153 6645 -1 896 2299 3350 8112 -1 2147 -1 86 9723 -1 12834 -1 11565 -1 8880 -1 6773 -1 3477 -1 3478 -1
9882 2 13 101 583 1715 5384 -1 63 -1 2063 -1
3533 1506 1508 3912 6255 6256 6257 -1
22238 268 -1 10 508 -1 0 5 -1 1024 3484 -1 58 597 -1
11724 1607 1706 -1 377 772 7819 -1 2284 -1
21277 2 -1
2941 4690 -1
3539 0 -1
21246 847 1611 -1 669 5710 -1
7615 10 26 -1 217 -1 5 -1 1 -1 4189 -1 820 4193 -1 254 1769 -1 141 157 184 2752 2768 8933 -1 203 277 2788 8934 -1 6 -1 2848 8935 -1 1954 -1 8936 -1 3271 3272 -1 3274 -1 2106 -1 6188 -1 1955 5911 8937 -1 8675 -1 8938 -1 48 -1 8681 -1 1166 3690 -1 49 1057 4330 -1 204 8939 -1 2395 -1 4005 8075 -1 8940 8941 -1 8942 -1 8943 -1
4402 72 -1
22378 5 -1
19125 937 7037 -1 103 963 -1 165 2058 2981 -1
15806 82 1996 -1
11948 1454 6010 -1
4161 437 677 -1
8594 9480 -1
15288 0 -1
10128 3314 -1 0 -1 5 10134 -1
2298 3569 -1
10693 2276 -1 2 503 -1
15532 1711 2334 -1
703 10 -1
13229 1564 -1
16758 677 -1
22435 4 1176 -1
13836 5 2225 -1
11105 3 -1 0 26 -1
18977 2 -1
14781 10 -1
16424 10 -1 26 -1 2 5 44 522 12664 -1 669 -1 6 205 -1 2865 -1 445 -1 1733 -1
1778 10 4415 -1 3316 -1 0 -1 217 -1 5 -1 1905 2037 4416 -1 154 -1 1651 -1 490 -1 826 -1
7033 2 736 -1
13368 3389 -1 793 1024 1810 -1 6161 -1 2093 3122 3229 5914 6959 -1
12140 2 -1
23277 2 -1
12888 5 -1
20386 5 -1
2093 581 -1 766 4945 -1 2376 3644 -1
18305 2 5 -1
2219 332 1523 -1 267 -1 1161 -1 816 -1 507 553 5102 5103 -1 26 217 794 -1 5 313 -1 341 856 -1 751 817 1835 1878 -1 3790 -1 1454 -1 346 1740 -1 1657 -1 88 270 -1 4057 -1 295 1737 -1 37 5104 -1 352 5105 -1 1804 -1
13927 0 -1
14696 147 -1
18181 5 8609 -1 1676 13163 -1
16409 12657 -1
1422 2 3827 -1
22908 4881 -1 2144 -1 315 1817 -1 1013 -1
19406 4871 -1
19091 5 474 2175 -1
6161 103 -1
18276 5121 -1
18134 515 2274 -1
16373 26 -1 5 -1 2 -1 2330 -1 6 27 28 31 -1 1933 12645 -1
12296 3462 -1
16278 487 -1 6174 -1
19158 2 -1
24029 315 -1
12747 134 -1 135 -1
11862 36 -1 204 4394 -1 2816 -1 2228 -1 86 -1 4237 -1
14411 3 10 -1 0 5 489 -1 302 -1
14427 5 10 -1 238 -1 2 562 -1 457 -1
11425 5 90 -1 82 -1
18798 5 -1
22565 42 7010 -1
13857 10533 -1
14686 0 10 -1 5 -1
16138 869 2331 -1 871 -1 837 4603 -1 3415 -1
550 1029 -1 772 -1 1034 1843 -1 1747 1844 1845 1846 -1
17931 5 -1 2 1754 -1
10786 10393 -1
19411 2 -1
22934 2 90 -1
18460 280 521 536 1828 -1 1829 -1 2942 -1 381 2167 8490 -1 703 5874 7069 7074 -1 7077 -1 3730 7082 -1 8268 -1 3874 -1 11037 -1 912 -1 5552 6900 -1 2452 -1 3581 6238 -1 2295 7084 -1 1830 2296 3094 7086 7087 -1 6705 -1 2297 -1 4522 -1 396 1476 3459 6301 -1
5336 10 -1
17576 12989 -1
15007 5 -1 10759 -1
1298 3689 -1
709 10 -1 0 5 -1 1 137 -1 239 2291 2292 -1 2293 -1 2294 -1 2295 -1
20687 272 -1
1591 0 5 10 -1
20768 10 -1 2 5 -1 1484 3101 6973 8844 -1
15606 2 800 -1
4341 0 5 1143 -1 2 -1
13015 1927 -1
11039 5 26 -1 933 1137 -1
1397 2885 -1
23576 289 -1
19503 2 445 13545 -1
10081 8774 -1
20804 291 433 4044 9703 -1
8680 40 137 -1 1032 4786 -1 45 63 1130 -1
3520 5 -1
22307 1778 -1 217 -1
18981 2350 -1 191 7259 -1 7341 13389 -1 197 -1 203 -1 27 -1 6 -1 31 -1
19210 1890 13481 -1
14464 865 -1 147 -1
12549 2 11032 -1
8151 2 5 135 661 -1
23870 2 54 567 -1
10625 2 -1
11034 258 -1
8784 2 76 -1
8915 6238 -1 63 -1
4348 5103 -1
14395 10 -1 5 313 -1 1017 2885 8285 9128 -1 1173 -1 2384 -1 63 2058 -1 1151 -1 76 669 -1 533 -1
4509 0 10 505 -1 5 -1
21983 2 -1
20651 135 -1
4672 5 3002 3483 -1
2245 54 5130 -1
7298 2 1555 -1
2070 3144 -1
9394 379 3672 -1 2 82 -1
20399 495 -1
14336 11652 -1
16499 0 1 -1
17454 151 -1 277 968 12957 -1
16238 265 1169 2825 9459 -1 6407 -1 1751 9692 -1 136 473 3417 6463 -1 792 926 1010 -1 4668 -1 498 -1
14518 10 -1 5 -1 137 -1 7403 -1 147 -1
623 2 -1
8689 54 -1 2 7298 -1
5045 76 -1 147 -1
24816 253 -1
17037 10 -1
14603 487 -1
18216 933 -1
17223 865 -1
23060 48 669 -1 563 1001 2428 -1
2046 493 -1
21395 4826 -1
11477 2 -1 135 -1
19850 5 10 -1 2 12724 -1
10844 0 -1 217 -1
19655 1029 -1 433 -1
23922 13676 -1 147 437 498 885 -1
12983 1305 1306 1307 1308 1309 1310 -1 1311 -1 1312 1313 -1 1314 1316 -1 1317 1318 1319 1320 1321 -1 1322 -1 1323 1324 1325 1327 1328 -1 1329 1330 -1 1331 -1 1332 -1 1333 1334 1335 -1 1336 -1 1338 -1 1339 1340 -1 1341 -1 1342 -1 1054 -1 1349 -1 1350 -1 1351 -1 1352 1353 1354 1355 -1 1356 -1 1357 1358 1359 1360 -1 1362 1363 -1 1364 -1 1365 1366 1367 -1 1368 1369 1370 -1 1393 -1 1395 -1 1396 1397 1398 1399 1400 -1
23910 982 2863 6835 10075 14559 -1
20355 433 -1
15887 772 1034 -1 536 4675 -1 377 694 -1 2 3803 -1 5939 7968 -1 3086 -1 1482 3637 -1
5974 54 -1
543 2 -1
6816 5 -1 54 -1 2 -1
9700 90 147 423 -1
6850 3 -1
7785 147 -1
23281 5 10 54 -1
807 154 -1 258 1856 -1 232 2872 -1 234 235 -1 236 -1 515 -1 490 -1 1809 -1 519 1018 2873 -1 89 520 2079 -1 58 521 776 -1 44 522 -1 587 1144 -1 2158 2180 -1 503 -1 693 -1 379 2874 -1 82 2050 -1 2 937 2875 -1 557 2415 2876 2877 2878 -1 643 1036 -1 933 2879 2880 -1 6 -1 48 1955 -1 204 -1 2881 -1 1154 2882 -1 2857 -1
17951 2 277 -1
1150 0 -1 5 -1
24850 3 -1
20645 5 -1
8119 2 -1
22253 5144 5770 -1 401 5771 -1
23056 10 -1 4 489 -1 0 -1
17929 5 39 217 -1 1 253 -1 2 63 76 147 -1
13316 3 -1 5 -1 54 -1
7434 1016 -1 5 -1
13546 10419 -1
17588 2250 -1
18557 5 13277 -1
24129 6070 -1
12585 1816 8038 -1
24593 2 -1
6056 2 -1
19322 2849 4330 -1 4386 -1 1495 -1
4855 4 -1
21033 13940 -1
7743 141 247 -1 6954 -1 2 6 -1
14344 5242 -1
23934 85 -1
10903 16 -1
922 219 758 3117 -1 1122 1681 -1 230 1856 -1 232 2266 3118 -1 367 3119 -1
19420 26 313 -1 5 54 82 -1 277 -1 2389 6173 10263 -1 1047 -1 264 -1 6 50 -1 84 2851 -1 85 2863 -1 8015 -1 5175 6251 11371 -1 8174 -1 2242 13157 -1 6971 -1 8428 -1 2372 -1 2868 -1
7186 3659 -1
17111 31 2799 -1 50 2854 -1 1774 -1 2862 -1
18190 2 -1
19184 63 -1
21010 5 134 10816 13931 -1
20608 13846 -1
16392 2366 2415 5026 -1 63 643 5752 -1 1036 -1 70 1168 2309 5112 -1 567 998 -1
6553 2 1663 -1
5387 2 272 -1 289 4596 -1
21885 102 103 -1
2687 0 2 3 -1
18599 133 7366 -1
19216 5 10 1996 -1 1740 -1 118 2420 -1 551 -1
22128 137 520 1064 2049 -1 135 -1 926 -1
20974 10 -1 3 -1
19072 0 2 267 271 538 3679 3870 13411 -1 6 -1 85 210 1089 1090 3151 3946 -1 86 429 -1 3091 6973 -1 6165 -1
16577 5 10 26 685 2326 2887 -1 1837 -1 219 1838 -1 19 378 -1 2213 -1 3798 -1 691 -1 692 -1 2 17 693 1070 -1 12702 -1
18399 10723 -1
545 497 -1
6400 2 2840 -1
21572 70 76 -1
12533 2 293 3612 -1
56 277 -1 278 -1
2326 489 776 1038 -1 2 -1
13501 1290 1291 1292 1293 -1 1294 -1 1295 -1 1296 -1 1297 -1 1298 -1 1299 1300 1301 -1 1302 -1 1303 1304 -1 1305 1306 -1 1307 1308 -1 1309 1310 -1 1311 1312 1313 1314 1315 -1 1316 1317 -1 1318 -1 1319 -1 1320 -1 1321 1322 -1 1323 1324 -1 1325 1326 -1 1327 1328 -1 1329 1330 1331 -1 1332 1333 -1 1334 -1 1335 1336 1337 1338 1339 1340 1341 1342 -1 1054 -1 1343 -1 1344 -1 1345 -1 1346 -1 1347 1348 -1
16602 1473 5633 -1 830 864 2296 3261 5731 -1 7100 -1 3191 -1 831 4089 5018 -1 1831 3373 -1 5937 9447 -1 13 -1 1714 -1 96 627 -1 97 98 100 101 102 396 -1 1715 -1 103 628 -1 558 -1 105 -1 7120 -1 4041 -1 3807 -1 1742 -1 107 108 -1 1743 4630 -1 109 110 -1 111 112 113 -1 5386 -1 117 851 1070 1716 -1 124 1717 4633 -1 3459 -1 2138 -1 1718 -1 129 952 3809 -1 3787 -1 130 -1 131 -1 1475 7543 7878 -1 3397 -1 63 834 847 1476 -1 1587 -1 3954 4592 9264 11272 -1 3404 12418 -1 134 -1 422 -1 3296 -1 3819 4596 -1 2063 -1 884 7835 -1 423 2107 2356 -1 5719 -1 147 3406 3834 -1 432 434 435 442 586 -1 443 445 -1
9042 2 72 -1
13371 275 2884 9110 -1
23340 2 -1
6194 495 -1
23256 2 -1
717 315 677 -1
14189 5 11589 -1
8853 2 5 137 -1
19719 2 -1
23163 13944 -1
16614 441 10957 -1
16143 2 63 315 -1
1686 616 -1 54 -1
8047 2 5 -1 72 -1
20501 3 -1 0 26 -1 5 -1 6 -1 1954 1955 -1 204 6050 -1 1957 1958 3670 8733 -1 3326 -1 1959 3327 3328 -1 5822 -1 2099 2851 4005 8075 8881 8941 9773 -1 8943 -1
18803 315 -1
2549 0 5332 -1
9182 63 -1 2387 -1 1036 9794 -1
20999 1751 2825 8510 -1
15886 3 -1 1598 -1 5 -1 2 54 12490 -1
575 10 1870 -1 5 26 -1 1871 1872 1873 1874 1875 -1 1591 1592 1861 1876 -1 1877 -1 1878 -1 1879 -1 1880 1881 1882 1883 1884 -1 1885 -1 1886 -1 1453 1887 1888 1889 1890 1891 -1 1892 -1 1893 1894 -1 1895 -1 1835 1896 1897 1898 -1 859 -1 1899 1900 -1 342 1901 -1 1768 -1 1 -1 1902 1903 1904 1905 1906 -1 1907 -1 820 1908 -1 347 753 1769 1909 1910 1911 -1 1770 -1 1912 1913 -1 1914 -1 65 316 -1 1915 -1 1916 1917 -1 1918 -1 597 665 1017 1919 1920 1921 -1 1558 -1 48 437 567 1150 -1 1004 1922 -1 1923 -1 1924 -1 1925 -1 1926 -1 1927 -1 315 -1
20874 0 5 54 302 -1
11598 204 1495 -1 4002 -1
15461 2 -1
9330 10 -1
4111 2 -1
21401 2 676 -1
309 3 -1 974 -1
15768 649 -1 89 2402 -1
898 10 -1 159 -1 986 -1 0 5 217 -1 686 3090 -1 581 -1 154 158 1709 -1
24544 630 -1
4827 2 -1
568 5 -1
10410 2 -1
6704 2 -1
16462 2 -1
7193 437 -1
1903 1068 2888 -1
7714 434 437 445 -1
12989 135 -1
15777 2 445 -1
19656 2308 -1
17137 1978 -1
2997 137 -1
16536 4002 -1
4742 666 -1
6165 445 2142 3052 3053 -1 3054 -1 3055 -1 3056 -1 3057 -1 3058 -1 3059 -1 3060 3061 3062 -1 967 3063 3064 -1 3065 3066 -1 3067 -1 3068 -1 584 1727 3069 3070 3071 -1 1022 1728 1729 -1 3072 -1 1730 -1 3073 3074 -1 1731 1732 2338 3075 3076 3077 3078 -1 3079 -1 1733 -1 3080 -1 1734 3081 3082 -1 1735 -1 466 -1
12210 0 616 -1
15837 1591 6060 -1 3363 -1
2331 5 72 147 423 -1
2401 3 -1
7215 2 5 137 1580 1710 -1 8061 -1
23068 471 1530 -1
925 293 -1
24324 2950 -1
3131 5904 -1 2 -1 84 -1
18149 423 3380 -1
12744 8336 -1
24310 5 -1
3544 0 -1
13277 331 1161 -1 3418 -1 10 1062 -1 5 217 509 -1 360 1123 2118 5101 -1 228 -1
9870 4415 -1 1870 -1 10 -1 483 -1 5 634 -1 1456 3384 6759 -1 154 1131 -1 696 827 3451 6742 -1 293 -1 530 3406 10033 -1 1140 -1 434 836 869 4649 -1 3144 3960 -1
17479 3 -1 2 5 -1
18701 13307 -1
3410 147 -1 434 3723 -1
4585 5 -1
14692 3 -1 5 -1 1 -1
5155 2 -1
22755 511 -1 1695 -1 232 367 -1 3457 -1 2 2198 -1 7919 -1
12494 1143 -1 90 -1
7599 293 -1 2 8928 -1
23462 5 82 669 13078 -1 6 -1
6703 44 135 868 8499 -1 498 -1
6066 0 3 -1
24204 134 135 941 -1 3044 -1
2210 2 5 1740 -1
930 235 -1 236 369 649 773 -1 1165 2129 -1
4667 424 -1
3092 76 -1 530 977 -1 445 -1
1101 10 -1 0 -1 217 656 -1 657 -1
9693 147 -1
24314 10 269 -1
7082 293 -1
8977 915 -1 869 -1
23639 17 45 524 527 1033 1807 -1 2 147 422 -1
8438 2 6352 -1 9401 -1
10537 0 5 -1
24984 959 -1 6 896 2235 -1 86 210 -1
5993 0 2 5 -1
23930 5 10 39 217 1394 1435 1436 -1 2829 -1
11864 584 -1
24483 3356 -1 0 5 217 -1 2011 -1 302 3390 -1 2398 -1 240 3392 -1 241 2004 2132 3347 -1
2069 268 -1
11310 1 5 -1 253 -1
5265 301 346 -1 76 82 -1 72 289 -1 1926 -1
21031 76 13939 -1
8183 2 5566 -1 1713 -1
12044 5 293 798 -1
3744 10 -1 5 748 -1 6420 -1
23743 5 -1
5788 2 5 -1
21048 5 10 -1 2 -1
19799 23 13607 -1
5805 211 -1
6794 1006 2303 3852 4890 8533 -1 225 676 1008 1011 4077 8534 -1 1013 -1 496 -1
7172 369 513 1129 1464 1516 2270 2271 -1 881 -1 772 -1 649 2123 -1 42 -1 969 -1 1024 5339 -1 304 -1 525 6405 -1 1133 -1 526 528 -1 1134 -1 529 8725 -1
19651 2 5 6 -1
3161 987 -1
17495 5992 -1
15980 134 135 432 -1 1927 -1
8238 323 324 325 326 327 328 329 330 331 -1 332 -1 333 -1 334 -1 337 -1
6203 8273 -1
23361 2 90 506 2940 -1
23686 2 82 -1 6 -1 48 437 -1 2144 -1
10798 137 3881 10400 -1
21227 0 5 10 -1
24814 1023 -1
9717 2 -1
10252 5 10 507 631 -1
14290 63 3530 5111 -1 4799 -1
8322 2 3140 -1
23869 421 632 -1
11219 5 26 -1 1 -1 203 1103 -1 1572 -1 264 9122 -1 6 204 1506 2816 3291 8337 -1 9695 -1
9137 1169 -1
8872 1989 -1 1810 -1 828 1811 9195 -1
14549 2 -1
18539 437 3800 -1
7480 609 1758 7200 7201 -1
7575 5 54 8919 -1 7203 -1
4547 669 2389 -1 264 1103 -1
18388 2865 4857 -1 76 -1 315 632 13235 -1 497 -1
7892 0 3 5 10 -1
14936 63 -1
14280 264 -1
12197 68 -1 5 10 2362 -1 10904 -1
4094 5 -1
10374 3 -1 5 -1
21405 511 -1 1698 -1
101 5 -1
7766 0 2 5 -1
2443 2 655 -1
10338 265 472 473 4970 10088 -1
8628 1 -1
17694 147 -1
2901 5 54 -1 147 -1
2477 82 666 -1
22226 5 -1
4620 630 631 -1 45 378 -1
24884 40 -1
10257 578 772 1750 -1 1761 4850 -1
18708 2 -1
18741 10088 -1
7061 5 305 5685 -1 2 -1 277 -1 6 -1 1773 3208 -1 5366 -1 3209 -1 133 -1 7389 -1
13199 10 38 -1 26 -1 0 217 -1 5 -1 2940 -1 138 295 367 772 1807 2123 2281 3691 -1 490 775 -1 1131 1809 5501 -1 6 371 1035 2958 3472 -1 86 -1 423 2230 -1 147 -1 1140 -1
9078 868 4781 6058 -1
15716 367 772 2951 4511 -1 1034 -1 89 141 828 -1 597 -1 44 -1
1478 1959 2807 -1 3922 -1 1506 -1 924 1051 -1 3923 -1 3924 -1
7475 8862 -1
3790 5 -1
20280 6505 -1
17937 634 -1 487 -1 2 -1
13221 746 4961 -1 229 -1 240 11282 -1 2 130 -1 6 2456 -1 70 76 134 -1
949 669 3188 -1 147 2955 -1
12856 5 10 39 -1 2 2950 -1
24177 2356 -1
19007 1925 4339 4340 -1
4726 6974 -1 54 503 2132 3227 -1 272 6975 -1 6976 -1 5564 -1
15369 437 -1
22169 73 -1
5341 135 -1
21354 82 -1
13313 11309 -1 2 8391 -1
11794 5 10 -1 1032 1143 1516 1884 -1 82 -1
15627 1449 3593 -1 0 7429 -1 5 -1
23850 3079 -1
7555 2 -1
1494 10 39 -1 5 -1 3938 -1
15343 134 -1
21476 495 -1
18905 2 -1
24975 10 -1 5 -1 54 -1 2189 -1
9603 3529 7859 8900 -1
24774 525 -1
919 3114 -1
22239 5 26 -1
7859 9037 -1
74 320 -1
17292 2 5 5689 12904 -1
7174 10 -1
11832 9473 -1
15504 2 -1
16014 2 -1
13737 630 1544 -1 2 42 631 -1
8580 219 1534 4650 -1 539 4768 -1
14020 2 -1
8894 2 134 3122 -1
24166 1055 -1
9326 10 5286 -1 0 5 -1 589 -1 2309 -1
19732 2 8985 -1
708 2 6 54 -1
15210 48 422 562 -1
18178 3254 -1
11416 10598 -1
9286 2 5 -1
21755 699 2404 -1 4627 -1 1713 -1 14098 -1 7057 -1 12711 -1 3581 -1 864 5599 -1 830 -1 101 396 1558 2297 3261 5222 -1 104 4042 5193 5736 -1 11499 -1 710 6246 -1 711 959 9449 -1 7448 -1 59 713 960 5741 6232 -1 60 714 6456 11356 -1 832 -1 2058 2878 5604 -1 2385 -1
18555 13276 -1 1070 -1
6011 533 632 -1
4382 4785 6741 -1 40 -1 990 1455 -1 302 844 1581 1643 3257 5101 -1 900 5304 -1 4711 -1 154 2265 4713 -1 2042 -1 1128 2872 -1 512 514 2951 4736 -1 515 -1 883 -1
17858 5 -1 2 23 447 -1
2774 20 -1
2881 2125 2126 -1 4651 5691 -1 1034 2127 2128 -1 2281 -1 4742 -1 5108 -1 2974 -1 2129 3083 5692 -1 371 826 -1 139 519 2131 -1 2079 -1 89 5693 -1 520 521 1755 4744 -1 776 3717 -1 4746 -1 4747 -1
8642 1809 -1
15160 5 10 26 -1
11833 0 151 -1
11939 3938 -1
908 5 10 -1 137 2375 -1 6 -1 204 1959 -1
18839 360 13342 -1
3380 666 737 -1
17168 3084 -1
13686 1502 -1 1503 7729 -1
15952 654 -1
2709 320 -1 5460 -1 5461 -1
7993 5604 9099 -1
10381 5 -1
7887 9052 -1
24165 1 -1
17711 2 -1
