2426
5459 3406 7850 -1 2253 3834 -1 135 632 1000 3820 -1 666 2142 -1 7851 -1 7003 -1 584 743 1022 4637 -1 466 -1 315 -1 498 -1
1128 86 3480 -1
5097 2 82 272 381 -1 830 937 -1 1659 -1 63 3399 7466 -1 1036 -1 847 1611 3846 -1 551 728 5423 -1 6 3404 6089 -1 84 85 -1 86 -1 76 147 445 736 -1
2800 2 5547 -1
5336 7604 -1
10197 452 -1 454 584 -1 1022 1730 4227 -1
22702 72 -1
14349 264 1137 -1 27 -1 6 -1 31 36 -1 84 -1 896 -1 85 -1
1154 6 82 220 3505 3506 -1
18545 204 3494 13271 -1
19796 323 333 -1
9648 1048 -1 6 264 8838 -1
6710 76 -1 147 -1
6455 332 -1 333 -1 334 -1 337 -1
23980 1489 2185 -1 4587 -1
12571 54 -1 1464 -1 2 -1 9473 11040 -1
988 2158 -1
21491 48 1057 -1 49 -1 204 -1 1574 10116 14056 -1 4002 -1 2816 3330 -1 2228 11986 -1 6629 -1 275 4791 4792 9344 -1 889 896 -1 212 -1
4946 63 669 4592 4664 -1
4031 2 5 445 -1 491 -1
22312 313 -1 5 89 -1 2 3184 -1
2654 2 -1
20584 977 -1 13838 -1
402 498 885 1180 -1
13753 1533 -1
14283 4042 -1
1789 5 -1
14918 0 2 -1
20644 1325 1326 1327 -1 1328 -1 1329 1330 1331 -1 1332 -1 1333 -1 1334 1335 -1 1336 -1 1337 -1 1338 1339 1340 -1 1341 -1 1054 1342 1343 -1 1344 1345 1346 1347 1348 -1 1349 1350 1351 -1 1352 1353 -1 1354 1355 -1 1356 1357 1358 1359 1360 1361 -1 1362 1363 -1 1364 1365 -1 1366 1367 1368 1369 -1 1370 1371 1372 1373 -1 1374 -1 1375 -1 1376 1377 1378 1379 1380 1381 1382 -1 1383 -1 1384 1385 -1 1386 -1 1387 -1 1388 -1 1389 -1 1390 1391 1392 1393 -1 1394 -1 1395 -1 1396 1397 1398 1399 -1 1400 1401 -1 1402 -1 1403 1404 -1 1405 1406 1407 1408 -1 1409 -1 1410 -1 1411 1412 1413 -1 1414 -1 1415 -1 1416 1417 1418 1419 1420 1421 -1 1422 -1 1423 1424 -1 1425 -1 1426 1427 1435 -1 1436 3154 -1 150 -1 268 -1 10 26 -1 0 -1 217 -1 160 2085 -1 39 -1
20090 13698 -1
20392 72 2867 4857 -1
24708 142 -1 42 996 -1 259 969 -1 43 280 1024 -1 45 -1 378 -1 1165 -1 272 3140 14759 -1 13805 14760 -1 14599 -1 396 -1 6 147 437 1140 2060 -1 464 -1 315 468 676 677 -1
5600 17 587 -1 63 2061 6333 -1 720 3757 3765 7167 7171 -1 6 76 669 7948 7949 -1 315 -1
24060 14596 -1
20049 5 -1 253 1710 2052 -1
21628 5 -1
8269 2846 -1 4790 5395 6046 8109 -1 6552 -1 4867 9318 9319 -1
4249 147 -1
4317 2102 -1 76 -1
15742 6 31 -1
8206 1750 -1 2 -1
6965 512 1706 -1 881 -1 2 736 8603 8604 -1
10988 72 -1
16092 661 -1
10913 1730 -1 466 -1
9753 5 356 9997 -1
4274 26 -1
4139 135 -1 1100 -1
21054 2 -1
24044 587 -1
17283 230 740 1601 5676 -1 258 3083 3646 -1 371 -1 2131 -1 519 -1 89 520 521 776 1755 -1 141 -1 2402 -1 3389 -1 536 4751 -1 2189 -1 996 -1 57 -1 1468 8028 -1
18507 915 1484 -1
22727 2 -1
15595 6 -1
5439 6 -1
1197 293 -1
19323 147 204 -1 2334 -1
22973 2 5 -1
16000 217 -1
8236 445 -1
20928 5 -1
21688 147 562 669 705 2421 3344 -1 2195 -1
23649 5 10 -1
24820 5829 -1
10718 6 -1
2906 497 -1
11224 2 1143 10549 -1
8717 2 3121 4241 -1
18302 147 3084 6181 -1
10446 10294 -1 2 -1 10295 -1
3364 5 -1
4537 135 -1
8920 3083 -1 89 -1
9884 2 5 -1 10036 -1
6146 999 -1
18343 315 497 1817 -1
23940 24 363 746 823 -1
15840 5 1619 -1
14619 1 54 -1
14857 2 315 -1
2495 2 -1
16080 5 24 451 -1
6822 377 834 -1
21752 3903 -1
11753 2 -1
13373 2 -1
24552 783 930 1643 2974 -1 2 289 311 422 -1 437 444 473 1013 -1
10594 791 -1
12403 669 10976 -1 1007 -1
14356 8481 -1
20140 2205 -1 5102 -1 0 5 10 55 945 1591 2327 4241 -1 349 554 5621 6213 6736 -1 685 1538 -1 3196 -1 686 1679 -1 152 759 844 -1 20 1645 -1 2176 -1 359 540 799 -1 2034 2154 -1 229 823 3516 4979 -1 6704 -1 3483 -1 824 1599 -1 687 -1 231 -1 258 367 1600 -1 512 1463 2269 4730 -1 513 -1 1464 -1 1606 1651 -1 514 772 1807 2121 -1 774 -1 1131 -1 89 1755 -1 776 -1 140 141 4675 -1 778 -1 536 1988 -1 259 969 996 -1 43 -1 57 597 -1 44 587 973 -1 372 524 525 688 1517 -1 1133 -1 526 -1 527 528 1134 1518 2282 -1 158 379 529 2283 3218 -1 3140 4029 -1 2 92 937 1170 2174 -1 13 3234 4089 -1 3918 -1
4531 322 -1
16904 511 -1 89 520 -1
8281 3397 -1 63 718 2388 -1 1671 -1 2370 -1 669 -1 134 -1
20888 5 1143 -1 2 490 -1
11167 2 503 -1
12080 2 -1 4633 8115 -1
20894 1000 3585 7845 -1 147 743 -1 1483 8907 -1 464 -1 143 4968 -1
9471 5 -1
4428 2343 -1 2 6772 -1 445 4571 -1
23467 135 -1
23642 315 498 -1
16474 739 -1
10283 2 72 -1
6792 8528 -1
12 36 -1
17651 272 -1 133 277 -1
19772 6 -1
3638 147 493 884 -1
4163 2 6657 -1
4961 2 445 -1
17197 3748 -1 63 730 -1
15420 6 536 -1
18812 5 -1
5227 2183 -1
16818 5 10 1173 4989 7007 8281 -1
21016 11513 -1
12257 2 7141 -1 5023 -1 583 -1
19132 511 -1
17133 48 -1 134 2424 5010 -1 311 -1 1000 3834 -1 147 3723 -1 434 2989 -1 442 444 -1 445 447 11883 12853 -1 463 -1 870 3128 -1 835 -1 11370 -1
5765 1816 -1 8037 8038 -1
24226 1540 -1 1064 1543 1544 1549 -1 888 -1 630 -1 631 -1
2881 1988 3389 -1 2156 -1 5694 -1 42 -1 3647 -1 43 57 280 969 3627 4754 -1 827 -1
12240 1180 -1
7089 3 147 -1
21455 688 2158 -1 260 -1 2136 -1 571 2356 -1 147 2947 4431 7764 7916 8825 9968 11480 -1 4076 14039 14040 -1
4376 293 -1
15969 86 2312 -1
22975 992 -1 10084 -1
9863 362 1600 1806 3516 -1 305 671 1650 10031 -1 82 -1
8945 5 54 490 -1
1149 2955 -1
5756 2 3 3679 -1
7172 147 -1
6971 1482 -1 3377 5994 -1 6830 7838 -1 4600 7839 -1 6206 -1 932 7840 -1 6207 -1 3599 7841 7842 -1 741 2444 -1 23 7843 -1 3378 3585 7844 8629 -1 3405 -1 5243 8630 -1 3100 6403 7512 8631 -1 3720 -1 8632 -1 4357 8633 -1 1793 3722 -1 8634 8635 -1 8636 -1 4601 -1 3101 -1 4331 -1
20162 669 12932 -1 445 9278 -1
7051 63 147 -1
18396 915 -1
7437 86 -1 3477 6862 -1
13924 214 4961 -1
8441 677 -1
14630 147 447 471 954 2297 5484 -1
19687 208 13252 -1 2017 -1
20700 2 498 1606 13863 -1
2870 272 377 5647 -1 76 147 632 1030 4044 -1 291 -1
12830 5 -1
19900 4795 -1 2825 -1
20275 302 -1
5189 5 -1 90 -1
5322 491 915 -1
14488 5 82 -1
22596 135 -1
23195 3254 -1
23433 2 14464 -1
12068 926 4801 -1
244 889 -1 890 -1 76 135 147 451 -1
9466 411 -1
8120 26 71 217 507 4804 -1 5 -1
12950 5 10 -1 1 302 6153 -1 587 -1
13820 472 792 926 1010 -1
22123 147 -1
2213 2 61 -1 5090 -1
1639 135 452 629 661 738 1724 2427 3128 -1 265 835 2065 3130 -1
23835 3 -1
4924 2 -1
6538 630 -1
2467 0 5 10 5270 -1 302 1531 -1 841 3665 -1
18339 884 -1
4983 563 2825 5116 -1
14172 2 884 -1
7483 5088 -1 5777 -1 896 -1 1975 -1
12313 527 1518 -1
11311 1455 -1 7937 -1 20 554 759 -1 1120 1535 2154 -1 24 363 2034 -1 581 -1 154 229 687 -1 367 1862 -1 236 1463 2071 -1 773 -1 5108 -1 1809 -1 7939 -1 6606 7940 -1 870 2284 -1 2065 3128 3823 4980 -1 835 -1 467 836 3956 -1 244 -1
17003 211 3891 4414 5451 -1
2023 630 631 -1 1555 -1 503 536 3321 -1 2 272 4788 -1 3954 -1 6 27 933 4789 -1 31 -1 2442 -1
7392 2 5 -1
10548 1140 -1
23362 838 -1
14459 5 -1
20618 5 -1 554 2011 3694 -1 4961 -1
4575 1658 2451 6865 -1 2875 6866 -1 851 1660 -1 63 2363 -1 661 -1 135 434 445 -1
15087 826 -1 2 -1
1145 5 -1 2 -1 3497 -1
22156 2 -1
16109 204 454 1140 11095 -1
17862 5 54 -1 293 -1
11656 924 6258 -1 2353 -1
14202 1927 5758 -1
6506 1169 2066 -1 315 -1
24113 2 14613 -1
21905 2800 2803 -1 50 204 4330 -1 924 1506 7729 -1 2395 11779 -1 4377 -1
4144 6647 6648 -1
19318 893 2123 -1 1034 2280 2281 -1 2 76 1808 -1 147 -1
12317 2 69 -1
9939 1 5 -1
14456 244 -1
14183 967 3063 -1 584 1729 4218 4224 4227 -1 1022 -1 1731 -1
16850 2 5 -1
4179 2 -1
15114 429 977 1724 2142 2989 3050 3408 -1 445 446 -1 4580 -1 451 1022 4780 -1 2888 3082 -1 459 -1
24019 5 -1
6442 632 8366 -1
10669 211 -1
3558 2879 -1
12967 2 -1
7608 89 -1 6 134 320 566 5978 -1 76 567 2309 -1 147 -1 437 -1 977 -1
9846 507 -1 10 3244 -1 5 487 -1 1657 -1
7307 8776 -1 2847 -1 1933 -1 36 -1 6511 -1 8777 -1 8716 8778 -1 5927 -1 896 -1 871 -1
23371 4205 -1 513 665 -1 371 -1
16769 442 586 1140 -1 454 -1 3410 -1
15048 2 -1
6179 5 24 -1
10142 134 2049 -1 868 1076 5999 -1
8574 6 -1 437 -1
5050 988 1838 -1
8238 50 204 -1 5928 -1 86 1774 2228 -1 3477 -1
11011 315 677 -1
1215 578 -1
7755 5 -1
20575 632 -1
1476 5 -1
20439 839 -1 5 -1
2044 4820 -1
3139 217 -1 5 2039 -1
8546 2 -1
3677 1854 -1
23462 85 6279 -1
12211 2 5 -1
3904 86 87 878 1774 4661 -1
11600 265 -1 10674 -1 2825 -1 472 -1 315 -1 1817 4940 8039 -1
22041 14155 14156 -1
5769 437 445 -1
23607 2069 -1 354 -1 758 -1 219 3764 -1 1534 -1 539 -1
4216 5 89 685 -1 2 140 -1 2803 -1
6664 8485 -1 27 31 -1 6262 -1 4867 6098 -1
19601 2816 -1
21070 6 147 13951 -1
11317 2 -1
12418 1665 4328 4951 -1 717 1480 -1 720 -1 1036 -1 725 729 -1 2980 -1 6 86 204 730 786 835 837 869 2250 3236 3956 4801 -1
5805 135 -1 1100 -1
4156 2 6653 -1
22827 5 -1
11799 737 -1
18894 220 -1 11517 -1 2 76 -1
11524 363 371 2040 2376 -1
23787 214 671 1569 2189 -1 661 -1
5080 6 49 -1 401 896 5766 7456 -1
5421 5 -1
9394 481 3834 9867 -1
8356 1747 -1
24481 5999 -1
13759 6713 -1
14648 5 658 664 11747 -1 2 736 9198 -1
15580 5 -1 297 -1 300 -1
18891 0 -1
6668 17 -1
13203 4667 -1
24709 3261 -1 3234 -1 63 -1
2948 147 869 -1
691 5 10 -1
10668 10358 -1 76 -1
14868 533 2049 3722 5653 11829 -1
23910 437 736 -1
15701 8582 -1 761 -1 511 -1 89 259 -1 377 -1 17 293 -1 82 6689 -1 147 -1 871 -1
7067 3353 -1
1076 1810 -1 828 -1
20599 76 445 1022 4217 -1
16817 1140 4613 -1
19830 2 -1
12652 44 522 -1
6817 396 -1
16268 42 4753 -1 43 259 969 1024 1530 9403 -1 1043 2992 -1 863 3390 9949 -1 375 2399 6536 8065 -1 305 -1 5051 -1 8066 -1 45 -1 2284 4766 -1 671 1135 1609 -1 2 -1 13 99 6563 -1 9433 -1 5386 -1 117 -1 127 -1 130 131 -1 63 933 12614 -1 6 4525 -1 2846 2849 -1 2851 -1 2858 12615 -1
7491 5 10 986 -1 17 421 -1 437 3586 -1
16398 147 503 2049 4565 5536 -1 786 -1
4318 1 2 250 -1
4418 661 -1
21838 1664 1667 -1 643 -1
21094 1799 10678 -1
17815 63 -1
24080 147 4611 -1
15816 4583 -1
21998 85 -1 76 736 -1 8732 -1
10132 718 -1 3765 -1
487 6 84 85 -1
13264 2 -1 76 -1 7831 -1 530 -1 3236 -1 72 147 8694 -1
14487 10 -1 0 217 -1 5 -1 989 -1 2375 -1 253 770 1465 -1 2280 -1 774 2974 4506 -1 89 -1 4674 -1 780 -1
5994 4448 -1 6377 8179 -1
5742 443 -1
8642 139 -1
16722 1056 -1 5 -1 5559 -1
2977 677 870 2306 -1
7545 315 -1 677 -1
7458 42 776 3978 -1 280 4359 8856 -1 378 5056 -1 307 -1 2 -1 6 8857 -1 86 134 147 493 -1 869 -1
15545 5 39 295 -1
19046 13404 -1
13050 2 -1
24483 3453 -1 2 6 13 63 130 147 272 814 838 3419 -1
21018 147 3415 -1
17809 3208 -1 736 -1
13368 2 1140 2017 -1
20843 114 -1
14053 72 11551 -1
22991 5 -1 1837 3500 10059 -1
18241 5 -1
14941 86 433 1139 11860 -1
12224 6973 -1
18694 6 84 85 2866 4237 -1
11189 363 2040 -1 511 -1 1111 -1 1627 -1 1806 -1
20086 469 -1
13463 147 -1
10155 320 -1 4925 -1
6177 597 -1 11 1144 -1 973 -1 524 525 1517 -1 1133 -1 526 2282 -1 527 1518 -1 528 -1 1134 -1 529 -1 1145 2283 6925 -1 5495 5496 6929 -1 6314 -1 3337 5497 5498 6637 8257 -1 6319 6606 8258 -1 2 2213 -1 6671 7051 -1 5252 6121 -1 1147 2875 -1 703 8146 -1 1564 -1 8259 8260 -1 1148 2364 2978 5598 -1 63 -1 1480 -1 6 1611 -1 48 -1 86 4237 -1 147 -1 666 -1 433 434 -1 437 -1 4781 -1 869 -1 2331 -1 876 2065 -1
24459 5 217 511 1706 2951 -1 381 1130 -1
14780 147 420 786 -1
16499 6 -1
9682 2 34 -1 4661 -1
10287 5642 -1
18710 264 -1
13678 2 -1
24162 1792 -1
11980 4993 -1 4994 4995 4996 -1 4997 4998 4999 5000 5001 -1 852 5002 -1 5003 -1 853 -1 5004 -1 5005 5006 5007 -1 5008 -1 10 854 855 5009 -1 0 2 5 147 313 354 425 986 10830 -1
8915 6 -1
6608 584 -1
8964 8948 -1
7754 2 315 -1
21122 10 -1
22587 312 -1 1022 3727 -1 1733 -1 9067 -1 466 2144 -1
4615 86 6917 -1
16917 869 871 915 1008 3971 -1
19651 320 -1
1506 677 -1
5507 7892 -1
191 662 -1 663 -1
23678 130 -1 583 643 -1 3651 -1 1036 3404 -1 6 2106 -1 6188 -1 1955 3275 -1 48 204 -1
2924 0 5 229 232 483 3384 -1 2398 -1 5792 -1
11023 10471 -1
16881 445 457 4010 5999 -1
12347 54 137 -1
8872 421 -1
8301 5 -1
14602 739 -1
6967 3209 -1
5370 528 1518 -1 2 471 529 1134 2283 2947 -1 2825 -1
12713 11115 -1 2 421 -1 4599 -1 940 -1
262 68 -1 10 -1 5 554 904 -1 89 -1 113 -1
20898 445 -1
1775 4378 -1
8303 134 -1
1911 0 10 -1
14835 2 -1
16772 76 -1
7730 2873 4755 -1 4760 -1 247 1468 -1 2132 -1 2134 -1 1519 1609 -1 5015 -1 3372 -1 3373 -1 2060 -1 63 -1 6 530 884 -1 3722 -1 562 -1 311 -1 1076 -1 147 -1 433 437 866 -1 452 469 472 -1
23580 147 2977 -1
4532 147 -1
19592 302 -1 5814 -1 5101 -1 12047 -1 356 1461 -1 20 844 1680 3117 3870 -1 2070 4671 -1 3332 -1 511 1806 -1 157 2268 -1 2269 4736 -1 89 2189 2280 4506 4745 -1 280 5339 -1 247 -1 45 305 13564 -1 2200 8711 -1 1146 -1 2159 3803 -1 6972 -1 3224 -1
9043 6 2864 -1
12655 147 1141 6767 -1
14237 10 68 -1 5 -1 1 -1
11215 2 272 3231 -1
18652 135 13297 -1
15882 2 -1 9303 -1
20124 8940 -1 8941 8942 8943 -1 11543 13706 -1 11544 -1
18876 5 13345 -1
8385 76 1048 -1
3595 422 -1
9193 2863 -1 147 -1 315 -1
19975 2146 5231 6893 9437 -1
8171 896 -1
14233 2 -1
21798 2163 3225 -1 2 -1 729 -1 469 8033 -1
1654 147 315 4077 -1
23422 265 -1 315 -1
14355 1051 3298 -1 205 2816 3207 3291 8337 10529 10927 -1 2228 -1 567 -1
24624 1435 -1
10506 10314 -1
11496 2820 -1 771 -1 649 772 -1 773 3387 -1 2127 -1 1034 1131 -1 89 371 -1 521 -1 780 -1 1857 -1 142 536 3120 -1 280 1024 4562 4678 -1
18355 6 -1
4918 0 -1
4578 5 -1 1615 -1 3385 5877 -1 302 1690 -1
9497 2 5 2308 -1
7655 8550 -1
23186 378 -1 2825 2978 4459 4968 9541 -1 6136 -1
19124 147 669 -1
10242 0 5 572 4877 -1
8202 445 -1
12274 2 728 4583 -1 469 -1
7927 460 823 6238 -1
19058 6 -1
17333 6 736 -1 147 -1
23291 1480 3955 -1
23537 2935 -1
21691 814 833 2411 -1 134 717 728 3404 -1 422 -1 865 3296 -1 530 3819 4092 -1 423 736 1076 6302 -1 135 1000 2253 -1 147 -1 1140 2182 3973 -1 1723 -1
8028 2 -1
17080 4045 -1 3382 3960 -1
19038 2945 -1 2879 -1 13365 -1 7256 -1 13370 -1 191 11586 -1 6 -1 1574 -1 6159 -1 205 2862 3151 -1 422 2867 -1
19125 1137 2330 -1 5379 5847 -1 4073 5848 -1 13443 -1 3584 5145 -1 1638 -1 13444 -1 7531 -1 4031 -1 13445 -1
16908 992 -1
8260 2 489 9315 -1
15347 6 11971 -1
3480 737 -1
2893 736 -1
5838 3205 -1 5055 -1 503 2191 5375 6662 -1 2 82 272 3261 3369 8067 8068 -1 3123 -1
16599 12706 -1
11300 315 481 493 -1
3601 3536 -1
23496 3257 -1 373 -1
20528 441 445 -1 4579 -1 3726 -1 868 -1 2888 -1
7788 217 6578 -1
11735 63 643 8898 -1 76 -1
3769 315 -1
18060 5 -1
6448 2 -1
16292 12625 -1 82 -1 2 -1 1137 -1 1638 2330 -1 6 27 -1 31 4790 -1 1955 -1 84 85 896 3350 -1 3446 -1 86 211 213 -1 1867 -1 76 567 -1 135 147 -1 469 871 -1 2818 3668 -1 2335 -1
4829 2178 -1 4721 -1 762 4723 -1 228 -1 2131 -1 89 -1 521 536 -1
8923 5 77 -1
6825 76 -1
9761 5 72 -1
1478 2227 -1
20209 6757 -1 6982 -1
282 137 355 -1
12269 2283 -1 8576 -1 6 933 -1 147 212 265 677 2859 5079 -1
5912 5 -1 1520 -1
5329 147 320 -1
13417 1650 -1
2362 44 -1 722 1472 -1 76 -1 289 3568 -1 736 -1
12137 1543 1569 -1
17901 2401 -1
7137 563 1565 2250 4508 4679 -1 4921 6716 -1 677 1169 2825 3888 -1 1816 -1 1817 8039 -1
20863 86 3151 8347 -1
3263 5658 -1 356 360 -1 3681 -1 220 1123 1513 -1 228 254 513 1033 1805 1807 3516 -1
4093 5636 6612 -1
6715 441 442 454 464 -1 467 869 876 2331 3653 4679 -1
18147 315 -1
11670 147 1485 -1
17978 11479 -1
13796 1033 1130 -1 6 13 272 -1
21764 0 -1
6502 493 -1
21812 37 -1 1807 -1 883 -1 774 -1
16310 2 -1 289 736 -1
17180 4320 -1 115 1853 -1 61 130 1476 1477 3123 4321 4770 5745 -1 6156 6178 -1 3984 -1 813 2364 5968 -1 8893 12865 -1 4327 -1 3530 -1 63 643 814 5111 -1 551 5975 -1 1587 -1 728 729 -1 7185 -1 277 933 -1 6 48 2231 4380 12866 -1 745 -1 2395 -1 401 3351 5085 12867 12868 -1 12718 -1 4429 12013 -1 896 2147 5516 -1 420 -1 76 567 -1 3720 -1 3722 -1 311 -1 3955 4100 11163 -1 147 442 -1 457 4217 11417 -1 2429 -1 837 1022 -1
985 76 -1 533 -1
21660 587 1023 -1 82 6123 -1
21890 76 -1
17937 9740 -1
19606 445 -1
5195 2233 -1
11535 3 4 290 -1 5 -1 90 -1
5819 1751 6407 -1
6921 76 135 272 -1
3386 5 10 268 -1 37 -1 372 -1 2976 -1
1059 889 1154 -1 1083 -1
18005 643 -1
20408 265 -1
1684 4118 4119 -1 4120 -1 4121 4122 -1 340 4123 4124 4125 -1 4126 -1 4127 -1 4128 4129 4130 -1 4131 -1 4132 4133 4134 4135 4136 -1 4137 4138 -1 3557 4139 -1 4140 4141 4142 -1 4143 -1 4017 4144 4145 4146 -1 679 -1 3319 4147 -1 602 -1 5 -1 1871 1872 4148 -1 3541 -1 4149 4150 4151 -1 856 1802 1873 1874 4152 4153 -1 4154 -1 1875 -1 857 -1 1861 -1 1592 4155 -1 4156 4157 4158 -1 1877 4159 -1 1878 -1 1879 4160 -1 4161 -1 1880 3357 4162 -1 1881 -1
19366 4044 -1
1237 456 743 -1
1676 2 -1
11124 6 -1
133 445 584 -1
14139 90 -1
19091 2 468 -1
21404 259 -1 1024 4000 -1 503 5758 6985 -1
23168 2 6 203 -1
14617 147 -1
17109 236 -1 2302 -1
1275 1819 -1
14750 2 -1
24157 2 5 489 -1
11470 217 -1 5 302 4057 -1
12987 4779 -1
12447 9569 -1
4265 1476 3957 6109 -1
20001 13678 -1
1218 2 5 -1
18434 2 -1
14686 302 349 -1 2 1800 3373 5068 -1 3374 -1 63 2876 -1
9687 208 -1
12283 230 -1
6274 1 -1
22503 72 -1
11987 217 -1 5 -1 2341 -1
10759 274 647 -1
15851 11917 -1
13379 2803 -1 204 1959 4402 5898 -1 2816 4404 -1
15310 9661 -1
16365 2 293 -1
13174 4832 5091 5092 -1 5100 -1 1193 -1 1194 1195 -1 10 -1 0 217 -1 5 39 -1 40 -1 5656 -1 54 -1 252 4441 -1 1804 -1 1643 2069 3196 -1 355 -1 45 378 -1 2 4766 -1 2330 -1 6 -1 2224 -1
23775 7538 -1
9727 239 -1 240 2180 3393 -1 378 -1 1713 -1 70 134 730 2979 5709 -1 422 -1 76 998 999 -1 289 530 632 736 3406 -1 147 -1 437 457 -1 491 2825 -1 472 -1 315 -1
24166 2 5 858 8990 14635 -1
7807 912 5552 6793 6900 -1 913 914 2452 -1 2295 -1 2297 7086 -1 63 2456 -1 6293 9004 -1 134 -1 1100 -1
17932 4566 -1
23990 10 3242 -1 5 -1 341 -1 752 2010 -1 3359 3791 -1 554 6331 -1 20 256 357 539 840 862 1535 3386 -1 154 687 -1 233 -1 89 521 -1 2402 -1 259 2398 2399 -1 692 3800 -1 696 809 4007 -1 557 705 3369 -1 101 396 558 -1 709 -1 60 117 713 2408 -1 61 715 832 -1 8386 -1 962 3399 -1 6985 -1 2419 3530 -1 5111 -1 643 814 3086 -1 63 2218 3884 -1 5752 -1 1480 2219 -1 3344 -1 2061 -1 903 -1 2387 -1 1670 -1 2370 -1 724 5975 -1 725 4312 5754 -1 2945 3403 5755 -1 730 -1 2981 -1 3818 5311 -1 134 669 3404 4095 4801 -1 530 2424 -1 562 1140 2428 -1 464 -1 491 836 3956 -1 837 -1 3957 -1
3562 147 1468 6294 -1 472 -1
4473 677 -1 1012 -1 4077 -1 495 -1
14510 323 -1 324 -1 325 -1 326 -1 327 328 329 -1 330 331 -1 332 333 -1 334 -1 335 336 -1
16368 293 -1
19425 167 177 181 2466 2468 2473 2477 -1 184 -1 203 -1 6 133 277 2330 -1
2844 1564 5594 -1 3843 5595 5596 -1 557 4965 5597 5598 5599 5600 -1 1070 1744 1853 -1 4323 5242 5601 5602 5603 -1 63 814 2419 2420 3698 4773 4775 5604 -1 2218 3400 5605 -1 22 2061 -1 718 4800 -1 5606 -1 4801 -1 1771 -1 6 1773 5607 -1 86 311 4103 -1 3197 -1 135 -1 2331 3382 -1
10259 89 -1 776 -1
24960 5 8092 -1 4622 -1 5038 -1 1 1944 3789 -1 597 5354 -1 2885 -1 11 -1 90 1530 3758 -1 6280 -1 1173 -1 5729 -1 3611 -1 396 -1 103 6232 -1 2978 -1 2385 -1 63 1671 2092 4775 -1 729 5709 -1 2980 -1 2982 -1 4329 -1 7859 8900 -1 669 -1 1771 -1 2330 -1 6 204 -1 6054 -1 401 -1 896 5209 7295 9748 -1 147 432 437 2147 3013 3838 9064 11313 -1 2142 3049 -1 445 4217 -1
19351 10 -1
982 2159 -1 2438 -1 783 3224 -1 3225 -1 3226 -1 1844 -1
1877 252 1804 -1 1753 -1 353 -1 3196 -1 152 2256 2259 2260 -1 759 -1 356 -1 153 3336 -1 761 844 -1 357 1119 -1 1535 -1 363 2034 -1 24 155 229 2951 -1 233 1862 2269 3499 -1 1463 -1 825 -1 1032 1130 -1 773 -1 370 -1 89 521 536 1653 3347 4506 -1 3803 -1 2168 -1 101 -1 130 -1 713 725 726 4064 -1 6 -1 86 -1
3067 315 -1
15076 11895 -1
10691 666 2228 6785 -1
16989 4386 -1
24010 1075 4597 8987 -1 2063 -1 884 3568 7835 -1 4092 -1 23 289 4583 4601 5855 -1 1613 -1 533 6302 14584 -1 1031 2064 2253 -1 135 632 661 2188 -1
10795 3236 -1 6482 -1 632 -1
6652 47 63 147 1173 5110 8477 -1
8997 5 26 -1
2944 5 26 5806 -1 2 5573 5574 -1 2330 -1
15209 2 -1
9580 3 10 -1 2 5 840 -1
15208 9067 -1 2145 -1
12230 76 437 2144 -1 10563 -1
16085 5 -1
15177 143 -1 6765 -1
11587 2 10 992 2808 -1
13176 2 5242 -1 6173 -1 11258 -1 4217 -1
23084 54 -1 2 9242 -1
11879 76 -1
20988 12457 -1
9205 135 320 -1
14245 68 -1 2 268 -1
12335 147 10953 -1
21146 9153 13470 -1
19993 13677 -1 11 214 289 6292 -1
2311 5167 -1 780 -1 1857 -1
3035 5 -1 277 -1
13309 2 8513 -1
13976 2295 -1
19072 563 -1
8470 9417 -1
7163 245 6309 -1 1062 2019 -1 1822 -1 10 26 -1 0 217 -1 39 -1 5 346 664 -1 509 1167 3384 -1 2117 -1 2118 4442 -1 799 -1 253 360 1123 1513 1686 3681 -1 254 -1 1567 -1 24 363 1805 -1 229 2376 -1 740 1648 1824 -1 157 230 231 2039 4059 -1 232 -1 366 -1 233 234 3119 3457 -1 235 825 5681 -1 369 2271 -1 514 770 1807 -1 771 -1 2071 -1 649 773 2121 2123 2280 -1 2129 -1 370 4506 -1 780 -1 42 259 1857 3627 3647 -1
13659 3140 -1 695 -1 1469 -1 381 -1 1136 2191 5233 -1 272 -1 147 5719 -1 1140 3019 -1 586 -1 454 -1 5714 -1 491 -1 11442 -1 10384 -1 2143 -1 572 -1 493 2017 2144 -1 5063 -1 11443 -1 1005 -1 1006 6092 -1 563 -1
20862 3399 5022 -1 2415 -1
7404 2947 -1 4338 -1 4339 8826 -1 4340 8827 -1 2983 -1
2033 147 4803 -1
4042 1476 -1 2060 -1 63 718 814 -1 134 427 -1
12156 315 -1
23843 2 437 445 567 -1
1526 3969 -1
13562 6 31 3421 5851 -1 3639 4790 5852 -1
14898 85 135 8682 -1
2581 2 -1
11484 4587 5697 -1
12925 5542 -1
7337 2 -1 63 -1
21402 2 -1
9561 4243 -1 214 4250 8570 -1 1799 8046 9952 -1
16422 84 85 8905 12661 -1 6102 -1 12662 12663 -1
20450 147 -1
15837 989 -1 510 -1 5374 -1 302 685 2040 5104 -1
18770 5010 -1 884 -1
19565 53 -1
20953 926 -1
18340 5 9178 -1
14975 272 -1 669 -1
18964 720 -1
10400 10 -1 5 -1 10269 -1
784 445 -1 743 -1 456 -1
18094 134 -1 147 -1 315 666 -1
15629 277 -1
13013 5 -1
22499 1 -1
5588 2056 7946 -1
4497 2854 -1
7038 315 -1
21755 643 5974 -1 2218 3884 -1 718 3401 5753 -1 4067 4068 -1 4311 -1 5377 -1 719 2387 -1 1036 -1 669 -1 9253 14099 -1 264 2389 -1 2330 -1 204 1502 1503 1506 1507 7349 9582 -1 1512 -1 275 4792 9342 -1 1154 -1 86 896 -1 3480 -1 320 5080 -1 4478 -1 134 -1 3819 -1 423 -1 147 6302 -1 1722 -1 1724 -1 629 -1 1022 1654 -1 460 466 -1 836 -1 4508 -1 2983 3144 5717 -1 265 739 6893 -1
24868 10 -1 39 -1 5 -1
18348 5 272 -1
14900 5 -1 254 -1 229 -1 231 1650 -1 1463 -1
8471 293 -1 7351 -1
24816 147 -1
9089 10 68 -1
16621 135 -1
1721 63 -1
9490 445 -1
8010 2 82 -1 6 277 -1 1528 -1
8841 5 -1
12353 5 -1
21002 896 -1
3508 1022 -1
17823 11392 -1 459 3727 -1
22627 293 12560 14293 -1
13591 2 -1
15227 72 11939 -1
13343 4965 5111 8536 -1
23579 2 -1
5587 572 -1 469 -1
22486 5 983 2103 -1 2 376 377 1143 -1
2577 2862 -1
1474 97 117 -1 134 1480 -1 447 -1
20246 2 -1
9034 5 26 55 -1 4241 -1 302 349 2341 -1 214 -1 1538 -1 24 229 357 799 844 1535 2177 2178 -1 154 256 -1 258 1601 2039 2040 -1 157 232 366 774 1466 2951 2953 -1 490 -1 2 1558 -1 105 130 1716 -1 204 -1 865 2334 3207 -1 3742 5115 -1
12928 377 -1 2 589 -1 147 -1
24184 63 -1
2140 4991 -1
24470 137 -1
24253 210 -1 9114 -1
764 89 -1
6537 320 -1
19545 5802 6776 8305 11734 -1 2225 -1 31 -1
8072 315 1816 -1
23475 969 -1
18412 217 -1 1 5 -1 1769 -1 3110 -1 54 55 214 360 512 746 1017 -1 513 1033 -1 1465 -1 370 -1 490 9928 -1 1018 -1 44 89 -1 11 -1 372 973 -1 1608 -1 525 1517 -1 1133 -1 2 82 528 1134 1518 1711 2977 5380 -1
7930 5 -1
3347 5 -1 857 -1 1 -1 1625 -1 3110 -1 55 860 -1 3679 -1 509 -1 1590 -1 1017 -1 3256 3509 6117 -1 214 685 1800 -1 1837 -1 353 -1 153 4499 -1 538 539 761 -1 360 540 -1 3366 -1 362 1647 2154 -1 363 -1 5679 -1 1033 -1 1516 5685 -1 517 772 2820 -1 2278 -1 89 140 371 1034 -1 597 969 970 -1 44 -1 522 1144 -1 11 587 2885 4563 -1 2886 -1 3602 -1 377 503 -1 378 2047 2159 3229 5960 -1 82 -1 2 -1 6118 -1 3485 5015 -1 702 6119 6120 6121 -1
4670 437 -1
22105 315 3957 -1
928 10 445 3136 -1
12074 0 5 -1
20671 137 -1
16445 5 4695 12668 -1
7714 451 457 -1
20876 2 132 147 1750 -1
18977 6 203 277 -1 1049 -1
20232 2302 4077 4640 -1
18607 2 5 6 -1
8043 5 10 -1
16547 5 -1
922 3123 -1 3124 -1 6 -1 205 -1 210 -1 3125 -1 3126 -1 3127 -1 86 147 736 2862 -1 2195 -1 869 915 -1
12582 0 5 5042 5043 7521 -1 775 3138 4817 -1
7408 147 445 451 -1
5042 2 -1
2947 437 -1
7970 447 -1
12399 10 -1 5 -1 511 -1 1695 -1 1697 -1 1627 1701 -1
8008 8013 9113 -1 2237 5448 9114 -1
12453 137 2802 -1
6258 5 -1
10941 135 661 -1
15833 7539 -1
9384 6 -1 9864 -1
18859 6 11773 -1
662 447 2182 -1
16562 3615 -1 736 -1
19391 232 2267 -1 1708 -1
13147 6714 -1
16754 2879 7859 -1 422 530 669 2356 3404 4592 9260 11129 -1 311 562 -1 837 2331 -1 244 -1 10562 -1 473 -1 4970 -1
16782 0 1 5 10 -1 343 421 437 493 1495 -1
7455 2 6 -1
492 451 -1 470 -1
22612 54 -1 14289 -1
540 471 1815 -1
24891 870 -1
6954 472 -1
5456 494 -1 495 498 -1
22171 0 5 10 -1 272 -1
706 791 -1
21426 2816 4405 -1 3330 -1 84 -1 85 211 2312 2861 5147 -1 86 -1 6834 -1 76 -1 736 4103 -1
14603 2 76 -1
21210 63 -1
2339 0 1 5 -1
19460 13 -1
6453 8369 -1
18178 1013 -1
94 5 -1 2 -1
24197 433 -1 454 6893 -1
3756 3612 -1
1986 2 -1
23166 2456 -1
4767 427 437 447 869 -1
23181 2 5974 -1
5256 2 761 -1
23101 2 -1
14903 5 -1
1522 147 422 3144 3823 3855 -1
11493 378 2212 -1 147 2217 2438 2455 4951 -1
5230 2061 -1 134 -1 135 1100 -1
10698 4128 4129 4130 4131 4132 -1 4133 -1 4134 -1 4135 4136 4137 -1 4138 4139 -1 3557 -1 4140 -1 4141 -1 4142 -1 4143 -1 4017 4144 -1 679 4146 -1 3319 -1 1801 4646 6534 7743 10368 -1 4584 -1 7972 -1 602 10369 -1 5 -1 1 -1 24 671 4752 -1 82 -1 2 -1 2447 6093 -1 13 3918 -1 106 -1 107 109 1742 4630 -1 112 -1 851 1659 3252 -1 559 -1 124 -1 3459 4633 6301 -1
22534 471 -1
9918 7870 -1
5313 2 5 -1
9794 1036 4067 -1 847 -1 1151 3145 4617 5712 9260 -1
2404 0 -1
24120 493 -1
23952 5 -1
12942 2 2394 -1
8390 63 -1
15323 2 630 7782 -1
11483 2 5 -1
10631 5 -1 3377 -1
21603 787 -1
17579 2 -1
17671 471 4611 -1 315 -1
1064 27 -1 6 -1 31 -1 3169 3348 3349 -1
9675 19 603 4989 -1 63 643 669 -1
7848 1 631 3384 9031 -1 253 1980 -1 220 360 1123 1687 3681 -1 154 -1 258 4734 -1 881 1043 -1 503 -1 2 6 277 2220 2355 -1 2225 -1 1931 -1 31 2442 9032 -1
19986 3736 -1
4052 6582 -1
24669 2 82 1476 1477 -1
7014 437 8642 -1
20589 147 -1
8041 736 -1 9124 9125 -1 3406 -1
1611 289 481 736 -1
12346 3144 -1
3528 39 -1
1967 135 661 -1
13287 11300 -1
8395 54 -1
6008 320 -1
14460 3077 -1
14280 4073 -1
12929 2 -1
5534 264 7900 -1 6 3880 7572 7901 -1 1955 3275 3897 -1 7902 -1 84 204 3690 -1 6645 7903 -1 3350 7904 7905 -1
23205 0 -1 217 -1 5 154 246 2068 -1
5935 147 469 586 1140 2356 -1
22490 428 3408 -1 429 -1 445 449 3724 -1 1725 -1
22307 5 -1 2 -1 6074 -1
17875 363 746 1513 4720 -1
5594 2 -1
6308 5 153 -1 232 233 826 -1
10513 3557 -1 602 -1 2149 -1
16916 3422 -1
24977 1 5 -1 2 -1 147 -1
7654 5 848 -1 1884 3970 -1 137 -1 8963 -1 2 -1
7478 5280 -1
14881 2 2876 -1
23323 2 54 -1
14142 45 -1 82 378 4039 5538 11575 -1 1068 5651 -1 76 147 8683 -1 437 2989 3019 -1 444 445 -1
14335 70 422 -1 76 491 562 998 999 -1
1948 4608 -1 1610 4609 -1 1036 1565 3234 -1 4610 -1
17055 50 -1
5009 147 7403 -1
22294 0 5 -1
6985 2146 4981 -1
813 147 -1
23851 1700 -1
19194 1463 -1 236 4730 -1 825 1032 1464 4672 -1 6881 -1 369 3500 3797 4731 -1 1651 4732 5163 -1 771 1130 1516 2271 2952 -1 1029 -1 2071 5142 -1 3387 -1 2279 2973 -1 2123 -1 4741 4742 5691 -1 370 10187 -1 774 6332 -1 490 1809 4652 -1 826 -1 1131 -1 4506 -1 1018 -1 139 3435 -1 89 -1 520 -1 141 4748 -1 3389 3472 -1 995 -1 3693 5490 -1 4751 -1 536 -1 247 260 503 996 1024 2180 -1 45 378 -1 221 2200 2213 6162 -1 2284 -1 693 1135 1469 1519 1653 1709 5441 -1 381 783 -1 3649 -1 272 -1 9194 -1 7039 -1 713 714 864 1070 2406 4965 7143 9128 -1 5939 -1 4064 -1 6366 -1 3123 -1 1475 -1 5966 -1
17369 1 2 -1
24807 739 -1 315 -1
20873 495 -1
2905 134 135 896 2866 5778 5779 5780 5781 -1
23591 1938 -1
24992 6172 -1
13623 11430 -1 4237 5608 -1 498 885 -1
20613 563 3971 -1 739 -1 2184 -1 2095 -1 8481 -1 677 792 -1
842 2253 -1
21369 1749 2952 4732 5683 -1 517 881 1516 -1 772 -1 649 -1 2278 -1 2121 2122 -1 89 519 521 775 1018 1808 2127 2128 2129 4749 -1 536 6569 -1 5012 -1 970 2156 -1 522 597 -1 1132 4515 -1 973 3436 4359 4758 5047 -1 1043 -1 305 3761 4764 5697 -1 221 1920 -1 2104 -1 691 -1 693 -1 3657 -1 2046 2047 -1 3631 -1 2049 2329 -1 1165 2159 3849 -1 3451 -1 2012 3321 5536 -1 671 -1 3229 5873 -1 82 101 242 272 5538 -1 710 1558 -1 2057 -1 964 3984 -1 63 643 2218 2385 5974 8077 -1 717 5083 -1 3812 -1 5377 12435 -1 721 -1 722 -1 600 1151 2979 5754 5975 -1 729 -1 9740 -1 3954 -1 437 3973 -1 447 -1 451 7763 -1 243 -1
9538 1094 -1 210 1095 1096 -1 4794 -1 1098 1774 4411 8591 9937 -1 86 9938 -1 87 -1 5348 7446 -1
11691 419 -1
2282 2 -1
24982 5 -1 43 -1
18860 2 -1
7158 8063 8709 -1 3960 -1
20732 5 54 13872 -1
8194 4637 -1 465 9278 -1 491 -1
21683 5 1874 -1 1 -1 6 -1
19379 136 1169 -1
16015 117 4067 -1 4090 -1 23 134 530 -1 311 562 3955 -1 3638 -1
15716 9244 -1 963 -1 2061 -1 719 -1
12099 10613 -1
8601 5489 -1 224 5408 -1 3659 -1 225 -1 9521 9522 -1 2286 9188 9523 -1 9524 9525 -1 9526 -1
2437 31 -1 5255 -1
1832 558 628 -1
13459 3888 -1
6187 5 8262 -1
4760 5 -1 6995 -1 831 1131 -1
3478 217 -1 2023 -1 5 313 996 6204 -1
20080 86 2017 4980 -1
11841 834 1036 2388 3813 7170 -1 315 669 743 -1
2081 6 27 31 2049 4865 4866 -1 48 4867 4868 -1
690 2 631 -1 2243 -1
2587 277 -1 6 320 2330 5356 -1
9680 5 -1
18453 2 -1
20733 5567 -1 10296 -1 2 -1 10802 -1
6432 3 -1 5 151 8363 -1
19626 2 -1
16740 2366 12746 -1
14361 2 5 11664 -1
13348 792 -1
21626 5 217 -1 1591 -1 904 973 1144 2212 -1
14176 3350 -1 401 896 2147 3351 10386 11584 -1 86 210 1089 3480 3946 -1 319 320 632 7848 -1
19743 141 -1 780 1857 -1 536 -1 57 3517 -1 971 3606 -1 522 587 1043 -1 863 -1 305 375 -1 260 262 2009 -1 45 1920 2047 3205 11787 -1 381 -1 671 3594 -1 2 -1 2169 4521 5552 -1 7084 -1 914 -1 864 2295 3487 5633 -1 5731 -1 2296 5392 6705 7275 -1 1847 2297 2976 5016 -1 5222 5824 6970 -1 3374 3375 4965 -1 3234 -1 97 -1 98 101 396 -1 103 628 851 2937 -1 1756 -1 2058 2878 -1 63 722 847 -1 669 -1 11272 -1 134 3954 -1 865 -1 3819 -1 884 1076 3820 6302 -1 147 -1 437 -1 786 -1 868 -1 463 876 -1
16860 82 293 -1
230 118 242 705 -1
6250 2 -1
6842 1145 8553 -1
6713 10 5314 -1
21552 289 3378 -1 666 1076 -1 451 -1
2808 10 -1 3 5 489 -1 2 -1 72 -1
1878 217 -1 5 3358 -1
14477 4479 -1 147 1076 1720 4216 4597 -1 4577 -1 3723 -1 3044 -1 428 -1 445 977 2142 -1 446 967 1621 3068 -1 447 -1 449 -1 584 785 4780 -1
19535 4077 6994 -1
15242 147 -1
21141 147 462 -1
16602 447 4780 -1 452 -1 454 -1 3410 -1 3412 -1 743 8907 -1 6469 -1
13680 5 -1
15910 6518 -1
7276 945 -1
15717 141 -1
20428 54 -1
9847 4967 -1
20999 791 5330 -1 315 -1
10678 6913 -1 9 211 6914 -1
933 90 -1
20411 0 2 -1
17709 63 135 434 583 5027 -1 437 -1
8500 1141 -1
24835 2 1070 2210 2257 2260 5706 -1
24384 1816 -1
22994 2 3500 -1
4561 868 1022 -1 459 460 461 1735 -1 463 -1 464 -1 465 -1 466 674 2144 3382 6852 -1
13830 5 -1
22174 497 -1
6259 63 -1
8375 0 -1
18371 2 -1 6 277 -1 2849 -1
21941 89 140 -1 777 -1
3933 203 286 2330 -1 4073 5379 5847 -1 5849 -1
24020 76 736 -1 3378 -1
720 433 -1
18520 3 -1 0 71 -1 5 -1
7881 3261 -1
15077 5 -1
11794 463 792 -1
8256 437 -1
1152 3504 -1
4036 0 -1
15116 2 -1
23285 2183 5983 -1
2981 2822 -1
10926 137 -1
3687 632 2253 3197 4100 -1
12438 2 -1 134 -1
9566 89 -1 521 -1 141 381 776 2402 -1 396 -1 3084 5235 -1
668 966 2188 -1
5975 293 3089 -1
15666 85 315 495 -1
9929 76 -1
6914 2144 -1 315 -1
13051 493 676 2334 11205 -1
1498 76 147 -1 445 977 -1
23231 14431 -1
9778 567 -1
8619 89 1856 3516 5187 -1 520 521 -1 2 45 -1 2415 -1 2416 -1 566 -1 567 568 -1
18749 466 1729 -1
17845 84 275 3169 13060 -1
12965 2 5 1104 -1
15611 503 -1
15199 710 959 2408 6246 7543 -1 711 712 -1 5602 -1 7448 -1 59 60 713 714 2409 2410 3085 3811 5743 5744 8379 -1 4064 -1 5021 -1 1663 -1 1664 1666 4024 -1 6456 -1 8763 -1 832 1035 -1 1475 3123 7878 10788 10975 -1
16577 1480 4951 -1 277 -1
16972 3 -1
13187 2 434 -1
3456 2 -1
11888 4237 -1
8844 209 5547 -1
5464 3925 -1 205 2227 2816 5929 -1
3872 2 -1
21224 2 643 -1
4132 2 5407 -1 70 -1 76 998 -1 23 147 2142 -1
6673 2171 -1 13 -1 396 -1
20219 1173 3485 -1 63 -1 10263 -1 264 1137 -1 6 2330 2442 -1 6054 10854 -1 275 2884 -1 13061 -1
12209 1751 -1 5829 -1
5188 2 -1
9932 915 -1
22692 0 2330 -1
879 5 -1 2998 2999 -1
9960 937 1036 5233 -1 6 204 933 7522 -1 1051 5336 10076 -1
13445 6 -1 11351 -1
16849 277 -1
15262 533 -1
21071 2 82 -1 6 -1
4678 293 -1
2514 562 669 719 865 4096 -1 135 147 666 674 -1 491 5303 -1 869 -1 835 2332 4921 -1
752 5 649 -1 2 6 82 84 -1
3033 147 464 -1
8183 13 1148 -1 63 105 -1
9475 86 2242 2386 5416 -1 72 320 3114 -1
686 2074 -1
6633 437 441 445 -1 451 1022 -1 461 8469 -1
8085 1 2 -1
688 82 643 -1 63 -1 1771 -1 1048 -1 264 980 -1
15321 5 1750 -1 2 8772 10858 -1
2524 491 792 -1
22545 86 4661 -1 76 87 315 445 632 6835 -1
18224 2 6 264 1103 -1
13943 2 -1
24685 2 -1 7566 -1
9272 4067 -1 4311 -1 7236 -1
3180 5 -1
24330 5 -1
9339 302 -1
18588 13284 -1
13375 941 2866 -1 6748 -1 4237 -1 1867 5608 -1 11332 -1 5416 9467 -1 147 -1
22674 6 76 632 7897 -1
5426 254 -1 762 7753 -1 6 50 228 -1 76 147 -1
2046 869 3102 -1
10378 6 -1
5998 666 2146 -1
11211 2147 5515 6438 -1
22239 930 11082 -1 6 17 205 1750 -1
1626 2825 -1
20976 2 5 363 798 4269 -1 629 3128 3819 -1
208 789 790 791 792 -1
16827 2 54 -1
24901 1506 7723 7729 7974 -1 1576 8687 -1 592 -1
13106 5 -1
13714 11456 -1 1139 1578 1773 1774 2857 2863 -1 135 -1
4594 147 -1
24564 572 5063 11046 -1 315 2818 -1
19720 3 -1 3316 -1
9942 27 933 -1 6 397 398 5977 -1 31 399 -1 2846 -1 36 -1 3310 -1 204 1502 2231 -1 1506 6257 -1 205 -1 84 3350 3493 10070 -1 9791 10071 -1 3624 6131 -1 2299 4028 7906 -1 896 5990 10072 -1
7641 6397 -1
18816 84 896 13333 -1 85 147 13334 -1
7160 5 -1
18494 76 82 533 13259 -1
14700 4408 -1
22567 1710 14281 14282 -1
6597 2425 -1 447 4217 -1 451 452 -1 786 -1 743 -1 4227 -1 868 1022 4229 4665 -1
260 20 900 -1 24 360 901 902 -1 272 -1
21294 1641 -1 0 -1 217 -1 39 -1 5 -1 214 252 2834 6619 -1 1837 -1 258 306 746 -1
16534 1761 -1
15371 10 505 507 -1 5 217 -1
18422 5 -1
13522 8144 -1
19489 44 522 -1 2 469 1611 -1
17558 10 323 2992 -1
9441 1979 2865 8143 -1 1527 -1 2242 -1 2867 -1 4860 -1 320 -1
8340 5 986 -1
9886 3987 -1 2285 -1 1816 3630 -1
7539 472 3207 -1
6356 836 915 3128 3887 -1 315 -1
13023 226 876 1005 1925 -1
1451 119 129 2056 -1 3809 -1 63 -1
13686 889 -1 133 896 3350 -1 320 2242 -1
19031 669 -1
7061 147 315 497 677 -1
22067 2 -1
8693 3478 -1 3480 8143 -1
23137 130 -1 814 3530 7538 -1 63 -1 2218 4951 5706 -1 134 422 3699 -1 452 -1
16829 5116 -1
5475 2884 -1
13955 5518 -1
3929 4491 4945 -1
13601 10991 -1 896 -1 211 6812 -1
2403 686 -1 519 -1 520 693 5232 -1 1469 5233 -1 2 1472 2452 -1
5307 1140 -1
3561 2302 -1
7615 86 147 210 2312 -1
23983 533 -1 147 -1
13208 632 -1 147 -1
18281 698 -1
24420 3924 -1 205 3207 -1 5401 6052 -1 1526 1578 2862 3446 6380 -1 23 -1
2646 518 -1
19942 134 -1
17233 72 76 -1
18956 3630 -1 315 -1
6262 498 885 -1
51 5 -1 270 -1 271 -1 272 -1
12040 493 -1
5415 1785 -1
19341 0 -1 2 -1
5957 6442 -1 1506 3909 8125 -1
21408 2 -1
9413 5 54 -1
17459 5 12958 -1
5263 2 4241 -1
15039 86 147 -1
17538 12983 -1 5916 12984 -1
21177 7670 -1
1818 54 -1 4433 -1
14230 135 661 1100 -1 448 3128 3987 -1
16252 147 454 -1
3228 1751 -1
15823 437 444 -1 445 -1 456 -1
7450 8849 -1 2 3359 3862 5057 8850 -1 5113 8851 -1
16132 10 -1 2 5 -1
18071 13132 -1
24808 2 -1
1580 2 533 -1
9922 2 420 -1
15156 360 -1
6286 490 1034 2280 -1 42 519 776 -1 3783 -1 597 -1 1132 -1 2941 4962 -1 587 1828 -1 11 973 3143 4758 8090 -1
24433 2 -1
3462 232 234 235 3746 -1 6 147 3634 6201 -1 498 -1
10949 204 -1 7347 -1 10449 -1 1502 1503 1504 -1 5893 -1 1505 -1 1506 6522 -1 7350 -1 10450 -1 84 -1 3208 3209 -1 421 -1
11405 2456 -1 6 1154 5141 10593 -1
12874 229 -1 666 5535 -1
24437 451 736 -1
22079 6 -1 2106 -1
2763 63 -1 2332 -1
1907 4556 -1
24670 2331 6072 6892 -1
15210 472 -1
6383 5 -1
14800 137 -1 4791 -1
20041 76 -1 289 -1
1167 2 -1
11137 147 -1
611 13 -1
20480 2 -1 6 933 2442 -1 84 13808 -1
19203 2850 8681 -1
18032 2 17 63 234 -1
8495 445 -1
3479 63 -1
11910 437 -1
5346 5 -1
17099 2242 -1
8244 5 -1
2676 451 469 632 -1
13650 2 48 147 437 444 -1
9279 1716 -1 1979 -1
1097 37 89 141 554 -1 259 2402 3451 -1 3452 -1 3453 -1 272 2093 3454 -1 48 -1
17179 1611 5407 -1 70 76 884 -1 437 -1
759 135 -1 147 -1
9232 315 -1
6174 6486 -1 8256 -1 2302 -1
22051 12646 -1
12465 2 368 -1
11297 2 -1
19874 736 -1
20227 1434 1435 1436 1437 1438 3863 -1 281 3776 -1 3864 -1 2108 2109 -1 2110 2111 2112 2113 -1 3865 3866 -1 2114 3867 -1 2115 4240 -1 10 -1 986 -1 0 -1 39 217 -1 5 137 214 -1 252 8128 8229 -1 4690 5101 11120 -1 1643 -1 20 539 799 1119 -1 357 -1 2028 -1 1535 -1 511 -1
8764 1930 -1
22625 212 7999 -1 86 -1
22400 1565 3824 -1 563 2317 6346 -1
4923 2 6 378 2121 2233 7313 -1 210 878 1067 1975 1976 -1 86 -1
10522 445 -1
10255 3 6 4754 -1
11958 869 -1
17036 12830 -1
3620 5 26 39 649 2071 -1
16557 1494 1495 1955 3904 -1 3561 -1 1496 -1 204 504 1498 1959 -1
8621 6566 -1 481 -1
24231 2 -1 6456 -1 5965 -1 63 -1
3682 2865 6380 -1 6381 -1 6382 -1
11932 5 631 -1 89 4506 -1
9051 677 -1 4372 -1 2196 4939 -1 495 1041 1816 4077 4826 4940 -1 4941 -1 573 1013 4942 -1 497 -1
19370 26 217 -1 5 -1 254 354 582 1514 3663 -1 2 -1
1695 315 497 1738 2302 -1
1823 666 -1
17078 254 363 2033 -1 24 -1 2 147 -1
6943 63 -1
20971 3419 3473 13925 -1
9844 2 315 -1
11893 2283 -1
4673 3296 -1 584 -1
19501 7737 -1 2144 -1
18313 3586 -1
19096 6 13428 -1
4440 147 -1
1163 147 381 772 2071 2278 -1
22175 6 -1
1531 2 3975 -1 76 666 736 -1
19746 147 422 -1
2415 1531 5241 -1 841 -1
20579 444 -1
13199 3653 3855 -1
21698 2 -1
7736 363 -1
23645 76 -1
18598 5 54 10117 13285 -1
19970 315 -1
7059 17 4543 -1
19697 5 10 26 -1 82 1905 -1 2457 -1 161 2463 2467 8767 8869 -1 167 -1 6753 -1 2558 2571 2574 9109 13360 -1 184 -1 203 -1
5789 8048 -1 48 -1 567 -1
18797 686 -1
20545 5 -1
13517 252 -1 379 -1
22589 147 -1 437 464 1140 -1 677 4679 -1 3771 -1
22521 2 -1
11752 2 6 27 264 -1 8697 -1 28 -1 599 -1 399 1833 -1 31 36 210 1933 1977 -1 86 -1
15337 10 2343 -1
21760 2127 -1
2792 433 -1 440 450 -1
23071 57 587 597 -1 11 -1 305 1608 4565 7592 14386 -1
1318 454 3726 -1 457 743 3410 3727 -1 493 868 -1 837 -1
16242 3603 -1 0 10 -1 5 1563 -1 360 -1 1684 -1 24 464 1690 1805 2263 -1
5891 86 87 134 -1
22152 1585 -1 2401 -1 6637 -1 82 8258 14184 -1
22912 247 2133 -1 524 -1 377 527 -1 45 -1 378 2012 3657 -1 2 3261 5598 -1 11233 -1 813 2059 3582 4825 5751 8077 -1 63 1669 -1 1480 -1 3765 4067 5377 -1 1036 -1 5112 -1
16387 437 -1
21058 429 609 3237 -1 445 452 -1 459 868 -1
24160 4786 4787 -1
13725 445 466 1739 2142 2331 2426 4925 -1
16915 896 -1 76 3209 3507 -1
11151 5 -1
5885 240 1148 -1
14880 4790 -1 48 -1 2233 -1 205 -1 889 1154 -1 86 -1 2862 -1
10779 72 -1
12168 10895 -1
4499 422 669 1565 2017 3834 5428 -1
10243 2 -1
17997 2 -1 277 -1 1721 -1
24151 2 -1 557 3373 -1 814 -1 422 -1 76 -1 3720 -1
1027 243 -1
24156 677 -1
17496 48 204 9607 -1 4394 -1 1959 -1
3608 437 441 -1 442 -1 444 -1 447 -1 448 -1 452 785 -1 454 -1 457 460 -1 3091 -1 4358 -1
21040 147 -1
21311 6467 -1 76 147 14005 14006 -1
10087 9147 -1
2219 48 669 2421 2423 3403 -1 134 -1 422 -1 76 -1 289 562 3406 5113 -1 147 3834 -1 5114 -1 431 434 586 2182 -1 437 2427 -1 441 442 444 -1 447 -1 452 -1 457 868 -1 464 465 3091 -1 467 468 2017 2250 3824 4980 -1
9164 4940 -1
19082 10 -1
2695 147 5442 -1
3505 718 -1 669 4068 -1
574 2 -1 1869 -1
5725 441 -1
9404 2 -1
9373 1990 -1
13310 3355 -1 26 -1 0 -1 5486 -1
20817 2 -1
3925 147 -1
11599 2 -1
19538 2386 5177 -1 320 1053 3552 -1
19258 63 -1
13420 204 1954 1955 3271 3272 -1
6586 677 -1
3765 320 1053 1528 -1
4939 2 -1
12641 2 -1
13985 320 1528 -1
14587 2 82 -1
21765 293 -1
15627 5909 -1
17404 48 -1
2175 472 1925 2983 -1 792 1010 -1 926 3194 -1 495 -1
14295 493 -1
24400 632 -1
13324 472 -1
7372 4940 -1
18033 1006 2144 -1
12393 82 -1
7588 437 438 -1 441 -1 442 -1 444 -1 785 -1 454 -1 312 743 3379 -1 460 -1 463 4338 -1 3144 5231 -1 471 -1
22132 4888 14178 -1
21154 2951 -1 1018 -1 597 828 3606 4755 -1 44 522 -1 1132 -1 587 2885 5354 -1 11 -1 1530 4615 -1 237 -1
13839 1250 -1 1251 -1 1252 1253 1254 1255 1256 4841 -1 4842 4843 -1 4844 -1 4845 4846 4847 4848 -1 1257 1258 1259 4849 -1 1260 1261 -1 1262 1270 1281 -1 1292 1303 -1 1304 -1 1315 1326 -1 1337 1343 -1 1344 -1 1345 -1 1346 -1 1347 -1 1348 -1 1349 -1 1350 -1 1351 1352 1353 -1 1354 -1 1355 1356 1357 -1 1358 1359 1360 1361 -1 1362 -1 1363 1364 1365 -1 1366 -1 1367 1368 -1 1369 -1 1370 -1 1371 -1 1372 1373 -1 1374 -1 1375 -1 1376 -1 1377 1378 -1 1379 -1 1380 -1 1381 1382 -1 1383 1384 1385 1386 1387 -1 1388 1389 1390 -1 1391 -1 1392 -1 1393 -1 1394 -1 1395 -1 1396 -1 1397 -1 1398 -1 1399 -1 1400 1401 -1 1402 -1 1403 -1 1404 1405 -1 1406 -1 1407 1408 -1 1409 -1 1410 -1 1411 1412 1413 -1 1414 -1 1415 -1 1416 1417 1418 -1 1419 1420 1421 1422 -1 1423 1424 1425 -1 1426 -1 1427 1428 -1 1430 -1 1433 -1 1434 -1 1435 -1 5 10 217 1436 -1
4682 5 -1 134 214 -1
2232 3 -1
11840 10777 -1
16321 12633 -1 7402 -1
18335 4832 -1 0 1 5 5100 -1 2 72 -1
5026 5254 -1
14378 661 -1 437 792 -1
8064 289 -1
9150 5079 5910 6284 6555 9771 -1
20183 1829 -1
18838 5 -1
15144 497 -1
23053 1725 -1
17747 1959 2808 3104 5454 7856 9576 9577 10691 13017 13032 13033 -1 10692 10693 -1
12197 992 -1 367 -1 2 503 4651 -1
8147 454 915 -1
12667 2 2213 3085 -1 4073 -1
17737 293 493 -1 315 -1
3724 792 1011 -1
24905 2 5 274 -1 135 661 -1
9546 5 82 9939 -1 8869 -1 9940 -1 9941 -1 3206 9942 -1 9943 -1 2462 -1 2463 9944 -1 2466 -1 9105 -1 2467 -1 167 2468 7328 9945 -1 2474 2475 -1 168 2477 2478 -1 2479 -1 8870 -1 2483 -1
3179 289 -1 147 3027 4601 -1 1493 3237 -1 437 977 3047 -1 2142 -1 445 451 456 786 -1 461 481 5982 -1 1739 -1 4052 -1 4969 -1 5983 5984 -1 472 -1 792 926 1817 -1
23674 5564 6976 -1
18360 471 1751 2066 -1
5118 5749 -1
9971 2218 -1
4510 0 26 489 631 1761 -1
12482 714 8747 -1 61 832 -1 1476 -1 1477 -1 938 10641 -1 3529 6261 -1
15755 2 1905 -1
24653 2250 -1
3534 422 437 -1
24587 86 147 420 3021 -1
8221 4982 9290 -1
2535 691 -1 692 -1 693 3261 -1 63 -1 1480 -1
898 225 -1 2983 -1
23811 2 14537 -1
6811 2 764 -1 1724 -1
22143 14181 -1
22671 2 54 315 -1
23377 14459 -1
12045 2 1514 -1
11047 147 -1 265 3144 3614 -1
17205 2 -1
12452 1979 6847 10999 -1
5510 85 -1
19387 472 -1
24581 0 -1 2 5 2059 -1
1941 2 5 -1
24923 2367 -1
20736 2 82 147 -1
17922 3078 -1 3079 -1
12249 5439 -1
23650 539 -1 825 -1 776 2123 -1 13 643 1715 -1 63 76 135 1100 -1 147 437 -1
13825 4867 11490 -1 35 -1 36 84 -1 644 -1 5165 -1 10629 -1 86 210 11491 -1 1867 -1
9308 875 1169 3415 -1
8904 3229 -1
13116 5 -1
14803 0 274 -1
2465 2155 -1
6078 86 445 -1
24415 469 -1
10083 792 -1
7379 3295 -1
1972 48 728 -1 134 447 457 586 1001 -1
11404 2 -1
7184 219 1105 -1 153 1920 -1 6 135 147 277 661 1100 5281 6662 -1 3668 -1
23726 4 -1 137 -1
5206 7526 -1
22151 63 -1 4067 -1 6 27 -1 31 -1 70 998 1955 1959 -1 76 533 -1 147 -1
18826 70 76 422 3414 -1
10568 217 -1
22684 5 -1 88 -1 2 1140 1643 -1
12359 135 147 -1 785 -1
22724 54 1693 -1 1626 1698 -1
321 530 -1
4142 2383 -1
23416 5 232 -1
13774 1922 -1
6828 2 82 153 8540 -1
12733 2 2404 -1
21899 2 1034 -1
16272 86 210 1976 1977 -1
2959 437 1001 -1
3320 76 -1
16301 896 7607 -1 9075 -1
9143 10 -1
23082 1182 -1
22412 90 6000 14057 -1
20915 2 -1
16318 1119 -1 1645 5652 -1 2176 -1 1120 -1 357 -1 360 746 -1 254 -1 228 1127 -1 363 -1 24 229 581 1691 -1 2036 -1 154 511 1856 2039 -1 768 -1
22951 7563 -1 76 -1 135 -1 147 -1
10285 377 -1
22763 2 55 -1
18087 2331 -1 467 4980 6867 -1 2017 4679 5330 -1
11122 2 422 423 9405 -1 9325 -1 2250 -1 472 -1
18107 463 837 3059 3144 -1 265 1736 -1
1158 452 3144 -1
4498 5 -1
10654 2 10354 -1
352 63 1061 -1
5780 20 -1
8655 3838 9562 -1 9563 -1
10438 6 27 31 -1 8134 -1 4790 5851 5852 -1 422 10291 -1
481 2 -1 1637 -1
24068 687 5354 -1 240 -1 45 282 -1 2 82 694 3798 -1 3956 -1 143 3958 -1
15036 449 -1
5683 7993 7994 -1 6356 -1 5346 -1 7995 -1 7996 7997 -1 7998 -1 7999 -1 8000 -1 3507 7366 8001 8002 -1 2817 8003 -1 86 7368 8004 8005 -1 3426 3427 8006 -1 8007 -1 1139 3428 3429 -1
21790 5 -1
3298 5898 -1 5899 -1 6075 -1 6076 -1 3291 -1 737 2816 -1 533 -1
13306 2 11305 -1
20907 5 -1
6237 1 879 -1
10805 106 4041 -1 1718 -1 63 130 -1 865 -1 147 -1 4101 -1 3723 -1 8925 -1 3408 -1 434 -1 437 -1 445 -1 447 1725 4780 -1 3726 3727 -1 10402 -1 4221 -1 868 -1 460 1022 2429 -1 465 -1 9067 -1
24821 54 -1
16930 12806 -1
7034 3193 -1
8167 5 -1 37 -1
17390 87 6835 12934 -1
20895 5 -1
15287 54 289 2312 -1
20467 437 -1 6136 -1
18530 85 -1 133 147 -1 466 -1
18245 256 362 1535 2070 -1 687 1599 -1 3472 -1 688 1468 2189 13181 -1 3800 -1 1609 1710 3122 -1 574 -1 2 6 6377 7097 -1 318 2386 5176 5177 10041 -1
23556 315 -1
21668 511 -1
10187 3 1750 -1
23914 5 484 3516 -1
18703 447 -1
16575 703 -1
6683 315 471 677 2825 -1
10275 231 257 364 3646 -1 82 157 366 377 1519 -1 147 584 9786 -1 265 -1
5758 4636 -1
8418 2058 -1
17178 86 -1
8408 63 -1
15143 4048 -1
24714 2800 -1
11517 1022 -1
15078 2 -1
13729 76 -1
1711 245 3965 -1
1251 736 -1
3097 1 -1 2 -1
14403 2 5 -1 6283 -1 11673 -1
16102 1989 -1 1810 -1 1811 -1 828 -1 524 1517 -1 525 -1 1133 -1 526 -1
20558 260 3393 -1 262 -1 158 -1 695 4565 5015 -1 2167 -1 702 937 7050 -1 1020 1713 2172 2173 -1 810 -1 705 -1 706 -1 1148 -1 7059 -1 830 -1 108 111 396 -1 117 -1 1070 10466 -1 13832 -1 2014 5193 6275 -1 5484 -1 711 712 4769 5119 5601 -1 8378 -1 3811 5741 -1 5743 7001 -1 60 2410 5939 -1 6269 8380 -1 9453 -1 1663 1664 8763 -1 832 -1 1035 -1 10788 -1 61 -1 651 4663 -1 962 1478 3984 6122 -1 1174 -1 963 3582 4616 4825 5748 -1 5749 -1 964 4323 -1 5750 9666 10641 -1 7918 -1 6337 -1 10468 -1 5242 10838 -1
3879 315 -1 497 677 2306 -1
13901 1561 -1
13723 6 27 31 1049 2330 2846 -1
5333 0 5 10 26 -1 1 817 -1 3713 -1 1910 -1 2 511 3809 -1 6 -1 2854 -1 76 4594 -1 2063 3819 4097 4598 5788 6566 -1 3378 -1 1613 -1 4099 -1 7399 -1 423 2064 -1 1842 -1
21339 14014 -1
19822 99 5386 -1
5209 2334 -1
2376 5 217 293 5222 5223 -1
164 13 219 -1
10749 768 769 1601 2266 6576 -1 3646 -1 258 1650 1862 3457 -1 2269 -1 235 513 1129 -1 2272 -1 1807 -1
4570 3 6862 -1
1822 2 -1
20433 998 999 -1 76 424 431 -1
68 54 -1
10182 6 -1
12560 86 1528 -1
11256 2 445 -1
19021 88 5661 -1 219 1029 1460 1940 3538 -1 42 1024 -1 44 -1 3436 -1 973 -1
23250 2877 -1 2418 -1 63 -1
20913 800 -1
17110 2 -1
2544 0 -1
2584 1470 -1 2 -1 2988 -1
15282 673 2228 2816 3207 -1 86 147 674 6676 11958 -1 491 -1 1559 -1
6719 8077 -1
12983 10 1580 -1 2 5 19 24 26 76 217 252 254 -1 661 -1
23553 2060 -1 9248 11935 -1 63 643 -1 728 834 2388 -1 48 421 -1 422 567 -1
17757 1009 -1
21848 941 5147 -1
17354 2 -1
15494 76 3775 -1 493 666 -1
7820 9008 -1
17798 493 13047 -1
22095 2 -1 7425 -1
19146 2 277 8048 -1
8812 363 -1 24 -1 1692 -1 256 766 -1 236 258 -1
18402 134 -1
18678 2 -1
14797 2 357 -1
17465 5 11086 -1
12457 24 82 1685 -1 6 1771 -1 2846 -1 50 878 5451 5453 8998 -1
16742 1540 -1
13065 133 7366 -1 3507 -1 86 1724 -1
890 736 -1
22258 360 661 -1 135 147 -1
10209 86 444 -1
19319 433 -1 493 -1
17561 10 2108 2114 2115 -1 0 71 217 -1 5 12987 -1 988 3362 4057 -1 302 746 -1 24 771 3515 -1 8058 -1
11075 461 463 -1
10879 5280 -1 2106 -1
22795 7084 -1
7913 9071 -1
11647 445 -1
6176 3314 -1
21161 10042 -1
964 135 661 -1
1517 865 -1 147 -1
18823 2 1558 -1 736 8112 -1
2720 1037 2146 -1
13817 834 -1 3145 5708 -1 5754 -1 8269 -1 669 -1 6 32 422 4091 6630 -1 530 884 2356 -1
21938 76 147 -1
15174 5 -1 240 -1
5657 454 743 785 -1
42 2 -1
15805 10 -1 0 5 217 -1 856 -1 1456 3679 6635 -1 988 989 1563 -1 840 -1 3386 -1 544 -1 302 -1 1143 5106 -1 1837 -1 2069 -1 2176 3869 4334 -1 3212 4721 -1 581 762 -1 89 769 1024 -1
5634 915 -1 471 -1
17593 137 -1
18038 2 -1
16809 147 533 -1
13475 127 -1
1700 2418 -1
9488 511 1697 -1 230 1698 -1 1112 1599 1806 -1 2041 -1 1701 -1 1702 -1 1628 1629 1650 -1 2951 -1 513 1987 5679 -1 369 1129 1516 4734 5683 -1 772 2071 -1 2123 -1 774 1034 4652 -1 1809 -1 826 -1 1131 4743 -1 371 1018 3435 -1 139 -1 1826 -1 89 556 -1 1755 -1 141 776 -1 4746 -1 4674 -1 780 2403 3389 -1 536 -1 2156 2189 -1 44 597 1828 -1 11 973 1829 2885 -1 9377 -1 2992 9916 -1 237 9917 -1 6539 -1 239 4760 -1 863 1468 -1 2398 2399 -1 247 3347 -1
7310 2 -1
18209 2 7052 -1 13168 -1
4059 2 3516 -1
13607 3127 -1 86 878 -1
22685 14299 -1
630 2092 -1
22796 5 -1
16282 2 1513 -1
11355 3 -1
10317 10 -1 5 357 5388 -1
23339 789 -1
11219 6052 -1 401 896 2147 2299 5517 10529 -1 10544 -1 211 4413 4414 7356 7359 10338 10545 -1
4846 2 63 643 2356 -1 135 -1
21888 1006 -1
7522 217 602 986 -1 39 2084 -1 664 -1 5 -1 1 857 -1 1769 1906 3491 -1 214 683 1455 3385 -1 54 253 -1 257 513 994 1516 1606 3142 -1 881 -1 772 4739 -1 1034 -1 524 525 526 1133 1466 1517 2282 -1 527 -1
23221 10 -1 1580 -1 5 -1 1017 -1 5695 -1
4045 929 -1 232 -1
10672 6251 -1
1124 6 -1 50 -1 204 -1 84 85 -1 878 -1 86 3476 -1 87 3477 3478 3479 -1
1880 377 -1 105 -1 661 4512 -1
17431 5242 -1 63 -1 2945 3597 12948 -1 2456 -1 147 -1
16392 999 -1 135 3197 -1 136 437 2331 4086 4666 -1
18591 2 -1
1488 0 5 10 55 232 1625 -1 2123 -1 783 -1 1470 3282 -1
19927 0 5 10 -1 677 13642 -1
12396 10 26 -1
2509 881 -1 82 100 396 3084 -1 2807 -1
6524 5148 -1
18693 6 204 445 -1
7503 5 -1
20822 1920 -1 45 -1
19951 2 -1
12210 5 2818 -1
10323 736 3006 10244 10245 -1
4691 5 -1
11319 4980 -1
2293 214 5159 -1
6092 5809 -1
2850 154 -1 3142 -1 5187 -1 230 768 -1
7467 147 293 -1 6072 -1
18070 37 -1
9330 5855 -1 562 -1
17444 4479 -1 530 865 3723 -1 312 447 5114 -1
10534 6546 -1 10324 -1
3016 1614 -1
10576 3 -1
13784 720 1036 -1
4756 677 -1
5015 5016 -1 7407 -1
16440 472 -1
998 1043 2291 3258 -1
20132 2 -1
9724 315 -1
22847 134 423 451 -1
20272 147 447 3296 -1
2058 4852 -1
19599 5 -1
14170 205 -1 6054 -1
6962 2 5412 -1
2481 293 -1
7837 9025 -1 9026 -1 1510 7351 -1
10123 433 -1
2034 469 -1
17183 2 46 147 1024 6959 -1
4430 5 -1
1204 3599 -1
125 293 -1
5666 2 -1
22551 315 -1 677 3771 -1
19232 10 -1
15147 2 -1
23653 420 -1
405 1257 -1 1258 1259 1260 -1 1261 -1 1262 -1 1263 -1 1264 -1 1265 -1 1266 -1 1267 -1 1268 1269 1270 -1 1271 -1 1272 -1 1273 1274 -1 1275 -1 1276 1277 1278 -1 1279 -1 1280 -1 1281 -1 1282 1283 -1 1284 -1 1285 1286 1287 1288 1289 1290 1291 -1 1292 -1 1293 -1 1294 -1 1295 1296 1297 -1 1298 1299 1300 -1 1301 -1 1302 -1 1303 1304 1305 1306 1307 1308 -1 1309 -1 1310 1311 1312 1313 1314 1315 1316 -1 1317 1318 1319 -1 1320 -1 1321 -1 1322 -1 1323 1324 1325 1326 1327 1328 -1 1329 -1 1330 1331 1332 1333 -1 1334 -1 1335 1336 1337 1338 -1 1339 -1 1340 -1 1054 1341 1342 1343 1344 1345 -1 1346 -1 1347 -1 1348 -1 1349 -1 1350 -1 1351 -1 1352 1353 -1 1354 1355 1356 1357 1358 1359 -1 1360 -1 1361 -1 1362 1363 -1 1364 -1 1365 -1 1366 1367 -1 1368 -1 1369 1370 1371 -1 1372 1373 -1 1374 -1 1375 -1 1376 1377 1378 -1 1379 1380 1381 -1 1382 -1 1383 -1 1384 -1 1385 1386 1387 -1 1388 1389 -1 1390 1391 -1 1392 -1 1393 -1 1394 -1 1395 1396 -1 1397 -1 1398 1399 1400 -1 1401 1402 -1 1403 -1 1404 -1 1405 -1 1406 -1 1407 1408 -1
12915 315 -1
15067 293 -1
10364 454 -1
5409 5 -1
24148 135 147 -1
13889 3209 -1 7366 -1 86 -1
23440 234 -1 774 1463 -1 45 378 -1 147 -1 471 869 -1
7250 6 8754 -1
5360 2 54 7613 -1
9815 76 -1
21362 14018 -1
15505 147 -1
2604 147 5370 5371 -1 291 786 -1 2335 -1
6841 5 1750 -1
20148 50 -1
23771 10917 -1 630 631 -1 519 775 -1 520 -1 536 -1
726 10 -1 3 -1 5 -1
22194 72 -1
10964 915 -1 870 -1 871 -1 3128 -1 836 -1 8083 -1
21721 4507 -1
7823 672 -1 3330 -1
24271 5 -1
7550 445 2142 3045 -1 743 8907 -1 464 -1
23972 1506 -1 6628 9026 -1 7350 -1 6255 -1 3911 -1 211 2816 2861 10529 14569 -1 86 -1
7118 2 5 -1
18909 5 -1 2 -1
6127 1058 -1 2 526 -1
23001 1565 -1
8201 277 -1
22930 3151 -1 1578 -1 9 1774 14349 -1 86 3476 7455 12938 -1 8780 -1 87 4661 -1
19758 246 -1
22736 338 -1
5741 2 2308 -1
652 866 -1 876 -1
21825 2 -1
17963 434 437 3237 13081 -1
13832 2 -1
13180 11260 -1 5 -1
13234 0 -1
10998 293 5378 -1 2 -1
820 2892 -1
6454 7387 -1
13646 5 1555 -1
23573 4980 -1 836 -1 244 4912 6165 -1 5245 -1
17525 5012 -1
9435 213 8593 -1 9897 -1
17441 8962 -1
308 2 472 -1
7103 5 54 3249 -1
272 489 -1 5 -1
16745 498 -1
19909 195 199 6872 8188 11586 -1 201 203 1137 -1 6 2299 3351 -1 401 896 -1 421 -1 147 -1 866 4497 -1 434 -1 435 -1 437 -1 445 -1
17897 498 629 8732 -1
1998 54 -1
20336 530 13773 -1
16899 61 1480 3757 -1
12124 5 490 4989 -1 63 557 1173 10465 -1
19904 5 1595 -1
12656 8785 11087 11088 -1 6668 -1
24882 933 -1
22090 82 9484 -1
13202 2066 -1
9323 147 736 -1
22576 70 134 -1
7657 856 2206 -1 1 -1 137 1143 1769 -1 90 881 7862 -1 264 1480 -1 6 86 423 2866 4237 -1
13851 10 -1 0 5 945 -1
14421 6 27 28 933 8697 -1 31 -1 36 -1 84 6293 -1 275 2884 -1 896 1154 -1 85 -1
10231 6856 -1 244 -1 3958 4679 -1 469 8033 -1 8493 -1 3824 4027 -1 3850 5244 -1 7863 -1 4899 4900 7949 -1 6182 10199 -1 4045 -1 3414 4910 -1 4912 -1 1007 -1 838 -1 676 3659 -1 873 6166 9423 10200 -1 10201 -1 4917 -1 5115 -1 1815 -1 10202 -1 1925 3131 10203 -1 472 3144 10204 -1 10205 10206 -1 315 -1
21955 9302 -1
18044 9278 -1
23603 265 1736 -1
9605 8264 9964 -1
11918 1100 -1
9183 3455 -1 1142 -1 5 664 -1 58 -1
18856 293 -1
4524 2 -1
12145 4736 -1 515 -1 89 772 3735 -1 44 522 969 1024 4000 -1 1023 1829 -1 304 305 -1 2158 -1 3602 -1
13748 240 -1 2 11475 -1 669 729 730 -1
3315 6 1774 6089 -1
23618 2 147 -1 444 -1
5405 3755 -1 1537 4203 -1 7744 -1
7991 469 -1
14259 230 8243 -1
19169 63 1569 5607 -1 735 -1
3208 1018 -1
13728 5 10 1077 1176 -1
15630 846 -1
20174 293 2451 -1
7297 2 82 -1
1068 473 3417 -1
13318 5932 -1 941 1979 6889 6948 8008 8119 8143 11317 -1
1037 434 3322 -1
17704 315 451 8083 10132 -1
19794 469 4894 4904 -1 226 -1 1655 -1
9878 147 481 497 573 -1
17988 13094 -1 13095 13096 -1 2 13097 -1 147 -1 1140 -1
14767 6883 -1
20294 398 399 -1
15914 5 10 -1
10623 24 581 823 -1 765 -1 154 231 256 511 2037 -1 1600 1700 1701 -1 1601 -1 258 -1 1630 -1 1706 1707 -1 232 -1
3242 10 -1
12835 437 -1
20741 422 1154 -1
4564 89 -1 141 1794 6855 -1 2 -1 705 1070 -1 130 1611 -1 134 -1 422 562 -1 869 2331 -1 3128 6856 -1 467 -1 244 2017 -1 1565 4924 -1
18717 315 -1 677 4939 -1
16708 2 6 76 2064 3235 3378 12732 -1 2302 -1
18427 72 -1
23194 76 -1
1606 3674 -1
17781 13040 -1
9207 0 -1
18663 2 -1
24275 6136 -1
24216 7874 -1
1473 2816 -1 673 2228 3207 3915 -1 2857 -1
11862 2230 -1 10749 -1
141 592 -1
10232 8899 -1
16876 896 2299 7906 -1
12084 2 3271 -1
15436 10 -1 639 4132 7972 -1 1996 6212 -1 0 2315 -1 217 -1
7606 267 -1
20391 2017 3415 -1 3971 -1
10169 2 3502 -1
1774 6 204 4377 -1 1050 -1 1051 -1
21990 5 240 2415 14140 -1
22811 2 -1 6 -1
377 737 -1 632 -1
2815 147 -1
20498 2885 4758 -1 12 973 -1 237 -1 239 688 1468 6294 -1 2012 5536 13813 -1 98 2978 -1
2279 10 -1 5 -1
1025 2 -1
20015 5 -1 2 729 -1 2980 -1 736 -1
12445 10996 -1
1942 333 334 335 336 -1 337 -1 338 -1 553 -1 5 10 268 555 -1 214 -1 89 232 765 -1 969 2398 -1 4590 -1 63 1610 4591 -1 4592 -1 2456 3404 3954 -1 70 2100 4593 4594 -1
9893 2 3000 -1
11847 5 -1
631 491 -1 492 2094 -1 493 -1
21435 4599 5525 7835 -1
11138 5 26 5686 -1 4736 -1 89 277 293 -1 6 889 -1
24799 896 11746 -1
19962 497 -1
22824 2 -1
7933 3 -1 5 2343 -1
21080 0 -1
11144 5 1167 -1 2 -1
975 2 3203 -1
1677 1143 3431 -1 319 -1
12872 5 -1
17208 84 85 -1 3422 -1
10839 2 715 -1
22980 434 -1
11988 147 -1
11658 87 -1 445 451 10723 -1
3546 2 148 -1
20752 147 669 736 -1 433 445 4781 13879 -1 461 -1
7813 2302 -1
7692 204 669 1506 5300 7729 8978 -1
18401 63 785 2092 -1
23161 5 -1
11143 1 293 -1
8944 489 -1 54 -1 3181 -1
4984 7388 -1 915 -1
7339 2 -1
6112 10 1523 -1 217 -1 313 -1 5 109 8236 -1 2423 2920 5709 -1
12001 147 -1
3609 2 -1
6889 2 1980 -1
16455 5877 -1 24 772 837 2951 5116 -1
12010 315 -1
20269 13343 -1 2 -1
2847 5 -1
2271 469 -1
24327 824 1824 -1 230 796 1128 2042 4059 -1 929 4727 -1 232 -1 2872 -1 2951 3139 5677 -1 4728 -1 1987 -1 1462 2268 -1 1864 3119 4511 -1 234 5678 -1 235 10485 -1 236 3264 -1 9686 -1 5369 -1 513 -1 2270 -1 1129 3500 4731 -1 369 -1 5683 -1 994 -1 4732 -1 1606 2952 -1 3879 4495 -1 2271 -1 2272 -1 5684 -1 2273 -1 881 4734 5685 -1 2434 5686 -1 2970 -1 5167 -1 1807 4735 -1 514 -1 5687 -1 3576 5689 -1 883 2275 2276 2820 -1 649 -1 2278 -1 2972 3387 -1 2279 2973 -1 773 4651 -1 1034 -1 4742 -1 370 774 -1 6332 -1 1467 -1 775 1131 1808 5953 -1 1018 4506 -1
971 2 -1 3201 -1
2154 275 -1
21782 31 -1
1202 70 318 319 320 1528 2386 -1 998 -1 999 -1 76 -1 472 915 -1
15795 72 12467 -1
11305 1120 -1
16911 217 -1 5 -1
6018 147 721 725 2193 2387 5975 -1
18499 2 63 -1 6 -1
4464 454 2017 -1
18391 669 -1 48 -1
7647 2825 -1
5430 76 422 736 -1
550 76 -1 433 -1 495 -1
8868 2 54 -1
14133 10 1056 4134 -1 26 602 -1
432 92 -1
8588 2 5 63 -1
1118 491 -1
8596 7733 -1
6398 871 -1
3170 5935 -1
12416 589 -1 562 -1
17772 5 511 1693 1694 1695 1696 -1
20860 3144 -1
10458 521 779 4676 -1
18991 2278 7410 -1 381 520 521 1747 4562 -1
15567 147 469 3824 -1 676 2947 -1
10584 2092 7159 -1 63 643 -1 2455 -1
11159 10 -1 5 2343 10519 -1 2 54 10520 -1
6692 76 289 736 -1
174 76 -1
22935 63 -1
13328 2291 -1 2 -1 2303 -1
10126 2 -1
1005 10 -1
1065 1681 3354 -1 134 -1
8476 5 -1
8463 3144 -1
2620 6 2390 -1
8544 1 -1 6 -1
15175 466 -1 498 -1
11048 2 -1
12150 3956 6071 6072 -1
6926 2 147 2034 8585 -1
5138 7496 -1
9415 367 -1
18450 4073 -1
10571 422 -1 998 -1
22168 5 82 1143 1466 1804 -1 980 -1 6 -1 8048 -1 84 672 -1 85 147 -1
17118 583 -1 6 63 -1
3884 5 253 -1
11834 1783 10775 -1
18886 3723 8925 -1
7176 3316 -1
17707 343 -1 544 1454 1642 3386 6117 -1 44 301 -1 3436 -1 238 973 -1 2398 -1
10324 151 -1 554 992 -1 89 -1 915 -1
8173 5 986 -1 2 -1
16966 76 -1
1527 3970 -1 88 -1
20828 244 -1
14044 140 -1
11010 2 7049 10465 10466 -1 711 2057 5739 -1 8381 -1 1666 5139 -1 832 1035 8763 -1 62 3984 -1 5968 -1 10467 -1 5705 -1 4616 5969 6241 -1 3529 10468 -1 4326 8893 -1 2058 2385 -1 22 643 9623 -1 718 -1
9088 291 434 437 460 472 4044 6851 -1
13853 1484 1559 -1 4968 -1 469 3092 -1 4610 4900 4969 -1 6166 -1
21804 2 1064 -1
1219 6 -1
3916 986 -1
13616 1957 -1 1959 -1 4395 -1 1506 4360 6159 -1 1508 -1 924 -1 2353 -1 205 1051 2816 4353 -1 498 2228 -1
24126 2 2123 -1
8662 1120 5623 -1 357 -1
13783 260 2009 2134 -1
11979 743 4218 -1
7738 0 -1
2385 238 -1
23303 2 -1
3258 3144 -1
9888 2133 -1 2 9901 -1
11662 0 -1 5 -1
19332 3753 -1 135 -1 1100 -1
12692 5 54 -1
24737 378 -1
16373 12647 -1 401 -1
11933 1 -1 10814 -1
17895 7114 -1
9670 1517 -1 525 1133 2282 -1 1518 -1
22094 5 14172 -1
3529 676 869 -1 573 -1
18903 896 -1
13501 1349 1350 1351 1352 -1 1353 1354 1355 1356 -1 1357 -1 1358 1359 -1 1360 -1 1361 -1 1362 -1 1363 1364 -1 1365 1366 -1 1367 -1 1368 -1 1369 1370 -1 1371 -1 1372 1373 1374 -1 1375 -1 1376 1377 -1 1378 -1 1379 -1 1380 -1 1381 -1 1382 1383 -1 1384 -1 1385 -1 1386 -1 1387 1388 1389 1390 -1 1391 1392 1393 -1 1394 -1 1395 -1 1396 -1 1397 -1 1398 1399 1400 -1 1401 -1 1402 -1 1403 -1 1404 -1 1405 -1 1406 -1 1407 1408 1409 1410 1411 -1 1412 -1 1413 -1 1414 1415 -1 1416 1417 -1 1418 1419 -1 1420 1421 -1 1422 1423 -1 1424 1425 -1 1426 1427 -1 321 1428 1429 -1 1430 1431 1432 -1 1433 1434 -1 1435 1436 -1 3776 3863 -1 281 -1 3864 -1 2108 2109 -1 2110 2111 2112 2113 -1 3865 3866 -1 3867 -1 2114 -1 2115 -1 10 217 -1 5 -1 5945 -1 55 302 1889 3110 5656 10839 -1 545 7412 9611 -1 252 -1 758 -1 3991 -1 254 -1 1567 1690 -1 2179 -1 24 1692 -1 1531 2132 -1 841 -1 11371 -1 70 998 -1 76 -1 147 3296 -1 976 -1 5189 -1 977 -1 445 -1 2428 -1 312 -1
16788 12761 -1
5127 3914 -1
243 1 -1
2629 6 -1 472 -1
6066 7512 -1
19049 2415 3530 -1 814 -1 551 726 -1
13360 2 -1
21910 277 293 4039 14132 -1 6 -1
5495 447 -1
19117 2 3 5 -1
11982 0 5 -1
6833 2816 6461 -1 275 4018 6629 8551 -1 3350 -1 896 1089 -1 86 210 1090 -1 5364 -1
8453 2034 2118 9409 -1 2 1609 -1
17572 2140 -1
24603 2 -1
7636 135 1100 -1 147 -1 666 -1 437 493 -1
21232 743 -1
13337 26 -1 5 6 520 -1
16046 6 -1 8818 -1 3169 3616 -1 275 -1 76 632 896 -1
21342 10 331 337 338 -1 5 63 -1
13560 2 11386 -1
6977 5 -1
8684 4668 7321 -1
18847 258 -1
682 226 291 447 1022 -1
2088 6 40 45 378 4943 -1 1100 -1
15308 1141 4981 -1 498 -1
24427 469 1925 3144 -1
20438 422 -1 76 5082 -1
80 466 467 468 469 -1 470 471 472 473 -1
13098 6 147 -1 440 -1
3040 0 210 3087 -1
23099 0 -1
2098 4950 -1
13539 0 -1 5 -1 2 -1
5473 2983 -1
11175 4144 -1
17777 3181 -1 2 63 495 3611 3767 4810 -1
11679 2825 -1
768 63 -1
8829 9636 -1
17052 3 5 -1
8843 7349 -1
3304 2 54 -1
18906 963 -1 814 -1
19020 5 -1 2 293 -1
11732 6266 -1 1713 2172 4628 8268 -1 2296 -1 13 117 1070 3809 -1 3085 5261 6277 8378 -1 1478 5139 8380 9666 10743 -1 583 -1 63 643 -1
15638 2180 -1 2093 -1 6007 -1 666 -1
8021 0 -1
11049 2 151 -1
20266 135 -1
14211 1599 -1
22626 147 434 533 562 -1
4536 6826 -1 130 1173 4799 -1 6 401 896 1528 6827 -1
15561 12367 -1
9306 718 -1
14089 5 -1
24300 2 76 -1
17284 5 -1 2 12895 -1
18738 2 -1
9789 211 10005 -1 6915 6916 -1 86 311 -1 147 -1
12008 10812 -1 86 134 -1 422 -1
10660 562 -1
8205 473 5829 -1
24268 147 572 3267 -1
14157 315 -1
18149 464 -1
15063 2 1719 -1
1505 2 3072 -1
733 330 -1 331 332 333 337 338 -1 2325 -1 150 507 2326 -1 10 986 -1 5 270 2327 -1 2025 -1 360 1686 1980 -1 2328 -1 823 -1 513 517 772 1033 -1 89 -1 158 527 -1 692 -1 379 693 -1 2047 -1 2159 2329 -1 82 -1 830 -1 100 -1 101 105 -1 1480 -1 22 -1 903 2330 -1 6 -1 84 -1 85 -1 147 463 869 -1
16961 5 -1 3196 -1
3407 6 63 583 5026 -1 48 86 632 1139 1979 -1
13524 5 -1 2 9214 11380 -1
20224 2416 -1 6 48 203 2220 -1 84 85 204 -1 147 291 445 449 1140 1724 -1 454 1725 -1
11037 5 10475 -1
3586 54 6311 -1
8271 5 -1
14934 2332 6867 -1
7961 2 -1 3723 -1
21495 1704 1810 1811 -1
18621 157 258 1601 1707 -1 2268 -1 233 2269 -1
24626 5693 -1 779 -1
22552 986 -1 217 -1
21588 10 -1 26 -1 5 -1 2 302 912 913 914 1473 2049 -1 959 2297 5392 5731 7273 -1 5235 -1
17217 5 -1 72 -1
1499 86 -1
1062 3343 -1
18075 491 -1
22967 5 1837 -1 355 1643 -1 20 578 -1 357 539 -1 280 2376 -1 4447 -1
6585 0 -1
21216 315 2306 -1
9928 586 -1
14234 5 -1
8846 8337 -1 5898 -1 5899 -1 8157 -1 2816 -1
16215 72 -1
4632 1773 -1 878 2857 4857 -1 76 289 6181 -1 147 445 2888 -1
2180 259 280 1857 2189 2402 -1 828 1024 -1 1468 2291 -1 3258 -1 3404 -1 6 133 -1
3390 239 2051 2104 2134 2397 2398 3917 6161 6162 6163 -1 695 3140 3803 -1 5233 -1 3368 -1 698 -1 2 99 104 118 -1 3809 -1 953 -1 134 2424 -1 443 -1 915 -1 6164 -1 4980 -1
10252 3978 -1 101 1558 -1
12032 445 447 -1
16126 6 -1
8267 1024 2071 4743 -1 688 2330 -1 933 2880 -1 6 27 -1 2225 -1
8729 5 9594 -1
3540 1018 -1 89 371 2219 6263 -1
15350 5 -1
5757 915 -1
4251 0 -1 5 -1 2 -1
705 1755 -1 140 524 1517 -1 525 -1 526 -1 2282 -1 527 -1 528 529 1518 -1 2283 -1 147 830 1035 2284 -1 463 -1 2285 -1 836 -1
16587 2 3984 -1 76 -1
21147 3101 -1 135 -1 1100 -1
12559 2 632 687 -1 72 3956 -1
23450 54 -1 2 -1
20748 2 471 503 -1
23930 214 252 2837 -1 24 771 1112 2071 -1
12910 2 -1
6912 661 -1 135 -1 451 915 1100 3091 -1 871 5330 -1
21044 1414 1415 -1 1416 -1 1417 1418 1419 -1 1420 1421 -1 1422 1423 -1 1424 -1
12131 736 865 -1
21176 7577 -1
8153 2 -1 437 5714 -1
15408 2 1124 -1 7348 -1 736 -1
23506 10 26 -1 217 -1 1 5 1804 1891 1894 3384 -1 353 355 -1 24 228 229 686 2037 -1 256 -1 230 231 -1 157 366 369 2951 4732 -1 370 774 -1 490 -1 5693 -1 241 -1 2 6232 -1 814 -1 63 -1 4557 -1
19623 737 3377 -1
21053 63 5027 -1
1739 4356 -1 4357 -1 533 661 1613 -1 135 433 -1
20694 147 -1
1417 248 688 -1 689 -1 221 282 378 3393 -1 3798 -1 2047 3218 3799 -1 2049 3800 -1 3801 -1 3140 3802 -1 3223 -1 1469 1470 2159 3803 -1 696 -1 3321 3395 -1 671 -1 2 2093 3804 -1 705 -1 3805 -1 13 831 3806 -1 3419 -1 97 103 396 1715 -1 105 558 -1 709 3612 -1 3807 -1 111 1070 -1 559 -1 1716 3808 -1 124 127 129 1718 -1 3809 -1 3810 -1 713 -1 2415 3811 -1 814 833 -1 2219 3812 -1 3813 -1 719 -1 720 721 -1 2387 -1 1036 -1 2370 2388 -1 725 726 3814 -1 3815 -1 730 2422 3816 -1 2423 2981 -1 3817 -1 134 669 865 3818 3819 -1 530 -1 562 661 3820 -1 135 147 1100 3723 -1 437 452 464 743 786 3091 3821 -1
4934 5 -1
3593 147 157 293 -1
13543 1955 2803 3275 3306 8681 -1 204 -1
19073 2 1799 -1
11951 1007 1751 3144 -1
21036 941 -1
11383 10 -1
6131 135 491 -1
5814 361 1691 1805 -1
11190 2 421 520 -1 1140 -1
9588 5 -1 2 9956 -1
23664 7935 -1
15160 86 -1 5259 6834 -1 2396 -1
19769 214 -1
12329 346 1148 -1
538 6 277 896 -1 86 1798 -1
19041 2 -1
3393 0 5 54 141 -1
19613 5 1601 -1
3589 75 1835 1896 1897 -1 3090 -1 1 817 1898 -1 818 1903 1904 4183 -1 1908 4193 4194 -1 65 316 346 3358 4200 4201 -1
18629 2 54 -1
19577 755 -1 2 118 437 7133 -1 13561 -1
595 5 257 437 763 1997 -1
15037 2945 -1 1047 -1
2054 10 -1
857 885 -1
9 23 -1
8821 291 -1
16017 437 -1
7321 6112 6113 -1
11571 1816 6890 -1
20501 11178 -1 2812 6051 -1 575 6290 -1
9998 10089 -1 135 -1
8286 5 647 -1
11957 2302 -1 5933 -1 2017 4045 10821 -1 4969 6716 -1
22519 0 5 -1
17919 7872 -1
20146 85 -1
18361 76 3197 5942 -1
11174 666 869 -1
24836 1959 -1
23956 896 -1
11748 2 151 1713 -1
11358 147 629 3389 -1
12206 31 147 -1
20564 1361 -1 1362 -1 1363 -1 1364 -1 1365 -1 1366 1367 -1 1368 -1 1369 1370 -1 1371 -1 1372 1373 1374 1375 1376 -1 1377 1378 -1 1379 -1 1380 1381 -1
4447 3667 -1
24975 14798 -1
13281 10 -1 26 -1 5 6 1918 4341 -1 939 2241 -1
4058 134 -1
5884 3467 -1
11632 302 1091 -1
3911 468 -1
855 472 -1
8580 437 -1
24528 468 3956 -1 1815 3144 -1 472 -1
8277 335 -1 336 -1 337 -1 267 338 -1 6710 -1 2018 -1 2019 -1 10 4054 -1 3331 -1 5 159 -1 88 2102 3663 -1 54 -1 1643 -1 355 1679 1838 -1 686 -1 19 20 844 -1 1645 -1 539 -1 357 799 -1 24 228 358 363 746 1535 -1 765 2040 -1
11948 10817 -1
17985 3482 -1 989 991 3796 -1 302 -1 239 272 771 1650 13084 -1 2 318 7701 -1 147 -1
11786 2 5 10757 -1
16483 6219 -1
10865 10421 10422 -1
8407 2 -1 2406 3375 5599 8267 -1
3489 4335 -1
8909 5 10 -1
3630 1078 -1
9504 134 3820 -1 244 -1 265 469 2250 -1
20419 315 4822 -1
2971 5 137 736 -1
7459 2 -1
3014 497 632 -1
19247 2 -1
5198 2 5 10 76 -1
22851 398 -1 1833 -1 399 3756 -1
10872 5 10431 -1 10432 -1
8450 5147 -1
15670 214 377 -1
4832 3625 -1
19786 606 -1
23138 0 2 5 -1
19486 639 -1 5 4863 8324 -1
8982 2 9680 -1
11008 147 1165 -1
3105 2825 3103 -1
13921 6 -1
3713 6 63 -1
20929 5 -1
5820 293 -1
16877 6430 -1
18177 71 344 -1 2135 -1 2 375 3101 -1 311 -1
7079 8669 -1
16464 137 -1
8564 272 503 1799 -1 2 8377 9464 -1 63 -1 204 9465 -1 76 -1
22725 10 798 -1
22565 2 12527 14280 -1 6 277 -1
24884 2 45 147 2195 6142 -1
16540 589 -1
4382 2275 -1 140 1467 2973 4651 -1 4749 6742 -1 1829 -1 239 -1 6743 -1 261 -1 45 1470 5054 -1 2 806 -1 147 3580 3637 6744 -1 4338 -1
16713 5509 -1
24199 2 82 95 -1
5478 39 -1 658 -1 659 -1 664 -1 5 988 -1 137 302 1563 -1 229 -1 511 -1 230 -1
13356 915 -1
12158 5 758 4987 9476 -1 539 1534 -1 1535 -1 511 774 968 -1
10401 2144 -1 4884 -1 4885 -1 2303 -1
15189 135 -1
3533 896 -1
3400 264 -1 6 884 1001 1565 -1 1559 3742 -1
2894 3296 -1 289 2063 3568 -1 423 736 3197 -1 135 -1 966 1100 -1
12062 289 736 786 -1
1954 2 736 -1
14723 4611 -1
14241 0 5 39 -1 346 820 860 -1 618 -1 5434 -1 302 7408 -1 539 4706 -1 4945 -1 256 511 1863 1864 2037 3644 -1
22335 2 4876 -1
23030 5818 -1 567 998 2309 -1 999 -1
15343 147 437 452 785 -1
5689 320 2386 2868 -1
10911 7797 -1 2 8336 -1
11792 433 437 -1
7664 147 -1
23252 54 545 1143 1535 -1 258 -1 76 147 421 491 666 -1
10753 2 -1
3959 117 315 -1
10303 10 68 -1
13766 2 1917 -1
12417 90 -1
19949 293 3674 -1
3901 315 -1
16435 5 -1
24640 1979 -1
9455 5 10 306 -1
24876 3627 -1 2 45 378 2847 4444 -1 147 468 1817 2017 3101 3144 -1
24585 147 -1
12905 503 -1
4397 6749 -1
236 838 -1 791 873 874 -1 875 -1
11040 5 420 -1
20058 5 -1
16049 871 -1 3668 -1 473 -1
12025 677 5224 -1
17241 3234 -1
3452 896 -1
11582 5027 -1
11769 2 54 1816 -1
24852 6 264 1866 7696 -1 12907 -1 401 896 5204 8918 14446 -1 86 -1
2413 736 -1
20231 3824 13084 -1
14996 2066 3416 -1 136 792 -1
13367 1 2 3588 -1
17812 363 -1
4234 2 -1
1607 4027 -1
3192 5989 -1
22977 5115 -1
1648 5 -1 214 -1 2 137 360 -1
3374 10 -1 26 -1 5 -1 2 6143 -1 397 1059 6144 6145 -1 2221 -1 6146 -1 398 6147 -1 1833 6148 -1 399 5576 6149 -1
5966 86 211 6812 -1 8143 -1 1979 -1 8119 -1 4977 -1
16947 5 151 -1
24392 5 -1
7695 2 -1
197 727 728 -1 729 730 -1 731 732 -1 733 -1
11176 315 -1
10882 54 -1
11628 10679 -1
13040 76 -1
14955 234 -1
16138 3614 -1
5383 3200 7727 7728 7729 -1
23423 13 92 289 -1
853 5 -1
16182 1117 -1
24007 63 -1
6697 5 -1 729 -1
12704 2 147 -1
11585 10663 -1
365 1090 1091 -1
21173 1055 -1 5 -1
18509 2 10 -1
17152 445 -1
17112 6 -1
19151 240 -1
18725 1973 1976 -1 86 210 1977 -1
14492 217 313 -1 5 88 302 1886 -1 137 1837 -1 1643 -1 761 3196 -1 20 357 -1 511 1535 2028 -1 258 -1 1464 -1 2159 3337 6163 8532 -1 272 -1 11707 -1 3637 -1 147 786 3852 -1
5799 100 377 -1 871 4045 -1
16010 497 -1
10199 54 6451 10182 10183 -1 498 609 4822 4887 7194 -1
11589 5 293 -1
7798 2228 3910 -1
22238 2 272 -1
15204 457 -1
17918 2428 -1
22207 147 -1
23142 3971 -1
15948 12509 -1
9507 205 2232 6052 9896 -1 878 896 -1 147 -1
23820 2 5 952 11787 14540 -1
484 1654 1655 -1
16298 5449 -1
11660 5 3181 10724 -1 63 -1
14788 3619 7981 -1
5604 289 -1
13229 63 1148 4965 -1
22329 828 -1 31 82 135 -1 572 -1 493 -1
16885 0 5 -1
23561 320 4888 14490 -1
9707 7793 9985 -1
14471 0 555 -1
2752 39 639 1568 -1 2 5 6 54 674 1516 -1
7849 2 5 10 -1 3924 -1
24408 773 -1 472 14683 -1
23397 315 869 3957 -1
20320 76 736 -1
22919 471 884 -1
21313 557 2399 -1
7635 133 -1
7365 1468 2398 -1 282 -1 693 -1 1180 1921 5957 -1 293 1165 3665 3803 8794 -1
16879 445 3019 -1
18778 291 1654 1725 -1 3958 -1 1169 4915 5245 -1
20912 3615 -1
5983 2009 2158 3602 4762 5697 -1 2 125 2920 8146 8147 -1
22633 1130 -1 2 -1 3087 -1
10108 72 -1
19887 2 -1
19680 489 -1
219 530 -1
1553 147 -1
8968 84 85 134 204 1155 3922 -1
23298 198 -1
20557 48 134 422 437 729 -1
4419 143 792 6765 -1
12030 8839 -1
10636 615 -1 0 5 -1
24784 1192 1193 1194 -1 1195 -1 1196 1197 1198 -1 1199 -1 10 267 1200 1201 -1 217 -1 5 138 1143 -1 4441 -1 862 1643 1645 2069 3764 -1 255 -1 154 -1
24659 669 -1 70 76 -1 3338 -1 437 444 -1 8481 -1
11923 413 1587 -1 135 661 -1 147 -1
11303 460 6884 -1 3653 6714 -1 467 -1 2286 -1 265 471 1655 1925 -1
19100 851 3808 -1 126 -1 63 3834 5939 -1 1140 -1 433 -1 785 -1 454 491 -1 244 835 4649 -1 143 -1 6839 -1 1655 2825 3103 -1
17126 134 -1
13157 3453 -1 698 11230 -1
8882 337 2021 -1 2 -1
9187 6 320 5176 -1
7390 874 2335 3144 3878 4981 5115 -1 315 471 -1
8401 869 -1
17550 147 -1
8552 3144 -1
15273 2 5 -1
6933 666 -1
593 44 522 597 -1 587 -1
20098 5054 -1 45 130 1558 -1 1756 -1 2057 -1 3123 -1 833 1476 2415 3984 5706 6985 7538 -1 22 717 2061 -1 718 -1 3765 -1 726 1587 4067 4777 -1 5112 -1 728 -1 134 311 669 2422 -1 3834 -1 147 3053 -1 454 743 3060 3064 -1 457 -1 584 -1 463 4665 -1 491 -1 572 915 -1 143 -1 3130 8481 -1
12325 7403 -1
20388 776 -1 48 140 141 244 777 -1
23403 10 1038 -1 5 -1
7852 9034 -1
15946 130 131 -1
3129 3004 -1 5183 5896 -1 5897 5898 5899 -1 2816 5900 -1 3926 -1
3144 2 5409 5911 -1
17182 228 361 -1
19211 315 926 -1
6667 72 -1
23941 1506 -1
11180 2154 -1 746 -1 1690 4721 -1 4723 -1 762 2034 -1 228 -1 239 363 367 2037 2291 3347 -1 2132 3215 4421 5532 -1 45 378 3321 -1 272 10527 -1 82 1172 1173 4989 10528 -1 703 2167 9614 -1 13 94 3231 5552 -1 95 3488 -1 396 1714 2896 3918 -1 117 1070 4043 6321 -1 119 7138 -1 1102 6275 -1 6277 -1 2407 -1 583 3112 7152 -1 3884 -1 3400 -1 669 3904 -1 1495 -1 204 3909 4390 -1 1506 1507 -1 7592 8468 -1 84 85 2816 10529 -1 70 -1 76 736 865 -1 147 1076 3101 3197 5439 -1
1855 870 2818 -1
10932 1000 -1
2406 399 -1 31 5239 -1 204 1506 -1
12019 265 -1
19588 55 540 1940 3362 -1
21928 740 1856 2040 -1 783 -1 445 832 837 -1
17111 8633 -1
607 2069 -1 686 844 -1 761 1645 -1 2070 -1 258 -1 157 -1 520 1747 2071 -1 2072 -1 2 277 -1 6 -1 2073 -1 320 1613 2074 -1 661 -1 135 -1 147 -1 446 -1 265 -1
15080 2 -1
16570 5969 -1 5748 6334 -1 3582 5235 -1 4328 -1 2366 2878 4065 -1 5310 -1 643 650 2060 -1 1480 2219 2455 -1 22 -1 1036 8782 -1 2370 -1 4617 -1 1812 6464 -1 846 -1 729 3403 -1 134 2879 -1 735 1076 3820 -1 431 -1 437 -1 444 -1 452 -1
20819 11847 -1 1160 -1 6507 9971 13894 13895 -1 8563 13896 13897 13898 13899 -1 31 13900 -1 1781 -1 6508 -1 36 1933 -1 1953 -1 5888 6048 13901 -1
24954 441 -1
4456 493 677 3987 6223 6786 -1
6369 135 -1
22316 6630 -1 894 14226 -1 896 2866 5642 -1 421 -1 437 -1 2017 -1
12323 135 -1 437 -1
23233 87 -1
5202 2306 -1 677 -1
14379 5 -1 992 -1
11868 2228 -1
16656 5 -1
10010 1495 -1 442 -1
7988 2 -1
15064 498 -1 885 -1
3272 4857 -1
12026 76 1100 -1
19961 0 10 -1 5 -1 360 3321 -1 2 -1 5629 -1 700 6864 -1 9128 -1 703 6485 -1 708 831 -1 713 8378 -1 3085 7968 8379 -1 1035 -1 5966 -1 61 10975 -1 938 -1 583 -1 63 2058 2387 4311 -1 723 1036 -1 1168 -1 726 4799 4800 -1
6211 302 3514 -1 685 -1 44 -1 2212 -1
6298 4633 -1
12219 1976 8100 -1
15268 2 -1 147 -1
11685 82 4284 4303 -1 2 530 -1
602 0 -1 5 2009 -1
1435 315 -1
9550 1569 -1 2 -1
12184 5011 -1
24582 2 -1
15253 72 1799 -1
11039 1979 3480 -1
3071 1140 -1
9174 2100 -1 76 433 6078 6783 8465 9732 -1 3535 3886 9789 -1 3102 -1 876 -1 467 3956 -1 1736 4921 8480 -1
709 2301 -1 213 469 836 2144 2302 2303 -1 676 2304 2305 -1 315 -1 677 2306 -1
21189 0 5 -1 992 -1
13916 2 -1
319 5 -1 231 1017 -1
16100 12558 -1
21670 0 -1
5112 489 -1 5 -1
4509 851 1742 6172 -1
2678 5 -1 943 3691 5434 -1 5435 -1 152 -1 1118 -1 581 761 765 -1 256 2376 -1 154 767 1856 -1 2039 4750 4751 -1 2 536 996 2189 -1 661 1000 3101 -1 135 -1 1100 -1
5273 135 -1
20213 401 7980 10798 -1 896 -1
22700 1072 1073 -1 63 717 -1 865 -1
807 147 -1 291 -1 437 -1 265 473 -1
1085 2 3441 -1 3442 -1
16053 431 445 -1
11202 1139 1527 2242 10533 -1 320 1100 -1 147 1140 -1
16845 0 5 280 6358 -1 11544 -1
4768 4067 -1
22834 320 2386 -1 421 445 -1
3013 5 -1 2 -1
3299 76 6078 -1
19703 2 5 -1
15265 506 4882 -1
8137 736 9161 -1
6891 63 -1 315 600 1671 2144 4799 -1
1257 31 736 -1
2913 214 -1 353 1644 1804 -1 253 -1 1686 -1 229 581 1513 1805 -1 154 -1 184 203 378 1709 2039 2662 -1 5787 -1 204 1495 -1 4360 -1 1051 2815 -1 3924 -1 672 -1 2816 3207 -1 2228 -1 3296 5788 -1
7196 3765 -1
13624 4235 5848 11433 -1 76 4073 -1
13996 2 293 -1
13925 0 -1 5 257 -1 391 433 520 771 1834 3978 -1 445 -1
8824 527 528 529 1518 2282 2283 -1
19200 1654 -1
4108 471 -1
515 6 933 -1
7220 915 2302 -1
22146 5 -1 137 -1 2 1143 5498 -1
24456 639 -1 14703 -1 1641 -1 5 54 -1
21876 147 -1 3625 -1
979 437 -1 1010 -1
2272 1013 5150 -1
8856 9651 -1
20983 5 -1
6802 315 -1
22460 1482 3568 -1
16237 1977 -1 210 -1
15778 76 -1 135 147 632 736 -1
9511 786 -1 2331 -1 876 2333 -1 4980 -1 3823 -1 244 467 -1 468 4679 -1 8469 -1 4968 -1
1289 1140 -1 437 -1 785 915 1006 1751 -1
4324 82 -1
22058 23 -1 147 -1
8503 9427 -1
4209 0 -1 5 217 -1 88 454 817 -1
5528 147 -1
335 2 5 -1
16815 8987 -1
13808 2 676 2043 2951 -1
4547 6 76 -1
8703 2 7533 -1
14039 6232 -1 960 -1 8378 -1 2878 11547 -1 2385 -1 63 -1 4067 7184 -1
2158 2 -1
5830 44 89 141 490 1018 1131 1809 5500 -1 1144 3436 -1 2 973 2135 -1
8466 2416 3023 -1
9423 2 -1
6955 5 -1
14191 495 677 1816 1817 8038 -1
16640 7313 12719 -1
1398 1751 -1
17163 2 495 -1
9305 4884 -1 1007 1766 2332 3987 4887 9834 -1
12005 320 1528 -1
9235 9810 -1
16016 10 -1 217 986 -1
6087 433 447 1140 -1
22547 2 -1
14027 583 643 2365 7158 -1 63 -1 134 147 669 1036 -1
12397 1 2 -1
3986 2 63 247 -1 277 -1 6 48 445 -1
15384 2811 -1 2233 11009 -1 5183 8337 11981 -1 11982 -1 3190 3249 3288 -1 205 8155 -1 5929 11692 -1 3290 10366 -1 11100 -1 5898 -1 5899 8157 -1 6461 -1 2816 4403 6075 6076 -1 11101 -1 11983 -1 673 3207 -1 3292 5841 11693 -1 10926 11574 -1 9094 -1 10927 -1 5902 6785 10529 11984 -1 8029 -1 10854 11985 -1 11404 -1 11405 -1 3160 11986 11987 -1 644 1078 11988 -1 11406 -1 3162 9003 9333 9934 11407 -1 4018 -1 11989 -1 8792 9974 11990 11991 -1 10624 11992 -1 3169 11993 -1 2884 -1 275 9346 -1
13173 676 -1
23788 2332 -1
8430 76 -1 147 884 2064 -1 976 -1 977 3237 -1 786 1565 -1 2183 2825 -1
13666 5 -1
19131 448 449 452 -1
8337 1463 -1
18555 7138 10521 -1
7562 241 8911 -1
22162 2856 -1
18850 567 884 3378 -1 135 -1 1100 -1
4220 1750 -1
4965 272 2800 -1 147 -1
21906 5395 -1
5878 0 505 -1 5 1017 1457 -1 1024 -1 3606 -1 8088 -1 48 63 -1 530 -1
2786 5509 -1
2899 5 -1
17237 315 -1
21048 7114 13944 -1
10885 5 -1
16974 2 -1
20861 275 10629 13904 -1 2300 5237 -1 5203 -1 5204 -1
4885 5 1143 -1 377 445 -1
1310 2231 -1 1574 -1 889 1773 2233 2395 -1 3705 3706 -1
20623 23 -1 135 147 3722 -1 72 3659 9620 -1
17387 2 5 -1
22253 5213 -1 7266 -1 12013 -1
18677 2 -1
20628 5 -1
11837 4099 7868 -1 1842 2064 -1
9127 5517 5518 9747 9748 -1 85 2147 5520 5522 -1 1528 3466 -1 76 147 1075 1482 1613 5788 -1 447 666 -1 243 -1
18493 2144 -1 493 495 497 -1
3172 5936 -1
204 76 -1
1001 2 -1 3259 -1 6 896 -1 3208 -1
3488 6210 -1
17552 421 -1
16696 97 -1
930 291 -1
11221 7360 7362 -1 211 5346 7364 -1
9425 5 10 597 -1 587 -1 11 -1
11857 9240 -1
3750 0 3 10 217 986 -1 5 1835 -1 88 2024 -1 295 302 353 -1 758 -1 900 -1 20 357 539 1533 -1 1684 2028 -1 3681 -1 254 1123 -1 1567 1690 -1 24 -1
9013 461 -1
12405 643 -1 1036 -1 915 2879 3404 -1
4146 72 1117 -1
15529 147 265 -1
14081 147 -1
18719 4362 -1
3735 2 422 -1
21211 1817 2094 -1
375 1113 -1 147 -1
137 54 588 -1
19709 2 -1
23554 1 -1 5229 -1
10299 3771 -1 4372 -1
8950 39 -1 5 135 137 -1 3468 -1 147 -1
18375 8502 -1
22998 5 -1 137 -1 289 630 -1
16761 489 -1 2 2308 -1 6029 -1
12962 1959 3909 -1 1506 -1 1050 8881 -1 1051 11176 -1 11177 -1 2233 -1 7957 8947 9336 9337 9338 11178 -1 9339 -1 275 896 3208 4792 9341 9981 -1 86 134 567 2309 -1 632 666 -1
1535 454 3410 -1 457 743 3981 -1 870 -1 2017 3982 -1
1776 2227 4407 -1 4408 -1 3330 -1 2228 -1
11544 6 -1
9890 491 1100 -1
10191 147 -1
10035 6 -1
10319 469 1559 -1
3810 5 217 363 554 -1
20751 632 -1 135 -1
9601 137 552 -1 913 -1
12414 6231 7698 -1 399 -1 2845 7700 -1 2222 5576 9088 -1
6764 2 -1
8275 2023 -1
3184 452 977 1173 5346 -1 466 1729 -1
20548 2 -1
22179 1426 -1 1427 1448 -1 10 -1
1194 10 -1 3588 -1 5 -1 137 -1 772 -1 2 -1
9591 9958 -1
6826 1 2 -1
24869 3984 -1 63 551 3701 -1
8754 137 -1 45 587 -1
966 24 367 -1 147 3197 -1
12539 315 -1
10043 6432 -1
11873 5 -1
21107 5 19 39 272 3215 -1
18885 437 454 -1 472 4969 6136 -1
18108 792 1010 3961 -1
11798 10759 -1
3689 2 1049 6394 -1
2117 4662 4964 4965 -1 112 851 -1 2937 2978 -1 70 76 729 3954 -1 4966 -1 4598 -1 2356 4103 -1 135 147 454 1483 1560 3834 4613 4967 -1 4968 -1 469 -1
268 914 -1 63 -1
18649 2317 -1
9904 1118 -1 2 -1
21065 5 -1
14739 2 -1
12665 2095 -1
16338 5 -1
4175 135 137 6666 -1
3335 26 1568 -1 5 -1 1024 6109 -1
801 445 736 1076 2818 -1
1569 447 4011 -1
7907 3936 4610 -1
20755 471 -1
22473 89 371 1755 -1 48 306 -1 147 434 562 1140 -1 498 -1
10728 147 -1 2144 -1
3961 10 -1 3 -1
1766 2 -1
24984 3091 4594 -1
1112 135 -1 433 467 469 1100 -1
5237 669 -1 134 -1
5633 2 666 -1
19304 2 4282 -1
19322 1957 1959 5928 -1
21814 5 701 5079 10070 -1
20327 632 866 -1
563 2 -1
10183 89 -1 134 -1 135 661 1100 -1
11900 5 -1
13521 90 -1 1750 -1 2 -1
3634 2 6354 -1
15995 1048 -1
14337 5 135 -1
13495 2216 -1
17021 360 -1 1681 1684 -1 1686 -1 220 -1
6099 1708 1862 1863 -1 234 -1
23054 14381 -1
7391 5 8823 -1
7122 2 8685 -1
12648 2 -1
4268 254 -1
20552 229 -1 90 -1
16629 836 837 -1 143 -1 2818 -1 3659 -1 6716 -1 1169 -1 2825 -1 5330 -1
15846 2 5101 -1
19292 1502 1506 -1
22445 896 -1
19420 320 -1
16758 1012 -1
20484 7529 13810 -1
24108 4661 -1
2761 583 5016 -1
640 2100 -1
19329 2 -1 13506 -1
14638 11480 -1 11743 -1
19483 915 -1 869 -1 838 876 2017 -1
11253 46 1609 9409 -1
142 90 593 -1
6138 2 -1 76 -1
1552 459 -1
13818 2095 -1
19826 315 669 846 -1
19107 265 -1 1009 1486 -1
9117 5 -1 2 -1
2634 1578 -1 86 3551 -1 320 422 -1
8501 2 -1 6068 6866 -1 3487 -1
9801 1332 1333 -1 1334 1335 1336 -1 1337 1338 -1 1339 -1 1340 1341 -1 1054 1342 1343 1344 -1 1345 -1 1346 -1 1347 1348 1349 1350 -1 1351 -1 1352 -1 1353 1354 1355 1356 1357 -1 1358 -1 1359 1360 -1 1361 -1 1362 -1 1363 1364 1365 1366 1367 -1 1368 -1 1369 -1 1370 -1 1371 1372 1373 -1 1374 -1 1375 1376 -1 1377 -1 1378 -1 1379 1380 -1 1381 -1 1382 -1 1383 1384 -1 1385 1386 -1 1387 1388 1389 -1 1390 1391 1392 -1 1393 1394 1395 -1 1396 1397 -1 1398 1399 -1 1400 1401 -1 1402 1403 -1 1404 1405 1406 1407 1408 -1 1409 1410 1411 1412 -1 1413 1414 -1
18532 5 -1
9194 600 -1
16693 2 -1
23473 6 147 2330 -1
21144 2 -1
6777 5 -1 8525 -1
9646 10 -1 5 -1
21130 6767 11497 -1 3984 11498 -1 834 2058 2415 4067 -1 1587 5709 -1 70 669 9255 -1 422 567 -1 469 998 999 -1
10765 676 -1 1011 2825 -1
8550 2 5 -1
12049 2 5 -1
14496 11709 -1
17341 2 913 12926 -1
17891 671 -1 1611 -1 277 -1
14450 2 54 277 -1
14503 665 5806 11712 -1 6615 -1
17181 885 -1
23734 2 437 -1
2069 508 -1 1577 -1
5297 275 896 -1 2859 2865 -1
2356 2420 -1
20409 13788 -1 2 -1
3190 31 -1
4807 3726 -1
11869 1001 -1 868 -1
5143 5 -1
2841 5 10 -1
19218 1516 -1
13660 10 -1 5 217 -1 3496 -1
15978 147 -1
931 527 -1 147 481 1518 -1 467 2017 -1 315 496 497 3144 -1
14531 563 5116 -1
4192 144 -1
22036 1540 -1 1064 -1 1541 1542 -1 82 630 -1 558 -1 6 -1
1248 998 -1
17584 26 -1 5 -1
11692 2842 -1
9763 2 -1
24065 87 632 -1
4844 371 -1
2093 6 2856 3019 -1 869 4946 -1
20848 2 12960 -1
11073 2 1064 -1
5059 2 5 669 -1
19649 147 567 -1
23136 2 5 10 290 -1
23436 234 1029 2953 -1 2123 -1 490 826 -1 4506 -1 378 503 783 2284 14465 -1 2 700 -1 134 4965 14466 -1 865 -1
24586 674 -1
22925 272 293 2329 -1 134 135 -1
1240 1386 -1 1435 -1 10 1436 -1
24289 445 -1
10393 10267 -1
9822 2 2016 2425 -1
16224 48 460 -1
16504 5 -1
6220 5 -1 2 -1
7449 76 147 -1
14772 3144 11796 -1
15051 2 -1
15433 4628 -1 130 -1 63 -1 12038 -1
4640 1148 -1 3296 -1
19678 2365 6457 -1 147 736 -1
11712 7958 -1
21737 231 355 503 671 -1 70 11529 -1 76 -1 72 135 -1
21585 2 -1 147 -1
9311 137 9840 -1
22498 2250 -1
17784 1167 -1 24 2211 -1 82 12707 -1 2 10955 -1 661 -1
2813 2 5 -1
11701 10736 -1
21578 1 4745 -1 2 -1
2243 2 3368 4368 -1
2085 4940 -1 495 -1 4941 -1 573 -1
13697 9577 -1
13422 6 86 -1
