939
20558 7153 -1 5751 -1 2414 2418 -1 583 -1 3704 -1 814 3086 4775 5310 -1 643 2092 -1 63 -1 2218 3583 -1 717 833 1480 2219 -1 2370 -1 865 3701 5975 -1 147 666 -1 2331 10161 -1 473 1565 2440 2825 -1
23914 63 -1
18719 9778 13318 -1
6538 258 631 1555 -1 6 76 82 977 1036 8429 -1
23231 277 -1
23371 524 525 -1 526 527 -1 293 528 529 -1 82 277 -1 6 27 980 1137 -1
4192 5 10 217 -1
20564 1382 -1 1383 -1 1384 -1 1385 -1 1386 -1 1387 -1 1388 -1 1389 -1 1390 -1
16100 9858 -1
23496 457 3367 -1
4144 469 481 632 1076 4980 5982 6649 -1
2117 4969 -1
15611 45 -1
4036 5 -1
21053 2360 8016 8017 -1 135 147 533 632 669 2370 -1 677 -1
14211 503 -1 147 -1 265 -1
1154 315 3507 -1 497 -1
15837 140 -1 1857 3229 -1 2 -1 4089 -1 113 -1 6 76 -1 530 -1 433 10402 -1 2302 -1
24982 2 76 422 736 -1 533 -1
4578 511 687 -1 771 -1 3978 -1 89 6869 -1
12418 6072 6136 -1 472 -1
4923 5577 5578 -1 87 941 1139 2863 5719 -1 147 315 3973 -1
14898 315 -1 495 -1
13495 5534 -1 379 -1 1709 2159 3140 3657 5535 -1 695 -1 1469 1844 3224 -1 307 696 807 2013 3122 3453 4647 5233 5726 -1 698 809 842 -1 82 272 -1 100 864 937 4628 6068 -1 131 959 1558 1756 -1 61 -1
20822 2 147 378 437 5628 -1 2888 -1
9194 423 728 4824 -1 147 -1
20628 360 -1
11544 10637 -1
23084 572 -1
9415 2 2877 5414 5972 9752 -1
3374 2222 -1 320 738 -1
22123 437 1001 4603 -1
23423 736 -1
14241 1135 1653 -1 82 6223 -1 493 11607 -1 315 1141 -1
16053 743 868 -1
22930 6889 12518 14350 14351 -1 13754 -1 6948 -1 8008 8117 8118 -1 1979 7400 -1
11735 135 -1
7695 700 -1 8979 -1
19830 6 86 7623 -1
9488 2132 -1 373 3393 -1 3367 9383 -1 374 1794 -1 2133 -1 241 2180 3394 -1 6620 -1 524 -1 526 527 1133 1517 2282 -1 1134 1518 -1 529 -1 503 2283 -1 2048 -1 2049 -1 1639 -1 1146 3223 -1 2159 -1 3803 -1 381 3321 -1 2013 5536 -1 307 3122 3227 -1 4964 -1 806 2163 4662 -1 829 -1 807 2006 -1 3368 -1 698 -1 272 809 2093 -1 82 948 1170 -1 3373 4628 5057 -1 105 3375 -1 110 7120 -1
7483 1976 -1 210 -1 86 8873 8874 -1
18044 468 -1
20294 31 1153 1780 -1 36 1783 -1
24708 495 4077 -1
16877 3305 -1 265 6407 -1
17988 433 442 -1
17444 1484 5758 -1
8812 775 1029 -1 89 -1 521 -1 140 2958 -1 3393 -1 5494 8064 -1 1145 3248 5495 5496 5498 6637 6925 7478 -1 2284 -1 691 692 693 -1 4446 -1 4447 4448 -1
8503 9428 -1
23436 135 147 437 441 661 -1 445 785 2955 8480 -1
8619 147 -1
15036 450 563 836 3128 -1 1169 11879 -1
784 457 2428 -1 2429 -1 463 464 -1 465 915 -1 265 -1
975 113 -1 125 2913 -1
2175 498 -1 885 -1
10668 445 736 -1
11732 669 1036 -1
20269 13 97 736 -1
5189 2 7518 -1
13328 837 -1
21588 6 -1 48 -1
3750 1692 -1 3516 -1 272 -1 1068 -1 2172 -1 830 -1 63 108 147 -1
5838 134 7880 -1 566 8069 -1 567 -1 76 5855 -1 135 1000 -1
21455 2286 12452 -1 472 14041 -1 2184 -1
14349 208 5352 -1 7450 -1
10259 2 -1
23221 597 3783 -1 293 4412 -1
5830 422 666 1140 -1
6597 460 463 -1 4637 -1 2332 -1 8459 -1 835 3956 -1 143 837 3958 6072 6715 -1 2818 -1 1922 3415 -1 136 1815 -1
16373 896 -1
14039 23 48 76 134 422 915 -1 2333 -1 5330 -1
6912 315 -1
23186 472 -1
24884 563 677 -1
9394 315 572 3887 4980 -1
2232 642 -1
22547 76 -1
5464 870 2228 -1
22576 422 998 -1
15051 134 451 -1
13714 493 674 -1
22824 86 147 433 -1
4846 244 -1
5966 8144 -1 420 -1 134 147 -1 445 -1
23506 833 -1 2387 4067 4068 -1
19951 10490 13647 -1
12830 2 -1
13817 629 -1 434 443 -1 445 467 2334 -1 471 739 1922 -1
20752 4340 -1
17584 2 6 -1
21495 14057 -1 76 147 3637 5063 -1 1011 -1
14355 498 632 8103 -1
726 2 -1
20439 293 5690 -1
8408 8338 -1
3347 97 3375 4965 5483 5824 -1 98 100 396 1558 -1 102 131 1659 3123 5967 -1 1174 6122 -1 2978 -1 4825 -1 63 2058 3582 4566 -1 4951 -1 2455 -1 6 723 729 2979 3632 5894 6086 6123 6124 -1 6087 -1 6125 -1 3350 3634 5401 6126 -1 6127 6128 -1 6129 -1 6130 -1 6131 6132 -1 86 896 6133 -1
21146 13369 -1 191 -1 192 193 6872 -1
18005 63 3651 -1
10718 941 -1
13229 677 736 -1
17080 472 3144 -1
982 3227 -1
2339 665 -1
9778 568 737 5224 6791 -1
15384 11410 -1 4503 9347 10958 11994 -1 1746 11995 -1 3731 -1 8340 -1 11996 -1 11414 11997 -1 4236 9538 -1 9348 -1 11998 -1 11999 -1 10629 -1 10556 10557 12000 12001 12002 12003 -1 1082 6908 11671 12004 -1 6086 12005 -1 3350 6087 -1 3562 5237 12006 12007 -1 5766 12008 -1 5767 -1 5768 -1 5769 -1 5317 -1 3351 -1
5994 3304 -1
10882 2 -1 594 -1
9207 5 -1 277 2240 8143 9804 -1
17496 12964 -1 1051 -1 76 672 -1 72 -1
17509 864 -1
21369 143 6715 -1 469 -1 3668 -1 1037 -1 472 2145 -1
24709 6 933 -1 84 85 -1 6055 -1 210 -1 5934 -1
20983 896 4152 -1
1776 1977 4409 4410 -1 210 4411 -1 4412 4413 4414 -1 211 -1 72 86 -1
13147 2066 -1
12416 491 -1
16587 736 -1 3236 -1
21812 1809 -1 826 2135 -1 2 -1 3487 -1 130 -1 728 -1
19107 472 1926 -1
405 1409 -1 1410 -1 1411 -1 1412 1413 -1 1414 1415 1416 1417 1418 -1 1419 1420 -1 1421 -1 1422 -1 1423 1424 -1 1425 -1 321 1426 1427 1428 1429 1430 -1 1431 -1 1432 -1 1433 1434 -1 1435 1436 -1 1437 1438 -1 1439 -1 1440 1441 -1 1442 1443 1444 1445 1446 -1 1447 -1 1448 -1 1449 -1 267 -1 1450 -1 1451 -1 1452 -1 10 -1 217 -1 5 -1 857 -1 55 349 1453 1454 1455 -1 350 -1 1456 1457 -1 685 1105 1458 1459 1460 -1 1461 -1 367 1118 -1 1462 1463 -1 1464 -1 1033 1129 -1 1034 1465 1466 -1 1467 -1 996 -1 259 1468 -1 261 -1 45 1469 -1
8340 3661 4785 -1 302 860 1134 1643 1645 3870 6060 -1
4376 2 -1
11752 1867 -1
22036 2799 -1 50 -1 2857 6052 -1
12465 11003 -1
1942 76 567 4595 -1 884 1075 4596 4597 4598 -1 4599 -1 3568 4098 -1 530 -1 3599 4583 4600 -1 23 741 -1 3378 -1
18977 86 8336 -1
1474 226 -1
9183 2 -1
8872 147 -1
3608 1739 -1 1559 1565 2017 -1 2250 -1 471 3824 -1 136 -1 472 6136 -1 315 -1
15840 54 -1
15545 352 377 1569 -1 2 147 736 -1 12066 -1
13318 8144 -1
19370 147 1716 2875 -1
11868 878 -1 2861 -1
9305 9835 -1 9836 -1 2318 9837 -1 9353 -1 5839 -1 4372 -1 494 -1 495 -1 573 -1
14477 4221 -1 1022 3981 -1 1733 3074 3081 -1
2577 420 -1 134 -1
15529 136 -1
11701 315 -1
11221 941 4434 7368 -1 420 -1
20929 445 -1
21910 1528 3209 -1 147 -1
17875 3516 -1 45 -1 2 147 -1
15242 315 -1
19588 258 -1 232 -1 2268 -1 235 -1
8418 147 2385 -1
21626 272 661 2198 -1
23980 445 -1
14234 63 -1 7960 -1
9546 2558 2560 -1
10458 2 142 643 783 -1 147 -1
12950 589 1043 2992 -1 2 70 76 998 9256 -1 3236 -1
1005 2 5 315 493 589 -1 677 -1
10324 315 -1
18281 2876 -1
8277 367 -1 1463 -1
12582 1140 5530 -1
24626 2959 -1 10669 -1
8021 5 217 272 1130 -1 9117 -1
2403 832 5234 5235 -1 833 2218 2415 2416 -1 2061 2219 2370 -1 669 730 3403 3700 -1 277 -1
12399 1702 -1 1628 -1
19975 1751 3630 -1 6136 -1 472 3417 -1
7837 3835 3911 -1 4005 8075 9027 -1 1051 8940 8941 8942 8943 -1
5097 450 -1 451 452 584 786 1022 7467 7468 -1
17963 445 1022 -1
19038 76 7761 -1 311 -1 3353 3955 -1
20843 3252 -1 3397 10978 -1
9942 85 2857 9993 -1 1088 -1 210 1977 -1 3151 -1 878 1774 -1 86 211 3208 3209 5451 5452 7961 -1 213 2863 2865 4488 -1 70 420 1867 -1 134 -1
11133 471 3922 -1
13310 11308 -1
1972 4637 -1 4638 -1
14900 82 -1
11982 10832 10833 -1
16182 315 4894 -1
1248 76 999 3638 -1
4561 677 1655 2145 2947 -1
9566 6 147 1774 4801 9953 -1
11039 8119 -1
9143 5 259 -1
1880 4513 -1 495 -1
16046 147 -1
1417 738 3128 3822 3823 -1 244 467 -1
20391 265 3144 -1
3242 5 611 -1
2844 4086 -1
13851 2 356 865 11495 -1 291 1076 -1 447 -1
17021 772 3991 -1 63 2123 -1 4068 -1 6 2851 -1 147 -1
5534 7906 -1 85 896 -1
10698 2138 -1 3809 -1 130 3787 -1 131 -1 6 76 953 -1 289 -1
8552 471 -1 1751 3492 9459 -1
24199 63 76 115 -1
23678 86 2230 4237 -1 134 422 2309 -1 567 -1
11888 419 -1 1867 -1
10795 147 463 464 468 666 868 -1 1485 -1
10393 72 147 -1
9928 4077 -1
11010 722 4067 -1 2388 -1 4617 6464 -1 1812 -1 846 2982 4329 -1 6 27 669 -1
1911 5 4558 -1
24392 8135 -1 4077 -1 3586 -1
3400 498 5717 -1
2385 2 -1
68 277 -1
9687 86 -1
20895 758 -1 2 355 -1
9675 871 915 2849 -1
21044 1425 -1 1426 1427 -1 1435 -1 10 26 507 1436 -1 0 217 -1 2085 -1 5 39 -1 1592 -1 860 2102 -1 684 3679 -1 2957 -1 547 -1 152 252 253 302 -1 1647 -1 1805 -1 24 229 363 581 -1 511 -1 687 -1 258 521 -1 259 2132 3347 -1 503 3394 -1 377 -1 378 6162 -1 783 1469 -1 2249 5078 5233 -1
13379 320 -1
5478 687 1599 -1 1706 2872 3457 -1 233 1708 -1 519 -1 89 -1 520 -1 503 841 1811 -1
5405 347 -1 1770 4204 5324 -1 1912 -1 1913 4205 4206 4207 -1 4208 -1
19599 13566 -1
10623 2951 -1 1862 -1 233 234 235 236 1651 2269 4730 -1 774 8058 -1 89 519 520 1809 -1 140 778 947 -1 3950 -1 142 536 996 6570 -1 781 -1 688 3347 3606 -1 260 261 841 2136 -1 2 503 -1 937 -1 557 6455 -1 6 115 396 628 4965 -1 76 -1 865 2356 -1 530 -1 310 5855 -1
10568 5 -1 396 3637 7455 -1
1037 481 -1
18339 147 2356 -1
11600 495 -1 498 -1
18749 1013 -1
6308 2402 -1
14183 466 498 2338 -1
16557 1506 10718 -1 7349 9475 -1 12695 -1 1508 3835 4792 -1
6099 89 236 969 1024 2189 4000 -1
7654 130 -1
15408 915 -1
22998 736 737 -1
24108 1867 -1
19822 125 423 2931 -1 3144 -1
10839 728 1480 -1
1059 896 2299 3341 -1 86 1139 -1
7491 497 -1
272 356 916 -1 917 -1
11190 481 -1 493 572 2144 2302 3887 6990 -1 497 1013 3586 4969 -1
13728 2 82 254 451 1913 4583 -1
19073 3197 -1
10242 315 467 -1
16237 86 2862 9843 12604 -1
15816 147 3237 -1 434 -1 445 -1 4781 -1 3410 3411 3415 -1 2825 -1 472 1010 -1
9670 528 -1 1134 -1 2283 -1
11383 10589 -1
9538 9317 -1 72 147 -1
20224 1022 4218 -1
21760 2 89 141 147 696 3637 -1
481 1638 -1
2356 472 915 -1
3071 433 469 -1
11679 926 2184 -1
18245 2372 3552 -1 320 1053 1528 -1 135 447 449 468 3956 -1
8764 736 -1
16602 463 -1 464 -1 4637 -1 4980 9458 -1
2465 2 1686 3991 -1
23250 437 2370 -1
6298 135 -1
16504 1755 -1 2 -1
6971 1613 -1 4099 -1 1614 5439 7845 -1 7846 -1 1076 -1 7399 -1 423 7847 -1 3613 -1 3235 6302 -1 1031 1842 3406 3569 3834 4238 7848 7849 7850 -1
1076 979 -1 289 437 743 836 -1
1569 495 -1
9846 89 3083 -1 2 -1
6921 1816 -1
8167 2 511 4409 -1
17709 493 4045 -1 792 4513 -1
13013 6 2394 -1
12005 5407 -1 422 566 2309 -1
22329 495 -1
13660 76 147 253 6180 -1
319 44 1018 1019 -1
21998 437 -1
22162 437 666 5931 -1
8754 2 5243 -1
4464 2066 -1
11535 2 -1
7522 1518 -1 528 -1 529 707 1134 1165 2283 3140 -1 1611 4598 -1 289 736 -1 135 -1
15114 1735 -1 466 -1
4220 2 -1
5230 1169 -1
19125 933 -1 6 27 1049 -1 31 2225 4867 4868 6505 6755 -1 84 -1 275 -1 85 889 896 -1 878 7718 -1 86 884 4237 6812 -1
17099 8010 -1 320 -1
18070 6 1022 -1
9127 1484 -1 469 -1 2250 5715 -1
14283 134 147 -1
15199 3397 -1 61 716 -1 6334 -1 964 3582 4616 6335 -1 4322 4323 5750 -1 6261 6337 7918 11929 -1 6282 -1
15946 136 -1
15823 1560 4969 -1
22253 896 -1
9441 445 -1
21660 12741 -1 135 -1
20227 1693 1694 -1 1626 1695 1696 1697 -1
11524 1828 -1 2 973 1794 -1 7055 -1
3298 666 -1
11980 445 -1 447 4580 -1
16102 527 528 1518 2282 -1 1134 -1
1318 470 1922 -1
17111 4099 -1
24459 147 14704 -1
20584 2142 3051 13839 -1 445 -1
10400 4818 -1
18177 1005 -1
24019 589 14586 -1
20819 4553 7910 -1 644 1078 -1 4791 4792 6629 -1 2884 -1 275 -1 1079 -1 1819 1820 3667 10285 -1 4504 9935 -1 896 -1 133 -1
3601 6327 -1
13783 134 262 381 836 2136 4768 -1
9884 7485 -1
8275 313 -1
21790 2 6 -1
22179 5 217 686 862 2102 7393 -1 3332 -1 45 -1 92 2168 13809 -1 7270 -1
21435 289 -1 632 7399 -1
7365 8795 8796 -1 1761 8797 -1 6 147 431 3038 5999 -1 445 977 -1
9150 1960 1961 2809 9772 9773 9774 -1 1962 3922 -1 6286 7896 9775 -1 575 1051 2816 7379 -1 4598 6293 -1 147 289 786 3833 -1
8564 530 -1 737 -1 135 661 -1
12099 1800 4073 10872 -1
10506 2 -1
1580 445 1001 -1
8501 61 -1 143 445 466 600 1559 5242 -1
2847 2 -1
4829 4754 -1
12008 136 147 437 567 -1
7635 147 884 1528 3819 4237 -1 786 -1
20751 437 -1
12240 2050 -1 2 103 105 628 3191 -1 1480 4951 -1 147 718 865 2063 -1 3044 -1 5011 -1 447 449 -1 1654 1725 6714 8707 -1 5062 -1 243 4980 -1 3823 3956 -1
3872 493 -1
9373 513 2842 -1
1451 147 244 533 724 3145 3406 -1
16904 280 2132 -1 1794 -1 1843 -1
662 448 -1
24044 973 -1
19322 924 1506 2816 2851 5929 -1
5884 4514 -1 144 268 -1 0 10 26 217 -1 5 313 509 1454 -1
12257 5027 -1
8920 140 -1 830 2885 -1 709 831 3884 -1 3400 -1 5706 -1
9497 63 -1
4760 61 -1
7606 10 507 -1 489 2247 4973 -1 1996 -1 0 -1
6286 1043 2942 4764 6811 -1 546 5697 -1 1920 -1 3205 -1 6662 -1
11211 5522 8161 10537 -1 86 289 -1
365 1092 -1
3677 5 -1
11358 451 -1 915 -1
10513 5 217 856 857 -1 18 -1 258 -1
9089 927 4108 4113 -1 4118 -1 602 639 1568 3319 3778 4142 4144 4146 7783 -1 7791 -1 4364 6568 -1 1996 -1 1641 2307 2315 -1 0 986 -1 217 -1 2023 -1 5 313 -1 1887 -1 1894 9725 -1 75 819 859 1768 1897 -1 682 1769 -1 1455 5834 -1 1457 -1 302 -1 1800 -1 1753 2162 3496 4441 4572 5106 -1 3196 -1 2034 6759 -1 24 1604 1864 3186 -1 490 771 774 2123 -1 4506 -1 89 -1 280 3472 4745 9535 -1 1811 -1 828 -1 690 1747 2134 5533 -1 282 -1 3917 -1 783 -1 696 4368 -1 7584 -1 5551 -1 5538 -1 809 -1 272 -1 9726 -1 82 -1 2 -1 2336 -1 105 -1 4312 7166 -1 27 -1 6 31 2442 4790 9727 -1 6189 8141 -1 9728 -1 84 -1 85 3637 -1 76 -1 533 737 3197 3819 4091 -1 147 4215 -1 4101 5189 -1 2223 8925 -1 291 3044 -1 431 -1 433 434 -1 437 2989 -1 5011 -1 445 -1 4217 -1 447 6883 -1 448 4580 -1 449 1022 4225 4228 -1 464 -1 491 -1 4875 6591 -1 9729 -1 481 -1 2144 -1 493 -1 2250 3254 -1 6165 -1 315 495 498 2066 -1
10636 2 204 2944 4880 -1
20124 1050 1051 2813 2816 3923 6286 9929 10486 11559 -1
14230 3461 -1
20828 7000 -1
22171 2 14193 -1
2085 4942 -1
19678 4637 -1
4045 1708 2268 -1 234 -1
6692 445 977 -1
16570 739 785 868 -1
5587 225 1006 1008 7945 -1 315 1011 -1
9455 5407 -1 70 76 -1
966 869 -1
2535 729 2061 5318 5319 5320 5321 -1 4049 5322 -1 48 147 451 452 498 -1
6828 31 894 -1 147 661 -1
1240 4 217 -1
14700 3975 9896 10529 -1 86 896 -1
21668 2 937 -1
14471 2 -1
8269 4868 9320 -1 36 1780 -1 2233 6509 -1 896 -1 878 -1 420 -1 2242 -1 135 9321 -1
19292 6257 -1
2544 2 2863 -1
51 2 147 -1
17525 2 293 10390 -1
18797 1068 8154 -1
19942 451 -1
4575 6867 -1
230 814 838 -1
7550 3413 -1
6715 1925 3092 3129 4610 6072 6892 8510 -1 315 471 -1
19592 696 783 1844 -1 3649 4473 -1 3121 8265 -1
631 469 2095 -1 497 -1
1648 869 4073 4074 -1 315 -1
24799 86 87 147 -1 291 433 866 1724 -1
12313 528 1134 -1 1709 3665 -1 2 272 -1
21905 1050 1051 -1 2810 -1 3914 3923 -1 2811 2812 13571 -1 6051 -1 2813 -1 2814 3249 -1 1867 3208 -1 147 -1 72 2302 -1 792 -1
243 55 665 -1 352 -1 881 -1
14880 3477 -1 87 1139 -1 315 736 915 941 2230 -1
24901 8504 -1 5894 -1 1774 14497 -1 572 2182 -1 837 -1 467 -1 872 6165 10769 -1 5942 -1 265 -1
4139 437 -1
24992 2056 -1 5749 -1 63 -1
24268 915 -1
1878 55 302 2279 -1 836 -1
4807 453 868 -1
3904 736 -1
6710 444 -1 493 -1 136 -1
11987 511 1693 -1 1629 1703 -1 1630 -1 1617 1706 5681 -1 2952 3500 -1 10042 10836 -1 2389 -1 1048 1946 -1 264 -1 6 27 -1 31 -1 3858 -1 36 1933 -1 2230 -1 147 -1 462 -1
14456 4679 -1 468 -1
15716 422 530 666 884 1613 1614 1761 2253 4312 9740 -1
20579 445 447 2888 -1
14170 401 -1 896 -1 86 -1 76 -1 136 244 -1
12393 6 84 -1
17823 792 -1
9550 147 -1
10576 483 -1
15436 5 -1 1 55 -1 539 -1 799 1535 1647 -1 229 511 -1 1600 1806 -1 261 1601 -1 262 377 -1 82 -1 2 134 -1
2514 1815 -1 573 -1
12560 320 -1
2243 4788 -1 1481 3404 -1 143 470 1007 5128 -1 265 739 2955 -1 5129 -1
24882 6 -1
17561 89 520 -1 2399 -1 503 5295 -1
19501 3254 3987 -1
21210 315 -1
6967 2866 -1
11189 89 1130 1516 1631 1705 1706 -1 969 -1 259 -1 45 237 280 863 -1 378 -1 27 -1 6 1049 -1 2371 -1 2390 2392 10531 -1 31 2225 -1 1773 -1 2857 -1
18412 6139 -1 716 5967 -1
19545 666 -1
19146 401 3351 12012 -1
24960 469 1022 6136 11370 -1
15742 86 896 2299 12454 -1 2230 -1
11405 1578 -1 2312 2865 -1 147 315 572 915 -1
15177 2095 5942 -1
6176 2 -1
2899 2 437 -1 5759 -1
6664 8486 -1
4509 315 469 567 733 -1
5118 63 3815 4611 6136 7485 -1
10765 315 -1
20428 1470 -1
24820 472 -1
15433 315 4925 -1
759 1169 -1 1736 -1
18607 3858 -1 48 86 275 896 3169 -1
6673 1717 -1 3084 -1 6333 -1 63 -1 3401 -1 669 1480 7171 -1
1684 1882 4163 -1 1884 2345 4164 -1 1885 -1 858 2206 4165 4166 -1 4167 -1 3539 4168 -1 1887 -1 1888 -1 4169 -1 1889 -1 4170 -1 4171 -1 4172 -1 1890 1891 1892 4173 -1 1893 -1 2208 -1 1894 1895 -1 75 1835 1896 1897 3090 -1 859 1898 1899 -1 1900 4174 -1 1768 -1 1 1625 -1 4175 -1 4176 -1 4177 -1 1902 4178 -1 4179 4180 -1 4181 -1 4182 -1 817 -1 3970 -1 1903 1904 4183 -1 4184 -1 3713 3789 4185 -1 1905 1906 4186 4187 -1 1157 -1 4188 -1 3263 4189 4190 4191 4192 -1 1907 -1 1908 4193 -1 3542 4194 -1 820 3491 4195 -1 1769 4196 -1 4197 4198 -1 4199 -1 753 -1
20090 2 -1
21941 695 -1 696 -1 697 -1 842 -1
16818 63 -1
9763 1076 -1
8171 76 -1
16422 5176 7581 -1 320 1528 2868 -1 466 -1
12396 5 -1 618 10967 -1
4447 896 6781 6782 -1
19796 337 -1 338 3418 -1 0 5 10 26 217 -1 3678 4180 -1 817 818 3713 -1 55 -1 301 1017 -1 1753 -1 1643 -1 3196 -1 3869 -1 900 -1 228 360 1685 4979 -1 765 -1 154 230 1600 1806 2871 -1 513 1025 1863 2041 -1 1033 5684 -1 1807 -1 774 -1
988 260 2191 -1
11658 3382 -1
8588 736 -1
18530 3461 -1
12150 3144 3971 -1
18520 2 -1
21691 1724 3408 -1 434 586 629 9061 9070 -1 437 -1 441 9062 -1 442 447 -1 448 4780 -1 451 454 785 5714 -1 457 743 -1 312 4009 -1 1483 1654 9283 -1 460 869 3091 6856 -1 143 -1 838 2250 5231 -1 265 -1 471 472 1751 -1 2184 -1
540 1816 1817 -1
23205 239 1856 -1 76 1482 -1
10669 420 -1
20545 218 -1 54 -1
10749 1809 4651 -1 2873 -1 89 -1 141 3761 -1 524 525 -1 526 527 -1 528 -1 529 -1 6445 -1 45 378 693 694 3657 -1 1469 -1 1470 3224 -1 696 -1 2 2093 -1 8649 -1 13 627 3488 9759 -1 96 -1 97 -1 396 -1 101 -1 103 -1 105 -1 1742 -1
22851 79 666 -1
3528 658 -1 5 -1 1837 -1 799 -1 43 2397 -1 422 -1
24868 293 -1
23377 13898 -1
4418 135 -1
8120 1017 4959 -1 363 761 4805 -1 24 3457 -1 234 235 -1 236 513 -1
14356 1010 -1
7848 48 76 896 1000 1952 -1
9507 1140 3410 -1
18313 497 -1
9932 493 -1
1670 320 -1
18703 493 -1
9918 214 -1 1596 -1
5885 572 -1
7297 147 -1
22400 1010 -1 792 -1
7172 2818 2825 3353 -1
12452 3956 -1
4983 472 790 -1
7655 6288 -1 2814 -1 8972 -1
4042 3044 -1
13659 1011 2184 -1
197 134 734 -1 735 -1 76 -1 289 -1
9847 2955 3416 3630 -1
24852 1022 2425 4226 -1
8286 2 8988 -1
20498 147 291 423 1140 9325 -1 433 -1 452 -1 1484 1560 -1 265 496 -1
2180 421 463 1140 -1 491 4871 5066 -1
17182 1691 -1 24 147 581 1130 1653 -1
3884 63 1022 -1
10182 204 2228 2816 -1
18663 63 -1 6 204 -1
20327 315 469 572 915 6867 -1
10197 1732 4228 -1
8821 471 -1 2825 -1
1948 677 4611 -1
20644 5 -1 943 -1 138 -1 295 555 988 -1 302 -1 54 -1 228 231 253 363 1534 1806 -1 2270 -1 649 1130 -1 490 1857 -1 259 280 503 969 -1 82 4642 -1 5835 -1 277 -1 1137 -1 27 -1 6 -1 13853 13854 -1 31 36 1933 -1 48 -1 84 85 3946 -1 1089 -1 1090 1977 -1 210 -1 86 87 -1 421 -1 76 533 -1 147 -1 429 -1 433 -1 441 -1 445 786 -1 5717 -1
16696 98 396 -1 101 -1 1715 -1 103 628 -1 558 -1 105 709 3612 4041 -1 117 3786 -1 1070 1659 1717 1718 3808 5654 -1 127 2056 -1 129 3809 12729 -1 136 -1
23553 434 -1 437 -1
12983 135 147 445 2142 -1
7034 8649 -1 96 4471 -1 7120 -1 959 1072 -1 1756 -1
17845 13061 -1 401 896 -1 3305 -1
21154 688 1043 1468 -1 2009 2158 -1 1146 -1 3223 -1 1136 -1 696 -1 3227 -1 307 -1 272 2387 3984 -1 9255 -1
12656 6444 -1 4693 -1 1804 3514 11089 -1 1753 -1 353 1644 3196 -1 6759 -1 2441 -1 2260 -1 503 -1 306 1747 5626 -1 272 583 627 643 1068 1070 2407 3884 5653 5974 -1 5706 -1 5571 -1 3775 -1 3637 11090 -1 8840 -1 134 2888 -1 491 572 2144 -1 2303 -1 3102 6072 -1 676 7863 -1
16318 1128 3646 -1 157 232 258 366 -1 367 -1 234 236 512 1708 2268 4730 -1 4672 -1 369 1651 -1 2952 -1 1130 -1 2271 -1 2272 2274 4736 -1 770 771 -1 649 2280 -1 490 774 1809 5108 -1 89 521 1018 -1 141 -1 3472 -1 4751 -1 969 -1 259 -1 4000 -1 280 -1 378 2213 -1 3140 -1
9272 423 -1 147 -1
23771 10496 -1
24891 789 871 -1
630 63 643 -1
964 666 -1
705 265 2286 -1
21122 2 5 134 1143 -1
2894 147 -1
15371 44 54 517 1807 -1 147 3804 -1
11837 876 2333 7849 -1
23952 14567 -1
11219 86 4618 10546 -1
8596 4002 9481 -1 275 2816 4791 6869 -1
2841 1883 -1
24835 147 3980 -1
8476 6759 -1 72 686 -1
8356 2 -1
23142 1169 1736 5717 -1 9437 -1 136 4935 -1 4666 6463 -1 472 -1
733 2331 2332 -1 675 2333 -1 837 -1
5769 473 926 -1 315 -1
12346 1736 -1 1751 2825 -1
8846 76 86 211 320 445 736 3207 -1
24151 3101 -1 147 311 562 4100 11158 -1 437 491 -1
9863 2 -1
8041 244 441 -1
5383 1506 -1 6523 -1 7730 -1 6446 -1 2994 4400 7731 7732 7733 -1 2816 4002 -1 135 -1
8043 9126 9127 -1
22294 2 6 152 -1
22685 470 -1
13601 86 1528 -1
11023 2 -1
6777 2 -1
11037 2 10476 10477 -1
12124 5974 -1 669 -1 264 1103 -1
14510 337 -1 5 10 338 -1 2 6 63 76 137 214 -1 2144 -1 1006 -1 4913 -1 315 -1
9511 469 -1
17133 836 -1 837 -1 3957 -1 143 3958 -1 1484 3824 -1 470 -1 4900 6072 -1 872 -1
8407 1070 -1
11075 464 -1
5742 838 3412 8033 -1 2066 -1
20913 3316 13917 -1
22151 445 -1 466 -1 6058 -1 4666 -1
19697 277 -1 27 980 1137 -1
13174 3266 7522 9645 11240 11241 -1
16911 751 3694 5393 -1 2951 -1 369 -1 89 2952 -1
19961 2981 3817 -1 885 -1
19483 573 1927 -1
21294 2 1709 7822 -1 147 423 11434 -1
13624 311 -1 147 -1
15063 1727 1730 1731 2425 3080 11888 -1 466 -1
2850 4059 -1 2266 -1 4421 -1 3215 5625 5626 -1 282 2215 5627 -1 3799 -1 2200 4988 -1 2047 2284 3631 -1
5346 1862 4439 -1 1029 -1 89 139 141 1653 1809 -1
3589 4211 -1 302 1915 4102 -1 2029 3196 -1 3516 -1 2071 -1 2213 4444 -1 2 2058 -1 2218 -1
21838 63 147 723 -1
4093 941 1139 5637 -1 147 2241 -1 437 -1 563 1010 6613 6614 -1
12137 3162 -1
9960 467 6856 -1 1817 4908 -1
8450 147 -1
2023 36 4790 -1 2884 4791 4792 -1 275 896 4793 -1 1975 1976 1977 -1 210 -1 4794 -1 3150 -1
260 903 -1 147 -1 315 -1
12074 525 -1
8693 1979 7400 -1 2396 -1
12184 445 446 447 -1
19200 3074 -1 466 -1 493 -1
21782 48 -1
19194 719 2455 3884 8389 -1 726 -1 728 4778 -1 5427 9568 -1 76 865 3819 4594 4596 -1 423 1076 5998 -1 6302 -1 3235 -1 147 1000 3834 -1 1724 -1 9070 -1 629 -1 431 -1 866 -1 433 435 3237 -1 586 -1 5011 -1 440 441 -1 443 -1 1725 4580 4780 -1 786 -1 454 -1 1654 3411 -1 464 -1 915 3535 -1 869 -1 2065 3956 -1 244 6430 -1 143 3958 -1 469 1655 4052 -1 265 -1
16126 4790 -1
9330 4238 -1 437 632 3236 4100 -1 915 -1
17812 2 -1
21603 572 2144 2306 -1
22827 9122 -1
15156 2 134 445 466 -1
9187 134 -1
20450 493 -1 2335 4340 4981 -1
10534 135 147 -1
11662 2 10725 -1
1739 4358 -1
19049 6011 -1
3925 4611 -1
24020 737 -1
19565 5 154 528 -1
2509 5300 -1
24160 1548 -1
10364 743 868 3410 3412 -1 463 -1
18847 2 -1
2944 1638 5575 -1
6965 572 -1
23475 44 280 1024 2885 -1 1530 4564 -1 375 -1 134 567 671 -1
11470 232 1514 -1 233 234 235 -1 2 147 468 -1 3415 -1
13524 6 11381 -1
22725 5 -1
18422 2 8751 -1
16338 229 2043 -1
1237 584 1729 1733 3081 -1 463 464 466 3630 -1
15337 3012 -1
13562 7009 11387 -1 10469 -1 4867 -1
13839 746 900 1850 -1 1029 1127 2071 -1 893 -1 147 -1 433 -1
17003 12824 -1
16015 147 -1 291 786 837 869 2333 -1
5112 1 -1
16961 2 45 1068 5706 -1
14142 452 473 2066 3102 -1
16292 6136 -1
15978 437 666 4779 -1 445 -1 1729 -1 466 472 -1
15778 666 2142 -1
1774 1177 1774 2386 -1 320 -1
20888 6 -1
11988 1140 -1
15189 437 468 469 -1 8481 -1
17707 689 829 -1 11295 -1 2093 -1 705 808 4806 4807 -1 811 814 2976 2978 -1 6846 -1 6 85 5256 -1
24456 2 -1
23930 11 973 -1 1530 -1
13337 890 -1 210 1977 9309 11229 -1 9312 -1
12145 5054 6405 -1 503 -1 6 97 627 1558 -1 1049 -1 8336 -1 134 422 2356 -1 562 3973 -1 444 -1 445 -1 447 -1 456 1733 -1 460 -1 463 -1 466 -1
19366 838 -1
5195 147 437 493 3330 7386 7523 -1
1832 105 127 147 1070 2056 2058 -1
15116 4989 11897 -1
8824 2 147 272 1146 3321 5536 -1
3208 2 445 -1
19351 0 2 5 -1
20140 98 396 627 1558 -1 104 -1 1070 -1 2056 3787 -1 130 13708 -1 712 6498 8376 -1 714 8381 -1 8385 -1 61 716 1476 3984 8287 -1 2363 -1 5969 -1 643 717 1480 2060 2944 6278 -1 1036 -1 847 -1 3402 -1 1611 2369 -1 3124 3846 -1 3404 -1 6 -1 134 -1 2063 4596 10180 13709 -1 884 -1 5271 -1 23 291 4583 13710 -1 223 460 463 -1 738 835 837 876 13711 -1 143 469 -1 4900 -1 4925 6165 12775 -1 2066 -1 1925 5942 6716 -1
4251 6693 -1
14492 676 1013 -1
16722 2 -1
13825 3504 9467 -1
18694 9097 10749 -1 420 -1
17390 12440 12935 -1
19794 265 472 1169 2955 -1
13766 11479 -1
10087 4666 -1 926 -1
22736 10 -1
22834 4221 -1 1022 -1
12353 3122 -1
1700 583 814 2092 2420 3530 -1 63 -1 6 1955 2394 4329 -1 48 -1 204 4330 -1 420 896 -1 661 736 -1 147 315 437 444 473 3936 -1
2404 5236 -1
24669 63 72 4777 -1
22473 885 -1
16000 9077 -1
17180 143 4027 -1
1310 2238 -1
9646 6621 -1
282 2 -1
4510 736 6812 -1
14487 996 2189 -1 688 781 4562 -1 293 -1 147 11705 -1 1140 -1
5050 141 272 433 490 -1
3033 2145 3936 -1
5957 275 -1
9425 973 -1
16899 147 -1
3263 42 89 515 2277 4736 -1 969 -1 597 -1 6 45 378 524 527 -1 6043 -1 590 6044 -1
7276 3384 -1 253 302 -1 24 89 517 -1 117 377 536 851 7878 -1
1682 45 232 512 -1
22811 135 -1 1100 -1
764 521 -1
9998 445 -1
24433 147 277 -1 1010 2302 6990 -1
688 6 48 -1 2231 -1 2232 -1 2233 -1 84 889 2234 -1
11303 2825 -1
24737 147 -1
4767 789 3971 -1
16742 1064 1543 -1
5780 2 2284 -1
12032 1654 -1 466 -1 493 -1
7450 1100 3955 -1
13686 135 -1
1097 530 562 -1 437 -1
17283 248 3347 3761 5879 -1 241 2132 3393 6536 -1 2135 -1
22967 1522 4448 7915 11529 -1
10584 6233 -1
24327 371 519 2082 2131 -1 89 -1 520 -1 1755 -1 2958 -1 4675 4749 -1 4750 6570 -1 2959 -1 1988 4751 -1 996 3120 4752 -1 781 2156 4678 -1 3484 3647 6742 -1 597 970 -1 44 -1 1132 4515 14671 -1 972 2941 4962 7893 -1 4359 7394 -1 1144 4757 -1 587 -1 1828 5047 -1 2885 -1 11 4759 12520 -1 973 -1 12 -1 5049 -1 4615 -1 9377 -1 1530 -1 9634 14672 -1 2992 -1 3143 -1 2942 5050 7395 -1 237 1043 9948 -1 9917 -1 6539 -1 3430 4760 -1 6811 -1 2886 -1 238 -1 239 3258 8995 -1 2133 5880 -1 8064 10669 -1 375 -1 305 8066 -1 3519 -1
8841 54 -1 1143 -1
20392 498 -1
17651 5999 -1
21058 6469 -1 2825 6135 -1
2913 291 447 -1
4946 147 865 7320 -1
22552 5 -1
7163 280 -1 43 1024 3606 -1 828 2992 -1 239 1043 -1 2291 -1 262 305 783 3519 -1 2191 -1 242 -1
24010 1100 -1 147 666 -1 434 437 -1
11493 447 -1
23030 865 2066 -1
22534 498 -1
6177 835 -1 2017 -1 4899 4968 5715 -1 3659 4508 -1 4921 -1 472 3855 3971 5116 -1
18621 2 147 503 -1
19391 736 5681 -1
11792 457 464 674 -1
3129 2228 5901 -1 5902 -1 3946 -1 1085 -1 1086 -1 1087 1088 -1
3335 6 -1 3275 -1
10678 86 -1
12158 280 1024 -1 2 -1
22152 2 -1 8921 -1
3620 261 2121 -1
19151 2 63 609 5420 7198 -1
8385 135 437 -1
18032 76 135 661 662 -1 147 -1 491 4871 5066 13127 -1 13128 -1 3381 13129 -1
19132 13446 -1
17052 2 -1
15805 2397 -1 381 693 2200 3216 3229 -1 76 82 737 932 7046 -1 147 -1
1064 3170 3171 -1 275 401 1819 3350 3351 -1 86 896 -1 1979 3352 -1 147 -1 3353 -1
5421 2 7751 -1
11180 443 -1 445 447 448 -1 1001 -1 72 584 10530 -1 674 3675 -1 5303 9832 -1 481 4638 -1 2144 2302 -1 2303 3534 -1 869 -1 7863 -1
22912 76 2979 3818 5709 -1 147 451 865 -1 584 -1 72 7405 14341 -1 595 9148 -1
8944 2 -1
16268 878 -1 2241 -1 76 865 -1 147 -1 432 1140 4044 -1 433 584 786 -1
998 2 -1 422 472 -1
17891 48 76 134 1076 3197 4479 4601 8732 8987 -1 2064 -1
11355 5 -1 54 -1 293 -1
24808 3805 -1
752 85 210 2358 -1
5657 223 869 -1 870 -1 835 2017 3824 -1 838 -1 2183 -1
5814 6 876 8053 8054 -1
17772 1697 -1 1626 -1 1698 -1 1111 1699 -1 1627 1700 -1 1701 -1 1702 -1 1628 1703 1704 1705 -1 1629 1630 -1
10378 320 896 1939 -1
16740 583 2058 2385 3403 12747 -1
9034 265 6839 -1
19203 204 2816 3291 -1 84 85 -1
13925 452 -1
2219 789 -1 1815 3416 4508 5115 -1
18906 63 1036 -1 437 444 469 729 847 1611 -1
922 870 2332 -1 3128 3129 -1
9174 791 3417 -1
3478 117 1070 1611 -1
7321 2 3735 -1 277 -1
20480 85 3930 -1
12652 1023 -1 1144 9009 -1
7913 665 -1
15630 147 2979 -1
17178 147 -1
24470 3406 -1
5273 1100 -1
18856 469 -1
15670 2 -1
20183 2 -1
14788 11799 -1
14133 5 90 204 672 673 5266 -1 736 3207 3330 -1 790 -1
22795 63 718 2334 -1
21426 533 -1 632 3236 -1 147 -1
7730 498 8988 8989 -1 885 -1
2054 3 -1 0 4827 -1
3810 2 -1 3261 -1
24068 3415 -1 1169 -1
1535 1817 -1
1527 355 869 3971 -1
2467 272 -1 1471 -1 2451 -1
768 147 2378 -1
7823 5237 -1 437 530 2230 2854 -1
6713 5 -1
9561 54 1143 -1
14488 6 48 -1 1574 -1
22486 315 -1
19021 5789 -1
12026 147 2302 -1
4268 24 3879 -1 147 447 -1 448 -1
8229 3612 -1
13830 2158 -1
19909 452 1483 -1 465 4637 -1 472 493 1010 -1
1275 896 -1
10805 787 5062 -1 467 -1 2348 3982 -1 469 -1 470 -1 838 2818 3382 -1 2335 -1 792 -1
18838 54 377 1569 2075 -1
10865 86 -1
23835 5 503 -1 2 315 1750 -1
12317 6208 -1
11869 10783 -1
13889 147 1867 -1
12414 6833 -1 1495 -1 8311 -1 10981 -1 2299 -1 420 896 2147 -1
11202 573 -1
5336 1750 -1
15262 1140 -1
12905 48 915 1001 -1
11143 2 -1
13343 583 -1 437 643 669 2423 3815 -1 3382 -1
13517 2 48 147 277 -1 666 -1
10885 137 6629 -1
4498 72 2180 -1
2786 685 -1 82 259 378 828 -1 6 84 3616 -1 1818 -1 5510 5511 -1 5512 5513 -1 4792 -1 275 896 5514 5515 5516 5517 5518 -1 2147 5519 -1 5520 -1 5521 -1 85 86 5522 -1 2242 2867 -1
14803 9800 -1
15561 12368 12369 -1 12370 -1 12371 -1 12372 12373 -1 12374 12375 -1 12376 12377 12378 12379 -1 12380 12381 12382 12383 -1 12384 -1 12385 -1 12386 12387 -1 12388 12389 12390 -1 12391 -1 12392 -1 12393 -1 809 8217 12394 -1 3521 -1 3369 -1 82 -1 12395 -1 6577 -1 9099 -1 2063 -1 147 4497 12396 -1 868 -1 461 493 12397 12398 -1 12399 -1
24784 511 -1 234 -1 236 1463 -1 8337 -1 567 -1 147 265 -1
18087 315 -1
6211 690 3217 -1 221 2213 -1 2216 -1 2104 3798 -1 3799 -1 691 692 693 4988 -1 6163 -1 696 1146 2159 -1 2012 3321 3395 5536 -1 307 807 829 3227 -1 272 3884 -1 903 2455 -1 147 -1
3541 1770 -1 1913 -1 2 134 315 4821 -1
1473 3916 -1
10571 76 -1 23 530 -1
22587 472 -1
16016 5 -1 12537 -1 147 -1
593 546 973 1829 -1 76 737 -1
21339 63 669 1173 5110 5728 -1 147 -1
7657 147 -1
20557 444 -1
3961 5 -1 302 -1 4989 -1 422 -1
262 905 -1
1711 5 10 -1 4332 -1
15505 439 441 445 1719 3973 6883 -1 449 -1 1730 3074 -1 1733 2338 -1
820 2 -1
17784 135 -1
16092 837 -1
9904 92 -1
10303 0 2 5 878 -1
6792 2 1959 -1
22565 3330 -1
11496 11 -1 524 1517 -1 525 -1 527 528 1133 1518 2282 -1 1134 2283 -1 1469 -1 108 130 671 783 830 -1 131 643 2415 -1 6 63 147 669 723 729 847 3637 -1 586 1140 -1 786 836 4637 -1 468 837 2955 8469 -1
22079 6188 -1 3275 -1 204 1955 2799 -1 289 320 1528 -1 3101 -1 533 -1 291 3834 -1
8601 9527 9528 -1 5409 9529 9530 9531 -1 9532 -1 8982 9533 -1 3971 9534 -1 315 677 744 1011 2196 4372 -1 4077 4939 -1
7437 87 -1 8842 -1
17179 1001 2017 2317 -1
13796 736 -1 147 -1
13050 147 -1 3956 4340 -1
20275 158 13753 -1 2 422 4880 -1 2144 -1 315 469 1796 -1
24984 3092 5942 -1
9794 76 -1 289 -1 437 736 -1 1925 -1 315 -1
11253 82 147 -1
14903 11844 -1
18770 736 -1 147 291 454 1817 1922 4679 -1
23403 2 -1
22238 445 454 456 -1
7615 868 -1
13501 3379 -1 465 -1 472 2825 3144 -1
19680 2 -1
14335 315 -1
21825 1480 -1
11311 6182 -1 3959 -1
24624 10 1436 2326 -1 5 217 -1 2 82 -1
18991 2 9204 -1 114 -1 583 7146 7147 7152 -1 1969 -1 434 1140 -1
14503 264 1048 -1
8267 31 84 85 204 -1 4092 -1 530 -1 147 -1
6455 10 338 -1 217 -1 5 -1 6235 -1
13723 36 -1 7872 -1 211 1773 6089 -1 133 -1
12962 437 444 -1
5683 1979 8008 8009 -1 319 -1
3016 311 1076 -1
2311 536 1140 -1
12482 2366 2877 -1 2416 -1
18891 2 589 2130 -1
20049 2 437 -1
5765 1817 8039 -1
2881 58 970 4755 -1 5695 -1 597 -1 44 522 -1 4515 5696 -1 972 4962 -1 2941 4756 -1 587 1144 -1 973 1043 1829 3430 -1 305 -1 2158 -1 524 1133 5697 -1 45 527 1134 -1 282 378 2212 5698 5699 -1 379 3520 3631 5441 5700 -1 380 381 1136 2051 -1 4565 5701 5702 -1 47 5703 -1 701 1472 2169 2405 -1 2875 -1 810 5261 -1 832 959 2413 2415 2944 5601 5704 5705 -1 2058 -1 63 2878 -1 1021 3583 -1 4951 5706 -1 718 2455 -1 4067 -1 1036 -1 2388 -1 1670 -1 2368 -1 1671 -1 2369 2370 5707 5708 -1 2979 -1 669 5709 -1 2220 5425 5710 -1 5711 -1 6 70 5712 -1 134 566 -1 567 998 -1 76 865 -1 2356 5713 -1 3406 -1 147 291 586 -1 442 3410 5714 -1 868 -1 464 -1
6112 134 669 -1 147 -1
13853 226 739 1485 2066 3130 4508 9068 -1 136 472 1751 2825 -1
20618 214 -1 137 -1 232 -1 141 -1 2 90 -1
7379 3562 -1
11979 4224 4225 -1 1022 -1 3128 -1 315 792 838 -1
2905 966 1100 -1
24253 9312 -1
17459 12959 -1 2 63 -1
6633 1005 -1
14379 9405 -1 451 -1
3933 6 2353 -1
20438 434 445 466 530 4601 -1
23291 586 -1
2646 76 -1
515 1772 -1 84 85 1773 -1 1774 -1
22490 459 -1
1877 134 -1 147 629 786 870 3128 -1
10323 452 454 2142 3008 3048 -1
19117 7118 -1
18450 876 1022 12779 -1
21071 84 85 451 -1
21161 782 -1 147 -1 471 -1
15037 264 -1 6 -1 204 -1
19606 464 -1
7736 2 493 581 -1
12987 442 -1
18812 2 6 -1 208 -1 86 -1
6537 666 -1
10401 493 870 3128 -1 4649 10280 -1 836 2017 3152 3957 -1 1006 1565 8493 -1 676 2317 -1
14421 210 -1 1578 -1
20861 401 437 896 3351 -1
11175 0 -1
10949 76 289 736 -1 135 311 451 737 -1
20272 448 2818 12757 -1
3687 135 147 1100 -1 437 -1
15039 676 -1 315 -1
21552 460 868 -1 2334 -1
19743 4045 -1 874 10088 -1
2634 76 147 1722 2182 5394 -1 429 -1 445 868 -1
7196 4067 -1 147 669 1671 -1
5473 791 1751 -1
17055 2851 6086 6087 6125 -1 896 3350 3634 -1
16708 2017 5933 -1
3390 244 467 3956 -1 143 -1
2093 3659 -1
17922 1733 3080 -1 3081 -1
5313 263 -1
8453 72 -1
2279 5154 -1 1022 -1
20162 315 466 915 -1
22700 494 495 2017 4969 9013 -1
19900 315 -1
16301 3827 -1 12617 12629 -1 1085 1086 1087 1088 -1
11932 141 498 885 -1
7738 2 76 -1
8238 3478 -1 3479 -1
7391 7145 -1
22724 1111 1627 -1 1631 1706 -1
18850 147 -1 785 -1
19486 3955 -1
2081 530 3637 -1
13753 609 7200 -1
8008 5451 -1 211 -1 2861 7999 -1
16713 12733 -1
5333 3569 -1
13748 2424 -1
3407 147 434 1022 4969 -1
22975 2 -1
10879 1955 6188 10433 -1 204 -1
17333 3973 -1
14686 437 -1
12457 8100 -1 211 7995 7999 10704 -1 9922 -1 3507 11000 -1
17550 666 -1
7067 7539 -1 4611 -1
2415 503 -1
15567 472 1817 -1
9601 6359 9064 9961 -1
3386 915 2876 3353 -1
7647 315 -1
10183 147 451 -1
22991 369 -1
1677 421 4090 -1 884 4091 -1 289 736 4092 -1 437 457 533 4093 -1
4844 2958 -1 2 -1
7458 870 2017 5062 -1 1559 -1 2334 -1 4969 -1
23990 4613 5063 -1 4894 -1 3092 -1 563 3959 -1 1736 2066 -1
3190 134 -1 445 1022 2183 5988 -1
23607 357 -1 1535 -1
15580 10669 -1 375 -1 303 5051 -1
16577 6 50 204 -1 1051 -1 2813 -1
8662 762 1032 1129 1130 -1 2 5154 -1 147 -1 498 885 4338 -1
20862 6 275 728 1820 2416 -1 433 468 896 9935 -1
17126 915 -1
23348 2 72 76 -1
3139 2 -1
9801 1415 -1 1416 -1 1417 -1 1418 -1 1419 1420 1421 -1 1422 1423 1424 -1 1425 -1 1426 -1 1427 -1 1435 -1 1436 -1 1437 1438 -1 1439 -1 1440 1441 1442 -1 1443 1445 -1 1448 -1 1449 -1 3968 -1 816 1450 -1 678 -1 10 268 7972 -1 0 -1 217 -1 39 657 658 -1 5 -1 55 -1 3359 -1 2887 -1 41 3679 -1 138 555 1615 1779 2940 2998 -1 840 4961 -1 37 -1
18402 147 -1
3170 72 -1
2678 147 3973 -1 445 870 3044 -1
20219 5141 -1 401 896 1154 1977 -1 210 -1 9567 -1 2312 -1 86 878 -1 13726 -1 3423 -1 87 2230 5577 5578 6168 -1
11215 4981 -1
1478 72 2228 3330 -1
4430 154 -1 2 -1 6 86 -1
19613 2087 -1
8194 2144 -1 836 3152 9279 -1
20528 460 -1
3489 503 520 1018 -1 272 -1 6214 -1 4965 -1 63 -1 289 736 2387 4596 -1 932 -1 147 533 737 -1 434 -1 437 481 491 -1 2144 3887 -1
10232 6135 10207 -1
8844 147 9642 9643 9644 -1
17747 10694 -1 10695 10696 -1 10697 -1
7478 204 1955 2106 3275 6188 -1
3393 2 572 1750 -1
8281 437 9325 -1 2302 4640 -1
