374
197 736 737 -1 147 -1 431 -1
21998 472 -1
7823 870 915 -1 876 -1 244 -1 9013 -1
24010 915 -1 3956 5062 -1 136 3382 -1
17080 792 -1
15837 467 493 -1 676 6715 -1
17747 10698 -1 6913 7991 7992 -1 5821 10699 -1 10331 13034 -1
7736 676 -1
12150 1169 -1
9687 320 420 1867 -1
16911 140 305 3472 -1 2 696 3228 5022 -1 725 3399 -1 5112 -1 147 437 467 1169 3404 3814 -1
12656 315 3971 6892 8694 -1 677 -1
15199 7538 -1 8893 -1 4324 -1 2366 2367 -1 2415 -1 2416 2418 5604 7879 -1 4065 -1 5310 -1 4066 -1 4775 -1 643 -1 63 2455 7166 -1 833 1480 -1 717 -1 5835 -1 5605 -1 22 721 2388 3812 3846 4311 8782 -1 551 -1 724 -1 5975 -1 725 -1 9251 -1 669 -1 70 4778 -1 76 134 422 567 5757 -1 865 884 3296 3819 -1 3585 4103 5113 -1 1076 -1 423 -1 3406 -1 434 629 -1 447 451 586 4580 -1 786 -1 743 2332 -1 143 872 -1 789 2146 3144 3382 8510 -1
24709 86 2310 4237 -1
7478 8864 -1 2808 4394 -1 1959 8865 -1
10513 89 147 915 1622 -1
9127 2825 3537 3971 -1 5254 -1
10400 538 -1 2 1534 -1
11988 430 1739 -1
1832 226 876 2066 -1
11221 445 10547 -1
16602 226 3144 -1
23371 31 36 -1
7655 147 6290 -1
14355 885 -1
2415 105 -1 3404 5242 -1
2117 838 1655 1751 -1 472 -1 1010 1817 4970 -1
8275 5 137 -1
24624 6 -1 84 85 4857 -1
662 457 470 1006 2183 -1
2514 4811 -1
2944 5807 5808 -1
7163 105 -1 129 583 -1
23990 3630 -1 4668 -1
20391 315 473 498 926 -1
8453 1169 -1
12184 449 2017 4780 6884 -1
2841 609 1563 5426 -1
12124 6 -1 896 -1 76 433 -1
18032 2302 -1 3144 3614 -1 315 497 677 -1
3016 135 1100 4100 -1
21941 2093 2191 5538 -1 4807 -1 272 -1 915 -1 677 14137 -1
5884 302 6174 -1 19 137 -1 539 -1 540 -1
7657 493 -1
20558 1010 -1
21626 135 147 445 -1
12457 4237 -1 419 -1
23771 433 445 586 14528 -1
7276 63 -1 551 -1 134 147 725 3144 -1
733 244 -1
2535 885 -1
16742 2 48 1544 3529 -1
11311 3130 4610 -1 1655 -1
14803 573 -1
5346 82 -1 572 7609 -1 244 915 -1
10678 76 320 430 445 5978 -1
5838 147 -1 445 -1 447 -1 451 -1
15778 445 584 -1
1310 1139 2861 2864 -1
19796 490 -1 1131 -1 1018 -1
8944 584 -1
1682 2 -1 2976 4103 -1
2219 4795 -1
23553 444 451 493 1483 -1
7034 7448 -1
19678 1013 -1
20564 1391 1392 -1 1393 -1 1394 1395 1396 1397 1405 1416 1427 -1 1435 -1
3390 4679 -1 6165 -1 3959 -1
3750 915 -1
18245 838 3415 3668 -1
20644 498 -1
9187 422 -1
8596 320 896 2386 -1
13723 86 941 -1 134 421 -1 423 661 -1 135 -1 147 -1 11471 -1 2967 9144 11472 -1 915 -1
20895 2332 -1
22827 147 -1
19038 498 885 -1
14142 1010 -1
11980 1733 -1
12582 915 4044 -1
20888 76 -1
23506 10976 -1 669 -1
6112 2302 -1
18850 244 495 676 3987 -1
19125 147 469 3254 3822 -1 5717 6166 -1 265 -1 472 -1
23475 311 -1
17891 3235 -1
7695 3819 -1
24626 7465 8064 -1
12418 792 1010 -1
15716 1010 3353 -1
2311 433 -1
2786 320 -1
15611 378 3880 4766 -1
21588 86 -1
18812 1140 -1
17283 260 262 375 2180 2213 3519 -1 693 -1 2 698 1519 2191 -1 421 814 -1
4447 869 6783 -1
12482 4773 -1 3086 -1 814 -1 63 643 717 -1 718 2061 -1
21294 1724 5999 -1
16053 3956 -1
1911 4559 -1
2180 2144 -1
3400 885 -1
19200 869 -1 136 468 472 1010 2331 3537 3668 4507 4980 -1
11358 4980 -1
11888 76 420 666 1868 -1
9511 2250 3668 -1
8238 9137 -1 87 134 9298 -1 422 -1 311 736 -1 5114 -1 430 -1
3528 147 445 -1
5336 892 7605 -1
4430 87 6773 -1
13714 497 -1
14349 210 1089 1977 11658 11659 -1 86 -1 87 -1
9846 434 10026 -1
23607 363 -1 1691 -1 24 154 229 230 231 511 -1 258 -1 2951 -1 233 -1 236 1130 -1 490 1809 -1 139 -1 89 519 -1 520 -1 141 -1 259 969 1024 -1 1043 -1 45 378 -1 736 1653 -1
19697 6 31 -1 3169 -1 3170 -1 3171 -1 275 7985 -1
365 1093 1094 1095 1096 -1 210 -1 1097 -1
13659 315 1817 -1
4578 147 -1
21782 422 -1
20439 2 -1
1700 498 -1
16000 2 1517 5229 -1
11982 2 -1 491 666 10834 -1
23205 147 -1
16722 6 -1
20140 9709 -1 5829 -1
17561 5956 -1 2049 -1 2 583 -1 134 147 -1 1719 -1
4807 459 7243 -1
6211 437 3537 -1
8281 315 676 1485 8804 -1 1816 -1
17459 1036 -1 669 -1
16182 495 -1
13337 86 2866 -1 419 4355 -1
23678 865 -1 530 562 736 -1 423 -1 2064 2223 3235 -1
1097 472 -1
10576 2 5 54 -1
21044 809 7039 -1 76 421 3339 -1 147 -1 495 563 675 835 926 2250 4666 -1
3129 1089 1090 -1 1091 -1 1092 1093 -1 1094 1095 -1
9143 2 90 6986 -1
2844 3131 -1
16557 275 6084 -1
21154 422 3955 -1
16373 86 210 -1 320 3552 -1
20219 8412 -1
988 2093 2976 3252 -1 6 -1
11180 1815 -1 315 3971 -1 677 -1 494 -1
10458 433 1140 -1
13524 1000 -1 1751 -1
12399 1705 -1 1706 1707 -1 1631 -1
13925 2017 -1
5683 2242 -1
10364 464 471 -1
8340 6066 -1
10568 147 2066 -1
22036 878 8452 -1
8564 147 315 491 -1
21668 666 -1
24253 86 -1
14421 86 211 1774 -1 147 420 -1
21905 4611 -1
19743 471 1010 2146 2983 4970 6893 -1
9918 1645 4546 7428 10047 -1 2094 -1
19592 3122 5960 -1 698 2006 5057 7584 -1 1611 -1 76 147 4330 -1 437 -1 226 457 1141 3824 3956 -1 2095 -1
10401 1927 -1 472 -1 315 2306 -1 677 -1 4372 5445 -1 2196 3889 10281 -1 4939 -1 6994 8534 -1 4077 -1
22152 533 632 -1 661 -1
9561 7989 -1 76 -1
3347 134 6134 -1 567 3820 5113 -1 147 451 3973 -1 786 3728 6135 -1 2825 -1 315 472 4611 6136 -1
12032 5062 -1
24327 4764 -1
23496 563 -1
8021 135 147 -1 443 -1 872 -1
17133 1007 1922 -1 3415 9458 -1 789 3382 -1 1169 -1
2467 6 27 814 3373 -1 31 70 76 -1 530 5271 -1 289 5059 -1 562 736 3236 -1
19501 676 4906 9423 -1 1816 -1 573 -1
1711 4333 -1
9942 998 999 -1
15580 12422 12423 -1
14356 792 -1
16102 529 2283 -1 3800 -1
18402 451 -1
9601 445 -1
9801 351 -1 302 1753 3514 -1 1643 -1 6759 -1 686 -1 253 -1 24 363 1692 -1 581 -1 229 582 -1 824 1514 -1 257 511 -1 230 768 -1 687 1599 -1 157 231 258 1600 2044 -1 367 1462 2951 -1 1863 -1 1032 -1 369 -1 2952 -1 1130 -1 1516 2953 -1 1465 1466 2281 -1 139 371 519 1131 -1 1826 -1 89 -1 140 520 521 -1 4674 -1 780 3472 -1 1857 -1 4562 -1 280 969 -1 1024 3606 -1 239 1043 -1 688 863 1468 2291 -1 689 -1 3367 3393 -1 241 374 2134 -1 375 -1 261 2180 -1 262 503 690 -1 4039 -1 1519 3801 -1 809 2093 6959 -1 272 -1 115 557 2007 5057 -1 4064 -1 134 422 737 932 2424 4095 5994 -1
630 885 -1
8601 1816 -1
6538 445 -1
12240 3959 4045 -1 873 4508 -1 2066 -1 6716 -1
9646 3775 -1
13174 6049 8149 11242 11243 -1 2797 9646 11244 -1 10139 -1 3269 4337 8150 11093 11245 11246 -1 11247 -1 3270 7557 11248 -1 3271 3272 6538 -1
6099 2 43 147 -1
3335 1955 -1
3589 2219 -1
11355 82 666 10584 -1
11175 5 63 3100 -1
12005 434 567 -1
19107 5720 -1
20819 5564 -1
7365 447 -1
18412 7538 8928 -1 643 2060 5310 -1 63 551 -1 4073 -1 13243 -1 933 -1
17772 1706 -1
15436 135 5059 -1 662 -1 147 -1 437 445 457 -1 265 -1
982 3228 3229 -1 307 3230 -1 807 -1 842 -1 698 -1 272 -1 2 3231 -1 3232 -1 708 -1 3233 3234 -1 63 -1 311 -1 447 786 3235 3236 3237 -1 3238 -1
18607 666 -1
21603 677 1817 -1
15823 563 -1 472 473 792 838 4611 6346 -1
5195 3254 -1
4844 433 454 1140 -1
10749 108 -1 112 1853 2075 5386 7127 -1 117 -1
9904 147 -1
15561 12400 12401 -1 12402 12403 -1 12404 -1 12405 12406 -1
2881 481 -1 3822 3887 -1
6673 147 3723 -1 2144 5114 -1
6308 82 666 -1
9150 2825 3492 -1
3263 147 473 -1
1318 838 -1 3728 -1
19146 896 1140 -1
2850 272 1519 2874 5628 5629 5630 -1 63 713 961 -1 4311 -1
22930 4977 7757 10999 14352 -1 8144 -1 10781 -1 5407 11753 -1 70 134 422 566 2100 5818 -1 2309 -1 567 -1 135 311 3197 -1
10668 315 -1
17099 2335 -1
3489 4649 -1 3982 -1 1565 -1 5758 -1 1004 -1 676 1007 1815 -1 1924 -1 1655 6215 -1
22967 8179 -1 82 135 320 -1
11010 571 -1 31 -1 2442 -1 3421 4790 -1 6869 10469 -1 1154 -1 896 -1 1139 -1 320 -1 134 437 -1
2894 5758 -1
7437 8843 8844 -1 915 -1
11189 320 457 5978 -1 226 2250 -1
4192 137 147 254 -1
17180 472 -1 4077 -1
1248 147 -1
2023 86 422 -1
8407 1475 4311 -1
17444 1922 6407 -1
21812 3415 -1
1237 1011 -1
11496 2146 9459 -1 1751 3103 5829 10563 -1
7297 442 -1
1037 677 -1
1972 4639 -1
8277 378 379 -1 1165 -1
12145 469 3382 3936 4045 -1 8825 -1 4339 -1 5829 -1 472 -1 473 10891 -1 10892 -1
14230 677 -1
7522 147 -1 442 -1 315 915 -1
7550 466 3254 -1
922 677 3130 3131 -1
9566 226 873 2066 2302 3822 5128 -1 315 2183 -1
17922 462 1734 1735 3082 -1
975 2060 -1
10571 445 -1 315 491 838 -1
1942 737 -1 3197 4601 -1 1076 2064 4602 -1 1000 1031 -1
16237 4857 -1
8120 517 -1 374 1828 2885 -1 2 527 1134 -1
688 85 925 1773 -1 2235 2236 2237 2238 -1 1139 2239 2240 -1 318 941 2241 -1
17707 567 -1
22991 147 -1
14700 420 5223 -1
18991 491 -1 1182 7321 8033 -1 676 -1
20227 1111 1698 -1 1627 1699 1700 1701 -1 1702 -1 1703 -1 1628 1704 -1 1629 1705 -1
2678 315 3415 -1
5957 3351 -1 401 896 -1 7399 -1
15505 466 2888 -1
593 147 -1
7913 2 76 213 -1
12414 76 -1
21435 136 452 -1
20528 461 915 -1 315 -1
11211 135 -1
1240 5 -1 539 -1 1043 3456 -1 2 147 1750 3631 -1 3415 -1
9863 6 135 437 444 -1
21426 666 -1 437 -1 9064 -1 444 -1 445 11392 -1 10402 -1 9067 -1 2143 -1 572 -1 13517 -1 915 2144 2967 3936 4879 6014 6303 -1 1005 2145 -1 225 473 1010 -1 792 -1
17963 4665 -1
1417 468 469 -1
9194 6136 -1
8693 315 -1
15805 666 676 -1
9763 437 -1
23250 3823 -1
17584 12991 -1
12393 85 -1
24392 497 -1
16904 377 1747 -1 1845 -1 76 632 736 -1 147 465 -1
20579 461 -1
8588 632 2064 -1
12396 2 -1
16301 1089 -1 1090 1091 1092 -1 210 1093 1094 1095 1096 1977 -1 1578 11229 12630 -1 7961 -1 211 -1 86 10805 -1
5405 623 -1 3358 -1 4209 -1 4210 -1 65 1914 -1 316 -1 1915 4211 -1
2232 147 -1
3033 3194 -1
4946 491 -1 7293 -1 7321 -1 915 5062 -1
5780 244 -1
15840 2 567 10513 -1
19194 471 9437 -1 3492 -1
20428 6 830 864 885 913 5633 -1
22238 4223 -1
4829 259 -1 4000 -1
18281 451 -1 457 472 -1
24044 2 -1
2403 6 27 2371 -1
784 472 -1
2081 147 1565 2017 -1
9488 130 131 6301 -1 9918 -1 1035 2978 4825 5749 5966 -1 6335 -1 2420 -1 814 -1 847 -1 729 1611 2980 -1 2422 -1 1137 3817 -1 6827 -1 3480 6910 7985 -1 8412 -1 5407 -1 76 134 422 865 -1 2063 -1 2356 -1 530 562 5855 -1 423 3406 -1 3834 -1 2253 3236 -1 147 -1 432 437 -1 454 457 -1 2428 -1 463 4665 -1 464 2302 3254 -1 243 3823 -1 244 837 3957 -1 1922 3958 -1 676 3415 -1 265 739 -1
12465 1724 -1
8920 1480 -1 2387 -1 48 3145 -1 134 666 -1 452 -1 454 460 -1
6713 315 -1
11535 63 117 -1
4036 2 -1
5830 433 437 -1
22736 2 5 356 -1
15384 401 -1 12009 12010 -1 12011 -1 12012 -1 890 12013 -1 896 2997 8158 -1 5515 5516 5517 -1 5518 -1 2147 -1 11320 -1 5522 -1 1774 -1 12014 12015 -1 10104 12016 -1 5449 12017 12018 -1 6911 -1 11012 12019 -1 3891 -1 12020 -1 1113 -1 5451 7961 12021 -1 5452 -1 5453 -1 211 4434 5454 -1 212 12022 -1 12023 -1 5457 10709 12024 -1 4618 -1 12025 -1 86 -1 420 -1 135 -1
14900 2 -1 147 -1
21146 10608 -1 194 195 -1 197 198 -1
22552 302 945 -1 353 1837 4767 -1 2 63 147 -1 481 -1
16318 92 2168 -1 707 -1 1476 1477 7120 -1 6 3846 -1 865 4596 -1 884 -1
22171 315 -1
8812 4462 -1 1520 4336 4467 9625 -1 2054 -1 8429 9185 9626 -1 391 3740 9627 9628 9629 -1 421 959 3375 4965 -1
16268 464 1141 4935 10088 -1
19588 236 -1 2 134 2047 -1 451 -1 452 3823 -1
11679 4941 -1
9415 583 9875 -1 720 2387 -1
5478 82 105 -1
515 915 -1
8008 86 212 315 -1
5994 8180 -1 2 3697 -1 147 422 -1 3044 -1
8476 572 915 -1
9670 45 -1 378 -1 701 1068 2875 -1 117 4320 -1
4045 2 147 736 3648 -1
8194 315 2306 -1
405 17 698 1470 -1
3620 2 -1
7606 5 217 2102 -1 3384 -1 138 1779 -1 1837 3694 -1 353 -1 758 1643 -1 1838 -1 1679 3604 5229 -1 152 761 844 862 1119 -1 603 3332 -1 1534 4706 -1 539 -1
15037 147 -1
24160 630 631 888 -1
22576 76 437 2064 -1
15114 315 788 835 1169 -1
1877 3668 4507 -1
19021 134 2447 -1 422 -1 76 289 -1
20224 244 473 836 1751 2183 -1
12257 4077 10933 -1
13495 716 4066 -1 1480 3757 -1 6 27 31 48 277 11366 -1
11544 400 -1
6286 2 45 -1 7151 -1 7153 -1 583 -1 63 846 7859 -1
16740 7452 -1
2339 76 632 -1
10197 466 -1 481 491 -1 1738 -1 2302 -1 5062 -1 838 -1
9373 524 525 -1
11524 7098 -1 103 713 1610 -1 63 -1
6692 451 452 3254 -1
24901 315 739 6407 -1
10584 669 2061 -1
243 515 882 883 -1
24891 2183 -1
20618 147 -1 674 1007 1813 -1 9423 -1
16577 2814 -1
23930 2 953 12437 -1 264 -1
3601 6328 -1
16587 1565 2303 -1
20294 6951 13756 13757 -1 878 -1
4760 63 5477 5975 -1
5534 865 -1
14477 466 2335 -1
6971 1000 -1 3820 -1 135 666 2142 7851 -1
13624 437 1922 3353 -1
16015 1013 2066 -1
17182 3036 -1
4042 435 -1 441 443 445 586 -1 838 3415 -1
2085 497 1013 -1
10623 147 1076 3820 -1 455 4780 6466 -1
5657 3630 -1
21455 14042 -1
7450 8852 -1
9546 2562 -1 183 184 185 -1 186 -1 187 188 283 2350 -1 6872 -1
24151 2017 -1
1684 345 346 1536 4200 -1 1910 3755 4201 4202 4203 -1 1770 4204 -1 1912 -1 4205 -1 4206 -1 4207 -1 623 1913 4208 -1 3358 -1
