158
16557 3667 -1 896 1154 -1 134 -1 76 -1
15561 12407 -1
17584 208 209 530 3615 7593 -1
17707 437 469 562 838 6849 -1
24010 315 473 494 495 497 1010 -1
22152 135 -1
405 2 1471 -1 702 1472 -1 1020 -1 113 1473 1474 -1 1475 -1 715 -1 1476 -1 1477 -1 1478 1479 -1 1480 -1 728 847 -1 884 1481 -1
17747 211 6914 7997 7999 10700 -1 8000 13035 -1 86 7883 -1 7884 -1
19796 524 2131 -1 82 525 527 528 830 -1 13 -1 97 100 103 5384 -1 628 709 -1 1743 -1
23371 590 -1
12465 429 -1 432 866 -1
4807 460 -1
9488 471 -1
23930 147 -1
15580 2 13 11836 12424 -1
3589 315 423 -1
11524 27 264 4069 -1 6 31 -1
24160 1127 -1 2 -1
6538 469 -1
975 6 724 -1
2415 70 76 -1 530 533 5243 -1 4100 -1
9546 203 -1 6 84 85 -1 736 -1
2219 265 5116 -1 2825 -1 472 -1 473 1010 2184 -1
18412 6 320 4380 5459 -1 135 632 998 -1 147 -1
20219 320 419 2332 2386 -1
24327 5053 -1 1920 5697 -1 3205 -1 503 6925 6926 -1 6929 6930 -1 8845 -1 5498 -1 45 378 381 -1 671 -1 2 -1 11855 -1 884 1480 10807 -1
6692 3987 8496 -1
11311 677 2306 10567 -1
21426 926 4668 6717 -1
19125 315 -1
8476 315 -1
11982 1816 -1
23678 629 -1 437 447 -1 448 451 4580 -1 915 2331 4980 -1 467 837 3957 -1 143 2250 3415 -1 789 -1
17561 3408 -1 430 -1 445 4217 4219 -1 4227 -1
3390 1007 3415 -1 6166 -1
2467 437 -1 4610 -1
9373 527 528 1133 -1
1417 2250 -1 3824 -1 136 872 3415 3461 -1
8238 442 444 3724 -1 457 464 868 869 -1 2017 -1 563 1565 2250 -1 789 -1 1815 3130 -1
16102 694 -1 3224 6972 -1 783 -1 2447 -1 7041 11468 -1 4521 7130 -1 60 125 1031 1036 1660 1717 3834 4064 6458 10786 -1 147 1140 -1 433 -1 452 -1 72 -1
21435 472 -1
23475 147 291 -1 433 -1 469 2183 -1
1310 76 2241 -1
11189 472 -1
7163 63 8721 -1 718 -1 722 8009 -1 134 -1 135 632 1100 -1 147 452 471 498 836 -1
11175 533 -1
1942 434 2017 4603 -1
23506 6 50 1955 2394 2799 -1 204 275 1773 -1 12721 -1 13680 -1 211 5451 5452 -1 86 5607 -1 3429 -1 1139 -1 10589 -1
21146 201 203 13964 -1 6 -1 1049 -1 84 -1
10623 4899 -1
8120 865 3404 -1
8407 423 977 -1
7550 469 676 -1
11535 315 10419 -1
19146 6453 -1
8340 493 1076 -1
16742 530 -1
1684 65 1914 4209 4210 -1 316 4211 -1 1915 4102 -1 4212 -1 943 4213 -1 348 -1 665 -1 214 -1 45 82 -1 2 13 -1 4214 -1 6 4215 4216 -1 4217 4218 -1 4219 4220 -1 4221 4222 -1 4223 -1 4224 4225 -1 1022 4226 4227 -1
15199 136 2825 -1 473 -1 677 1010 5224 -1 2196 4372 -1
4829 6 277 280 3602 -1
21294 1816 1817 11369 -1
12145 573 3194 -1
20564 1436 1437 -1 10 534 1438 -1 0 -1
9846 244 -1
11180 498 573 -1
19501 1013 -1 497 -1
10197 2286 -1 4340 -1
24624 76 -1
733 2334 -1 2335 -1
21154 4969 -1
22576 1005 -1
5683 8010 -1
688 2242 -1 147 320 437 -1
9511 2818 4508 -1 4925 -1 226 6160 8510 -1 6136 -1
8601 4826 -1 1041 -1
19194 1751 2825 -1 1009 -1 136 4668 -1 315 -1
2180 493 5067 -1
19107 4668 -1 8889 -1
12396 10968 -1
5478 76 -1
24626 147 669 -1
7365 563 739 876 2095 -1
11211 147 -1
19697 401 896 -1 878 -1
16602 136 265 1751 -1
6971 466 584 743 1483 7003 -1 315 498 -1
17283 423 -1 147 666 -1 437 457 -1 3144 3614 -1
17772 147 369 1631 1707 2951 2952 -1
9942 76 147 -1
9415 1036 -1
243 76 291 723 884 -1 885 -1
9670 63 -1 6 -1
20140 472 1816 1817 -1
16577 9344 -1
8920 491 -1 836 1736 1751 2331 -1
3489 790 6216 -1 6217 -1
2850 5377 -1 72 147 226 -1
10401 498 -1
197 738 739 -1
6286 48 -1
5884 254 360 1029 1144 1828 5665 -1 1043 2992 8089 8090 -1 4563 4564 -1 503 2215 -1 671 -1
2844 1925 -1
8812 3828 -1 2309 -1
21782 147 785 -1
2786 3377 -1
3335 2801 -1 204 -1 2816 3291 -1 736 3293 -1
11358 468 -1
20618 315 -1
1972 4640 -1 2302 -1
12240 6058 -1 265 2983 3305 5717 5942 6839 10914 -1
365 86 225 1098 -1
12457 76 147 429 447 449 1722 1725 -1
16318 23 -1 135 1000 1613 3101 -1
13624 4611 7485 -1
17133 739 -1 790 3728 6407 -1 791 -1 136 5330 -1
1711 2805 -1
5405 55 943 4102 4212 -1 45 214 348 665 4213 4214 6527 7745 -1 6 4215 4216 -1
20227 1630 -1 1706 -1 1631 1707 -1 234 3499 -1 89 280 536 2123 2297 -1 63 643 13736 -1
16000 12532 -1
10749 1070 -1 559 -1
12032 3956 4980 -1
13723 8469 -1 469 -1
21941 4568 -1
8277 63 5598 9324 -1 4049 -1 134 -1 448 629 865 -1 6884 -1 876 -1 2183 -1
1877 2825 3130 4508 4509 -1
19021 451 469 736 -1
5195 677 -1
12414 10982 -1
7606 357 -1 2028 -1 253 360 746 1535 4724 5804 -1 228 -1 229 -1 511 768 -1 769 -1 1600 2266 -1 157 1601 -1 234 1464 -1 1130 -1 1465 2281 4808 -1 490 2974 -1 1809 -1 139 826 -1 89 -1 141 -1 828 3347 -1 381 2180 5441 -1 783 8930 -1
13174 5281 -1 3273 -1 1955 2799 3274 8151 10362 11096 11249 11250 -1 3899 11251 -1 11252 -1 5836 11253 -1
5994 447 4780 -1 4613 -1 2066 2825 -1
12005 444 466 785 1729 -1
11980 466 -1
23607 147 291 -1
2403 2225 -1 31 1931 -1 23 48 932 -1 3378 -1
2514 497 1013 -1
2894 3492 -1
3620 6025 6345 -1 76 445 493 915 -1
9801 562 -1 3197 -1 147 -1 6975 -1 2425 -1 442 454 786 -1
1318 2825 -1
4578 738 -1
922 2196 -1
662 472 2184 -1
17891 147 -1 451 785 -1 471 -1
15037 977 -1
22238 1022 2429 -1
7034 63 2387 3757 -1 728 -1 669 8650 -1 147 423 431 465 533 632 868 1022 2182 2302 6993 -1 243 265 315 1169 1655 3956 -1
5838 584 -1 868 -1 1010 -1
22930 147 427 3044 -1 433 447 4580 5011 -1
2881 226 469 1141 2334 3144 3878 4899 5715 5716 5717 -1 265 471 1655 3614 -1 2146 2825 -1 3103 -1
2023 4795 -1
11496 4641 -1
13495 318 -1
9143 2988 -1
12482 726 728 730 834 3652 4801 -1 669 -1 6846 -1 76 567 5407 -1 3101 -1 135 661 966 -1 147 434 1100 -1 437 481 -1 4980 -1 6856 -1 836 -1 244 467 3958 -1 143 1007 -1 2066 -1
4192 6669 -1
12399 232 234 235 -1
3129 210 1096 5903 -1 86 -1
