68
8601 495 4940 4941 -1
24327 530 4092 -1 4583 5998 7850 -1 147 1140 9325 -1 437 445 -1 3653 4338 -1 1141 4340 -1 226 2066 -1 471 3144 -1 10953 -1 472 -1
5884 191 8091 -1 203 277 -1 6 -1 48 -1 421 -1 70 998 -1 76 736 -1 147 -1 433 437 -1
20618 677 -1
17561 459 1022 -1 1735 -1
13495 5978 -1
16557 315 -1
20227 1036 -1 722 -1
16318 147 244 837 1140 2331 -1
9143 72 -1
2415 143 470 5244 -1 5245 -1
20564 217 -1 5 252 -1
9488 791 2825 9711 -1 136 -1
1972 136 143 789 835 836 2250 2825 -1
16577 226 291 632 -1
24624 147 -1
4829 147 -1
8812 147 311 567 7846 -1
10623 3415 -1 2066 -1 265 -1 6893 -1
7163 885 -1
17747 1528 4237 10749 -1 320 -1
1318 2184 -1 792 -1
5838 926 -1
5405 433 4217 4218 4219 -1 4220 4221 4222 4223 4224 -1 4225 -1
9942 445 -1
12465 445 785 -1 460 868 -1
21426 315 495 -1
1684 4228 -1 4229 -1
17707 472 1010 6136 -1
23371 76 134 320 451 2074 2242 6834 -1
12240 315 -1
405 1482 -1 147 447 1000 -1 1483 -1
3390 1485 1815 2184 3144 3416 5717 -1 1010 -1
22930 449 452 454 3415 3936 -1
21146 85 -1
23678 5231 -1 1751 -1
21154 838 -1
7606 6458 -1 736 4599 -1 147 1140 -1 433 2425 8684 -1 448 454 786 3411 -1 463 -1
9511 472 -1
12482 136 1751 -1
6692 495 -1
8238 2825 3971 -1 6407 -1
2403 737 -1 437 837 -1 838 -1
9373 2 6 1134 -1
23607 3144 -1
16102 3653 -1 3144 -1 265 -1
10197 472 -1
11524 1051 -1 86 134 147 422 -1 4887 -1
11496 472 -1
9670 76 -1 147 -1
19796 111 4630 5386 -1 1070 1659 -1 851 -1 3787 -1 277 3846 -1
17133 472 -1 473 -1 792 -1
13174 2801 -1 9647 -1 1166 -1 6808 8152 11254 -1 2802 3278 7432 -1 3743 4381 7436 8702 10954 -1 11255 -1 11256 -1 1495 -1 204 -1 2804 2805 -1 1956 7856 -1 2808 -1 1959 4395 11257 -1
8407 440 443 4580 -1
9801 463 -1 835 4613 -1 1484 -1
23506 1821 4237 -1 147 445 -1
5478 3338 5271 -1 147 437 1031 2064 7868 -1
2894 136 -1
6286 147 226 941 -1
15037 454 -1
3489 315 6218 -1 1817 -1
10749 126 -1 2056 -1 131 1073 -1 63 721 2980 3652 -1 134 423 -1
3620 2017 6014 -1 6346 -1
5683 320 3552 -1
1942 472 -1
13624 4372 8889 -1
22576 3194 4611 -1
17283 265 472 -1 315 -1
