25
1972 3630 4641 -1 472 -1
23506 1022 -1
20564 746 -1 254 511 1604 -1 5380 5680 -1 13092 -1 134 -1
8601 497 573 1013 4942 -1
21146 2312 -1
5405 4226 -1
12482 677 792 -1
10749 147 -1 666 915 3823 4580 -1 3878 -1
5478 443 454 457 -1
16102 1736 -1
9373 320 2396 -1
13495 134 -1 3819 -1 5855 -1 423 5297 6549 -1 135 291 661 4100 -1 437 448 4580 -1 449 3412 -1 2428 2429 -1 463 -1 915 -1 869 3956 -1 11367 -1 3668 -1 4507 -1
5884 493 -1 495 3194 5445 -1
8407 448 868 -1 495 676 869 4884 -1
4829 869 -1
3489 1013 6219 -1
405 837 1484 1485 -1 1486 -1
9488 472 2095 4666 9149 9919 -1
17561 466 -1 265 -1
8812 1140 3723 5114 -1 8925 -1 433 1725 9070 -1 460 870 6072 -1 315 2066 4045 6058 -1
13174 2809 -1 400 7579 8791 -1 1527 2242 3551 3708 -1 320 -1 147 -1
9801 3415 -1 315 838 875 1655 3130 -1
19796 6 50 84 289 878 884 1076 2063 2857 4091 8987 -1 147 423 2064 -1 876 -1
20227 669 2388 -1
5683 567 2309 -1
