2500
15425 39 657 -1 658 659 -1 3455 -1 1 660 -1
22918 16 -1
17299 2254 -1
6950 2 309 1163 -1
12441 76 147 666 -1
15636 5 -1
13315 2 135 661 792 933 -1
14079 828 -1
14662 4328 8774 8897 -1
18122 1 -1
16290 5286 -1 2 5 10 -1 6334 -1 5235 -1 729 7859 -1 2879 12623 -1
19181 0 2 5 -1
24364 3 637 -1 5 5104 -1
12883 293 -1
5793 5 214 4243 -1
11440 5 -1 10605 -1
8823 5 4568 -1
2079 573 -1
1869 5 -1
8084 2969 -1
14374 272 -1 2 -1
4286 134 -1
16451 5 10 1569 -1
17633 315 7299 -1
16852 5 -1
21248 0 10 -1 5 356 3229 -1
24024 2 231 -1
11354 0 -1 4506 -1 2 10583 -1
22538 0 10 -1
10811 5 6719 -1 2 -1
15963 53 -1 2 5 -1
16689 2 -1
5069 63 -1
4366 5 10 -1 90 -1 2 -1
21259 13998 -1
4486 1733 -1
16325 2 12634 -1
21513 2 48 -1
58 2 259 280 -1
14720 20 761 -1 539 799 -1 362 746 -1 363 3515 -1 2281 -1
11694 5 10 1070 1139 -1
3204 5 77 -1 2 -1 6 -1
22070 68 -1 2 589 -1
7496 10 -1
10080 0 5 151 -1
23010 137 -1
19843 0 4425 -1
14398 2 -1
5549 5 774 -1
3559 6281 -1
1138 2 5 -1
15320 11964 -1
10634 1747 5519 -1
8888 5 9190 9654 -1
15763 137 -1 2177 -1
15285 5 26 3763 -1 8785 -1
19367 2090 12655 -1 13514 -1 5 -1 1 13515 -1 2417 13516 -1 63 583 2418 -1 834 -1
17374 5 879 -1
15874 0 501 -1 5 -1 5854 -1 2 9263 -1
23662 90 -1 2 -1
16322 2 6 82 86 147 154 157 254 1599 1638 2330 -1
2370 5 -1
3417 10 -1 39 -1 5 76 666 -1
20121 491 677 -1
14863 0 10 26 -1 5 6588 -1 77 214 -1 1799 -1 1064 1540 1543 1544 1800 -1 2 -1 264 1771 1946 -1 6 1137 2846 -1 590 -1 48 -1 2849 -1 204 1497 2231 -1 672 1083 1154 3207 3249 3330 3907 -1 2854 6827 7980 -1 896 -1 85 -1 3915 -1 9050 -1 11823 -1
9180 10 489 4973 -1
18198 90 494 -1
7295 567 -1 147 -1 437 -1
11539 68 -1 1 5 10 639 1887 1905 -1 214 -1 1596 -1 2843 -1 513 524 992 1117 -1 527 1517 1518 -1 13 82 306 503 2447 -1 583 -1 63 -1 204 -1 3176 -1 76 -1 289 737 -1 437 445 533 1022 -1 315 493 6223 -1
14970 313 -1
15897 5 -1
17132 5 -1
14990 5 -1 2 11866 -1
11508 76 2053 -1
19726 5 437 800 -1
7927 3384 -1
5941 8122 -1
20377 90 -1 13781 13782 -1
15327 5 10 -1 6622 7839 -1
8117 7929 -1 10 1055 7933 -1 0 5 9156 -1 375 437 -1 444 -1
18880 5 -1 147 2144 -1
611 5 137 -1
18533 137 -1 135 -1
235 850 851 -1
8499 493 -1 1169 4921 5231 -1
5797 5 54 -1
17449 2 5 63 -1
6457 10 -1 3 5 69 214 355 -1
11617 76 -1
15146 0 3 611 -1 2 1051 -1
3625 245 -1
7646 2210 -1 736 -1
15650 489 12432 -1 933 -1
748 2 -1
3822 3 10 -1 353 943 6446 -1
9416 5 -1
21847 12743 -1
5294 5575 -1
5044 10 -1
12868 1124 -1
21008 1013 -1
17771 12040 -1
13058 6 23 457 -1
11497 5 26 -1 2 277 589 1800 -1 204 -1 2807 -1 8468 -1 672 673 2816 -1
23292 0 -1
4327 1200 -1 1201 -1 1435 -1 217 -1 5 -1
3103 1013 -1
23177 2 -1
22293 0 -1 5 137 630 1553 -1
24950 3504 -1
24183 455 456 743 -1 8907 -1 457 4009 -1 3727 11392 -1 463 9278 -1 9067 -1 838 1010 1565 -1
20839 10 -1 5 642 -1
2460 5267 -1
6169 5 5056 -1 2 -1
13654 0 5 -1
20720 10 -1
940 275 3173 3174 3175 3176 -1 3177 -1
4874 10 3559 -1 0 -1 656 2084 -1 39 -1
7102 313 -1 5 137 -1 687 -1 4754 -1 2 147 719 -1
11319 5 10 217 360 5187 -1 2041 -1 134 -1
21395 3 -1
14887 447 -1
20370 5 -1
12859 5 11157 -1
3832 10 -1
2916 10 217 -1 5 -1 1064 -1 900 2068 -1 512 1032 -1
1520 0 3825 -1 313 -1
827 244 437 469 2946 -1 2947 -1 472 -1 792 -1
12093 2 3193 -1 63 8697 -1
14087 4939 -1
4974 2 -1
643 3 -1 0 277 -1
12469 2 -1 315 3420 -1
6348 5 6 318 319 -1
10119 133 -1
17291 10719 -1
16189 6469 -1
19171 10 985 -1 3355 -1 0 -1 5 -1 2 -1
6236 1 268 -1
18773 632 12662 -1
20008 54 -1
8299 632 -1
13070 3414 -1
3377 85 -1
16462 0 -1
6269 8292 -1
16937 7460 -1 2382 -1 7462 7598 -1 10 -1 639 -1 0 -1 2085 -1 5 39 137 1145 5396 -1
17358 5 10 217 -1 752 -1 55 302 538 1116 -1 536 -1
22635 5 -1
20503 5 217 293 -1
6530 5 -1 8421 -1
20871 2 -1
19446 10677 -1
23601 14498 -1
20762 0 10 -1
3363 1274 6140 -1
437 377 1569 -1
2052 5 -1
8828 10 -1 639 -1 2 5 269 2315 -1 643 -1
8481 277 315 -1
13571 82 -1 2 -1 86 -1 457 469 4968 -1
18051 0 5 10 -1 55 214 360 -1 2 2092 4065 5368 -1
14112 5 -1
13072 54 5523 -1 2 -1 11215 -1
1355 6 -1
11572 5 10 -1
22903 76 1750 -1 135 -1
16236 2 -1
20226 1153 1783 -1 1784 -1 33 34 1785 1786 -1 35 6745 9009 13734 -1 1933 -1 36 -1
7129 10 -1
21919 12468 14134 -1
17839 3291 -1
499 1744 -1 63 118 -1
2231 2 5 1905 -1 5121 -1
23068 883 -1
10377 72 -1
22157 7833 -1 3819 4582 -1
8606 5 631 632 -1
8157 51 -1
22281 147 533 -1 437 915 -1
23116 6584 -1
7038 10 -1 54 -1
7902 9058 -1
21777 158 690 2104 -1
14072 10 848 -1 5 -1
24412 1657 1917 -1 2 6 203 933 4321 4405 8308 -1 3930 -1 2386 -1
21684 63 -1
7537 6 924 933 -1
12727 2 8905 -1
20707 68 -1
2639 129 -1 130 -1 132 5397 -1 643 -1 63 472 -1
15749 9044 -1
6832 2161 -1 6383 -1 8541 -1 1920 -1 27 -1 6 31 -1 86 896 -1 1528 -1
1557 205 4001 4002 -1
12095 0 2 5 10 -1
10417 10 26 -1 5 571 989 -1
4397 3 5 26 -1 4721 -1 2 277 1137 -1
19378 6628 -1
228 265 838 -1
19134 10 -1 5 534 -1 969 -1 259 280 -1 7152 -1 63 583 -1
10578 5 10335 -1
24117 82 915 -1
14340 53 -1
23888 3602 -1 1920 6626 -1 437 4321 13540 -1
8849 10 -1 5 666 -1
21468 6 147 437 -1 676 6893 -1
7850 76 289 776 -1 736 915 -1
24154 136 437 792 -1
11452 210 10610 -1
4290 5 10 253 1996 -1
1585 26 -1
12681 1922 4969 -1
10175 5 10 -1 10156 -1 2 433 490 581 666 761 1120 1751 5500 9116 -1
6322 5 39 -1
1855 1304 -1 1350 -1 1361 -1 1372 -1 1383 1394 -1 0 10 217 267 1435 1436 2205 -1 5 -1 40 152 302 1458 1835 3361 -1 146 153 -1 358 -1 45 1535 -1 378 -1 2213 -1
21241 10 -1
3023 2 -1
12315 10948 -1
12134 10 -1 5 848 3763 -1
18244 2 -1
1254 54 -1
14110 445 -1 463 868 -1 464 9278 -1
1597 2 -1
8991 5 7099 -1
23287 5 9317 -1
22434 268 -1 602 3356 3557 4127 4134 -1 1996 -1 269 -1 0 5 -1 2 -1
17888 5 10 -1
3551 125 130 953 1716 3459 4631 6269 -1 63 847 2058 6241 -1 2621 -1 2622 2640 6270 -1 6271 -1 6272 -1 2662 6273 -1
7196 0 10 -1 217 -1
5836 6 -1
9758 293 -1
16671 0 5 26 -1 1747 -1
8837 10 -1 26 -1 5 217 -1 6 254 490 1955 -1 133 204 2802 -1 320 1867 -1 76 -1
4092 5 1585 3248 6606 -1
13322 6 -1 86 147 -1
9650 315 -1
9063 5 10 2951 -1
6635 2 859 2343 -1 5729 -1
915 10 -1 5 54 1753 2441 -1 19 -1 82 272 -1
23855 10 -1 2 -1
20169 460 466 -1
18693 10 68 -1
1840 5 -1 4476 -1
21661 2 -1
11593 484 3345 -1 5 -1 86 -1
20945 3 -1 0 2 11342 -1
9628 2 -1
16476 3 10 -1 5 -1 354 -1
5791 0 5 10 356 5536 -1
23574 928 -1 214 -1
20851 2 -1
11038 291 434 452 -1 2332 -1 223 -1 10234 -1
21668 10 -1
16909 2 -1
5483 1 88 147 -1
8051 0 10 -1 5 54 -1
8605 2 -1
8903 272 -1 2 533 -1
16010 2303 12534 -1 4887 -1 315 -1 677 -1 6453 -1 1012 6111 7288 -1 5445 -1 5224 9837 -1
24146 2 14622 -1 14623 -1
16601 2 -1 63 1070 -1
2993 2 589 -1
635 3 -1 54 -1 868 -1
24812 5 -1 536 -1 2 589 -1
15291 2246 7685 -1
10428 5 10 293 -1
18258 3 5 -1
18321 3 -1 5 489 503 -1
2369 1064 -1
4042 10 553 -1 5 217 2149 -1 55 6575 -1 4961 -1 298 -1 19 746 761 -1 24 -1 763 -1 141 157 769 1806 6576 -1 305 2398 3347 3367 -1 6163 -1 806 -1 829 -1 1472 1713 -1 979 6577 -1 396 -1 628 -1
24702 4425 -1
18342 10 26 -1 5 6 27 31 217 1771 -1 1977 -1 210 -1 13215 13216 -1 86 -1
2155 5 -1 6 5031 -1
23357 2 7181 -1
24259 2 -1 2447 -1
9130 5614 -1
20253 5 -1 293 589 -1 2 -1
24413 363 -1
22105 10 -1 5 26 -1 88 2175 2837 -1 214 353 1643 -1 219 231 2970 -1 378 -1
6351 292 589 -1 6 -1
3978 2 -1
15919 4995 -1
6496 729 2980 -1 147 669 1798 -1
12168 1524 -1 26 -1 5 -1 350 -1 8 -1 1017 -1 246 1678 -1 2 13 101 2163 10894 -1 111 1558 -1 113 -1
1155 3508 -1 293 -1
15854 1 2 5 -1
6159 10 -1 5 8249 -1 2 -1
11441 3 51 -1 5 137 -1
23391 2 3 -1
22784 5 -1 14316 -1
20601 13845 -1
19585 10 217 986 -1 5 229 231 3646 -1
9244 0 54 443 9084 -1
22867 2 14331 -1
23054 0 -1
18895 1056 -1
20483 10 -1 657 -1 3943 -1 2 1613 10542 -1
13473 3 10 -1
15374 86 -1
23252 10 -1 0 217 1488 -1
16817 5 313 1453 3679 -1 20 356 -1 141 490 -1 1857 3472 -1
19670 0 -1 5 992 1144 1807 5328 5684 -1 2 -1 63 643 4617 5754 6070 7880 -1 1812 -1 2979 -1
1331 536 -1
7922 5 10 -1 1908 -1 4200 -1
21434 277 3478 -1
10984 154 1805 -1 511 1463 1706 4059 -1 236 3978 6811 -1 2180 3393 -1 2 -1 76 -1 147 -1 315 433 445 915 4044 -1
8196 5 54 -1 6 2855 -1
6282 5 44 -1 2 -1
5288 3763 -1
23407 0 5 -1 14463 -1
956 2 -1
21637 2 5 1484 -1
10110 2 -1
16248 3347 -1
2178 1776 -1 2456 5064 5065 -1
10266 0 2236 10218 -1
13326 10 -1 639 986 -1 0 5 217 11321 -1 54 63 374 -1
4259 2017 2195 3888 -1 6696 -1
20855 1 5 -1 665 -1 2 90 -1
24933 621 -1
21034 0 54 1856 -1
10778 10 -1 0 10390 -1
21822 553 3968 -1 10 -1 159 -1 26 -1 217 -1 5 -1 346 943 1117 1167 4683 -1
7006 2 10 63 -1
22035 3 5018 -1
19412 5 39 -1
13939 1137 -1
5261 5 489 -1
8324 10 217 -1
4404 5619 6754 -1 302 3792 -1 137 1143 -1 272 503 5699 -1 82 -1
16360 26 -1
16097 54 -1
21952 5 10 3314 -1 1905 -1 630 -1
13450 2 -1
3618 6344 -1
871 3 10 -1 0 5 -1
13923 5 26 -1
10097 5 -1 1454 7267 -1
6569 0 -1
20606 2 5 10 -1
5703 46 811 814 2092 -1
6223 489 -1
604 2 687 2015 -1
16130 10 1595 -1
248 5 892 -1
14988 101 396 -1 1715 -1 3084 -1 126 -1
724 0 -1
9074 2 76 -1
6683 563 -1
22524 10 -1 4113 -1 5 -1 2 -1
18918 13351 -1
1262 10 -1 1104 -1 5 82 -1
7161 43 63 70 76 2387 -1 147 -1
24236 14647 -1
621 259 -1 2083 -1
92 2 5 10 -1
14229 10 -1 26 -1
11184 0 -1
3315 19 746 929 1599 -1
9391 9865 -1
13143 3 506 -1 5 807 -1 10345 -1
16036 615 -1 5 5665 -1
1394 323 -1 329 332 -1 337 -1 10 338 -1 0 217 1776 -1 5 2025 -1 1167 -1
18549 13272 -1
10234 4168 -1
1542 72 -1
21813 5 10 -1
8802 315 -1
19315 5 3603 13503 -1
11885 3156 -1 305 375 1799 -1 503 -1 2 589 6277 -1 59 2408 4063 8183 9020 -1 6232 8377 -1 8378 -1 713 5740 6069 6333 10786 -1 9451 -1 5867 -1 3489 10787 -1 8385 -1 10788 -1 4770 10789 -1 7147 -1 6499 7148 7390 -1 2365 7157 -1 583 2092 -1 643 -1 965 5753 -1 1671 3765 3813 -1 6803 -1 834 -1 204 669 1137 -1 4237 -1 70 76 998 999 4595 8412 -1 736 9125 -1 3406 -1 434 -1
22363 5 217 -1
5491 5 -1
14331 1 -1 2102 -1 844 -1
3637 10 -1 216 -1 3089 -1 4 16 -1 5 275 -1 6356 -1
2803 0 144 3319 -1 6 1022 -1
3956 6520 -1
3044 2 5 63 -1
4285 5 -1
5485 4 5 10 54 268 -1
35 2 -1 147 -1
4615 878 6910 -1
10756 3 10 -1
14032 10 -1 293 11541 -1 2 -1
15756 7457 -1
11782 5091 5092 -1 4832 5100 -1 3 10 217 -1 5 631 10756 -1 147 -1
6559 534 -1 5 -1
9665 5 484 -1
14389 10 -1 2 5 5316 -1
792 10 -1 5 54 -1
15790 2 9155 -1
5135 1538 -1
9820 241 503 1852 10018 -1
21142 13961 -1 2 -1
13190 10 489 1077 -1 5 -1 137 -1 2 -1
19857 72 13626 -1
2275 1483 -1
8595 4744 -1 2 -1
14468 495 -1
12717 11118 -1
19336 10 -1
8561 5 63 1100 -1
2500 5 -1 2 13 -1
2020 2 5 -1
21190 54 -1
251 5 10 -1
16238 101 127 130 396 709 1070 3787 4965 12605 -1 959 5966 7448 -1 61 1150 1476 1477 -1 5242 -1 2415 -1 3086 3698 4773 -1 63 -1 1480 2455 5553 5706 6070 -1 4068 -1 726 -1 730 2422 3404 -1 1955 -1 48 -1 134 -1 940 4092 -1 147 428 530 3724 4779 -1 866 -1 437 1725 3726 -1 1654 5714 -1 464 -1 3102 -1 871 -1 3128 5062 -1 4980 -1 788 2065 10280 -1 835 3956 -1 836 837 -1 244 467 -1 143 468 1484 3957 6091 -1 469 2250 -1 11367 -1 3959 -1 872 4908 -1 1007 3415 -1 563 -1 838 3382 3971 -1 226 -1 3537 -1 3131 6058 -1 5717 -1 6839 -1
20271 10 -1 0 -1 5 313 4506 -1 781 -1 2976 -1 3373 -1 11306 -1 76 -1
10875 5 63 -1
20133 2 -1
22916 10 -1 5 856 857 3539 -1
4123 219 -1 539 1534 1535 -1 701 1920 6626 6627 -1 97 -1 98 1480 -1 1036 4596 -1 147 4479 -1
932 0 -1 5 647 -1
4658 5 -1
5626 2 -1
15485 2205 -1
14723 986 -1
4988 6 -1
6265 666 -1
9302 2 5 -1
16276 5 -1 2 -1
17819 267 -1 2205 -1 0 5 10 -1 55 12483 -1 88 270 2103 2887 3791 5509 -1 861 -1 1455 8177 -1 219 758 6759 -1 686 5229 -1 20 -1 357 1120 3332 -1 2 -1 9394 -1 4471 -1 7046 7276 -1 97 100 101 396 831 1847 -1 117 1558 1715 -1 1070 -1 1480 3084 3296 8458 13050 -1 2182 -1 446 5011 -1
7138 2 -1 277 -1
21712 2 1750 -1
5408 2978 6136 -1 472 -1
18490 39 144 -1
19595 0 -1 5 -1 306 -1
16759 281 -1 10 -1 5 -1
20514 13818 -1
22877 0 5 10 -1
741 2347 -1 2 -1 147 491 583 2348 -1 1817 -1
23393 5 214 2123 -1
11810 10 -1 2185 -1
1200 3594 -1 3369 -1
6712 338 -1 0 -1 5 -1 24 1567 -1
16690 147 -1
21581 10 -1 26 217 489 -1 5 40 1803 -1 270 -1 988 -1 19 89 254 900 8078 -1 521 776 -1 140 -1 7823 -1 1569 -1 4039 -1 4444 -1 3452 -1 186 903 8494 -1 191 -1 203 10124 -1 6 27 7634 -1 7683 -1 599 -1 1833 -1 31 147 399 6791 -1
15918 506 -1 10 -1 5 159 540 1940 -1 154 -1 1131 -1 89 -1 158 -1 1180 2047 10632 -1 2 4624 -1 95 -1
11563 5 10 -1 2 -1 13 709 -1
12295 26 10941 -1 5 -1 214 -1 2 2106 5280 -1 1955 6188 -1 204 10942 10943 -1 10109 -1
15358 2 -1
3271 5 26 137 -1 1145 -1 2401 4030 -1
14941 5 10 -1 2940 -1 490 2071 -1 17 391 11859 -1
13572 6 910 4712 -1
16131 210 213 1774 9045 -1
12284 2 5 -1
3561 1050 -1
6 11 12 -1
3430 2 -1
6501 0 6995 -1
4416 3002 -1
15343 68 -1 505 -1 507 -1 0 10 217 2149 5373 -1 5 55 900 1769 4719 -1 1685 2042 -1 513 929 -1 1033 -1 1131 -1 89 -1 969 -1 2992 -1 379 -1
4137 445 -1
23031 14300 -1
11375 10 68 -1 2 5 -1 76 -1
24010 3559 -1 10 267 1822 2343 -1 0 -1 5 217 -1 1 -1 77 88 -1 302 -1 4244 -1 1678 1799 -1 246 -1 353 4585 -1 2260 -1 758 -1 253 686 746 1123 3681 -1
17671 10 -1 0 217 2149 -1 5 -1 861 -1 254 513 539 824 1647 3186 3384 3574 -1 1651 -1 881 -1 772 -1 89 -1 11 536 -1
2843 5 848 3588 -1
13834 0 10 217 -1 5 55 -1 3256 -1 3796 -1 19 20 227 547 761 862 -1 539 -1
13034 1 -1
11940 217 -1
18612 5 -1 1 -1
23081 6 -1
2012 2 4682 -1 736 -1 445 -1
22027 11559 -1
13502 999 -1 72 76 -1
1081 5 489 -1
5490 4013 -1 82 -1 3272 -1
15840 639 1580 -1
12907 5 6 10 86 -1
18083 2 -1 7018 -1
5213 3287 7531 -1
24378 277 -1
12337 5 1143 -1
15061 1643 -1 2 -1
23308 68 6922 14449 -1
10617 5 -1
18870 2 315 -1
17240 10 -1 1016 -1
13299 0 2 -1
19651 26 -1 0 -1
9643 2142 -1 2302 -1 869 9968 -1 3102 -1 837 5715 -1 7863 -1 136 3659 3971 4508 4666 5717 -1
3133 214 -1 54 -1
23185 210 211 896 6055 -1 86 87 -1 2863 -1
19278 5 1609 -1
13238 2 -1
23938 2 -1
14960 10 26 -1 0 -1 5 -1
20415 10 337 338 -1 5 -1 503 -1
21644 2 10 -1
2965 3 -1
21332 10 -1 2941 14011 -1 2 -1
7120 10 217 -1
15509 217 -1
9824 530 2250 4649 -1 472 4810 -1
3246 896 3769 -1
12493 935 9761 -1
7065 4013 -1 3237 -1
8330 2 26 302 -1
22616 3552 -1
23808 14534 -1 14535 -1
21522 11501 -1
22912 346 1017 1916 4959 -1 352 1642 -1 577 2117 14340 -1 1460 1643 3196 -1 759 -1 4576 -1 356 1461 3573 -1 761 1119 3336 -1 253 799 1647 3365 -1 220 746 -1 363 -1 24 -1 367 513 2951 -1 4672 -1 3500 4731 5682 -1 369 -1 1651 -1 4732 -1 2271 2952 -1 1807 -1 515 882 3576 3735 -1 89 -1 521 -1 776 -1 597 -1 587 -1 1828 -1 2885 -1 11 -1 973 -1
19031 0 5 328 3002 -1
21031 5 10 -1
21811 323 -1
7404 900 5217 -1
22637 2 -1 4780 -1
15902 2 5 68 -1 10920 -1
7938 699 -1
1274 2212 -1
4394 489 -1
2726 5 39 302 5473 -1
23502 4289 -1
5919 2810 6291 8100 -1
3639 0 3103 -1
15830 2 -1
9953 63 733 -1
19808 1320 -1
22367 785 -1
1135 1778 -1
11516 5 -1 4438 -1 677 -1
8484 2 -1
6571 2 -1 3808 8445 -1
3219 6003 -1
16235 0 234 -1
24289 4993 -1 4994 -1 4995 4996 -1 4997 -1 4998 -1 4999 5000 5001 -1 852 -1 5003 -1 853 5004 -1 5005 -1 5006 5007 -1 5008 5009 -1 854 -1 855 -1 10 505 -1 7972 -1 217 -1 3455 -1 5 -1 214 1116 4817 4862 -1
4837 2 5 10 -1 7267 -1
8150 2 -1
4301 5 19 489 2297 -1
15794 63 -1
17221 82 2308 -1
9546 4830 5091 5092 -1 5093 -1 4375 4831 5094 5095 5096 -1 4832 5097 -1 4833 4834 -1 4835 -1 4836 4837 -1 4838 -1 4839 -1
4548 10 -1 5 27 -1 6 -1 31 -1 86 2242 -1 320 -1
16745 1452 3998 -1 0 10 -1 5 217 -1
22613 6 86 147 289 -1 445 786 2338 3074 -1
23829 2 82 2154 -1 76 -1 72 -1
11489 85 208 10619 -1
15445 5154 -1
836 2954 -1 5 302 695 -1 1013 2955 -1
15493 10 -1 5 12055 -1 264 -1 208 -1
21907 5 -1
9309 1486 -1
19639 39 658 -1 13578 -1
3852 0 10 -1
4431 5 -1 2 -1 6774 -1
6113 5 -1
24986 666 -1
20423 10 -1 5 217 13792 -1
9720 2 315 -1
16307 10 -1 5 217 -1
16089 3 5 -1
10799 10 -1 3 544 -1 2 -1
17879 5 1140 -1
5274 2 -1
2144 5 -1
4278 503 -1 6703 -1
19109 76 -1 147 -1
19223 3 -1 5977 13485 -1
2323 4662 -1
18139 5 -1 2 -1
2254 5 10 137 -1
16824 1 5 -1 2 -1
15134 5 -1 293 -1
1338 2182 3091 -1
14902 2 -1
17009 5 10 12825 -1 2 82 -1
16538 0 5 12691 -1
11778 10 -1 0 217 -1 5 -1 40 -1
16990 54 7919 -1
13858 2 -1
3130 1433 -1 2 4630 5294 -1
10208 2 -1
21528 2 26 489 933 -1
22880 26 -1 0 5 -1 1657 5171 7801 -1 11 3436 -1 63 380 2978 -1 729 -1 48 -1 915 -1 8033 -1 1815 -1
23235 3 -1
489 302 -1 1672 -1
2752 10 -1
12139 2 -1
6830 3314 -1
17094 441 3819 -1
6586 54 -1
15844 54 -1 12485 -1
20962 2 -1 63 -1
7241 5 2162 -1 24 -1 2 8750 -1
2007 5 -1
9437 915 -1
15691 10 217 -1 5 -1 12438 -1
18514 3 5 489 -1
18649 3484 -1 90 376 377 530 828 3453 5831 -1
22237 2 5 674 -1
1581 26 -1 5 -1 246 -1 2 -1 6 63 -1 204 1959 -1 3161 -1 3169 4018 -1 275 896 -1
8585 5 -1 63 1750 -1 4553 -1 9471 -1
12109 995 -1
17808 68 -1 0 10 -1 5 666 -1
17881 0 5 5118 -1
10896 289 666 -1
16629 6709 -1 267 3418 -1 1062 -1 5 2938 -1 858 1904 -1 1536 1537 -1 55 -1 2887 -1 270 755 -1 1167 2998 -1 509 -1 5644 -1 1737 -1 554 5374 -1 1017 -1 354 -1 758 -1 219 -1 355 862 1679 3764 -1 19 -1 152 356 3716 -1 1461 -1 153 -1 3573 -1 760 -1 761 1645 4705 -1 3332 -1 4650 -1 538 -1 357 539 -1 359 -1 540 1982 4716 -1 541 1646 -1 229 2871 -1 157 230 231 687 -1 1650 2951 -1 4728 -1 3186 -1 825 -1 513 4672 -1 881 1130 1651 -1 514 5167 -1 89 -1 259 968 969 -1 280 -1 44 -1 1023 -1 528 587 -1 529 -1 2283 -1 2046 -1 1609 1611 -1 6 27 31 1933 -1 36 422 865 2063 4596 -1 135 661 866 884 1076 1100 -1 441 442 451 -1 452 -1
7876 1613 -1
3041 293 -1
12951 2 2308 -1
20235 5 -1 54 428 -1
18885 89 520 521 2126 2127 2129 -1 57 971 3517 -1 44 587 -1 11 973 -1 2 239 378 3321 4564 -1 2976 -1 1664 1666 -1
13399 6 72 -1
17084 768 -1
22053 10 -1 2323 -1 4 -1 5 -1 355 686 3604 -1 357 -1 2033 -1 24 -1 370 4732 -1 3229 -1 829 -1 6119 -1 105 131 -1 6 63 814 866 -1 437 -1 1483 5011 -1 72 -1
380 5 1157 -1
19510 2 -1
13932 68 -1
24141 5 214 -1 54 -1 63 -1
18175 2 -1
10201 2133 -1
4908 144 -1 3 -1 0 5 -1 2 -1
20752 10 267 -1 0 -1 217 -1 5 54 12683 -1 4697 6668 -1 219 -1
21179 2 748 -1
5631 10 -1
24664 10 -1 14749 -1 2 5742 -1 6 -1
5718 489 -1
20750 3406 -1 666 -1
12565 5 -1 2 -1
22604 2 5 5706 13793 -1
7962 10 -1 554 -1
4951 10 -1 26 -1 0 217 313 -1 5 -1 356 577 844 -1 253 -1 254 -1 7323 -1 161 851 883 1607 1742 2459 7324 -1 7325 -1 167 2463 7326 -1 7327 7328 -1 2479 7329 -1 2482 -1 2485 -1 2528 -1 2536 2543 2544 -1 2554 -1 2556 2558 -1 7330 7331 -1 7332 -1 2564 7333 -1 183 -1 184 -1 2768 2774 7334 -1 2785 -1 7335 -1 284 285 -1 7252 -1 190 7336 -1 7259 7337 -1 191 7260 7338 7339 -1 7340 -1 2351 7341 -1 7342 7343 -1 7344 -1 7345 -1 199 -1
22030 0 1 5 -1
19179 3 1636 -1 2 -1
17909 2 -1
18717 572 915 4880 -1 1796 2144 -1 13314 -1 13315 -1 4883 -1 493 869 -1 870 3822 6714 -1 836 4967 10280 -1
11674 2 5 -1
2468 10 -1 5 147 217 489 2352 -1
13775 217 313 -1 5 -1 3691 -1 54 -1 237 774 1029 2189 2402 3472 -1 239 3371 11482 -1 3372 -1 3373 3375 4965 -1 147 1140 -1
7067 2976 -1
10107 5 9544 -1
12359 10 -1 986 -1 0 -1 217 -1 39 658 -1 5 55 3179 5029 -1 683 -1 1455 -1 137 214 -1
20593 10 -1 2323 -1 1996 13842 -1 26 -1 5 39 -1 347 349 -1 3515 -1 2071 -1 293 1034 1466 2123 -1 70 2876 5407 -1
20194 10 26 -1 5 1737 -1 844 1116 1692 3516 -1 4673 -1 2 371 -1 6 -1 2242 2867 2868 8010 -1 135 320 424 437 567 966 1100 -1 244 1485 -1
18907 3541 -1 315 -1
9283 6375 9821 -1
8126 356 -1
12908 233 4149 -1 2 -1
6069 2 -1
5992 0 -1 1835 8176 -1
23807 2 -1
23905 3896 5280 9606 -1 1955 -1 5911 8937 8938 -1 3277 3899 -1 3690 3901 -1 2849 9367 -1 49 -1 3592 -1 2850 -1 6875 -1 204 -1 4005 4377 5800 8079 9190 14554 -1 1051 8717 -1 5336 -1 2812 3914 -1 84 672 2813 3249 7957 -1 85 400 401 2854 -1
1339 5 -1
7389 3170 3491 -1
15057 2 5 217 1854 -1
12983 1197 1234 -1 1261 1262 -1 1263 -1 1267 1268 -1 1269 -1 1271 1272 -1 1273 -1 1274 1275 1276 -1 1277 1278 1279 -1 1280 1282 1283 1284 1285 1286 -1 1304 -1
18090 293 -1
10970 10 -1
7359 2 -1
1224 84 -1 85 1578 -1
19935 135 661 -1
20303 736 -1
23992 2 10 -1
21781 289 -1 1076 3406 -1 437 443 586 -1
1137 10 647 -1
5719 5 10 217 621 1849 -1 1802 -1
14385 5 631 2078 -1
8410 5 10 6485 7049 9385 -1
4310 3 -1 2 5 -1
913 800 3105 -1
24320 10 -1
4399 6049 -1
1016 5 6 3306 -1
10758 0 2 642 967 -1
17090 2 -1 2058 -1
15466 597 7284 -1 587 2941 -1 11 973 -1
14230 3363 -1 684 -1 302 823 5491 -1
22198 2 144 -1
16261 5 10 51 1064 -1
7864 1176 -1
14683 290 -1 0 5 -1
14666 3 4 -1
1793 5 -1
7479 5 39 2085 -1 352 -1
14603 4993 -1 3 -1
18450 10 26 -1 0 1 5 1884 -1 63 214 277 1799 1940 1990 2842 5806 -1 13185 -1 12765 -1 13251 -1
17856 10 -1 2 26 -1 2330 6895 -1 6 1495 1638 -1 204 3286 -1 5444 6703 -1 13063 -1 11539 -1 1050 -1 896 1051 12991 13064 -1 3915 -1 1773 8772 10703 -1
2926 5794 -1
11608 10675 -1 2 72 -1
6839 3 -1 5 -1
431 5 10 -1
9320 489 -1 586 -1 1006 -1
9413 1055 -1
14573 2257 -1
3362 0 -1 1017 -1 63 643 1478 3404 6139 -1
23188 5902 -1 9129 14408 -1
24616 14742 -1
22346 9631 -1
3299 10 -1
15786 0 10 26 -1 5 -1 89 -1
23210 896 -1
19073 5 -1 65 -1
3214 10 -1 5 -1
20241 5 -1
720 1638 -1 2321 2322 -1 147 1724 -1
11113 10 -1 39 2085 -1 5 -1
22131 147 -1
5685 0 -1
7959 10 -1 2 5 511 -1 27 7622 -1 397 1762 9082 -1 6145 7652 -1 3683 -1 9083 -1 1059 -1 9084 -1 6 7671 -1 398 599 1763 1833 6148 9085 -1 9086 -1 6149 -1 399 -1 3684 7701 -1
23760 214 -1 2 5010 -1
19155 768 5939 -1
17811 0 2 -1
21061 3000 -1
1722 10 39 658 -1 5 4341 -1 377 2049 -1
1037 10 3319 -1 3320 -1 1568 -1 0 2149 -1 5 55 217 -1
14329 5 -1
19060 1 10 -1
22904 10 -1 5 217 -1 137 6589 -1 14338 -1 63 9053 -1
10274 10 68 -1 0 217 -1 5 1885 5125 -1 1835 1897 4167 5946 8648 -1 3090 -1 1898 -1 1768 -1 1 1905 3970 5126 10220 10221 10222 -1 1906 5433 -1 4188 -1 1769 4199 -1 665 1913 -1 88 7010 -1 137 302 -1
6654 10 -1 2 5 82 1747 -1
20749 5 -1
8215 736 -1
22583 2 -1
23117 10 -1
22862 315 -1
2590 315 -1
2475 5272 -1
16296 0 -1 5 1804 -1 354 -1 900 -1 2 229 7024 -1 5824 6277 8088 8360 -1 5601 -1
8242 10 -1 39 -1 2 5 -1
24972 0 -1
5830 2085 -1 5 39 658 988 -1
16110 2 8258 -1
3117 293 1374 -1
19369 76 -1 13517 -1
17224 0 -1 5 -1
18711 0 2 5 274 8633 -1
15823 68 -1 5 10 505 553 986 5870 -1 7494 -1 819 5871 -1 8 18 1017 1457 -1 4805 4959 -1 2161 -1 840 2011 -1 296 544 -1 300 301 302 547 2162 -1 827 1989 3517 9535 -1 1810 -1 970 -1 58 3606 -1 5695 -1 597 828 -1 44 -1 522 -1 1132 -1 4962 -1 2941 4359 4963 -1 1144 4757 -1
22494 14265 -1
22950 520 -1
4133 489 -1
10745 2 -1
18728 2 -1
6204 10 -1 0 -1
21504 315 -1
20748 546 3718 -1
2208 5 10 68 637 -1 377 -1
14841 3954 -1 3404 -1 1481 -1
10145 10142 -1
20200 5 -1 2 -1
5383 10 269 -1 26 -1 2 5 214 2447 -1 63 204 3261 -1 1573 7722 -1 1574 7723 -1
7050 2 -1
24212 5 -1 5509 -1 2 -1
18219 13173 -1
3217 6002 -1
15579 5 12421 -1
5169 647 -1
24301 305 581 -1
8058 0 -1
24515 14720 -1
20981 2860 -1
10812 2 366 -1
7949 2 72 -1
22153 2 -1
5499 487 -1
24178 14637 -1 147 -1 244 3102 -1
20356 2 -1
22778 1 -1
22896 10 -1 2 5 6 26 4015 -1 401 5766 -1 896 6944 -1
23581 39 -1 2 5 137 -1
4903 2 7299 -1 7300 7301 7302 7303 -1
7354 82 1143 -1
14082 3314 11555 -1
13125 2 -1
10053 2 -1
20853 10 -1 0 -1 5 1916 3542 4203 -1
1652 2 1778 -1
14452 2 -1
15670 10 -1 5 639 -1
8583 4724 -1 228 -1
4014 2 445 1022 4229 -1
17436 974 -1
20761 10 -1 5 1849 -1
22087 38 -1 5 -1
10475 26 322 -1 5 -1 1809 -1 4882 -1
7520 2 5 6908 -1
19592 1213 -1 1224 1235 1246 1256 1259 1270 1281 1292 -1 1303 -1 1304 1315 1326 1337 1343 -1 1344 -1 1345 -1 1346 -1 1347 1348 1349 1350 1351 -1 1352 1353 -1
719 2 -1
17657 5 10 -1
20331 5 10 -1
23771 0 10 -1 5 5042 -1 5043 -1 3796 -1 137 -1
3868 2 5 3180 -1
11013 1438 -1
13543 5 10 26 -1 2 214 -1
24033 3272 -1
9410 280 9873 -1
13471 2 3 72 -1
20335 54 9818 -1 140 -1 491 493 572 4871 5066 13772 -1
400 5 1178 -1
21471 14049 -1
19801 216 -1
23025 5 1750 -1 2 14373 -1
19375 1 5 -1 253 297 13518 -1 2402 -1
14638 117 1070 -1 2409 5325 -1 865 1076 3819 -1
15200 2 -1
1939 5 54 -1
4540 10 -1 5 -1 44 54 2163 4964 -1 6829 -1
812 10 -1
24326 10 -1 5 -1 772 -1 2 82 696 -1
16488 12682 -1
11298 151 -1 293 -1
7921 0 1 5 10 -1 643 5751 -1
4044 3 10 -1 0 5 3619 -1 272 774 -1
24228 5 -1 2842 -1
23987 2 -1
4675 2 -1
16617 2 5 -1
17505 3 10 -1 2 -1
5109 5 3000 7475 -1
7547 5 -1
7316 6834 -1 8781 -1
15612 2 -1 6716 -1
2655 137 277 -1
8382 10 -1 5 293 5831 -1
1104 0 -1 3463 -1 54 -1
2242 2 1688 5124 -1
24149 5 269 -1
14127 979 11572 -1
16747 2 -1
4250 5 26 -1 2 -1
5816 63 643 669 5975 -1
12111 1 -1
3127 5 10 354 4989 -1
24769 147 305 5441 -1
9667 4700 -1
22013 10 -1 4144 -1 5 313 -1 54 353 363 1753 3196 -1
4018 10 -1 26 -1
17742 10 -1 5 2417 5970 10010 13029 13030 -1 583 643 2092 -1
12209 323 324 -1 325 -1 326 327 328 -1 329 -1 330 331 -1 332 333 -1 334 335 -1 336 -1 337 338 -1 10 267 816 -1 5 26 88 217 341 904 -1 860 2024 -1 3362 -1 4057 10907 -1 1737 3694 -1 3256 3257 3692 6063 -1 685 877 1837 -1 1644 3196 -1 2256 -1 862 3869 -1 686 -1 19 1681 2154 -1 2328 -1 24 -1 2037 -1 154 258 -1 367 -1 233 236 774 1131 -1 139 -1 89 519 521 1826 -1 140 -1 141 4674 -1 2402 2403 -1 1857 -1 372 -1 3761 5339 -1 304 -1 158 305 -1 1709 -1 783 3140 -1
12252 5 -1
24165 10 -1 3 489 -1
10967 1104 -1 0 -1 5 597 2885 -1 11 -1 973 -1
23301 10 -1
19085 761 1131 2885 -1 6811 -1 2198 -1
19928 10 -1 5 -1 6 -1
8518 10 -1 2 -1
23264 971 -1 2 3205 -1 5407 -1 70 2100 -1
14946 2 -1
16532 1524 -1
10718 2189 3472 -1
10360 1 5 10 -1 2 -1
519 1489 -1 0 -1
3872 5 10 1034 -1
19101 5 -1
24907 2 216 -1
6338 2 6 -1
13108 3593 -1 10 -1 81 -1 5 -1
15547 5 1636 -1
2955 1905 -1 54 -1
12968 5 -1
1947 10 293 -1
15177 1439 1440 1448 1449 3967 11856 11920 -1 10 268 -1 0 217 986 -1 5 313 683 9354 -1 349 555 -1 295 3691 -1 8 6736 -1 3386 -1 1642 5181 -1 1643 1837 -1 19 20 -1 1680 -1 357 3213 -1 1681 -1 746 4720 -1 228 361 363 -1 24 229 1692 -1 157 -1 1862 2951 -1 234 -1 89 -1 776 -1 3472 -1 259 969 2189 -1 688 691 828 -1 693 694 1165 3140 -1
3043 2 1865 -1
22239 10 -1 3825 -1
21110 800 3314 -1
8878 10 26 -1 0 5 313 861 1535 3791 6515 -1 1558 -1
12944 3 -1
18601 2 13237 -1
9280 9820 -1 63 -1
13366 2838 -1 2 -1 7672 -1
16539 217 -1 5 -1 360 3679 -1 228 -1 147 -1
24921 14792 -1
7237 0 -1
1429 151 3328 -1
1115 2 -1
5095 5 10 -1
10005 0 10 -1
21949 611 -1 5 39 -1
14336 5 -1
11098 2 -1
3989 5 26 277 1488 -1 6 86 878 1137 -1 87 6540 -1
23698 2 -1
4989 10 -1
13980 2 1773 -1 3208 -1
5407 1140 -1
23488 1077 -1 2 5 900 -1
2570 445 -1 466 1733 -1
3908 55 293 2851 -1 676 -1
24626 3538 9798 10030 14743 -1 2129 -1
12103 2 2025 -1
9222 5 -1 2 9807 -1 9808 -1
5096 7460 7461 -1 7462 7463 -1
5699 2 3 5 217 -1 147 -1
6073 0 2 3 -1
13317 6 275 896 2884 4791 4792 11312 -1
11554 5 -1 2 -1
3388 90 -1
16661 76 -1
19074 203 -1 933 -1 6 -1 48 -1 2227 -1 13418 -1 320 -1 76 147 433 437 445 567 -1 465 836 2017 3957 -1 838 1484 4969 5063 -1
14249 3619 -1
1667 2 -1
18536 2 5 639 -1
13505 5 -1
13079 245 -1 647 8365 -1
10395 661 -1 135 -1
6489 5 217 8401 -1 2 -1 8402 -1
22930 324 328 329 330 331 332 334 336 -1 1193 -1 1194 1213 -1 1259 1281 1326 1348 -1 1353 -1 1357 1359 1360 -1 1361 1363 1364 1365 -1 1366 1367 1368 -1 1369 1370 -1 1371 1372 -1 1373 -1 1374 1376 -1 1378 -1 1380 -1 1394 1427 -1 267 1435 2019 -1 10 26 -1 0 986 -1 5 217 343 1740 -1 55 945 -1 683 1167 3384 -1 37 351 3257 3469 -1 1458 -1 1643 1837 6668 -1 219 354 862 1105 -1 686 3716 -1 4576 -1 153 356 -1 761 844 3117 3336 -1 900 -1 229 1645 1680 -1 232 511 -1 369 2951 -1 2952 -1 772 -1 490 2071 2123 2873 -1 5501 -1 89 -1 140 141 247 6171 -1 374 -1 3718 -1 305 2050 2213 -1 3140 3321 3369 -1 705 -1 557 2355 -1 4965 -1 100 396 -1 101 103 105 628 -1 111 3084 -1 2056 -1 6246 -1 959 -1 2408 -1 7448 -1 60 61 -1 3582 11233 -1 6335 -1 964 4322 4323 -1 5750 -1 2877 7918 -1 2366 -1
24880 3 5 611 -1 355 6577 6757 7097 -1 1610 -1 396 -1 63 -1 2218 -1 865 -1 3197 7846 -1 869 915 3102 -1 3971 -1
9746 5 9995 -1
5473 833 1470 3226 7862 -1 291 434 437 -1 457 2331 -1 244 4980 -1 143 468 -1 5063 -1
17950 5 489 848 -1 2 293 -1
14174 134 865 884 1139 -1
13101 5 11220 -1
18658 2 -1
23271 1143 -1
1323 5 10 -1
5956 10 -1 0 -1 5 -1
12618 5 10 217 -1 135 -1 147 -1
2869 5646 -1
140 591 -1 320 -1
14795 48 -1
10953 944 -1
16846 2 1750 -1
8130 2 2802 -1
15935 536 -1
3045 5091 5092 -1
16358 451 -1
17168 103 -1
18671 293 305 -1
19372 8543 -1
22834 5 10 39 349 -1 1120 -1 4734 -1 6 -1
3719 1750 -1
7580 1 -1
18940 11084 -1
21972 10 -1 26 -1 5 -1 82 -1 6 -1 1951 -1 84 85 1773 -1 3208 -1 86 -1 4237 -1
1231 5 3621 -1
10934 2 -1
15688 377 -1 6 147 -1 666 -1
18487 5 26 -1 10063 -1 2 -1 3348 -1 3616 -1 2884 -1
6682 1 270 -1 686 1118 3360 -1 230 1647 -1 771 774 1029 6332 -1 239 4506 -1 783 -1 147 265 433 2066 2332 -1
12270 5 848 1058 -1 5509 5618 -1 3257 -1 1469 -1
2188 0 -1
8901 0 10 -1 5 137 217 -1 2885 -1 5054 5697 -1 3993 -1 6662 9658 -1 2 2976 2977 -1 2876 3375 -1 2978 -1 6334 -1 729 3582 -1 147 -1
23536 2 -1
10148 719 -1
9072 9718 -1
3814 5 -1
15250 5 -1
2553 3936 -1
6049 10 -1
24145 214 14621 -1 2 -1
8671 0 55 68 -1
23214 90 -1
4424 1 -1
6431 0 -1 1799 -1 3956 8113 -1
15814 0 -1 2 -1
16694 3 10 -1 5 1538 2452 3314 9757 -1 2297 -1
15024 762 -1 1805 -1 228 363 2376 -1 154 256 767 6727 -1 280 -1
14592 2008 -1
7771 307 -1 272 5124 7094 -1 4608 -1 714 1610 -1 1107 4064 -1 3399 -1 147 471 716 2065 2253 -1
6241 2 -1
21363 40 -1 214 6533 -1 19 -1 761 -1 1119 -1 45 -1 2 -1
178 3 642 -1 217 -1
17932 2 5 -1
9805 489 -1
10666 10356 -1
1182 10 -1 5 2008 -1 2250 -1
594 1991 -1
11993 3603 -1 0 54 -1 2 -1
5298 90 -1
23736 10 -1 5 -1 5043 -1
16255 3 5 -1
10638 505 -1 10 -1 5 217 -1 54 3796 -1 5047 5328 -1
13348 1034 1131 1466 -1 139 -1 89 520 -1 140 -1 141 -1 6727 -1 259 780 4755 -1 260 305 1811 -1 261 262 -1 379 2049 -1 2012 2159 -1
7519 2 -1 5718 -1
21829 39 2084 3974 -1
12 2 5 10 26 -1 6 27 28 29 30 31 32 33 34 35 -1
12997 293 -1
2440 1 -1
1547 10 -1 992 -1
15002 2 293 1024 -1
13129 76 289 -1
12483 5 10 26 1064 1540 1543 -1 1544 -1 219 1838 -1 356 -1 6 -1 2442 -1
21889 5 -1
17797 2 -1 72 -1
373 10 -1
15065 2 5 -1 6 -1
111 3 10 -1 0 489 -1 5 538 539 540 541 542 -1 543 -1 2 -1 102 -1
18229 0 986 -1 5 -1
24928 68 -1
13800 5 6 -1
4403 54 -1
2483 3 287 4135 -1 217 -1 5 -1 82 -1 6 84 -1 85 -1
3260 133 -1
821 2061 -1
20422 10 -1
8322 53 54 3000 -1
17666 5 151 -1 2 -1
9127 3954 8579 -1 7563 -1 933 -1 6 48 7522 -1 2233 4360 -1 84 896 5515 -1 9745 9746 -1
18339 68 505 1304 1350 1361 1372 1383 -1 1435 -1 1161 1436 -1 985 -1 5 10 217 268 -1 9476 -1 511 -1
17249 7592 -1
18501 10 -1
15725 10 1492 -1
17017 2 5 -1
13033 2 -1
19303 890 -1
24966 5 54 -1
15772 5 10 -1
10139 204 -1 924 1957 5928 -1 5929 -1
13864 2 -1
23279 2838 -1 2 214 -1
19344 2979 -1
18910 1576 -1
23477 2144 4369 -1
12241 6 -1
17453 5 10 137 -1 2 -1
13036 2 -1
2534 5 90 -1 2 -1
10138 2 -1
8259 0 10 -1
801 2723 2724 2725 -1 2726 -1 2727 -1 2728 2729 2730 -1 2731 2732 -1 2733 -1 2734 -1 2735 -1 2736 2737 2738 -1 2739 -1 2740 2741 -1 2742 -1 2743 2744 2745 2746 2747 2748 -1 2749 -1 2750 2751 2752 2753 2754 2755 -1 2756 -1 2757 2758 -1 2759 2760 -1 2761 -1 2762 2763 -1 2764 -1 2765 2766 2767 2768 2769 2770 -1 2771 2772 2773 -1 2774 2775 2776 -1 2777 -1 2778 -1 186 2779 2780 -1 2781 2782 -1 2783 -1 2784 2785 2786 -1 2787 2788 -1 2789 -1 2790 2791 -1 2792 -1 2793 2794 2795 -1 203 2796 -1 6 -1 2797 2798 -1 1954 -1 1955 -1 2799 2800 -1 2801 -1 2802 -1 2803 -1 49 50 -1 204 1956 2804 2805 2806 -1 2807 2808 -1 1959 -1 1506 2099 2809 -1 1051 -1 2810 2811 -1 2812 -1 2813 2814 -1 2815 -1
24547 63 -1 3101 -1
674 5 -1
8292 2 2389 -1
14461 10 1056 -1 5 8740 -1
10971 0 -1 2 76 147 217 -1
16757 2 -1
13966 232 -1 208 434 -1
17976 5 72 2080 -1
18187 0 3 -1 5 3508 -1
14118 0 -1 3377 4525 -1
17317 2 -1 11769 -1
14564 2 -1
12254 268 -1 1049 -1
5300 2 5 3257 -1 315 -1
5500 535 -1 5 10 217 -1 2 -1
15497 10 986 -1
20323 2996 4289 6017 -1
8625 9544 -1
10172 10 -1 5 -1 2 -1
20476 2 5 -1
20091 5 -1
17786 137 -1
4405 10 -1 5 -1
7619 5 10 217 245 268 -1 54 1678 -1 246 -1
17914 2 -1
684 0 4 -1
22755 3 10 2018 -1 3319 4646 -1 639 -1
9107 10 -1 2 -1
19756 137 -1 630 631 -1 1555 -1
3488 5 55 6209 -1 2 1708 -1
16899 826 -1
12767 11136 -1 5 11137 -1
1734 5 -1 2 -1
97 3 -1
22673 5 -1 2 82 -1 6 84 -1 401 896 -1 878 -1
14606 5 -1 2 54 -1
4847 0 -1
14964 68 -1 10 -1 5 -1
12776 2 -1
12892 0 10 68 986 -1 217 657 2084 -1 39 -1 658 664 -1 5 -1 214 -1 5101 -1 3369 -1 147 -1 437 445 -1
8948 10 -1 0 -1
13971 11527 -1
5786 2 82 -1
19033 0 13402 -1
6778 48 72 76 1033 1747 -1
7501 277 -1 27 933 -1
5644 0 5 -1 302 -1
8183 10 -1
7939 10 217 505 -1 5 4564 -1 7697 -1
16556 553 -1 4659 -1 10 794 -1 4654 -1 3247 6211 -1 0 656 986 1568 1641 2085 3088 -1 39 -1 658 -1 664 -1 5 -1
17947 10 313 -1 5 -1
6318 137 -1 2 589 -1
20660 632 4899 -1
10527 6 481 4941 -1
2799 5 -1
18171 5 10000 -1 2145 -1
22593 5 54 -1
12357 5 -1 2820 -1
17214 2 -1
18771 216 2894 -1
12033 10 -1 5 2894 -1
12729 0 5 3457 -1
15944 5 -1
4972 5 -1 228 -1
3591 5 -1
11362 10 -1 2266 -1 2 -1
2620 323 -1
12653 0 -1 493 -1
15812 10 -1
71 10 39 68 -1 5 313 -1 54 314 -1
12673 26 -1
19007 268 -1 10 26 269 -1 0 217 -1 5 -1 214 1807 6668 -1 277 4736 -1 6 -1 1495 1955 12410 -1 204 -1 2851 5889 -1 1506 1507 1574 -1 6703 -1 4005 -1 8075 8940 8941 -1 1051 13398 -1 6289 -1 673 -1 70 998 -1 999 -1 76 -1 423 632 -1 147 -1
15157 5 -1 9380 -1
24725 3 5 14762 -1
24380 489 -1 3314 -1 54 -1
24565 2 135 -1
12615 5 10 843 2158 -1
2504 216 -1
4387 5 -1
23159 2 737 -1
20197 2 5304 -1
14809 10 642 -1 5 -1
3545 10 -1 5 217 5814 -1
8189 2080 8564 -1
14258 2 5 -1
14210 2 4057 -1
11382 2246 -1
10769 3597 -1
8644 147 530 4778 -1 572 4967 -1 1565 -1
24531 1 272 293 6562 -1 2 -1
23533 0 5 -1 539 -1
3541 2205 -1 10 39 658 -1
7191 2 -1
11390 10 -1 0 -1 2 5 363 -1
5539 54 -1
8535 1 -1 2 -1
10731 39 1572 3369 -1
3344 5 -1
6854 8555 -1
5211 5 -1 88 1167 1803 3384 4161 -1 1643 -1 2069 -1 234 2167 6759 7528 -1 3505 -1 2142 3723 -1 447 466 870 -1
6878 2 -1
2015 1105 -1 355 -1 1109 1679 3605 4443 -1 3764 4700 4701 -1 686 862 4702 4703 -1 152 759 -1 356 -1 153 3573 -1 3336 -1 761 844 -1 3117 -1 900 1119 -1 20 -1 1533 1680 -1 227 1645 3870 -1 4671 4704 -1 902 -1 538 4705 4706 -1 4707 -1 1534 4708 -1 4709 -1 539 1120 1754 2028 4710 -1 4711 -1 358 1981 4712 -1 359 1535 4713 -1 540 -1 1982 4714 -1 4715 4716 -1 541 543 3456 4717 4718 -1 253 1681 -1 1121 1683 4719 -1 1124 2030 2154 -1 1686 -1 220 1513 -1 1125 -1 746 2870 -1 2178 -1 4720 -1 1567 1690 2262 4721 -1 4722 -1 580 2034 4723 -1 3448 4724 -1 762 4725 -1 228 255 1691 1805 1823 2263 4726 -1 581 582 1692 -1 764 2038 2264 2871 -1 1856 -1 257 740 1649 -1 511 2266 -1 258 930 2042 3139 4727 -1 512 1025 4728 -1 3499 -1 1462 4729 -1 1605 4730 -1 236 825 4672 -1 1032 2270 -1 1129 -1 3500 4731 -1 369 -1 1651 1749 -1 4732 -1 1606 2952 -1 1130 4733 4734 -1 1807 2970 -1 514 4735 -1 4736 4737 -1 1607 -1 515 882 883 2276 2437 -1 770 2277 4738 -1 771 2953 4739 -1 4740 -1 772 -1 2071 -1 649 -1 2121 2122 3387 4561 -1 2123 2973 -1 2124 2125 2126 2127 2280 4741 -1 1034 2128 -1 2281 -1 4742 -1 2974 -1 370 2129 4652 4673 -1 490 1808 -1 775 2873 -1 3978 -1 826 1131 -1 4743 -1 1018 3435 -1 2131 -1 139 519 -1 1826 -1 89 4744 4745 -1 521 -1 141 776 1827 -1 4746 -1 2958 4747 4748 -1 4675 -1 3472 -1 778 4749 -1 779 1857 4750 4751 -1 536 1988 -1 3120 -1 996 2189 4752 -1 2156 4753 -1 968 -1 1024 2157 3627 4000 4754 -1 827 1989 -1 970 4755 -1 597 3606 -1 44 523 972 -1 4756 4757 -1 587 4758 -1 2885 -1 11 4759 -1 973 -1 4564 4760 4761 -1
14005 2330 -1 6 320 5459 -1
1504 3 63 -1
5178 2 -1
21549 10 -1 5 313 -1 2 6 4067 10935 -1
23799 272 -1
24924 10 -1 0 5 26 294 -1 2341 -1 214 10067 -1 2 306 -1 4073 -1 204 3880 11950 -1 3909 -1 1506 1507 1508 -1 7592 -1
23838 2 -1
21533 10 4989 -1
6822 5 -1 1 1747 -1
8750 545 1643 -1 228 362 -1 141 154 -1 2189 -1 2 247 -1
7030 10 -1 0 -1
11701 5 10 6863 7030 -1
14231 0 5 -1
16971 5 10 -1 99 12814 -1
11402 0 -1
10389 3384 -1 2 137 -1 437 -1
20633 1523 -1 6116 -1 10 -1 748 -1 1 5 214 217 313 -1 82 1145 -1
16777 5 451 3891 6743 -1
5764 2 2041 -1
8220 144 -1 604 -1
2788 1140 2958 5524 -1
19838 130 -1
3123 10 -1
10366 8894 -1
13551 844 862 -1 761 -1 578 -1 799 -1 823 -1 154 -1 1649 2040 -1 232 512 2951 -1 513 2268 -1 1617 -1 1749 -1 4732 -1 2271 2952 -1 2970 -1 89 773 774 826 2402 4564 4651 -1 374 5339 -1 241 3394 -1 524 525 526 1133 1517 -1 2282 -1 527 1518 -1 45 528 529 1134 1639 2283 -1 82 937 3223 3803 -1 2411 -1 1480 -1 6512 -1 1867 -1 134 10829 -1 8851 -1 5113 -1 135 661 3834 -1 1100 -1
10327 0 5 -1 2 305 5053 -1
14718 1182 -1 572 -1
7879 2 -1
159 613 -1
18579 5 10 -1 137 -1 70 1987 -1 76 999 -1
20055 6 -1
9772 2 -1
13655 495 736 -1 498 -1
23776 5 -1
17285 10 -1 5 -1
3032 217 -1
14807 1143 -1 865 -1
1699 5 378 4315 -1 133 -1
1004 0 10 -1 5 -1 302 -1 137 -1
19628 9480 -1
23421 2 272 5957 -1 2387 -1
16673 498 -1
18541 2 -1
1884 10 489 553 4514 -1 5 -1 6 2363 4515 -1 147 422 -1
22813 272 302 3453 -1 5588 -1 704 1148 2976 -1 13 -1 63 583 643 730 1744 -1
19949 489 -1
9012 10 -1
12187 10501 -1
22531 669 -1
6070 884 -1
18149 1 5 -1
5517 7580 -1
15988 3 -1
2335 5182 -1 6 -1 5183 -1
10694 10 -1 5 313 449 -1
19392 2 90 -1
18513 5 10 37 344 -1 2341 -1 2834 13262 -1 2951 -1 536 1608 5013 -1
19236 147 -1
7283 302 1163 -1
12630 3 5 -1
10289 0 10231 -1
8422 746 2366 8336 -1
17744 1955 2797 3271 3272 -1
3071 2938 -1 0 217 268 -1 5 138 -1 20 578 844 -1 253 360 -1 2970 -1 883 -1
12812 10 11142 -1
8920 10 -1 274 484 1801 -1 26 -1 217 -1 5 20 218 2026 -1 154 -1 236 1029 -1 774 -1
19443 2308 -1
6992 2 2857 -1
14310 10 -1
7003 2 -1
1376 5 10 88 503 -1
13820 811 -1 101 114 242 3582 -1 6 27 31 48 134 590 903 -1 76 422 3585 3834 5855 -1 147 427 3973 -1 429 430 432 434 3044 3237 -1
6751 5 6 599 -1
8493 5 10 13 937 -1
7047 5 -1 423 -1
1757 5 -1
24106 5 -1 20 54 88 14609 -1
4843 5 290 3180 -1
16442 589 -1 2 -1
22247 0 10 -1 5 -1 713 -1
12539 658 -1 664 -1 5 -1 1 11025 11026 -1 54 214 -1 3681 -1 254 511 1029 1513 -1 780 -1
8693 10 -1 26 -1 5 -1 272 2952 9580 -1 82 -1 277 -1 263 3192 -1 264 -1
17431 1852 -1 61 4965 -1 7492 -1
11916 72 86 -1
14280 10 2246 -1 986 -1 313 -1 5 214 2341 11631 -1
20603 5 833 -1
10436 5 10 -1 204 -1
18569 5839 -1
16861 2848 -1
11235 10 -1
21819 2 14113 -1
12928 986 -1 0 -1 217 -1 5 -1 5047 -1
2256 2 2894 5139 -1
20876 10 -1
10990 3 -1 274 -1
20515 10 -1 0 -1 5 -1 42 214 929 2041 -1 5241 6742 -1 3484 -1 671 7514 -1 937 -1 422 -1 876 -1
23828 721 -1 11258 -1 76 -1
14102 2 9398 -1
3183 1058 -1 5 26 -1 3800 -1
13454 677 3417 -1
23349 1598 -1
4305 1 2 5 10 -1 491 -1
5196 2 147 -1
12171 6 -1
24181 54 -1
22406 1 -1
6027 2 5478 -1
16578 5 3775 5139 -1
21146 26 -1 5 82 -1 2 -1 2558 6753 -1 184 2578 -1
9229 637 -1 2 -1
23439 268 -1
14621 2 -1
2679 2 5 3356 -1
21033 10 -1 5 -1 761 -1
23965 5 -1
24001 26 51 -1 5 229 231 14573 14574 -1
2379 26 -1 5 -1 228 -1 2 6 48 -1 2231 2395 -1 210 -1
24437 68 -1
11392 68 -1 10 3559 4839 -1 647 -1
563 1854 -1 879 1855 -1 293 -1
8446 268 2018 -1 4584 4646 -1 639 4654 -1 3587 -1 3247 6211 6212 -1 1568 7787 -1 4502 -1 7791 -1 1996 -1 0 986 -1 217 -1 39 313 2085 -1 5 -1 137 341 3431 -1 1143 -1 141 -1 970 -1 2885 -1 421 557 9403 9404 -1 147 -1 437 -1 457 -1
9018 472 495 -1
4544 3957 -1
7747 0 -1
1108 5 -1
3550 39 490 615 2873 3455 -1
15839 6333 -1
15776 5 -1
2543 63 445 -1
18665 302 -1
7963 2 134 4216 -1
4438 3 -1 0 -1 28 -1
14596 2 4 -1 557 -1
11571 10 -1 5 26 1035 -1 277 -1 6 -1 10646 -1
19673 267 5943 -1 5 3345 -1 20 685 1643 1802 1837 -1 578 -1 228 363 -1 6722 -1 2 -1
1891 1 2 4540 -1 6 -1 4541 -1
8775 5 10 -1 54 -1
788 2 2167 -1 6 -1
13508 3 -1
6341 147 452 2060 5309 -1
18047 0 -1 5 -1 55 -1
24615 6116 -1 5 10 217 615 -1 137 302 539 -1 6 1920 -1 147 -1 445 -1
24731 293 -1 2 -1
13192 10 2185 -1
3268 10 26 217 -1 5 27 219 -1 6 -1 28 31 6046 -1 4790 -1 6047 -1 1152 -1 36 1933 4982 6048 6049 -1 2797 3896 -1 3897 -1 1954 1955 3271 -1
586 5 -1
353 5 26 1062 -1
1618 4034 -1
8022 445 -1 454 786 -1 2348 -1
16274 2 -1
23882 2 3197 -1
20745 13877 -1
20623 68 5091 -1 4830 5092 -1 4375 5093 -1
23019 0 5 10 -1
16324 0 135 1190 -1
8664 736 -1
23583 54 -1
10751 268 -1
5591 3709 -1
10775 2 -1
24996 10 -1
6261 2 5 10 666 -1
347 5 -1
10324 2101 3559 -1
3154 5 -1 2 1643 5918 -1
4730 0 -1 5 -1 54 -1
22382 2 210 -1
11079 16 -1
326 5 1025 -1
9726 268 1977 -1
2662 0 5 137 -1
17484 3 10 -1 5 -1
14483 2152 -1 144 -1 488 -1 10 -1 5 554 -1 18 -1 8 -1 513 1017 1807 -1 7323 -1 89 371 882 2435 -1 58 -1 597 1132 3783 -1 2941 -1 4359 -1 11 9917 -1 525 -1 526 528 1133 1134 2282 -1 529 2283 -1 3451 5960 -1 4964 -1 2163 4662 -1
5692 147 885 -1
21288 14001 -1
9989 4695 10082 -1
6887 264 -1
5045 5 10 217 986 -1 137 -1 503 -1
19942 10 -1 26 -1
21633 14080 -1 293 -1
14623 134 1143 -1
11201 4139 -1
11480 217 -1 5 147 253 254 -1
4897 315 -1
23208 2 -1 14415 -1
23653 0 26 -1 2 -1 161 165 7324 -1 3206 7326 -1 14509 -1 2462 2463 2464 9105 -1 14510 -1 167 14511 -1 2479 -1 8870 -1 184 -1 2744 2768 14512 14513 -1 203 2788 14514 -1 277 -1 1137 -1 27 933 -1 6 -1 31 -1
13674 5 82 -1
2867 4054 -1
9535 2 -1
6214 5 10 -1
22764 451 2334 -1
20711 535 -1 5 234 482 -1
24634 2 293 6189 -1
10144 0 927 -1
18700 134 147 -1 291 786 1140 -1 481 -1 315 493 -1
6316 2 -1
22486 10 3319 -1
6972 8637 -1
23999 833 -1 147 530 14572 -1
14622 2 5 10 -1
2632 521 776 -1 2958 -1 304 2134 -1 272 503 -1 2 422 728 -1 3834 -1
2626 2063 3404 5388 5389 -1 289 3833 4097 5390 -1 4480 5244 -1
9787 2 134 -1
22852 10 160 217 -1 39 -1 2 5 -1 147 -1
24786 2 -1
13964 2 -1
11970 10827 -1
19567 5 10 -1 2 76 6335 -1
19750 2 -1
13620 353 2260 3196 3588 -1
5867 8083 -1
11481 97 -1
22023 2 -1
4294 1304 1350 -1 1435 -1 1436 -1 10 -1 217 -1
6740 445 -1
3960 0 1 -1
13553 90 1733 -1
23901 669 -1
11264 5 -1
5796 2 -1
22286 1183 -1 1184 1185 1186 -1
5353 10 -1
7669 5 -1
11202 10 340 4121 -1
24342 143 -1
673 10 -1 5 -1
16602 5679 -1 236 5680 10485 -1 9686 -1 1464 4672 -1 1032 1033 5681 -1 1129 2270 5682 -1 3500 -1 369 1749 4731 -1
4170 491 -1
9943 0 2 856 -1
9700 321 1428 1429 -1 1430 -1 1431 -1 1432 -1 1433 1434 -1 3776 3863 -1 281 2108 3864 -1 2109 2110 2111 2112 -1 2113 3865 -1 3866 -1 2114 2115 3867 -1
22015 5 10 113 -1
4712 3 1142 -1 514 -1
715 5 10 -1
7757 2 5 1070 1776 2260 -1
660 63 831 -1
10532 2 -1
19572 10 -1 5 511 1706 13560 -1 2 1772 -1
3491 54 435 -1
23284 1 5 6 -1
12174 5 68 -1
9220 5 10 3384 -1
7476 72 -1
6987 8639 -1 2 -1
4746 217 -1
244 10 26 -1 5 217 -1 886 -1 887 -1 214 -1 137 -1 888 -1 6 -1
2521 5 16 -1
11346 3 -1 6 10578 -1
14296 2 6 -1
2824 1880 -1
17733 10604 -1 5148 10049 11012 13019 13020 -1 3972 -1 13021 -1 3891 8166 -1 5993 -1 8167 -1 1113 12020 -1 7961 12021 -1 5451 -1 5453 -1 5454 -1 10689 -1 8100 10690 -1 1593 -1 211 4414 -1 13022 -1 7364 10702 -1 13023 -1 13024 13025 13026 -1 7366 -1 7367 13027 -1 86 -1 420 -1 736 -1
22651 10 -1 5 -1 82 -1
7528 5 -1
434 2 -1
921 245 -1 5 10 16 786 -1
11209 2180 -1
3529 1375 5725 -1 2151 -1 10 -1 26 4144 -1 217 -1 5 88 302 -1 1143 -1 252 1836 1837 -1 353 -1 1643 -1 3196 -1 2441 4701 -1 503 844 -1 272 -1 6242 -1 5484 6243 6244 6245 -1 583 6246 6247 -1 643 2092 -1 63 -1 4776 6248 6249 -1 3401 3884 5487 5542 -1 2455 5835 -1 5605 -1 6 204 277 669 -1 896 1506 6250 -1 2242 6251 -1
5216 2 -1
7980 2 -1
17638 6 277 1638 2330 -1 1139 -1
10657 2 6 3944 -1
15210 4830 5091 5092 5093 -1 4375 -1 4831 5094 -1 5095 -1 5096 -1 5097 5098 -1 5099 -1 4832 4833 -1 4834 -1 4835 4836 -1 4837 4838 4839 4840 5100 -1 1161 -1 10 -1 26 -1 0 -1 5 55 217 -1 88 349 1590 -1 219 6180 -1 862 -1 356 -1 1118 3117 3573 -1 24 229 1692 1984 2034 2262 2263 -1 256 2264 10270 -1 154 1856 2040 -1 2265 -1 232 366 768 1462 1862 1864 3457 -1 233 234 -1 235 -1 236 772 2123 -1 2281 -1 370 -1 774 -1 490 1809 -1 3435 4675 -1 780 -1 536 1810 3606 -1 372 828 -1 45 240 241 378 1794 3258 -1 10394 -1 829 -1 293 11932 -1 2 -1 2451 3342 -1 3485 7043 9128 -1 7050 -1 937 1713 -1 8471 -1 2172 -1 705 1148 -1 1714 4850 -1 10667 -1 5474 7136 -1 4636 6007 -1 2056 -1 128 129 132 1036 3086 -1 11933 -1
17966 274 647 -1 5 -1
11007 5 -1
1823 10 39 986 -1 5 -1 54 -1 137 538 -1 13 82 264 -1
21328 2 621 1610 -1
4827 7248 -1
18162 204 2849 -1
19253 0 -1
14358 2 -1
3959 5 986 -1
19 0 -1
10468 5 10 -1 1802 -1 539 -1 363 -1 2 -1
22564 363 -1
20684 5 4034 -1 54 -1
15413 445 4726 12031 -1
8490 2 2455 -1
13069 11213 -1 5 6117 -1 1920 6571 -1 437 -1
167 0 -1 76 -1
11534 2 -1
5090 328 -1 5 10 -1
15362 76 -1
5119 10 217 -1
16501 5 -1
2286 2 -1
6579 2 5 -1
15052 10 -1 5 217 986 2069 -1
14349 10 -1 5 26 82 -1 2 -1
8129 2 5 2917 -1
13579 3229 -1
6149 2 -1 8246 -1
17998 5 217 -1
17256 2 -1
14232 1281 -1 5 -1
5332 2 -1
15811 3 -1
2892 1203 -1
16138 505 -1 794 1579 1870 -1 10 -1 1176 -1 0 6568 -1 217 -1 5 -1 341 858 -1 904 -1 55 2024 3793 -1 138 -1 554 988 -1 295 12570 -1 3691 -1 3449 3692 5523 -1 355 1642 1643 -1 152 -1 356 -1 154 2036 -1 230 1112 -1 2041 -1 258 -1 157 1862 -1 234 1863 -1 3186 -1 236 825 1130 -1 2953 -1 2123 -1 4652 -1 490 -1 775 -1 1809 -1 519 826 1018 3435 -1 89 776 -1 140 -1 141 3472 -1 969 5028 -1 1024 -1 43 688 5339 -1 3347 -1 247 2132 -1 1794 -1 375 1531 -1 305 376 -1 45 2213 -1 2198 -1 696 2159 3321 4767 -1 2 3229 3261 -1 1847 -1 831 -1 63 -1 4596 8870 -1 865 -1 736 -1 147 -1 866 -1 442 -1
2746 0 5 758 858 862 945 5481 -1 761 -1 2 701 1148 4349 5482 -1 5483 -1 100 396 5484 -1 63 -1 5485 5486 -1 5487 -1 5488 -1 669 5407 -1 865 1076 -1
5977 10 -1 489 -1
10338 1760 -1 1761 -1 5420 7201 -1 5421 5422 5423 5710 10251 -1 5427 7374 -1 2378 -1 4822 5976 9261 -1 5430 10252 -1 609 -1 48 -1 134 -1 422 2309 -1
7789 727 -1
11726 4502 -1
9344 5 10 -1 54 780 -1
6919 10 -1 217 -1 5 -1 511 1697 8580 -1 514 -1 2820 -1 82 8581 -1 2 -1 830 -1 2297 -1 13 130 147 445 -1 1022 -1
22214 5 -1 11019 -1 137 -1 90 377 -1 14201 -1
24022 4 3217 -1
4322 0 -1
10444 5 10 -1 2 915 10293 -1
5371 208 605 3135 3674 7721 -1 2857 -1
13260 259 -1
24092 315 677 2144 -1
2776 0 -1 54 -1 2 -1
17780 5 -1 137 1064 1700 -1 2 27 -1 6 31 -1 36 1933 -1 590 6089 -1 2443 -1
11629 5 10 -1
11661 10 -1
11044 135 -1
21966 457 -1
23984 2 -1
4186 5 3316 -1 2 -1
21958 85 -1
23636 217 -1 5 -1 2 14508 -1
3698 5959 -1 2 2848 -1 1955 -1 48 2800 -1 204 -1 6397 -1 320 1527 2242 -1
17739 0 -1
21897 2 -1
24353 26 82 -1 2 -1 27 1059 -1 6 -1
13723 26 1996 -1 986 -1 0 -1 1 5 55 217 509 1454 3110 3482 11460 -1 2119 -1 685 -1 154 253 -1 511 1033 -1 772 -1 89 2104 -1 691 -1 692 -1 693 -1 379 1146 2050 -1 272 2159 -1
3342 2 6 76 204 2395 -1
20351 0 -1 5 -1
4235 505 -1 10 483 -1 5 -1 239 -1
17080 10 2018 -1 0 -1 217 -1 5 55 -1 88 349 4241 -1 5523 -1 1804 -1 761 844 1643 1764 -1 20 900 -1 901 -1
23497 293 2842 14479 14480 -1
10535 3 489 -1 1533 -1
16431 5 -1
2063 1055 -1
6459 1806 -1
9829 2 103 246 -1
12346 1062 3968 -1 10 -1 3 217 986 -1 5 1625 4193 -1 55 683 -1 252 298 1455 1538 -1 6668 -1 1836 -1 2257 -1 356 -1 1764 -1 761 844 3117 -1 20 -1 1680 5664 -1 1840 -1
2554 13 1833 -1
15392 2 5 -1
14043 2343 -1 5 -1 2 6455 -1 135 999 -1
20708 1580 -1 5 377 1747 -1 2969 -1
8063 3247 -1
23333 294 11092 -1
2641 10 -1 5 -1 2341 -1
24029 10 -1 3 5 1131 -1 520 521 776 -1 780 -1 551 715 716 2367 3397 -1
21892 647 -1
12292 10 -1 5 -1
3763 5 68 -1
14226 5 -1
782 3 824 -1
20348 792 -1
15451 489 -1
22160 5 -1 2 -1
10654 81 -1 5 10353 -1
15198 10 -1 3 217 -1 5 39 658 -1 54 5686 -1 2274 -1 2275 -1 2 -1
3251 315 513 -1
7825 362 5262 -1
24732 2 -1
5999 2 424 453 2803 -1
7062 82 509 -1 2 277 -1
8005 1 5 10 217 -1 2255 4519 5657 -1 1753 -1 1643 1837 -1 3196 -1 513 2441 -1 2272 -1 517 881 1807 -1 2437 -1 649 -1 89 -1 521 776 -1 527 -1 2 147 391 433 1140 1521 -1
1668 2 5 -1
13879 2 -1
24102 3180 14608 -1
1128 2 82 -1
12446 8967 -1
5882 11 -1
17992 293 -1
1217 2 -1
2157 2401 -1 2 5032 -1
14502 5 26 137 -1 1064 -1 2 631 -1 6 -1 2394 -1 896 2147 11711 -1
15577 5 -1
21246 524 525 1133 1517 2282 4651 -1 527 528 1518 -1 1134 -1 272 698 1146 2283 -1 1473 -1
17464 469 -1
11997 2 -1
24879 0 2 3 -1
11943 10 -1 5 229 686 -1 10816 -1
4794 2 5 1161 -1
12578 10 268 -1
16373 10 -1
9894 10 -1
8511 2 220 1687 6562 -1 63 -1
18233 2 54 1176 -1 892 -1
1158 2328 -1 1514 2037 -1 1648 -1 257 3510 -1 767 -1 157 364 367 368 1862 2043 3511 -1 2269 -1 1463 1519 -1
4043 40 54 1836 -1 353 685 -1 6578 -1 45 2261 -1
3501 6224 -1 2 -1
784 2366 2413 2414 2415 2416 -1 2417 -1 583 2418 2419 2420 -1 814 2058 2092 -1 63 2421 2422 -1 134 586 2423 2424 -1 2425 -1 1493 1834 -1 2426 2427 -1 443 -1 2142 -1
6461 2061 -1 22 -1 718 3765 -1 4068 7171 -1 719 721 3652 -1 1036 3757 7172 -1 2388 -1 3402 3846 -1
23387 2041 3783 -1
22568 1 343 -1 2 -1 1137 2389 -1
10209 84 -1
2806 2093 -1
15967 5 1176 -1 2 -1
13498 5 217 686 986 4703 -1 1647 -1 3367 -1
4461 503 4134 -1
21936 217 -1 5 -1 302 -1
15399 5 -1
16399 134 -1
4006 54 -1
21551 2 6 204 11710 -1 2867 -1 423 -1
9717 5 -1
13593 5 293 1776 -1
22360 6879 -1
17916 3 -1
21202 54 -1
7132 43 -1
17448 0 -1
9263 2 9814 -1
21411 5 10 -1
20403 3 703 1020 1148 2172 2875 -1
14292 5 -1 234 -1
12308 4102 -1 1990 -1 2842 3622 -1 686 -1 396 -1 99 101 -1
12170 10896 -1
12281 135 -1
5456 0 10 144 3559 -1 16 -1 5 -1 5947 -1 5038 5126 -1 1454 -1 88 302 -1 7759 -1 137 1117 7760 -1 519 1131 -1 89 536 -1 280 304 375 5109 -1 4368 -1 6 131 211 277 -1 133 -1 1979 7366 -1 70 941 -1 76 422 999 -1 7761 -1 3720 -1 311 437 -1 572 2144 3254 -1 7762 -1 1005 3958 7763 -1 1006 -1 1007 -1 676 2145 7539 -1 7764 -1 5829 -1
6183 1647 8261 -1
1560 5 -1 4003 -1
16537 0 26 -1 5 16 -1
24261 54 -1
8249 4756 -1
23367 10 26 3089 -1 217 -1
20868 1806 -1
24174 14636 -1 2 -1
1482 10 -1 3931 -1 1977 -1
390 1167 -1
14401 5 489 -1 72 2429 11672 -1
21957 10 -1 5 -1
21631 217 -1 5 -1 1582 3637 -1
15663 55 295 -1 1457 -1 1017 -1 1838 -1 253 -1 360 1681 -1 1684 -1 220 -1 823 1687 1688 2036 3498 3991 4979 -1 2871 -1 1856 9756 -1 89 2265 2820 7410 -1 521 -1 776 -1 381 -1 2167 12434 -1 127 2058 -1 12435 -1 1771 -1 6 27 28 1741 -1 30 -1 31 -1 8776 -1 36 -1 6509 6511 -1 896 4596 6951 -1 147 441 736 -1 2143 -1
20496 5 13 -1
16991 915 -1
14060 2 5 655 3603 -1
4135 2 1800 -1
11768 5 -1 1064 -1 272 -1 2 -1 63 632 -1
24619 1 217 2039 -1 2 -1 63 -1
10795 10 -1 0 -1 217 -1 2085 -1 39 313 664 -1 5 -1 5945 -1 1889 1899 -1 614 1017 1602 -1 54 -1 900 -1 254 361 -1 229 255 764 3516 4979 -1 1514 2038 -1 4059 -1 89 781 1131 -1 3606 -1 503 3157 6171 6268 -1 2447 6491 -1 2451 3373 10399 -1 9236 -1 4320 -1 131 -1 2415 -1 63 -1 733 -1 3404 3954 -1
19041 5 -1
8648 3 -1
1087 3445 -1
2682 5 -1 55 63 5436 -1
23248 211 -1
20788 10 -1 5 -1 2 -1
21744 7778 -1
1402 501 -1
19198 63 643 1769 -1
23325 133 147 -1
6107 8234 -1
21498 0 -1
16886 2 -1
2953 63 -1
19483 669 7232 -1 5407 -1 76 567 8987 -1 2107 -1
22147 3 5 10 657 818 -1 306 1033 -1
2417 5 217 274 4302 -1 2 -1
8104 5 -1 1 9141 -1
15548 5 12067 -1
16087 2 315 2071 -1
16758 10 -1 5 -1 2 -1 76 6975 6976 -1 5564 -1 836 4969 5984 -1
1932 577 -1 685 2034 4585 -1 2 2159 -1 147 469 491 563 870 -1
7119 1517 -1 2 -1
15000 2 -1
1693 293 -1
24523 5 -1
11680 5 -1
22783 5 236 -1 2 76 -1
11612 3914 -1
16570 506 4240 -1 2938 -1 0 10 -1 5 3713 4159 -1 253 354 1538 3790 -1 306 377 511 517 1703 2213 -1 380 -1 3485 6118 -1 2875 5057 -1 100 979 3811 -1 3397 -1 3984 -1 2364 -1
23839 677 5224 14545 -1
3645 2 -1
10183 10 -1 639 -1 0 -1 5 217 -1 3943 -1 685 -1 20 -1 539 -1 360 362 1535 3944 -1
3235 26 268 -1 5 54 -1 2 -1 6 397 398 399 878 6014 -1
13023 10 1523 -1 0 657 -1 39 -1 658 -1 659 -1 660 -1 313 664 -1 5 -1 2204 -1
8163 235 -1 236 -1 4462 9170 -1 4463 -1 845 -1 1522 -1 9171 -1 1711 8179 9172 9173 -1 5380 -1 9174 -1 2055 9175 9176 -1 8795 -1 9177 9178 -1 9179 -1 3501 9180 9181 9182 -1 9183 -1 8920 -1
15418 86 -1 87 3552 -1
988 5 10 343 1523 -1
425 1556 -1 578 686 -1 82 490 1023 -1 2 1557 -1 203 729 1558 -1 6 86 -1 76 865 -1 135 661 -1 876 966 1559 -1 1560 -1
4994 5 -1 151 -1
10624 2325 -1 10 -1
7999 10 -1 3 -1 2 -1
20441 5 639 -1
1362 2 6 84 3756 -1 85 445 -1
2885 2 5 10 82 2827 -1 1558 -1
9522 5 -1 2 774 1750 -1
21176 10 68 -1 489 -1 5 6 26 82 204 -1 896 -1 5223 -1
16044 204 2442 2848 3208 -1 133 -1 76 -1
1636 63 -1
21664 147 -1
13153 2 -1
4805 68 553 -1 26 -1 0 986 -1 217 -1 5 2940 -1 137 -1
6899 10 216 -1 217 -1 5 -1
10963 17 1636 -1 135 -1
2749 10 4425 -1 5 -1 2 -1
6029 135 632 966 1100 -1
13235 51 -1
22172 9934 -1
18753 2114 -1
4911 5 -1
9091 9731 -1
3894 16 534 -1 151 6483 -1
5375 0 -1
15622 10 -1 5 217 -1 88 -1 40 -1 1837 -1
24179 2 -1
1193 10 -1
14147 10 -1 3 -1
10604 5 10345 -1
10700 10 -1 1 39 -1
22338 0 -1
20808 5 151 9142 -1
17645 10 -1 0 5 -1 345 1802 -1 137 -1 946 -1
23741 5 1134 14523 -1
15581 493 498 -1
13490 10778 -1
331 1029 -1
21184 5 10 -1
20650 2 -1
19270 5 10 -1
19937 2 -1 493 -1
16143 5 10 -1 490 2093 -1
7808 214 -1
6697 10 486 -1
18131 2 378 -1
6366 277 4314 -1
17206 2 8116 -1
22189 5 10 -1 3353 -1
1077 2 119 -1
8580 10 -1 0 -1
2631 63 -1
10243 5 10 -1
20953 367 2951 -1 234 -1
3624 53 302 6348 -1 2 -1 6349 -1
9552 5 10 294 -1 1608 -1 546 -1 2 -1 669 -1
11567 5 -1 2 -1
16804 3180 -1 0 5 76 11720 12764 -1 135 3101 10417 -1 428 1100 -1
11157 1536 -1
21107 0 10 -1
17961 5 1104 -1
15047 63 558 7120 -1
19559 3 -1
15292 10 -1 217 -1 5 -1 82 -1 2 6 -1 2299 -1 896 -1 86 -1
16927 3 5 -1
5660 10 26 -1 0 5 -1 54 -1
10561 293 7072 -1
5972 0 -1
18770 10 -1 3 -1 0 217 313 -1 5 -1 11910 -1 5619 5643 -1 4230 -1 3362 5948 -1 5950 -1 2026 5951 -1 683 1779 -1 302 988 2210 3196 6759 -1 2261 -1 799 -1 2028 -1 146 -1 154 258 363 8955 -1 1862 2273 -1 770 -1 1465 -1 774 2281 -1
10301 0 2 1933 -1
5542 39 217 -1
4976 1776 -1 5 217 7376 -1
19490 9192 -1
21309 5 -1 1769 -1 1103 2071 -1 264 -1 6 736 -1
12666 1742 -1
17587 3 4835 -1
15940 54 -1
56 54 -1
15412 3800 -1
2832 277 -1
5608 137 1064 -1 888 -1
19589 3602 -1
6014 10 38 -1 604 -1 0 -1 160 656 -1
5366 68 -1
8155 2 -1
3968 6531 -1
8649 562 661 -1 135 147 1654 2095 -1
4098 3 5 -1 54 -1
10029 10098 -1
3475 0 -1 5 277 315 6203 -1
4936 2 -1
14598 10 -1 5 -1
9536 0 -1 2 6 -1 5011 -1
6688 2 -1
19069 1141 -1
14858 3 16 -1 5 828 1811 3484 -1 135 -1
3534 5 26 228 752 1642 -1 2 6260 -1 4326 6261 -1
24447 3 -1 14700 -1
6232 2 3 -1
14188 356 -1 761 844 -1 253 1645 1686 8052 -1 56 228 361 746 2178 -1 363 1823 -1 581 -1 154 256 2376 -1 1824 -1 1649 -1 364 -1 511 -1 1128 -1 232 -1 236 1862 -1 771 -1 783 937 1165 1709 3637 4394 5957 -1
24658 10 -1 26 217 -1 2 5 55 82 10528 -1 13 98 14746 -1 119 396 2895 -1 124 125 3808 7130 -1 3084 -1 277 5027 -1 6 204 -1 4005 5800 -1 1050 1051 8075 -1 11782 14747 -1 5801 -1 896 7957 7980 -1 76 147 -1
12280 10938 -1
10454 6180 10298 -1
6771 10 -1
8833 232 687 1604 2951 3457 4730 -1 369 825 1651 1749 2271 -1 770 1043 -1 238 3390 -1 239 1165 1709 2050 3222 -1 695 783 1470 3140 -1 147 829 2093 -1 785 1724 -1
1426 10 -1 3 -1 0 5 70 2154 -1 998 999 3828 -1
8146 141 -1
22021 5 10 -1 2 -1
2181 0 10 16 -1 5 1843 -1 315 589 1845 -1
24885 2 -1
13411 5 -1
16145 2 -1
22639 0 -1
15019 11872 -1
20185 8786 -1
6653 2 3 -1
18437 2 -1
13391 2846 -1 84 -1 85 6397 11339 -1 147 320 433 866 868 884 1140 -1 143 2250 -1 563 -1
18726 6180 -1 13 561 1681 -1 63 126 130 2937 -1 736 -1
14912 2 54 -1
9397 10 -1
23790 147 833 2219 -1
15154 0 -1
3378 2 151 214 -1
17163 10 -1
9815 0 -1 5 -1 219 -1 521 536 2131 -1 44 -1 671 -1 2 -1 6 -1
14207 2 -1
18274 2035 4725 -1 515 881 1018 1131 1465 -1 89 -1 520 521 536 776 1024 3783 5054 -1 5697 -1 63 379 806 1920 2092 3229 4662 -1 669 933 3344 -1 6 2225 6502 6503 11827 -1 6505 -1
7662 10 68 -1 5 -1 377 -1
21938 68 -1 10 217 1439 1448 1449 -1 5 -1 301 1017 2117 -1 3513 -1 2068 2119 2120 -1 900 -1 5667 -1 5674 -1 513 1130 2272 -1 7323 -1 587 597 883 3783 -1
2189 272 -1
18384 2 -1
22387 2 -1
16328 0 2 -1 277 -1
11083 2 3 216 -1
20622 2 -1
15106 2 -1
19746 536 -1 261 375 969 1024 -1 262 -1
23732 7174 -1
13080 0 -1
707 5 -1
13852 3 -1
680 647 -1
13833 5 -1
15258 0 2 -1
6239 26 -1
12922 0 5 -1 6065 -1
14311 10 -1 5 -1
17930 304 -1
10257 5 10 -1 20 -1
13077 54 -1
18216 2 5 10 -1
24597 1393 -1 0 5 10 -1
4505 6808 -1
21159 5 10 -1
8866 63 9652 -1
1334 13 3743 -1
13010 5 616 -1 2 -1
24781 2 5 82 217 232 245 -1
7987 10 -1
19077 10 -1
10348 5 1016 -1 2 998 -1 135 -1
9480 649 2171 9912 -1
12102 3557 -1 2 -1
20430 5 -1
18193 1148 -1 63 -1
21614 5 -1
13545 11383 -1
14724 2 54 -1
20890 255 581 -1
20059 363 -1
2111 4956 -1
14183 203 -1 277 1137 5798 -1 6 9971 -1 399 1494 1495 1496 3281 3904 6979 7895 -1 10091 -1 4390 -1 204 6876 -1 1959 -1 1506 1507 -1 7592 8337 -1
3468 217 313 1056 -1 5 6202 -1 254 -1 147 -1
9492 928 -1
9594 5 -1 1 -1
15114 267 855 1161 -1 3825 -1 0 5 -1 817 -1 55 -1 88 214 355 2026 3360 4058 -1 356 686 -1 1764 -1 357 746 1535 -1 229 -1 154 2376 -1 687 1856 2040 -1 231 -1 258 -1 366 2130 -1 306 1569 -1 2 -1 3611 -1 5018 -1 63 5571 -1 76 -1 4096 8473 8987 11896 -1
21935 10 -1 5 1887 -1 377 -1 2 -1
10688 649 7169 -1
4414 5 10 214 -1 204 -1 504 1959 2851 -1
2043 3 10 -1 5 -1 2 302 -1 112 -1 870 915 -1 871 -1
16223 839 -1
11400 5 -1 2 -1
3504 6228 -1 6229 -1 1833 6230 6231 -1 399 -1 31 -1 3271 3272 -1 86 204 210 1955 -1
10419 5 -1
24643 10 -1 2315 -1 26 -1 0 5 -1 20 214 -1 6 357 539 578 -1 1955 2800 3690 7522 -1 2803 -1 49 -1 204 -1 1959 -1
17793 3455 -1
12514 0 2 5 513 -1
17858 13065 -1 10 -1
2183 892 1733 -1
18689 5 10 -1
7722 63 472 8984 -1
3205 5992 5993 -1
15407 5 -1
18227 10 -1 5 -1
22714 10 -1
5008 642 -1 0 54 1595 -1
4583 6877 -1
17370 54 -1
6185 2 -1
17372 6601 -1
23247 5 10 -1
592 422 1979 -1 135 437 530 792 -1
8641 272 -1
19575 463 -1
18429 54 -1
20688 10 -1 0 5 -1 54 -1 362 581 -1
2600 2 -1
8870 10 -1
16563 10 -1 5 1580 -1
22913 1036 1168 -1 669 -1 76 632 -1
1859 213 4489 -1
12912 147 -1
14819 2 -1
11921 0 -1 214 -1
14121 5 -1
12680 927 5944 -1
9609 2 5 39 76 137 658 1143 -1
21946 3 -1 2 -1
7445 0 10 -1 5 -1 358 8848 -1
16415 10 -1 1 3 5 1750 1884 -1
16440 7379 -1 3925 -1 205 -1 2816 3926 4404 5929 -1
3936 5 716 6498 6499 -1
19926 0 -1 2 -1 3197 -1
24612 434 4619 -1
16792 2 6 3390 3581 -1 50 2863 -1 147 865 -1
2904 322 -1
13256 10 -1 0 217 -1 1 5 295 3359 -1 246 -1 746 -1 228 -1 4672 -1 1130 -1 1807 -1 89 141 514 515 775 -1 5048 -1 973 -1 2 2886 4563 -1 222 4349 -1 937 3296 11149 -1 884 2356 -1 562 -1
20425 13336 -1
17019 0 22 522 12827 -1
273 3 10 -1
8881 1 2 -1
136 217 -1 5 54 587 -1
10397 10268 -1
18039 5 8501 -1
4395 2 -1 3018 -1
16502 0 10 -1
17063 4592 -1 7400 -1
3842 5 10 26 858 -1 752 -1 55 554 2887 3694 3791 -1 3794 -1
5226 0 10 268 -1 5 3543 -1 5051 7542 -1
24998 5 -1
12818 5 11143 -1
23469 3 -1
3441 2 6192 -1
21417 2 -1
31 0 -1 5 89 138 139 -1 140 -1 141 142 -1 143 -1
7535 39 657 658 659 -1
14911 2323 -1 0 5 -1 587 597 -1
10323 0 10 327 482 -1
7884 9049 9050 -1
7898 76 737 -1
15845 0 10 -1 5 -1
14124 10 -1 0 -1 5 -1 490 -1 1018 1809 2873 -1
21267 27 76 302 1615 -1 135 -1 147 315 445 572 3956 -1 885 -1
10708 2 -1
1497 3941 -1
7068 928 -1 1537 -1
3164 5 -1 2037 -1
11863 5 -1
848 10 -1 5 -1
23254 1894 -1
22231 1 76 437 493 -1
24984 272 379 -1
4261 1580 6391 -1
2671 0 -1 5 1098 -1
15559 5 -1 54 -1
11599 5 -1 4242 -1 2158 -1
13531 2297 -1
11189 144 -1 10 26 -1 0 4 -1 160 -1 657 -1
4309 572 -1
2192 0 -1
4651 6 434 445 -1
11814 1000 -1
9679 250 -1 0 2 84 -1
9444 302 -1 2 -1
14222 5 10 -1
1848 4482 -1
5153 7503 -1
10706 10 1776 -1
20916 5 6 82 214 -1
2994 5837 -1
10379 5 10 -1
9157 214 -1 519 -1 711 -1 63 1048 -1 264 -1 4235 -1 6416 6417 -1 4073 9154 -1 48 204 1772 2099 2395 -1 4377 9782 -1 4005 -1 8075 -1 8940 -1 8941 -1 8942 -1 1051 8943 -1 2233 -1 9191 -1 878 1154 2856 -1 6540 -1 1139 2864 -1 2241 2866 2867 4237 5608 -1
3994 150 -1 10 -1 1995 2022 2315 3331 4146 6542 -1 159 -1 6543 -1 0 -1 5 217 -1 253 4102 -1 1681 2178 -1 1690 -1 24 1984 2263 5628 -1 6544 -1 6545 -1 4214 6546 6547 6548 -1
1552 10 -1 5 253 -1 360 1681 2154 3990 -1 1686 -1 220 445 3613 3991 -1
13599 137 9857 -1 2 -1
23885 3 2984 -1
14528 2 4577 -1
4721 514 -1 772 -1 649 2071 2123 -1
8443 3 -1 293 -1
2517 544 1033 -1
15119 63 7906 -1
11409 10 10594 -1
19208 3 -1 54 2323 -1 2 -1
442 1500 1573 1574 -1 1501 1506 1575 1576 -1 1509 -1 1577 1578 -1 420 -1
13758 5 -1 2 -1
3865 992 -1
21810 5 -1 2 -1 277 -1 6 -1 13271 -1 1955 6188 8848 14111 -1 2799 -1 204 -1 736 2851 -1
1464 2 3882 -1
10642 5 666 -1
1847 10 -1 5 217 1804 -1 1837 -1 355 -1
2815 1959 -1 1506 1508 -1 5558 -1
18273 10 269 602 -1 39 -1
13364 5 369 -1 8999 9029 -1
11950 5 -1
13202 68 6557 -1
18725 205 2353 9993 -1 1972 10863 -1
6002 10 -1 217 -1 5 -1 581 4691 8185 -1 154 8186 -1 2 147 -1
17029 12829 -1
3502 1652 -1 90 -1
1046 3330 -1
19952 5 13178 -1
3442 234 -1
14924 0 -1
19997 5 1613 -1
4444 5 290 -1
24659 68 -1 10 -1 0 -1 5 137 2037 -1 767 774 -1 3761 -1 2 14748 -1 811 4965 -1 8763 -1 61 1476 1477 3696 -1 63 -1 5553 -1 2368 8472 -1 723 -1
24069 3957 -1 469 498 -1
9832 4203 10021 -1
16939 835 12810 -1
2917 5 -1 1 54 -1
6951 5 -1 2 -1 8595 8596 -1
5923 8101 -1
14637 2 -1 1137 -1
21298 2 261 -1
19824 204 -1 1506 2353 3249 -1 2816 -1 76 -1
12336 10 26 -1
18085 5 -1 2 9173 -1
15211 0 72 -1
6285 10 -1
20297 0 5 63 -1
4767 1643 -1 693 -1 63 3637 -1
4096 292 -1 5 -1 2 1051 -1
7027 5 -1 1466 -1
20616 26 11808 -1
24529 10 26 -1 5 86 -1
5502 806 -1
17658 10 -1 3 -1 5 -1 2 137 -1
21592 10 -1 3 5 -1
5601 5 -1 293 -1
15055 4887 -1 870 1565 2017 3128 3887 -1 563 -1 676 -1 315 -1 677 2306 -1 1012 3771 6696 8035 10234 -1
15137 1428 7453 -1
22232 2 26 434 -1
6256 68 -1
829 5 503 1837 -1
10315 503 661 -1 135 -1 662 1100 -1
8789 0 -1
13825 82 277 -1 6 27 31 6046 7009 -1 9728 11489 -1
10316 5 10 -1 1 -1 2 -1
9342 5 -1
21986 10 -1 5 -1 1033 2127 -1 2974 5108 -1 525 1133 -1 526 -1 528 -1 1134 -1
23442 10 -1 8608 -1 0 5 159 217 313 -1 11193 -1 253 360 2029 -1 1682 1684 4719 -1 1685 -1
13478 10 -1 0 -1 2 5 5410 -1
11992 5 26 27 -1
15800 0 217 -1
18077 10 -1 5 -1 11642 -1
6703 824 -1
20986 10 -1 5 -1 772 -1
13211 2 508 -1 277 1480 -1
22186 5 -1 597 -1 4757 -1
18631 2 1768 7092 -1
17820 54 1828 -1 11 272 -1
10052 293 589 -1
8636 2 -1 135 -1
22608 489 -1 287 -1 5 14288 -1
7819 5 274 -1
14288 2 1077 -1
4289 265 -1
14484 2 -1
15188 10 -1
19385 5 -1 13521 -1
13428 2 5 -1
7019 1750 -1
5851 2 539 8075 -1
22323 26 -1
20107 3971 -1
3718 6113 6405 -1 277 503 -1 27 6406 -1 6 31 2847 -1 36 -1 1955 -1 204 4330 6407 -1
15714 2 -1 1507 12444 -1
17654 5 -1
2310 0 -1
6794 5 137 217 1142 3557 4137 5292 8529 8530 8531 -1 8532 -1 2 8265 -1 1148 3234 5248 -1 147 -1 481 674 2824 -1
1366 10 217 -1 3189 -1 147 767 3758 -1
19682 2 -1
10721 2092 -1 63 -1 1955 3898 -1
576 10 -1 5 1582 -1
18824 10 -1 53 -1
18089 1535 -1 746 -1 56 3515 -1 228 -1 363 1823 -1 24 581 763 1691 2376 -1 256 -1
12955 6 10 7264 -1
2374 5 -1
19557 4436 -1
17936 3287 11447 -1
2759 2 -1
7942 9079 -1
16976 10 -1 5 -1 1896 -1 20 -1
23530 466 -1
890 68 -1
23773 5 -1
2446 2 5 10 844 -1
10980 2 -1
13007 10 -1 26 -1 5 -1 2 10968 -1 289 -1
18502 2 5 -1
11865 10 -1
9722 5 1055 9990 -1
8782 293 5314 -1
21105 611 -1
24716 10 616 -1 5 536 -1
18892 5 -1
14327 5 10 -1 88 -1
3052 2 5 -1 63 -1
12725 1750 -1
3301 5 10 267 -1
13167 2 5 869 3216 -1
4597 85 86 -1
1063 669 -1
3733 5 10 68 -1 1884 -1 669 4801 -1
8696 0 -1
13577 5 -1
16526 5 -1
20453 0 -1
15317 26 -1 5 -1 2 63 -1
17330 2 5 -1
10 0 -1 2 24 -1
4895 76 -1 1613 3197 3971 -1
5981 2 8145 -1
3013 3 68 268 -1
1337 3745 -1
7071 10 685 1598 -1
12553 11034 -1
21622 144 -1 2 -1
3608 507 553 1161 1822 3356 4144 4584 -1 159 -1 26 2149 -1 217 -1 5 -1 341 -1 752 817 858 1602 3713 -1 55 346 1454 1536 -1 3361 3679 6331 -1 3664 -1 138 -1 295 2161 -1 352 -1 353 685 686 1538 1804 1836 -1 356 -1 153 -1 539 578 844 1533 -1 540 -1 1983 -1 220 253 360 1684 3456 -1 746 -1 2179 -1 1805 2034 -1 24 1691 -1 229 2376 -1 154 -1 230 767 2039 4059 -1 232 -1 366 -1 234 2872 -1 236 -1 513 -1 369 2272 -1 881 919 2273 5684 -1 370 649 773 3387 -1 6332 -1 1131 -1 89 520 -1 776 2189 2402 -1 280 968 -1 57 -1 971 -1 44 -1 1132 -1 1144 -1 1828 -1 2885 -1 3436 -1 11 -1 973 -1 237 238 372 -1 239 3761 -1 241 3393 -1 375 2180 -1 45 158 378 381 671 1920 2169 3369 3804 4627 5054 5626 5697 -1 2172 -1 242 705 2875 -1 5018 5392 -1 831 -1 13 557 2355 3375 3918 4965 -1 1558 -1 1715 -1 107 4320 -1 130 1717 1853 3787 4321 -1 714 953 -1 3123 6333 -1 962 -1 964 2944 4566 6334 6335 -1 6336 -1
22108 6916 -1
17289 217 -1 5 540 -1 247 1940 -1 2133 -1
2458 5265 -1
19679 8711 -1
6471 5 4593 -1
773 2 -1
2257 264 -1
13227 0 -1
21566 54 977 -1 2142 -1
1874 2 -1 451 -1
13431 287 -1 2 5 6670 -1
8575 2 54 -1
11906 217 10810 -1 992 3337 -1
1352 1 5 10 -1
4002 0 -1
14584 445 -1
9261 2 -1
20240 1595 8787 -1 2 -1
6263 8237 -1
2191 5 6 933 -1
24511 0 26 -1 5 -1
8134 5 -1
18432 746 -1
18115 5 13 3619 13147 -1 1742 6172 -1
9745 8310 -1
16419 2 6 277 1049 1555 -1
9487 5 10 152 204 1076 1512 1643 4227 6891 -1
4215 320 -1
3454 6199 -1 2 -1
5602 673 -1
22690 1837 -1 1643 -1 5931 -1
19533 13550 -1 137 -1
423 1213 1224 1235 -1 1246 1256 -1 1259 -1 1270 1281 1292 1303 1304 -1 1311 -1 1312 -1 1315 -1 1326 1337 -1 1054 1343 1344 -1 1345 -1 1346 1347 1348 1349 1350 1351 -1 1352 1353 -1 1354 -1 1355 1356 -1 1357 1358 -1 1359 1360 -1 1361 1362 1363 -1 1364 1365 1366 1367 1368 1369 1370 -1 1371 -1 1372 -1 1373 -1 1374 1375 1376 1377 -1
8968 10 -1 5 26 302 -1 54 82 1837 -1 2 -1
18470 2 -1 797 -1
14725 5 -1 293 -1 2 -1
24255 437 -1
20305 4861 -1 2837 -1 137 214 -1 20 -1 228 -1 363 -1 24 1473 3261 7968 10013 -1 8382 -1 583 -1 63 -1
11762 5 -1 89 877 1704 -1
3949 139 -1 6517 -1 1833 -1
7650 0 -1
10805 829 -1 13 -1 10401 -1 100 103 -1
10061 0 2 -1
20802 986 -1 2 54 72 -1
11418 589 -1
15656 0 3 5 268 -1
7131 534 -1
9476 2 -1
17303 5 10 -1
19326 26 -1 2 5 986 -1 6 -1 7421 7422 -1 1976 -1 1977 -1 210 -1 86 6040 -1
1732 76 204 445 -1
2123 0 -1 1 5 -1 55 -1 151 -1 511 -1 234 -1 89 627 1131 2132 -1
11722 2 5 10 445 848 -1
10767 5 10 -1 2 -1
18897 217 534 986 -1 5 -1 13347 -1 2 13348 -1
7296 2938 -1 5 -1
21900 5 10 2011 4959 -1 214 302 2840 4252 11889 14129 -1 1799 6157 6158 -1 2 -1
8057 9133 -1
24569 1437 -1 3 -1 27 -1 6 -1 31 -1 5851 5852 6046 -1 1933 4790 -1 36 -1 204 1495 -1 7974 -1 1506 3169 3170 3171 3172 7729 -1 2884 -1
19299 602 -1
13135 10 2080 -1 5 -1 2 -1
3632 1742 -1
6837 86 4237 -1
6242 26 -1
11428 135 -1
12206 2 54 253 -1 6 27 -1 2225 2371 -1 7587 8695 -1 3857 -1
21356 315 445 -1
21104 447 865 2228 10529 -1 466 13953 -1
19755 362 -1
10549 5 -1
3703 2 -1
19897 72 493 -1
15409 497 -1
2674 1671 -1 551 2330 5432 -1 4235 -1 6 204 1638 4073 -1 1051 -1 896 -1
3598 3 -1 848 -1
22006 14144 -1
24306 2 -1 5962 -1 63 -1
18857 1 -1 13343 -1
24055 10 -1 1568 -1 5 986 -1 2 297 344 3896 -1 3897 -1
14137 10 -1
13600 10189 -1 5 3542 -1
12647 2 -1
19631 10 2023 -1 5 313 -1 293 -1
17521 7798 -1
16748 10 -1 5 39 664 -1 2 -1 669 -1
3533 10 26 -1 39 -1 5 -1 214 1843 -1 1747 -1 2 6 204 264 377 1048 6253 -1 1959 4394 -1 6250 -1
7313 2 53 -1
3558 268 -1 10 -1
18844 554 -1
4079 5 -1 2 -1
16215 0 5 2998 3089 -1 5644 -1 54 1750 -1
15044 10 -1
2035 5 -1
18550 10 -1 3346 -1 0 5 217 1682 -1 82 254 3933 13273 -1
19461 0 1 5 10 302 7944 12570 -1 6298 -1 2046 -1
1522 769 1599 -1 258 1600 -1 157 368 -1
5880 2 358 1613 -1
2001 0 54 -1
3309 2 -1
834 3 10 -1
4118 10 1870 -1 0 5 2246 -1 818 -1 544 5860 -1 2834 6619 -1 214 -1 1131 -1 139 519 1826 -1
6004 5 -1 3804 -1
20565 426 1719 3973 5808 -1 445 5114 -1 4217 -1 449 -1 450 584 -1 1729 4224 -1 1022 -1
17442 2 4624 4726 -1 1671 2057 -1 277 -1
4770 2008 -1
23228 2 2341 -1
3498 5 -1 6222 -1
23376 5 -1
19551 2 487 9678 13556 -1
5210 2 -1
18012 10 -1 0 5 -1 151 -1 2 -1
13708 6097 -1
15603 6467 10873 -1
19456 3205 -1 63 422 2876 3375 -1
11342 10573 -1
18250 433 -1
22548 14278 -1
22502 2 -1
11216 5 10 -1
8258 10 -1 2 5 -1
22350 1647 3456 -1 2951 5683 -1 2271 -1 515 -1 517 -1
21865 5 -1
9988 7224 -1
22092 772 -1 2 -1
21205 483 -1 1 5 -1
17044 0 139 553 -1 2 82 -1
20148 10 26 -1 5 -1
17565 5 295 -1
9388 5095 -1
18 2 -1
1401 3782 -1
14765 5 10 26 137 -1 2 6 3350 6086 -1
10046 10 3512 4146 4654 -1 7772 -1 39 656 2022 -1
6394 2 10 8335 -1
12452 86 -1
10519 2 -1
23814 5 -1 4009 -1
19641 134 -1 147 -1
22135 10 -1
9873 3 2993 -1
9530 8548 -1
23050 5 10 1465 -1 82 -1
2352 2108 -1 10 487 -1 5 -1
6608 10 -1
7374 208 8815 -1
17825 10 647 -1
13975 10 -1 0 -1 2085 -1 39 -1 5 313 658 1753 -1 24 355 363 3196 -1 229 511 581 -1 1695 -1 1630 -1 235 -1 89 -1 841 4449 11529 -1 3740 -1 2 -1 76 289 2302 -1
5176 2 5 -1
6906 736 -1
19693 0 -1
12397 5 -1
16917 10 26 -1 5 -1 12785 -1 1 137 -1 1143 -1 82 1472 -1 7055 8360 -1 5552 6238 -1 63 711 2408 -1 6 -1 5118 8806 12786 12787 12788 12789 -1 8443 8807 -1 5555 -1 12790 -1 404 11329 12791 12792 -1 405 -1 406 407 -1 408 11708 -1 9569 12793 -1 206 8810 -1 8811 -1 12794 -1 6424 12795 12796 12797 12798 -1 2855 -1 418 -1
14937 10 -1
18420 5 10 54 63 -1
334 10 -1 5 55 -1 258 509 772 1032 1033 1034 -1 2 -1 707 -1 127 -1 467 1035 1036 -1
24649 14745 -1
4833 5 -1
7212 5 -1
22200 5 -1
4993 2 5 6 217 -1
13485 998 -1
23709 2 -1
20371 926 -1
20046 0 10 -1
21855 5 677 915 -1 8035 -1 3771 -1
18704 135 305 -1
20561 2 -1
20772 5 -1
10690 0 5 10 -1
1222 63 124 2056 3612 -1 423 -1 3613 -1
78 13 -1
1268 3140 -1 869 3658 -1 3659 -1
8667 0 5 -1
993 666 -1 315 491 3254 -1 1816 -1
1619 10 268 -1 5 -1 54 -1 4035 -1
15193 5 -1 2 11923 -1 445 472 -1
6494 8404 -1 481 -1
7418 5 -1
9105 5 10 -1
14954 1051 -1 2299 -1 896 10072 11861 -1 5451 -1 211 5452 -1 1612 5457 11862 -1 8169 -1
11147 1 -1
24120 506 3155 3242 3948 -1 3 10 268 794 -1 0 5 217 -1 555 -1 54 -1 228 253 363 746 -1
9528 1 2 5 10 9746 -1
3848 2 -1
13937 5564 -1
4432 10 -1
9230 0 9809 -1 583 -1
4881 452 -1
24857 10 -1 5 -1
144 5 261 -1
10782 10 -1 313 -1 987 1181 -1 5 -1
9319 0 -1
2836 2 5 293 -1
16271 1087 1088 1089 -1 1090 -1 1091 1092 -1 210 1093 1094 1095 1096 1977 12604 -1 9937 -1 86 -1
5212 0 -1
2937 2 5798 -1
6116 2 5 10 24 -1
13693 0 2 10 -1
24639 10 -1 2 5 -1
5356 76 632 -1
22898 5231 -1
9264 0 -1 5 4320 9816 -1 63 643 -1
19209 2 63 -1
18254 5 54 5057 13183 -1
5715 2 -1
5449 3 54 7756 -1
19735 0 10 -1
18091 5 10 -1 2 520 -1
14177 2 5 277 -1
23580 1272 1273 -1 1274 -1
24211 68 -1 3089 -1
5534 10 -1 5 26 -1 82 -1 277 3420 -1
20742 860 -1
9506 611 -1
9141 0 5 -1
10680 0 5 -1 4877 -1
20400 2 -1
3589 5 10 217 -1
5429 344 -1
7640 70 76 272 786 -1
12702 2066 2095 3959 -1
17344 5002 -1 2 3 5 10 151 -1 315 -1
6766 5 217 -1 228 305 355 758 -1 437 -1
8531 2 -1 6766 9435 -1 291 1730 -1
6755 0 26 -1 20 217 685 4708 -1 357 1124 7490 -1 5626 6562 -1 45 378 2212 -1 2 -1 4951 6970 7544 -1 7184 -1 1762 -1 6 397 1763 -1 398 399 -1 3921 -1 1154 -1 878 1578 1774 -1 2862 -1 147 941 -1
5886 8092 -1
14381 466 -1
5973 54 -1 48 204 2848 -1
13178 54 -1
6603 8462 -1
5386 2 -1
22713 217 1179 -1 2 5 5219 -1 315 -1
3198 10 -1
13302 5 268 2185 -1
22964 45 -1 378 2284 4766 -1 63 3954 -1 3466 -1 70 5407 -1 76 422 -1 661 -1
11760 2894 -1
21106 5 655 899 -1 2 137 -1 8746 -1
4572 487 -1
3151 2 5 289 -1
10635 2 -1
1363 2 5 -1
9597 3 144 -1
4629 5 144 -1 3693 -1 1480 -1
1589 2 2800 -1
17617 5578 -1
13051 318 5975 -1 147 320 3377 -1 666 4570 -1
11999 10 -1 3000 -1 5 39 -1
2021 54 -1
20834 5 -1
20002 54 72 -1
14549 10 -1
19909 68 2101 2205 3154 -1 268 1161 3240 3443 -1 26 -1 0 5 39 217 -1 4194 -1 343 -1 1456 -1 2161 -1 1642 -1 544 -1 297 300 302 -1 1143 2044 5253 7809 -1 367 2435 -1 3134 3627 4309 -1 12 3436 -1 372 -1 1043 9917 -1 3430 -1 2886 -1 863 -1 1468 -1 240 688 3392 3761 -1 2133 3393 -1 841 2134 6161 8064 -1 3718 -1 305 -1 6405 11294 -1 503 695 806 2050 2191 4368 13219 -1 2093 4007 -1 2 -1 13637 -1 167 9244 -1 170 2477 -1 171 175 2507 -1 176 177 -1 2513 -1 2517 -1 2521 -1 2528 -1 2543 2544 -1 2557 -1 183 2558 2583 2594 -1
886 5 -1
23263 5 -1
7762 3 10 68 -1
2003 152 -1 4576 -1 1764 -1 844 1118 -1 761 3117 -1 1119 -1 539 603 1534 3332 4671 -1 229 799 -1 511 767 2376 -1 1693 -1 230 -1 687 1599 1627 -1 231 -1 3646 -1 157 1706 -1 2951 -1 368 -1 1864 3119 3457 -1 233 234 1708 3186 -1 235 -1 1651 2952 4672 4673 -1 775 -1 1131 -1 139 371 519 1826 -1 89 -1 520 521 1755 -1 140 141 776 4674 4675 -1
9357 5 4207 4675 -1
20221 0 -1 2 -1
21975 3 -1 151 2249 -1
19731 4596 13593 -1
9991 5 -1
23976 322 -1
4354 5 10 -1
406 2 -1
12150 1304 -1 1350 -1 1361 -1 1428 -1 321 -1 1429 -1 1430 -1 1433 -1 1434 -1 1435 1436 -1 3863 -1 3776 -1 281 2108 2109 2110 2111 2112 2113 2114 2115 3864 3865 3866 3867 5943 -1 10 -1 0 -1 217 -1
5317 5 7585 -1
5524 621 -1
17271 2 3138 -1 12890 -1
5334 5 -1 7603 -1
4826 1058 7247 -1
3033 77 252 -1 513 1807 -1 3735 -1 89 305 520 2071 2437 -1 524 1920 -1 2282 -1 527 -1 2191 2283 -1 82 -1 63 2366 -1 5861 -1 3813 -1 6 48 277 2395 3169 3170 -1
14620 338 -1 2 10 1654 -1
24017 5 -1 5478 -1
14650 10 -1
12113 10 -1 5 5593 -1
13367 245 -1
441 72 -1
14169 68 -1 10 -1 3 -1
7597 6 277 -1
8223 245 2080 -1
12762 5 17 -1
24792 0 89 204 -1
15870 5 293 -1
4511 5 -1 6813 -1
14295 13 -1
17429 1117 -1
22662 0 -1 5 -1
11583 2 -1
10743 10 -1
1359 1643 -1 3753 -1
20262 3 -1
1011 2 5 -1
9472 39 -1 5 1750 -1
7437 10 -1 26 -1 0 -1 313 -1 2 5 54 8841 -1 2330 -1 933 -1
14884 2447 11836 -1 437 1610 6300 7120 8897 9396 10912 -1
10099 26 -1 0 -1 2 5 -1 184 -1 2768 -1 8933 -1 10126 -1 8934 -1 10127 -1 191 6872 -1 203 -1 6 -1
19506 3 5 -1
8727 8631 -1
19333 5 793 946 1024 5872 -1
10960 0 -1
18211 1018 -1 6 27 5238 8916 13169 -1 399 -1
23881 5 632 -1 661 -1
5390 4832 4833 4834 4835 5091 5092 -1 4836 -1 4837 4838 -1 1183 5100 -1 1184 -1 1185 1186 1187 -1 1188 -1 1189 1190 -1 1191 -1 1192 -1 1193 -1 1194 1195 1196 1197 1198 1199 -1 1200 1201 -1 1439 -1 1440 -1 1441 -1 1442 -1 1443 1444 -1 1445 -1 1446 1447 1448 1449 -1
10235 10 -1 5 -1
531 5 -1
18380 252 -1 1686 -1 511 1704 -1 597 1629 1706 -1
9742 0 -1
19345 2816 -1 13509 -1
2201 2 5 10 -1
7852 1224 -1 1235 -1 1246 -1 1256 1259 -1 1270 -1 1281 -1
24027 2 3511 -1
9394 5 1017 -1
13197 2 11275 -1
1243 915 -1
1456 5 -1
23777 2407 6277 -1
2906 398 399 -1 208 209 1139 1654 3973 -1 675 2144 -1 838 1169 3956 -1 5330 -1
22697 1 5 -1 214 -1
24741 3 -1 2 -1 2821 -1
9182 1706 -1 89 366 -1 2 5248 5592 7044 7049 9792 9793 -1 3317 6485 7052 -1
19976 13672 -1 1762 -1 6 -1 569 -1 399 1763 -1 672 5401 6159 7572 -1 6129 -1 10797 -1 894 896 12007 -1 1578 -1 86 2862 6912 -1
16356 1771 -1
12255 3419 8236 -1 97 98 101 103 104 396 1715 -1 108 1659 1743 -1 851 -1 561 -1 2937 -1
7851 10 -1 5 493 666 1017 -1
529 6 -1
18926 10 68 639 -1 1 5 26 4025 -1 230 1112 -1 6 -1 2846 -1
17504 137 -1
6033 2 -1
18197 0 10 -1
21374 2 5 10 -1
114 26 547 -1
11971 0 5 90 3418 -1
20765 1750 -1
1948 5 -1 511 1455 4154 -1 3222 -1 1609 3229 -1 2 -1
9115 0 -1 2 -1
1900 4553 -1
6648 10 313 -1 2 5 293 4628 -1 3150 -1
1025 3 -1
17630 2 -1
2661 54 -1
22618 68 -1 14290 -1
3547 10 -1 5 217 604 6264 -1
13822 2 -1
1913 10 -1 5 3446 -1
2469 3 10 -1 5 1563 -1 2402 -1 3321 -1 293 2012 3452 -1 2 -1 493 3834 -1 3958 -1
892 10 -1
16996 0 -1
18933 10 -1 5 -1 2951 -1 1651 4672 -1 2271 6135 -1
6813 2 -1
24718 2 14761 -1
2485 5 10 -1 2 728 -1 2017 -1
19437 3825 -1 5 -1
4551 5 -1
17228 10 337 -1 5 12674 -1
1103 10 -1
20814 5 -1
19829 0 10 848 -1 5 217 3944 -1 782 828 1024 -1 2 -1
24170 5 991 6319 -1
9051 4901 -1
12910 992 -1
4715 3619 6309 -1
14792 661 2866 -1
12439 10 68 -1 3 5 -1
3158 5 -1 2 -1
21030 4425 -1 0 -1
2206 265 469 2825 -1
6251 6 -1
1177 320 2142 -1
15760 2080 -1
4040 5 6573 -1
21244 2 -1
7990 217 -1 5 -1
16297 930 -1 377 1018 2872 9928 -1 3229 -1
19059 1778 -1 5 -1 3514 -1 2 -1 3054 -1
18331 5183 5896 8337 -1 13211 -1 3249 3925 -1 205 5929 8156 -1 2816 3926 4404 5900 11693 -1 13212 -1 4408 -1
13808 0 -1
1010 72 -1
11675 6 76 3472 4506 -1 1140 -1
21607 54 834 14074 -1
7624 10 -1
11656 7351 10721 10722 -1 5558 5894 7352 -1
17069 903 1048 -1 264 -1 6 27 2330 -1 31 50 7980 -1
15920 12498 -1
22828 816 -1 10 3155 -1 0 39 639 -1 658 -1 2 5 137 2009 6280 -1 6563 14325 -1
17967 2 -1 2415 2540 -1
12599 5 10 26 -1 137 1600 11069 -1 1601 -1 258 2071 -1 2 277 397 -1 6 -1 398 -1 1833 -1
18360 5 -1
23046 63 -1
19854 457 743 -1 2017 -1
11681 2 3410 -1
4244 2191 2871 -1
24498 5 10 758 -1
17676 2 5 277 -1
20897 2 5720 -1
2720 5 -1 3668 -1
23109 10 -1 2 -1
3338 10 1778 -1
12689 0 986 -1
18358 13222 -1 355 685 686 2069 3196 -1 117 378 503 9759 -1
5496 313 665 765 -1 1856 -1 2 293 305 -1
6078 35 1933 -1 1977 -1
13200 2 1643 -1
2308 45 5164 -1 2 147 272 293 3987 -1 315 -1
6007 217 -1 5 -1 771 775 -1 89 1131 -1 141 -1 2 -1
11639 10 -1
20886 13911 -1
17293 7699 -1 1051 -1
16011 10 292 -1 5 -1 2189 -1 5848 -1 445 -1
11614 2 10676 -1
8932 9669 -1
24190 289 431 735 5999 -1 10783 -1
18414 973 3436 4615 -1 45 237 1530 -1 378 2213 -1 2 695 2159 3140 3453 -1 937 6280 -1 76 3488 4320 -1 289 530 -1
15528 2 -1
1435 5 -1 3837 -1
16961 3 10 -1 0 39 -1
21177 5 -1 5904 -1
9006 2 -1
12314 0 -1 54 293 -1
16921 68 -1 323 -1 330 -1 331 -1 337 338 -1 10 26 -1
7172 302 -1 685 1064 1643 -1 258 356 823 -1 2951 -1
8719 2 1695 -1
3847 5 1038 -1 6466 -1
22100 4881 -1
16178 6 -1
10976 615 647 -1
4203 217 -1 513 -1
833 2 3 5 647 -1 2948 -1
8246 3 620 -1
9411 2 4823 -1
6828 10 -1
7355 10 2984 -1
18076 54 293 1040 1769 -1
23478 87 5578 -1
1799 2 4426 -1
14440 5 6158 11684 -1 2 -1
1202 0 5 10 26 -1 3596 -1 2 -1
3557 0 2 2921 -1
3483 229 1864 2951 5674 -1 513 1463 -1
21199 5 -1
8937 2144 -1 315 -1
20129 3 5 -1 2 54 -1
587 0 -1 151 1940 -1 1024 -1
11240 205 -1
9030 10 26 -1 0 5 -1
10586 84 85 896 10339 -1 1977 3422 -1 1867 -1 1938 -1
22140 5 54 -1
7829 5 10 -1
2337 5 -1
22351 10 -1 5 -1
20798 10 639 986 -1 0 5 217 -1 1 137 302 682 -1 82 232 377 -1
10181 2072 -1
12644 445 -1
10297 5 1678 5726 -1 2 -1
7795 2 9002 -1
23243 217 -1 5 -1 7396 -1 247 -1 2 -1
5694 2 -1
7692 10 26 -1
1762 245 -1
3573 55 4549 6305 -1 378 -1
9059 2 -1
6280 2 5 137 -1 76 -1
21208 816 -1 10 -1 26 -1 0 -1 5 -1 1807 5054 -1 546 3369 -1 6 27 31 1955 2394 11095 13979 -1 49 204 1057 -1
16101 0 2 12559 -1
9632 10 898 -1 5 26 5104 -1
19985 3111 -1
21560 0 5 -1
21032 3603 -1 3418 -1 1062 -1
8315 2 5 6614 -1
397 1176 -1 2 54 1177 -1
11676 10 -1
22648 137 -1 1064 1540 1543 1544 6521 -1 10744 -1 888 1554 -1 630 -1 631 -1
19556 0 217 -1
17821 1876 -1 13051 -1 1 82 277 1454 -1 6 50 -1
15517 4549 4965 -1
22788 14319 -1
19767 2 5 10 892 13603 -1
5398 7740 -1
11770 10 -1 0 -1 5 1167 -1 630 1555 3503 -1 360 578 1682 -1 1806 -1 929 1112 -1 2 6 258 881 4734 10754 -1 320 7580 -1
5876 5 10 -1
2258 10 -1 5 -1
22994 5 2011 -1
20222 10 -1 2 5 661 -1
13754 10 -1 5 -1
1672 10 -1 5 -1
