2500
21777 1165 2159 3227 -1
22182 3314 -1
10614 5 -1
19147 0 9797 -1
18732 81 4425 13320 -1
339 1042 -1
24341 5 -1
18224 54 -1 5047 -1
4902 5 10 -1
7438 2 5 256 -1
13152 5 -1 2 -1
17954 2080 -1 217 -1
2926 2 -1
19746 2 -1 979 1035 2415 -1 166 -1 2466 -1 2471 -1 168 2485 2584 8870 9107 9108 -1
2907 5 10 217 -1
5389 54 1750 -1 2 -1
22211 0 5 217 489 -1 254 992 -1 236 -1 2158 -1
10915 26 -1
24420 3880 3896 7572 -1 1954 -1 1955 8937 -1 10140 -1 14691 -1 11108 14692 14693 -1 5911 13204 14694 -1 3277 -1 49 2803 2849 11254 -1 2850 3921 -1 6875 -1 204 2807 -1 2851 5079 7497 -1
5148 7501 -1
6893 293 -1
2018 0 -1
15 2 5 51 -1
4204 147 -1
13288 431 3317 5251 -1
8099 5 1056 -1 302 -1
15037 5091 -1 4830 5092 -1 4832 4833 4834 4835 -1 4836 -1 4838 -1 4839 4840 -1 0 10 5100 -1 5 55 217 900 -1 89 -1 521 2402 -1 11 597 -1 2447 4760 9240 11086 -1
2727 5 10 -1 2 305 1010 5242 5474 -1
11839 160 2984 -1 1 2 -1
19574 0 2 5 1940 -1
24429 76 1645 2897 -1 562 4601 -1
18389 2 5 -1
17323 378 -1 12921 -1
14611 10 -1
19974 2 -1
21724 5 10 -1
23163 5 -1
3957 1506 3909 6523 -1 736 -1
2635 0 -1
2594 2 -1
21525 20 54 -1 76 -1
24936 10 -1 5 39 137 -1
24588 2 -1 12765 -1
7127 268 -1 0 10 -1 160 -1
14415 0 10 245 -1 5 -1 1017 -1 1023 -1 2 -1 13 -1 110 -1 4631 -1
15648 2 5 -1
20018 1977 9567 -1 2312 -1
1314 5 1170 -1
15105 2 5 -1
8783 0 -1 5 -1 2 -1
20176 2299 -1 6827 -1 896 -1 86 210 1022 -1
6167 5 -1 2 -1 204 -1
1315 5 217 -1 3496 -1
11842 2 879 -1
1047 3333 -1
8273 2 -1 9322 -1
12467 469 473 1006 -1
24151 38 -1 10 -1 986 3356 -1 0 -1 160 656 -1 657 -1 39 658 659 -1 4014 7973 -1 5 341 660 664 3455 -1 3257 3359 3714 -1 137 545 -1
790 5 10 -1
4841 5 -1 2 -1 421 -1
21102 1 799 -1 2 -1
13169 2 1001 -1
6799 630 1809 -1 503 -1
18204 927 1833 -1
17487 1706 -1
23513 2 -1
9215 10 -1 0 -1 5 -1 2 -1
20789 217 -1 5 313 -1 54 137 1769 -1 253 521 -1
14249 2 5 11611 -1
1158 2 -1
22450 2 -1
4235 669 3344 6685 6686 -1
435 0 -1 5 -1
16040 5 10 -1 17 -1 2 -1 70 998 999 -1
10024 147 -1 437 454 -1
3571 559 -1 1717 -1 124 3808 -1 6301 -1 3459 -1 1061 1718 -1 129 130 131 953 2056 3787 -1 134 530 562 814 2411 3973 6302 -1
10903 0 10 -1
3317 915 -1 870 -1 6091 -1 315 677 2306 6092 -1
1221 10 -1 5 -1
14017 10 -1
23243 147 -1
17876 2 82 -1
8614 2 -1
1643 5 -1
3121 0 10 -1 5 1488 -1
7024 10 -1 16 -1 5 1887 4164 8645 -1
19294 6 1578 -1
21599 5 -1
15325 216 -1
11235 5 -1 666 -1
7353 5 10 -1
14804 5 611 -1 2 -1
15605 5 -1 2 6 -1
7323 8783 -1 2 -1
13922 4653 -1 10 -1
9403 3 -1
13796 0 217 -1 5 137 -1 511 -1 1693 1695 1697 -1 1626 1627 1698 1699 1701 1702 1704 -1 1630 -1
3413 647 -1
16672 0 3 137 -1 992 -1 135 -1
19173 472 926 -1
2678 3559 -1
17917 0 -1 5 -1 2 -1 13073 -1
5580 1092 -1 147 -1 72 786 -1
10731 264 -1
124 569 -1
21055 377 -1
23320 0 5 10 -1 137 1708 11258 -1
3071 2275 -1 775 1029 2276 4673 -1 1131 -1 371 -1 44 57 777 -1 2 669 973 2363 3436 -1
19677 2 -1 315 -1
8776 9618 -1
18125 0 -1
6867 5 -1
5989 10 -1 5 572 -1
19642 6812 -1
13457 369 4672 -1 1651 4732 -1 2952 -1 2271 11359 -1
24374 0 442 932 14677 -1
11644 6 84 896 -1 85 1155 -1 87 4661 6168 -1
5129 6 264 -1
13225 5 71 -1
1447 10 -1 5 137 3847 -1
5628 6 -1
18259 2 -1
14997 5 -1
15863 5 217 -1
13691 54 -1
6509 5 -1 1 -1
23799 2 -1
942 0 5 -1 2 736 3178 -1
786 54 489 740 -1
15285 2 82 -1
4394 637 -1
13893 484 -1
5997 6585 6718 -1 2307 -1 0 269 8181 -1
23071 10 -1 0 5 360 547 1121 1125 1687 9142 -1 649 772 2127 -1 1034 2128 -1
17538 10 -1 26 -1 0 5 -1 1 -1 277 293 1929 -1
24833 10 54 -1
21111 26 -1
10721 48 -1 49 2849 -1 204 3921 -1 1051 1957 1959 2231 3907 5928 -1 2233 4353 5929 -1 2227 -1 3330 -1
18506 4 3588 -1
13078 63 -1
15295 63 1036 -1 2981 -1 134 567 2309 -1
20711 2 -1
18433 10 -1
12017 0 -1 2 -1
23186 323 -1 328 329 -1 330 -1 331 -1 332 333 -1 337 -1 0 5 10 338 -1 77 1457 -1 3256 -1
2077 85 -1
17628 2 5 10 927 2368 -1
4994 63 -1
2719 5471 -1
13447 2 5 6 -1 421 -1
2118 10 -1
14602 267 -1 5 10 -1 55 -1 511 -1 135 735 -1 4045 11729 -1 6716 -1
2514 553 -1 0 10 217 -1 2023 -1 5 313 1181 -1 1 302 -1
8009 2 9115 -1 725 -1
17016 11334 -1
18946 1523 4804 -1 10 -1 0 26 217 655 986 -1 39 313 -1 5 3664 9655 11504 -1 1990 3482 4549 -1 13377 -1 137 214 360 2842 -1 1688 -1 3457 -1 233 5308 5684 -1 919 1807 -1 515 883 2275 3606 -1 13378 -1 3337 6018 -1 272 -1 13379 -1 13380 13381 -1 6 277 1137 3880 4049 -1 2848 -1 48 -1 1494 10365 -1 3280 -1 6833 -1 3282 -1 3904 -1 1495 12410 -1 204 -1
9056 0 10 -1 5 -1 20 4691 -1 361 762 -1 362 581 767 775 9716 -1 8576 -1 134 9717 -1 4596 -1 4597 -1 6566 -1 23 1725 -1
12255 3084 6007 -1
15174 3 -1 217 -1
11411 5 -1
5889 84 7872 -1 2299 -1 85 896 -1
4374 2 1604 -1
14473 2 736 -1
13280 834 -1
10489 217 -1 5 -1 2206 -1 859 -1 1 4174 5393 -1 503 1904 1944 -1 5627 -1 82 -1 2 -1 27 277 -1 6 31 -1 3421 4790 -1 8141 -1 10307 -1 84 -1 3551 -1
13736 63 -1
21393 1437 -1 3 -1
18243 13180 -1
2187 10 -1 5 -1
5744 2 -1
21745 2 -1
18566 2 5 362 2246 -1 2195 6975 -1
795 616 -1
9361 2 5 10 714 4951 -1 134 9858 -1
22514 3002 -1 0 7713 -1
5682 3 -1 3355 -1 2 54 -1 6 -1
714 5 6 27 2313 -1 2225 -1
19560 3 -1 26 -1 5 -1 4414 7575 10338 -1 86 211 -1
10238 10210 -1
24353 399 1833 5576 -1 31 -1 2799 -1
7302 2 5 -1
4571 1140 -1
8455 54 9410 -1
9814 489 -1 2 -1 3492 -1
3947 134 291 3915 -1
23280 343 1768 1769 -1 1460 -1 63 -1
505 5 687 -1 1750 1751 -1
23422 1439 -1 1440 -1
15635 10 -1
8431 10 -1
8732 2 10 6403 -1 9595 -1
15892 2 3 -1
17722 72 -1
7229 5 -1
1487 10 26 -1 0 5 1143 -1 6 2220 -1 3271 3272 -1 315 -1
14310 5 -1
11379 5 10 -1
24440 2 3131 -1
2536 5126 -1 988 1454 3755 3790 4203 5324 -1 295 -1 137 -1 1540 -1 1064 1543 1544 -1 24 631 -1 2037 -1 154 256 364 1856 2376 -1 1599 2044 -1 513 -1 1033 1516 -1 2820 -1
7028 0 3 -1
14412 1495 1496 -1 1498 -1 204 6159 -1 1502 -1 275 1506 -1 1154 -1 896 -1 2312 -1 86 -1
22622 486 -1 0 5 -1 746 -1 257 -1 2 293 -1 736 1655 -1
22558 1484 -1
17202 5 -1
18332 3 -1 5 -1 13213 -1 2 -1
17509 10 -1
24395 5 -1 2 -1
15120 217 -1 5 55 346 1033 -1 503 1651 -1 5641 -1 377 5921 7278 -1 1569 7823 -1 387 3846 11898 -1
1203 0 3598 -1
10042 147 -1
17590 2008 -1
23779 2 -1
350 1058 -1 5 -1
1505 5 -1
20600 144 848 13844 -1
17700 10 -1 5 313 1181 -1
1606 0 -1
12887 10 -1 489 3355 -1 0 5 -1 42 -1
1993 3 10 -1 2 5 3715 -1
3566 2 85 90 -1
23223 5 90 302 -1
10221 5564 -1
15189 489 6709 -1 5 3542 -1 685 943 -1 20 219 844 -1 1680 -1 253 357 2176 -1 89 232 256 367 826 995 1809 -1
3612 3181 -1
3633 10 -1
11628 6183 -1
168 0 54 622 -1
3143 5 -1
1660 10 -1 5 4081 -1 204 -1 133 -1
14255 11 13 421 -1
20641 13852 -1
20052 2894 -1 0 -1
20769 10 -1
23251 2 -1 810 14440 -1
11539 497 -1
19188 2 5 10 315 572 -1
2821 937 5563 -1
9211 5 54 -1 137 -1 2 -1
23725 4067 -1
4991 1519 -1 814 7397 -1 76 -1 737 -1 147 666 1140 -1
8045 1 1017 -1 214 -1 137 1538 -1 379 1043 3594 -1 4310 -1
18699 10 -1 5 217 -1 137 -1 521 888 2067 3436 -1 2 13 973 -1
7262 360 -1 1687 -1
12974 5 -1 54 4536 -1
22440 5891 -1
16127 3 -1 2 -1
266 5 -1
9196 5 -1 9801 -1
12569 229 1692 2039 -1 231 232 511 -1 366 -1 2872 -1 1862 2951 -1 1863 1864 -1 2269 -1 234 1463 3186 -1 235 825 4730 -1 369 1651 2952 -1 771 -1 2953 -1 2071 -1 649 -1 2121 2122 2124 3387 -1 1465 -1 2125 2126 2127 -1 370 774 2128 2129 -1 490 826 1131 1809 -1 371 519 520 4506 -1 776 2189 -1 239 259 863 1652 -1 261 262 3347 -1 1609 3803 -1 2406 -1 2355 -1 13 -1 7117 -1 97 627 8236 -1 98 -1 100 396 -1 101 102 1558 -1 103 104 1715 -1 3612 -1 108 -1 111 -1 114 117 -1 121 124 1070 1659 1716 -1 950 -1 3084 -1 126 5316 -1 2056 -1 63 129 -1 9274 -1 5325 -1 736 865 1076 -1 147 6590 -1 491 2143 2966 -1 1182 -1 2195 -1 838 870 2017 3130 -1
12877 3 313 1058 -1 5 3714 3715 -1 3251 -1 137 214 -1 1540 -1
16609 216 217 -1
14565 2 6 878 1036 2846 -1
12422 530 -1
23999 437 3956 6164 -1
20054 2 -1
8383 10 -1 5 1854 2093 9375 -1
24911 2 -1
23299 5 26 -1 1771 -1 6 478 5511 6028 6375 9345 10855 -1 275 889 896 4792 6029 -1
13312 3 -1 3000 -1 5 642 -1 2 76 -1
18915 0 10 -1
21940 10 1568 -1 5 26 -1 2 -1
894 5 422 -1
996 3255 -1
12904 2 -1 9993 -1
6747 2 -1 4397 -1
1994 4658 -1
12413 5 10 2894 -1 457 -1
19896 10 -1 2 5 -1
15766 90 6000 6134 -1
5141 1957 -1 1959 7497 -1 2851 6159 -1 205 3925 5183 -1 5929 -1 2816 -1 5900 -1
22717 3 3825 -1
13982 54 998 10473 -1
11747 5 -1
7968 9091 -1
2068 837 -1
23384 2 5 214 5925 -1
22262 3 151 -1
22594 3 -1
24760 2 -1
18316 38 -1 10 -1 5 2315 5850 -1 3970 -1 6655 -1 306 -1
15163 673 1154 1774 2845 6461 -1 878 2862 -1 2230 -1
6846 76 -1
23728 673 2816 5900 -1 3926 9094 -1 84 85 -1 8023 12617 14519 14520 -1 1089 1090 -1
9007 5 3089 -1 1 77 538 9686 -1
9866 5 -1 1006 -1
7815 776 1750 -1 2 -1
12328 3 -1
19211 586 -1 436 -1 437 439 442 444 445 446 450 2427 4780 -1
19795 5 -1
22468 315 -1
24734 362 -1
17564 7469 -1
22112 2 676 -1
22133 3451 -1
4380 217 -1 2 5 883 2367 -1 147 -1
5727 8026 -1 2 -1
14520 214 -1
12487 941 1979 -1
12804 2 -1
9459 10 2018 -1 5 -1 5561 6768 -1
2740 1013 5478 -1
22356 0 5 10 -1 137 -1 2 13845 -1
7106 2 7834 7901 -1
1950 5 26 -1 597 -1 11 -1 973 -1 2 -1
6575 151 -1 3659 -1
6658 2125 2127 -1 524 1034 -1 525 1133 1517 -1
7607 147 -1
2839 2865 -1 5579 -1 4237 -1
4252 5 -1
5292 5 10 -1 2816 -1
20435 3197 4086 -1
22438 1 -1
12522 5 10 -1 11020 -1 229 -1
4254 3181 -1
3233 2 -1
8876 1613 -1
5939 217 647 -1
6677 5 10 -1
16985 5 -1
24517 10 -1 0 5 -1
13031 2185 -1
2987 1474 -1 63 147 -1
3662 5 26 647 -1 2 -1
5098 5 -1
1847 20 686 844 862 -1
13508 5 -1
20892 1 -1
6219 5 -1 2 2211 -1
15188 63 445 589 -1
18162 320 2242 13157 -1
12412 2 -1
6949 5 10 -1
13514 0 245 -1
104 505 -1 506 -1 10 507 508 -1 0 -1 5 -1 151 -1 509 510 -1 295 511 -1 258 512 -1 513 -1 514 515 516 517 -1 518 519 -1
3714 68 -1 10 -1 5 217 -1 341 -1
6507 2 -1
22837 2 -1
759 2363 -1 2364 2365 2366 -1 2367 -1 1611 1670 -1 2368 -1 2369 -1 6 27 2370 2371 -1 2225 -1 31 48 -1
22944 4893 -1
11213 489 -1 639 1636 -1
4662 639 -1 2 -1
11883 4 -1 5 6 -1
22393 5 26 -1
19790 10 -1 5 26 43 -1 82 86 3857 -1 315 1979 -1
11852 5 -1 54 -1
2850 5 3185 -1 88 5615 5616 -1
12671 828 -1
13268 5 -1 1 -1 2 137 -1 1783 -1
12678 2 -1
23057 2246 -1
20676 10 63 -1
23581 11227 -1
20041 68 -1 10 -1 26 611 -1 0 -1 5 214 -1 246 -1 137 -1 13684 -1 13 -1 6 204 1506 3700 -1 1576 -1 13685 -1 9374 13686 -1 5204 -1
4066 1 151 -1
5162 147 -1
20433 5 3110 -1 55 -1 3385 -1 1806 -1 70 367 1036 1600 1862 -1
21001 2 533 -1
18183 2 -1
10785 3480 -1
514 3 5 10 287 -1
17441 0 268 -1
16658 5 10 -1 540 -1 2 822 -1 12725 -1
21742 1905 14096 -1 10163 -1
12496 2 -1
14181 229 370 649 -1 826 1809 -1 3389 -1
23029 315 -1
18329 5 13 -1 101 103 126 628 1717 -1
6829 54 5661 -1
11142 10514 -1
18538 68 -1 10 39 -1
13023 40 4683 -1 8730 -1 5509 -1 302 539 630 840 1017 4959 -1 3602 5054 -1 503 693 1920 3521 4444 -1
19683 0 -1 2 5 -1
20063 2036 2871 -1 1709 -1
21501 2 5 -1
6404 133 4470 -1
10772 2 -1
16326 0 5 -1
14217 2 11600 -1
10470 2 -1
5677 272 -1
8367 6 605 -1
4303 10 -1 0 5 26 -1 3321 5871 -1
18272 2 3979 -1
761 5 10 -1 138 -1 554 988 2375 -1 775 1809 -1 89 -1 141 -1 915 -1
19441 507 -1
6535 737 -1
24155 445 -1
14606 11726 -1
23226 0 -1 5 -1
14137 5 363 -1
15194 0 10 -1 217 -1 5 -1 137 -1 631 3716 -1 253 360 1684 3117 3573 -1 361 1685 4719 4749 -1 503 -1 11924 -1 17 -1
3420 4 -1 5 -1
18426 2 -1
17332 10 217 -1 5 -1 2 1689 -1 147 -1
13465 0 2323 -1 5 -1
19428 76 -1 13529 -1
9390 5722 -1
24156 10 3559 -1 217 986 -1 5 860 3894 -1 138 861 1837 3679 -1 355 1643 -1 19 1535 -1 1567 -1 1690 -1 24 154 228 581 1463 2039 -1 1651 -1 773 1130 4732 -1 89 521 1018 -1 1468 2402 3472 -1 247 -1 3393 -1 241 374 2180 -1 3718 -1 260 -1 45 262 -1 2 134 1709 1715 9972 -1 147 -1 437 -1 481 787 10445 11049 -1 869 10195 -1 9968 -1 2331 -1 870 2332 6164 -1 871 3821 -1 6714 -1 876 -1 3128 4358 4980 -1 3956 -1 4967 6430 9698 -1 2285 14626 -1 13036 -1 3152 -1 836 837 -1 467 -1 244 3957 -1 2017 3958 -1 6715 -1 468 -1 1565 -1 469 2250 3824 -1
10333 437 -1
12290 10 -1 5 217 343 -1 54 862 -1 2 -1
23471 0 2 5 1077 -1 7859 -1
18175 8629 -1
12679 489 -1 26 1130 -1
2456 2 214 -1
546 2 -1
24819 1977 -1
10344 2 5 277 -1
18363 13225 -1
23640 2 5 -1
19771 3002 -1
10547 2 10326 -1
2035 2 20 -1
24650 2 378 -1
9798 3668 -1 2066 4969 -1
13168 10 11236 -1 2 236 2281 2386 -1
17885 10 -1 2 5 76 1804 -1
15414 2 12032 -1
7293 3472 -1
21300 315 -1
20589 0 5 10 217 3517 -1
20896 3 -1
7135 0 -1 5 -1
5261 7559 -1 2 -1
10894 3205 -1 377 -1
15961 12514 -1 10 1535 -1
23330 363 -1
189 39 -1
22099 54 489 -1
12958 5 10 -1
24549 293 1530 -1 2 14725 -1 9231 -1
8265 5 -1
23925 2 -1
13368 10 -1 0 -1 217 -1 5 544 1804 -1 3196 -1 6759 -1 219 356 1840 -1 229 232 254 -1 3500 -1 369 -1 7409 -1 1029 -1 89 1131 -1 140 556 1755 -1
12919 10 -1 26 -1 647 -1 217 -1 5 55 -1 509 -1 881 -1 6 -1 48 -1 421 -1 437 -1
6319 2 -1
21103 5 -1 2 293 -1
20389 3924 12719 -1
97 0 -1 5 -1
21248 2330 -1 6 896 -1 133 -1
18306 259 -1 3803 -1
20515 2334 -1
1430 2 54 3429 -1
439 90 -1
9178 5 10 217 274 -1
18777 10 -1 5 -1
7460 2183 -1
23347 586 1834 -1 437 -1 443 -1 445 454 786 -1 1654 3410 -1 463 464 -1 4637 -1 869 870 -1 738 -1 3128 -1 4980 -1 4358 -1 6885 14452 -1 836 -1 837 8962 -1 1484 -1 3824 -1 5244 -1 3959 5715 -1 9699 -1 1922 3414 -1 789 4969 -1 4508 -1 873 -1 3971 -1 2983 3878 -1 791 4981 -1 136 -1
4013 6555 -1
7133 632 -1
10836 6 -1
423 1378 1379 1383 1387 1388 -1 1389 1390 1391 1394 -1 1405 -1 1408 -1 1409 -1 1412 -1 1413 1414 -1 1415 -1 1416 1417 -1 1427 1435 -1 0 10 1436 1438 1532 -1
16914 2 54 -1
4947 539 -1
14090 0 -1
3689 6393 -1
1036 151 350 -1
21486 5 -1 2 -1
3707 2 -1
16460 0 -1 302 -1 2 -1
9670 10 267 -1 39 69 986 -1 5 1142 4014 -1 1 -1 88 4683 4959 -1 614 -1 137 1644 1753 -1 355 -1 1679 -1 19 686 -1 513 -1 44 259 971 1130 -1
10184 2 -1
19085 2047 -1 6 272 671 -1 208 -1 86 -1 147 419 445 447 449 3552 -1
11767 4989 6070 10753 -1
21184 2 -1
9719 9988 -1
8486 277 -1
4691 0 -1
24888 4880 -1
6708 1 5 10 -1
3286 5 445 -1
20688 2 6 6457 -1
9310 2 5 -1
19978 3002 -1
2741 1598 -1
11715 10 -1 217 -1 5 -1
8855 5 -1
8318 5 -1
6342 3 -1 5 -1
22132 10 -1 5 -1 3943 -1 2284 11576 -1 2 933 2880 -1 27 -1
12185 2954 -1 10900 -1 293 -1
4396 5 26 360 1750 6447 -1 6 86 210 3422 6747 -1
6252 2 -1
18669 10 -1
7126 0 10 -1 39 -1 5 -1 2132 3359 -1
20463 2 -1
9544 2894 -1
13653 2 -1
532 6 -1
21006 1 -1
1995 5 -1 151 -1 76 -1
24884 10 -1 3 -1
17997 5 -1 1 -1 293 13098 -1
20706 3404 -1 422 -1 2142 -1 491 6591 -1 1816 3878 4875 8039 13864 13865 -1
21156 0 -1
19339 2 4175 -1
10623 4986 5610 5611 -1 5612 -1 267 5613 -1 2018 2019 3240 -1 1114 -1 4505 -1 4415 -1 7765 -1 794 -1 268 3593 -1 10 921 -1 986 -1 217 -1 5 39 658 664 -1 1871 -1 55 945 2887 10348 -1 1167 9382 -1 683 -1 5877 -1 988 2940 -1 554 -1 555 989 -1 5374 -1 295 -1
11061 72 -1
15426 5 277 1580 -1
19584 2 54 -1 76 -1
17618 2 -1
8479 10 -1
23326 2 76 -1
24555 2 -1
10832 3 5 10 -1
14512 2 -1
16832 217 12768 -1
4032 2 -1
21925 1056 -1
8163 2 9184 9185 -1 147 -1 915 -1
2011 0 10 105 137 -1
15913 3 5 534 -1 1904 11892 -1
24978 5 10 -1 54 296 6010 -1 379 -1 2 -1
23373 2 -1
18070 10 -1 5 -1
18577 5 151 -1
13973 5 10 3346 -1
14956 6 2856 -1 147 530 1139 -1
12221 137 10910 -1
3325 313 -1 5 1461 -1
22233 8473 13618 -1 289 1075 -1 4093 -1 147 -1
17877 1 534 -1 589 -1 2 -1
2086 2 -1
13082 5 -1 293 -1
24586 38 -1
5177 6 7274 -1
22479 86 -1
22478 1024 -1 2 530 -1
5435 123 -1
4801 5 -1
14422 0 5 10 -1
1615 268 -1 986 -1 0 217 -1 5 -1 302 -1 260 503 -1 2 272 -1
4251 3825 -1
21542 3 5 830 -1 63 -1
22490 10 -1 3 -1 5 -1 2 -1 2182 13904 -1
4946 10 -1
3668 277 -1
12470 0 -1 2 315 -1
3836 289 -1 437 -1 444 457 -1
12423 4415 -1
2223 0 10 -1
18418 13244 -1
4134 1 806 4182 -1 82 -1 2 6 1036 2447 -1
9027 4425 -1
21148 2 1104 13966 -1
15848 5 54 -1
1647 0 5 -1 511 -1
24570 68 -1 5 10 153 -1 4616 12603 -1
2123 1140 -1 433 437 -1
9430 5 5674 -1
22342 4003 -1
6005 5 3452 -1 671 2418 7825 -1
10288 86 896 915 -1
6249 275 -1 147 896 -1
925 5 -1
467 2 1616 -1
12837 10 -1
20557 5 10 26 55 521 1737 2159 -1
4572 5 454 -1
15498 929 -1
23499 826 -1
12380 2 -1
4842 534 -1
24863 54 1488 -1
295 676 -1
18964 332 6891 -1 5 10 55 2026 -1 2 4368 -1
12107 10 616 -1 5 -1
10497 896 7980 -1
7951 71 787 -1 1925 -1
18803 2 -1
17468 5 10 2887 -1
18686 217 -1
3944 68 -1 10 -1 26 -1 5 -1 1769 -1 27 -1 6 -1 1049 -1 2371 6501 -1 6502 6503 -1 2225 -1 6504 6505 6506 6507 -1 31 -1 36 3858 6508 -1 6509 -1 6510 6511 -1 6512 6513 -1 2857 6514 -1
18442 5 10 315 -1
12024 2 10 150 -1 315 10851 -1
17472 268 12961 -1
8694 489 -1 5 294 -1 76 -1
21394 10 217 -1 2 5 -1 147 14024 -1
10786 5 -1
8448 10 -1
18573 5 -1 54 63 -1 315 -1
23425 6 -1
21780 1601 -1 2 -1
14467 5 -1
17723 2 -1 135 -1
17018 3968 6709 -1 267 4783 -1 150 2325 -1 2019 -1 507 816 1450 -1 10 -1 0 -1 5 217 856 3491 4168 -1 55 1803 4683 -1 270 -1 3791 -1 1455 -1 1642 -1 1837 -1 219 353 758 6759 -1 355 -1 152 686 759 1679 -1 356 760 844 -1 626 761 1680 2070 3870 -1 4334 -1 3332 -1 357 -1 2028 -1 146 -1 253 -1 746 1567 -1 1690 1984 -1 228 2034 3448 -1 24 363 581 -1 229 763 -1 1514 2376 -1 154 257 -1 230 511 767 1697 -1 231 687 1627 -1 1600 -1 1702 -1 1628 -1 258 1601 1707 -1 232 -1 367 -1 1604 -1 1863 2267 2951 -1 233 2269 3457 -1 1463 -1 4672 -1 1129 -1 369 -1 3797 -1 1651 -1 1130 1516 2952 -1 514 -1 2275 2276 -1 771 2953 -1 8058 -1 3387 -1 2123 2973 -1 2280 -1 1709 -1 2049 2159 -1 695 -1 783 3122 3228 8265 -1 272 -1 1068 1713 -1 3232 -1 105 -1 134 736 833 3811 4064 4594 7231 -1 737 -1 135 147 311 1076 3197 3235 3408 -1 629 866 1724 9070 -1 437 -1 441 445 -1 448 452 1725 -1 786 -1 584 868 1001 -1 460 -1 6469 -1 2332 -1 3956 -1 836 6430 -1 469 3659 3971 5715 5717 6165 -1 265 1169 1655 -1 1486 -1
12357 2953 -1
5795 54 530 3517 -1
21586 10 -1
71 72 -1
10188 1816 -1
16736 89 -1 140 5028 -1 4754 -1
15614 647 -1 5 -1
2897 0 -1
1960 2 5 10 -1
22156 5 -1
13579 72 454 -1
3783 13 2056 4341 6433 -1
9145 10 -1 1801 -1 986 -1 5 -1 260 1456 4700 -1
16366 130 -1
17767 0 -1 1 5 -1 12486 -1 2 -1 126 -1 643 1072 -1
19217 1100 -1 147 -1 871 2331 2427 -1 143 -1 2818 -1 315 873 -1
19450 10 -1
20939 515 -1
5018 618 -1
287 315 -1
14699 1742 -1 63 108 2418 -1 422 -1 666 -1 437 -1
24776 10717 -1
24746 5 10 12880 -1 5965 -1
18117 534 -1
3329 27 -1 6 31 78 980 4867 6098 6099 -1 6100 -1 6101 -1
19144 54 -1
2119 3 10 -1
11811 5 -1
15833 10 482 -1
3951 1514 -1
7193 2 5 10 8734 -1
16134 2 3 4521 -1 1148 9447 -1
22369 10 -1 5 217 1643 -1 862 -1 539 761 -1 799 -1 89 -1 147 379 966 -1 572 3887 -1
22433 2 13 8798 -1 6 291 -1
16997 151 489 -1
8433 0 -1 5 -1 302 -1
13043 70 76 -1
24289 356 -1 239 844 6811 -1 2399 -1
5158 2 -1
939 10 -1 3 -1 82 -1
21194 290 2246 -1 217 -1
23048 272 -1 2 -1
5338 2 54 -1
10665 2 -1
18013 38 -1 267 4481 -1 10 268 -1 986 -1 217 -1 5 -1 5509 -1 295 13121 -1 302 6039 -1 2257 -1 19 3881 -1 824 2871 -1 89 519 520 2131 -1 42 521 3717 4748 -1 1024 3484 10900 -1 43 -1 503 3229 5873 -1 272 -1 2 -1
16697 1809 -1 2 814 2092 -1
15655 5 -1
13130 10 6324 -1
14121 76 -1
6916 2 -1
21687 39 487 -1
21411 2 137 -1
3173 2415 5939 -1 63 5940 -1 48 -1 134 865 3819 5899 -1 3235 3723 -1 866 -1 586 -1 457 2195 -1 2331 -1 467 4980 -1 244 -1 468 2066 -1
5093 16 -1
22245 3 6381 -1
9595 135 -1
6059 70 76 998 5010 -1 865 -1 884 -1 2356 3720 -1 311 -1 2253 3406 -1
4543 2353 6830 -1
2819 2 290 -1
17726 232 -1 1708 2267 2269 2951 3119 3457 3511 -1 233 234 -1 1463 -1 236 1032 -1 514 2271 -1 771 -1 3387 -1 2279 -1 774 -1 490 -1 371 826 4506 -1 89 -1 259 777 4744 -1 4000 -1 280 -1 1810 9535 -1 239 828 3606 -1 2132 2291 3258 3347 6536 -1 689 3393 -1 3367 9383 -1 2133 -1 3394 -1 841 -1 305 782 2134 2180 8064 -1 260 2136 3519 5914 6620 -1 262 -1 45 -1 378 -1 2284 5957 -1 3665 -1 1165 -1 2093 5233 -1 864 -1 463 530 1001 2425 4092 -1 835 837 -1 3144 -1
21884 3 -1 5 -1
10477 245 -1 2 -1 5802 -1
23889 3 10 -1
15112 63 -1
12147 2 1016 -1 7344 -1
19235 9318 -1
20921 82 379 -1 2 -1
9359 2 -1
23555 5 10 508 -1
22825 2 -1
5096 0 10 -1 5 513 -1 6 2282 2283 -1 1842 -1
9167 10 -1 5 -1
14354 0 -1
15611 3968 5612 -1 5943 -1 5527 -1 5 10 -1 631 5178 -1 353 -1
14528 2331 9968 -1 3971 -1
19845 676 -1
6972 277 -1
11392 5 -1 3386 -1 253 1117 -1 1686 -1 220 -1 257 979 -1 76 666 737 -1
17709 2168 4624 -1 3233 -1 13 -1
15489 10 -1 5 26 -1
9399 2 76 -1
1478 2342 -1 137 -1 377 -1 3920 -1 2848 3880 -1 48 -1 2850 -1 1495 -1 1772 -1 3921 -1 204 -1
23292 5 13 -1
2061 5 4853 4854 -1
9203 2 5 -1
24855 5 -1
14252 2 -1
8680 10 -1
9695 3944 -1 256 2376 -1 154 1856 -1 257 774 -1 3143 -1 1043 1608 -1 1920 -1 1519 -1 698 -1 272 -1 63 643 -1 2360 -1 6 277 669 719 729 2980 -1
985 5 26 -1 928 -1 1 2 54 3248 -1 277 -1 6 204 205 3249 -1
10179 5 6 76 204 217 673 -1
1405 3785 -1 2447 -1 13 63 111 128 129 3786 3787 -1 72 -1 136 -1
3725 489 -1
5739 8030 -1 5 992 3180 -1 1043 -1 239 -1 3229 -1
4700 5 -1
19200 713 938 2409 3811 5741 7955 10838 11450 -1 7538 -1 4774 -1 2058 -1 63 643 2385 -1 2061 4067 -1 5377 -1 1036 -1 847 1671 -1 600 -1 725 -1 3700 -1 2979 5754 -1 729 2980 -1 3815 -1 730 2945 3403 3816 -1 669 2982 7859 -1 3775 -1
717 2316 -1 2143 -1
7175 2 -1
4065 2 6593 6594 -1
10771 5 26 -1 138 774 2940 4673 -1 775 -1 2873 -1 2958 -1
8751 4425 -1 0 217 -1
24150 5 -1
24228 1975 -1
1963 472 -1
7915 5 986 9072 -1
8191 0 -1
15317 1022 -1
11381 2 5 -1
8936 2 -1
4043 2 147 6579 -1 498 -1 885 -1
2010 5 313 -1
582 1934 1935 -1 1154 -1
4338 0 -1
14739 8228 -1
16768 3 -1 5 611 -1
920 0 26 -1 5 6 3115 -1 204 -1
14405 2 -1
19527 0 356 901 2093 5943 -1 446 -1
19455 151 -1 63 821 -1
5223 2 5 6 10 82 -1 5997 -1
22551 507 3418 -1 10 -1 0 217 639 -1 160 -1 656 2084 -1 39 313 664 1142 2085 4014 -1 5 10962 -1 8107 -1 1904 4182 -1 138 752 818 1905 3789 -1 360 630 1540 3691 6562 -1 5804 -1 56 -1 362 -1 154 155 230 231 511 581 687 -1 258 1604 -1 2951 -1 234 3186 -1 2952 -1 649 771 772 2121 -1 2129 -1 490 -1 89 139 141 371 -1 969 2189 3389 -1 259 280 -1 1024 5641 -1 377 379 1165 -1 3140 -1 695 -1 130 5232 -1 421 -1 70 134 -1 23 76 3338 3819 -1 135 -1
22383 26 -1
11106 49 -1
14289 1822 -1 10 268 -1 26 39 -1 5 -1 88 -1 4819 -1 45 214 -1
7051 13 117 119 2896 2899 3611 -1 2916 -1 125 2410 6232 -1
9730 85 992 -1
3211 1580 -1
21861 315 -1
14099 258 -1
212 322 -1
14236 13 -1
13977 10 -1 5 111 -1
5740 445 584 7049 -1
14311 10231 -1 2 -1
1008 208 -1
10189 76 -1
13902 90 -1 2 -1 76 -1
2105 2943 -1 1150 4953 -1
8149 5 -1 293 -1
18054 1854 -1 5 -1
665 2 -1
7807 5 10 -1
21803 986 -1
13502 563 -1
21822 24 253 363 -1 373 765 -1 3394 -1 5078 -1 2 -1 48 -1
12539 9627 -1 6 135 -1 147 1140 -1
7828 5 147 -1
1639 3211 4055 -1 268 -1 10 -1 0 -1 5 -1 3384 4056 4057 4058 -1 253 1567 1940 2178 -1 1690 -1 2034 -1 363 -1 24 229 581 823 -1 154 257 824 -1 740 -1 1650 3646 4059 -1 2047 -1 3218 3220 -1 3221 -1 3801 4060 -1 3805 -1 4061 -1 4062 -1 60 713 960 2058 2409 3234 4063 4064 -1 63 2059 2385 3086 4065 4066 -1
15324 5 -1 2 88 -1
5047 2 82 -1
6230 5 10 -1
16469 54 5444 -1
3000 0 10 -1
7432 377 -1 8839 -1
13329 0 54 294 -1 2 -1
1596 3 -1 0 26 -1
7837 3180 -1 26 -1
15143 10 -1 0 -1
15859 666 1140 -1 2196 -1
9448 4166 -1 1 -1 2 -1 9904 -1
9652 4314 -1 0 -1 5 -1
2773 4877 5505 -1
18859 1176 -1
9627 2 326 -1
5055 10 -1 5 1641 -1 76 -1
16036 2 -1
17314 0 2 5 -1
14188 134 147 -1
239 5 -1
7259 5752 -1 1480 -1
7096 1774 -1 76 134 -1 23 3031 -1
17806 0 -1
19808 5 1769 -1
396 5 -1
20391 5654 -1 13783 -1 13708 13784 -1 5193 -1 3505 -1 959 -1 1756 -1 5602 -1 713 5751 -1 2058 2415 -1 2060 2385 -1 3086 -1 814 -1 22 3884 -1 8782 -1 4067 -1 134 719 1036 4778 -1 422 736 2424 -1 311 -1 437 444 447 666 1000 3197 4044 6762 -1 448 452 -1 3413 -1 491 572 -1 869 9968 -1
17838 806 836 837 -1
23419 483 -1
10881 776 777 -1 44 141 587 3472 5028 -1 11 973 2885 3436 5955 -1 6685 -1 241 -1 8326 -1 3602 -1 5697 -1 378 2093 -1 2 701 2875 -1 111 1558 -1 6 114 134 422 -1 434 437 451 -1 1001 -1 870 -1 143 469 2017 2250 3415 -1 563 -1
15964 54 12516 -1
11281 2 5 -1
7072 2 86 -1
13104 1 -1
16918 7045 -1
4688 294 -1 0 -1
20011 63 583 -1 147 -1
22279 689 1608 2009 2135 3369 4806 -1 2 48 -1 135 437 457 493 674 -1
23118 68 -1 217 -1
21601 2 -1 1148 -1
19561 2 -1
11086 10 -1 3 5 -1
13587 927 -1 5 54 -1 2 108 1138 3823 -1
11160 2 3 -1
7869 2 -1
23716 5 894 -1
13401 5 10 -1 1143 -1 643 11343 -1
17475 5 10 305 437 -1
24444 5 -1
7066 2309 -1 567 -1
19158 0 -1 5 -1
8293 10 -1 5 -1 614 1148 9327 -1 6 -1 2017 -1
1558 1750 -1
17711 0 10 -1
2562 5336 5337 -1
5793 6017 8049 -1
9597 5 134 135 -1 1100 -1
13549 987 -1 5 -1 1799 9295 -1
17392 72 -1
22974 14364 -1
21647 1776 -1 5 -1
21989 3 -1 12932 13066 -1
21514 315 -1
4283 5 -1 6708 -1
1766 5 -1
8999 3 -1
9003 10 -1 217 1055 -1
23162 147 -1 3144 -1
21363 135 315 2066 2144 -1
21270 76 134 135 590 -1
4152 2323 -1 82 -1
24145 135 315 -1
19385 137 -1
17091 0 -1 5 -1
21254 137 -1 76 445 -1
20279 54 -1
20399 315 -1
22374 5 10 -1
13724 10 -1
21959 5 -1 137 -1 3136 -1 360 -1
1267 831 -1
14347 235 236 3186 -1 4672 -1 3500 -1
2106 677 -1
8488 5 9424 -1 2 -1 6 -1
8878 6 -1 2802 -1 204 1959 5079 7497 -1 878 2242 2809 -1 320 -1 134 876 -1
2405 445 868 -1
19229 3 5 839 -1
22059 5 68 -1
22842 0 -1
4615 6911 6912 -1 9 6913 -1
5212 214 491 -1 7529 7530 -1
7141 2 -1
6014 657 2085 -1
24331 204 1613 1739 3819 -1
1341 2 -1 915 -1
6544 5 -1 2 -1 437 444 -1
15066 6125 -1
3407 3806 -1
9297 2 3 5 10 1915 -1
18505 5484 13260 -1
19028 2 -1
6144 290 -1 5 8242 -1
4613 5009 -1 2 3180 3333 -1
23764 2 -1 72 -1
6218 5 1256 -1
20882 5 10 642 -1 2 -1
15756 6588 -1 5501 -1
369 0 1104 -1
6416 10 -1
3307 3 -1 5 54 -1 2 -1
17310 3987 5061 12911 -1 12912 -1 837 -1 469 -1 315 792 3936 -1 3888 -1
14709 2 5 10 -1
17933 5 45 54 4891 5405 -1
12071 5 -1 10867 -1 2 -1
4400 0 2 280 6752 6753 -1
24031 2 -1
7851 315 -1
24791 2 11978 -1
3210 2205 -1 10 -1 5 -1 1802 -1 3138 -1 1120 1679 -1
24354 2307 -1
20456 2 967 -1
15388 2 2246 -1
14661 7313 -1
2026 5 -1 355 511 -1 694 -1 63 4797 -1
9106 10 -1 0 -1
20651 268 985 3244 -1 5 10 765 -1 2041 -1 514 1631 -1 139 -1 377 -1 2 937 -1 1036 13855 -1 70 -1 134 998 -1 999 -1 76 2064 -1
22951 1489 -1 0 217 921 -1 2023 -1 313 -1 5 -1 1458 -1 4344 -1 253 360 4719 -1 1123 1685 -1 220 1124 1125 1647 1687 3218 -1 2 92 -1 5561 -1 6118 -1 5585 6307 -1 7615 11496 -1
3267 6 -1 76 -1
2262 3 -1
5726 20 -1
3975 2 82 -1
14025 5 -1
8247 1920 -1 277 -1 6 -1
10371 3559 -1 10 -1 8606 -1 5 -1 1907 -1 2 -1 2144 -1 8803 -1 8322 -1 1006 -1
1103 0 5 -1
199 5 -1
17147 4 -1 2 3347 -1
8509 5 6 -1
4233 6162 6684 -1
11588 267 -1 268 -1 10 -1 3 5 217 8289 -1 302 -1 89 1682 6180 -1 293 4471 -1 92 93 2447 -1 10664 -1 10665 10666 -1 3488 -1 396 1715 -1 103 -1 105 108 1742 7122 -1 10667 -1 851 -1 3084 -1 63 10668 -1 6 2074 -1 1528 -1 320 533 -1
20036 2 315 -1
5295 0 -1
4197 10 6672 -1
12990 5 10 -1 2 63 -1 76 134 -1
11562 0 5 10 489 -1
6190 6 941 -1
9771 137 -1 733 -1 1050 7229 -1
2340 2 5 -1
13918 5 -1
14741 3 -1
14757 5 10 -1
16858 5 606 -1 54 1029 -1 520 -1
1789 10 250 -1
3870 0 2 -1
20466 3593 5803 -1 10 -1 3 5 -1 2 -1
16065 54 203 1857 12553 -1
11530 2 5 -1
165 72 -1
16713 5 -1
20415 1146 -1 2 3226 -1 421 422 1007 3668 3958 -1 315 -1
16142 10 -1
20613 0 5 217 2887 -1 860 -1 349 510 861 3691 5491 -1 5475 -1 54 252 1643 1837 3796 -1 4576 -1 356 -1 761 844 1645 3336 -1 539 603 -1 799 -1 1535 9798 -1 3448 -1 255 -1 228 -1 363 581 -1 2951 -1 369 2952 -1 771 -1 2071 -1 2123 -1 774 5691 -1 89 521 776 -1 140 2402 5028 -1 4751 -1 2189 -1 42 969 4562 -1 43 1024 -1 379 841 -1 695 3140 3803 5232 -1 1469 -1 1470 3226 -1 696 -1 829 2163 5233 -1
1245 10 -1 5 26 63 82 277 -1 6 84 -1 3632 -1
12731 5 10 -1 490 11122 -1
2519 489 -1 639 -1 2 4954 -1 5312 -1
17020 1697 1706 -1
9067 3 -1
22392 0 -1
24595 1013 -1
8477 2894 -1
17589 2 8915 -1
13363 5 10 597 -1
3018 437 -1
807 10 26 -1 217 -1 5 1835 -1 1899 -1 344 -1 18 88 295 1461 -1 761 -1 360 1682 1685 1687 1980 2154 -1 2870 -1 581 823 1514 2034 -1 2871 -1
24299 2 -1
9676 2 -1
18496 10 -1 5 -1 54 -1 2 12970 -1
21905 3602 -1 5697 -1 96 8649 14131 -1 114 124 933 1048 4320 -1 4379 7522 -1 4380 -1 2848 -1 2797 -1 7572 -1 3897 -1 1954 1955 -1 3898 6050 -1 48 -1
14195 0 -1 5 293 -1 2 437 5019 -1
23125 10 -1 0 -1 5 -1 214 -1 968 -1 3697 -1
2784 6 264 -1
14746 2 -1
14455 1959 -1 5079 -1 273 504 2994 3190 4484 5897 11099 11691 -1 5898 5899 11692 -1 8157 -1 6075 6461 -1 6076 -1 2816 6683 11693 -1
3994 1051 -1 134 -1 147 -1
13540 736 -1
19293 2 8848 -1
21574 828 10271 -1 1747 -1 377 -1 1165 1609 -1 3140 -1 783 1469 -1 5233 -1
16334 1 39 -1
3476 2 2093 -1
6101 2 -1
20230 2 11190 -1
6716 8511 -1
13680 1179 -1
9132 267 -1 268 3154 -1 10 217 -1
4369 4 -1 5 -1 1803 -1
15887 330 -1 10 -1 26 -1 5 217 229 313 2038 4057 6704 -1 231 1463 3644 -1
3385 3120 4678 -1 5241 -1 1024 -1 3606 -1 58 971 3783 -1 597 -1 44 522 -1 1144 1828 -1 11 2885 -1 1530 -1 2886 -1 45 -1 378 -1 46 1709 3321 3665 -1 806 -1 2 -1 92 -1 128 937 1558 -1 129 2057 2411 -1 4773 -1 3404 3954 4069 -1 6 933 5888 -1 204 5079 6159 -1 4018 5930 -1 208 210 2856 -1 3127 -1 4487 -1 86 2859 -1 5258 -1 5364 -1 134 2865 -1 422 -1 76 1030 -1 530 884 1076 4092 -1 3406 -1 1000 3236 -1 135 -1 966 -1 291 -1 866 1724 -1 434 -1 441 447 451 452 586 785 786 -1 454 -1 743 -1 464 -1 2333 -1 1037 1559 -1 4969 -1 2183 2825 6160 -1 472 3103 -1
12701 5 10 437 1918 4965 -1
9563 5 10 -1 55 589 -1 2 -1
19429 1806 -1 769 -1 1601 2266 -1 2044 3511 -1 1463 -1 3389 -1 3637 3638 -1 147 434 -1 447 -1 451 -1 460 3144 -1
2383 2 5 10 328 495 -1
3675 26 -1
21598 68 -1
24234 0 -1
4425 4237 4314 -1
2221 0 -1
17672 10 -1 5 39 486 -1 306 6459 -1
4055 5 6583 -1
12607 5 -1
9238 5 748 -1
11034 54 -1 231 -1
789 147 -1
5566 313 -1 5 -1
1171 2 -1
20311 1 -1 2 -1
8669 10 -1 1 5 24 55 112 233 530 -1
744 203 210 -1
1601 5 -1 4024 -1
4610 5 -1 539 -1 254 1513 4723 -1 362 -1 154 228 256 258 363 1600 -1 157 -1 503 -1 1145 2401 3520 6900 -1 6901 -1
24152 10 -1 5 258 -1
19498 13542 -1 5 -1 2 -1
13619 3557 -1
12793 5 302 -1
10869 10426 -1
10713 2 -1
5390 489 -1 217 274 -1 5 5814 -1 4440 5101 -1 153 3195 -1 229 761 1118 2036 -1 769 -1 2 231 258 -1 3637 -1
23369 2 5 217 421 -1 76 -1
14063 54 -1
13984 217 -1 5 -1 1592 -1 137 252 -1
9691 2 76 -1
20412 2 10 54 -1
20810 5 -1 54 509 -1
17453 1558 -1
22793 0 -1
5760 1636 -1 1673 -1 2 -1
5831 217 -1
16312 0 145 -1 5 -1 2 -1
8739 10 -1
20338 927 -1 217 -1
15927 2 5 10 -1
20213 625 -1
10319 137 554 -1
18648 3 -1 5619 -1
4257 2 -1
14760 2131 -1
18766 98 -1
14261 5 -1 378 -1 2 -1 6 5141 -1
1131 885 -1
6910 1 971 -1
19300 13 3927 -1
23832 0 5 -1
17664 82 -1 6 4965 -1 76 -1 530 -1 4583 -1
20409 2246 -1 5 54 -1
5949 1722 -1
9526 76 -1
7794 1598 -1 5 -1
1303 5 10 295 -1
11511 1489 -1
16190 2 -1
1054 147 471 1100 -1
21345 986 -1 5 -1
20977 5 10 135 661 -1
1628 10 -1 5 -1
7712 76 -1
23032 3 -1
10543 134 -1
9354 147 277 6483 -1 676 -1
3005 1 2 -1
17265 0 -1
3685 5 -1
18726 147 -1
24721 26 -1
9314 2 -1
7985 2 5 10 302 493 -1
8181 68 268 -1 10 26 -1 5 -1 214 353 515 -1 6 1747 -1
16546 4023 6545 -1
24014 217 -1 5 -1
13444 63 108 -1
16968 2 5 -1 707 -1
20633 2451 4989 7007 7297 8762 9422 -1 699 -1 700 -1 1173 3485 5015 -1 832 2059 3806 11085 -1 63 -1 723 5754 -1 8269 -1 669 1812 13851 -1 264 -1
14494 76 -1
14957 5 1636 -1 2 293 -1
4291 267 5944 6709 6710 -1 150 2018 2325 5613 -1 10 553 2019 6009 -1 5 -1 1453 1894 -1 751 1835 1904 4622 -1 344 752 3789 -1 55 -1 88 2024 5509 5618 -1 860 945 -1 2102 5367 -1 3663 -1 683 1779 2026 -1 2288 -1 1837 2069 -1 152 153 219 355 686 761 844 1119 2260 -1 20 1840 -1 2176 4334 -1 1120 3332 -1 799 -1 746 -1 230 763 823 4059 -1 232 3511 -1 371 520 1463 -1 776 -1 2403 3120 -1 259 280 -1 239 5339 6711 -1 6712 -1 45 378 2212 -1 2104 2216 -1 693 4988 -1 6163 -1 2050 -1 2249 3321 4368 5264 -1 2 5586 6713 -1 2167 -1 2168 -1 2170 4521 6260 -1 811 -1 105 -1 111 130 -1 2455 -1 76 728 1036 4778 -1 3682 -1 2356 -1 289 5113 -1 291 666 -1 431 586 -1 447 -1 448 457 868 -1 465 1483 -1 787 -1 869 -1 6164 -1 223 2332 -1 3091 -1 243 788 870 4967 5062 6430 6714 -1 244 -1 143 6715 -1 469 1484 5758 -1 470 2250 2818 -1
15674 2 -1
4764 5 780 2180 -1
22897 6791 -1
6587 5 16 -1 58 1017 4494 -1 828 -1 2 597 3984 -1
24204 1139 1979 2862 -1
12710 2 154 -1
11792 1822 -1 5036 -1 10 -1
21204 3196 -1
10937 9117 -1 10445 -1 10446 -1
2292 10 -1 26 -1 5 6 397 -1 398 -1 48 -1 315 -1
7182 6349 -1
2868 0 10 68 -1 5 4785 -1 509 2998 5643 -1 5644 -1 302 1143 -1
3710 10 -1 5 2023 -1 76 6402 6403 -1 533 -1
20675 26 -1 5 -1
86 478 -1
5752 2 5 315 2081 8035 -1 3771 3888 -1
12112 5 214 -1 2 2797 3275 -1 50 204 1955 -1
5002 6275 -1
2306 10 -1 639 -1 0 -1 5 -1 2071 -1 2 13 -1
12595 0 11067 -1
23362 14455 -1
12337 2 289 -1
19797 13606 -1
1617 2 -1
7969 507 3241 -1 3 5 10 217 268 509 -1 360 1682 1940 -1 6562 -1 154 -1 1806 -1 1112 -1 515 881 883 -1 490 4335 -1 2 147 -1 433 -1 498 -1
17495 5 -1 4714 -1
6175 460 -1
14116 10 -1
10182 45 227 1771 -1
24330 10 -1
24207 2 5 -1
15329 68 -1
19950 5 -1
24122 10 -1 3002 -1 2185 -1 5 -1 214 -1 766 -1
2809 5553 -1
353 2 -1
14229 217 -1 39 1142 -1 5 -1 254 513 -1 883 1521 -1 6 933 -1 48 84 85 -1 147 451 -1
8439 144 1077 -1 0 5 -1 1933 -1
11414 86 8008 8117 -1 8118 -1 3502 -1 1979 -1
6902 10 -1 1778 -1 5 -1
15166 2 -1
5962 26 -1 1119 -1
24907 933 14788 -1
21519 5 10 -1 88 -1 40 685 -1 353 -1 355 758 1679 -1 862 -1 45 378 686 -1
22217 13 259 -1
9591 748 -1
11206 1842 1874 -1
516 2 1775 -1
22142 11566 -1 3708 -1 1527 -1 2242 -1 2386 -1 320 -1 452 736 -1
3800 10 -1
13260 280 -1
10007 5 748 10095 -1
7232 2 5 -1
12078 1695 -1
21044 323 -1 324 327 328 -1 329 -1 330 -1 331 332 333 -1 334 -1 336 337 338 -1 1203 -1 1204 -1 1205 -1 1206 1207 1208 1209 -1 1210 1211 -1 1212 1213 -1 1214 1215 1216 1217 1224 1235 -1 1246 1256 1259 -1 1270 1303 -1 1315 -1 1326 -1 1343 -1 1344 1345 -1 1347 1350 -1 1351 -1 1353 -1 1354 -1 1359 1361 -1 1362 1363 1364 -1 1365 -1 1367 1371 1372 -1 1374 -1 1375 1376 1377 1378 -1 1379 -1 1381 1382 -1 1383 1384 1385 1386 1387 1388 1389 -1 1390 1391 -1
19416 6 -1
11394 36 279 401 5516 10039 -1
7605 1058 1580 -1 589 -1
9421 5 3180 -1 2 31 -1
6458 5 10 474 -1
11989 1595 -1 0 -1
11301 7970 -1 2951 -1 1747 -1 2220 10566 -1
4648 311 -1 3406 4103 -1 135 1000 -1
24319 2 -1
584 2 -1 495 -1
11415 10597 -1
14021 3 293 -1
930 10 -1 482 -1 0 -1 217 -1 5 -1 3138 -1 253 -1 154 -1 511 1693 -1 1695 -1 1111 1627 1698 2042 -1 1700 -1 1701 -1 1601 1628 1704 -1 258 -1 1629 1630 1706 -1
19047 4057 -1 7490 -1
22164 0 14190 -1
8197 647 -1 5 -1
24315 2 14663 -1 3317 4989 5251 -1 3487 6866 -1 14664 -1 6456 10975 -1
16841 72 5411 -1
18149 13152 -1 2 6 63 289 2292 -1 736 -1
24350 437 -1
17114 687 769 1600 1601 5676 6576 -1 3646 -1
23012 10 -1 5 217 253 254 -1
24774 0 5 1489 -1
18771 81 -1
18143 10 -1 5 3619 -1 1 2 445 1569 1753 -1
14673 2 -1
13558 1176 -1 2 8117 -1
19087 632 2253 -1
19632 2 -1
10670 5 10 -1
21554 6564 7050 14067 -1
17033 2 -1
1695 1870 4240 -1 1579 -1 10 -1 5 217 302 1591 4241 4242 -1 2838 -1 4243 -1 214 -1 4244 -1 4245 4246 -1 4247 -1 1596 4248 4249 -1 4250 4251 4252 4253 -1 1799 1945 4254 4255 -1 2342 4256 -1 4257 -1 4258 -1 4259 -1 4260 4261 4262 4263 4264 -1 908 4265 4266 4267 4268 -1 4269 4270 -1 4271 -1 4272 -1 4273 4274 -1 4275 4276 -1 4277 4278 -1 4279 4280 4281 4282 4283 -1 4284 -1 4285 -1 4286 4287 -1 4288 -1 4289 -1 4290 4291 -1 4292 -1 4293 4294 4295 -1 4296 -1 3680 4297 4298 -1 4299 -1 4300 -1 4301 4302 4303 4304 -1 4305 -1 4306 4307 4308 -1 746 -1 1690 -1 511 1703 -1 234 521 2402 3119 4309 -1 503 828 1165 -1 2297 4310 -1 3398 -1 63 -1
161 5 -1
2126 5 -1 4975 -1 3059 -1
2908 2 -1 5783 -1
683 647 -1 2 5 -1
15094 444 -1
15357 5 3935 -1 353 772 -1
9405 19 -1 2 -1
14179 2894 -1
21543 14066 -1
3720 2 10 2147 -1
16368 0 137 12644 -1
21304 10 505 -1 5 -1
6275 1523 2938 -1 10 -1 5 217 313 2080 -1
10289 2 -1
20881 554 -1
8630 294 -1
21350 1055 3588 -1 1163 -1 2 5 1603 -1
19434 54 -1
3841 214 -1 2 -1
15341 5749 -1 6261 -1 583 2877 4773 -1 63 643 814 3086 3698 7163 8077 -1 22 -1
24992 5 10 111 113 1742 4320 -1
6874 5 10 214 490 505 -1
22159 5 -1
13789 0 -1 5 137 229 -1
3258 26 217 313 -1 5 -1 6 228 247 746 -1 1977 -1
22714 0 -1 5 229 -1
11347 86 213 2301 -1
11592 2084 -1 5 39 804 -1 5953 -1 490 7810 -1 4615 -1 303 378 696 10669 -1 3395 -1 3321 -1 82 -1 704 3487 6866 9205 -1 2336 -1
20019 277 -1 147 -1
18501 2 5 -1
331 2 -1
4174 274 -1
5375 54 -1
9270 2997 6561 -1
7479 76 -1
12233 10 -1
15456 10 -1 2308 -1
14098 204 834 2850 -1
689 2 1936 -1 1527 -1
5565 2 5 -1
10240 5 10 -1 19 -1 2402 -1 306 -1 5553 -1
2175 2938 -1 10 -1 26 -1 986 -1 0 -1 217 -1 2023 -1 5 313 -1 1873 -1 856 857 1591 1875 1876 4154 -1 1592 -1 859 1835 -1 1899 4174 -1 1454 1768 3790 3999 5037 5038 5039 -1 65 3358 4203 5040 -1 1915 4102 -1 943 -1 4683 -1 5041 -1 3363 3692 5042 5043 -1 18 -1 4959 -1 214 302 4560 -1 137 -1 1143 2162 5044 -1 20 360 900 901 1125 1685 1980 2210 -1 513 1807 -1 882 -1 2820 -1 371 772 776 1034 -1 141 -1 44 522 1023 1144 5045 5046 -1 587 -1 5047 5048 -1 2885 -1 11 -1 973 -1 1829 5049 -1 3602 5050 5051 5052 5053 -1 5054 -1 45 1920 4964 5055 5056 -1 3594 4662 -1 6 82 590 3369 5057 5058 -1 49 -1
10402 287 634 -1 0 2 -1
10855 2 -1 147 -1
8451 583 -1
19829 6 7083 -1
11739 26 -1 5 137 1809 -1 3435 -1 10051 -1 2 6 -1
2273 0 5 2323 -1
8177 2 5 3660 -1
16002 5 -1
23769 5 -1 1 -1
17409 5 -1 12940 -1
12535 2 -1
4308 293 -1 2 6 -1
24191 4954 -1 2388 -1
19234 554 -1 355 2161 -1 686 -1 20 821 844 1645 -1 1535 -1 2154 -1 6562 -1 746 -1 24 -1 687 -1 514 4495 4730 5685 -1 1029 2820 -1 89 1808 -1 141 -1 259 280 -1 1024 5354 -1 82 5633 -1 830 -1
19256 2 -1
20444 16 -1 5 -1
12885 5229 -1
17801 0 -1 1482 13048 -1
15731 2 8710 -1
17902 1816 1817 -1
18261 5 -1
3940 5 1995 -1
276 2 5 -1
4347 134 147 -1
9836 2 5 293 -1
18717 3982 -1 1006 1484 2348 5715 -1 3659 4610 9699 -1 873 4508 -1
1287 10 -1
10463 2 630 3503 -1
2746 2818 -1 874 5489 -1 4077 -1
3528 10 -1
4405 2 737 -1
11949 2 217 -1
6812 10 26 -1 5 -1 363 -1
7619 761 3393 -1
13427 2 3825 -1
19931 733 8710 -1 1975 7418 -1 8173 -1
21963 437 -1 72 -1
12935 5 -1
9012 5 1580 9688 -1 76 -1
21581 315 491 -1
7686 3 -1 264 -1 147 -1
21715 2 -1
14764 915 -1 265 493 788 8694 -1
15557 5 10 -1 152 356 -1 153 761 -1 20 503 2176 2284 -1 293 566 7096 -1
20416 5 302 -1 3448 -1
22140 2 -1
18955 3 -1
7931 9044 -1 211 4414 6912 6914 -1 6812 -1
6097 90 -1 2 204 3552 -1
10274 685 1837 -1 1643 -1 229 1599 1692 3516 4700 -1 3646 -1 232 2267 -1 1463 1708 3119 -1 235 -1 2970 4734 5369 -1 272 503 1921 2134 2135 -1
11266 5 -1
3481 10 -1 0 5 -1
13436 10 487 -1
11843 2 -1
15172 536 -1 2 -1
5238 76 -1
24999 48 76 1955 6050 -1
14253 10 -1
19133 5 -1 298 377 -1 82 -1
12895 5 10 -1
21931 2 5 26 12685 -1
11763 272 -1 2 -1
10756 2 -1 10388 -1
1943 0 5 4604 -1 513 524 881 -1
6565 10 -1 5 217 8441 -1 252 857 1455 8442 -1 1513 -1 254 511 1514 -1
8784 1 3 -1
3234 5 313 6013 -1
24484 927 -1
17297 5 -1
22526 6 397 -1 398 399 1152 1774 4857 5175 8015 -1 2868 -1 1053 -1
3395 5 26 -1 6 86 589 -1 6168 -1 6103 -1
11803 10 -1 5 -1
3130 3939 -1
2558 320 2868 3551 -1
20286 2 2384 -1 2058 -1 63 76 718 -1 23 632 -1 2302 2966 -1 572 -1 2144 -1 2332 -1
111 63 -1
14370 10 -1 2 5 217 11666 -1
22697 137 503 643 2092 -1
12089 5 39 -1 511 1697 -1 1627 1630 1706 -1 1707 -1
1896 3 -1 1627 -1
19373 5753 -1
11323 5 -1
2515 10 -1
23691 5 10 491 493 7321 -1
8752 844 6892 -1 6350 -1
7585 39 3089 -1 5 -1 13 103 124 -1
13522 3428 11379 -1 1979 6948 11134 -1 8119 -1
15695 553 -1
21801 992 -1
17652 0 3 -1 2 5 -1
2112 4957 -1
23431 5 1838 -1
4602 1466 2128 -1 2129 -1 259 -1
21466 0 1 -1 137 -1
19587 841 -1
901 2 -1 3093 -1
15272 2 10 -1
21631 147 3638 -1
23685 5 -1
14722 330 -1 331 332 -1
123 10 -1 313 -1 5 -1 2 565 566 567 -1 568 -1
5333 7594 -1 7595 -1 7596 -1 7460 7461 -1
22780 666 -1
12531 11023 -1 434 3145 7659 -1
16794 977 -1
19442 1 381 -1 2 6275 -1 8389 -1
18999 13395 -1
2138 10 -1 5 489 743 1055 -1
18211 31 5239 -1 421 896 1773 -1
20923 134 -1
14578 61 651 8928 -1 2363 -1
10835 5520 -1
1666 5 2992 -1
19241 489 -1 986 -1 5 2048 -1 13491 -1 147 -1
8300 5 -1 2441 -1 9328 -1 2 272 3918 -1 143 -1
8103 2 -1
21524 0 -1 5 -1 1 -1
436 54 -1
12390 10 -1 0 -1 5 -1
2144 2 -1
7647 10 268 -1 0 -1 5 217 342 -1 1 752 840 4987 -1 356 844 -1 761 -1 227 -1 746 5652 -1 3448 -1 228 362 363 -1 256 581 1856 -1
13842 3825 11493 -1 6 -1
20256 0 5 10 -1 1912 4645 -1
20355 13 -1
321 10 -1 5 -1 2 1020 -1
4504 2 5 -1
21104 315 677 -1
13657 268 294 1776 -1 0 5 -1
16187 293 -1 2 -1
17463 2 3803 4499 -1
1636 3701 -1
15396 0 2 5 10 277 -1 445 737 -1
19791 0 -1
13503 26 -1 5 39 88 664 1769 -1 686 1839 -1 153 746 824 -1 2992 -1
16735 5 -1 3185 -1 572 -1
10942 5 323 589 -1
22960 2 5 9753 -1
3045 4832 -1 4833 -1 4834 -1
21232 6534 -1 217 -1 5 850 1918 -1 3692 -1 3472 4747 5490 -1 4676 -1 779 -1 6570 -1 996 3649 3693 -1 7527 8265 -1 10944 13991 -1 147 -1 13992 -1
2703 2 1104 -1
23428 0 10 -1 217 -1 5 1455 2117 -1 2068 -1 253 254 2119 2120 -1 1690 -1 3186 -1 371 773 2279 -1 2 89 -1 147 264 -1
8767 53 -1
20436 10 -1 26 -1 5 -1 40 -1 2024 3360 -1 45 357 -1 2 27 277 378 -1 6 -1 31 -1
918 10 -1 3 5 503 1768 -1
16589 10 -1 1056 -1 5 -1
20291 0 17 -1 2 915 -1
16057 5 245 604 -1
20666 817 -1
23128 63 722 -1
6222 1598 -1
23940 245 -1 10 -1
19803 5 -1
24861 5 -1
7314 10 -1 1 5 -1
2163 2332 -1
20543 661 -1
9920 454 2017 -1
12048 0 5 137 -1 888 -1 630 -1
12732 11123 -1 2 -1
21898 323 324 325 326 505 -1 327 -1 328 -1 329 330 -1 331 332 333 334 -1
1659 584 3002 -1
24163 5 -1
24534 69 -1
10365 5 -1
17031 10 3316 -1 5 -1 1600 3828 -1 76 -1
579 2 -1
1756 4366 -1
14863 11824 -1 8323 -1 605 -1 208 -1 2857 -1 1578 -1 2860 5931 -1 211 -1 86 941 1139 2861 -1 2865 -1 2229 4857 5579 -1
18264 10 -1
17925 0 -1 2 54 -1
24989 5 10 -1
18639 13 2913 -1 125 2920 2921 5316 -1
169 1 -1
4358 5 72 445 -1
11267 0 2 -1
6684 4879 -1
10158 10145 -1 7155 -1
8294 4624 -1 651 -1
14847 5 10 -1
9914 1130 -1
4611 1035 6903 -1 445 -1
7206 0 5 -1
2283 54 -1
8040 2 5 966 -1
21661 211 -1
9593 0 3 -1
7803 337 -1 2 5 10 63 338 -1 76 915 7369 -1
18351 10 5286 -1 2984 -1 986 -1 5 217 3363 -1 302 -1 1601 13218 -1
3614 2952 -1 2 2271 -1
5501 3 -1 7874 -1
628 72 -1
15683 2 5 54 -1
15372 10 -1 2343 -1 5 26 -1 2 260 -1 6 210 -1 2866 -1
7731 8990 -1
11197 2 3619 10532 -1 737 -1
336 268 -1
19324 1437 -1 1438 -1 1439 -1 1440 -1 1441 -1 1442 1443 1444 1445 -1 1448 -1 10 1449 -1 26 -1 217 2023 -1 313 -1 5 -1 40 544 -1 220 228 254 -1 375 -1 260 261 -1 376 377 -1 3321 4444 -1 3369 -1 6 396 397 1564 -1 398 399 -1
23576 5 76 -1
10677 10 -1 3 5 -1 2 -1 10359 -1
9045 1 -1
14304 3280 -1
9699 5 -1
18187 2 133 293 -1
11317 54 634 848 -1
4845 2 -1
15667 2 -1
1512 10 -1
7974 6 9093 -1
7547 2 -1
17651 3 10 268 338 -1
926 1609 -1 1146 1639 -1 2 82 583 2366 2367 -1 6 2846 -1
2349 2 -1
21857 10 -1 5 -1 1589 14120 -1
22869 0 10 -1 5 -1
2097 5 -1
14595 5 54 1077 11727 -1
17499 1528 5177 -1 320 -1
5494 2 -1 7872 -1
22927 6 3208 -1
21159 151 892 -1 8350 -1
15508 423 767 4971 -1
15630 10 -1 0 5 217 1017 -1 4711 4959 -1
5298 2 -1
3941 2 -1
10955 483 -1
6722 2 5 3019 -1
18194 3 5 159 -1 8657 -1
3448 6195 6196 -1
23797 4237 -1
3256 3180 -1
5645 2 -1
11473 5 -1 4535 -1 445 -1
17770 5 -1 2 -1
8194 130 131 -1 132 1102 7139 -1 2383 5019 7140 7141 7142 -1 713 6232 -1 7143 -1 61 651 962 5747 -1 62 1478 6122 -1 3984 9240 -1 9241 -1 7492 -1 2363 -1 1174 2978 5058 9242 9243 9244 -1 963 -1 4825 -1 4566 -1 5748 -1 652 3582 4616 6334 9245 -1 964 4322 5749 6335 -1 8891 -1 4323 5750 8086 9246 -1 1479 -1 4047 7144 7145 7146 7147 -1 7148 7149 -1 7150 -1 7151 7152 -1 7153 7154 -1 2365 5026 5751 6499 -1 2417 -1 2418 9247 -1 583 -1 6247 7159 -1 7161 -1 2058 -1 4065 -1 2059 2060 -1 3086 -1 7162 -1 7163 -1 1669 -1 3711 -1 643 2092 9248 9249 -1 63 2360 3344 3651 -1 4067 -1 719 4311 5377 -1 1036 -1 3757 -1 722 847 2388 -1 723 3699 -1 6458 -1 1168 -1 5975 -1 725 -1 3700 -1 1587 1832 5112 -1 2193 -1 3814 4312 9250 -1 729 2979 -1 2980 3815 -1 9251 -1 3403 8059 -1 8899 -1 2945 -1 730 -1 669 -1 7173 -1 732 5508 7174 7175 7176 7177 -1 7178 -1 7179 -1 7180 -1 2220 7182 -1 7183 7184 -1 7185 -1 7186 -1 9252 -1 9253 -1 6011 9254 -1 9255 9256 9257 -1 6123 -1 9258 -1 733 7187 -1 7188 -1 6451 7189 7192 -1 7193 7194 -1 1758 7195 7196 7197 7200 -1 7201 -1 5420 9259 -1 5427 -1 9260 -1 5712 -1 5429 -1 9261 -1 609 6137 7202 7203 7206 9262 -1 4020 -1 7211 -1 7212 7214 -1 7216 -1
14215 5 10 -1
17368 1743 3084 -1 60 63 718 959 1035 2058 3123 7543 -1
22694 216 -1
5486 7871 -1
18714 8425 -1 2 -1
16600 3 -1 5 -1
13391 926 -1
14798 10 -1 3 -1 0 5 26 -1 155 -1 157 -1 2 -1 6 -1 2853 -1
21570 277 -1
15176 2 -1
3336 6110 -1
8398 6 422 -1 147 -1 1013 -1
18021 2 -1
6064 134 -1
316 1014 -1
10939 10 -1 26 -1 5 -1 82 -1 2 -1
17148 2 511 1636 -1
22703 5 -1 293 -1
6173 76 -1
9458 2 5 6 -1
4804 2 54 -1
21982 293 -1
3730 1362 1363 -1 1364 1365 1366 -1 1367 -1 1368 -1 1369 -1 1370 1427 -1 1435 1436 -1 1524 -1 5 217 1753 -1 353 -1 2 1569 -1
19350 52 8854 13510 -1
14456 5704 5743 8377 -1 832 1663 -1 716 2411 5747 6122 7878 9622 11697 -1 2363 -1 2364 5748 6282 6335 7537 -1 2415 -1 2416 -1 3530 -1 583 -1 63 643 814 2060 4951 -1 717 2219 3812 -1 719 1036 1671 2368 -1 600 723 -1 551 2369 3700 -1 4799 -1 669 2220 4800 -1
15162 4967 -1
15485 2 5 -1
6944 144 -1 773 -1
18786 5 10 -1
1978 521 1809 -1 776 -1 2 -1
21023 26 -1 2 -1 13937 -1
1382 3 10 -1 5 606 -1 2 677 3770 -1
12832 2 -1
1224 3615 -1
7246 490 1179 1957 -1
1300 26 1580 -1
9347 2 54 -1
8377 0 10 9372 -1
4116 10 -1
19145 253 360 -1 89 254 -1
6462 8337 -1
18273 5 13192 -1 445 -1
23190 217 -1 464 1617 -1
23349 2 72 -1
17377 5 -1
14662 63 643 -1 9947 11750 -1 147 -1
1557 2816 -1
7048 2 -1
7817 2 -1
18603 147 -1
9557 293 7080 -1
12060 10 -1 5 -1
22163 5 -1
6884 5 -1 2 -1
3446 10 -1 5 360 -1 43 -1 522 1023 2943 6194 -1 737 -1
16950 8729 -1
19544 13555 -1
13080 5 -1
22358 147 -1
10313 2 72 2037 -1
21236 5 -1
4221 10 -1 5 -1 6681 -1 2 472 503 -1
14836 0 -1
10596 10 -1 0 5 -1
20218 0 -1 54 -1
21403 2 -1
16211 4067 -1
1199 3592 -1 134 -1
5933 992 -1
16870 5 -1
20542 5 10 54 -1
16438 2 1598 12666 -1 135 -1
20578 54 -1 13837 -1
17233 7823 -1 1569 -1 2 -1
20087 1833 -1 3925 8337 -1 13696 -1 2816 -1 7580 13697 -1 11566 -1 320 2242 3708 5978 -1
16555 5 -1
21491 5 26 42 54 969 -1 6 63 933 -1 5256 -1 2848 7009 -1 2394 -1
10081 546 1148 3396 -1
11283 26 -1 5 -1
13896 2 3891 -1
21213 5 13982 -1
24427 2 -1 70 134 422 566 10460 -1 491 567 998 1001 2309 -1
17493 5 -1
8071 268 -1
21792 929 -1
18947 70 -1 76 147 451 998 -1
11149 2 5 10 489 -1
8447 3 -1 54 -1 277 -1
2523 0 5 10 54 72 1608 3619 -1
24954 794 -1 10 -1 5 1801 -1 3491 -1 55 -1 513 1033 1129 1862 2272 5684 -1 490 -1 372 1809 -1 524 -1 1517 -1 525 -1 1133 -1 2282 -1 527 528 1134 1518 -1 2283 -1
6809 38 -1 10 -1 5 -1 2 -1 76 -1
24192 264 2330 -1
14191 521 -1 293 1132 -1 9433 -1 76 134 -1 147 491 736 3819 -1
6999 2 -1
9318 2 -1
13853 1036 2387 -1 2388 -1 1168 -1 724 -1 725 -1 834 -1 726 728 2979 3145 5112 -1 729 -1 2980 3815 -1 3701 -1 6 669 980 2220 3954 4778 -1 48 -1 6250 -1 10718 -1 5785 6257 -1
4103 1 -1
13348 3649 -1 8265 -1
24376 1 -1
18718 2343 -1 647 2323 -1 2 -1
10953 90 -1
17948 4077 -1
11704 10 -1 5 -1 138 -1 54 520 614 -1 2 572 915 2402 2415 3436 -1 563 3130 -1 315 -1
359 10 26 -1 5 -1 2 -1 6 -1 86 1067 -1
22416 5 -1
23508 7497 -1
23359 2 454 -1
7178 237 -1
22693 54 -1
11864 54 -1 2 -1
4205 3 -1
15267 3 -1 1165 4034 11943 -1
6914 10 26 -1 5 -1
1540 5 -1 3984 -1
11005 2 -1
13256 3406 -1 1000 -1 3820 -1 147 786 9149 -1
4556 5 -1 2 -1
10246 147 -1 447 -1 473 1010 2331 -1
15703 2 -1
16150 3 10 3208 -1
17099 5 10 1452 -1 77 137 6588 -1
13052 2272 5684 -1 1659 5686 -1
24221 12697 -1 445 -1
2882 2 5 10 26 505 -1 6 204 733 2816 5508 -1 2227 -1
6915 2 5 -1 8578 -1
19108 13433 -1
2291 3232 -1
20943 642 -1
5838 509 3482 -1 137 302 989 1456 1737 3141 -1 8063 -1 7808 -1 1681 -1 511 824 1603 1684 2044 -1 1864 2271 4730 -1
7756 5 879 -1
6447 2 -1
22579 5 54 3588 -1
17512 10 68 -1 2 3 5 -1
11025 0 -1
615 2 5 2079 -1
18863 3 5 -1
19280 5 10 752 -1 536 3229 -1 307 -1 808 7584 -1 422 6959 -1 2107 6715 -1 4795 5330 -1 792 -1 926 -1
12440 451 868 1001 1022 -1 459 -1
15408 3587 6212 -1 5191 -1
12491 10 -1 0 3619 -1
824 2 -1
5673 2 -1
12189 217 -1
5288 2 -1
2915 5 10 770 -1 536 -1
1151 1543 -1 1544 -1 630 -1 631 -1 3503 -1 783 1469 -1
11537 3737 10634 -1
5549 7913 -1
8644 315 1484 1922 2066 2335 6072 -1
6099 3 10 1427 1435 1436 -1 39 217 -1 658 -1 5 54 8128 8227 8228 -1 252 1589 5101 8229 8230 -1 4690 -1 229 356 511 -1
2124 0 -1
10539 10 -1 217 -1
3871 2 -1
16073 915 -1 6430 -1 468 3415 -1
18550 63 -1 147 -1 72 677 2017 2317 -1
20372 5 -1 511 13780 -1 6 -1
11625 5 289 -1
955 5 217 -1 54 -1 293 -1
23609 992 -1
12298 5 658 -1 2 63 135 137 3576 -1
17984 68 -1 10 26 -1
3137 2 10 5908 -1
7333 1 5 -1
9090 89 377 539 4650 -1
18271 0 2 -1
22574 5 -1 54 6231 -1
6309 5 17 -1
6945 2 1569 -1 2297 -1 8594 -1
4288 2 -1
11642 2 -1
10591 2 -1
11147 481 1143 -1
2000 143 463 464 468 469 -1 470 -1 838 -1 2184 4666 -1 926 1817 4667 4668 -1
24454 10 -1 5 445 -1
9331 10 -1 3 5 -1
14151 2 5 5263 -1
23454 437 -1
3285 5 -1
12448 2 -1
7344 632 -1
13060 2 -1
8868 10 -1
21203 5 10 -1
18633 5 26 -1
28 5 6 81 82 -1 83 -1
19478 315 -1
21786 14108 -1
18798 326 -1
21878 63 -1
10967 2 -1
2441 2 -1
12474 11006 -1
5873 10 -1 5 -1 13 107 109 -1 110 -1 560 -1 130 -1 62 964 3582 5748 8086 -1 643 -1 63 -1 7981 -1 609 -1
15901 2 12495 -1
19772 512 746 -1
1890 5 10 26 1016 -1 1456 2375 -1 13 94 110 4521 4522 -1 3787 -1 4523 -1 710 715 -1 728 -1 6 27 264 -1 2225 4524 -1 31 48 50 4525 -1 84 85 -1 4526 -1 4527 4528 -1 4529 -1 4530 -1 4531 4532 -1 4533 -1 1085 1089 1090 1091 -1 1092 -1 1093 -1 1094 -1 1095 1096 -1 210 4487 4534 4535 -1 4536 -1 4537 -1 4538 -1
511 489 -1 5 313 606 -1
18400 90 -1
9749 0 5 68 -1 2 82 583 -1 6 315 -1
7688 5 26 8977 -1
13385 2 -1
17029 2 -1 10532 -1
19583 2 7454 10692 13563 -1
12485 63 1476 2220 -1 48 1955 -1 422 -1 76 -1 289 -1
12601 20 -1
4706 1 2 -1
12828 10825 -1 2 -1
18692 10 -1
11020 604 -1 5 -1
24091 76 -1
20161 2 -1
21676 24 -1 377 -1 445 -1
953 10 -1 3 -1 5 217 -1 661 -1
21805 6343 -1
2938 54 -1
8376 788 -1 4649 5758 -1
1751 82 -1 4363 -1 135 662 -1 1100 -1
5808 10 484 -1 8051 -1
5007 7402 -1
16443 10 -1 2 5 -1
7173 5 -1 2 6 -1
12575 3206 -1
14445 489 -1
974 3202 -1 5 -1
11452 76 86 -1 661 -1 135 -1
5583 232 363 1463 1708 2044 -1 5682 -1 826 1651 2271 2952 -1 89 139 -1 5878 -1 4746 -1 259 841 -1 503 -1 1145 -1 7939 -1 3221 6606 7940 -1 3801 -1 695 1469 3803 -1 3224 -1 808 2093 3719 5406 -1 82 809 -1 2 -1 699 1713 -1 706 6275 -1 2407 2410 2417 2418 5020 5310 7941 -1 3086 7162 -1 814 -1 643 3884 5486 5974 -1 721 3652 -1 3775 7942 -1 264 1137 1572 -1 6 48 -1 84 -1 85 86 2312 -1 3615 -1 70 -1 998 -1 76 135 661 3819 -1 147 -1 437 -1 441 -1
5782 3 5 -1 293 8045 -1 2 -1
18218 6 147 -1
1738 5 63 -1
14092 1629 -1 1631 -1 513 -1 76 -1
16516 26 -1 12689 -1
22275 5 147 6754 14214 -1
3155 798 5919 -1
16067 0 3619 -1 5 154 363 -1
3513 5 10 -1
7840 229 799 1856 2040 -1 378 2951 4732 -1 2 -1
12808 0 2 -1 3031 -1
1657 5 10 -1 2 293 -1 4079 -1
16076 10 -1 5 137 -1 2 -1
21970 2 5 -1
3008 0 -1 5 -1 63 -1
23135 6 -1 3989 -1 10120 -1 1495 3904 6486 -1
29 131 -1 132 -1 63 133 134 -1 135 -1
24216 63 -1 205 -1
21027 1 -1
11759 418 -1
11479 3772 -1
8008 8868 -1 2463 -1 167 9105 -1 2477 9106 -1 2483 8870 -1 2485 -1 2527 2543 -1 6753 9107 -1 2557 2558 9108 -1
21856 5 10 360 -1 511 -1 1630 -1 930 1706 -1 6 82 5848 -1 3275 -1 1495 1955 -1 204 -1
5653 5 -1 589 3798 -1
5513 10 505 -1 3355 -1 1 5 217 2272 -1 2273 -1 58 597 881 -1 44 522 1023 -1 1144 7893 -1 11 2885 -1 2282 4615 -1 2 -1 148 -1 4616 -1 643 -1 63 -1 729 -1 2421 2423 -1 6 275 -1 896 -1 135 -1 147 -1 291 666 676 4925 7894 -1 4929 -1 472 -1 4077 -1
10380 0 -1 5 -1
9276 2 4088 -1
21465 0 -1
6118 5 137 971 -1
7408 101 1558 1715 -1 6 135 661 2356 -1
10959 1747 -1
5242 5 10 214 7554 -1 1799 -1 70 76 4073 -1
13275 2 -1
2550 217 -1
23427 2 5 6 54 -1
2828 2 -1
18089 154 1856 -1 767 -1 511 -1 231 232 687 1601 1604 1862 -1 234 369 825 1130 1463 1516 1863 -1 1029 -1
15263 2 -1
8292 4389 -1
7868 9044 -1 5451 -1 211 9045 -1 86 1139 -1
13886 0 2 -1
12274 10 6212 -1 6568 -1 0 -1 5 -1 988 -1 295 -1 775 -1 89 519 -1 520 521 -1 42 776 -1 1024 -1 43 -1
19025 2 -1
21117 5 70 1064 -1
180 1 2 645 646 -1 643 -1
22309 10 -1 217 -1 5 -1 6588 -1
1050 63 -1
848 2969 -1
10509 2 4792 -1 76 -1
14669 0 -1
13255 2 -1
14899 54 232 -1
10453 5 54 -1 10297 -1
20572 3028 3029 3030 -1 3031 -1 3032 3033 -1 3035 -1 2821 -1 3036 -1 3037 3038 -1 3039 -1 3040 -1 3041 -1 3042 -1 797 -1 976 977 2141 2142 3043 -1 445 -1 466 584 1022 -1
6570 2 -1
20664 602 -1 1592 -1 1768 1884 1887 -1 1 -1 1905 -1 214 665 1769 1770 -1 6 315 13858 -1
208 140 -1 777 778 779 780 -1 781 -1 238 280 -1 241 782 -1 2 783 -1 99 784 -1 63 -1 6 48 -1 147 -1 437 447 785 -1 464 786 -1
21278 204 11779 -1
15152 11900 -1 11901 -1 2 11902 -1
10086 503 -1 5533 -1 378 -1 379 -1 1709 4473 -1 272 -1 5379 5848 10118 10119 -1 5849 -1 6 6486 10120 -1 1495 -1 10121 -1 204 -1 1867 1868 10122 -1 76 147 -1 291 876 2947 3973 -1 2825 -1
2529 2 5315 -1
12036 505 -1 10 144 488 -1 5 313 -1 4987 -1 1143 -1
21619 5 798 -1
6040 377 -1
15118 10 -1 5 647 -1 219 -1 2027 3881 -1 2 221 -1
7461 10 553 -1 5 295 4314 -1 829 841 4322 -1 63 -1
2125 4974 -1
18475 664 -1 5 137 261 272 862 -1 72 437 -1
18889 5191 -1 5 55 -1 293 10156 -1
15810 4867 -1 3820 -1
23268 2 -1
23627 10 -1 5 277 -1
6277 669 -1 5849 -1
17422 2 -1
1648 10 -1 0 -1
9631 10 -1 40 -1
18447 0 5 -1 2 259 -1
587 669 1941 -1
18650 986 -1 2 39 -1 147 -1
13045 2 -1
23985 313 -1
2874 5648 -1
804 6 -1 398 -1 399 -1 2845 2846 -1 590 2847 -1 48 1955 2848 2849 -1 49 50 204 1772 2850 -1 1957 2231 -1 1961 2851 -1 1574 -1 2852 -1 205 2233 2353 2395 -1
5281 10 -1 0 7565 -1
22701 2 -1
19641 447 2331 -1
15832 323 -1 328 329 -1 330 331 -1 332 -1 333 -1
6723 72 -1
1462 5 10 214 217 3881 -1 1680 -1 626 2036 -1 3498 -1 154 2871 -1 421 2284 -1 147 -1 315 -1
15558 0 -1
16257 10 -1
7861 2 86 -1
13019 0 5 10 786 -1
5232 5 10 -1
20893 3347 -1 2 5078 -1
19130 5 -1
4113 495 -1
7640 466 1733 -1
4923 10 1062 -1 26 -1
9880 5 10 -1 356 511 -1 258 -1
22634 135 493 -1
358 245 -1
4684 5 685 -1
13897 5 6319 -1 589 -1
9928 147 291 -1
15567 505 -1 10 268 -1 0 217 986 -1 5 341 -1 1 -1 8 259 969 3196 3386 -1 1024 -1 828 1811 -1 239 1468 1829 -1 688 -1 841 2132 -1
13390 2 -1
10976 10459 -1 6634 -1
21993 2 589 -1 76 -1
4074 2 6596 -1
19585 2 -1 105 -1 6 147 -1
15234 2 5 -1
13988 5 -1
4565 1033 -1 2 167 -1
16306 2 501 3274 -1
13182 5542 -1 2218 -1 5706 -1 1480 -1 2219 5572 -1 6 208 605 889 -1 878 2866 -1 447 -1 2331 -1
10392 5 8513 -1
13000 2846 7008 -1 2229 2864 -1 147 434 -1
8282 1523 -1 0 10 -1 2023 -1 5 302 313 -1 54 1143 -1 2 -1
6 13 14 -1 15 -1
4603 88 -1 253 -1 2 1687 6894 -1
13931 0 11522 -1
19539 5 10231 -1 277 -1
2625 2 -1
10609 2 -1
18072 268 378 2323 -1
2220 71 -1
24460 1507 -1
11174 1364 -1 5 10 313 -1
14991 3 277 -1
12989 10 68 -1 11186 -1 5 82 -1 2 6 -1 3688 -1 661 -1
19684 10233 -1
8799 2 -1
19859 2 -1
24111 3 5 10 -1
16602 1651 -1 1130 2952 4732 5683 -1 3879 4495 -1 1516 -1 1807 2271 2273 -1 515 -1 516 770 883 2275 -1 2820 -1 771 1029 -1 4740 -1 772 -1 2071 2972 4561 -1 893 -1 2123 -1 1465 -1 2280 -1 1034 -1 1466 -1 2974 4742 5108 5692 -1 4673 -1 774 -1 490 -1 775 2873 -1 826 -1 1131 9928 -1 4335 -1 4506 -1 1018 -1 371 -1 519 2131 3435 -1 1826 2079 -1 520 -1 521 776 -1 140 -1
18416 525 1517 -1 526 2282 -1 527 -1 2 528 529 1518 2283 -1 422 445 -1
6326 2 -1
3067 5 5867 -1
330 54 1028 -1
4500 5 3408 -1
1829 0 10 -1
11216 10543 -1 2 469 -1
3770 26 -1 2 -1
9538 275 401 3667 5766 9935 -1 896 -1 9936 -1
4495 0 6799 -1
16402 3 -1
24564 609 9261 -1 2302 3775 4640 7736 -1
19945 1 5 -1 49 -1
18482 0 -1
16026 2 10436 -1
1208 3600 -1
24631 441 445 -1 449 453 -1
18906 3154 -1 150 268 3240 5614 -1 5 10 16 -1 350 1017 3386 3482 6635 -1 302 -1
14161 293 -1 11578 -1
18851 135 469 -1
3231 76 -1
8147 5 10 26 217 3790 -1 513 2820 -1 89 520 524 -1
17739 54 137 -1
3643 2302 -1 6360 -1
22311 1 -1 2 13755 -1 466 -1
15452 72 -1
9323 26 -1 0 -1
570 1862 -1
1811 4430 -1
19518 572 12415 -1
19226 2 82 491 -1
22151 3863 -1 281 3776 3864 -1 2108 -1 2109 -1 2110 -1 2111 -1 2112 -1 2113 3865 -1 2114 2115 3866 3867 4783 -1 0 10 217 2326 -1 5 295 -1 214 -1 252 -1 520 844 1461 2176 3870 -1 776 4750 6012 -1 503 779 -1 1145 5494 6924 -1 6928 -1 2 1066 8258 14183 -1 2447 -1 9447 -1 13 -1 104 7120 -1 110 -1 111 -1 7143 -1 148 9157 -1 2415 -1 2416 -1 7163 -1 2092 -1 643 -1
23710 1 315 -1
15679 2 -1
16685 1750 -1
9826 5 10 611 1530 -1 440 472 2992 4563 -1
5467 7859 -1 70 669 -1 2309 -1 567 -1
6691 2 -1
19346 12831 -1
5777 8042 -1
2518 89 1034 -1 969 -1 43 2134 -1 305 503 2135 5109 -1 3719 -1 2 -1 5309 -1 5310 -1 63 2092 4067 -1 147 2825 5311 -1
23366 2343 -1 0 -1
24961 2 4837 -1
12163 2 293 539 3729 -1
22938 14355 -1
3622 315 792 1010 1751 -1
4589 2 5 10 -1
20251 5 1489 -1
9727 505 506 -1 4514 -1 10 -1
9417 3 647 -1 2 -1 9876 -1
15343 806 -1 2 -1
18225 7094 -1 6964 7096 -1 6300 -1 1610 -1 7117 -1 48 129 132 959 5235 13175 -1 890 -1
3164 2 -1
12475 2 76 -1
961 228 1769 1823 -1 363 1530 1828 -1
9285 423 6047 -1 632 7403 -1
22675 245 -1 771 -1 2 -1
24335 647 -1
10954 31 -1
2797 2 10 356 -1
12183 5 3383 -1 4057 -1 89 302 -1
17290 1598 -1 0 5 -1 12902 -1 54 1646 12903 -1
1957 0 -1 214 -1
19864 10 -1 2 5 3186 -1
1776 4381 4382 -1 1494 -1 3281 4383 -1 4384 -1 1495 3282 3283 3904 4385 4386 -1 3905 -1 249 4387 -1 1498 -1 4388 -1 4389 -1
3 5 6 -1
17260 1902 -1
2361 524 -1
12668 5281 -1 1955 3275 8675 -1 1166 10954 11095 11096 11097 11098 -1 8703 -1 49 -1 3904 -1 1495 -1 204 -1 8154 -1 205 6075 7561 11099 11100 -1 6076 -1 2816 -1 11101 -1
22922 14342 -1
170 6 627 628 629 -1
15204 0 5 10 11930 -1
7201 5091 5092 -1 4832 -1 4833 -1 4834 4835 4836 -1 4837 4838 4839 -1 4840 -1 5100 -1 0 217 639 -1 5 -1 1804 3384 4693 7487 -1 1837 -1 1643 3196 -1
3197 26 -1
3763 5957 -1
6976 253 1685 2951 -1 2 695 -1 1137 -1 933 -1
5907 2 8096 -1
3785 82 -1
19386 2 -1
1868 3 489 -1
10214 507 -1 0 217 986 -1 137 -1 5528 -1 513 5544 5624 -1 1807 -1
21066 986 -1
6802 2 1533 8535 -1
11466 3 4265 10614 -1
7746 2438 -1 3261 -1 3489 -1 1480 -1
19556 5 -1 2 -1
3189 0 293 -1
18397 205 1957 -1 210 3125 7564 8829 13239 -1 3127 -1 86 -1 3477 3478 -1
6449 5 -1
2149 2 380 671 695 881 1029 1516 5012 -1 700 5013 5014 -1 5015 -1 1713 -1 5016 -1 5017 -1 2174 5018 -1 831 1831 3234 3807 4089 -1 4042 -1 111 -1 124 3808 5019 -1 5020 5021 5022 -1 651 5023 -1 63 551 583 643 1036 2388 2413 5024 5025 5026 5027 -1
18232 250 -1 0 -1
6964 2 823 8602 -1
14600 0 5 10 217 -1 2071 -1 503 893 -1 3803 -1
11021 1179 2433 -1
16264 489 -1
6318 315 -1
17484 1516 -1 490 -1
2457 0 -1 5 -1 3229 -1 272 842 3369 -1
12844 8614 -1 54 -1
5005 10 150 -1 5 313 -1 54 -1 761 -1 227 -1 540 1535 3456 -1 772 1029 2071 -1 1809 -1 826 -1 379 381 -1 696 -1 82 100 -1 101 -1 204 315 1495 1558 -1
10425 1 -1
8914 2 5 10 217 -1 147 4666 -1
17154 377 -1 1955 3690 -1
24762 357 775 -1 433 1131 1140 2082 2958 4044 14768 -1 442 445 -1 4780 -1
8965 5 -1
7987 5 -1 990 3498 -1 2 -1
7276 10 217 986 -1
11895 5 10 302 -1
2053 2 4826 -1
9703 661 -1
3278 10 -1
12150 5 55 88 1802 2024 -1 1837 -1 2210 -1 758 3869 -1 356 -1 1461 1764 -1 20 761 844 5664 -1 603 1645 -1 254 746 3332 -1 1805 -1 24 -1 740 -1 232 258 687 -1 89 1755 -1 776 -1 141 -1 2189 -1
13137 5 -1
8634 2 5 10 -1
21962 5 134 606 -1
22501 3260 -1
23165 323 -1 774 -1 2 -1
14634 11328 -1 5 489 -1 10263 -1
24393 10 -1
6718 5 -1
17277 5068 -1
11901 2 10809 -1
4440 5 -1 24 228 -1 2951 -1 649 2123 -1
580 54 1494 -1
6328 135 423 632 865 -1
7200 63 -1
10247 76 3422 10214 -1
1853 2360 -1
21221 7578 -1
10058 10 879 -1
21079 10 -1 5 -1 513 881 -1 6332 -1 968 -1 280 524 525 -1 527 -1 2 528 -1
2870 10 -1 5 217 -1
23323 3346 -1 6401 -1 0 -1
4145 5 -1
17702 733 -1
24329 1 137 503 -1
17351 0 -1
16879 5 39 -1 5621 -1 1753 -1 4694 -1 6759 -1 24 581 2263 -1
688 505 -1 10 26 144 986 -1 0 217 -1
3114 2 -1
2034 5 -1 4805 -1 883 -1
24230 1769 -1 5564 -1
4411 5 10 -1
22983 2 -1
23770 5 268 -1 12988 -1
12407 10 -1
19308 330 -1
18174 5 -1
20544 3 5 -1
23791 0 10 -1
417 661 -1 135 -1
7439 823 -1 2 824 -1
18654 10 -1 3 -1 0 5 -1
9775 4375 -1 5 10 -1
2271 0 5149 -1
2311 0 10 -1 217 -1 5 5166 -1
7261 54 -1
10989 2 3915 -1
4976 76 -1
24290 5 10 -1
15523 0 5 -1
19456 737 -1
5674 0 -1
11255 0 4306 10560 -1
8462 39 3455 -1 2 5 -1
17927 10 1537 -1
9540 372 -1
16202 274 -1 5 293 -1 2 -1
884 2 -1
14712 10 -1 0 5 581 -1
9590 87 445 -1
15754 5 -1
12344 147 -1
15584 3208 -1
544 832 1830 1831 1832 -1 423 1833 -1 147 464 1654 1834 -1
12172 1815 4969 -1
2139 4990 -1
23862 72 -1
9173 2 6 3763 -1
18614 5 216 -1
6455 323 -1 324 -1 325 -1 326 -1
5733 3074 -1
101 10 -1
14629 848 -1 2 -1
13803 1150 -1 2366 -1 2415 -1 2416 2417 2419 -1 4773 9099 -1 63 -1 3884 -1 5752 -1 3401 3652 5112 -1 728 3637 -1 70 134 422 -1 566 -1 76 147 311 998 4097 -1 434 -1 72 143 869 -1
3929 5 -1
7301 10 -1
19403 2 7402 -1
13472 10 -1 0 -1 5 -1 2 1771 -1
11801 10 -1 5 -1 10761 -1 40 45 88 -1
982 3222 -1 380 1710 -1
18431 1170 -1
19868 0 -1
19330 3356 -1 0 -1
6353 5 10 44 522 696 -1 2012 -1 272 3775 6671 -1
12269 527 1518 -1
3077 2 5 -1
16243 245 -1 26 -1
14334 1 2 -1
10557 1453 -1
18341 484 1534 8317 -1 2 -1
6954 89 969 -1 259 -1 372 379 1024 2049 2886 3484 -1 2 3321 -1 700 5013 5015 6118 -1 2167 3485 -1 2169 -1 4628 -1 703 2875 4821 6260 6577 -1 97 100 101 1558 1743 2056 2355 2876 2976 -1 713 -1 716 4064 6985 -1 2058 2978 -1 2060 -1 63 -1 2455 -1 903 1480 -1 718 4069 -1 1036 2388 -1 847 -1 1611 -1 725 -1 834 3145 -1 2220 -1 3404 -1 134 -1 865 4479 4596 -1 884 5082 -1 311 530 2356 3378 -1 135 1100 3406 -1 447 -1 3128 4980 -1 3956 -1 244 469 -1 1037 2825 3537 4045 -1 1751 -1 5829 -1
7957 3 5 -1 54 -1
16617 7033 -1
12426 82 1592 -1
2742 10 -1
9344 2 -1
12192 1460 -1
20314 0 -1 2 293 -1
14132 2 -1
15527 76 -1
11241 3 10 -1 0 5 137 1064 -1 1543 1544 -1 630 -1
24523 2 -1
5332 204 -1
21518 5 -1 14063 -1
12517 5982 -1
23724 6 -1 48 422 530 -1 743 -1
21485 5 437 567 -1
3588 10 -1 5 241 5494 -1 3248 5495 -1 5496 6313 -1 1585 5497 6150 6314 -1 5863 -1 6315 -1 6316 6317 6318 6319 -1
1705 2153 -1 10 -1
20973 8875 -1 0 10 -1 217 -1 5 -1 9853 -1 6635 -1 1017 3257 3384 4959 -1 20 154 228 302 363 2375 -1 157 1024 -1 828 -1 3229 3451 -1 2 272 4850 -1 13926 -1 132 -1
5014 5 10 483 -1
6114 2 -1
9824 495 4011 -1
3819 3 -1
11808 5 3197 -1 632 -1 135 1100 -1 147 -1
2654 5 655 -1
11228 2080 -1
6194 136 4939 -1
19899 6808 -1
20883 13910 -1
3312 320 3480 -1
4157 915 1655 -1
1078 63 -1
13404 2407 5741 -1 3811 -1 1663 -1 832 9157 -1 583 2365 2415 11344 -1 2058 2385 4773 5310 7162 -1 6 277 2092 -1 1494 4382 -1 76 204 1495 1498 1512 -1 437 -1
17869 1817 -1
17225 5 10 38 -1
3930 5 -1 2191 -1 2 -1 76 -1
6457 2 76 -1
17576 0 -1
6730 2 5 217 -1
11244 17 -1
16309 7464 11328 -1
9721 68 -1 10 -1 2 5 1145 9989 -1 2144 -1
1112 1822 -1 0 5 10 346 553 -1
3054 2 -1
6011 3154 -1
22830 2 -1
591 356 -1 2 -1
18166 0 13159 -1
613 2 -1
14767 10 -1 0 5 217 253 1455 1643 1690 1753 -1 24 -1 511 -1 3499 -1 234 826 1462 1864 -1 4506 -1 2130 -1 141 776 -1 4754 -1 259 4000 -1 1468 -1 3347 7396 8028 9383 -1 2 841 1794 2133 2134 3718 6959 11793 -1 2406 3231 5427 -1
23086 2 -1
21573 2 3 606 -1 14069 -1
11938 5 -1
15111 2 3261 -1
22874 5 -1 1 277 8423 -1 6 896 -1
22700 5 10 2024 -1
18164 1 -1 3482 -1 86 -1
2771 135 204 5504 -1
21404 10 -1 5 1919 -1 2957 -1
8844 7085 -1
20104 1104 -1 0 1568 -1
15716 799 844 1645 1980 5253 -1 157 360 1535 -1
24968 9631 -1
1133 70 3493 -1 143 -1
8162 2 884 -1
13158 10 -1 3 287 -1 217 -1 5 -1 11231 -1 1887 -1 4169 -1 751 5393 -1 1768 1770 1911 5038 6117 8432 -1 137 581 929 -1 930 2951 -1 3602 -1 2 6445 -1 533 -1 147 -1 437 -1 674 -1 2302 4547 4638 9832 -1 869 2017 -1 7863 -1 3144 -1 677 2983 -1 8035 -1
17581 89 519 4628 -1
24049 2 -1
24186 137 8786 -1
1318 259 280 3472 3717 -1 1024 -1 1468 -1 688 -1 247 375 2134 -1 3718 -1 305 782 -1 1609 -1 3719 -1
16558 217 12696 -1 12697 -1
12723 10 -1 0 5 3314 -1
1845 137 214 631 1569 3337 -1 70 -1 76 289 533 998 999 4478 4479 4480 -1 147 632 1076 -1
6644 147 -1
1694 4239 -1
9293 5 54 -1
15097 2 5 -1
22471 13533 -1 2 -1
18053 2 634 6419 -1
15401 6036 -1
22797 5 10 72 2951 3719 -1 2825 9459 -1
21089 1 5 -1
12131 5 686 -1
1394 253 746 -1 581 -1 154 229 -1 230 231 258 1708 -1 3186 -1 513 -1 135 147 666 1709 3777 -1
18952 2 10 54 -1 13383 -1
10201 6246 -1
17378 0 10 -1 5 1656 -1 1 1657 -1
10593 26 1016 -1 9869 -1
22087 14171 -1
1119 0 2 5 -1
10589 4049 -1
1892 2 -1
6451 5 -1 293 -1
14967 5 -1
17375 5 1750 -1
9693 90 -1 2 6 -1
13096 2 298 299 870 3014 11218 -1 315 2306 -1 677 -1
4632 0 3 -1 5 214 217 1836 -1 685 1804 4694 -1 353 2257 2260 -1 2133 -1 5396 6924 6925 -1 1145 5495 6926 -1 5496 -1 6927 6928 -1 6929 6930 -1 2401 6314 -1 5497 -1 6931 -1 6932 -1 6933 -1 6150 6934 -1 5863 6935 -1 6936 6937 6938 -1 2 6 2799 6606 -1 2802 -1 49 50 400 6052 -1 890 -1
6534 2 5 -1 13 -1
3832 531 -1
19846 2951 -1
20129 8170 -1
14896 6526 -1
4090 0 -1 6604 -1 2 -1 6605 -1
22849 140 -1 141 143 454 -1
13946 10 -1 0 5 -1 54 -1 5054 -1
15233 144 268 -1 10 -1 0 -1 5 -1
8607 2 5 274 -1
13430 2230 -1
12461 5 -1
6414 8353 -1 2 -1
9954 3180 -1 5 -1 862 -1 2 -1
5754 10 -1 0 5 88 -1 685 -1 881 919 -1 45 -1
18479 3 1038 -1 6 1725 -1
17167 5 17 1033 -1 669 -1 6 1089 -1 210 -1
20069 10 -1
3926 0 6495 -1
3610 0 5 -1
5359 10 -1 5 55 217 1615 1806 -1 1600 -1 1128 -1 367 3550 -1 3119 3457 -1 235 236 -1 2 2877 -1 147 -1
10645 2 -1 10251 -1 10352 -1
3579 0 5 -1 6307 -1
13743 5 -1
16608 2 5 -1 1793 -1
7252 3 -1
1417 3324 -1 2325 3239 -1 3211 -1 0 5 10 217 1870 -1 752 818 857 3789 -1 1944 -1 1536 1911 3790 -1 1740 -1 55 348 1919 -1 3360 -1
20632 3 -1
18480 0 -1
307 0 10 217 -1 5 -1 1 968 -1 969 -1 280 -1 57 827 970 -1 971 -1 597 -1 972 -1 6 238 973 -1 147 -1
4759 268 -1
24994 2 5 14802 -1
15642 2 1134 -1
23657 2 630 -1
21958 147 885 14138 -1
23442 1123 -1 220 1513 1647 5368 -1 1687 1805 -1 24 -1 503 -1 2874 -1
2905 5 10 26 253 1687 5760 -1 2 82 -1 6 1771 -1 50 5761 -1 400 4588 5762 -1 5202 5763 5764 -1 5086 5765 -1 5766 5767 -1
3015 4790 -1 86 -1
191 661 -1 135 -1
15082 5 -1 2 1947 -1
20846 5488 -1
11971 2 -1
23459 10 1304 -1
19479 0 -1 2 4084 -1 119 -1
12309 5 10 506 -1 513 3602 -1 5054 -1 525 528 1133 -1 1134 4029 -1 2 884 -1
23870 3 -1 1778 -1
608 2 54 63 -1
1526 5 10 -1
14859 217 -1 5 -1 3791 -1 3543 -1 301 539 3196 3761 -1 3393 -1 841 2180 5051 5109 -1 260 -1 262 -1 2 3372 3373 3374 11818 11819 -1 557 -1 3375 -1 147 4775 4965 -1 437 -1 444 -1
7691 445 -1
4266 1569 -1
16874 2152 -1 5 1598 12778 -1
20385 2 5 516 -1 2332 -1
12634 2 5 10 76 4430 -1
1650 315 -1
15992 54 -1
20751 0 10 39 656 658 660 664 -1
3909 76 -1
12449 10 -1 26 217 -1 5 -1 6 82 84 277 2885 4367 6176 -1
10443 2 3 -1
19030 10 -1 5 11 639 1828 -1
17394 268 -1 0 10 159 -1 5 3514 -1 4695 -1 540 4499 -1 44 4978 -1 305 -1
11424 1644 -1
14483 2 -1 6 422 434 442 11704 -1 675 -1
20070 2 12943 -1
11737 5 3730 -1
20413 214 4425 -1 2 2132 -1
24505 3 -1
334 1037 -1
5610 245 -1 10 -1 5 26 -1 665 -1
16350 445 584 -1
17570 0 -1
15474 76 -1
15778 505 -1 10 -1
696 76 -1
14423 743 -1
15453 130 -1
880 5 -1
21453 8238 -1
9598 3 -1
20679 1980 -1 293 -1
11203 5 311 -1
17059 12836 -1 82 -1 6 9334 -1 3164 -1 3165 3166 -1 3167 3168 -1 3169 3170 -1 3171 3172 3173 3174 3175 -1 3176 -1
4642 5 685 3367 -1
2713 3 -1 489 -1 0 -1
8364 5 1776 -1
19617 0 -1
15704 5 137 -1 82 11945 -1
10617 9860 -1
14877 3 5217 -1 90 -1
21733 642 -1
16201 2 137 -1
7318 5 -1
15364 3 5 -1 820 -1 2 870 2306 3887 -1
7335 3 5 -1
7860 3587 -1 5 -1
4559 151 293 6841 -1
1520 5 3966 -1
21539 0 5 10 137 -1 2 135 -1
12203 4116 -1 0 10905 -1
18727 0 13319 -1
3859 2 -1
20457 320 -1
12564 10 -1 5 -1 10293 -1
23812 2 315 -1
5998 3514 -1 1024 5110 -1 5593 5703 -1 7048 -1 7049 -1 2169 -1 1558 1714 -1 1715 5735 5736 6275 7448 -1
17465 1524 -1 3 10 -1
21950 10 68 1822 -1 1 5 313 -1
22422 0 -1 5 -1 137 -1
6679 10 -1 2 8491 -1
18994 13394 -1
22535 2 -1
2330 2 685 5181 -1
24408 10 -1 5 -1
11305 642 -1 5 -1
23066 0 -1 5 14383 -1 76 14384 -1
3050 2 531 1043 1137 -1
3541 4014 -1
23343 572 836 915 -1
11951 460 -1 481 3128 -1
2872 2 5 -1
9327 2 1489 -1
7207 5 10 -1 1064 -1
4899 2 7298 -1
8467 10 -1
12095 6120 -1
19986 68 -1
11702 217 -1
17358 597 4627 -1 1148 -1 63 600 -1 147 445 1483 -1 460 -1 466 4637 -1
22623 3619 -1
861 2 -1
5587 137 -1 2162 -1
20834 2 -1 6 -1 204 1506 2353 4360 5558 -1
24362 3603 -1
3562 0 5 10 217 -1 1024 -1 3517 -1 827 -1 793 1989 4755 -1 828 -1
15569 72 1920 -1
18808 6 1153 -1
2447 0 -1 5 5262 -1
13005 5 -1 5054 -1
22639 2 5 -1
18360 55 1643 -1
11618 10 -1 26 616 -1 5 -1 665 -1
12054 10 -1
18281 1807 4805 4978 -1 919 -1
23767 5 6 -1
4342 5 -1 2 6732 6733 -1
16291 147 -1 441 -1
1098 0 3 -1 2 -1
2341 5 -1 2 -1
21212 2115 3823 -1
3429 5 54 1873 -1 72 -1
2459 2 2055 5266 -1
17980 6 -1
20393 0 1198 -1
20320 10 -1
23717 2 583 -1
15472 969 -1
5688 336 -1
11189 39 -1 658 659 -1 3455 -1 660 -1 5 -1 1871 -1 1884 -1 1 4195 4212 -1 37 40 302 943 4438 -1 137 630 -1 631 -1 3503 -1 1643 -1 3196 8177 -1
4018 5 -1 2 76 809 1064 -1
762 10 -1
19048 10 -1
9064 5 -1 1989 -1
13561 3002 -1 0 -1 5 -1
465 5 -1
8758 315 -1
12981 6 27 1049 1930 -1 2225 -1 31 2242 -1 320 567 -1
23240 0 5 2952 -1
17009 311 736 3101 10714 -1
16714 776 -1 433 -1 467 837 -1
6211 10 2000 5103 -1 986 -1 5 -1 270 2024 -1 41 1737 -1 3256 -1 3257 -1
14033 4866 -1
6872 0 2 5 -1
10744 2069 -1 2261 -1 822 -1 746 1647 4720 -1 581 3448 -1 282 4059 -1
4548 2142 -1
11065 1 2 2864 -1
4549 3 10 1038 -1 0 -1 2 5 -1
13718 10 -1 0 -1 5 -1
4952 0 5 10 82 -1 2 -1
24342 5758 -1
21529 5 -1 2 -1
456 1 157 -1
1072 2 5 10 3430 -1
22324 12989 -1
7448 3 10 -1
16789 2253 -1
19606 647 -1 5 217 752 -1 231 881 -1 2 1807 -1
21114 2 147 448 -1
411 147 495 -1
6621 54 534 -1 2 8463 -1
2955 1747 -1 377 -1
16400 2 5 -1
24887 669 14352 -1
15904 2 2315 4034 -1 12496 -1
17845 245 -1
16332 5 -1 1 -1
22492 3 5 -1
8765 2 -1
14038 10 -1
21721 3615 -1 87 -1 865 -1 425 977 -1 445 -1
21020 1556 -1
23030 2 3369 7538 -1
13072 1022 -1
14082 315 -1
5437 7754 -1 2 3343 -1
21862 611 -1 5 10863 -1 1867 -1
20591 816 -1 3155 -1
12204 3866 -1
8623 2 1147 -1
19500 0 -1
16203 4077 -1
22598 3 -1 0 1534 2176 3332 4705 -1 445 3044 3973 5011 -1
17348 6 -1
16461 489 -1
2688 10 150 -1 3 -1 0 5 217 -1 3679 -1 37 -1 54 253 3944 -1 229 280 -1 272 863 1468 1794 -1 1020 -1 101 396 -1 103 -1
10803 10 -1 5 217 -1
9654 2 5 6658 -1 63 -1
6969 10 2325 -1 0 -1 5 3662 -1 302 -1 219 -1 539 -1 240 2028 -1 1569 -1 6448 -1 47 272 282 -1 1173 -1 61 -1 8605 -1
1201 3595 -1 2 -1
3580 5 -1
23458 1 -1
1788 72 -1
22910 5 90 -1
12537 3 -1 165 283 3392 -1 199 203 493 3890 -1
24072 5 4057 -1 154 256 -1 3220 -1 2049 -1
15680 533 4052 11443 -1 315 5983 -1
7415 2 6392 -1
18582 3 -1
13499 2 -1
21113 268 4659 -1 0 5 10 647 13954 -1
46 214 227 -1 228 229 230 231 232 -1 233 234 -1 89 235 236 -1 237 -1 238 239 -1 240 -1 241 -1 242 -1 134 -1 147 -1 243 244 -1
8760 54 -1
817 2 2890 -1
23559 9746 -1
9582 2 -1
1770 4373 -1
9552 3353 9947 -1
20931 76 -1
2575 2816 -1 211 5344 5345 5346 -1
19136 1735 -1
12882 1117 -1
24662 828 -1
22984 10 -1 0 -1 5 1454 1768 -1 1769 -1 503 3311 4310 14366 -1 13 913 914 2297 2452 9759 -1 96 -1 97 103 104 -1 4043 -1 63 -1 437 -1 445 4217 -1 454 -1 1022 -1 463 -1
14843 5 -1
13769 2 -1
15286 553 1822 -1 10 -1 489 -1 0 5 55 3789 -1
16680 2 -1
4792 655 -1
11802 5 82 6503 7217 9265 -1
1378 5 637 -1
17956 293 3186 -1
7761 491 -1
11201 54 154 -1 2 8451 -1
3214 1 -1
17150 0 5 -1 3459 12858 12859 -1
19956 3 10 -1
11335 2 -1
14557 5 -1
22037 260 261 -1
2301 3 -1 217 -1 5 2011 -1 758 -1 240 241 356 511 -1
2787 634 -1
10096 4613 -1
7964 5 4661 9089 -1
13641 2480 -1
18439 1 -1 76 -1
6195 6 -1
12976 11184 -1
8912 10 322 -1
21124 0 -1 2 5 13 -1 129 3808 -1 32 3684 -1
16781 4760 5501 -1
2166 5 10 -1 1837 -1 1643 -1
5861 2 -1
11107 0 2 -1
13108 2 -1
18878 2 -1
5221 5 -1 2116 -1 3761 -1 2 5053 5748 -1 3582 5749 -1 5242 7537 -1 7538 -1 4775 -1
18937 0 5 -1 2 293 -1
2428 2343 -1
10997 10 -1 5 -1 1657 -1
11279 26 -1
3501 72 -1
20288 10 -1 5 -1
23021 10 26 268 -1 2 5 -1
24751 0 5 -1
3368 6 84 -1 85 -1
24104 337 -1 5 10 338 354 -1 3955 -1
5124 452 -1
21432 533 3236 -1
1572 2 -1
11322 4839 -1 4840 -1 5100 5286 -1
3532 5 10 -1
17305 5 6 -1 315 -1
12968 2 -1
98 144 -1 1 2 5 135 488 489 490 -1 491 -1 492 493 -1 494 -1 495 496 497 498 -1
18350 520 -1
5235 1038 -1
7558 5 -1 54 -1 2 -1
10178 267 -1 3345 -1 1161 -1 0 10 -1 217 -1 5 2255 -1 362 -1 228 230 363 -1 231 1599 -1 2167 2451 -1 97 98 8360 -1 396 -1 1480 4090 -1
12779 144 -1
10019 10096 -1
18051 4067 -1
14126 5 -1
17695 5 5654 -1 814 -1
16554 292 -1
12896 10 68 -1
9315 6 204 -1
4025 2 -1
11582 10 -1 0 -1 2 5 -1 10648 -1 4989 -1 8281 -1 1712 5075 5728 6307 7039 -1
11821 3 439 -1
19124 10 -1 0 3 2308 -1 217 -1 5 539 1017 -1 1646 -1 1124 4734 -1 881 -1 3389 -1 44 -1 7893 -1 1144 -1 4623 6863 -1 5702 -1 7037 10766 -1
3768 5 147 -1
14960 2 -1 6 13 320 1528 -1
13220 592 1506 3909 10720 10922 -1 896 3339 7980 -1 147 -1 432 866 3237 -1 433 434 435 586 -1 436 -1 9277 -1 441 442 -1 445 785 786 867 3322 3726 4781 -1 454 -1 3410 -1
20517 0 -1
17704 10 -1 611 -1
23131 68 -1 6891 8304 -1 267 -1 10 268 -1 986 -1 0 -1 217 -1 5 -1 55 302 817 -1 214 13146 -1 4585 -1 356 1679 3196 -1 153 227 539 -1 253 -1 1684 -1 1685 1688 -1
13989 1568 -1 5 302 3663 -1 261 -1 4768 -1
13552 63 5242 5966 -1 491 -1
14744 0 5 -1
6963 0 -1
3055 0 -1 2 -1
13504 0 -1
8629 26 322 -1 5 -1 888 -1 82 -1 184 185 283 2768 9434 9545 -1 203 277 -1 6 -1 1506 7729 7974 8687 9546 -1 7352 -1 924 2353 -1 9016 -1 5236 -1 3159 -1 9547 -1 4791 4792 -1 275 6869 9548 -1 9549 9550 -1 896 2299 5411 6909 -1 9551 9552 -1 9553 -1 4078 -1 8682 9554 -1 9555 9556 -1 2147 5519 9557 -1 3151 -1 878 2862 -1
7909 2 -1
6632 1 -1 1913 -1 945 -1 214 -1 13 533 572 1558 -1 2081 3254 3536 -1
18153 5 2885 -1 377 -1
6109 315 3630 -1
24345 2 -1
6483 2 -1
11825 10 -1 26 -1
13190 315 -1
9957 2 5 10 -1
16666 3619 -1
1772 137 4374 -1
15530 2330 -1 6 -1
15448 13 489 -1
4595 5478 -1
20668 534 -1 5 -1
23064 5 -1
6628 5 10 68 -1 1033 -1 42 -1 1747 -1 293 377 583 2365 7880 -1 134 -1 2194 5818 -1 5757 -1
11523 1 5 90 250 3389 -1
10668 144 488 -1 10 -1 2246 -1 39 -1
13827 0 10 -1
23352 2 -1
20351 2 -1
14475 85 -1 1774 -1
11740 5 6 -1
24317 6438 -1
15437 1959 -1
13037 5 11202 -1
21140 3128 -1
19976 6380 -1
14574 147 -1
22768 1 -1 2 82 8508 -1
2642 2 3638 -1
19282 5 -1
21188 137 776 -1
10028 10 68 -1 5 -1
13435 0 -1
13466 8588 11363 -1
12321 844 9394 -1
12542 10 -1 5 1547 1883 5523 -1 772 888 -1 259 969 -1 280 696 -1
4566 51 6857 -1
17623 5 -1
3505 3747 -1 713 3234 3811 6232 -1
19517 0 10 1450 -1 5 -1 55 3360 -1 349 755 1455 3384 3469 -1 3796 4961 -1 544 -1 152 761 -1 20 362 1685 2154 3332 -1 363 -1 24 -1 2950 -1 154 256 258 367 767 1856 -1
19050 5 10 -1 2 -1
24311 0 -1 5 82 -1
20540 5 -1
5773 2 -1 5716 -1
1256 10 293 -1
6208 16 -1
18921 10 -1 5 -1 48 -1
13338 10 217 268 -1
5385 676 -1
20880 5 -1
13205 10 -1 5 -1
12770 637 3181 5052 -1
22759 800 -1
22045 1558 -1
19573 2 1064 5815 -1
8567 787 -1
20039 2 -1
13903 2167 -1
21556 39 -1 2 5 -1 147 315 869 -1
7535 1 5 660 664 -1
17977 2172 -1
6204 5 82 -1
22130 5 -1
22544 0 13435 -1
1796 293 -1
17654 137 -1 2 -1
19817 5 -1
7238 54 509 -1 8748 -1
3964 3 -1 26 -1 5 -1 1592 1768 1883 1884 1901 -1 1 -1 1769 1770 1905 -1
15232 3 -1 2 -1
7947 5 -1
17549 277 -1
16498 144 -1 2 3 -1
18899 2 -1
22427 10 26 -1
18609 2 -1
7441 7939 -1 5498 6637 8846 -1 6319 8258 -1
14897 2372 -1 320 -1 736 -1
14594 647 -1 214 -1
4290 158 718 1708 2951 5921 -1
4371 6739 -1
22851 5 10 26 -1
6395 2 -1
21475 7400 -1 315 320 1527 2242 -1
4447 26 268 -1 0 5 -1 4058 -1
4900 293 -1
21260 1750 -1
9902 5 -1 1068 -1
14428 10 -1 986 -1 5 -1 280 -1 1955 -1 48 -1 289 3690 -1
15824 2 483 -1
13699 2 -1
10078 10 -1 69 -1
23578 2069 -1 147 2261 2441 -1
6403 2 -1
3383 232 6155 -1
1443 10 -1 217 986 -1 5 154 260 261 -1 2 3842 3843 -1 3261 3375 3844 -1
8190 729 2980 -1
16104 54 -1 12560 -1
17269 5 54 -1 2 2398 12888 -1 48 3909 -1
2669 0 -1 5 -1 2 -1
7347 5 10 -1
7091 39 647 -1 2 5 258 8673 8674 -1
12463 1176 -1 11002 -1 2 -1
19933 3 -1 0 -1
10787 2 -1
4133 6 -1
13557 2058 -1
9632 137 1036 -1 6 264 7456 -1 401 -1
6311 10 -1 5 -1 227 -1 2 -1
19592 1354 -1 1355 1356 1357 -1 1358 -1 1359 1360 -1 1361 1362 -1 1363 1364 1365 1366 1367 -1 1368 1369 -1 1370 1371 1372 -1 1373 -1 1374 -1 1375 -1 1376 -1 1377 -1 1378 -1 1379 1380 -1 1381 -1 1382 1383 1384 1394 1405 1416 1427 -1 1435 -1
1970 2 82 -1 2330 -1
21181 2 5 11176 -1 134 11009 -1
3391 647 -1 217 -1 5 -1
5512 0 -1
17127 5 3606 -1 1048 7124 -1 264 -1
4972 2 6397 -1
18448 336 -1 0 5 137 -1
24990 2 528 529 1134 2283 -1
22483 134 320 -1
23020 5 -1 2 -1
3360 10 217 -1 5 -1 6 147 -1
6484 2 -1
20941 433 -1
20226 6512 -1 13735 -1 1085 1086 -1 1087 -1 1088 -1 1089 1090 -1
1327 3075 3076 3077 3078 3079 -1 1733 3080 3081 -1
12835 10 5567 -1
10948 0 -1
11236 2 -1
18858 5 -1
15717 0 -1 5 229 230 -1
12854 2343 -1 5 217 943 1119 -1
252 10 -1 5 -1 2 -1 661 736 -1 135 -1
