2500
17137 2 -1
23479 2885 -1
1851 2 -1
15980 213 1979 -1
20562 452 6347 -1 2303 -1
483 2 1641 -1
7664 217 -1 5 -1
21679 1013 -1
338 1041 -1
23521 344 -1 6161 -1 3718 -1
18625 3180 -1
8253 2 2173 -1 9301 -1
22091 10 986 4118 -1 0 217 -1 160 656 -1
13438 2 -1
7903 2 9059 -1
2010 2 1972 4681 -1
16880 1437 1438 -1 0 10 12780 -1 5 -1 55 97 511 3482 -1 1001 -1 792 -1
6336 0 -1 900 -1
23286 2 5265 -1
3688 0 2 -1
14223 6 -1
7030 6275 -1
1281 10 -1
23630 734 736 3819 -1 533 -1 147 -1
3927 567 -1
19569 637 -1 1179 -1
14251 2 -1
13894 147 -1 586 -1
4295 1816 -1
10891 3517 -1 827 828 1468 1811 1989 -1 503 688 -1 3803 -1 272 293 -1 82 10435 10436 -1
20927 5 10 26 82 -1 2 27 -1 6 -1 2225 6505 -1 31 1933 2846 9032 13732 -1
1691 5 -1 90 -1 2 -1 4238 -1
7896 5 611 9055 -1 2 54 -1 7180 -1
8146 2 147 -1
12593 666 -1
9128 903 6850 -1 441 -1
21209 5 13980 -1 2 114 121 -1
9532 2 5 10 54 354 1800 7836 -1
6948 2 -1
24580 5 -1
4436 10 -1
17389 2 5 -1
22174 5 -1
5375 2 -1
1551 3989 -1
19889 13633 -1
15572 3144 -1
19959 5 -1 293 -1
7372 10 38 -1
5748 137 8034 -1
15304 5 1747 4000 10271 -1 1035 1070 -1 147 3632 -1
9352 45 -1
19492 632 -1
23436 10 68 -1 0 602 -1 39 217 2084 -1
10765 43 828 6570 -1 17 -1 76 -1
18864 1849 -1 206 13058 -1
15068 2 -1 6706 -1 933 -1 6 1954 2851 2854 -1 1578 -1 5364 -1 2074 2867 -1 23 445 -1 447 449 1022 -1
22138 10 -1 5 9436 -1 362 3515 -1
21544 5821 10331 -1 9 10700 13034 -1
3215 1008 3959 -1
13106 10 -1
11685 10 -1 3 -1 0 -1 5 -1 1799 9982 9983 9984 -1
13786 399 -1
927 2 10 -1
14522 445 -1
21852 54 -1
6852 68 -1 245 -1 0 10 -1 5 217 -1 137 1643 8554 -1
23335 6 -1
17977 926 -1 5224 -1
9365 137 8075 -1
24138 2 992 14619 -1
12250 4130 -1 0 -1 2 -1
9768 85 -1
13710 963 -1
9614 5 10 -1
11590 798 2162 -1
6132 1636 -1 5 -1
19832 5 5873 -1
8010 10 -1 5 214 9116 -1
11803 736 -1
16456 10 -1 2 5 -1
9608 5 10 214 -1 2 -1
9796 2 -1
13147 10 -1
24345 3728 5731 -1
13573 10 -1 0 217 4139 -1 2 5 889 3631 4057 -1
8652 10 217 -1 5 -1 6759 -1 254 363 -1
7293 736 -1
5602 134 666 3207 -1
20305 13760 -1 135 -1 1006 2302 -1
10043 5 26 -1 2 6 -1 10104 -1 9 6913 10105 -1
9505 135 137 3101 7042 -1
13380 11337 -1
12870 10 268 -1 489 -1 217 986 -1 5 231 -1 57 -1 103 11159 11160 -1 264 -1 6 -1 204 -1 2232 -1 147 437 -1 445 -1 466 9067 -1 11161 -1
21575 144 -1 14070 -1
19463 2144 -1
23706 5 10 217 -1
45 224 -1 225 -1
2888 5 -1 355 -1 2 378 862 -1
11548 2 293 -1
945 5 -1 2 377 -1 1137 -1 3182 -1
18762 5 -1
2114 2 533 2302 -1
20117 434 696 1470 1844 3123 -1 915 -1 836 -1
1578 54 -1
21151 2 -1
14772 767 -1 231 -1
15940 1666 3775 -1
17481 5 26 293 -1
8153 0 293 -1
5805 10 26 268 -1 5 27 39 -1 31 2299 3350 3351 -1 401 -1 896 2380 6697 -1 4414 -1
12915 0 5 489 -1 597 -1 11 -1
17924 137 6324 -1
10495 5 -1
11824 2 5 -1
1971 2 -1
16893 63 147 241 1834 2093 -1 436 -1 445 -1 7467 -1
13227 5 -1
14720 89 1018 1467 -1 379 969 -1 6163 -1 698 807 -1 4447 -1 2 705 706 708 714 2409 -1 2366 -1 63 3884 -1 718 -1 134 422 2422 8840 -1 567 865 -1 135 530 3197 -1 434 966 1100 -1
17473 204 1506 -1
22242 2 220 2875 -1
3625 2 6350 -1
537 0 5 -1 2 -1
7321 489 -1 5 -1 3999 -1
535 293 -1
9011 5 -1
43 5 214 -1
5221 643 -1
16585 2 214 1800 3041 12703 12704 -1
17020 519 2402 -1 272 4598 -1 4599 -1 737 3101 -1 533 -1
16614 5 -1
8619 0 3 10 217 -1 39 658 -1 659 664 -1 5 4438 5302 9539 -1 137 246 1836 3496 -1 1804 5181 -1 1753 -1 1643 1837 -1 2210 -1 219 1838 2259 2441 -1 356 4700 -1
14700 2 26 4646 -1 277 1137 -1 933 2330 -1 27 -1 6 5977 -1 31 7522 -1 11758 -1 8148 8935 11240 -1 8699 -1 9645 -1 10418 -1 11242 -1 11759 -1 11760 11761 -1 9646 11762 -1 9606 -1 2797 -1 10139 11688 11763 -1 11093 11764 -1 11645 -1 11765 -1 2798 -1 11766 -1 4337 -1 3896 -1 11247 -1 8431 -1 3270 5333 11767 -1 6538 11094 -1 2083 3271 3272 3688 3897 6918 -1 3273 5281 -1 3274 3275 6188 8151 10362 11249 -1 1955 7935 -1 4085 -1 2799 6050 -1 8938 11096 11768 -1 3899 -1 11769 -1 5836 -1 11098 11770 -1 8700 -1 1166 2801 -1 8152 -1 11254 -1 6808 -1 3278 8701 9367 -1 3310 -1 2803 3743 10433 10954 -1 4381 6956 11771 -1 4330 11140 -1 11661 -1 11180 -1
13801 137 293 -1
2026 2387 2388 4798 -1 134 135 966 -1 1100 -1
6460 0 10 -1 8370 8371 -1 2 -1
7477 10 -1 5 513 3088 5947 -1 524 1517 -1 525 -1 527 528 1518 2282 2283 -1 2 -1 666 8863 -1
24470 0 -1 5 943 -1 509 2940 -1 3509 -1
630 3 2090 -1 5 -1 2091 -1
1188 10 -1 5 54 -1 2 6 2057 -1
13206 137 -1 315 491 9444 -1
21351 1 2 54 -1
10639 0 3 -1
6529 3 -1
19160 837 -1
17159 2 -1
14559 597 669 728 3514 -1
5882 2 469 1829 2978 -1
5586 6 -1
23441 10 -1 0 5 -1 40 685 -1 1837 -1 45 -1 13 378 2212 -1 14467 -1 93 7117 -1 94 97 3488 4522 8236 -1 396 -1 10667 13175 -1
1647 1463 -1 449 -1
4149 5 -1
5987 26 217 -1
12401 2 495 1747 -1
22381 76 -1
22458 5 -1 2 90 -1
527 2 -1
14687 5 10 -1 2011 -1 557 814 -1 275 -1
8532 2 6562 -1
9377 9861 -1
21795 5 -1 2 -1
19080 5 -1 2 -1 422 -1
17384 2 -1 2708 -1 204 -1
14868 985 -1 10 -1 489 11828 -1
24494 0 1 5 6 82 554 -1
22667 2 -1
24740 0 2 5 -1
24730 10 -1 1854 -1
13598 10 -1
21465 3373 13339 -1
14923 5 -1
6646 10 1598 -1
2705 2 517 -1
21075 10448 -1
3678 3353 -1
4574 2 5 90 -1 147 -1
22860 1580 -1 2 5 -1
17678 147 -1
9886 36 1786 4982 -1 6951 -1 8716 -1 10038 -1 84 275 1154 6131 9935 10039 -1
13121 2 63 135 -1
3212 5 10 -1 2 429 431 3408 -1 445 452 -1
15770 5 1434 -1 2950 -1
16721 2303 4886 12738 -1 7763 12739 -1
2540 1829 -1 695 829 2050 -1 2 -1 48 203 -1 422 884 -1 147 -1
1893 3 217 -1 1592 -1
23828 2286 -1
23010 2 -1
1171 3545 -1
18228 63 -1
11079 2 5 444 -1
16234 12599 -1
2228 5 -1
21342 68 -1
15567 2 503 1747 2415 -1 6 583 -1
924 634 -1 217 -1
4397 6 -1 6748 -1
12180 54 -1
24439 7074 -1
23639 10 -1 4 217 -1 5 -1 40 -1 2161 -1 227 253 513 -1
20445 137 -1 17 90 -1
24674 10 -1 798 14751 -1
3623 5 10 -1
8264 1007 -1
23396 2336 -1
5945 399 1059 2844 7414 7415 -1 2845 5576 6610 -1 48 275 1154 -1 6424 -1 210 -1 86 87 -1 1979 -1 213 420 -1
21782 816 3155 3241 6429 -1 3211 -1 1822 3243 -1 1579 -1 268 -1 10 -1 26 217 13666 -1 5 1167 1514 -1 154 4511 -1 44 969 7893 -1 7394 -1 2 27 277 7625 -1 397 -1 2221 -1 6 -1 7674 -1 398 1833 13209 14106 -1 399 -1
13704 54 -1
9484 10 -1 5 39 -1
15399 2 -1
21929 1017 -1 298 4805 -1 3456 -1 511 543 1127 1627 1693 1695 2041 3516 -1 1630 1703 -1 514 1631 1706 -1 649 -1 490 1809 -1 1131 -1 1018 -1 587 597 -1 11 2135 -1 305 -1 260 -1 82 503 -1 2 147 10749 -1
17075 147 2250 -1
4832 26 -1 5 217 -1 1769 -1 214 3388 -1 2 82 -1 719 -1 165 2350 7252 7253 -1 6769 7254 -1 7255 -1 190 7256 -1 7257 7258 -1 2351 7259 7260 -1 194 -1 197 -1 203 -1 5848 -1 933 -1 6 980 1933 2800 3275 6048 7261 7262 -1 3277 3900 -1
20004 3 736 -1
6832 320 472 2302 3936 -1
24281 0 26 -1 206 -1
17048 2 -1
14292 11637 -1
9668 2 986 4047 -1
7523 2857 -1
18087 9991 -1
18326 0 5 217 -1
5795 1565 4873 -1
17231 2 -1
23900 573 -1
791 147 737 -1
5644 2 -1
16433 5 10 332 -1 1533 12665 -1 2 -1
7726 2 8985 -1
970 0 -1
4854 54 -1 7277 -1
24738 263 -1 264 -1
13192 217 -1 5 1940 -1
2960 2 498 -1
11806 2 -1
9142 68 -1 5 10 -1 1117 9372 9753 -1 2 -1 728 1478 -1 422 433 1140 9754 -1 4641 -1
13347 5 -1
20798 63 -1 147 2955 -1
22460 5 2084 -1 1809 2162 -1 4754 -1 969 -1
17552 40 -1 214 1596 -1 45 1143 -1
6859 137 630 1800 -1 152 758 -1 20 147 761 -1
16956 2 3189 -1
9960 3155 -1 0 26 1450 1871 -1 1883 -1 752 -1 55 4193 -1 683 2025 -1 631 9539 -1 1643 2027 -1 686 844 1685 2154 9143 -1 24 3944 -1 823 -1 229 -1 763 -1 257 -1 232 258 367 512 1462 1463 3457 -1 236 369 517 -1 771 772 -1 893 2071 2123 -1 139 -1 141 5699 -1 1609 -1 1146 -1
2431 3406 -1
8024 445 1733 -1 3081 -1
14419 5 26 54 840 -1 246 828 -1 688 6809 -1 261 -1 2 82 589 2136 8086 -1 6 63 1587 2415 3275 4323 5755 -1 1955 3690 -1 204 2803 8881 -1 1050 1051 2811 3914 3923 9929 -1 3208 8921 -1 437 -1
21279 0 -1
12381 0 5 10963 -1 5406 10964 -1
20378 2 2418 -1 72 -1
22817 5 -1
8041 1029 -1 2071 -1 3083 -1
20828 5 10 -1 138 -1 1131 -1
18850 10 -1 26 986 -1 0 -1 217 -1 5 313 614 -1 137 -1 2 63 490 4320 -1 397 -1 6 -1
22402 1024 -1 2 -1 1153 7456 13942 -1 422 1140 4044 -1 433 -1
24904 0 -1 5 154 -1
11263 315 -1
6841 0 -1
20045 272 698 4368 -1 2 -1 705 -1 111 -1 533 -1
22808 2 -1
4990 5 10 68 -1 6324 -1
871 2 -1
21407 10 -1 0 5 639 -1 72 -1 493 -1
21371 10 -1
1920 2 6 -1
17365 3 -1 434 3408 6900 -1
19466 736 -1
7782 1628 -1
23016 8162 -1 3209 4857 5364 13638 -1 2229 7264 14371 -1
19914 293 -1 2297 -1
21385 5 10 252 -1
5132 5 -1 2 54 1147 7491 7492 -1
17301 51 -1 1056 -1
7308 4056 -1 2 -1
7855 2 5 -1 76 -1 9035 -1
8520 9430 -1
23525 915 -1
19048 445 8108 13407 -1
11352 5 -1
205 2 -1
22421 14254 -1
10567 2 -1
15832 223 -1
2550 5 137 302 554 752 1516 2118 -1 2 135 147 277 443 445 463 490 586 661 2071 -1
5596 5 26 -1 4785 -1 4241 -1 137 302 631 -1 2 63 89 -1 277 6659 -1 2844 -1 6 -1 49 50 399 676 878 2845 -1
8656 1 4835 -1
4565 283 284 -1
10066 10 -1
6314 6 -1
1557 437 -1 447 448 457 -1 1484 -1 1010 -1
4302 736 -1 2142 -1
14636 2 -1
21149 5 17 688 -1
957 44 503 1143 -1 272 -1 2 263 1866 3192 -1 6 264 1774 2233 2846 -1
4711 5259 -1
18972 277 -1
4687 5 992 1117 1457 2375 3664 4987 -1 57 -1 1165 3517 -1 491 2299 3140 6956 6957 -1 836 -1 2017 -1
5459 68 -1 3948 -1 2205 3239 5405 -1 2101 -1 3154 -1 150 506 2018 3240 5614 -1 1161 2203 3241 -1 3155 -1 2287 -1 3242 -1 6429 -1 1450 -1 985 2151 3244 3660 4505 -1 7765 -1 3467 5102 -1 268 -1 639 1056 4036 7766 -1 7767 7768 -1 3245 3246 -1 4654 -1 3558 7769 -1 3643 -1 3587 7770 -1 3247 6211 7771 7772 7773 -1 3088 -1 7249 -1 1568 3320 5567 7774 7775 -1 7776 7777 -1 3778 -1 1992 -1 7778 -1 1993 7779 7780 -1 5568 7781 7782 7783 -1 7784 -1 1994 7785 -1 7786 7787 -1 6401 7788 7789 -1 4870 -1 2247 -1 7790 -1 4502 -1 7791 -1 7792 -1 1995 4364 4973 -1 1996 2315 6542 -1 2021 7793 -1 5655 -1 159 4958 5191 7794 -1 6325 -1 2149 -1 5373 7795 -1 4954 -1 986 -1 39 217 313 -1 1488 -1 5 -1 928 -1 1884 2175 7796 7797 7798 -1 1453 1887 -1 7799 -1 751 5393 7800 -1 752 818 1768 -1 904 -1 1905 -1 1909 -1 1769 -1 7801 7802 -1 1770 -1 1657 1916 1917 -1 1918 5860 6575 7803 -1 77 665 5349 7804 -1 7805 7806 -1 4785 5615 -1 6060 -1 4241 -1 4475 5270 5834 -1 3363 -1 349 4004 6062 -1 350 -1 988 1456 -1 989 -1 510 -1 555 -1 5374 -1 2289 -1 1563 -1 5104 7807 -1 302 2957 6063 -1 54 -1 137 -1 1672 1980 5229 5253 7808 -1 2044 7809 -1 367 368 930 3457 -1 2097 -1 2433 4432 -1 4730 5680 -1 993 1516 5308 -1 1607 2435 -1 516 882 -1 2972 -1 893 -1 5953 7810 -1 4745 -1 947 -1 3134 3996 -1 4676 -1 1857 7811 7812 -1 968 3627 4562 5012 -1 259 -1 280 -1 503 3732 4853 5641 6371 6655 7278 7813 7814 -1 306 5723 -1 7815 -1 7816 7817 -1 552 1841 7818 -1 5263 5831 -1 5921 -1 376 7819 -1 377 1747 4341 7820 -1 907 1569 3183 5440 7821 7822 7823 -1 380 3222 -1 1609 -1 1146 -1 3803 -1 381 -1 696 1136 3451 -1 3395 -1 2012 3321 3452 7824 -1 671 2013 3122 5375 5536 -1 7825 -1 2249 7826 -1 7827 -1 2 272 7828 -1 1020 -1 70 113 421 3399 3954 5407 -1 2100 -1 4594 -1 7829 7830 -1 3828 4595 -1 76 422 4091 5010 -1 7831 -1 6181 7832 -1 3296 -1 4596 -1 3682 4096 4479 -1 6566 -1 7833 -1 1030 -1 3819 -1 2063 3338 3833 4097 5082 7834 7835 -1 884 939 4599 7836 7837 -1 940 -1 2356 -1 5713 -1 2107 5271 5525 -1 3568 4851 -1 1482 -1 289 -1 3377 -1 5994 6830 7838 -1 7839 -1 4600 6206 -1 7840 -1 932 6207 7841 -1 3599 7842 -1 741 -1 2444 -1 23 7843 -1 3378 3585 7844 -1 737 7845 -1 1076 7399 7846 -1 423 3613 7847 -1 1031 1842 3235 6302 7848 -1 3569 7849 -1 4238 -1
7286 566 2309 2867 -1 437 567 -1
15402 0 -1 17 992 -1
4880 2 363 -1 147 -1
18949 147 -1
5012 5104 -1
8812 4840 5100 -1 3965 4783 5613 -1 2325 -1 268 -1 3 10 -1 1598 -1 0 217 3331 4144 -1 5 -1 1874 -1 346 -1 65 -1 3715 9354 -1 2940 -1 5101 -1 685 1753 1837 -1 353 -1 1643 2069 -1 3605 -1 19 686 3764 -1 356 900 1764 -1
16156 0 848 -1 1064 1540 1543 -1 1544 -1 630 -1 539 -1
11908 2 5 10811 -1
2757 3314 -1
4582 6876 -1 204 -1 1957 1959 -1 86 320 632 5459 -1
17211 1 5 -1
17488 5 -1 12963 -1
24003 1470 -1 14576 -1
9901 10044 -1 293 -1
6795 2 -1
2601 5 10 -1 2 293 -1
7684 0 -1 5 -1
1474 253 1684 2034 -1 24 2213 -1
13696 511 -1
22141 2 5 14180 -1
17666 7131 13008 -1
9066 5 -1
14156 1 82 -1 5147 -1
6892 0 -1 2 -1 4942 -1
1649 666 -1
5424 7752 -1
8217 5 -1
15693 2380 6914 10696 -1
6065 482 -1
5604 10 -1
18339 1694 -1 1111 -1
9662 214 737 -1
5758 5 -1
7091 76 4596 7829 -1 4096 4597 4598 -1 289 736 3408 -1 445 450 451 -1 459 -1
21180 0 2 3 5 -1
6218 2 -1
16977 0 5 10 -1
14677 76 -1
14382 214 -1
9889 10 -1
22786 6835 -1
3256 2 5 82 -1
10274 1610 3261 10223 -1
22774 135 -1
667 360 -1
11487 293 -1 2 -1
19810 2 54 2807 -1
24168 792 5129 -1
20144 204 -1
11679 230 2040 -1 155 -1 157 231 367 3646 -1 233 234 236 825 1862 3500 -1 369 2952 -1 370 490 771 -1 826 -1 1131 -1 89 371 -1 140 -1 3472 -1 1468 1652 2132 -1 373 -1 3393 -1 782 -1 503 2213 -1 2104 2874 3220 3800 4444 -1 8711 -1 1165 -1 3140 3803 -1 381 783 -1 696 -1
16063 2 5 144 12551 -1
10431 5 293 -1
5329 86 -1
10439 5 -1 10292 -1
9728 10 -1 217 -1 5 253 -1 1685 -1 254 -1 4721 -1 4723 -1 2034 -1 762 -1 1823 3515 -1 2932 -1 147 423 3144 -1
20289 2402 -1 6122 -1
12275 761 -1 135 272 445 447 885 -1
3118 2 10 90 1055 -1
7972 3054 -1
9692 2 5621 -1
7588 862 2260 3196 -1 539 5107 -1 234 765 2951 3119 -1 235 -1 1032 1651 -1 1809 -1 1131 -1 89 -1 141 -1 6447 -1 6445 -1 1068 2060 2191 6577 -1 5325 -1 134 422 3637 -1 4091 -1 3296 -1 865 -1 939 -1 8633 -1 4099 8924 -1 7846 -1 147 425 1140 3723 8458 -1 434 5114 8925 -1 2425 8926 -1
15977 666 -1 6591 -1
23613 315 -1
486 2 -1
11765 0 5 -1 151 3944 -1
6170 6 208 -1 7844 -1
2207 0 2 -1
1412 2 5 -1
19548 0 3 -1
19682 13587 -1
17736 465 -1
10141 6705 -1 6 -1
1892 72 2822 2823 -1
20537 5 -1
13932 3925 -1
10403 10 68 -1 5 -1 289 8987 -1
3387 5 10 -1
12009 1750 -1
11264 2 6980 -1
19737 6 -1
9 10 -1 5 -1 18 19 20 -1
9188 0 5 -1
12044 3 -1
4602 305 -1 260 -1 2212 -1 691 692 693 2200 -1 6163 -1 829 1146 2159 3140 4662 5232 -1 5706 -1 134 147 786 787 836 869 3102 6071 -1 470 5715 6072 -1 872 -1 6892 -1
18402 5 -1 861 -1
15727 2 54 12446 -1
22428 217 -1
23638 4 -1 0 5 992 -1
22769 0 293 -1 82 -1 2143 -1 572 -1 2195 -1
19597 6 13565 -1
13420 2 6 63 10418 -1 3897 11093 -1
20436 36 -1 7572 -1
9068 2 -1
14359 2 5 9868 -1
4242 68 -1 2020 -1 10 26 506 986 -1 0 5 55 -1 945 -1 360 509 -1 746 1647 -1 363 -1 823 -1 2043 2273 -1 881 -1 1747 3576 -1 2 4624 -1 99 105 913 2297 5633 -1 3612 -1 851 -1 3808 3809 -1 147 460 -1
11505 5010 -1
11148 7494 -1
2408 6 -1
17263 2 -1
1104 3464 -1
10988 10461 -1 137 775 -1
11522 7037 -1 4066 -1
7083 461 -1
22058 10 -1
21291 2 10 272 -1
22881 10 -1 2 5 2009 -1
59 284 285 -1 203 286 -1 6 -1
7699 5 8981 -1
23168 10 -1 5 -1
9724 68 -1 10 -1 3316 -1 986 -1 5 217 -1 989 -1 302 -1 2256 3196 4441 -1 2257 -1 2069 2261 -1 1534 -1 1535 -1 746 1567 2034 -1
10401 1805 -1 229 4979 -1 582 -1 763 2264 -1 154 2871 10270 -1 231 769 3510 5673 -1 232 258 512 929 1128 1462 3139 -1 1708 1864 -1 234 -1 236 1463 -1 1130 1651 2271 4672 -1 2272 2273 4734 5684 -1 881 2434 2970 -1 4735 -1 514 4736 -1 4737 -1 3575 -1 515 -1 2274 5688 -1 770 771 883 2275 2277 2820 3538 4738 -1 1825 -1 772 1029 2071 -1 2278 4561 7410 -1 773 -1 2280 -1 1034 2974 4673 -1 774 -1 1809 4652 -1 2873 -1 139 1018 1131 2131 -1 519 -1 89 -1 520 521 -1 141 -1 2958 3472 3950 4746 4749 -1 6012 -1 780 -1 1857 2959 -1 536 -1 2189 -1 781 996 -1 2156 -1 259 280 4562 -1 1024 -1 57 -1 827 3517 -1 970 10271 -1 971 3783 -1 793 -1 44 597 -1 1132 2941 5045 -1 1144 4757 -1 5047 5354 -1 11 1828 2885 4758 -1 4615 -1 1530 9634 -1 3143 -1 2942 -1 1043 4760 8095 9405 -1 3430 -1 4563 -1 6811 -1 503 2874 -1 381 671 10272 -1 5976 10273 -1 4788 -1 3954 -1 933 1481 3404 -1 6 27 7414 -1 7415 -1 31 399 -1 10274 -1 4790 5851 5852 5853 -1 10045 -1 1932 10275 -1 8060 -1 10276 -1 6965 -1 1153 1783 -1 1784 -1 1785 -1 1786 1787 -1 1788 -1 36 1789 10277 -1 5401 -1 2854 -1 878 -1 147 2074 4044 -1 291 -1 10278 -1 2822 2823 10279 -1 674 -1
7094 54 -1 258 929 1599 2043 2872 -1 515 2951 -1 516 -1
13804 9730 -1 2 -1 6 -1
15296 5 -1 54 -1
1618 5 -1
23075 1750 -1
4834 2 -1
7245 10 217 -1 5 39 240 -1
4916 1029 -1
24945 2 530 -1
17286 70 746 1645 5407 12897 -1 76 -1
23924 1502 1506 6255 -1 5558 -1 84 85 -1
12575 76 736 1506 -1
208 787 788 -1
4005 1192 -1 63 -1 6551 -1
16573 147 209 -1
6938 8590 -1
6967 6 3208 -1
21102 135 -1
19240 228 -1
9862 54 1132 4359 -1 10029 -1
20086 5 2885 -1 2355 3807 -1
8826 295 -1
19096 1854 -1
11588 147 -1
17508 0 10 26 -1 2 5 2330 -1 6 1053 2386 -1
13984 4440 -1 2 63 135 4595 -1
13279 101 -1
23664 2 54 -1
21776 9936 -1
1857 76 -1
17184 217 -1
18062 2 -1
17182 10 -1 615 -1 12869 -1 986 -1 217 -1 5 -1
19805 0 -1
19604 515 4735 -1 516 517 883 1920 6626 -1 524 525 1517 -1 527 -1 528 1518 -1 63 13569 -1
22366 675 -1
9113 214 217 313 -1 9735 9736 -1 147 491 643 2303 4885 -1
6930 4635 -1
17269 1506 -1 7349 -1 422 10924 -1
12212 1 5 10 69 604 -1
11028 4647 -1 2 70 135 566 567 643 2309 2879 4951 5407 -1 1100 -1 147 -1 437 468 469 -1 472 -1
21632 2 -1
5542 5 649 -1
13942 10 5943 6709 -1 5 -1 11524 -1 1643 -1 4737 -1 1750 2045 -1 2 -1 11525 -1 8924 -1 836 -1
5040 5 10 -1
21479 2 -1
14493 5 72 2984 11708 -1
24663 54 272 -1 293 9851 -1
14445 0 5 217 -1
20932 5 -1
13296 2 1026 -1
4887 2 -1
10258 10 484 -1
7200 3092 6884 -1
6148 305 1608 4473 5053 -1 2191 -1 2976 -1 444 -1
20 5 -1
22901 5 774 -1 371 3803 -1
1145 0 -1
23068 519 2275 -1
926 84 85 3135 -1 23 1774 -1 423 -1
13356 217 -1 2 5 147 234 235 293 1463 11326 -1
7341 338 3968 -1 5943 -1 267 -1 10 268 1062 2325 4804 -1 5 217 313 -1 817 856 -1 346 -1 88 -1 40 -1 270 684 2024 3434 -1 295 -1 54 -1 1836 3514 -1 1804 -1 685 1753 1837 -1 353 1643 -1 3196 -1 758 -1 219 -1 19 355 2027 -1 152 -1 844 1461 -1 20 363 761 1840 3870 5652 -1 24 -1 139 1018 1809 -1 89 -1 45 259 520 690 2402 4000 -1 2200 -1 134 1653 3321 3884 7827 -1 422 865 -1 447 -1 448 -1 72 449 -1 493 -1 738 869 2331 -1 3958 5758 -1
20233 0 2 13740 -1
236 852 -1 853 854 855 -1 10 -1 5 856 -1 857 -1 858 859 -1 88 752 817 -1 860 -1 89 141 158 755 799 861 862 863 864 -1 134 422 -1 865 -1 425 427 428 -1 429 432 439 586 866 -1 445 -1 447 -1 449 -1 451 -1 456 785 867 -1 868 -1 836 869 870 871 -1
8739 5 -1
12430 2 3 72 250 -1
6509 6 -1
14941 6 896 -1 9576 -1 211 4414 -1 4434 -1
4764 289 -1
8718 3110 -1 55 -1
16951 4959 -1
21448 5 10 -1
9194 8315 -1 985 -1 10 -1
7264 3 144 -1
10615 582 -1
14122 54 -1 2 -1 147 -1
19907 2 -1
1358 5 3752 -1
687 63 -1
8928 761 -1 2 2866 -1
13441 5 -1 3484 4566 -1 469 -1
21058 10 267 3345 -1 0 5 484 2149 4364 -1 4152 13947 -1 856 -1 235 685 857 1837 2951 4499 5658 -1 89 139 556 1826 -1 141 4674 -1 2213 3217 -1 3695 -1 4565 -1 5375 -1 2297 6577 11037 -1 13948 -1 6451 -1
1449 86 2312 -1
11146 10 4254 -1
22923 5 10 -1
13429 2 5 82 214 -1
9957 451 743 -1
2248 5132 -1 10 -1 5 -1 214 888 -1 2 631 -1 583 -1 63 2981 -1
2226 2 5 293 589 1692 -1 5119 -1
6660 10 -1 2 5 3735 -1
11508 4357 -1 533 -1 437 445 -1
2184 2 -1
3850 647 -1 54 -1
16943 144 -1
12311 2 63 10946 -1
16828 5 -1
10850 154 -1 767 -1 1131 2040 -1 89 371 1135 1653 1709 5693 -1
2189 471 677 785 -1
14222 2 -1
22175 5 10 -1
3463 54 -1
5362 5163 -1 4732 -1 2952 -1 259 7409 -1 280 3800 -1 3140 -1 7615 -1 5015 -1 3485 7616 -1 105 583 -1 63 4311 -1 2368 -1 600 -1 3846 -1
710 130 -1 63 -1
21023 76 -1
23150 5 8608 -1 3212 -1
17704 586 1723 -1
24044 14593 -1 3943 -1
21932 2 -1
1517 2 293 714 3964 -1
20853 54 -1
6675 10 51 292 -1 5 -1
4266 6698 -1
17432 277 -1
15049 5 -1
12680 3314 -1
14516 10 1996 -1 5 13 101 396 -1
21049 144 -1
16709 5 -1
11123 63 1750 -1
5426 324 325 326 -1 327 328 -1 329 -1 330 -1
1163 5 10 217 -1 151 771 2820 -1 3538 -1
22107 0 2 106 -1 14175 -1
6541 3612 -1 6 -1 147 889 1139 -1
13818 229 253 363 364 1692 5673 -1
7149 5 10 437 445 484 841 -1
9828 2 -1
14478 2 6412 -1
19370 328 329 330 331 -1 332 333 337 -1
21072 616 -1 5 -1
9114 2 5 3419 9737 -1
4739 5 -1
20077 1147 -1
18080 10 -1 26 501 -1 5 3365 4959 -1 1646 -1 1130 -1 1516 2273 -1 536 -1 44 1828 -1 2885 -1
14020 5 -1
18629 1 -1
14257 208 -1 1977 -1 3150 9308 -1 1774 11613 -1 86 -1 1867 -1 5978 -1
5670 4425 4989 -1
15654 1 5 253 313 -1 258 1685 2052 -1 2 -1
2843 1826 5582 -1
9512 0 39 611 -1 5 -1
14396 2 -1
13972 11528 -1
14916 54 -1 2 -1
16645 437 -1
23658 5 10 658 -1
6944 2 716 -1
735 5 10 2337 -1 2 -1 72 2338 -1
1401 0 -1 5 -1 137 -1 693 -1 2 3261 -1
18093 72 1173 -1
10150 293 -1
23296 10 482 3588 -1 5 54 -1 2 -1 2363 -1
14298 5872 -1 2992 -1 2 -1
15694 0 5 150 -1 2 -1
18624 63 -1
7472 986 4989 -1
16193 5 2208 -1 7800 -1 82 1657 -1
22270 4328 -1
17622 2 -1
15286 683 696 -1 705 937 1068 2170 7032 -1 242 -1 130 530 3612 -1
9795 1593 -1
22608 2 -1
8109 451 -1
14015 6411 -1
8032 693 865 -1 3128 -1
22636 5 -1
2546 5331 -1
7914 736 -1 8629 -1
20918 2 -1
6412 2 -1
15236 8918 -1
5477 54 -1
11957 1435 1436 -1 0 10 -1 5 217 -1 1770 -1 1017 -1 253 578 900 -1 360 2328 -1 1856 3516 3761 -1 92 3602 -1 13 96 3918 -1 396 -1 583 643 1742 -1 63 -1
22295 2331 -1
19650 0 2 -1
10406 489 -1 69 -1
10590 2 -1
941 10 -1
2534 562 5317 -1
13202 0 10 4425 -1 5 313 751 1591 -1 3999 -1 1911 1918 -1 2887 11276 -1 685 6324 -1 1643 -1 2210 -1 42 259 373 511 7827 -1 4368 5551 -1
14448 0 -1 315 -1
15472 2 -1
23892 135 -1
8833 675 3956 -1 265 471 1010 -1
7748 147 736 -1
3735 5 1143 3304 -1
14379 3 -1 2343 -1
8451 643 -1 63 721 9187 9407 -1 1670 -1 551 -1 669 724 725 726 5112 -1 277 -1 204 3286 -1
15194 6 -1 72 147 498 -1
12203 2 -1 76 -1
3432 3 -1 250 -1 6187 -1
1836 2 -1
6506 1654 8410 -1 243 -1
20615 5 -1
17249 5558 -1 437 924 1139 2353 -1
5009 4 217 -1
21400 1 5 217 -1
10589 6 -1
238 63 137 214 377 -1
15577 63 -1
16102 89 520 1755 -1 521 776 -1 141 2958 3389 4675 4746 -1 4749 4750 -1 780 2959 -1
23806 54 -1 2 -1
711 324 -1 10 268 2308 -1 5 -1 515 -1 1135 -1 2 2194 -1 567 2309 -1
15573 12418 -1
9165 10 986 -1 5 -1
22525 10 615 -1
13589 89 521 772 776 3457 -1
7857 2879 -1 70 -1 76 -1
16868 17 -1
7728 2 -1
14617 10 -1 26 217 -1 5 9737 -1 6 2604 3188 -1
1211 2 -1
21372 589 -1
2315 217 986 -1 5 54 302 -1 2941 -1 272 503 -1 293 -1
11910 63 277 -1 6 86 -1 6948 8143 -1 1979 8121 -1 134 -1 884 2356 -1
840 5 10 -1
21113 341 -1 3491 -1
16895 973 -1 1530 -1 82 -1
15787 2 5 3142 -1 7910 -1 2967 -1
2754 0 5 489 -1
22408 10598 -1
6934 1538 -1 2297 8589 -1 63 -1
24569 275 -1 1819 -1 896 -1
9794 937 1148 1713 2172 2875 7059 -1 3261 -1 5016 -1 557 -1 99 101 -1 105 1070 1558 -1 851 -1 10009 -1 7140 -1 710 -1 832 -1 3397 -1
5364 4000 -1 2 -1 76 -1 533 -1
11075 3411 -1 1733 4665 -1
23868 2 14551 -1
21744 14097 -1
19605 5 -1
14444 10 -1
2697 5443 -1
11095 555 -1 490 -1
20000 0 -1 2 1103 -1 264 -1
16802 533 -1
4268 0 5 217 604 -1 862 1535 4576 -1
22895 5 135 5571 -1
14377 63 -1
12107 3859 -1 70 -1 422 -1
20259 2 13748 -1
682 323 324 -1 325 326 -1 327 -1 328 329 -1 330 -1 331 -1 332 -1 333 -1 334 -1 335 -1 336 -1 337 338 -1 267 2205 -1 10 -1 0 5 26 858 1880 2206 2207 -1 859 2208 -1 65 88 270 817 1602 -1 755 860 945 -1 54 1837 -1 1643 -1 2209 2210 -1 219 354 1838 -1 2211 -1 2027 -1 19 -1 152 -1 153 356 759 -1 1764 -1 761 844 -1 362 1119 -1 45 378 690 2045 2212 -1 2213 2214 2215 2216 -1 2217 2218 -1 833 -1
8122 2 -1
23869 0 10 26 217 -1
14125 792 -1
247 891 -1
16651 2 -1
22623 2341 2931 14292 -1
4856 315 -1
22479 147 -1
16198 72 -1
5681 2 -1
11756 8614 10282 -1
21766 5 445 696 -1
20991 245 -1 10 -1 5 7589 -1
4863 986 -1
18079 13134 -1
7053 2 -1
2411 2 -1
12966 2 5 26 54 9077 11180 -1
4860 26 -1
10083 147 -1
16002 846 -1
688 5 1768 -1
22855 933 4735 -1 6438 -1
17634 1940 -1
15440 315 -1
17653 13007 -1 147 -1
12737 5 10 -1
103 5 -1 502 -1 503 -1 504 -1
16297 2 48 272 2880 -1 204 -1 5889 -1 1506 1508 -1 924 3249 7592 -1 205 2816 -1 3207 6052 -1
12064 2 -1
7506 0 -1 5 8882 -1
9850 272 -1 7037 -1 1474 -1 3757 4951 -1 135 -1 147 -1
12560 10 245 -1 1 5 26 1592 -1 511 1769 -1 2 -1 2330 -1
8401 2 45 1756 -1 8579 -1 22 -1
3937 72 -1
18432 135 147 228 661 -1
3818 1867 4414 -1
13918 302 445 447 11520 -1
7285 8765 -1
23730 878 -1
13221 0 10 39 -1 5 295 683 -1 3691 -1
3913 2 4227 6493 -1 471 -1
7685 5 68 -1
11431 6 134 -1
19767 6 -1
22226 0 -1
3567 2 -1 6295 -1
22074 76 5130 -1
2105 728 -1 669 -1
7022 10 399 -1
17444 698 12954 -1 2 396 6260 6864 -1 7968 -1 716 814 1150 3399 5553 12955 -1
20906 0 5 217 302 313 639 -1 1990 2842 -1 54 -1 137 -1 2 -1 63 3862 -1
34 2 146 -1
19823 491 13616 -1
13397 2343 -1
12427 2 -1
17442 6 204 -1 2808 7856 -1 1959 -1
7729 289 736 8987 -1
1837 4475 -1 2 -1
11963 315 -1 4077 -1
11858 2 10780 -1
3975 1761 -1
5728 329 -1 5 -1
10548 26 -1 0 -1 5 139 -1 2189 -1 1811 -1 2 -1 27 -1
4497 2 2330 -1 1638 -1 27 933 -1 6 1833 -1 399 -1 31 -1 204 -1
17284 68 -1
3479 2 5 -1
1059 10 26 -1 5 -1 82 277 -1 6 -1
9754 3 -1 214 -1
7947 2 63 -1
19183 10 -1
9842 0 -1 2 5 63 231 10024 -1
22496 0 -1 2 -1 132 2893 -1
19461 272 -1 2 82 -1 2250 -1
2304 223 -1
5515 2 293 7896 -1
15606 10 -1
21042 250 -1
19888 1435 -1
17023 489 -1 0 5 5153 -1 12828 -1 2 -1
15293 1279 1280 -1 1282 -1 1283 -1 1284 1285 -1 1286 1287 -1 1288 -1 1289 1290 -1 1291 -1 1293 1294 1295 1296 -1 1297 1298 -1 1299 1300 -1 1301 1302 1304 -1 1305 -1 1306 1307 1308 1310 -1 1311 1312 -1 1313 -1 1314 -1 1316 1317 -1 1318 -1 1319 1320 1321 1322 1323 -1 1324 -1 1325 -1 1327 1328 -1 1329 1330 1331 -1 1332 1333 -1 1334 1335 1336 -1 1338 1339 -1 1340 -1 1054 1341 1342 -1 1350 1361 -1 1372 1383 -1 1387 -1 1388 -1 1389 1390 -1 1391 1392 -1 1393 1394 1395 1396 1397 1398 1399 -1 1400 1401 1402 1403 -1 1404 1405 -1 1406 -1 1407 1408 1409 -1 10 1416 1427 1435 1436 -1 0 217 -1 5 1017 -1 137 630 -1 631 -1 252 511 -1 1111 -1 597 8095 -1 2093 2180 3393 -1
22548 5 7581 -1
19608 2 13570 -1
19022 2 54 372 -1 76 -1 147 3236 -1
11202 301 302 -1
5478 10 7866 7867 -1 1641 -1 5191 -1 0 2307 -1
2015 2132 -1 2133 -1 305 2135 -1 2158 -1 260 4762 -1 4763 -1 45 378 503 4764 4765 4766 -1 4767 4768 -1 1519 3321 -1
2769 5 10 76 1710 -1
10010 2 17 710 -1
1929 82 217 -1 2 -1 204 -1 445 -1
14278 10 -1
12871 6343 -1
4959 423 -1
23939 445 452 -1
17313 5 -1 54 -1 2 -1
22750 147 -1
2897 2 -1
10847 1103 1572 -1 264 10412 -1 6 135 10413 -1 3019 10256 -1 5066 5999 9058 -1
9926 2 204 277 -1
1315 17 -1
22406 2 76 6002 -1
2487 0 -1 54 -1
5418 0 -1
1506 1169 2146 2955 3461 3960 -1 1751 -1 136 791 3961 -1
17814 5343 -1 204 420 -1
6993 0 1 6 -1
22739 2 -1
6478 878 -1
2880 497 573 -1
16283 274 -1 5 -1 260 -1
5956 3691 -1 377 -1 2049 -1
7034 5100 -1 323 -1 324 325 -1 326 -1 327 328 -1 329 330 -1 331 332 333 -1 334 -1 335 336 -1
22722 54 -1
8210 437 -1
12039 445 -1
18105 23 437 -1
15797 293 -1
10294 647 848 -1 5 293 -1
21460 0 -1 5 -1 2 -1 472 -1
2044 26 -1 5 -1 151 -1 4813 -1 4814 -1
7627 2 8951 -1
24653 5754 -1
24055 50 -1
7498 2 5 -1
22383 5 -1
15833 5 -1 219 578 1454 -1 360 -1 1682 -1 220 1687 -1 258 1029 2071 -1 649 -1
4325 2 3 -1
21711 54 647 3825 -1
6167 6250 8254 -1
17605 5 -1
14545 0 489 -1
18134 513 1807 -1
18275 13193 -1
2257 2330 -1 3927 5140 -1 6 1638 5141 -1
876 841 -1 2 -1
9700 554 2068 2117 -1 152 844 902 1645 -1 2154 -1 746 -1 580 1689 2034 4724 -1 762 -1 255 -1 228 -1 363 -1 24 -1 581 -1 823 2264 -1 2036 -1 154 -1 5670 -1 89 257 -1
14204 5 5798 -1 10869 -1 573 -1
15074 0 -1
19706 2142 -1
7579 511 7757 -1
22857 5 -1 133 14328 -1
15103 293 -1 5791 -1 5412 -1
16551 4561 -1
13667 2 -1
19268 868 3144 -1 5231 -1
11707 5 -1 3694 -1 2 -1
1374 147 -1
20506 503 1800 -1
6288 7579 -1 2386 -1
10718 1989 3517 -1
21602 0 -1
8468 0 5 9416 -1
1172 3546 -1
22066 10551 -1
2117 505 3155 3244 -1 268 2938 -1 10 639 -1 0 4958 -1 217 -1 39 313 -1 5 -1 55 343 1167 1454 1657 1737 1740 -1 555 988 989 -1 295 -1 3692 4959 -1 37 137 991 2011 4560 4960 4961 -1 360 1804 1980 3514 -1 362 -1 228 -1 363 -1 3516 -1 229 -1 2037 -1 256 -1 154 -1 687 740 2042 -1 2043 -1 929 -1 930 -1 367 -1 236 -1 513 514 -1 517 -1 139 826 -1 89 519 -1 521 -1 776 -1 141 -1 4748 -1 2958 -1 995 3950 -1 996 -1 259 781 3484 -1 43 57 280 971 3783 -1 44 597 -1 522 1132 2941 4962 -1 1144 4963 -1 4757 -1
10270 2 1910 -1 4097 -1
14124 135 -1 433 -1
6319 8313 -1
15017 0 -1
771 2 3 1595 2380 2381 -1
3290 0 5 10 -1 490 520 521 1809 2873 -1
2212 401 896 5085 5086 5087 5088 -1
12230 5602 -1 61 -1 651 -1 1478 -1 3984 -1 8928 -1 10467 -1 964 -1 583 6499 10743 -1 63 643 -1 5706 -1 2455 5835 -1 22 -1
13985 2386 -1
6256 3 5 10 217 -1 2 147 293 -1 2947 -1
15466 1043 1530 2992 -1 1608 -1 2 718 12046 -1 6 27 264 277 2221 3192 -1 599 1931 2225 -1 1833 -1 399 -1 2222 -1 31 -1 1153 -1 36 72 86 87 134 147 -1 473 -1
1191 717 -1 725 2979 -1 729 -1 669 2980 -1 2252 2330 -1 6 134 1638 3584 -1 632 3585 -1 147 493 -1
3107 54 1816 -1
2636 54 2161 -1
24468 1 378 -1
6830 54 -1
21883 39 160 658 659 664 3455 -1 5 -1 302 -1 2 76 137 503 -1 135 147 498 -1
18513 1150 5235 -1 63 2060 5242 5754 10460 13263 -1 437 445 2879 -1 836 -1 739 -1 473 -1 1010 -1
9090 1569 -1 82 379 3657 -1 2 -1
21578 245 -1
14340 11653 -1
11322 0 10 -1 217 -1 656 -1 2085 -1 39 657 658 -1 659 664 -1 5 -1 3363 -1 684 -1 137 -1 20 1459 -1 63 289 -1
6362 2 783 1636 -1
7978 0 -1
18382 2414 -1
16311 472 -1
4722 6973 -1
11658 10 26 -1 0 5 -1 6 27 31 752 -1
18230 2 13176 -1
7701 489 -1
2273 2 -1
19494 0 -1 2 5 2162 -1
17460 5 217 4805 -1 44 -1 3436 -1
958 2 3193 -1
15120 3637 -1 736 -1 147 450 584 977 1001 3070 3237 -1
22562 5 5507 -1
11735 2 5 10 1143 1180 10460 -1 7538 -1 4325 -1
7662 7084 -1
12025 293 -1 63 -1 6 275 896 2884 10852 -1 134 422 -1 563 -1
21359 1478 -1
17435 10 639 -1
3178 10 -1
21422 10 -1 0 -1 217 -1
2036 363 -1 258 -1 4806 -1 4807 -1 6 84 -1 1013 -1
18281 883 2277 3576 -1 8321 -1 2132 3393 -1 1747 -1 697 2006 -1
3143 4193 -1 2 5910 -1
12533 217 -1
14035 6622 -1 493 8842 -1 315 -1
20969 2 7086 -1
4335 2 6730 -1
7865 0 5 10 -1 2102 -1 137 -1 946 -1 2 761 -1 871 9039 9040 -1
4187 5900 -1
10339 2 5 -1
3105 2 782 3718 3803 5233 -1 108 -1 109 -1 76 4596 5881 -1
21146 13963 -1 188 189 -1
17003 10 -1
22152 217 639 -1 1 5 39 214 545 3248 -1
13041 10 290 1580 -1
22794 157 -1
16454 12671 -1
16402 5 147 -1
2177 5 -1
11049 0 3 5 -1
12190 620 -1
1611 10 -1
23889 90 611 -1 2 -1
5946 5 -1 5535 -1 6 147 1470 -1
11384 3 -1 489 -1 5 6 214 379 -1
19924 10 -1
6888 0 8573 -1
16227 2306 -1
10606 647 6277 -1
10353 533 7519 -1 1730 -1 3074 -1 466 493 2302 -1 469 -1
13208 10 26 -1 217 -1 2 5 54 371 928 1018 -1 1103 -1 264 -1
2210 0 -1
2510 3 3603 -1 0 -1
23149 54 -1
20005 0 490 -1 13679 -1 2 -1
22484 14262 -1
18058 5 927 -1
4928 2 -1
18106 10 68 -1 5 -1
2005 10 -1
16159 3148 -1
18322 323 -1 5 1055 -1 3121 -1
12361 1724 -1
6658 572 915 2143 3956 8480 -1 315 471 8481 -1
12421 0 -1
14831 1489 3180 -1 0 5 217 -1
21693 0 275 2069 -1
14072 1 -1
14997 2 -1
18844 89 555 7282 -1
24926 10 -1
4533 5 69 -1 2 311 -1
7382 847 -1 3410 -1
17441 5 39 271 302 5509 -1 1710 2212 -1 696 -1 272 -1
24399 1816 -1 495 -1
22560 2394 -1 84 -1 85 2238 -1 2864 -1 147 2241 -1
22828 135 -1
4369 677 -1
4708 10 -1 5 -1 229 -1 231 -1 1600 -1 1112 -1 258 2041 2051 -1 4064 -1 1036 -1
12080 3 -1
2659 72 -1
17260 12884 -1
16286 0 -1
12294 0 5 10 -1
2423 2 -1
8545 147 -1
23285 541 -1 253 1685 3991 -1 24 361 363 2034 8955 -1 236 649 1692 -1 2121 -1 490 -1 57 1024 -1 1810 -1 3606 -1 1811 -1 828 -1 237 -1 1043 -1 4760 -1 239 3390 -1 1468 2398 2399 -1
15492 6 1115 -1
22085 5 -1
965 5 -1
19504 1146 -1 272 -1
4046 2 5 81 293 -1 1771 -1 6254 -1
7134 2 422 503 736 5441 8693 -1 3101 -1 135 -1
20337 1544 -1
10222 137 -1 736 10190 -1 10191 -1 3017 -1
18768 2 -1
16879 2054 2284 -1 2 421 1068 12779 -1
12875 2 -1
2881 1193 1194 1195 1196 1523 -1 267 1197 1198 -1 899 3965 -1 3154 -1 3610 -1 507 -1 144 488 2938 -1 10 879 -1 0 39 217 639 986 1142 5655 -1 5 313 3790 -1 1916 -1 5656 -1 2025 -1 3363 3384 -1 3664 -1 1737 -1 8 295 991 5104 -1 214 302 -1 992 -1 577 -1 2160 -1 625 5417 5657 -1 5181 -1 685 -1 353 1837 4695 -1 1643 -1 3196 -1 2209 2256 4696 -1 2257 -1 4499 -1 2069 4697 -1 2441 -1 2259 5658 5659 -1 2260 -1 4698 -1 2261 -1 4442 -1 758 5660 5661 -1 4075 -1 219 -1 4699 -1 1105 1679 3881 4443 5623 -1 1109 -1 1459 -1 3764 -1 4702 -1 1460 -1 4703 -1 821 -1 152 759 -1 356 1461 1764 -1 3336 3573 5662 -1 844 1118 -1 761 -1 3117 5663 -1 900 5664 -1 1533 -1 227 1680 -1 1980 3213 4704 5652 -1 902 -1 578 -1 538 -1 1534 4710 -1 359 539 2028 -1 540 -1 1940 1982 1983 3883 4714 5665 -1 4715 -1 253 360 541 543 1681 3456 -1 5666 -1 1121 1682 1684 -1 2177 3990 5667 -1 4719 -1 1123 1647 1685 1686 -1 220 -1 1513 -1 1125 1687 5368 -1 2870 3991 -1 254 909 1688 4720 -1 1689 2262 -1 1984 2034 4723 -1 1126 -1 361 5668 -1 2263 -1 4726 -1 255 1986 -1 363 1823 -1 5669 -1 823 -1 229 -1 582 -1 763 -1 2264 -1 5624 -1 764 -1 2036 3498 4945 -1 766 -1 2871 -1 2038 3483 -1 154 256 -1 3644 -1 824 3142 5670 5671 -1 5672 -1 3510 -1 740 767 796 2265 5187 5673 -1 5674 -1 230 768 4059 -1 687 5675 -1 231 769 1128 2042 2266 -1 5307 -1 929 3118 -1 5676 -1 1601 -1 258 -1 156 930 4727 -1 366 -1 2872 5677 -1 1025 3139 -1 1603 -1 512 1604 -1 2267 2951 -1 1862 4728 -1 1987 2268 -1 1462 1605 -1 3119 -1 1864 4511 -1 2269 -1 5678 -1 233 1708 3186 -1 235 -1 5679 -1 236 3264 -1 513 4672 5369 5680 -1 1033 2270 5681 -1 1129 -1 5682 -1 3500 -1 369 1749 -1 1130 1651 2952 4495 4732 5683 -1 3879 4733 -1 2271 -1 881 2273 2434 5684 5685 5686 -1 1807 -1 514 4735 -1 4736 5687 -1 919 -1 515 -1 5688 -1 5689 -1 882 -1 517 -1 518 770 771 883 1825 2274 2437 3735 4739 -1 772 -1 649 2071 5690 -1 2278 -1 2121 -1 2122 -1 2123 2279 2973 3387 -1 2124 -1
20393 2 5 -1
5017 831 -1 884 2355 -1 868 871 -1 226 3414 -1
12588 10 -1 5 -1 2 -1
3438 2 5 6189 -1
2772 3 -1
20866 157 258 5707 -1
18054 293 -1
4292 6718 -1 5 -1 137 630 -1 631 -1
21760 649 -1 2126 -1
9036 2 8641 -1 6 -1
22873 5 -1 17 8437 14336 -1
11145 2051 -1 5982 -1 838 -1 676 -1 10516 -1
112 544 -1
20575 986 -1
13292 2 -1 11301 -1
23434 5 -1
16298 5 88 -1 302 1753 1837 -1 2069 3869 6759 -1 2027 -1 2 19 761 1764 3775 -1
5423 4885 -1
5200 10 -1 5 293 -1
22920 2 -1
5606 10 -1 54 -1 7953 -1 2 -1
15823 587 1828 5047 5048 -1 2885 -1 11 973 3436 4759 -1 5049 -1 12478 -1 1530 4615 -1 2992 7395 -1 7511 -1 237 1043 9917 -1 4760 -1 239 2291 2399 2886 -1 3258 -1 5339 7396 -1 1531 2133 3393 -1 841 -1 2134 6161 8064 -1 375 2135 -1 304 -1 305 8326 -1 3602 -1 261 5055 6662 -1 379 503 1146 3800 5233 5536 -1 2163 -1 272 3672 4368 -1 12479 -1 12480 -1 12481 -1 12482 -1 2 -1 2875 5590 6491 -1 979 -1 242 814 1150 6705 -1 6 421 562 729 5113 -1 147 -1
8648 2 5 6 -1
1451 107 -1 108 -1 111 -1 116 1070 -1
19788 216 -1 5 3225 -1 3061 8451 -1
12760 2 -1
6730 495 4077 -1
22026 772 -1
18620 287 -1
21484 0 10 -1 5 378 -1
19593 1538 1677 -1
3329 6102 -1 423 6103 -1
8205 466 1732 3076 3079 8852 -1
16314 204 1955 -1 493 5448 -1 3586 -1
22688 10 -1
10338 76 147 311 530 567 4596 8851 -1 291 -1 431 437 460 464 586 2144 2429 -1 469 836 837 2333 -1 2947 -1
4489 10 616 -1 5 1769 -1 55 -1
3390 139 2130 -1 89 1826 -1 776 1755 -1 141 1652 -1
12491 2 5 737 4965 -1
1066 472 -1 1010 1817 -1 1013 -1
10259 5 313 -1 3362 -1
120 563 -1
18571 5 -1
10132 5 10 -1 293 -1 2 959 6246 -1 5601 -1 7448 -1 2384 -1 63 -1
4269 2 -1
12325 2 -1
11445 10606 -1
12713 2246 -1
15544 533 -1 147 632 -1
8141 719 -1 530 3404 -1
12927 76 -1
5788 10 -1
15462 2 5 12045 -1
11943 2 -1
5583 493 4969 4980 -1 3971 -1 4782 -1
15116 0 -1 992 -1
16483 3763 -1
13685 2 -1
17215 12878 -1
5099 7469 -1 6221 -1 5 10 82 363 2040 -1
8368 5 10 988 -1 89 141 454 9369 -1
5965 3 144 -1 501 -1 0 -1
20132 1891 -1
15459 2 5 1117 -1
1485 2 3932 3933 -1
22925 5 40 45 7409 -1 378 -1
18406 632 7233 -1
9414 9874 -1 3433 -1
6168 3546 -1 567 -1
11851 10 -1 489 -1 217 -1 5 10779 -1 669 4989 -1 147 -1
9301 4425 -1 8615 -1 2 76 -1
7694 268 -1
3990 5 848 -1
21865 6 -1
9410 2 -1
20154 217 3316 -1 5 147 1768 13716 -1
15962 437 451 8949 -1
22207 217 -1
4205 2 655 -1
490 1736 -1
12315 2 137 3140 -1
15531 68 -1 144 -1 10 -1 0 -1 5 -1 12062 -1
5649 5 -1 293 -1
6707 1024 4506 -1 5533 -1
7259 669 -1
19849 10 489 -1
14930 2 -1
9009 5 -1
23522 5 10 1488 5848 9380 -1
4746 63 6983 -1
1013 544 -1 298 -1
20416 363 8119 -1
8365 2 54 -1 4066 -1
10109 3503 -1
13872 5 -1
2196 0 -1 5 992 4684 -1
3667 6375 -1 632 -1
6537 7580 -1 8428 -1
13940 5 3180 -1
16937 2401 6927 -1
7653 0 508 -1 54 -1
20100 3 10 486 -1
3594 2 375 -1
6439 3 5 10 -1
20237 1188 -1 293 -1
22948 463 -1
14561 10 -1 5 -1
7610 10 -1 3 -1
1331 1036 -1 423 -1
17126 333 334 335 -1 336 -1 337 -1 338 -1
12086 2 -1
19078 72 -1
8788 136 836 -1
2009 5 -1
16387 377 -1 8180 12649 -1 82 933 -1 980 -1 6 -1 204 -1
14289 466 1022 1815 -1
20723 1613 13870 -1
10292 63 -1
7977 5 4792 -1
15888 495 -1
10385 10 -1
22538 5 217 -1
5188 250 -1
15594 3000 -1 5 -1 2 -1
2147 3332 -1 799 -1 746 2034 -1 228 1823 -1 3118 -1 232 -1 367 -1 293 2269 3193 3457 -1 1715 -1 4064 4214 -1 134 423 5010 -1 4577 -1 427 3973 -1 428 -1 1724 -1 429 -1 431 629 -1 977 2989 5011 -1 2142 -1 445 -1 446 -1 447 -1 449 -1 584 868 4780 -1 1022 -1 1734 -1 459 2888 -1 460 466 -1
24943 1154 1774 2851 -1 878 -1
18431 143 -1
21733 1 54 -1
17151 1751 -1
18358 1070 -1
6865 274 -1
15467 5 -1 12047 -1
21831 76 -1
22507 2 5 89 8148 -1
11242 0 -1
21409 467 468 -1
15763 493 -1
4318 322 -1
22961 0 5 -1
9628 5997 -1
3176 5 54 -1 2 -1
1214 24 199 -1
2916 380 1129 -1 147 5789 -1
12372 2 72 277 498 1636 -1
21386 2 -1
13195 473 6136 -1
14335 10 505 -1 51 -1 5 26 -1 3694 4987 -1 214 519 521 1131 -1 2189 -1 688 1468 -1
5619 2 5 -1 3296 -1
6217 2 8275 -1
11823 81 -1 0 -1
11618 82 -1 2 6 84 -1 85 -1 2312 -1
14279 268 377 -1 27 -1 6 -1
23100 10 -1
21692 5 -1 63 -1
11321 491 -1
24039 1 -1
4540 666 -1
14928 2871 5080 -1
17190 868 -1
24415 68 -1
5757 6 147 422 -1
4639 6945 -1
2936 10 -1 3825 -1
5711 2894 -1
1713 293 -1
2451 833 -1
16631 2953 -1
1237 10 -1 3 489 -1 0 5 -1 54 113 1919 3627 -1 1073 2092 3628 3629 -1 6 -1 2140 3034 3036 -1 434 3037 3039 -1 586 -1 1834 -1 443 977 2142 -1 445 3067 -1 452 786 -1 454 -1 3412 -1
17795 2 -1
13345 5 -1
539 214 1799 1800 -1 137 1143 -1
21354 3 -1 489 -1 5 -1
16147 5 -1 2 -1
4547 10 -1 0 1 5 63 643 -1 728 -1
3595 10 -1 5 217 -1 13 1068 -1 117 3918 6321 -1 1070 -1 6275 -1
462 10 -1 217 -1 5 -1 772 1034 1466 -1
21868 147 -1
14917 10 -1 145 -1 5 -1
5601 2 7951 -1
1924 446 3980 3981 4580 -1
5528 39 -1 5 509 -1 246 2940 -1 137 1143 2272 2434 4734 5684 7899 -1 1018 2970 -1
4172 5044 -1 2158 -1 2 2009 -1
16875 2 2920 -1
24924 76 434 632 2228 3330 3924 7352 -1
19210 10 6401 -1
9887 323 -1 324 329 -1 330 -1 331 332 333 334 335 -1 336 -1 337 338 1062 3782 -1 5036 -1 3 10 217 -1 5 685 1837 2940 4004 -1 353 4695 -1 909 1127 -1 255 -1 1025 1987 2951 3516 4511 -1 236 3264 4730 5678 -1 5681 -1 1749 3500 -1 2952 -1 4495 10042 -1 4734 5685 -1 881 2434 -1 5167 5686 -1 1034 1131 1467 2071 2873 -1 9928 -1 1018 -1 2885 -1 375 -1 305 8065 -1 45 377 378 3803 3849 -1 696 -1 3321 -1 3594 -1 701 -1 4965 -1 1659 -1 130 714 -1 1665 3489 -1 1035 3123 3397 -1 3529 6241 -1 2388 -1 884 7880 -1 147 785 -1 462 786 2331 -1 244 -1 1485 3382 4923 10043 -1 739 5717 5829 -1
2031 5 4802 -1 54 -1
8426 272 809 5960 -1 2977 9194 -1 1070 -1 76 5325 -1 865 -1 147 533 -1
10354 9993 -1
4636 6944 -1
22217 4103 -1
16736 792 5717 -1
21219 2 3 877 -1
19093 0 3 -1 5 293 -1
22586 1051 3298 -1 86 -1 3424 -1 147 -1 666 -1
15849 5 -1 661 4784 -1
14996 11869 -1 311 562 865 11870 -1 629 -1 786 869 -1 3822 -1 837 3668 3959 6430 -1
17303 1 -1 3251 -1 2 6959 -1 703 -1 706 -1 103 396 1853 3530 3698 -1 63 814 -1
20029 5723 -1
230 2 -1
13958 422 -1
18438 5 -1 520 -1
21189 10 -1
8157 9168 -1
14117 11567 -1 11568 -1
3124 878 -1
11023 5 -1 8532 -1
15035 5 -1
23001 3927 5140 -1 1638 7556 -1 5793 -1 6 14368 -1 2242 2386 -1
2793 2 10 -1
13686 10 -1 5 26 671 -1 27 3261 -1 6 -1 28 2225 -1 31 36 1955 4790 4867 -1 204 10760 -1
23863 2 5 8519 -1
11988 1666 8763 -1 4770 -1 10838 -1 7157 10743 -1 583 -1 609 643 892 1760 -1
4851 10 -1 921 -1 0 2 5 -1
15509 137 4441 -1
13016 11196 -1
24616 135 147 -1
1276 2 1020 3670 -1
4918 4034 -1
22741 3507 -1 86 -1 3862 -1 135 -1
4265 695 1470 3803 -1
15918 98 101 -1 1558 -1 6007 -1 718 5112 -1 76 134 443 1022 -1 459 4229 -1 463 464 -1
2406 505 -1 5 -1 2 341 -1 6 27 5238 -1
6847 10 -1 2 5 -1
19766 5 3833 -1
415 658 -1 659 -1 660 -1
19826 5 -1
5970 5 5093 -1
2641 2 -1
7508 1 2 5 -1
18816 6046 13332 -1 4790 -1
3352 3 -1 2 -1
11946 2 -1
22330 5 10 -1
15559 12 -1
18092 260 829 -1 865 -1
13411 2 -1
202 745 -1
22613 1733 -1
18518 5 10 219 3559 -1 2 140 356 463 791 -1 315 -1
834 5 -1 2 828 -1
797 5 -1
22980 14365 -1 0 5 10 54 217 246 346 1801 1884 3154 -1 137 -1 685 -1 900 -1 253 360 578 9143 -1 3990 -1 2154 -1 220 -1 1513 -1 5368 -1 2034 2071 4725 -1 2 490 831 2057 2384 -1 1035 3397 -1 2366 -1 22 63 583 722 2058 2061 2092 4067 -1
17713 2 -1
23811 10 -1 0 -1
12213 245 -1
19126 5 798 -1
5732 10 -1 5 217 -1 55 -1 2 254 -1 558 -1 8027 -1 147 -1
24869 6985 -1
15076 5686 -1 2 11894 -1 63 -1
13282 10 245 11293 -1
14939 2 -1
2986 5 10 5830 -1 1 -1 5831 -1 76 82 289 1747 2355 4596 5832 -1 736 -1 677 -1
18655 584 -1
20101 13700 -1
13332 5 10 -1 2 -1
13521 10 -1
13218 4414 -1
23940 5 -1
2604 578 799 1167 1533 -1 253 360 -1 1682 4719 -1 3681 -1 1123 -1 220 1513 1687 4725 5368 -1
13105 0 5 10 -1 137 4449 -1 2 -1 6 277 2848 -1
11176 55 137 214 844 1143 4174 10526 -1 228 362 538 1535 -1 581 -1
6290 2 3393 4987 -1
21906 3 4 5 -1
24670 6088 -1 63 -1
10777 2 -1
2741 2 -1
19661 2323 -1 5 -1
15135 7581 -1 1528 -1
11645 76 -1
4813 5 137 3348 -1
4945 2 54 -1
20463 72 -1
20024 217 -1
2979 63 -1
15532 230 272 503 4059 -1
18318 272 -1
8728 5 90 631 -1
19043 5 -1 2 811 -1
12800 2 621 2008 -1 2804 -1 868 -1 4543 -1
16122 204 -1
1239 5 -1
10386 10 -1 1176 -1 5 -1 9293 -1
10939 36 -1
2645 10 -1 2 5 -1 5399 -1
11000 2938 -1 10 -1
15850 469 -1
12681 265 2825 -1
8503 1778 -1 973 -1
11846 2 3 2987 3057 -1
7077 5 -1
1376 63 3767 -1
10121 76 575 -1 135 3377 -1 147 10132 -1 1817 -1
18145 1636 -1
17494 5 1033 3184 4877 -1
6728 2 5 10 240 352 2014 -1
15199 11927 -1 0 217 507 2205 -1 39 -1 3179 -1 5 341 856 1882 -1 4171 -1 1 859 -1 818 -1 55 344 -1
17628 135 661 -1
12551 2842 -1
14368 0 -1
13482 2 -1
20030 2 -1
7273 2 3 5 10 293 2103 -1
17304 2 -1 12908 -1
7675 2 89 -1
19985 13674 -1
13155 2 147 315 492 1022 1559 -1
5961 3 -1 2 -1
19341 268 -1 10 -1
22975 5 10 -1
15231 0 -1 5 -1
1151 6 84 147 1139 -1
11212 8278 -1
18992 2 454 -1
13067 11212 -1
16290 8449 -1
11991 99 315 -1
5295 5 762 -1
16383 10 -1
12288 2 -1
17954 5 39 -1
17071 5 -1
24103 0 5 3181 -1
10974 0 -1 57 10457 -1 2 -1 10458 -1
14284 11633 -1
9102 2 -1 135 661 -1
4588 2 6878 -1
1722 4342 -1
6628 481 566 567 666 2309 -1
7468 68 -1 10 -1 39 656 -1 1 5 82 -1 6 8859 -1
14415 1659 -1
22804 5 -1
13722 4 5 -1
5430 89 -1
5926 72 -1
7229 2402 -1 135 -1
9603 2 -1
694 5 -1
21097 2 5 4097 -1
16582 10 -1
12655 1518 -1 528 1135 -1
21510 2 -1
2314 3 -1
9013 441 445 785 3237 3726 -1 786 -1
15127 10 -1 3 -1 5 6 -1 8112 -1
6978 2 661 -1 135 1927 -1
3770 117 -1
14219 137 -1
22594 2 -1
2144 3261 4992 -1
10574 2 -1 6766 -1 831 -1 837 -1
517 2 -1
15189 536 996 6742 -1 5068 -1 45 -1 378 2200 -1 1470 11922 -1 2 1742 4626 -1 108 -1 113 3399 3459 -1 2416 -1 5026 -1 2417 -1 2418 -1
13945 10 -1 5 -1 2 -1
15280 6 143 147 -1
11268 5 4745 -1 776 -1 2 2415 3717 -1
3602 2 3 -1
14455 135 632 3753 -1
14742 3 -1
14611 26 -1
19735 2 -1
1641 204 4071 -1
21984 10 -1 0 5 -1 1018 -1
10233 2 -1 2452 -1
10363 966 -1
20961 147 -1
24524 5 -1 2 54 -1
20381 5 -1 2 -1 2456 -1
7813 547 -1
6450 5 -1 2 -1
7474 0 -1
4061 137 253 -1
24293 639 -1 217 -1
20684 13610 -1
15771 2 6 6089 12459 -1
18047 2 -1
10743 5 26 544 -1 771 -1 2 10380 -1
17692 5 10 -1
18109 5 24 -1 2 -1
1534 2 -1
4128 2 -1
21957 1480 -1
6565 1628 1703 -1 1706 -1 2060 3807 -1 2092 2456 -1 399 -1
12540 10 -1
10388 315 677 -1
19739 2 6 154 -1
8782 1137 -1
9137 3144 -1
8325 1024 2816 -1
20451 5 -1 2 -1 63 -1
14737 5 54 798 -1 4700 -1
3611 2 5 -1
16223 5 -1
4953 3128 -1
12936 10 -1
21830 3771 -1
15175 11917 -1 1076 4480 7846 8103 11918 -1 423 3613 4602 7399 7847 11919 -1 2064 6302 -1 1842 3235 -1 1031 -1 7848 -1 3569 -1 632 -1 135 666 -1 433 866 -1 441 445 2142 -1 7003 7851 -1 452 -1 785 -1
24555 63 -1
6911 5 10 1077 -1 8575 -1
5557 2 293 -1
17381 5 -1
21030 1 2 -1 13938 -1
18563 1834 -1
17341 290 -1 5 -1 1 12925 -1
859 54 -1
13457 2 -1
44 10 -1 2 215 -1
7954 5 -1 2 63 1143 -1
2609 244 442 454 669 736 2425 -1
11180 10 639 -1 26 1568 9415 -1 0 217 -1 39 657 -1 5 313 -1 1874 -1 2887 -1 3894 -1 682 3257 5509 -1 37 214 302 -1 54 -1 3514 4441 5101 -1 1836 -1 685 1804 -1 353 1643 1644 1837 2257 -1 2210 -1 2260 2441 -1
4769 10 1056 -1 26 -1 5 1064 -1
108 535 -1
7955 4479 -1
1018 5 54 3309 -1
6828 26 -1 5 217 -1
15704 147 491 -1
16138 448 -1
13083 5385 -1
18979 2 1156 3091 -1
17578 3819 -1
18832 315 -1
4721 1034 1466 -1 536 -1 2156 -1 827 -1 597 -1 1023 1132 2941 4963 -1 587 4359 -1 11 1829 -1 6972 -1 2 1170 -1 1812 -1 70 -1 134 -1 998 -1 76 147 999 -1 434 -1 265 467 1559 3653 -1
991 3002 -1 2 5 -1
8539 5 -1
3192 10 -1
15660 86 -1
20540 214 -1
904 5 39 1179 -1 503 632 -1
14039 506 2020 2326 -1 0 10 26 -1 5 -1 3679 -1 214 360 1681 -1 1682 1684 -1 3990 4719 -1
16905 82 -1
16307 2 293 -1
889 3005 -1 3006 -1 3007 3008 -1 1719 -1 3009 -1 3010 -1 2139 3011 3012 -1 1720 -1 1721 2140 3013 3014 3015 3016 3017 -1 3018 -1 3019 -1 3020 -1 3021 -1 3022 -1 3023 -1 3024 -1 3025 -1 3026 -1 3027 3028 3029 3030 3031 -1 3032 -1 2821 3033 3034 3035 3036 3037 3038 -1 3039 3040 -1 3041 3042 -1 797 976 -1 977 2141 3043 3044 -1
4637 1 2 -1
7635 513 2951 -1 1606 5683 -1 1130 -1 881 2273 3879 5685 -1 2970 -1 1807 -1 44 89 515 2071 -1 522 -1 1144 -1 11 -1 524 525 1133 1517 -1 526 -1 527 2282 -1 528 1518 -1 529 1134 -1 2283 -1 378 3404 4765 -1
18037 0 5 10 -1 137 -1
2507 2025 4057 5293 5294 -1 4058 5270 -1 1455 -1
11211 10 26 217 10535 -1 5 -1 214 -1 597 -1 2941 10536 -1 2 -1 6 204 -1 896 -1
20050 0 2 5 13689 -1
3730 147 -1
24346 320 447 -1
15151 2 -1
21086 5 -1
10627 2 -1
2718 677 -1
6812 2 17 912 -1 6 913 914 5633 -1 451 666 -1
11477 0 -1
10923 5 302 1142 10443 -1 76 -1 865 -1
16883 5 26 82 -1 2 -1 6 -1 84 -1 4791 7406 -1
4902 1989 -1 786 -1
7132 6099 -1
7443 2 -1
6345 2 -1
12605 5405 8151 -1
17390 524 -1 1517 -1 525 1133 -1 2282 -1 527 528 1518 -1 1134 -1 2283 -1 158 12425 -1 1103 -1 264 -1 7634 -1 6 599 7683 -1 1833 -1 31 399 895 2299 5085 -1 3351 -1 401 2854 -1 896 -1
18642 5 10 1016 1590 -1 783 1809 -1 2 3960 -1 790 -1
22424 2 214 612 -1
21829 659 -1
4148 2 892 -1
14412 6834 -1 320 1528 -1
11311 5 10 55 816 1916 -1
6233 144 -1
20375 63 666 -1
18355 5 10 13221 -1
5371 437 666 4600 -1
1717 5 -1
13715 5 10 54 -1 536 -1
13040 998 -1
9342 2 -1
5174 90 -1 2 -1 6 -1
16103 4425 -1 1641 -1
9899 2 -1
17235 5 -1
21626 10 -1
9382 204 7436 7847 -1
10829 10 10406 -1
21598 9390 14073 -1
21697 147 -1
6097 320 -1
13130 11222 -1 11223 11224 -1
3402 5 10 6175 -1
16891 6 2233 -1
2360 5213 5214 -1 4050 5215 -1
13512 445 -1
3381 493 -1
3185 5 -1
17901 3241 -1
18887 986 -1
2713 2 -1
3879 1213 -1 1224 -1 1235 -1 1246 -1 1256 1259 -1 1270 1281 1292 1303 -1 1304 1315 1326 1337 -1 1343 -1 1344 -1 1350 1361 1372 -1 1383 -1 1394 -1 1405 -1 1416 -1 1427 -1 321 1428 1429 -1 1430 1431 -1 1433 -1 1434 -1 1435 -1 1436 2108 2109 2110 -1 2111 2112 -1 2113 -1 2114 -1 2115 -1 10 -1 0 217 -1 5 3513 -1 6477 -1 356 1461 -1 153 1119 -1 2871 -1 2 824 4235 6416 -1 4073 -1
11482 245 -1 217 -1
20922 2814 2816 6901 7379 -1 86 87 -1
3769 903 -1 134 719 736 -1
3257 5 -1
23098 2 12823 -1 7214 -1
13702 2 -1
10346 10253 -1
21147 10 13965 -1 2 5 -1 422 -1
8263 3801 -1
22664 39 656 -1 2 5 -1 135 -1
23247 2 -1
8711 0 615 655 -1 5 6 76 204 277 1955 3690 -1
15602 5 -1 12426 -1
65 291 -1
7255 1946 -1
5452 463 -1
8502 2 5 -1
8101 445 -1
17450 2 -1
8621 2 3 -1
9604 315 469 5933 -1
15959 5 217 11773 -1
3954 5 -1 54 545 6519 -1 2 315 -1
24029 244 -1
23681 10 -1
7396 10 -1 5 1516 -1 491 736 -1 3254 -1
5972 264 -1
12909 5 -1 137 -1 2 896 -1
6315 76 134 147 737 1007 -1
9078 108 2172 3787 -1 63 147 -1 434 447 -1 4580 -1
7870 5 -1
18200 13165 -1
1547 2 -1 277 -1
18380 11 -1 973 -1 3501 -1
18906 19 -1
23746 10 -1 5 -1 856 -1 5872 -1 302 -1 54 -1 539 -1 360 -1 228 746 -1 104 134 -1 3144 -1
12061 315 790 792 -1
1280 1140 -1
2200 0 5 -1
5317 2 2953 -1
2742 5 -1 5479 5480 -1
22480 5 42 258 509 881 969 -1
17114 157 258 -1
11651 5 -1 5323 -1 2281 3787 4168 6054 -1
20662 1179 -1
9637 3532 -1
19854 469 472 2066 5942 11480 -1
19374 10 927 -1 2 -1
17496 26 -1 217 986 -1 1 5 -1 214 -1 6 277 5645 10418 -1
6391 1568 -1
20727 2 -1
11836 10 39 -1 5 63 -1
22904 3401 4776 5377 -1 70 669 2388 -1 76 -1
12124 10 -1 2084 -1 2085 -1
20742 2 -1
8324 1 -1
14849 5 -1
16975 0 5 -1
14414 2 10412 -1
11524 10 -1
4819 2019 -1
8551 5593 5703 -1 2168 7049 -1 63 1148 4350 6485 7050 -1 5974 -1 717 -1 4311 -1 134 -1 147 869 -1
14230 2 134 -1
18168 5 -1 2 -1
19234 837 -1
12635 0 5 10698 -1
3224 1614 -1
70 312 -1
115 534 -1
12925 2 5 11172 -1
18107 1515 -1 154 -1 257 -1 231 258 511 1706 -1 157 -1 235 366 -1 2952 -1 649 771 -1 2125 -1 371 826 2127 -1 776 -1 140 777 -1 6727 -1 280 536 996 1024 -1 45 -1 378 -1 3803 -1 60 61 82 1476 -1 1477 2415 3086 -1 5974 -1
4983 10 794 -1 26 -1 0 -1 217 -1 5 857 -1 316 356 992 -1 24 253 900 -1 2951 -1 280 -1 2992 -1 2200 6162 -1 3140 -1 4368 -1 4007 5551 -1 719 -1 6 -1 204 -1 1051 -1 5336 7377 7378 -1 7379 -1 2816 -1 84 85 485 2228 7354 7380 7381 -1
4262 2 -1
11773 5 -1
6276 471 472 -1
1890 86 133 320 4539 -1 136 -1
5402 31 76 493 1064 -1
14551 0 5 10 2149 -1
21802 2 848 -1
8609 231 2039 2951 4652 -1 826 1018 1131 -1 371 -1 89 259 -1 1043 3519 4000 9535 -1 262 2212 -1 1709 -1 3801 -1 696 4807 -1 82 -1 2 6793 -1 6 76 737 1480 2456 7086 -1 147 586 -1 3128 -1 836 -1
13186 2 -1
16801 4314 -1 2282 8987 12763 -1
8507 5 229 -1 2 63 -1
13317 320 -1
4315 54 -1
5085 992 7457 -1
9364 693 1522 -1
6764 10 -1
12346 229 -1 765 -1 767 1856 -1 364 740 -1 511 -1 157 231 369 825 2951 -1 1651 1749 -1 2952 -1 1130 1807 2272 -1 514 -1 771 -1 3387 -1 2279 -1 370 371 826 -1 89 777 -1 239 -1 863 -1 305 -1 3803 -1 92 381 3453 -1 2168 -1 1713 4310 6238 6866 -1
2350 45 5187 -1 1750 -1 147 865 5188 -1 5189 5190 -1
6008 192 199 8108 8188 8189 -1 6 -1 2846 -1 84 85 210 -1 8190 -1
20370 632 -1
18794 214 -1
14533 2071 -1
16623 135 -1 451 -1
5150 7502 -1 72 -1
13344 2 11322 -1
17418 5 10 -1
23581 76 -1
20275 349 -1 5374 -1
23466 6 -1
21895 2 -1
17637 2 -1
19705 2 -1
1529 147 -1 1813 1814 -1
20298 0 -1 5 13758 -1 9449 -1
2815 275 672 896 3169 3207 3287 -1 76 -1
232 846 -1
13580 5 -1 6 -1
5782 147 -1
15743 445 -1
20025 0 -1 217 -1
567 5 10 -1
17864 10 -1 2 -1
17916 1 5 -1
5923 8102 -1
9961 986 -1
1306 0 10 -1 5 217 -1 350 1592 -1 2011 3694 -1 302 -1 900 -1 3321 -1 272 3695 3696 -1 3397 -1
1265 5 -1
18306 837 -1
7762 72 1785 -1
11077 0 -1
12971 2 5 72 -1
6664 10 -1 489 1064 1540 1543 -1
13285 444 -1 457 2428 -1 312 -1 469 2429 -1 838 -1
7442 10 -1 3 5 137 4034 -1 2 8847 -1
835 272 -1 2 -1
6475 5 -1
16632 2 293 498 -1
14852 357 540 1120 -1 541 1982 4716 -1 101 -1 117 -1 63 -1
15177 1070 5316 -1 4064 -1 530 -1 3197 -1 147 434 -1 837 8707 -1
1137 5 1643 1837 -1
17055 10 -1 26 -1
8715 2 2189 -1
6558 0 2 5 980 -1
1919 2 -1
11294 2 992 3089 -1
13085 2 -1
16085 3 335 -1 1016 -1
2115 26 -1
18997 10 -1 3 5 137 -1 824 2036 2264 2871 -1 134 -1
8013 674 -1
10453 493 -1
5414 55 7742 -1 363 -1 89 378 -1
7400 6 -1
16734 2 5 -1
20627 10 26 -1 5 -1
1567 511 1627 -1 76 737 -1 666 -1
8828 421 -1
944 2 -1
12147 6 204 1502 1503 1504 1506 5893 -1
17142 5 -1 252 -1 1461 -1 253 761 -1 360 -1 2154 -1 220 363 512 -1 82 -1 2 76 -1 3338 3721 7923 -1 423 -1 147 1723 -1 445 -1 4780 -1
2188 2 4673 -1
13800 320 -1
984 5 137 217 630 1568 -1
20663 2 293 -1
8626 501 -1
2927 5795 -1
3054 3804 -1
4439 6777 -1
22317 10 -1 0 5 1625 -1 55 -1 214 -1 1034 2123 14227 -1
2818 2 -1
3208 10 -1
21269 5 10 -1 2 718 13999 -1 13829 -1
606 719 -1 76 878 1036 2062 -1 147 423 447 915 1654 2063 2064 2065 2066 -1 265 315 -1
22419 6 -1
10979 5 10 -1
20083 2 -1
19669 76 13585 13586 -1
7416 0 5 -1
13755 5 -1
19250 998 -1 76 493 786 -1
7548 8904 -1
3771 2 -1 666 736 -1
733 324 325 -1 326 328 -1 329 -1
12186 401 -1
10993 2 -1
1159 76 669 2064 2422 -1
7208 147 -1
16609 2 258 2390 -1
22551 147 -1 434 452 1140 2065 -1
4579 3019 -1 2333 -1
7626 2 -1
6661 1843 -1 277 1747 7819 -1 2862 -1
18613 5 -1
10571 2288 -1 554 3694 -1 5229 5374 -1
1080 2 -1
18645 5 -1 869 1145 -1
22821 3 10 -1
10269 3594 10219 -1
4592 466 -1
8768 396 5057 -1 101 111 114 628 1476 2056 -1 2415 -1 583 -1 76 422 3296 4595 4778 -1 562 3585 -1 423 -1 147 437 785 -1 465 -1 265 563 838 3957 5942 -1 136 2184 2825 -1 2095 -1
14282 5 -1
5366 5 10 90 -1
23316 470 -1 3382 -1
8907 9662 -1
8317 63 600 -1
20728 2 -1
6966 10 5921 -1 76 -1
11310 10 -1
24879 315 -1
24708 10 -1 217 -1 5 40 -1 544 -1 246 1678 -1 992 -1 1117 3141 -1 355 -1 1535 -1 220 253 -1 746 5668 -1 24 -1 767 3142 -1
13809 2 -1 6 84 -1 85 11486 -1 86 -1 11487 -1
12363 5 10 1140 -1 437 -1
24994 2456 -1
18535 3031 -1
21299 2 -1 134 -1
12048 631 3699 -1
342 135 -1
15952 10 137 -1
15999 846 -1 729 -1 3815 -1 4329 -1 8901 -1 669 -1
11959 487 1630 7970 -1 2 1019 -1
21811 328 -1 334 -1 335 336 -1 337 -1 0 338 -1 5 63 8389 -1
19590 3619 -1
17335 54 -1
20782 896 -1 1773 8772 13638 -1
14537 447 -1
9885 2 -1
17774 4511 -1 2820 -1
15003 3 10 -1 5 -1
2324 5 -1 2 -1
9890 76 661 -1
24871 2 -1 13 -1
8751 137 -1 63 147 -1
9871 0 10 -1 647 -1
21395 5 -1
23867 6 -1
19388 2 -1
11528 5 130 3611 4965 10156 -1
8357 556 -1
1086 3443 -1 2 6 151 3444 -1 315 2306 -1
21722 5 3314 -1 1 -1
15925 335 -1 6679 -1
10836 10408 -1
18895 2 -1
3826 2 5 -1
7424 54 -1
544 498 885 -1
22036 0 5 26 -1 1 -1 819 -1 3491 -1
17792 841 2180 8064 -1 11947 -1 422 2411 -1 6343 -1 315 495 -1
16191 5300 -1
9279 5 6300 -1
1440 2185 -1
15417 5 -1
21273 7687 -1
19715 6 261 12684 13592 -1
3682 10 26 -1 5 6379 -1 2 82 277 -1 6 980 6089 -1
13297 217 -1 5 -1 11303 -1
17191 1523 -1 54 -1
4422 5 -1 2 6769 -1
11792 0 986 -1 217 -1 5 39 -1 1 -1 138 555 904 -1 253 302 3138 -1 746 9798 -1 2263 2270 -1 1130 1606 -1 370 -1 774 -1 1808 6332 -1 775 -1 4506 -1 89 520 2958 -1 536 -1 57 587 968 5354 -1 11 -1 12 2992 -1 1043 -1 239 -1 2 293 381 1145 5587 -1 4310 -1 830 6866 -1 2297 -1 1663 8430 -1 2415 -1 3530 -1
20916 8682 -1 437 -1
1250 5 26 -1
16894 157 -1
20804 865 1140 -1
24041 229 230 -1 2 -1
8298 2 -1
3634 268 -1 630 1064 -1
21569 0 4438 -1
16157 4586 -1
2650 10 -1 3 5 -1
14475 3208 -1 1139 4666 -1
22963 85 14361 -1
2736 10 -1
7501 6 31 1933 -1 36 204 1050 8881 -1 1051 -1 84 2812 -1 275 -1 401 -1 890 -1 86 896 3254 -1
11634 5 -1
2197 0 -1
10131 0 -1
18473 2 -1
2420 0 -1
2632 147 -1 1140 -1
17170 293 -1
16640 1750 -1
11533 2 503 -1
9954 76 -1
16510 2 888 -1
18636 5 10 -1
19440 5 -1 3679 -1 536 1643 -1
15046 0 -1 2 151 -1
23726 3 -1
5203 5 637 -1 2 -1
10326 2661 -1
19835 13619 -1
3209 267 -1 10 2149 -1 5 270 1803 -1 683 -1 19 -1 4087 -1 2 -1 396 2167 -1 1036 -1 5997 -1
1373 3763 -1 3764 -1 2 -1
8098 0 -1
18362 658 -1 2 5 829 -1
20330 2 45 -1 134 135 661 718 -1 451 -1 915 2334 3971 -1
8363 2 315 -1
4464 0 159 217 313 986 -1 5 55 -1 3384 6789 -1 3868 4057 -1 684 -1 138 -1 3691 -1 352 3257 4440 6668 -1 3514 -1 1836 -1 219 1679 1804 -1 356 -1 253 -1 3991 -1 746 4725 -1 362 -1 24 -1 1692 -1 229 -1 257 765 -1 230 -1 231 -1 1863 -1 234 514 -1 89 771 1857 3472 -1 2189 -1 259 -1 280 -1 247 -1 378 783 1519 2133 -1
16989 5 10 -1
18510 63 5755 -1 449 451 868 -1 72 -1
5173 7512 -1
837 511 1693 -1 2 63 135 -1
15405 0 -1
19198 669 5485 6440 -1 76 147 -1
4606 6895 6896 -1
9265 3144 -1
20097 602 -1 5 -1
1027 10 -1 5 -1 423 3315 -1
11300 10 -1
24734 3393 -1
14961 2 -1
16105 5 2606 -1
11111 10 -1 848 -1 217 -1 5 844 -1
16270 577 -1 2 253 2034 -1 147 401 6057 -1 72 -1
10197 268 1579 4654 -1 7771 -1 217 1568 3247 -1 5 -1 4152 8648 -1 1894 5945 -1 859 1898 -1 751 1768 4622 -1 1625 4175 -1 1903 -1 1905 -1 4187 4188 5126 -1 1907 -1 4193 -1 1769 -1 1536 1770 10179 -1 3110 -1 55 214 4211 5101 -1 19 -1 20 2070 2176 4704 -1 1120 -1 146 254 511 2028 -1 1694 5674 -1 1696 -1 1697 -1 1626 -1 1700 1701 1702 1703 -1 1704 -1 1629 -1 1631 1651 1706 1864 -1 272 1609 1747 2005 -1 82 7016 -1 7021 -1 1847 2447 3261 6689 7023 7105 7106 -1 5222 7108 -1 3191 -1 3234 9233 -1 13 -1 7186 -1 733 2456 4214 6011 -1 7224 7238 -1 3775 -1 70 998 3637 -1 76 -1 10180 -1 6181 -1 2063 3338 3819 4598 8987 -1 289 3100 7923 -1 533 1613 3722 -1 1076 7399 -1 423 2064 3613 6302 -1 7848 -1 632 -1 147 1719 -1 2140 3016 4216 -1 3023 -1 5114 -1 977 -1 2142 3045 3046 3047 -1 445 -1 3053 4217 -1 1621 3061 -1 967 3063 -1 3064 3067 3068 -1 449 451 -1
23367 5 -1
10345 5 -1 6 54 -1
16067 82 2302 -1
23684 5 10 -1
13517 1362 -1 1383 -1 1394 1405 1416 1427 1435 -1 1436 -1
12525 11021 -1
5654 293 -1
6792 0 3 10 -1 5 -1
21762 147 422 437 -1 493 -1 2331 -1
17595 733 2220 2814 7173 7183 -1
23344 26 -1 5 -1
1321 0 1 -1
12530 5 -1
15705 5 -1
18889 5571 -1
10919 5 -1 746 -1 2 59 -1
11869 147 -1
21013 0 5 13934 -1
11725 876 -1
3985 3090 6538 -1
11913 0 -1
22202 5 72 -1
15920 9351 -1
14179 604 -1
3098 2 5 2947 -1
17073 442 -1
14682 2 -1
15379 10 -1 5 6 26 590 -1
22772 258 1025 1112 1601 1630 1700 1706 1707 2043 4727 -1 1604 -1 4728 -1 4730 -1 10485 -1 513 2270 -1 5683 -1 2272 2273 -1 881 5686 -1 1029 1825 2820 -1 772 -1 2071 4561 -1 2280 -1 1034 -1 370 775 1809 -1 1018 -1 779 2959 4675 -1 536 1988 3120 4678 -1 42 -1 43 280 14313 -1 828 1810 -1
15221 2 5 39 1143 -1
40 2 157 158 -1
4049 5 90 -1 2 -1
1705 5 -1 63 -1
14534 0 -1
18923 289 736 7509 -1
18977 5 55 -1
20428 1524 -1
14070 5 10 11173 -1
7906 470 872 1037 3959 -1 5983 -1 838 2145 3382 3416 9068 -1 265 2825 3614 7539 -1 136 1751 5330 6463 -1 472 -1
16372 2 5 -1
20526 144 -1 10 -1
22847 217 -1 5 363 -1
11562 6371 -1
21888 572 -1
4649 437 -1
4968 2 -1
9588 611 -1
2344 5184 -1
11476 2 -1
2198 5 315 5076 -1
23786 3 3002 -1 2 306 -1
20593 2100 -1
531 44 -1
10214 524 525 -1 526 -1 527 528 2282 -1 529 2283 -1 63 643 -1
18741 1856 -1 2040 3142 5187 -1 513 1806 2044 -1 1606 2272 2273 5685 -1 5686 -1 503 3735 -1 2 864 -1 3487 -1 63 -1 5487 -1 2388 7171 -1 1670 2368 -1 723 -1 600 -1 2369 -1 632 669 -1 424 -1 433 -1 786 -1
3832 6453 -1
8948 2 5 9137 -1
22180 315 -1
10322 10 -1 0 -1 2 5 -1
14703 2 5 -1 72 -1
5615 293 -1
9361 315 836 837 3091 -1
11114 0 5 -1
2293 487 -1
23976 0 -1
16800 2 -1
7239 2 5 -1
8754 10 -1 26 -1
12734 10 -1
21836 2 -1
22657 0 483 -1 2 6627 -1
14228 431 -1
4909 0 -1 669 -1
23111 501 -1
3389 2 -1
11857 5 -1
9989 10084 -1 2 -1
14546 3 -1 2 992 4673 -1
20746 6975 -1 13878 -1
4447 683 -1 1455 -1 3482 -1 37 1017 -1 229 258 302 -1
2362 10 489 -1 5 -1 2024 -1
2557 1 5 10 -1
5538 0 54 -1
17894 5 -1
11810 889 10763 -1
23825 1 1062 -1
17027 10 -1 501 -1 5 26 2330 6895 -1
781 5 -1 54 -1 272 -1
11196 10 -1 1038 -1
15390 2 511 1462 -1 6 277 -1
20174 10 -1 2984 -1 3355 -1 5 4276 -1 54 -1
5259 0 1 2 5 -1
21822 460 666 3819 4100 4638 -1 7736 -1 2302 2303 5062 -1 4980 -1 468 -1 4027 -1 315 472 563 -1
17078 10 -1
17815 54 -1
18590 2 471 -1
10721 2228 4077 -1
11241 2 631 736 -1
12497 5 -1
15895 12493 -1 6 -1
105 532 -1
21785 315 -1
19445 2 -1 10996 -1
23622 136 -1
4690 2 6959 -1 792 -1
23561 5 1145 2124 2401 -1 6 2386 -1
4158 1251 -1
24929 302 4628 -1 147 481 14793 -1
11 25 -1 2 -1
9648 10 -1 0 -1 5 -1
14578 669 -1
3562 239 -1
24213 5 -1
13287 1 -1
6750 54 -1
22700 295 520 -1 14301 -1
23254 54 -1
23102 2 503 -1
1443 147 291 -1
22526 736 -1
24326 1137 -1 6 14668 -1
9174 1822 -1 0 10 9788 -1 5 -1 1625 -1 55 88 302 1590 1615 3110 3141 5643 -1 1764 5662 -1 844 -1
12072 26 10868 -1
9813 76 289 736 -1 437 3236 -1
18917 5 -1
1469 147 -1
16467 3419 -1 9900 -1 12673 -1
3604 0 -1
4693 76 451 -1
9071 2 5 8521 -1
24932 2 5 -1
19958 10 13648 -1 5 -1 540 992 -1 24 43 82 -1 2 -1
22335 489 -1 647 848 -1
12125 5 -1 63 -1
22567 217 -1
15842 2 -1
22155 14185 -1
6548 2 -1
14747 6664 -1 2162 -1 511 -1 421 1651 2132 3226 -1 837 -1
22301 5 10 -1
8698 10 -1 5 -1
20216 2142 5785 -1 445 -1
15479 214 -1
179 5 487 643 -1 644 -1
20421 5 10 2343 -1 2 589 2133 -1 530 4878 -1 677 915 1813 3771 -1
22751 227 -1 3332 5253 -1 539 1120 -1 220 253 254 357 746 799 1535 10080 -1 363 4416 -1 229 763 765 1856 -1 824 -1 511 -1 231 1599 1627 1699 2041 -1 2043 2044 4727 -1 1706 -1 232 1707 -1 536 2872 -1 4754 -1 280 3627 -1 1024 -1 1828 -1 2885 -1 7395 14307 -1 6171 -1 2886 9917 -1 3761 -1 546 1920 -1 158 282 691 2213 -1 4768 -1 693 -1 3657 -1 1135 -1 2049 -1 3648 3801 -1 4807 6118 -1 4627 -1 937 2875 -1 703 1564 5963 -1 4821 -1 1610 2976 -1 13 2977 3488 4965 -1 97 396 -1 101 102 1558 1715 -1 103 -1 104 628 -1 105 109 111 3807 -1 112 -1 113 117 4043 4320 12850 -1 950 -1 951 -1 127 2056 2138 -1 131 -1 14308 -1 6498 -1 8376 -1 2408 7448 -1 714 -1 715 -1 1476 -1 1477 -1 1478 -1 3399 -1 716 -1 1150 2978 -1 9244 -1 963 -1 4616 6334 -1 3582 -1 3529 -1 6282 8897 -1 8774 -1 4328 7147 -1 2416 2877 5026 6499 7148 -1 583 -1 4773 -1 2060 5397 -1 63 -1 2455 5027 7166 -1 725 2061 -1 3700 -1 728 729 2979 5709 -1 2945 2980 -1 4800 -1 13718 -1 669 5976 11272 -1 2330 3404 4822 12531 -1 6 48 1638 -1 134 320 5080 6958 -1 530 4581 4583 -1 147 -1 291 437 787 -1 2302 -1 12960 -1 5062 -1 469 4968 -1 2334 -1 4969 -1 5983 -1 2066 3878 -1 226 874 -1 2183 6058 -1 3131 -1 1925 10914 -1 8510 -1 4981 -1 1169 -1 1926 10563 -1 6136 -1
5772 77 -1 293 -1
14787 10 -1 5 1457 -1 293 1608 4763 -1 10908 -1 82 -1 437 4611 -1
14211 323 337 -1 338 -1 5 10 217 1899 4314 -1 137 253 -1 257 -1
16418 915 -1 243 -1 315 -1
24944 14124 -1
11222 2355 -1
7276 5 -1 943 -1
21784 0 -1 17 -1
3774 5 -1
19066 879 -1 0 5 1737 -1 1563 -1 89 776 1809 3321 -1
15217 10 -1 26 -1 4 -1 5 214 -1 2 -1 204 -1 672 -1
15557 2309 -1
14723 5 -1 137 -1 630 -1 2162 -1 1608 5054 -1 6405 -1 2 72 147 666 6304 11787 -1
5161 618 -1
12276 135 -1
15778 217 -1 5 352 -1
8049 63 204 3814 -1 4594 -1 76 4097 -1 135 3197 -1 437 -1 143 1816 -1
22273 4929 -1
8216 44 214 -1 522 -1 1144 1828 4758 5354 -1 11 973 1530 4615 -1 2992 -1 1043 2009 2191 -1 2 421 -1 3536 -1 5982 -1
1940 5 -1
5683 68 -1 10 268 -1 26 986 -1 5 -1 302 350 7983 -1 2 82 89 191 2131 -1 203 7345 -1 6 264 1048 -1 2849 -1 84 204 205 -1 275 6084 -1 3667 7984 -1 6869 -1 889 -1 1154 4504 5204 7985 -1 401 7980 -1 896 -1 85 -1 7986 -1 5448 7987 -1 7357 7358 -1 7988 7989 -1 3208 6652 7990 -1 7361 -1 5451 5452 -1 5453 -1 5454 6913 7991 -1 7992 -1
249 2 17 -1
18694 1148 3261 -1
4067 246 618 -1 762 -1
18680 4661 -1
22612 3 -1 486 -1
23906 5 217 2340 14555 -1
15816 1468 6809 -1 3347 -1 2132 -1 260 261 1531 -1 2 503 3123 -1
4989 5 -1
10102 10 26 -1 0 -1 5 6 63 82 84 277 2156 2881 3858 -1 85 275 896 10128 -1 85 1977 -1 210 2312 -1 86 87 1139 2862 6812 -1 941 2241 -1
19678 10 268 -1 0 217 -1 39 -1 5 -1 825 6881 8724 -1 776 2402 -1 503 779 996 4676 -1 3803 -1 696 -1 2012 3649 -1
23351 1039 -1
2575 86 5347 5348 -1
21458 5 -1 2 -1 14046 -1
6510 320 2242 2386 -1
9406 10 -1 204 -1
10253 10 -1 818 -1 7036 -1 10215 -1
5228 0 1163 -1
9084 293 9722 -1
3519 1146 -1 3122 -1 5513 -1
17642 2 -1
5076 4919 -1
10277 448 738 3981 -1 495 -1
5170 159 1131 2011 -1 7511 -1 2 915 -1
10784 647 -1 5 -1
7847 1 2 -1
2997 505 -1 0 10 -1 5 -1
19418 0 5 10 13436 -1 6 -1
22838 3 5 7515 -1
23958 217 -1 5 -1 2 -1
227 315 -1
14904 609 7199 -1
11239 2 246 -1 2452 -1 2297 -1
10899 1033 -1 44 -1 973 -1 305 -1 524 1517 -1 525 1133 2282 -1 527 1518 -1 528 1134 2283 -1 3451 -1 3452 -1
14575 2 5 -1
6904 1304 -1 1350 -1 1354 -1 1355 -1 1356 1357 -1 1358 1359 1360 -1 1361 -1 1362 1363 -1 1364 -1 1365 -1 1366 1367 -1 1368 1369 1370 1371 -1 1372 -1 1373 1374 1375 1376 1377 -1 1378 -1 1379 -1 1380 1381 1382 1383 -1 1384 -1 1385 -1
13792 26 -1 5 3974 -1
11415 204 7337 -1
13606 2 5 10 267 -1 4776 10099 -1 11418 -1
22369 869 6867 -1 870 -1 3878 -1 315 -1 677 -1 2318 3888 5224 -1
18703 1764 -1 844 -1
17404 2 -1
6842 489 -1
19058 54 -1 685 -1
9027 2 -1
1903 5 214 -1 2 1800 -1
15465 10 -1 986 -1 2 -1
17891 5 10 26 217 818 -1 55 -1 19 -1 883 -1
12675 378 -1 2215 -1
24042 2 4314 -1
16759 135 247 -1
1983 147 371 3435 -1
11343 10575 10576 -1
2810 315 915 -1
12788 0 -1 5 55 2272 11139 -1 919 -1 376 377 -1
24876 10 1161 -1 26 -1
16014 54 -1
22530 6 -1 1930 2225 -1
23800 14532 -1 2 -1
6105 8232 -1
14695 11756 -1
1685 2 860 4230 -1
6532 8422 -1
19281 0 -1 4564 -1
8454 10 217 -1 5 302 -1 746 -1 765 -1 3644 -1 740 1131 -1 147 2975 -1 430 -1
15877 268 -1 131 -1
1247 3635 -1
5484 507 -1 5102 -1 0 10 39 986 -1 5 5071 -1 1615 2025 -1 5043 -1 214 7870 -1 511 780 882 1033 6141 -1 6064 -1
7494 1056 -1
17922 450 1727 -1 1728 1729 -1 3072 -1 1730 -1 3073 -1 3074 -1 1731 -1
24587 10 -1 3 26 -1 0 986 -1 217 -1 5 1908 4157 4189 -1 137 1769 -1 219 -1 19 254 358 -1 229 2820 -1 44 381 3538 -1 1136 -1 82 -1 277 -1 6 27 933 8712 -1 6227 8713 -1 599 -1 1833 14733 -1 6149 -1 399 -1
12111 2 2092 -1
1654 0 10 2008 -1 5 217 -1
12942 660 -1
10801 482 -1 5 -1 2 10152 -1
4955 90 -1
701 2252 -1
19194 769 -1 231 -1 2266 -1 3646 5676 -1 157 258 -1 232 367 512 1650 2872 -1 2951 3499 -1 3511 -1 1462 3119 -1 1863 3457 -1 233 234 1708 -1
6741 5 511 -1 2 -1
13542 463 468 873 3128 4980 -1 2825 3144 -1
5358 743 -1
18361 5 10 151 693 -1 2 -1
10764 293 -1
13620 1070 2157 -1
4469 3588 -1
24349 293 -1
13306 5 -1
20315 5 13761 -1
9548 632 -1
5674 5 -1
12957 10 -1 3 5 -1 522 -1
22437 2 -1
20108 3 -1
7146 8708 -1 2 6611 -1
9104 5 90 -1
18530 5 217 -1 6 252 -1
13647 5 -1
8789 2 9204 -1
14173 2 11582 -1
2007 2 695 -1
8196 86 878 -1
14441 5 137 489 -1 293 10470 11685 -1
13094 2 1148 -1 6 -1
11122 10 -1 0 5 -1 6213 -1 3256 -1 11 597 973 2992 -1 8090 -1
15697 36 -1 5928 -1 84 -1
7516 2 5 -1
21302 3321 -1
18927 2 5 214 2106 2124 5280 6188 -1 76 204 1955 -1
16514 713 5741 -1 61 3811 6269 -1 3399 5022 6241 -1 2366 -1 2418 3530 -1 63 5111 -1 2218 -1 5752 -1 1480 -1 833 2061 -1 22 -1 719 -1 1036 3757 -1 7172 -1 722 -1 551 723 -1 3145 -1 729 1587 3815 -1 2981 4800 -1 147 423 437 731 -1
12516 501 -1
3172 0 -1
1135 2 2094 -1
5780 10 8044 -1
23093 269 10060 -1
3025 2 -1
7274 0 5 -1
18451 3411 -1
24931 0 -1 217 -1
13827 63 -1
18435 2 -1
1068 342 -1 1625 -1 1602 -1 752 -1 55 -1 40 88 -1 3383 -1 3384 -1 138 3385 -1 295 988 1837 3386 -1 1643 -1 758 3196 -1 355 -1 1679 -1 862 -1 20 153 228 686 746 -1 24 -1 229 765 -1 2039 -1 230 231 232 -1 366 -1 2951 -1 234 -1 235 236 2433 2953 -1 2123 3387 -1 370 490 774 1465 1809 -1 2873 -1 826 3388 -1 1131 -1 139 371 -1 2975 -1 89 -1 141 776 777 1755 -1 3389 -1 2403 -1 536 -1 259 280 1652 -1 1811 -1 828 2992 -1 1043 -1 238 3390 -1 1468 2397 -1 2291 3391 -1 3392 -1 240 2132 -1 3393 -1 3394 -1 45 378 2134 -1 2284 -1 1519 1709 -1 937 3395 -1 830 864 3396 -1 831 1847 -1 396 708 709 -1 3123 -1
11104 5 90 -1
13643 669 3765 4068 -1 5525 -1 147 -1
14594 2 -1
11730 63 433 -1
9337 511 -1
18184 5 54 -1
8058 5 352 -1
23144 454 3415 -1 471 4929 14395 -1 1010 -1
5934 293 -1
6666 1580 -1 0 -1
3223 527 -1 170 528 529 1134 2283 -1 2825 -1
16126 2 12567 -1
10164 2 134 -1 3235 -1 871 -1
20712 1144 2885 3806 -1 1955 -1 48 204 2799 -1 135 661 -1 13867 -1
1842 611 -1
16435 0 -1
1847 228 909 1823 -1 363 -1 24 154 229 256 1856 2376 -1 3500 -1 2271 -1 2 147 2219 -1 1141 -1
18774 293 -1 2 70 1750 -1 998 -1 76 999 -1 289 -1
14762 3566 -1
19148 0 10 -1 5 -1 820 -1 3332 -1 2 -1
9756 669 -1
4789 661 736 -1
20063 82 13691 -1
20524 0 -1 5 897 -1
2524 5 10 26 217 -1 1769 -1 6 -1 4379 4380 -1 1955 3275 3900 -1 2802 -1 49 204 2395 -1
5607 135 137 204 1596 -1
4152 2 -1
15268 1193 -1 1194 1195 -1 1196 -1 1197 -1 10 217 -1
17238 558 952 2056 9757 -1 452 12881 -1 265 -1
593 539 -1 1981 -1 1982 -1
19616 2 10095 -1
823 2 5 -1
24659 2370 -1
14147 5 -1 54 -1 2972 -1 396 -1
8242 76 135 -1
13562 10 -1
20440 10 -1 2023 -1 313 -1 5 -1 1 -1
18028 5 -1 2 13125 -1
12797 10 -1
2948 503 -1 896 1076 5815 -1
2745 2 743 2077 -1
4479 2 5 293 739 -1
13697 10 -1 5 -1 1590 2102 -1 302 -1 11399 -1 930 -1 2872 -1 514 2071 -1 2159 3803 5959 -1 696 1136 -1
13604 38 3418 -1 4804 -1 507 -1 10 -1 0 5 474 509 1602 3482 4560 -1 4960 -1 300 -1 302 3138 -1 253 360 539 1681 1684 2154 -1 513 687 3991 -1 1033 -1 2272 -1 2273 -1 881 3576 4736 -1 2275 2278 2820 -1 7410 -1 1808 -1 89 521 5241 -1
3843 669 2945 3403 6464 -1
8565 5 -1 2 -1 700 2917 -1
2046 2176 -1
22640 10 -1 1 -1 992 -1
5073 0 -1 2 -1
2563 2 6 147 272 3377 -1 445 -1
19535 0 16 647 -1 5 39 992 13551 -1 493 2144 -1 3824 13552 -1 1006 -1 1008 5983 7894 -1
15589 5 214 5232 -1
5165 5187 -1 768 -1
16169 76 135 3184 -1
22328 709 -1
6419 5 3212 8356 -1 2 17 63 -1
22472 10 -1 5 217 -1
24863 2 8191 9528 -1
19255 17 -1
2051 5 10 -1 2 -1
14094 10 748 -1
10030 10099 10100 -1
10279 10 -1 5 293 666 4652 -1 315 876 -1 497 -1
14119 135 -1 437 -1
471 5 -1 1618 -1
3072 5 -1
22444 315 785 -1
16965 0 -1
19288 2 -1
16099 3 5 217 -1
14589 2 -1
7439 76 147 632 -1
920 485 673 2226 2816 -1
7639 90 489 -1
7504 1 5 55 927 -1
13594 4611 -1
22394 0 5 -1
9138 632 -1
10155 6 -1 1774 -1 86 -1
6699 2 23 8498 -1
17080 1980 2176 -1 253 357 3332 -1 746 2950 -1 511 -1 769 -1 157 231 232 1600 1601 -1 89 514 969 1018 1131 2071 8058 -1 280 -1 43 305 2284 2399 6685 -1 691 693 -1 1165 -1 695 696 1470 3140 -1 671 2093 2191 5233 -1 3719 -1 3231 -1 70 106 134 2100 4594 -1 999 -1 76 11915 -1 4096 -1 147 423 562 1076 3236 3338 3377 5271 -1 431 -1 439 -1 440 447 -1 915 -1
24070 76 632 -1 147 -1
20999 1842 -1 3834 -1 434 441 443 785 787 1654 3973 -1 837 6973 -1 143 3415 6166 -1 226 1815 4508 -1 265 5942 -1
1933 3261 -1
5940 26 -1 0 -1 2 -1
3772 258 1706 -1
2845 0 -1
10511 5 -1
1626 1534 -1 228 253 799 1535 -1 24 363 -1 823 -1 229 -1 232 -1 233 366 1863 2951 -1 235 -1 369 371 825 826 2281 -1 89 -1 2213 4038 -1 282 -1 4039 -1 221 695 2104 3799 -1 1470 3803 -1 272 696 -1 4040 -1 13 831 -1 1714 3488 -1 96 99 396 -1 101 -1 1715 4041 -1
1635 10 378 -1
21723 10 -1 2 5 264 437 -1
12407 5 26 -1
11230 2 -1
18274 1160 11847 -1 31 8563 12498 -1
6502 10 -1 5 217 -1 88 -1 302 545 860 3386 -1 360 1687 3991 -1 361 -1 24 824 1692 -1
18791 87 8843 -1
2258 1455 -1 137 232 -1 236 367 1462 1864 -1 5142 -1 3387 -1 783 2973 -1 2 6 82 84 85 -1
23462 10 -1
13523 3 -1
8474 63 68 639 765 1038 1145 5496 6636 6925 6933 -1
13443 2 6 264 -1
1132 369 380 520 1651 -1
20017 876 1821 -1
4402 489 -1
5828 2 -1 2532 -1
423 217 -1 5 -1 252 -1
3426 10 38 39 -1 658 -1
24592 2 -1
6806 5 2308 -1
24539 2 -1
10212 2127 -1 2 260 3719 -1
467 135 1100 -1
22293 2 631 -1
7720 2 -1
9672 2 72 9975 -1
12585 11060 -1 3854 11061 -1 2825 2955 9708 -1 472 926 4667 4932 5129 5330 6346 11062 11063 11064 -1
18534 5848 -1 4073 -1
14129 0 -1 5 302 503 7939 -1
17117 505 -1 0 10 -1 5 229 355 758 -1 511 -1 230 -1 231 514 -1 4444 -1 11529 -1
24085 5574 -1
24046 63 71 1143 -1
20327 13768 -1 76 86 6802 -1 3296 3338 4479 -1 289 -1
3931 3 -1
6757 690 2418 -1 134 3404 -1 76 -1 736 -1 23 135 147 661 1100 -1 457 -1 869 -1
20783 72 445 -1
1987 10 2151 -1 0 5 -1 2 -1
22011 5 -1 2 -1
5290 5 1604 -1 2 -1
369 5 -1
24846 5 2452 3505 3805 -1 8378 -1 63 713 3085 -1 135 661 -1
15338 876 2331 8176 -1 244 4679 -1 468 469 -1
19900 834 -1
20043 3 -1 5 -1 219 293 377 -1 2 -1 2455 -1
662 2018 -1 0 5 -1 2175 -1 341 1887 -1 1 -1 1908 -1 20 37 316 346 351 2011 -1 626 1680 -1
12015 1 10848 -1
17059 275 1819 -1 7549 -1
4561 3500 -1 369 -1 881 1130 -1 1607 -1 517 -1 520 -1 1811 -1 971 -1 522 597 -1
5827 217 -1
14638 423 -1 629 876 1724 -1 4980 -1
20755 8677 -1
24688 0 10 26 -1 5 5240 -1 2341 -1 2848 8148 14754 -1 11645 -1 49 1494 1955 3271 3275 3277 -1 1495 3904 -1
5075 7452 -1
18884 10 -1 2 5 26 -1
3765 31 2851 -1 1154 1578 -1 2372 2386 -1
4118 89 776 -1 141 -1 259 969 4000 4754 -1 2180 -1 3229 4565 6620 -1 2 811 3459 6621 -1 48 3954 -1
16477 10 26 150 -1 0 -1 5 -1 539 -1 6163 -1 2408 7097 -1 63 5706 -1 717 -1 6 -1 3975 -1
15616 3887 -1 563 1008 3959 12427 -1
9636 10 -1
15924 814 -1
21890 3763 -1
5071 5 1524 -1
21397 10 -1 0 634 -1 5 -1 1 -1 356 -1 6 264 -1
11132 26 -1 2 6 5141 -1
5581 7934 -1 5 -1 2 7935 -1
5735 1523 2023 -1 313 -1
19556 315 -1
6882 1799 8046 -1 82 2028 -1
22784 147 -1
19330 5 583 840 5755 -1 838 -1
717 2317 -1
930 1707 -1 232 -1 2872 2951 3139 -1 233 234 -1
22783 10195 -1
18300 147 -1
469 2 -1
2458 72 -1
6925 13 82 1137 -1 6 2330 -1 84 85 -1 6168 -1
10286 26 -1
22894 10 -1 0 5 2206 -1 1904 -1
23018 2 -1
15645 5 26 -1
8308 3 -1
13276 11292 -1 896 -1
16644 7117 -1
20521 0 -1
10242 10 -1
6408 5 -1
12887 1024 3951 -1 2 1020 -1 1148 -1
13834 471 2335 -1
11220 1 -1 736 6117 -1
6333 3014 -1
7303 10 -1 0 -1 5 -1
2041 3 -1 489 -1
7473 644 -1
22543 10 -1 5 -1
2728 1179 -1 5 -1 5475 -1
10550 5 -1
11379 1606 -1
12869 1773 3208 -1
7961 5 10 -1 2024 -1
1089 315 -1
24548 3 5 147 217 254 799 -1
10654 54 -1
10362 10 -1 5 -1 3482 -1 1457 -1
1894 10 -1 5 4549 -1 4257 -1 54 -1 2 4550 -1
18555 3419 -1 3488 -1 1714 3918 -1 96 396 627 2896 6321 -1
11632 5 -1
2664 0 214 -1 137 -1 135 445 661 -1
5742 26 7429 -1 861 3790 3791 -1
13874 0 2 315 -1
3875 3 2984 -1 5 725 842 -1
4068 6595 -1
24094 2 -1
9479 54 -1
23728 1091 -1 1092 1093 1094 -1 1095 1976 1977 -1 210 3208 -1 86 10703 -1 2866 -1 469 1867 1868 3565 6748 12506 -1
14620 72 -1
24076 2 -1
17454 0 -1
6512 5 10 -1
19578 5 10 -1 2 -1
14093 10 3180 -1
15648 4821 -1
3945 6515 6516 -1
5631 26 -1
15444 10 26 -1 5 -1 577 -1
12410 5607 10977 -1
8245 5564 -1
24061 5 -1
3836 143 792 3102 -1
652 2150 -1 1062 2151 2152 -1 2153 -1 10 -1 0 489 -1 5 217 -1 1 -1 89 490 547 780 992 1454 2154 2155 -1 1857 -1 536 -1 2156 2157 -1 2158 -1 379 -1 2047 -1 1180 -1 1146 -1
953 135 -1 2144 -1
4423 10 268 3154 -1 1996 3778 6401 -1 26 217 269 -1 39 657 -1 3974 -1 658 659 660 -1 5 664 -1 1 -1 3570 3571 3713 -1 942 1674 -1 246 2328 -1 511 -1 1693 1695 -1 1626 1697 -1 1698 -1 1699 -1 1627 -1
3505 22 63 583 2092 6233 6234 -1
6605 5 -1 547 -1
22064 2 -1 13369 -1
11101 63 -1 10507 -1
13630 89 519 1809 -1 259 776 -1 239 3390 -1 863 -1 240 241 374 671 696 807 1468 2132 2133 2399 3451 -1 272 -1 11435 -1 3372 -1
23264 566 2194 5757 5818 -1 437 567 2309 -1 4969 5983 8469 -1
13739 5 10 -1 1916 -1 509 3482 -1 8 -1 1017 -1 1064 -1 2043 -1 89 -1 13 140 -1 1036 -1
7533 5 1077 2246 -1 8889 -1
7123 5 10 -1 6 -1
21649 5 3410 -1
24862 100 -1 63 5487 -1
18390 1051 -1 6051 -1 666 876 -1
2957 68 -1 2023 -1
19967 2 4497 5999 -1 445 -1
5572 71 -1 2 5 -1
24172 5 -1
23363 6940 -1
19700 2266 -1
8723 658 -1 2 -1 892 -1 448 -1
4857 676 837 -1
10831 3008 -1
4449 4034 -1
1607 422 896 1137 2299 2452 -1 434 586 -1
22872 14335 -1
13820 435 -1 586 -1 436 439 -1 442 443 -1 444 -1 445 446 447 -1 452 1725 -1 786 3726 -1 867 -1 454 456 3410 4781 -1 457 868 -1
17105 2 -1
22306 0 14222 -1 1979 -1 72 -1
14598 2 -1
11328 3 5 10 -1 40 -1 503 10108 -1 45 76 377 -1 289 7831 10570 -1 661 -1 135 662 -1 447 -1
17223 3 5 -1
1371 10 -1 3 5 -1 2 2249 -1 6 661 -1
18873 5 10 1176 3943 -1 909 -1 2 363 -1 3408 -1 445 447 451 -1
20589 1829 -1
17591 1140 -1 433 -1 572 2143 -1 315 915 2195 -1
6974 0 5 11 54 217 508 4560 -1
8277 68 323 -1 324 -1 325 -1 326 327 -1
7817 9007 -1
6951 445 -1
22626 507 1062 3418 4804 -1 5 10 217 555 -1 37 547 1116 2011 -1 301 3251 -1 1753 -1 229 2266 4059 -1 366 1650 3646 -1 234 2951 -1 235 1130 -1 1516 -1 771 -1 2953 3387 -1 1465 2124 2279 3676 -1 773 -1 2125 -1 2127 2280 -1 7396 -1 247 248 -1 6810 -1 260 305 375 2134 2135 11086 -1 3519 -1 261 262 783 2136 -1
7503 3 -1
19814 2008 -1 5 214 -1
11952 10216 -1
21609 1960 -1
15642 471 -1
21803 572 7802 -1 315 -1
768 10 217 -1 5 -1 253 -1 363 -1 582 2376 -1
294 5 26 -1 6 878 941 -1
1672 4088 -1
21062 5 -1
1318 2 -1
17047 498 -1
17405 817 -1 4191 5615 8730 -1 12939 -1
23397 1070 -1 6 147 320 1528 3552 -1 666 -1
14862 5 39 -1 11822 -1
293 252 302 503 935 936 937 938 939 940 -1 147 -1
23579 0 5 -1
16727 82 -1 12741 -1
23627 6 -1 50 -1
20581 5 -1
21192 5 -1
20781 5 658 -1 2 7180 -1
22510 320 -1
10632 315 -1
3092 5 5870 5871 -1 8 819 990 1457 3509 4987 5872 -1 259 1024 3978 -1 828 3517 3606 -1 2 3229 4662 5873 -1 2172 4628 -1 6 63 277 1020 3404 4521 5874 -1 48 1139 -1
11153 2 -1 674 714 -1
11243 137 -1 630 631 -1 1555 -1
4566 214 -1 1596 1800 6858 -1
22313 869 3197 -1
23489 444 -1
16667 147 3254 -1
23366 5 -1
2403 5 41 1835 -1 2289 -1 1143 -1 355 -1
14402 6 204 2849 -1
23298 54 -1
17176 2 10 82 -1
23782 5 -1
11496 5091 5092 -1 4830 5093 -1 4375 4831 5094 5095 -1 5096 -1 4832 5097 5098 5099 -1 4833 4834 -1 4835 4836 4837 -1 4838 4839 4840 5100 -1 4804 -1
13793 84 589 1750 -1
2623 2 329 4367 -1
18491 9192 -1
6939 8591 8592 8593 -1
11534 445 -1
21850 5 -1 2 -1
13763 2 -1
7934 2 -1
5401 1750 -1
7156 6 48 828 971 -1
636 0 2 -1
16745 254 2820 -1 771 -1 772 -1 2071 4561 -1
10490 0 7773 -1
6059 472 -1
22392 137 -1 2 -1
11992 6 -1 31 5256 -1
24785 0 -1 1 5 350 1592 1769 -1 5913 -1 302 555 -1 89 503 -1 2 434 443 1834 -1
7885 5 10 -1
22188 10 6116 -1
24412 320 -1 311 437 915 2303 -1 14490 14685 -1 3091 4888 -1 871 -1
18331 6052 6292 -1 320 421 6293 10529 -1 666 -1
9462 2 -1
19869 10 -1 0 3 -1
17196 1786 -1
18147 217 -1 2 5 -1 2225 -1 76 -1
19489 1687 -1 1688 -1 772 1131 -1
23218 5 -1
8666 10 -1 5 82 -1 2 -1
15324 11966 -1
8194 5571 7222 7225 -1 7227 7231 7232 -1 7237 -1 7238 -1 7239 7240 -1 7241 7473 9268 -1 9269 9270 9271 -1 7474 -1 9272 9273 -1 9274 9275 9276 -1 432 866 3775 4497 -1 434 435 586 -1 436 1834 -1
14136 72 -1
6692 3612 -1 63 -1 277 -1 6 1049 -1 204 4085 -1
12321 147 -1
18753 2 2012 13323 -1
463 258 -1
1284 3675 -1
24906 1494 -1 3282 -1 1495 -1 204 5889 -1 1500 1574 -1 1501 1575 -1 1502 1503 1506 1509 1576 3909 8468 10727 -1
24102 7809 -1 2 -1
12192 147 -1
13669 268 -1 11445 -1
17681 10610 13010 -1 315 445 -1
8779 4045 -1
97 2 -1
19014 147 -1
4609 84 320 -1
20019 72 2094 -1
15720 4888 -1
5676 7981 -1
8519 2 1600 -1
4552 85 -1 86 -1 87 5348 6834 -1
13885 10 -1
18399 3892 10873 -1
19020 10 -1 0 -1
16916 6 84 -1
11253 68 -1 10 26 -1 0 -1 1 5 217 3789 -1
21110 2 -1
7599 5 -1
13226 5 10 1608 3761 6405 9907 -1 2 3205 11283 -1 737 915 3353 3378 4611 -1
15490 2 -1
15218 5 -1
13617 377 -1
10053 10113 -1
11329 5604 -1
9363 5 -1
5344 5 10 54 -1
7746 311 -1
16225 12595 -1
5341 85 2235 -1 3422 -1
2903 1800 -1 2 135 -1
14645 2 5 135 154 381 661 705 865 1856 1887 -1 966 -1
1736 0 5 10 -1
18784 422 -1
15098 43 141 1024 1043 4746 -1 239 688 2398 3347 6810 -1 783 -1 3637 -1
9354 874 -1
14830 135 445 457 1100 3987 -1 2250 -1
24429 147 2066 -1
20442 2 -1 2225 11407 -1
1889 878 4520 -1 147 2863 -1
7428 2 4 6076 -1
8080 5 624 2245 -1
16320 86 -1
10319 89 -1 11 3436 -1
2434 0 5 2184 4961 -1
21235 68 -1
7575 69 -1 534 -1
5319 515 -1
3324 2 -1
20763 5 10 -1
7918 809 2093 3369 6014 -1
16562 4068 -1 6 669 -1 84 -1 85 10408 -1
1658 2 -1
7461 2945 2980 -1 437 669 2981 -1
19794 2040 -1 155 231 511 687 -1 157 258 367 1462 1600 1862 2043 -1 89 233 234 776 -1 6727 -1 142 536 1811 2189 4675 5028 -1 793 828 -1 372 1043 -1 689 -1 374 -1 693 1794 -1 1165 1469 2049 -1 5233 -1 307 -1 2 705 -1 557 811 3375 4965 5598 6361 8916 -1 3488 -1 101 396 -1 105 -1 63 1070 1476 1480 4616 4825 -1 728 2219 3815 -1
18414 2825 -1
10741 82 -1
13561 884 -1
20502 0 5 -1
5050 5 -1
9475 5922 -1 933 1638 3584 -1 6 204 2808 -1 1959 -1 84 5141 -1 896 -1
6896 54 6710 -1
20952 5108 -1
10136 10 -1
24891 323 324 325 326 -1 327 -1 328 329 330 -1 331 332 333 -1 337 -1 338 5526 -1
14836 5 -1
4189 2 -1 4018 -1
1675 2 5 26 -1
11746 4864 -1
22614 0 5 26 217 -1 254 511 3681 -1 1695 -1 1702 1706 -1 1807 -1
5994 763 764 -1 230 511 -1 1600 -1 232 258 -1 234 1862 1864 2872 -1 969 4506 -1 259 280 2132 3347 -1 2134 6685 -1 782 3718 -1 45 -1 378 2093 4444 4619 8178 -1 4447 -1
24322 2 14667 -1
22966 63 -1
13260 2249 -1
12169 5302 -1 6898 -1 2 -1 7121 -1 119 -1 63 -1
20902 2400 -1
16491 5 10 -1
5155 5 10 -1 7504 -1
12547 879 -1 1058 -1 1636 -1 2 11030 -1 72 -1
10950 4685 -1
8182 5336 -1
13616 5 10 26 -1 214 2341 -1 11420 -1 2622 -1 2627 2630 11421 11422 -1 2632 -1 2634 2637 11423 -1 11424 -1 2643 11425 -1 11426 -1 2648 2659 -1 2660 -1 6270 6271 6272 11427 -1 2662 -1 1955 -1
4754 2 6991 -1
13798 0 5 10 -1 304 2135 5537 -1 807 3122 -1 698 2420 6985 -1 422 583 -1 437 1484 -1 9541 -1
1569 10 26 -1 39 217 -1 5 -1 988 2940 -1 137 377 1747 -1
15857 2 72 -1
12030 10 -1 2 217 -1
14954 86 -1
12612 2 141 11073 -1
4224 1176 -1
13442 2 2873 -1
923 10 -1 5 573 3132 -1
12456 10 -1
15692 2 5 -1
21252 701 13994 -1
2866 375 -1
23598 1143 -1
14338 2 -1
24997 2 -1
17668 443 -1
21548 2 -1
22628 5 -1
2050 973 -1
10192 10166 10167 10168 10169 -1
9181 114 2920 -1 63 124 -1 6 3350 3632 3634 9791 -1
2577 10 -1 26 -1 0 -1 5 6 3542 4494 5349 -1 2854 -1 5350 5351 -1 1089 5352 -1 1977 -1 210 -1
16782 245 -1
22076 5 214 -1 89 -1
8838 2 -1
962 437 495 3194 -1
2886 39 217 658 4014 -1 5 137 664 1142 1799 4863 5721 5722 -1
7979 6259 -1
17963 1605 -1 513 1129 -1 2273 2434 -1 1807 -1 514 515 -1
1342 5 -1
8487 5 1024 -1
21592 2 -1
19432 2 421 -1
2490 2 5 10 137 -1
23941 2 2221 2330 -1
13856 246 8406 10506 -1
13737 5 -1 137 1540 -1 1064 -1 1543 -1
4030 2 63 6567 -1
12257 150 2020 3240 -1
21777 3719 7584 -1 2 272 809 -1 627 865 -1 147 966 2066 8481 -1
8208 2 5 6 377 -1
8443 9402 -1 2 -1
21925 89 -1 2 -1
16753 0 -1 2 -1
23077 2 63 14387 -1
22148 2 -1
23566 5978 10041 -1 1053 1939 -1 1528 -1 320 3637 -1 135 661 662 -1
24779 76 135 -1
4317 323 -1 328 -1 329 -1 330 331 332 333 -1
10421 469 4610 -1 472 2825 3144 -1
16557 10 26 -1
1244 5 -1
18819 10 -1 217 -1 5 -1
9433 944 -1 985 -1
24689 1066 -1
19267 2 137 -1
1653 2 4076 -1
24981 4929 -1
10525 10 -1 0 51 -1 2 5 76 293 437 4238 10318 -1
12835 1992 -1 0 5 54 1996 -1
12097 4314 -1
20786 2161 -1 302 -1 2402 -1 1024 -1 44 1468 -1 3373 3374 -1 557 666 915 -1 472 2250 -1
14451 0 5 154 -1
437 82 135 584 -1
15981 10 71 -1 217 -1 5 88 -1 761 1513 -1 254 1805 1862 -1 771 -1 147 -1
24534 293 -1
3035 0 10 -1
19576 0 -1 5 -1
9407 0 54 -1
9394 89 -1
21657 2 5 -1
3982 2 -1
22942 217 -1 5 -1 230 -1 157 9181 -1 14356 -1 2 -1
6794 1738 -1 2302 -1 572 5060 -1
