1250
7402 5 -1
18135 5 9830 -1 2 -1
22772 4761 14314 -1 240 -1 524 -1 272 527 -1 14315 -1 2 3399 -1 9325 -1 147 433 -1 7529 -1
3538 2 -1
5319 272 -1
15410 915 9542 -1 471 -1
13384 0 7469 -1 5 -1
13657 11441 -1
5131 5 10 -1
8119 10 -1
22942 76 -1
22604 2242 -1
22072 2 -1
21791 2 -1 11558 -1 5470 -1
16349 2 12638 -1
22529 0 217 531 -1 5 -1 2189 3472 3691 -1 2 503 1024 -1 105 -1 63 -1 2387 -1
17092 5 2297 6604 -1
6401 2 289 6373 8349 -1
9689 2 -1
18885 147 -1
3177 85 -1
23960 2 3 5 10 217 -1 6 76 147 -1
13285 472 2184 -1
4436 2 -1
19689 8058 -1 141 3606 -1 238 -1 3390 -1 863 2399 -1 503 8064 -1 45 376 3140 -1 1831 4965 5057 -1 2056 -1 4778 -1 7864 -1 8683 -1 5407 -1 76 -1 289 865 4596 -1 1076 -1 147 -1 3723 8458 8925 -1 434 -1 437 -1 442 443 -1 447 448 -1 454 457 -1 460 463 837 868 2332 5062 -1 143 -1 5063 -1 2066 4921 -1
12682 2 293 -1
5095 2 7459 -1
18263 673 -1
11260 10 -1 5 1911 3790 -1 55 945 -1 295 -1 154 358 360 746 1538 -1 767 -1 89 369 1018 -1 1024 -1 831 3606 3954 -1 4596 -1 530 -1 5113 -1 448 -1 2065 -1 10562 -1 2250 -1
7043 2 5 -1
9774 293 10001 -1
24503 244 3956 -1 2017 -1 1559 4052 -1 469 -1 10562 -1 3851 -1 2818 8878 -1 3852 8080 -1 1922 -1 676 4923 6786 -1 12452 -1 13656 -1 11224 11729 -1 10088 -1 2983 -1 1655 -1 4981 -1 1486 1736 3855 10783 -1 9706 -1 9714 -1 6407 -1 14717 -1 4929 -1 4930 4933 4934 -1 3103 -1
17442 86 -1 4237 -1 134 2230 -1
23435 289 -1 741 1031 -1
17942 4314 -1
19017 0 -1 2862 -1
9211 498 -1
23558 5 1601 -1 2 661 -1
23344 2 -1 6 -1 1049 -1 13052 -1
2248 669 5133 -1 70 -1
22326 2 313 14234 14235 -1
16109 26 217 2080 -1 5 88 3361 -1 1642 2940 -1
5615 2 -1
21866 1750 -1
8040 436 445 -1
15363 11975 -1
14937 2 229 -1
23156 5 10 214 -1 13227 -1 736 4965 -1
8148 10 -1
12879 472 -1
5391 2 6 289 -1
11636 68 -1 0 -1 1628 -1 2 -1
22188 5 14196 -1 2009 3509 5057 -1
17323 498 -1
8192 630 631 1064 1555 -1 2 -1
7153 5 3359 -1 302 -1
14785 0 5 -1
11154 63 -1
3167 0 -1 2 -1
19427 2 -1
9308 277 5571 -1 9838 -1 3637 -1 70 134 311 422 865 -1 147 -1 424 -1 437 443 -1 454 869 -1
12936 2 5 -1
1511 5 -1
6616 2 2012 -1
14262 2 -1
17728 1854 -1 6 76 13015 -1 265 -1
23353 992 -1
16297 2228 10529 -1
22076 2 141 14060 -1
18887 63 11009 -1
5704 2 1642 -1
10693 3240 -1 268 -1 5 10 302 360 1807 -1
12456 5 -1
20436 204 -1 1050 1961 -1 1051 3298 -1 86 2857 7379 -1 498 1979 -1
21381 2 -1
10541 2 5 -1
6167 1506 -1
17984 217 -1 5 -1
22736 337 -1
7635 6 277 1059 6706 8336 -1 5478 -1 399 3880 5576 -1 1954 7572 -1 204 2807 2850 3921 5989 7497 -1 5079 6159 -1 3287 -1 205 575 3924 -1 673 3207 8953 -1 3209 7380 -1
19221 272 1050 -1
21887 6 293 -1
17766 10 -1 3 5 943 -1 746 -1 3944 -1 228 256 363 -1 60 1856 -1 718 1771 5145 -1 1638 3584 -1 479 10412 -1 6 -1 423 -1
12858 3254 6326 6618 -1 2081 3536 -1 315 876 6327 6328 -1 677 -1 1817 -1 497 -1
20341 2 5 10 -1 76 -1 315 454 491 -1
18130 2144 -1
8984 3834 -1
10530 5 89 -1
18965 63 422 -1 76 135 661 -1
3033 275 3171 -1
15361 10 -1 0 -1 2 5 -1
5705 5 -1
15616 7369 -1
10923 5998 -1
18045 2069 3869 -1 153 1459 1461 4576 -1
20701 10 927 -1 5 -1
20696 0 -1
5404 7243 -1
2238 487 -1 2 137 -1
14036 0 72 1778 -1
23111 5 -1
4727 6977 -1 2 -1 6119 6978 -1 431 -1
14737 147 -1
20678 776 1961 2402 -1
21844 14119 -1 13216 -1
3358 2 2815 -1
23346 1809 -1 13 437 503 790 2402 -1
15036 68 -1 505 4783 -1 10 39 1568 6211 -1 313 -1 5 545 2102 -1
4073 3603 -1
7275 2 5 -1
18941 217 -1 5 -1 147 -1
7205 3956 8739 -1
1774 5 10 26 4375 4376 -1 2 -1 63 -1
18050 2 -1
3922 6494 -1
4614 6904 6905 -1
9119 55 -1 24 228 363 -1 1600 -1
12817 5 -1
14174 1925 2428 8469 -1
7220 7529 -1
18048 5 10 -1
88 253 -1 480 481 -1
22935 659 -1 664 -1
18534 6 147 204 -1
21327 3926 -1 9695 -1
18208 2 10 -1
8182 9191 -1
11179 54 -1
13039 147 632 -1
11822 305 1558 1602 -1 2143 4878 10768 -1 572 1925 8080 10769 -1 315 -1
2900 0 -1
10099 315 -1
14632 5 250 11738 -1 2 11739 -1
18691 5 -1 13305 -1 63 -1
10209 85 -1
12932 134 -1
17178 10 -1 26 -1 217 -1 5 1804 -1 82 1068 -1 12861 -1 1771 -1 6 -1 12862 -1
3620 10 -1
22137 5 10 -1 55 218 228 513 765 881 -1 524 -1 1517 -1 525 526 2282 -1 527 -1 1518 -1 528 529 -1 2283 -1 2 -1
6444 5 10 26 228 -1
10124 2 5670 -1
17794 493 -1
20519 5 10 -1
22806 0 -1 5 -1
17994 3 -1 2 5 408 11279 -1
12843 2 5823 -1
10548 1059 -1 6 -1
19886 2 5 -1
4022 5 -1 151 -1 6559 -1 158 6560 -1
5944 82 -1
3118 3044 -1
529 31 1780 1781 1782 -1 1153 -1
11444 2 -1
1949 49 -1 3378 -1
803 3 -1 217 -1 5 -1 904 -1 55 137 254 -1 513 -1 515 1807 2273 -1 2820 -1 2279 -1 89 305 370 524 525 1133 1517 2123 -1 526 2282 -1 527 1518 -1 528 1134 -1 529 -1 381 783 2283 -1 2 130 -1 147 832 2821 -1 434 586 -1 437 445 977 -1 457 785 -1 2822 -1 2823 -1 481 836 837 2302 2824 -1
7959 5576 9087 -1 9088 -1 31 -1 2235 -1
11832 5 10 26 511 921 -1 1693 -1 6 204 1959 -1
19548 2 -1
14269 11615 -1
12381 2 13 113 1853 -1
7621 147 -1 493 -1
9419 2 -1
404 217 -1
10677 422 10360 -1
3852 5 -1 1537 2951 -1 2952 4511 -1
10338 2286 -1
9178 2 -1
20975 2 2028 -1
18613 20 13287 -1
13382 2 5 69 2376 10786 -1
12855 10 -1
9088 2860 -1
24151 5500 -1 1809 -1 141 1827 4335 -1 304 306 374 3732 5339 -1 7819 -1 1569 -1
12481 5 -1
14081 8143 -1 1979 11553 -1 4977 8119 -1 11554 -1 76 -1 4092 -1 5855 -1
24861 5076 -1
11358 0 10 606 1452 2115 -1 5 217 2025 -1
18886 1055 -1 5 270 6297 10839 -1 1679 -1 4701 -1 862 3764 -1 2 -1 425 3973 -1 8458 -1
3310 10 -1
9007 776 -1 2 -1 9687 -1
7663 1807 -1 445 -1
23839 495 -1
15990 357 428 429 431 2182 -1 445 450 -1 4780 -1 1725 -1 6884 -1 460 868 -1
7552 10 -1 0 -1 5 -1 2 5313 -1
22587 4961 -1 301 302 -1 54 137 545 -1 1143 5229 -1 1514 1535 -1 372 2992 -1 237 1043 6294 -1 13378 -1 3258 -1 688 -1 2133 -1 260 2158 4764 5054 10669 -1 1920 -1 6662 -1 6 82 86 272 3122 -1 1156 -1 3477 6170 -1 10295 13611 -1
4052 5 -1
19999 1466 -1 774 4506 -1
1626 3807 -1 4042 -1 106 108 111 -1 116 4043 -1 117 1070 -1 851 1659 -1 119 -1 124 127 -1 129 -1 3809 -1
16962 5 -1
7703 3128 -1
11939 2 76 315 572 1682 -1
11511 2 -1
17827 1076 -1
4111 3 -1
5034 72 -1
11283 11 246 1828 -1 2 -1
2008 2 217 306 -1
19841 9981 13523 -1 896 -1
18119 2 1488 -1 451 -1 13148 -1
13554 293 -1
7499 3 10 -1 1489 -1 0 5 -1 4193 -1 31 -1
9700 693 -1
20638 869 -1
16103 5 5077 7382 -1
491 72 -1
2357 10 3891 -1
14482 268 -1
22800 2 -1
6767 5 -1
6932 10 -1 1996 -1
2466 2 5 -1
23354 54 14454 -1
11905 72 -1
560 2 -1
16554 5 -1
9310 9839 -1
1257 2225 -1
21692 467 -1
23424 2 -1
24388 674 1079 -1
18195 5 -1 77 -1 2 -1 211 -1
12394 2 7679 9077 -1
24247 1 145 531 -1 3727 -1
19035 631 13403 -1
9221 1817 -1
13588 2 -1
11508 1725 -1 452 868 -1
16502 2 -1
9870 245 6709 -1 3211 -1
2147 915 3959 3960 -1
7 0 2 -1
9724 56 362 2263 -1 1823 -1 363 -1 581 8955 -1 1824 -1 767 1856 -1 231 258 649 -1 2121 2122 -1 2124 2125 2126 2127 -1 2128 2129 -1 370 774 1809 -1 1131 4506 -1 3435 5693 -1 4746 -1 2 3637 -1
9630 90 134 6162 -1 135 661 -1 966 -1
1208 3601 -1
8329 2 13 -1 97 100 4043 -1
18054 2 72 -1
24604 5 363 1567 1691 2076 5628 -1 3122 3648 7567 -1
10442 10 -1 0 -1 5 214 217 -1
4291 1922 -1 563 789 3415 4919 6166 -1 3416 4923 -1 1485 -1 874 3537 6716 -1 5942 6058 -1 3144 -1 265 -1 2955 -1 4666 -1 3630 5330 -1 2184 -1 792 1010 6717 -1
2046 490 -1 666 736 865 4821 -1
22409 2 -1
2883 5 -1 2 -1
12552 6 -1 205 878 1154 -1
17044 12832 -1
4620 5 10 -1 40 137 1064 -1 1543 -1 1544 -1
12513 5 1643 -1
13715 2 2156 11457 -1
24337 2 269 -1
9710 2 422 -1
21754 5 217 -1 20 -1 154 254 746 765 -1 257 1856 -1 520 -1 42 -1
16850 10 217 2084 -1
11167 54 1534 -1
5055 677 1012 7447 -1
24577 217 -1 5 -1 82 -1
10957 3172 -1 10452 -1
24545 4067 -1
9403 2953 -1
8440 0 -1
24594 2 5 -1
1744 3 -1 759 3825 -1 2 293 -1
18484 2 5 4270 -1
9800 2 320 761 -1
8417 10 -1 5 7804 -1
20521 5 147 217 5682 -1
18302 396 -1
22542 0 2 2080 3316 -1
22745 2447 -1 3809 -1 3552 3787 -1
14063 275 -1
4080 2 10 -1 719 -1
6941 10 -1 0 5 -1 18 1017 4961 5302 -1 246 6898 -1 1983 -1 1940 3456 -1 360 -1 363 -1 89 513 520 -1
20889 369 2951 -1
17605 2 -1
24320 2 -1
19205 137 -1 2 -1
14700 1028 11772 -1 49 50 3306 8704 10154 11255 11756 11773 11774 -1 1494 1495 5343 -1 204 1956 2806 4352 5928 -1 11775 -1 9764 -1 1957 -1 1959 -1 1960 2809 2851 6284 7574 9774 -1 1962 -1 3285 8098 9189 11776 11777 -1 11778 -1 8967 -1 11779 -1 2099 8969 10525 11780 -1 8099 8467 9782 11446 -1 4005 4377 8075 -1 8940 8941 8942 -1 1050 8943 -1 1051 2810 5504 -1 11781 -1 4371 5337 -1 11782 -1 2233 2811 3914 8944 -1 5801 -1
7134 147 1100 6466 -1 428 866 -1 447 448 -1 4780 -1 457 -1 8694 -1 2183 -1
7654 10 1822 -1
14888 2 11838 -1 423 -1
18312 26 -1
8693 1137 -1 2330 -1 6 933 -1 9581 -1 3282 3283 -1 1495 -1 204 249 1502 9582 -1 1506 3909 7350 -1 84 1089 9583 -1 1090 -1 1091 1977 -1
10672 5 -1
10711 0 5 -1
2632 586 866 -1 443 445 -1 454 743 -1 464 -1 143 4679 -1 315 469 2017 -1
22698 5 -1
18397 213 2229 -1
8092 9140 -1
13475 5 484 1690 1691 1692 -1
11434 0 10604 -1 133 211 5564 -1
24643 5910 9774 -1 504 1050 1051 9841 11111 -1 205 -1 2816 5900 -1
9937 54 272 -1
10191 5 -1 2 -1
24156 2400 -1 6304 14627 -1 470 -1 4894 -1 2304 -1 5715 -1 3668 -1 4899 -1 7949 9700 -1 4610 -1 676 1007 3382 6166 -1 789 9423 10200 -1 6786 12757 -1 11058 -1 1923 10769 -1 4508 4917 9703 -1 4924 -1 1815 -1 1485 4795 -1 3971 12452 -1 14628 14629 -1 2183 2335 3131 -1 1925 -1
5127 647 7487 -1 1626 -1
20331 6959 -1
2360 5088 5216 -1
8483 2 82 647 -1
22552 268 655 -1
17803 5 1799 -1 90 -1 72 4337 -1
20269 10 -1 3 -1 602 -1 5 -1
19309 2 5 -1
16357 5 -1 270 -1 674 3188 -1
22465 2 154 293 -1
7993 710 2453 5483 6245 -1 2408 -1 7879 9098 -1
8187 3261 -1
17756 2226 -1 13036 -1 836 -1 837 -1
13523 2 4989 -1
20707 0 10 217 -1 5 295 3691 -1 2044 -1 503 1652 -1 147 -1
820 5 -1
13352 287 2076 -1
4802 5 -1
1909 10 -1
16935 0 -1
18192 5 11 4615 -1 2942 -1 48 2163 -1
12598 5 -1
21702 2 -1
14355 204 1495 -1 11662 11663 -1
2058 1431 -1 1432 1433 1434 1437 -1 1532 -1 1438 -1 1439 1440 1441 1442 1443 -1 1444 1445 1446 -1 1447 -1 1448 1449 2109 2110 -1 10 -1
24858 213 420 -1
2566 4049 -1
14333 72 -1
6391 0 -1
12350 489 -1
9531 2272 -1
1258 5 2308 -1
22680 2 6 294 -1
3334 0 5 151 -1 27 63 -1
6162 2 4563 -1
22449 26 217 490 -1 2 8436 -1
24129 63 8389 -1
19211 452 786 -1 3412 -1 8907 -1 312 457 -1 459 -1 460 -1 461 463 -1 464 466 -1 3957 -1
756 3 2162 -1
12484 2 -1
1795 2 5 3024 -1
22201 4745 -1
4687 495 677 -1
5631 5 217 -1 360 363 -1 6 2849 4630 -1 4791 -1 275 896 4792 7959 -1 3149 6055 -1 1977 -1 210 5903 7960 -1 2312 -1 878 -1 86 -1 87 3551 6397 -1 1527 -1 147 320 2242 3956 -1
18619 204 13292 -1
23210 210 -1 86 147 1578 -1
22013 14146 -1 5571 -1
14831 2 578 806 -1
21337 2 -1
18084 13136 -1
14 46 -1 2 -1
18946 3285 -1 3287 8969 -1 13382 -1 1050 4005 8075 8940 8941 8942 8943 -1 1051 3923 -1 3298 3914 -1
4038 320 1528 -1 147 736 3296 4044 -1 3416 3653 -1 2947 -1 739 4340 -1 2955 -1
12483 48 -1 3904 -1 204 1495 11008 -1 10860 -1 9901 -1 1506 3909 -1 896 1050 1051 1977 2147 5785 6257 6438 11009 -1 86 210 -1
1640 2 5 6 -1
10950 2 -1
5726 2 147 315 -1
15639 2 54 -1 63 12430 -1
11304 2 7371 -1
5680 493 -1
12418 1018 1131 -1 89 5693 -1 57 58 1810 3120 3517 4755 -1 793 971 -1 828 -1 597 -1 44 2941 -1 4359 -1 587 -1 1828 2885 4758 4759 -1 11 -1 12 973 1530 1829 5049 -1 3143 -1 1043 3390 7395 -1 239 1468 3393 -1 2133 2134 -1 2135 -1 375 -1 305 1608 2104 2158 2213 3799 5053 5697 -1 3321 3451 4662 8711 -1 806 -1
18246 10 -1 0 5 26 302 1838 -1 4443 -1 152 -1 356 759 1461 -1 153 -1 82 293 -1 27 -1 6 571 -1 31 -1 4791 4792 -1 275 896 -1
5265 5 -1
9967 1 1915 -1 511 746 2263 -1 258 2269 3457 -1 236 1708 -1 1033 10077 -1 2 -1 2170 5633 -1 7097 7100 -1 1558 -1 583 -1 6 -1 86 421 -1
11896 0 5 -1 54 -1 2 -1
8225 76 -1
12327 154 992 -1
3420 1 2866 -1 134 661 -1
7010 6 -1
24412 873 -1
7687 5 217 927 1145 -1
12823 5 9710 -1
14750 10 -1 489 -1 5 5682 -1
4339 2 293 -1
15208 0 -1 217 -1 313 2023 -1
19438 265 -1
11871 10784 -1
5779 3 268 -1
6899 82 302 -1 2 147 -1
17664 147 -1
14833 129 9629 11811 -1 433 1140 -1 563 -1
13744 2 -1
23648 5 -1
4485 2 204 277 -1
3831 2 4806 -1
2613 2 -1
15096 5 10 -1 752 -1 3692 -1
8694 9585 -1
1790 277 -1
1975 5 4645 -1
12155 63 10893 -1
18625 0 2 45 -1
23173 5 -1
11670 204 -1 1506 -1 76 86 320 419 1528 4237 -1
15120 3254 3630 -1
12690 13 709 -1 63 127 -1
24054 1980 -1
19233 10 137 -1
19869 5 -1
23062 2 -1 669 -1
15978 2330 -1 27 -1 6 -1 31 4865 4867 11971 -1 1780 1782 -1 36 -1 7522 -1 1955 -1 48 2799 -1 204 1959 2849 5989 -1 134 320 1512 2809 5177 6284 -1
11172 1176 -1
13212 360 1687 -1
21304 1560 -1
10136 5 -1 503 631 736 -1 445 -1
1954 10 -1
9172 274 -1 1077 -1
14165 1256 -1 5 290 -1 2 -1
6505 3756 -1
7091 315 -1
3651 2 54 76 -1
2318 2 -1
19924 2 5 63 76 -1
17824 3 -1 0 3181 -1
5070 10 -1 3 -1 0 5 26 -1 6 522 -1 7451 -1 7423 -1 7424 -1 210 1976 7425 -1 86 -1 445 -1 451 -1
6295 0 -1
17909 6617 -1
2882 2228 -1
9044 3 -1 5 -1 5360 -1
23567 792 -1
22347 245 4140 -1 2 -1
11221 144 -1 488 -1 10 -1 26 -1
1898 5 -1
8921 1464 -1 774 -1 139 490 -1 89 556 1826 -1 141 -1
12249 10 -1 5 54 -1
7124 10 -1 3 5 26 277 513 -1 6 27 31 8686 -1 3859 -1 35 -1 36 2106 3688 6188 -1 1955 -1
2152 1142 -1 5 135 -1
13321 2 632 -1
24730 0 5 16 14764 -1
3426 5 270 -1 47 2455 3401 -1
1988 2 2162 3411 -1
14838 10 -1 5 -1 7944 -1 2 1940 11813 -1
85 3 268 -1
8007 0 10 647 -1 5 -1 2 -1
11811 3404 10764 -1
11220 147 -1
2845 2 5 217 272 -1
16470 420 10589 -1
3711 76 -1
10990 0 5 151 -1
5322 10 -1 2308 -1 26 -1 39 217 -1 658 -1 3455 4014 -1 5 214 664 -1 137 -1 252 630 -1 2 147 421 1722 -1 2142 -1
45 226 -1
14558 1528 -1 134 320 421 -1
21368 26 -1
2044 4815 -1 4816 -1 2837 -1 4817 -1 2840 -1
1943 1517 -1 525 526 2282 -1 527 528 1518 -1
3339 54 -1 2 -1
1306 3697 -1 583 3698 -1 63 -1 1036 -1 3699 -1 669 3700 3701 -1
593 1940 1983 -1 543 1646 1688 -1 1984 1985 1986 -1 511 -1 258 512 929 1806 -1 1987 -1 370 -1 371 1131 -1 521 -1 776 1988 -1 996 -1 1024 -1
5501 7875 -1
17758 0 -1 5 293 -1
22530 31 -1
14617 2074 2242 7580 -1
14500 10 81 -1
13755 54 -1
15652 5 12433 -1
20487 6 277 -1 4925 -1 2825 -1
2600 1724 -1
1792 5 4423 -1
14185 752 3790 -1 861 1017 1457 3362 -1 54 367 513 545 -1 2272 -1 881 2273 -1 516 4737 5686 -1 517 -1 774 -1 3083 9928 -1 44 89 2402 -1 841 2992 6685 -1 524 1517 3205 6405 -1 525 1133 -1 526 2282 -1 527 1518 -1 528 529 1134 2283 -1 2 1148 1564 -1 102 1558 4324 -1 63 5974 -1 7197 -1 6 27 609 5426 -1 31 1957 -1 865 1076 2395 5325 5407 -1 135 661 966 3834 -1 147 -1 464 786 -1 869 1925 2818 -1
14326 54 -1
16383 639 1996 -1 0 -1 5 214 2341 -1 6 1799 -1 9339 -1
24504 14718 -1
11035 3249 -1
23047 2 5 6 656 5027 -1 5977 -1
7448 5 -1
24505 5 26 -1
22881 63 2144 3936 -1
1191 315 876 926 3586 -1 497 -1
14178 1139 -1
17139 76 -1
3136 5907 -1 2 134 -1 4103 -1
16833 0 10 -1
24084 2 3619 -1
1287 2 5 -1
20716 2 3256 -1
7461 4889 -1
13348 3122 -1 4368 -1 11323 -1 147 434 869 3404 3957 7845 -1
23861 3 -1
6117 2 4 -1
14083 748 -1 1489 -1
1919 135 445 -1
13623 84 11009 -1 275 896 4018 -1 85 -1 8905 11429 -1
14502 3751 10537 -1
10977 10 -1
17001 10 -1 3 -1
18032 986 -1 0 217 -1 5 -1 5946 -1 1768 1835 2024 -1 2940 -1 137 -1 1143 1685 5106 -1
6461 3700 -1 3145 -1
13922 5 -1 686 -1
21045 2 -1
12807 2 9112 -1
14189 10 -1
7159 472 -1
11174 6759 -1 254 490 -1
5742 5622 8031 -1 295 1615 2161 3256 -1 8032 -1 137 888 -1 1643 -1 3196 -1 539 799 -1 1535 -1 520 -1 2402 3606 -1 2 5053 -1 2876 4103 5754 -1 1140 -1
1317 2 3710 3711 3712 -1
2536 443 445 464 -1
9345 5 6 -1
13804 86 87 -1
10465 2 134 272 5653 -1
13084 5 137 217 -1 2 135 147 666 992 -1 498 1022 2825 4229 -1
4889 2 272 -1
4725 900 -1 1533 -1 1980 -1 63 154 272 1646 -1 2456 -1 6 76 -1 493 -1
7540 4 -1
16629 454 -1 460 -1 243 787 915 8707 -1 835 3956 -1
15983 470 -1 315 1010 -1
13884 2 11511 -1
19322 236 -1 772 -1 2071 -1 1131 -1 89 -1 6 1955 -1 3898 -1
6520 0 -1 5 -1 4480 -1
24761 2 -1
24802 10 -1 0 -1 5 -1 2 -1 76 135 481 -1
4344 445 -1
19861 2 3256 -1
864 632 736 2988 2989 -1
16860 5 -1
10960 2 -1
16075 2 -1
2818 5560 -1
6565 8443 -1 147 3378 8444 -1
3933 283 5419 -1 284 6496 -1
5482 7869 -1
24148 63 95 1558 -1 733 1955 3275 3690 7173 -1 204 1495 3291 4388 12579 -1 2816 -1
8912 5 -1 631 -1
5600 258 -1
9263 9815 -1
11890 2 363 -1
3213 0 6000 -1
16940 5 -1 736 -1
15879 10544 -1
13464 5 -1
21039 5 -1 293 -1
16913 2 -1
3975 76 2064 -1 135 -1
11410 2 1516 -1
3467 5 -1
19959 2 -1
18670 2 746 -1
14911 12 3430 -1 2 11848 -1
20615 272 -1
5827 5 -1
8261 0 -1
12102 10873 10874 -1
10783 68 -1 5 10 -1 2 44 137 214 5047 -1 76 -1
6522 848 -1 589 -1
994 5 -1
13722 54 1681 -1
1486 10 2203 -1 3934 -1
21286 0 2 5 -1
13065 2717 -1 2734 11211 -1 9545 -1 2767 2768 -1 6 186 203 8934 -1 1049 -1 84 -1
8252 5 -1 2 -1 9300 -1
9352 2 498 885 -1
24631 472 498 -1
23179 5 -1
14075 219 -1 228 360 -1 6 277 2300 -1 878 -1
4742 5 -1 302 -1 272 -1
24259 5754 -1
16730 2356 -1
13632 11436 -1
2262 0 2 5 -1 5145 -1
13241 4 5 10 -1 90 -1
6440 1750 -1 2 -1
15663 572 10878 -1 2017 -1 1565 5983 -1
14988 147 11865 -1 2142 -1 451 -1 491 -1 497 2144 -1
9865 637 -1
12839 1 2 147 306 -1
23070 1860 -1
14504 0 10 -1 217 -1 5 761 -1 519 -1
17059 896 -1
4440 2134 -1
11052 573 -1
4884 5 3432 -1 2 -1
22230 2 1651 -1
14734 927 -1
16211 10159 -1 134 -1
4402 0 2 -1
10170 2 3 5 293 -1
21574 3722 4357 -1 533 1613 3834 -1 147 -1 433 -1 143 454 836 -1
9801 1252 1253 -1
24125 5 -1 45 1643 -1 2 378 -1
12555 2069 3869 4499 -1 2260 2261 -1 503 -1 45 378 -1 11037 -1 2297 -1 147 915 -1
5975 3 -1
24140 2 134 469 -1
5280 464 -1
8574 5413 9468 -1
23458 54 14469 -1
22695 0 -1 2 1698 -1
9641 2 -1
1122 0 -1 5 -1
10571 3573 -1
24457 272 2093 -1 134 421 2978 -1
12286 3823 -1 472 2066 2825 -1
17906 10 615 -1 5 -1
6214 2 -1
13946 272 -1
8548 9441 -1 1955 -1
18077 2 -1
21532 2 -1
10164 2066 -1
14816 554 -1
7046 2 5 8656 -1
8586 941 2863 -1 320 6251 -1 134 666 1140 -1 451 -1
21992 315 -1
14983 2 -1
19056 0 -1
9901 2 -1
21265 10 -1 293 879 -1
12849 9326 -1
21575 63 -1
11250 3350 -1
2028 5 -1
18106 240 2098 5242 -1
17412 5 -1
15965 2 10 -1
2672 5 -1
22996 5 -1
18176 48 2416 -1 422 -1
18408 2 -1
17986 0 -1
11073 10061 -1
984 2950 -1
17247 5 -1 2427 -1
4812 5 1469 -1 2 -1 76 7245 -1
20688 2983 4508 -1
8294 3530 -1 63 -1
17696 147 289 869 4597 -1
24071 736 -1
21204 315 -1
12040 68 -1 3 26 -1 1 5 -1 6635 -1 82 302 992 1685 -1 2 264 1137 1771 -1 6 -1 204 9900 -1 10860 -1 6250 9901 10861 -1 1502 -1 7974 -1 1506 3909 5785 6257 7352 7729 -1 2855 10862 -1 208 -1 10863 -1 491 3074 -1
2743 3750 -1 217 -1 5 -1 2 583 1145 -1
14276 2 -1
7317 8782 -1
24834 5 -1
22977 2176 -1 357 -1 746 -1 2040 2328 -1 89 140 368 2951 -1 587 -1 2 11 129 272 373 1469 2049 -1 814 -1 6 1972 3404 5184 9168 -1 86 210 1973 1974 1976 7423 -1 289 422 -1 4044 -1 425 426 -1 427 3723 12697 -1 5114 -1 3044 -1 291 -1 428 2182 -1 429 430 431 433 866 1724 3237 5999 6851 -1 6343 -1 434 435 436 586 -1 437 3409 9064 -1 2989 5011 -1 439 -1 441 -1 442 444 445 446 447 -1 4580 -1 448 -1 449 -1 450 -1 452 1725 3726 4780 -1 785 -1
10260 2 -1
16915 6 -1 3350 3634 7903 -1
16490 2 -1
4427 2 -1 3924 -1
11582 124 2934 -1 125 -1 3809 -1 3787 5388 -1
9655 2 5 -1
20770 134 669 -1 76 -1 135 -1
17985 217 -1 5 -1 5643 -1
22543 2 -1
15017 5 -1
15726 443 -1 1725 -1
2539 5326 5327 -1 2 -1
825 10 68 -1 0 5 54 105 -1 2895 2896 2897 2898 -1 2899 2900 2901 -1 116 2902 2903 -1 2904 2905 -1 2906 2907 2908 2909 2910 -1 119 -1 1929 2911 2912 -1 2913 2914 2915 -1 2916 -1 2917 2918 -1 120 2919 -1
20292 10 -1 5 -1
8163 265 5717 -1
1104 2 -1 3465 -1
15282 1503 10329 -1 1504 5893 -1 1505 -1 6522 7723 10922 -1 7724 -1 7725 -1 7726 7727 -1 7728 -1 3200 -1 1506 3909 7729 -1 1508 11954 11955 -1 1509 7730 11956 -1 3911 7352 11582 -1 11957 -1 924 8997 -1 3286 -1 4005 -1 8075 8940 8941 8942 -1 8943 -1 1051 2233 -1 11009 -1 3924 -1 672 -1
11695 0 6002 -1
9489 2135 -1
11202 776 3389 4441 -1 376 5531 -1 377 -1 6 783 9454 -1 1957 -1
7120 7159 -1 63 147 2092 4065 5377 7171 -1
24362 1 -1
9499 5 54 -1 2 -1
19958 6512 -1
11208 3868 -1
14989 2 147 -1
10248 2 -1
17418 649 -1 2121 2122 -1 2126 -1 2 696 2127 -1 6885 -1 836 837 -1 677 5224 -1
16795 5 293 -1 3535 -1
22234 10 -1
10740 5622 -1
3129 5 -1 2 137 -1 1137 -1 27 933 -1 6 31 -1 3858 -1 1153 1782 1783 2847 -1 1784 1785 -1 1786 1787 -1 36 3282 3283 5888 -1 1495 -1 204 -1 1958 -1 3326 3327 3670 -1 1959 3328 5889 5890 -1 1573 1574 5891 5892 -1 1502 1503 1504 1506 4360 5893 -1 1508 5894 -1 5558 5895 -1 2353 -1
21239 0 -1 2 -1 5198 13993 -1
23749 2 -1
19358 1665 2058 3399 4067 -1
13220 743 3411 3412 5714 -1 455 461 2429 7467 -1 462 -1 463 464 -1
17229 5 -1 54 -1
1453 147 313 -1
2359 5 10 137 -1 630 631 -1 739 1750 -1 677 -1
19289 5 -1
12697 2 253 1750 -1
310 980 -1 6 84 -1 981 -1 85 -1
12686 5 -1 2 -1
24334 2 3 10 -1
19400 0 5 -1
12230 8782 -1 722 -1
24269 14656 -1
543 54 -1
652 2159 -1
18108 524 525 1133 1517 5914 -1 526 -1 2282 -1 527 528 1518 -1 1134 -1 529 2283 -1 503 -1 271 282 378 -1 2198 -1 4767 5534 6163 -1 1180 2046 -1 2329 5440 -1 3665 -1 3800 -1 1165 1710 -1 695 1146 2159 3223 3803 -1 381 -1 696 698 2006 3452 3453 -1 2093 4368 -1 809 -1 272 6066 -1 3804 -1 5589 -1 701 -1 1713 -1 705 -1 811 -1 5018 -1 1035 10955 -1 814 3697 -1 551 730 3403 -1 6 48 -1 1957 3637 -1 940 -1 147 423 -1 434 -1
8871 5 10 9653 -1 6453 -1
10088 0 2 -1
15475 12050 -1
6455 328 329 330 -1 331 -1
10865 6 26 -1 31 36 -1 10418 -1 3271 3272 -1 1955 3273 5281 9870 -1 50 204 889 -1 896 2299 3341 3350 6086 6087 -1 1084 1085 1086 10419 -1 1087 1089 1090 1091 -1 1092 -1 1093 1094 -1
15049 4815 -1 72 11249 -1
13001 1773 3151 -1 211 3507 -1 86 147 -1
20086 422 -1 915 -1
530 2 1790 -1
1661 277 293 4082 -1
669 2196 -1
18407 68 -1
20795 2 6 6225 6230 -1
23924 437 1773 -1
14505 9279 -1
766 2 -1
6499 5 2343 -1
7412 7893 -1 3321 -1 8828 -1 2 8829 -1
8254 5 -1
22053 467 469 -1 3971 12757 -1
23929 2 5 293 -1
14889 4886 -1
802 5 604 -1 2 2819 -1
23033 2873 7290 -1
8246 5 302 -1
18874 6 -1
15497 2 72 -1
11282 489 -1 5 -1
23911 898 -1
9348 61 63 3843 7878 -1 719 -1 3701 -1 6 2233 -1 147 -1
5327 688 2132 2399 -1 261 305 3248 -1 5365 6934 -1 377 378 379 2284 2943 -1 705 831 1847 5597 -1 3373 -1 557 -1 101 396 1715 -1 111 1743 -1 117 130 -1 2415 5242 -1 583 -1 814 -1 63 -1 1611 -1 4778 -1 6 -1 48 205 -1 890 7590 -1 70 3637 -1 422 -1 566 -1 567 2309 -1 568 6791 -1 5361 -1 530 -1 147 632 3955 -1 437 443 -1 5066 -1 2302 -1 2966 -1 493 869 -1
22565 10 -1 5 26 -1
3132 489 -1 229 5905 -1
11111 2 -1 72 147 -1
12562 2 -1
13838 11492 -1 2 -1
18478 2353 -1
19610 5 -1
18276 256 -1
3108 1643 2069 -1
286 445 -1
3669 5 -1 6376 -1
13529 2 -1
19757 2 -1
14464 686 862 -1 363 396 -1
16726 1066 -1
3190 5884 -1 5987 -1
8404 3180 -1 5 3491 -1 2 -1 72 -1
3045 147 -1 315 -1
5498 2 -1
14927 0 10 -1 5 3694 -1 137 -1 89 371 1131 5885 -1 2 -1 2407 -1 491 -1
24197 1120 -1 357 799 -1 763 823 -1 154 231 366 511 2376 -1 1029 8058 -1 89 240 773 2279 4506 -1 2 241 1709 8711 -1 63 204 -1 76 -1
10159 2 3566 -1
12693 1751 -1 315 -1
2082 2 -1
9682 9979 -1
1085 10 -1
6838 5 3346 -1
7266 2 8757 -1
2425 130 1148 -1 63 -1 136 -1
4946 511 -1 89 105 234 272 1862 7319 -1 1149 2092 -1
2754 4531 -1
16172 2 -1
6958 0 2 -1
20614 5 -1
13031 0 -1
18150 2 -1
1121 2 4 2175 -1
20271 865 -1 7835 -1 530 1076 2424 -1 3406 7399 -1 3236 -1 1751 -1
12248 5 6 513 527 529 1518 -1
7683 5 7893 -1
3571 437 629 -1 438 -1 785 -1 454 1022 -1 2302 -1 143 6303 -1 6014 6304 -1 2983 3144 -1 136 471 472 473 792 1010 2825 -1
17780 86 -1 134 3101 -1
21829 5 6 664 6913 -1
22144 2 -1
21885 396 -1
18329 129 1718 -1
2677 2 -1
16336 0 -1 217 -1 313 -1 5 -1 138 1591 -1 54 988 -1 2068 -1 511 -1 929 -1 2951 3139 -1 233 1708 -1 234 236 1463 -1 369 3500 -1 1131 -1 89 139 -1 141 520 521 776 -1 597 1530 -1 2992 -1 1043 -1 239 306 6371 -1 147 1036 -1
8381 3089 9374 -1
8880 5 -1
10131 10135 -1
24232 493 -1
3931 5 -1
16770 0 -1
11960 2 -1
16164 5 946 -1 1747 12580 -1
3212 868 3081 -1
2748 5 10 44 63 -1
11734 7527 -1
6262 0 -1 5 232 -1 715 -1 63 8287 -1 3812 -1 1036 2387 -1 847 -1 723 728 2368 -1 5754 -1
21364 291 -1
6754 460 632 -1
19501 7106 12424 -1 5016 -1 3234 -1 959 -1 674 -1
6554 57 227 900 -1 379 -1 396 8436 -1 101 -1 3084 -1 718 1476 2058 -1 422 -1 76 147 865 3819 -1 1001 -1
10912 671 1857 -1
4678 5 10 -1
11666 2861 -1 86 -1
11398 2 876 4573 -1
11187 76 1750 -1
12182 31 8202 -1
21950 2 -1
21902 2 246 -1 5280 14130 -1 2106 6188 9908 -1 204 1955 2800 3690 -1
16468 315 1817 12677 -1
23854 8360 -1
5535 7907 -1 2 -1
23616 5 -1
12825 1085 1095 10804 -1 1096 1977 -1 210 -1 86 8164 9306 -1 147 213 2301 -1 244 437 743 2017 -1 468 1007 2317 -1
14801 272 530 8761 -1
2864 63 -1
7038 19 7682 -1
18544 54 13269 -1
3175 5 10 2325 -1 41 3360 -1 5619 -1
21515 1006 3261 -1
21876 10 -1 3 -1
23906 7206 -1
11125 7043 -1 937 4349 -1 445 -1
4029 10 68 144 150 267 488 506 1450 2326 6009 -1 986 4017 -1 0 5 844 945 -1 20 1647 2154 -1 581 6562 -1 512 515 687 1130 2213 -1 221 2216 -1 379 -1 3657 -1 2159 -1 4029 -1 2438 -1 1470 -1 3321 -1 2 701 2012 -1 6563 6564 -1 937 2172 -1 3611 6565 -1 1558 1756 3487 -1 61 63 -1 4951 -1 1480 2455 -1 2061 4069 -1 721 -1 6 48 726 1036 2981 -1
7108 5111 -1
10087 493 3102 3887 10123 -1
19822 5 10 647 -1 346 8671 -1 2 -1
23473 3529 -1 5970 -1 63 -1 14470 -1
11720 315 -1
23869 5 253 -1 1687 4642 -1 2 48 3552 -1
7853 7672 -1
6218 76 -1
7165 1118 -1 48 445 447 8723 -1
4822 5 -1
18824 2 5 -1
10638 11 3436 -1 973 -1 1043 2992 -1 239 -1 829 1468 2291 6294 -1 147 2017 2317 -1
20407 5 10 -1 2 -1
17525 3 -1
16987 5 -1
787 634 -1 369 -1
11215 44 587 -1 6539 -1 546 1608 10542 -1 381 1146 -1
8668 2 5 -1
20353 10 -1
391 1169 -1
12284 3655 -1
22625 2 1048 -1
21137 0 2 5 -1
3634 631 -1
5621 63 -1
19809 13614 -1
16883 85 4792 6907 -1
17142 10451 -1 12857 -1
6924 0 -1
22802 5 498 -1
10847 491 4871 -1
22626 3369 4806 -1
7997 5 -1 1 -1 54 -1
10049 2 10112 -1 111 -1
20826 5 986 -1
21358 1450 -1 10 2151 -1 0 217 -1 1 5 -1 295 804 11019 -1 253 -1 909 -1 45 503 772 1033 1034 -1 378 -1 2 8280 -1 699 7038 7039 -1 7616 -1 3485 -1 8283 8284 -1 130 1173 -1
18748 11950 -1
22434 6 1939 -1 320 437 1053 -1
18179 5 -1 1 272 1454 1740 3253 3999 -1
10751 0 2 5 39 130 -1
21279 5 -1
7585 63 669 3809 8921 -1
16309 2 -1
17873 10 217 -1
20822 253 543 900 2260 4707 -1 360 -1 9143 -1 254 2154 4719 -1 909 1567 1690 -1 580 2034 -1 4725 -1 361 2263 -1 24 -1 154 1856 3142 3516 -1 2039 -1 1987 10485 -1 11 587 -1 973 5697 -1
7375 1 5793 -1
15932 2 5 10 -1 5541 -1
12476 0 -1
1805 68 -1 0 -1
791 1140 -1
3987 2 -1
18055 2 5 -1
21248 445 2888 -1
23417 0 -1
11677 1197 -1
21719 10 -1
3290 433 1140 -1
8787 9621 -1
20213 6 5766 -1
8194 1493 -1 442 445 451 9277 -1 452 -1 454 785 3410 3411 -1 743 3412 7467 -1 455 456 1001 8907 -1 1483 2429 8516 9065 -1 463 464 -1
19294 3552 -1
20810 2 447 -1
20593 566 567 836 4781 13843 -1
8441 2355 5939 -1 63 -1 311 3404 5525 -1 463 1140 -1 572 -1
6734 6 8517 -1
12047 5 147 -1
12731 2 293 5784 -1
11749 6 45 -1 10748 -1 86 -1 4237 -1 76 977 2142 3048 5999 10749 -1
21043 0 -1 369 -1 13942 -1
1303 3691 3692 -1 280 3693 -1 113 1506 -1 3415 -1
2267 10 -1 5 -1
13145 0 -1
2003 995 3389 -1 780 4676 -1 4677 -1 536 -1 142 -1 1988 3120 4678 -1 237 1468 2397 -1 688 -1 694 -1 1715 -1
6023 1558 -1
22037 437 2136 -1
13589 141 -1 42 57 587 597 3120 3627 4515 -1
17402 584 -1
18692 5 315 649 -1
743 2 -1
21306 63 -1
19535 676 -1 2184 -1
17201 7787 -1 2 -1
18956 10 217 -1 5 3679 -1 554 -1 306 771 -1
4185 0 -1
6184 82 -1
21711 3668 5084 -1
23985 5 -1 151 -1
11703 401 -1
9132 2084 -1 39 659 -1 664 -1 5 -1 302 1042 9749 9750 9751 -1 587 -1
2947 5 -1 2 423 5439 5810 5811 5812 5813 -1
15168 2 5 7236 -1
835 736 -1 147 -1 677 2144 -1
4590 787 869 6884 -1 738 2065 2331 2332 3128 3956 6885 -1 2285 -1 836 837 -1 677 1169 2066 4613 4782 -1
12295 445 -1
21398 921 -1 5 -1
6393 315 4052 8334 -1
10458 10 -1 3 -1 0 5 217 -1 138 4058 10300 -1 3943 -1 253 -1 220 1684 -1 1513 -1 746 -1 254 909 1567 -1 1690 2033 -1 2179 -1 24 1692 -1 2376 3516 -1 511 767 -1 230 -1 4059 -1 231 -1 2266 -1 157 366 2951 3118 -1 234 1862 1864 -1
24439 6 -1
6783 0 1636 -1 2 -1
7714 268 -1 0 10 26 3356 -1 5 1143 3390 6711 -1 2 240 260 8983 -1 557 583 -1 63 76 422 4583 5478 -1
23145 666 -1
12972 10 -1 3 5 -1
22546 217 -1 5 -1 6 915 -1
16769 2 147 2411 6503 -1
24563 5 -1
16792 666 -1
7792 524 -1 2 -1
2683 5 -1
20623 643 -1 63 -1 5974 -1 191 980 1771 3920 -1 6 -1 2848 -1 84 204 3249 -1 4791 -1 275 2884 4792 11997 -1 4236 -1 85 896 -1 878 -1 11739 -1 70 -1 998 -1
14866 2 -1
8902 6 980 -1 204 9661 -1 135 -1 460 -1
2290 54 5157 -1
11219 38 -1 10 -1
4105 498 6615 -1
13005 2 -1
23864 69 -1 290 -1 5 14549 -1 302 9417 -1
11110 446 -1 3380 -1 498 -1
6386 3702 8330 -1
10631 3 -1
23781 5092 -1 0 -1 2 4768 -1
20719 2 377 -1
3423 2 -1
3555 5261 6275 -1 63 643 1071 6276 6277 -1 5752 -1
19770 268 -1 0 5 10 39 160 1747 -1 2 -1
22138 2 3516 -1
22338 14237 -1
17953 26 -1
18123 2231 -1
13175 10 -1 5 -1 8285 -1
3533 6254 -1 3909 -1
3228 442 -1
6049 5 3346 -1
23949 293 -1
20949 229 -1 2 -1
22250 5 10 55 -1 2041 -1 517 -1 536 14205 -1
2041 616 -1 5 214 -1
23285 2291 -1 2132 -1 503 -1 45 378 -1 3799 -1 3229 5537 7527 8265 -1 46 -1 2 807 4778 -1 3404 -1 530 2253 3160 -1 147 -1
23766 4312 13687 -1
3483 1516 2271 -1 881 -1 526 536 1517 1518 2282 -1 529 884 2283 -1 147 915 1723 -1 265 -1
5690 971 -1 2978 -1
23870 5 39 -1
11156 10 -1
7096 8676 -1
24384 100 396 666 4044 -1
9052 5 -1
8724 2 5 137 293 4168 9593 -1
3934 0 5 1743 -1
6905 2 -1
21246 5633 -1 13 94 101 106 709 830 2297 5385 -1 1659 -1 851 -1 3809 5388 -1 643 3757 -1
21516 5 14062 -1
12499 2 151 -1
22963 134 -1
15063 82 -1
10278 4441 -1
23866 1489 -1 26 992 -1
24416 5 -1
24177 0 10 68 -1 5 -1
20627 48 -1 13850 -1
8306 137 -1 293 -1 2 85 661 -1 135 -1
13395 1 -1 3277 -1
11863 72 -1
11860 5 -1 2 513 -1 2847 -1
19956 489 10666 -1
20616 2 -1
6921 10 1176 1523 -1 1636 -1 0 2084 -1 39 657 -1 313 -1 5 -1 1887 -1 214 1800 -1 352 -1
8478 381 6157 -1 2 -1
14393 5 1468 -1 293 -1 1048 -1 264 -1 48 2881 11670 -1 1818 2884 3348 -1 275 -1 7548 -1 4975 -1
14067 290 -1 0 63 -1
18105 444 -1
7592 6395 -1 2 -1 13 -1 2907 -1 119 2920 -1 125 -1 447 -1
24621 2 5 10 11966 -1
484 539 1645 -1 1122 1535 1646 1647 -1 746 -1 228 362 363 -1 24 581 -1 154 229 1648 -1 1649 -1 155 257 687 1650 -1
21646 26 -1 2 -1 2372 -1
997 5 -1
20437 31 -1
13801 76 -1
15175 584 -1
16503 5 12685 -1 2 -1
8067 5829 -1
2648 10 5314 -1
6509 836 -1
6933 2364 -1
16092 2867 -1 320 1528 -1
13467 54 -1
21790 217 -1
19674 275 -1
16755 2 -1
15697 8158 -1 85 -1 86 6168 -1 87 1156 3424 8780 -1 5348 -1 8781 12440 -1 213 8498 12441 -1
20789 141 -1 13884 -1 82 4628 -1
15930 134 -1 76 -1 661 -1 135 -1 437 469 926 -1
22484 2 -1
6775 125 130 -1
17603 5 -1
17763 5 -1 135 377 5831 -1
12366 147 495 8496 -1
15293 2 147 437 809 1481 3404 4788 -1
4631 87 4661 -1 1139 -1
2283 2 5155 -1
5839 8070 -1 2 -1
7906 926 -1
6331 270 -1 8316 -1 2 -1 3278 -1
4702 6951 6968 -1
18249 1580 -1
5771 2 10 -1
13907 11515 -1
11266 728 -1
10040 2 -1
12391 10 -1
6042 5 10 -1
13960 3 -1
22939 10104 -1
5442 2 -1 533 -1
11656 3835 -1
23398 2272 -1
1449 23 135 3862 -1
16053 217 -1 5 363 -1 229 -1 232 2041 -1
3612 2 -1
9422 9889 -1 147 632 -1 437 -1
21422 5 -1
20557 2 -1
9169 2297 -1 583 2058 4047 -1 63 135 445 451 454 2092 8907 9786 -1
8042 24 503 581 -1 5494 -1
15880 6 -1
19116 0 10 26 -1 5 6588 -1 77 2957 3796 4805 -1 302 -1 1708 -1 234 235 -1 1144 -1 587 -1 261 3452 -1 3649 8265 -1 3122 5056 -1 3227 3453 -1 698 807 3369 5406 -1 2 82 272 6671 11893 13438 -1 2171 -1 814 1474 -1 6 -1 2881 -1 3349 6375 8818 10854 13439 -1 1818 3616 -1 275 -1 6084 6085 -1 6923 -1 13440 -1 13441 -1 1819 3667 4975 6259 -1 9981 -1 5085 -1 401 -1 896 -1 86 13442 -1 5578 10295 -1 87 982 -1 572 3824 -1 472 3415 -1
10084 2 5 -1
8458 6 264 1946 -1 5942 -1
13463 217 3491 -1
3408 2 -1 6 -1
16240 0 5 20 2176 12607 -1
15098 3296 -1 147 1565 -1
18939 54 8497 -1
15164 876 1955 3936 -1 1010 -1
3630 10 -1
14197 0 2 63 -1
5774 5 -1
12796 10 -1 26 1056 -1 5 -1 2 -1 6 -1 210 -1 2312 -1 86 -1
23968 5 -1 992 -1
21737 5 217 353 665 1837 1905 -1
13627 2 3 -1
6664 1544 8484 -1
16296 1565 5408 -1 5717 -1
3577 0 746 -1
3225 884 -1
21650 2 147 241 2180 3501 -1 786 -1
22252 63 4977 14207 -1
13231 5 -1
11389 272 -1 2 -1
24738 6 -1 9974 -1
18620 2 293 5360 13293 -1
23603 2302 -1 493 869 14500 -1 2331 -1 3823 -1 143 3956 6715 -1 1484 -1
15939 7556 -1 147 -1
8650 3959 -1
24426 289 2162 -1
1595 2 -1
22809 489 -1 4 5 -1
11620 5 -1
422 505 -1 10 -1 1529 -1 5 -1 774 1530 1531 -1 736 -1 1001 -1
14578 147 -1
10681 669 -1
10100 2 -1
18360 1647 -1 24 154 254 687 -1 825 -1 771 1651 4448 4736 -1 2054 3636 13223 13224 -1 147 4598 5905 -1
13068 10 -1
4839 3 -1 2 5 7269 -1
18060 0 -1
2409 10 268 1433 -1
3535 5 -1
13750 2 -1 869 -1
4694 6961 -1
2904 2 5 -1
15464 26 -1 0 -1 5 -1 353 -1
22514 14271 -1
21321 2 -1
1073 3431 -1
21720 2 5706 -1
4680 6 -1
3568 63 422 3530 5111 -1
1803 6 1028 -1
18884 6 -1 76 133 896 3209 6646 -1 315 -1
1248 157 254 2034 -1 6 3636 -1 86 211 878 -1 3637 -1 70 -1 134 -1
17460 973 -1 12478 -1 6 -1 147 422 -1
20927 36 -1 2233 -1
18539 0 5 10 230 -1
8769 2 -1
12104 834 973 4883 10875 -1
3969 2332 4373 -1 676 870 -1
7354 737 4628 8790 -1
19010 144 -1 3 -1 5 -1 2 6 204 277 -1
8031 4 5 -1 277 -1
23139 2 -1
10897 481 495 3128 -1
17538 6 -1 401 1788 12972 -1 7295 -1
3885 0 -1
14963 2380 -1 86 147 211 586 2860 3507 7366 7996 10049 -1 445 -1 466 -1
12928 3436 -1
6938 2398 -1
17071 2 -1
6474 315 4077 6994 -1
12056 10 -1
10679 6 264 -1 3275 -1 1955 -1 204 4330 -1 86 3590 -1 4661 6858 -1 87 -1 2301 -1 213 -1 1528 -1 134 320 -1 491 -1
17670 0 2 933 -1
2312 5 10 -1
18597 2 -1 422 -1
18741 915 3822 3959 -1
24598 5 -1 2 8703 -1
12077 5 820 -1 135 434 661 -1
23233 82 293 -1 2 12865 -1 6 -1 84 -1 85 14432 -1
24671 503 2136 -1 378 -1 2212 -1 690 2049 3217 3799 4039 9162 -1 806 -1 698 3453 -1 2191 -1 809 2093 3369 3594 6265 -1 3373 -1 557 -1 814 3375 4965 -1 833 -1
22822 2 5 -1
23942 10447 -1 135 -1 1815 -1
12184 0 5 10 39 245 505 -1 8 3384 -1 6297 10899 -1 1533 1753 1838 6759 -1
16015 150 -1 10 26 217 -1 5 860 1861 -1 54 510 544 555 988 1538 2025 -1 1837 -1 1643 -1 356 844 3196 -1 761 -1 20 538 799 -1 687 1647 -1 232 367 1463 -1 1651 -1 141 521 780 -1 44 522 3120 4678 -1 587 2135 -1 45 5533 -1 378 2212 -1 2213 5653 -1 221 -1 158 2047 2198 2216 3657 -1 698 5536 -1 82 272 -1 2 -1 864 979 6705 -1
1399 2 5 -1
18375 3 -1
11644 447 -1
5966 26 -1 5 217 945 8127 -1 5814 8128 -1 4440 4690 5101 8129 8130 -1 219 1459 2069 2257 -1 360 -1 1682 -1 1647 -1 6562 -1 2047 -1 203 -1 933 -1 6 8131 8132 -1 4790 8133 8134 8135 8136 8137 -1 5395 -1 8138 -1 8139 -1 8140 8141 -1 208 6514 -1 878 1774 4412 -1
14869 1 5 -1
23459 3 -1 3763 -1 3089 -1
2676 2212 -1
16992 445 -1
981 2 3210 -1 6 -1
1076 1 3434 -1 349 2288 -1 989 990 -1 1457 -1
7525 2 5 -1 6 -1
24653 134 -1 135 -1 434 -1 437 460 -1 738 -1
7785 10 3588 -1 5 54 217 9000 -1 2 3184 -1
13954 507 -1 10 -1 1038 -1 5 137 630 -1
13396 5 -1
13944 2 -1
22525 2 217 -1
20902 4912 7863 -1 4914 -1 4915 -1 9534 -1 2184 -1
18238 6343 -1
23738 583 6499 -1 643 -1 437 -1
23787 10 39 -1 5 -1
6823 2341 -1
3347 38 -1 245 506 -1 1062 2152 3782 -1 10 6116 -1 26 217 290 -1
4483 0 3 26 -1 2 5 -1
5542 76 2121 -1
8339 5 293 2837 -1
2927 63 -1
23304 5 268 14448 -1 1057 -1 9475 -1
11654 8534 10711 -1
16571 3 -1
3344 2 -1
9161 2139 -1
16582 5 6 445 -1
14327 1837 -1
11036 10 -1 5 879 -1
17133 3513 -1 353 -1 356 746 -1 2034 -1 154 229 765 -1 230 -1 155 231 687 -1 258 2041 -1 157 -1 368 1863 -1 236 -1 517 -1 770 -1 2953 -1 2123 2279 -1 3676 -1 1465 -1 370 -1 139 371 -1 521 1755 -1 776 969 -1 280 2992 -1 1043 -1 5339 -1 304 -1 305 2104 -1 693 -1 3140 -1 3803 5233 -1
6018 3 217 -1 5 -1 589 -1 2 700 -1 3231 6766 6767 -1 3805 -1 3611 -1 1072 -1 7543 -1
1804 0 1 5 656 1742 -1
238 135 -1
9778 10 -1
16074 217 -1 1 5 -1
17026 2 26 10740 -1
363 217 -1 2 5 -1
9798 3537 -1 265 2825 3103 -1
17457 2 -1
6836 10 -1 26 -1 5 -1
24573 5 10 -1 490 1809 -1 1018 -1
24544 137 -1
11372 538 589 -1 48 1653 3925 7273 -1
11711 10 -1 5 55 217 343 2011 3359 -1 799 1684 1685 1686 3386 -1 254 -1 24 1463 -1 280 -1 2 129 3321 -1 147 460 469 562 3637 -1
7939 147 -1
23017 157 2055 -1 2 291 491 9013 9181 12848 -1
12655 2 -1
17419 2 -1
4276 219 -1 6702 -1
19379 135 147 1100 -1 442 743 -1 72 1483 -1
24541 3622 -1
23291 2205 -1 150 -1
24137 5 10 4425 -1
16177 2144 -1
20041 401 -1 13687 -1
6983 8638 -1
21049 1 -1 293 -1
8236 313 -1 5 9296 -1 63 -1
21418 11613 -1 2250 -1
19402 1 -1 2 -1
4020 2 5 -1
378 0 -1 5 -1
17620 13002 -1
11165 26 -1
22585 14284 -1
12219 1143 -1
23867 1772 -1
6680 10 -1
12497 5339 -1
19311 5 -1 2 3296 -1
19124 5835 -1
10739 10378 -1
22904 147 -1
4502 6805 -1
18092 3382 -1
13581 245 -1 10 -1 1179 -1 5 -1 76 1691 -1
6032 268 -1 10 -1 5 -1
24494 2312 -1
6912 363 1685 2041 -1
4166 2 2877 -1
23706 2 54 -1 14517 -1
16450 10 -1 0 -1 39 217 -1
23059 5 268 -1
14183 672 673 3207 4400 5841 9094 -1
682 2219 -1 2220 -1 277 397 -1 6 2221 -1
19916 2 54 -1
11679 829 5233 -1 807 -1 698 709 809 -1 76 -1 147 -1 434 -1 437 442 785 -1 460 4640 -1 2331 -1 2065 -1 3956 -1 467 3958 4679 -1 470 -1 1007 -1 3415 -1 676 -1 1815 6892 -1
18151 3 -1
7521 6 1088 -1 7581 -1 3552 -1 320 -1
7436 5 10 217 -1 24 137 631 684 1753 -1 157 232 367 -1 89 -1 377 2402 6494 8840 -1 147 423 3987 -1 495 -1
4121 6625 -1
749 147 2356 -1
21129 86 210 1977 2312 -1
19531 55 -1 2 6 2159 13549 -1 786 -1
5390 147 -1
18834 437 13341 -1
19741 484 -1
9397 2008 -1 3355 -1
11556 0 1016 2006 -1
16084 48 4470 -1
5530 5 -1 214 -1
552 831 1847 -1 422 -1
15257 54 -1
17726 471 -1 2825 -1 1010 -1
23837 54 -1
4299 114 147 352 841 -1
4046 4544 -1
7379 2 5 -1 6 1833 -1
13470 1541 -1 539 -1 72 -1
4935 54 6773 -1
17362 5 -1
1893 90 4548 -1
16476 12680 -1
11820 2 -1
8522 54 -1
3529 421 -1
22184 1817 -1
18571 1 2 137 -1 4879 -1
3131 615 -1 5 -1
1825 3 -1 54 231 -1
17845 12850 -1
8058 72 -1
12788 785 884 5754 -1
21116 5 -1
14382 2 70 -1
17195 10 2314 -1 2 -1
10199 6309 -1 39 -1 664 -1
3063 5 -1 1 -1
7303 1596 -1
8068 274 -1
8847 2 -1
15338 2818 6166 -1
11984 5 602 -1
193 2 -1
15584 3209 -1 133 -1
24833 14777 -1 2 -1
10345 72 -1
5307 217 -1
16353 10 -1
21572 10 -1 0 -1 2 5 137 824 1051 1167 3392 -1
